-2.0	 50.5	 0.000	 0.000
-0.3	 50.5	 0.000	 0.000
1.5	 50.5	 -0.035	 -1.565
3.3	 50.5	 -0.071	 0.059
5.2	 50.5	 -0.118	 0.024
6.9	 50.5	 -0.153	 0.153
8.8	 50.5	 -0.271	 0.188
10.7	 50.5	 -0.224	 0.212
12.4	 50.5	 -0.259	 0.341
14.2	 50.5	 -0.224	 0.294
16.1	 50.5	 -0.141	 0.365
17.9	 50.5	 -0.165	 0.294
19.6	 50.5	 -0.094	 0.377
21.4	 50.5	 -0.094	 0.329
23.3	 50.5	 -0.118	 0.471
25.1	 50.5	 -0.059	 0.165
26.9	 50.5	 0.024	 0.353
28.6	 50.5	 -0.106	 0.482
30.5	 50.5	 -0.082	 0.494
32.3	 50.5	 -0.129	 0.553
34.1	 50.5	 -0.165	 0.588
36.0	 50.5	 -0.165	 0.824
37.8	 50.5	 0.000	 0.000
39.5	 50.5	 0.000	 0.000
41.4	 50.5	 0.000	 0.000
43.1	 50.5	 0.000	 0.000
45.0	 50.5	 0.000	 0.000
46.8	 50.5	 0.000	 0.000
48.5	 50.5	 0.000	 0.000
50.4	 50.5	 0.071	 0.718
52.1	 50.5	 -0.165	 0.059
54.0	 50.5	 0.035	 0.282
55.8	 50.5	 -0.035	 0.165
57.5	 50.5	 -0.071	 0.682
59.5	 50.5	 -0.071	 0.529
61.3	 50.5	 -0.012	 0.224
63.0	 50.5	 -0.094	 0.176
64.8	 50.5	 0.118	 0.282
66.7	 50.5	 -0.424	 0.153
68.5	 50.5	 0.000	 0.000
70.3	 50.5	 0.000	 0.000
-2.0	 52.3	 0.000	 0.000
-0.3	 52.3	 0.000	 0.000
1.5	 52.3	 0.000	 0.000
3.3	 52.3	 -0.235	 0.094
5.2	 52.3	 -0.141	 0.082
6.9	 52.3	 -0.035	 0.082
8.8	 52.3	 -0.141	 0.224
10.7	 52.3	 -0.341	 0.271
12.4	 52.3	 -0.235	 0.235
14.2	 52.3	 -0.294	 0.294
16.1	 52.3	 -0.200	 0.518
17.9	 52.3	 -0.282	 0.306
19.6	 52.3	 -0.129	 0.435
21.4	 52.3	 -0.106	 0.435
23.3	 52.3	 -0.082	 0.377
25.1	 52.3	 -0.082	 0.224
26.9	 52.3	 -0.082	 0.282
28.6	 52.3	 -0.118	 0.424
30.5	 52.3	 -0.118	 0.400
32.3	 52.3	 -0.082	 0.506
34.1	 52.3	 -0.106	 0.600
36.0	 52.3	 -0.141	 0.729
37.8	 52.3	 -0.141	 0.777
39.5	 52.3	 0.000	 0.000
41.4	 52.3	 0.000	 0.000
43.1	 52.3	 0.000	 0.000
45.0	 52.3	 0.000	 0.000
46.8	 52.3	 0.000	 0.000
48.5	 52.3	 -0.082	 0.859
50.4	 52.3	 0.165	 0.765
52.1	 52.3	 -0.071	 0.718
54.0	 52.3	 -0.106	 0.765
55.8	 52.3	 -0.047	 0.447
57.5	 52.3	 -0.024	 0.435
59.5	 52.3	 0.000	 0.494
61.3	 52.3	 0.071	 0.435
63.0	 52.3	 -0.047	 0.424
64.8	 52.3	 -0.082	 0.353
66.7	 52.3	 -0.200	 0.506
68.5	 52.3	 0.000	 0.000
70.3	 52.3	 0.000	 0.000
-2.0	 54.1	 0.000	 0.000
-0.3	 54.1	 0.000	 0.000
1.5	 54.1	 0.000	 0.000
3.3	 54.1	 0.024	 0.071
5.2	 54.1	 -0.012	 0.035
6.9	 54.1	 -0.153	 0.188
8.8	 54.1	 -0.212	 0.176
10.7	 54.1	 -0.294	 0.094
12.4	 54.1	 -0.165	 0.118
14.2	 54.1	 -0.141	 0.153
16.1	 54.1	 -0.141	 0.282
17.9	 54.1	 -0.071	 0.435
19.6	 54.1	 -0.024	 0.635
21.4	 54.1	 -0.118	 0.482
23.3	 54.1	 -0.035	 0.553
25.1	 54.1	 -0.106	 0.318
26.9	 54.1	 -0.165	 0.494
28.6	 54.1	 -0.141	 0.424
30.5	 54.1	 0.024	 0.294
32.3	 54.1	 -0.082	 0.306
34.1	 54.1	 -0.024	 0.471
36.0	 54.1	 -0.035	 0.447
37.8	 54.1	 -0.224	 0.588
39.5	 54.1	 0.000	 0.000
41.4	 54.1	 0.000	 0.000
43.1	 54.1	 0.000	 0.000
45.0	 54.1	 0.000	 0.000
46.8	 54.1	 0.000	 0.000
48.5	 54.1	 0.000	 0.000
50.4	 54.1	 -0.118	 0.847
52.1	 54.1	 -0.024	 0.894
54.0	 54.1	 0.094	 0.930
55.8	 54.1	 0.059	 0.494
57.5	 54.1	 0.082	 0.635
59.5	 54.1	 -0.071	 0.447
61.3	 54.1	 -0.047	 0.306
63.0	 54.1	 0.012	 0.259
64.8	 54.1	 0.000	 0.306
66.7	 54.1	 -0.447	 0.212
68.5	 54.1	 0.000	 0.000
70.3	 54.1	 0.000	 0.000
-2.0	 55.9	 0.000	 0.000
-0.3	 55.9	 0.000	 0.000
1.5	 55.9	 0.000	 0.000
3.3	 55.9	 -0.106	 0.176
5.2	 55.9	 -0.141	 0.271
6.9	 55.9	 -0.165	 0.141
8.8	 55.9	 -0.235	 0.071
10.7	 55.9	 -0.188	 0.082
12.4	 55.9	 -0.176	 0.141
14.2	 55.9	 -0.271	 0.247
16.1	 55.9	 -0.094	 0.259
17.9	 55.9	 -0.706	 0.388
19.6	 55.9	 -0.035	 0.600
21.4	 55.9	 -0.118	 0.459
23.3	 55.9	 -0.094	 0.565
25.1	 55.9	 -0.165	 0.447
26.9	 55.9	 -0.047	 0.529
28.6	 55.9	 -0.118	 0.529
30.5	 55.9	 -0.176	 0.318
32.3	 55.9	 -0.047	 0.424
34.1	 55.9	 -0.047	 0.482
36.0	 55.9	 -0.141	 0.553
37.8	 55.9	 -0.071	 0.565
39.5	 55.9	 -0.224	 0.682
41.4	 55.9	 0.000	 0.000
43.1	 55.9	 0.000	 0.000
45.0	 55.9	 0.000	 0.000
46.8	 55.9	 0.000	 0.000
48.5	 55.9	 0.000	 0.000
50.4	 55.9	 0.388	 0.518
52.1	 55.9	 -0.024	 0.824
54.0	 55.9	 0.129	 0.635
55.8	 55.9	 0.118	 0.541
57.5	 55.9	 0.106	 0.824
59.5	 55.9	 0.329	 0.965
61.3	 55.9	 0.024	 0.529
63.0	 55.9	 -0.047	 0.365
64.8	 55.9	 -0.141	 0.435
66.7	 55.9	 -0.024	 0.518
68.5	 55.9	 0.000	 0.000
70.3	 55.9	 0.000	 0.000
-2.0	 57.7	 0.000	 0.000
-0.3	 57.7	 0.000	 0.000
1.5	 57.7	 0.000	 0.000
3.3	 57.7	 -0.153	 0.071
5.2	 57.7	 -0.047	 0.118
6.9	 57.7	 -0.212	 0.200
8.8	 57.7	 -0.106	 0.435
10.7	 57.7	 -0.188	 0.400
12.4	 57.7	 -0.047	 0.282
14.2	 57.7	 -0.306	 0.365
16.1	 57.7	 -0.082	 0.365
17.9	 57.7	 -0.059	 0.671
19.6	 57.7	 -0.129	 0.482
21.4	 57.7	 0.024	 0.306
23.3	 57.7	 -0.059	 0.318
25.1	 57.7	 -0.035	 0.718
26.9	 57.7	 0.059	 0.612
28.6	 57.7	 0.012	 0.447
30.5	 57.7	 -0.141	 0.494
32.3	 57.7	 -0.153	 0.200
34.1	 57.7	 -0.059	 0.341
36.0	 57.7	 -0.082	 0.588
37.8	 57.7	 -0.188	 0.071
39.5	 57.7	 -0.424	 0.012
41.4	 57.7	 0.000	 0.000
43.1	 57.7	 0.000	 0.000
45.0	 57.7	 0.000	 0.000
46.8	 57.7	 0.000	 0.000
48.5	 57.7	 0.000	 0.000
50.4	 57.7	 0.000	 0.000
52.1	 57.7	 0.282	 0.953
54.0	 57.7	 0.165	 0.659
55.8	 57.7	 0.118	 0.788
57.5	 57.7	 0.035	 0.753
59.5	 57.7	 -0.024	 0.800
61.3	 57.7	 -0.094	 0.365
63.0	 57.7	 -0.118	 0.435
64.8	 57.7	 -0.129	 0.435
66.7	 57.7	 -0.094	 0.388
68.5	 57.7	 0.000	 0.000
70.3	 57.7	 0.000	 0.000
-2.0	 59.5	 0.000	 0.000
-0.3	 59.5	 0.000	 0.000
1.5	 59.5	 0.000	 0.000
3.3	 59.5	 -0.482	 0.141
5.2	 59.5	 -0.035	 0.094
6.9	 59.5	 -0.106	 0.259
8.8	 59.5	 -0.141	 0.318
10.7	 59.5	 -0.094	 0.165
12.4	 59.5	 -0.118	 0.294
14.2	 59.5	 0.012	 0.306
16.1	 59.5	 -0.082	 0.247
17.9	 59.5	 -0.153	 0.424
19.6	 59.5	 -0.118	 0.459
21.4	 59.5	 -0.129	 0.588
23.3	 59.5	 -0.059	 0.635
25.1	 59.5	 -0.012	 0.706
26.9	 59.5	 -0.224	 0.565
28.6	 59.5	 0.000	 0.494
30.5	 59.5	 -0.059	 0.318
32.3	 59.5	 0.047	 0.447
34.1	 59.5	 -0.118	 0.577
36.0	 59.5	 -0.165	 0.459
37.8	 59.5	 -0.188	 0.424
39.5	 59.5	 -0.294	 0.635
41.4	 59.5	 0.000	 0.000
43.1	 59.5	 0.000	 0.000
45.0	 59.5	 0.000	 0.000
46.8	 59.5	 0.000	 0.000
48.5	 59.5	 0.000	 0.000
50.4	 59.5	 0.094	 0.988
52.1	 59.5	 0.129	 0.847
54.0	 59.5	 0.035	 0.682
55.8	 59.5	 0.000	 0.659
57.5	 59.5	 -0.059	 0.600
59.5	 59.5	 0.024	 0.600
61.3	 59.5	 0.176	 0.329
63.0	 59.5	 -0.071	 0.553
64.8	 59.5	 -0.082	 0.247
66.7	 59.5	 -0.235	 0.200
68.5	 59.5	 0.000	 0.000
70.3	 59.5	 0.000	 0.000
-2.0	 61.3	 0.000	 0.000
-0.3	 61.3	 0.000	 0.000
1.5	 61.3	 -0.047	 -2.965
3.3	 61.3	 -0.318	 0.059
5.2	 61.3	 -0.059	 0.082
6.9	 61.3	 -0.153	 0.129
8.8	 61.3	 0.000	 0.000
10.7	 61.3	 -0.141	 0.282
12.4	 61.3	 -0.082	 0.400
14.2	 61.3	 -0.306	 0.577
16.1	 61.3	 -0.035	 0.529
17.9	 61.3	 -0.024	 0.459
19.6	 61.3	 0.012	 0.553
21.4	 61.3	 -0.035	 0.553
23.3	 61.3	 0.024	 0.718
25.1	 61.3	 -0.082	 0.729
26.9	 61.3	 -0.141	 0.412
28.6	 61.3	 -0.141	 0.494
30.5	 61.3	 0.000	 0.529
32.3	 61.3	 -0.200	 0.612
34.1	 61.3	 -0.141	 0.506
36.0	 61.3	 -0.129	 0.494
37.8	 61.3	 -0.165	 0.447
39.5	 61.3	 -0.482	 0.035
41.4	 61.3	 0.000	 0.000
43.1	 61.3	 0.000	 0.000
45.0	 61.3	 0.000	 0.000
46.8	 61.3	 0.000	 0.000
48.5	 61.3	 0.000	 0.000
50.4	 61.3	 0.129	 0.882
52.1	 61.3	 0.035	 0.788
54.0	 61.3	 -0.082	 0.706
55.8	 61.3	 -0.059	 0.729
57.5	 61.3	 -0.094	 0.494
59.5	 61.3	 -0.012	 0.871
61.3	 61.3	 0.094	 0.694
63.0	 61.3	 0.082	 0.377
64.8	 61.3	 -0.106	 0.553
66.7	 61.3	 -0.082	 0.329
68.5	 61.3	 0.000	 0.000
70.3	 61.3	 0.000	 0.000
-2.0	 63.2	 0.000	 0.000
-0.3	 63.2	 0.000	 0.000
1.5	 63.2	 0.000	 0.000
3.3	 63.2	 0.000	 0.000
5.2	 63.2	 0.000	 0.000
6.9	 63.2	 -0.153	 0.094
8.8	 63.2	 0.000	 0.129
10.7	 63.2	 -0.082	 0.282
12.4	 63.2	 -0.235	 0.282
14.2	 63.2	 -0.071	 0.565
16.1	 63.2	 0.165	 0.459
17.9	 63.2	 0.000	 0.541
19.6	 63.2	 0.047	 0.541
21.4	 63.2	 0.024	 0.777
23.3	 63.2	 -0.129	 0.541
25.1	 63.2	 -0.024	 0.518
26.9	 63.2	 -0.094	 0.294
28.6	 63.2	 -0.106	 0.400
30.5	 63.2	 -0.141	 0.377
32.3	 63.2	 -0.141	 0.600
34.1	 63.2	 -0.118	 0.529
36.0	 63.2	 -0.118	 0.518
37.8	 63.2	 -0.259	 0.200
39.5	 63.2	 -0.188	 0.529
41.4	 63.2	 0.482	 0.777
43.1	 63.2	 -0.141	 1.000
45.0	 63.2	 -0.047	 1.012
46.8	 63.2	 0.259	 0.859
48.5	 63.2	 0.000	 0.000
50.4	 63.2	 -0.012	 0.671
52.1	 63.2	 0.012	 0.588
54.0	 63.2	 -0.294	 0.847
55.8	 63.2	 0.035	 0.329
57.5	 63.2	 -0.024	 0.659
59.5	 63.2	 -0.024	 0.729
61.3	 63.2	 -0.024	 0.600
63.0	 63.2	 0.129	 0.541
64.8	 63.2	 0.024	 0.412
66.7	 63.2	 -0.129	 0.529
68.5	 63.2	 0.000	 0.000
70.3	 63.2	 0.000	 0.000
-2.0	 65.0	 0.000	 0.000
-0.3	 65.0	 0.000	 0.000
1.5	 65.0	 0.000	 0.000
3.3	 65.0	 -0.129	 0.118
5.2	 65.0	 -0.224	 0.176
6.9	 65.0	 -0.153	 0.094
8.8	 65.0	 -0.047	 0.153
10.7	 65.0	 0.000	 0.306
12.4	 65.0	 -0.282	 0.482
14.2	 65.0	 -0.094	 0.659
16.1	 65.0	 0.071	 0.565
17.9	 65.0	 0.106	 0.553
19.6	 65.0	 -0.012	 0.753
21.4	 65.0	 0.000	 0.365
23.3	 65.0	 -0.118	 0.565
25.1	 65.0	 -0.106	 0.624
26.9	 65.0	 -0.200	 0.565
28.6	 65.0	 0.024	 0.353
30.5	 65.0	 -0.035	 0.400
32.3	 65.0	 -0.106	 0.435
34.1	 65.0	 -0.118	 0.565
36.0	 65.0	 -0.059	 0.647
37.8	 65.0	 -0.071	 0.588
39.5	 65.0	 -0.035	 0.671
41.4	 65.0	 -0.129	 0.424
43.1	 65.0	 0.294	 0.741
45.0	 65.0	 -0.094	 0.953
46.8	 65.0	 -0.200	 0.671
48.5	 65.0	 0.000	 0.000
50.4	 65.0	 0.565	 0.082
52.1	 65.0	 -0.071	 0.800
54.0	 65.0	 0.071	 0.847
55.8	 65.0	 0.094	 0.729
57.5	 65.0	 0.106	 0.718
59.5	 65.0	 0.106	 0.835
61.3	 65.0	 0.000	 0.741
63.0	 65.0	 0.106	 0.541
64.8	 65.0	 0.000	 0.353
66.7	 65.0	 0.047	 0.294
68.5	 65.0	 0.047	 0.859
70.3	 65.0	 0.000	 0.000
-2.0	 66.8	 0.000	 0.000
-0.3	 66.8	 0.000	 0.000
1.5	 66.8	 0.000	 0.000
3.3	 66.8	 -0.529	 1.330
5.2	 66.8	 -0.141	 0.459
6.9	 66.8	 -0.094	 0.235
8.8	 66.8	 -0.094	 0.282
10.7	 66.8	 -0.165	 0.306
12.4	 66.8	 -0.176	 0.435
14.2	 66.8	 -0.071	 0.647
16.1	 66.8	 -0.024	 0.424
17.9	 66.8	 0.118	 0.659
19.6	 66.8	 -0.059	 0.635
21.4	 66.8	 -0.024	 0.494
23.3	 66.8	 -0.071	 0.612
25.1	 66.8	 0.094	 0.706
26.9	 66.8	 -0.071	 0.741
28.6	 66.8	 0.012	 0.624
30.5	 66.8	 -0.059	 0.506
32.3	 66.8	 -0.224	 0.329
34.1	 66.8	 0.094	 0.353
36.0	 66.8	 -0.024	 0.377
37.8	 66.8	 -0.082	 0.529
39.5	 66.8	 -0.165	 0.553
41.4	 66.8	 0.106	 0.659
43.1	 66.8	 0.165	 0.812
45.0	 66.8	 0.129	 0.847
46.8	 66.8	 0.094	 0.729
48.5	 66.8	 -0.141	 1.059
50.4	 66.8	 0.141	 0.694
52.1	 66.8	 0.047	 0.659
54.0	 66.8	 0.094	 0.871
55.8	 66.8	 0.000	 0.541
57.5	 66.8	 -0.059	 0.788
59.5	 66.8	 0.012	 0.729
61.3	 66.8	 0.106	 0.459
63.0	 66.8	 0.141	 0.353
64.8	 66.8	 -0.071	 0.565
66.7	 66.8	 0.118	 0.247
68.5	 66.8	 -0.012	 0.118
70.3	 66.8	 0.024	 0.094
-2.0	 68.6	 0.000	 0.000
-0.3	 68.6	 0.000	 0.000
1.5	 68.6	 0.000	 0.000
3.3	 68.6	 0.000	 0.000
5.2	 68.6	 -0.094	 0.494
6.9	 68.6	 -0.129	 0.506
8.8	 68.6	 -0.153	 0.706
10.7	 68.6	 -0.035	 0.377
12.4	 68.6	 -0.035	 0.741
14.2	 68.6	 0.012	 0.518
16.1	 68.6	 -0.024	 0.612
17.9	 68.6	 -0.012	 0.729
19.6	 68.6	 0.035	 0.777
21.4	 68.6	 0.082	 0.741
23.3	 68.6	 0.412	 0.647
25.1	 68.6	 0.012	 0.718
26.9	 68.6	 0.071	 0.624
28.6	 68.6	 0.106	 0.706
30.5	 68.6	 -0.024	 0.565
32.3	 68.6	 -0.071	 0.471
34.1	 68.6	 -0.059	 0.506
36.0	 68.6	 -0.224	 0.518
37.8	 68.6	 -0.165	 0.659
39.5	 68.6	 -0.176	 0.659
41.4	 68.6	 -0.094	 0.682
43.1	 68.6	 -0.212	 0.635
45.0	 68.6	 -0.059	 0.600
46.8	 68.6	 0.106	 0.812
48.5	 68.6	 -0.129	 0.824
50.4	 68.6	 0.035	 0.671
52.1	 68.6	 0.035	 0.847
54.0	 68.6	 0.012	 0.588
55.8	 68.6	 0.153	 0.824
57.5	 68.6	 -0.035	 0.930
59.5	 68.6	 0.000	 0.659
61.3	 68.6	 0.118	 0.565
63.0	 68.6	 0.094	 0.365
64.8	 68.6	 0.118	 0.506
66.7	 68.6	 -0.118	 0.235
68.5	 68.6	 0.024	 0.588
70.3	 68.6	 0.000	 0.000
-2.0	 70.4	 0.000	 0.000
-0.3	 70.4	 0.000	 0.000
1.5	 70.4	 0.000	 0.000
3.3	 70.4	 -0.471	 0.200
5.2	 70.4	 -0.247	 0.565
6.9	 70.4	 -0.035	 0.577
8.8	 70.4	 -0.024	 0.847
10.7	 70.4	 -0.024	 0.800
12.4	 70.4	 -0.059	 0.812
14.2	 70.4	 -0.047	 0.847
16.1	 70.4	 -0.059	 0.600
17.9	 70.4	 -0.094	 0.777
19.6	 70.4	 -0.012	 0.659
21.4	 70.4	 -0.165	 0.282
23.3	 70.4	 -0.224	 0.659
25.1	 70.4	 -0.129	 0.635
26.9	 70.4	 -0.047	 0.565
28.6	 70.4	 -0.059	 0.447
30.5	 70.4	 -0.188	 0.553
32.3	 70.4	 -0.047	 0.624
34.1	 70.4	 -0.082	 0.624
36.0	 70.4	 -0.141	 0.577
37.8	 70.4	 0.012	 0.553
39.5	 70.4	 -0.035	 0.541
41.4	 70.4	 0.000	 0.529
43.1	 70.4	 -0.141	 0.471
45.0	 70.4	 -0.082	 0.706
46.8	 70.4	 0.012	 0.812
48.5	 70.4	 0.024	 0.835
50.4	 70.4	 -0.012	 0.847
52.1	 70.4	 0.082	 0.847
54.0	 70.4	 0.059	 0.777
55.8	 70.4	 -0.047	 0.624
57.5	 70.4	 0.047	 0.718
59.5	 70.4	 0.000	 0.447
61.3	 70.4	 -0.035	 0.682
63.0	 70.4	 0.035	 0.682
64.8	 70.4	 0.129	 0.435
66.7	 70.4	 0.153	 0.282
68.5	 70.4	 0.000	 0.000
70.3	 70.4	 0.000	 0.000
-2.0	 72.2	 0.000	 0.000
-0.3	 72.2	 0.000	 0.000
1.5	 72.2	 0.000	 0.000
3.3	 72.2	 -0.082	 0.282
5.2	 72.2	 -0.188	 0.341
6.9	 72.2	 -0.224	 0.471
8.8	 72.2	 -0.071	 0.941
10.7	 72.2	 -0.012	 0.765
12.4	 72.2	 -0.024	 0.871
14.2	 72.2	 0.000	 0.918
16.1	 72.2	 -0.082	 0.777
17.9	 72.2	 -0.059	 0.729
19.6	 72.2	 -0.082	 0.494
21.4	 72.2	 -0.012	 0.635
23.3	 72.2	 0.000	 0.553
25.1	 72.2	 -0.047	 0.612
26.9	 72.2	 -0.082	 0.529
28.6	 72.2	 -0.129	 0.577
30.5	 72.2	 -0.024	 0.506
32.3	 72.2	 -0.118	 0.600
34.1	 72.2	 -0.047	 0.635
36.0	 72.2	 -0.047	 0.435
37.8	 72.2	 -0.141	 0.459
39.5	 72.2	 -0.047	 0.565
41.4	 72.2	 -0.024	 0.706
43.1	 72.2	 -0.153	 0.694
45.0	 72.2	 -0.035	 0.729
46.8	 72.2	 -0.071	 0.706
48.5	 72.2	 -0.035	 0.612
50.4	 72.2	 -0.082	 0.729
52.1	 72.2	 -0.012	 0.553
54.0	 72.2	 0.024	 0.588
55.8	 72.2	 0.047	 0.871
57.5	 72.2	 0.118	 0.729
59.5	 72.2	 0.012	 0.506
61.3	 72.2	 0.094	 0.588
63.0	 72.2	 -0.059	 0.835
64.8	 72.2	 -0.176	 0.624
66.7	 72.2	 0.012	 0.718
68.5	 72.2	 0.024	 0.859
70.3	 72.2	 0.000	 0.000
-2.0	 74.0	 0.000	 0.000
-0.3	 74.0	 0.000	 0.000
1.5	 74.0	 0.000	 0.000
3.3	 74.0	 -0.012	 1.141
5.2	 74.0	 -0.082	 0.329
6.9	 74.0	 -0.082	 0.424
8.8	 74.0	 -0.212	 1.012
10.7	 74.0	 -0.106	 0.753
12.4	 74.0	 -0.047	 0.765
14.2	 74.0	 -0.082	 0.706
16.1	 74.0	 -0.129	 0.729
17.9	 74.0	 -0.035	 0.647
19.6	 74.0	 -0.035	 0.588
21.4	 74.0	 -0.071	 0.718
23.3	 74.0	 -0.176	 0.635
25.1	 74.0	 -0.024	 0.635
26.9	 74.0	 0.024	 0.694
28.6	 74.0	 -0.059	 0.765
30.5	 74.0	 -0.035	 0.400
32.3	 74.0	 -0.176	 0.577
34.1	 74.0	 -0.035	 0.624
36.0	 74.0	 -0.012	 0.682
37.8	 74.0	 -0.082	 0.529
39.5	 74.0	 -0.082	 0.659
41.4	 74.0	 0.000	 0.800
43.1	 74.0	 -0.082	 0.624
45.0	 74.0	 -0.047	 0.635
46.8	 74.0	 -0.024	 0.753
48.5	 74.0	 -0.071	 0.588
50.4	 74.0	 0.024	 0.659
52.1	 74.0	 0.059	 0.529
54.0	 74.0	 0.071	 0.800
55.8	 74.0	 0.059	 0.882
57.5	 74.0	 0.000	 0.612
59.5	 74.0	 0.129	 0.741
61.3	 74.0	 0.141	 0.753
63.0	 74.0	 0.118	 0.741
64.8	 74.0	 -0.047	 0.682
66.7	 74.0	 0.047	 0.671
68.5	 74.0	 0.000	 0.812
70.3	 74.0	 0.000	 0.000
-2.0	 75.8	 0.000	 0.000
-0.3	 75.8	 0.000	 0.000
1.5	 75.8	 0.000	 0.000
3.3	 75.8	 0.059	 1.141
5.2	 75.8	 -0.059	 0.400
6.9	 75.8	 0.047	 0.659
8.8	 75.8	 0.000	 0.753
10.7	 75.8	 -0.165	 0.753
12.4	 75.8	 -0.059	 0.553
14.2	 75.8	 -0.259	 0.741
16.1	 75.8	 -0.035	 0.788
17.9	 75.8	 -0.035	 0.494
19.6	 75.8	 0.047	 0.682
21.4	 75.8	 0.153	 0.694
23.3	 75.8	 -0.282	 0.718
25.1	 75.8	 0.071	 0.753
26.9	 75.8	 -0.106	 0.706
28.6	 75.8	 -0.059	 0.671
30.5	 75.8	 -0.024	 0.859
32.3	 75.8	 -0.059	 0.824
34.1	 75.8	 -0.035	 0.635
36.0	 75.8	 -0.047	 0.635
37.8	 75.8	 -0.071	 0.753
39.5	 75.8	 -0.118	 0.694
41.4	 75.8	 0.012	 0.765
43.1	 75.8	 -0.165	 0.577
45.0	 75.8	 -0.082	 0.565
46.8	 75.8	 -0.082	 0.600
48.5	 75.8	 -0.024	 0.682
50.4	 75.8	 0.035	 0.753
52.1	 75.8	 -0.094	 0.671
54.0	 75.8	 -0.082	 0.729
55.8	 75.8	 -0.035	 0.824
57.5	 75.8	 0.035	 0.824
59.5	 75.8	 0.118	 0.741
61.3	 75.8	 0.118	 0.659
63.0	 75.8	 0.235	 0.612
64.8	 75.8	 0.012	 0.800
66.7	 75.8	 0.012	 0.777
68.5	 75.8	 -0.012	 0.882
70.3	 75.8	 0.000	 0.000
-2.0	 77.6	 0.000	 0.000
-0.3	 77.6	 0.000	 0.000
1.5	 77.6	 0.012	 -1.377
3.3	 77.6	 -0.059	 1.059
5.2	 77.6	 -0.129	 0.271
6.9	 77.6	 -0.024	 0.353
8.8	 77.6	 -0.282	 0.918
10.7	 77.6	 -0.153	 1.000
12.4	 77.6	 -0.165	 0.647
14.2	 77.6	 -0.071	 0.753
16.1	 77.6	 -0.106	 0.918
17.9	 77.6	 -0.024	 0.671
19.6	 77.6	 0.012	 0.635
21.4	 77.6	 0.024	 0.671
23.3	 77.6	 -0.024	 0.729
25.1	 77.6	 0.024	 0.812
26.9	 77.6	 -0.035	 0.859
28.6	 77.6	 -0.059	 0.729
30.5	 77.6	 -0.047	 0.777
32.3	 77.6	 -0.094	 0.553
34.1	 77.6	 -0.035	 0.541
36.0	 77.6	 0.094	 0.718
37.8	 77.6	 -0.082	 0.753
39.5	 77.6	 -0.035	 0.694
41.4	 77.6	 -0.176	 0.729
43.1	 77.6	 -0.106	 0.624
45.0	 77.6	 -0.047	 0.553
46.8	 77.6	 -0.035	 0.565
48.5	 77.6	 -0.024	 0.553
50.4	 77.6	 0.059	 0.671
52.1	 77.6	 0.047	 0.706
54.0	 77.6	 0.012	 0.624
55.8	 77.6	 0.047	 0.753
57.5	 77.6	 -0.012	 0.753
59.5	 77.6	 0.165	 0.777
61.3	 77.6	 0.212	 0.777
63.0	 77.6	 0.059	 0.765
64.8	 77.6	 0.024	 0.718
66.7	 77.6	 0.000	 0.659
68.5	 77.6	 0.000	 0.000
70.3	 77.6	 0.000	 0.000
-2.0	 79.4	 0.000	 0.000
-0.3	 79.4	 0.000	 0.000
1.5	 79.4	 0.000	 0.000
3.3	 79.4	 -0.106	 1.200
5.2	 79.4	 0.024	 0.671
6.9	 79.4	 0.106	 0.588
8.8	 79.4	 -0.059	 0.424
10.7	 79.4	 -0.106	 1.283
12.4	 79.4	 -0.282	 0.741
14.2	 79.4	 0.094	 0.824
16.1	 79.4	 0.118	 0.894
17.9	 79.4	 0.047	 0.906
19.6	 79.4	 0.024	 0.671
21.4	 79.4	 -0.141	 0.682
23.3	 79.4	 0.094	 0.600
25.1	 79.4	 0.000	 0.682
26.9	 79.4	 -0.071	 0.965
28.6	 79.4	 -0.059	 0.647
30.5	 79.4	 -0.106	 0.812
32.3	 79.4	 -0.141	 0.553
34.1	 79.4	 -0.212	 0.588
36.0	 79.4	 -0.141	 0.753
37.8	 79.4	 -0.106	 0.729
39.5	 79.4	 -0.059	 0.635
41.4	 79.4	 -0.129	 0.635
43.1	 79.4	 -0.118	 0.541
45.0	 79.4	 -0.129	 0.518
46.8	 79.4	 -0.129	 0.565
48.5	 79.4	 -0.176	 0.671
50.4	 79.4	 0.000	 0.800
52.1	 79.4	 -0.012	 0.777
54.0	 79.4	 0.047	 0.671
55.8	 79.4	 0.188	 0.694
57.5	 79.4	 0.094	 0.741
59.5	 79.4	 0.035	 0.659
61.3	 79.4	 0.118	 0.671
63.0	 79.4	 0.153	 0.647
64.8	 79.4	 0.012	 0.588
66.7	 79.4	 0.024	 0.435
68.5	 79.4	 -0.106	 0.788
70.3	 79.4	 0.000	 0.000
-2.0	 81.2	 0.000	 0.000
-0.3	 81.2	 0.000	 0.000
1.5	 81.2	 0.000	 0.000
3.3	 81.2	 0.024	 1.177
5.2	 81.2	 -0.141	 0.859
6.9	 81.2	 -0.035	 1.141
8.8	 81.2	 0.059	 1.259
10.7	 81.2	 0.012	 0.753
12.4	 81.2	 0.094	 0.859
14.2	 81.2	 0.000	 0.718
16.1	 81.2	 0.129	 0.588
17.9	 81.2	 0.012	 0.871
19.6	 81.2	 0.012	 0.847
21.4	 81.2	 0.118	 0.859
23.3	 81.2	 0.118	 0.753
25.1	 81.2	 -0.082	 0.694
26.9	 81.2	 -0.176	 0.753
28.6	 81.2	 -0.059	 0.788
30.5	 81.2	 0.153	 0.741
32.3	 81.2	 -0.141	 0.647
34.1	 81.2	 -0.165	 0.612
36.0	 81.2	 -0.106	 0.612
37.8	 81.2	 -0.035	 0.494
39.5	 81.2	 -0.047	 0.671
41.4	 81.2	 -0.024	 0.894
43.1	 81.2	 0.059	 0.600
45.0	 81.2	 0.024	 0.565
46.8	 81.2	 0.047	 0.777
48.5	 81.2	 -0.059	 0.741
50.4	 81.2	 -0.024	 0.812
52.1	 81.2	 0.024	 0.753
54.0	 81.2	 -0.106	 0.847
55.8	 81.2	 -0.012	 0.682
57.5	 81.2	 -0.047	 0.647
59.5	 81.2	 0.024	 0.812
61.3	 81.2	 0.141	 0.682
63.0	 81.2	 0.082	 0.741
64.8	 81.2	 -0.024	 0.694
66.7	 81.2	 0.165	 0.329
68.5	 81.2	 -0.035	 0.812
70.3	 81.2	 0.000	 0.000
-2.0	 83.0	 0.000	 0.000
-0.3	 83.0	 0.000	 0.000
1.5	 83.0	 0.000	 0.000
3.3	 83.0	 -0.012	 1.177
5.2	 83.0	 -0.176	 1.188
6.9	 83.0	 -0.200	 0.930
8.8	 83.0	 -0.024	 0.824
10.7	 83.0	 0.082	 1.047
12.4	 83.0	 0.012	 0.977
14.2	 83.0	 0.000	 0.729
16.1	 83.0	 0.082	 0.753
17.9	 83.0	 0.082	 0.706
19.6	 83.0	 0.106	 0.671
21.4	 83.0	 0.059	 0.494
23.3	 83.0	 0.047	 0.753
25.1	 83.0	 -0.106	 0.694
26.9	 83.0	 -0.024	 0.753
28.6	 83.0	 -0.153	 0.788
30.5	 83.0	 -0.165	 0.565
32.3	 83.0	 -0.094	 0.577
34.1	 83.0	 -0.047	 0.365
36.0	 83.0	 0.000	 0.835
37.8	 83.0	 -0.035	 0.718
39.5	 83.0	 -0.082	 0.682
41.4	 83.0	 0.035	 0.694
43.1	 83.0	 0.059	 0.706
45.0	 83.0	 -0.024	 0.671
46.8	 83.0	 0.118	 0.529
48.5	 83.0	 0.047	 0.682
50.4	 83.0	 -0.094	 0.694
52.1	 83.0	 -0.153	 0.741
54.0	 83.0	 -0.082	 0.882
55.8	 83.0	 -0.106	 0.800
57.5	 83.0	 0.129	 0.788
59.5	 83.0	 0.000	 0.824
61.3	 83.0	 0.094	 0.682
63.0	 83.0	 0.294	 0.741
64.8	 83.0	 0.047	 0.600
66.7	 83.0	 0.082	 0.635
68.5	 83.0	 -0.082	 0.847
70.3	 83.0	 0.000	 0.000
-2.0	 84.8	 0.000	 0.000
-0.3	 84.8	 0.000	 0.000
1.5	 84.8	 0.000	 0.000
3.3	 84.8	 0.012	 1.165
5.2	 84.8	 -0.141	 1.035
6.9	 84.8	 -0.024	 0.706
8.8	 84.8	 -0.047	 1.188
10.7	 84.8	 0.082	 0.859
12.4	 84.8	 -0.082	 0.459
14.2	 84.8	 0.094	 0.835
16.1	 84.8	 0.118	 0.788
17.9	 84.8	 0.059	 0.871
19.6	 84.8	 0.012	 0.741
21.4	 84.8	 -0.082	 0.635
23.3	 84.8	 0.106	 0.365
25.1	 84.8	 0.094	 0.753
26.9	 84.8	 0.059	 0.894
28.6	 84.8	 -0.082	 0.812
30.5	 84.8	 -0.153	 0.765
32.3	 84.8	 -0.024	 0.588
34.1	 84.8	 -0.082	 0.659
36.0	 84.8	 0.129	 0.577
37.8	 84.8	 0.141	 0.718
39.5	 84.8	 0.024	 0.824
41.4	 84.8	 0.035	 0.777
43.1	 84.8	 -0.012	 0.741
45.0	 84.8	 -0.071	 0.518
46.8	 84.8	 -0.059	 0.541
48.5	 84.8	 0.024	 0.588
50.4	 84.8	 -0.059	 0.600
52.1	 84.8	 0.012	 0.612
54.0	 84.8	 -0.024	 0.706
55.8	 84.8	 0.000	 0.741
57.5	 84.8	 0.035	 0.706
59.5	 84.8	 -0.094	 0.765
61.3	 84.8	 -0.035	 0.741
63.0	 84.8	 0.035	 0.718
64.8	 84.8	 -0.035	 0.694
66.7	 84.8	 -0.094	 0.741
68.5	 84.8	 0.035	 0.729
70.3	 84.8	 0.000	 0.000
-2.0	 86.7	 0.000	 0.000
-0.3	 86.7	 0.000	 0.000
1.5	 86.7	 0.000	 0.000
3.3	 86.7	 -0.047	 1.247
5.2	 86.7	 0.035	 1.000
6.9	 86.7	 0.106	 0.871
8.8	 86.7	 -0.047	 0.977
10.7	 86.7	 -0.035	 1.118
12.4	 86.7	 0.176	 0.788
14.2	 86.7	 0.129	 0.871
16.1	 86.7	 0.224	 0.871
17.9	 86.7	 0.282	 0.694
19.6	 86.7	 0.071	 0.459
21.4	 86.7	 0.059	 0.671
23.3	 86.7	 0.082	 0.800
25.1	 86.7	 0.059	 0.635
26.9	 86.7	 0.059	 0.812
28.6	 86.7	 0.024	 0.777
30.5	 86.7	 0.024	 0.800
32.3	 86.7	 0.047	 0.800
34.1	 86.7	 0.024	 0.659
36.0	 86.7	 0.129	 0.647
37.8	 86.7	 -0.082	 0.577
39.5	 86.7	 -0.141	 0.612
41.4	 86.7	 -0.035	 0.635
43.1	 86.7	 0.035	 0.588
45.0	 86.7	 -0.071	 0.612
46.8	 86.7	 -0.035	 0.577
48.5	 86.7	 0.024	 0.471
50.4	 86.7	 0.188	 0.647
52.1	 86.7	 0.082	 0.729
54.0	 86.7	 0.071	 0.694
55.8	 86.7	 0.000	 0.482
57.5	 86.7	 0.000	 0.624
59.5	 86.7	 -0.106	 0.600
61.3	 86.7	 0.012	 0.612
63.0	 86.7	 -0.129	 0.765
64.8	 86.7	 -0.118	 0.682
66.7	 86.7	 -0.035	 0.624
68.5	 86.7	 0.082	 0.741
70.3	 86.7	 0.000	 0.000
-2.0	 88.5	 0.000	 0.000
-0.3	 88.5	 0.000	 0.000
1.5	 88.5	 0.000	 0.000
3.3	 88.5	 0.247	 1.094
5.2	 88.5	 0.059	 1.071
6.9	 88.5	 0.153	 0.871
8.8	 88.5	 0.129	 1.153
10.7	 88.5	 0.165	 1.306
12.4	 88.5	 0.294	 0.977
14.2	 88.5	 0.094	 0.953
16.1	 88.5	 0.118	 0.835
17.9	 88.5	 0.071	 0.824
19.6	 88.5	 0.082	 0.659
21.4	 88.5	 0.235	 0.765
23.3	 88.5	 0.000	 0.812
25.1	 88.5	 -0.071	 0.729
26.9	 88.5	 -0.024	 0.882
28.6	 88.5	 -0.012	 0.859
30.5	 88.5	 0.165	 0.800
32.3	 88.5	 0.082	 0.800
34.1	 88.5	 0.082	 0.765
36.0	 88.5	 0.024	 0.753
37.8	 88.5	 0.024	 0.694
39.5	 88.5	 -0.035	 0.612
41.4	 88.5	 -0.012	 0.612
43.1	 88.5	 0.035	 0.624
45.0	 88.5	 -0.024	 0.400
46.8	 88.5	 0.094	 0.424
48.5	 88.5	 -0.059	 0.471
50.4	 88.5	 0.424	 0.176
52.1	 88.5	 0.012	 0.682
54.0	 88.5	 -0.059	 0.659
55.8	 88.5	 0.024	 0.612
57.5	 88.5	 -0.106	 0.600
59.5	 88.5	 0.118	 0.835
61.3	 88.5	 0.141	 0.635
63.0	 88.5	 -0.024	 0.765
64.8	 88.5	 -0.059	 0.777
66.7	 88.5	 0.035	 0.694
68.5	 88.5	 0.059	 0.812
70.3	 88.5	 0.000	 0.000
-2.0	 90.3	 0.000	 0.000
-0.3	 90.3	 0.000	 0.000
1.5	 90.3	 0.000	 0.000
3.3	 90.3	 0.259	 0.930
5.2	 90.3	 0.059	 1.271
6.9	 90.3	 0.118	 0.977
8.8	 90.3	 0.071	 0.918
10.7	 90.3	 0.059	 0.906
12.4	 90.3	 0.165	 0.682
14.2	 90.3	 0.000	 0.953
16.1	 90.3	 0.153	 0.694
17.9	 90.3	 0.059	 0.553
19.6	 90.3	 0.224	 0.506
21.4	 90.3	 0.047	 0.353
23.3	 90.3	 0.071	 0.788
25.1	 90.3	 0.035	 0.741
26.9	 90.3	 0.059	 0.765
28.6	 90.3	 0.176	 0.800
30.5	 90.3	 0.118	 0.753
32.3	 90.3	 0.200	 0.918
34.1	 90.3	 0.188	 0.682
36.0	 90.3	 0.141	 0.729
37.8	 90.3	 0.082	 0.600
39.5	 90.3	 0.012	 0.659
41.4	 90.3	 0.059	 0.694
43.1	 90.3	 0.012	 0.718
45.0	 90.3	 0.012	 0.471
46.8	 90.3	 0.094	 0.577
48.5	 90.3	 -0.129	 0.471
50.4	 90.3	 0.059	 0.694
52.1	 90.3	 -0.094	 0.777
54.0	 90.3	 -0.047	 0.647
55.8	 90.3	 -0.129	 0.529
57.5	 90.3	 -0.212	 0.541
59.5	 90.3	 -0.059	 0.753
61.3	 90.3	 0.094	 0.906
63.0	 90.3	 0.306	 0.765
64.8	 90.3	 -0.047	 0.824
66.7	 90.3	 0.000	 0.859
68.5	 90.3	 0.012	 0.788
70.3	 90.3	 0.000	 0.000
-2.0	 92.0	 0.000	 0.000
-0.3	 92.0	 0.000	 0.000
1.5	 92.0	 0.000	 0.000
3.3	 92.0	 -0.329	 0.918
5.2	 92.0	 0.000	 1.012
6.9	 92.0	 0.059	 1.035
8.8	 92.0	 0.071	 0.918
10.7	 92.0	 0.035	 0.941
12.4	 92.0	 -0.106	 0.847
14.2	 92.0	 0.188	 0.894
16.1	 92.0	 0.200	 0.765
17.9	 92.0	 0.047	 0.588
19.6	 92.0	 0.224	 0.741
21.4	 92.0	 0.106	 0.777
23.3	 92.0	 0.388	 0.988
25.1	 92.0	 0.059	 0.800
26.9	 92.0	 0.153	 0.812
28.6	 92.0	 0.212	 1.000
30.5	 92.0	 -0.059	 1.012
32.3	 92.0	 -0.047	 0.882
34.1	 92.0	 0.000	 0.777
36.0	 92.0	 0.000	 0.788
37.8	 92.0	 -0.047	 0.741
39.5	 92.0	 0.012	 0.765
41.4	 92.0	 -0.071	 0.600
43.1	 92.0	 0.024	 0.447
45.0	 92.0	 0.012	 0.741
46.8	 92.0	 -0.035	 0.588
48.5	 92.0	 0.035	 0.529
50.4	 92.0	 0.129	 0.612
52.1	 92.0	 0.000	 0.600
54.0	 92.0	 -0.118	 0.635
55.8	 92.0	 -0.118	 0.612
57.5	 92.0	 -0.118	 0.588
59.5	 92.0	 0.082	 0.765
61.3	 92.0	 0.106	 0.859
63.0	 92.0	 0.200	 0.624
64.8	 92.0	 -0.035	 0.659
66.7	 92.0	 -0.071	 0.682
68.5	 92.0	 -0.012	 0.718
70.3	 92.0	 0.000	 0.000
-2.0	 93.8	 0.000	 0.000
-0.3	 93.8	 0.000	 0.000
1.5	 93.8	 0.000	 0.000
3.3	 93.8	 -0.082	 0.941
5.2	 93.8	 -0.106	 0.977
6.9	 93.8	 0.000	 1.153
8.8	 93.8	 -0.024	 0.941
10.7	 93.8	 0.094	 0.988
12.4	 93.8	 0.106	 0.871
14.2	 93.8	 0.165	 0.882
16.1	 93.8	 0.106	 0.824
17.9	 93.8	 0.118	 0.812
19.6	 93.8	 0.012	 0.777
21.4	 93.8	 -0.035	 0.906
23.3	 93.8	 0.071	 0.788
25.1	 93.8	 0.035	 0.741
26.9	 93.8	 0.059	 0.800
28.6	 93.8	 -0.106	 0.859
30.5	 93.8	 -0.082	 0.882
32.3	 93.8	 0.035	 0.812
34.1	 93.8	 -0.106	 0.706
36.0	 93.8	 -0.094	 0.577
37.8	 93.8	 0.000	 0.694
39.5	 93.8	 0.071	 0.777
41.4	 93.8	 0.118	 0.482
43.1	 93.8	 0.024	 0.506
45.0	 93.8	 -0.024	 0.541
46.8	 93.8	 -0.047	 0.682
48.5	 93.8	 0.035	 0.635
50.4	 93.8	 0.012	 0.671
52.1	 93.8	 0.035	 0.800
54.0	 93.8	 -0.012	 0.706
55.8	 93.8	 -0.035	 0.447
57.5	 93.8	 -0.071	 0.706
59.5	 93.8	 0.035	 0.659
61.3	 93.8	 -0.129	 0.659
63.0	 93.8	 -0.012	 0.706
64.8	 93.8	 -0.012	 0.718
66.7	 93.8	 -0.141	 0.565
68.5	 93.8	 -0.047	 0.671
70.3	 93.8	 0.000	 0.000
-2.0	 95.7	 0.000	 0.000
-0.3	 95.7	 0.000	 0.000
1.5	 95.7	 0.000	 0.000
3.3	 95.7	 0.059	 0.647
5.2	 95.7	 -0.035	 0.777
6.9	 95.7	 0.106	 1.012
8.8	 95.7	 0.047	 0.941
10.7	 95.7	 0.047	 0.777
12.4	 95.7	 0.024	 0.788
14.2	 95.7	 0.106	 0.682
16.1	 95.7	 0.035	 0.624
17.9	 95.7	 0.259	 0.553
19.6	 95.7	 -0.012	 0.812
21.4	 95.7	 -0.118	 0.824
23.3	 95.7	 0.059	 0.800
25.1	 95.7	 0.118	 1.024
26.9	 95.7	 0.129	 1.035
28.6	 95.7	 -0.047	 0.859
30.5	 95.7	 -0.082	 0.894
32.3	 95.7	 0.024	 0.847
34.1	 95.7	 -0.059	 0.777
36.0	 95.7	 -0.106	 0.694
37.8	 95.7	 -0.106	 0.706
39.5	 95.7	 0.012	 0.765
41.4	 95.7	 -0.188	 0.624
43.1	 95.7	 -0.235	 0.424
45.0	 95.7	 0.000	 0.600
46.8	 95.7	 0.082	 0.694
48.5	 95.7	 0.047	 0.918
50.4	 95.7	 -0.082	 0.694
52.1	 95.7	 -0.094	 0.694
54.0	 95.7	 -0.129	 0.518
55.8	 95.7	 -0.094	 0.565
57.5	 95.7	 0.059	 0.588
59.5	 95.7	 0.012	 0.659
61.3	 95.7	 0.071	 0.553
63.0	 95.7	 -0.118	 0.577
64.8	 95.7	 -0.129	 0.612
66.7	 95.7	 0.012	 0.694
68.5	 95.7	 0.012	 0.706
70.3	 95.7	 0.000	 0.000
-2.0	 97.5	 0.000	 0.000
-0.3	 97.5	 0.000	 0.000
1.5	 97.5	 0.047	 -1.506
3.3	 97.5	 -0.224	 0.777
5.2	 97.5	 -0.012	 0.894
6.9	 97.5	 0.059	 0.965
8.8	 97.5	 0.153	 0.977
10.7	 97.5	 0.188	 0.918
12.4	 97.5	 0.082	 0.882
14.2	 97.5	 0.188	 0.718
16.1	 97.5	 0.188	 0.518
17.9	 97.5	 0.459	 0.482
19.6	 97.5	 0.165	 0.871
21.4	 97.5	 0.000	 0.000
23.3	 97.5	 -0.071	 1.177
25.1	 97.5	 0.024	 1.047
26.9	 97.5	 -0.106	 1.106
28.6	 97.5	 0.247	 1.059
30.5	 97.5	 0.671	 1.388
32.3	 97.5	 0.200	 0.647
34.1	 97.5	 0.059	 0.612
36.0	 97.5	 -0.153	 0.635
37.8	 97.5	 -0.059	 0.565
39.5	 97.5	 0.035	 0.694
41.4	 97.5	 -0.024	 0.624
43.1	 97.5	 -0.024	 0.765
45.0	 97.5	 0.012	 0.659
46.8	 97.5	 0.082	 0.765
48.5	 97.5	 0.012	 0.894
50.4	 97.5	 -0.047	 0.765
52.1	 97.5	 -0.024	 0.694
54.0	 97.5	 0.012	 0.600
55.8	 97.5	 -0.047	 0.671
57.5	 97.5	 0.000	 0.682
59.5	 97.5	 0.035	 0.635
61.3	 97.5	 -0.106	 0.577
63.0	 97.5	 -0.129	 0.647
64.8	 97.5	 0.000	 0.718
66.7	 97.5	 0.059	 0.635
68.5	 97.5	 -0.012	 0.718
70.3	 97.5	 0.000	 0.000
-2.0	 99.3	 0.000	 0.000
-0.3	 99.3	 0.000	 0.000
1.5	 99.3	 0.000	 0.000
3.3	 99.3	 0.082	 1.330
5.2	 99.3	 0.141	 1.106
6.9	 99.3	 -0.141	 0.777
8.8	 99.3	 -0.106	 0.859
10.7	 99.3	 0.153	 1.094
12.4	 99.3	 0.071	 0.824
14.2	 99.3	 0.212	 0.882
16.1	 99.3	 0.176	 0.918
17.9	 99.3	 0.318	 0.788
19.6	 99.3	 0.129	 0.706
21.4	 99.3	 -0.200	 0.953
23.3	 99.3	 0.024	 1.130
25.1	 99.3	 0.129	 0.965
26.9	 99.3	 0.235	 1.106
28.6	 99.3	 0.000	 0.000
30.5	 99.3	 -0.012	 0.788
32.3	 99.3	 0.024	 0.777
34.1	 99.3	 0.012	 0.694
36.0	 99.3	 -0.118	 0.729
37.8	 99.3	 -0.059	 0.553
39.5	 99.3	 0.035	 0.400
41.4	 99.3	 -0.129	 0.741
43.1	 99.3	 0.035	 0.800
45.0	 99.3	 -0.141	 0.671
46.8	 99.3	 0.071	 0.471
48.5	 99.3	 0.059	 0.600
50.4	 99.3	 0.024	 0.706
52.1	 99.3	 -0.082	 0.600
54.0	 99.3	 -0.012	 0.753
55.8	 99.3	 0.000	 0.482
57.5	 99.3	 -0.082	 0.494
59.5	 99.3	 0.035	 0.518
61.3	 99.3	 -0.035	 0.588
63.0	 99.3	 -0.118	 0.694
64.8	 99.3	 0.118	 0.588
66.7	 99.3	 -0.012	 0.553
68.5	 99.3	 -0.082	 0.659
70.3	 99.3	 0.000	 0.000
-2.0	 101.1	 0.000	 0.000
-0.3	 101.1	 0.000	 0.000
1.5	 101.1	 0.000	 0.000
3.3	 101.1	 0.188	 0.882
5.2	 101.1	 0.035	 0.859
6.9	 101.1	 -0.082	 0.553
8.8	 101.1	 0.059	 0.647
10.7	 101.1	 0.141	 0.753
12.4	 101.1	 0.106	 0.859
14.2	 101.1	 0.012	 0.871
16.1	 101.1	 0.212	 0.953
17.9	 101.1	 0.306	 0.965
19.6	 101.1	 0.765	 0.588
21.4	 101.1	 -0.141	 0.988
23.3	 101.1	 0.188	 0.800
25.1	 101.1	 0.212	 0.765
26.9	 101.1	 -0.012	 0.871
28.6	 101.1	 0.059	 1.106
30.5	 101.1	 0.106	 0.930
32.3	 101.1	 -0.118	 0.812
34.1	 101.1	 -0.035	 0.341
36.0	 101.1	 -0.153	 0.577
37.8	 101.1	 -0.141	 0.741
39.5	 101.1	 0.071	 0.729
41.4	 101.1	 0.047	 0.612
43.1	 101.1	 0.094	 0.682
45.0	 101.1	 -0.141	 0.424
46.8	 101.1	 -0.188	 0.577
48.5	 101.1	 0.024	 0.577
50.4	 101.1	 0.059	 0.694
52.1	 101.1	 0.071	 0.682
54.0	 101.1	 0.047	 0.706
55.8	 101.1	 -0.071	 0.565
57.5	 101.1	 -0.129	 0.682
59.5	 101.1	 -0.024	 0.671
61.3	 101.1	 -0.024	 0.694
63.0	 101.1	 0.012	 0.694
64.8	 101.1	 -0.012	 0.647
66.7	 101.1	 0.059	 0.541
68.5	 101.1	 0.106	 0.706
70.3	 101.1	 0.000	 0.000
-2.0	 102.8	 0.000	 0.000
-0.3	 102.8	 0.000	 0.000
1.5	 102.8	 0.000	 0.000
3.3	 102.8	 0.059	 0.765
5.2	 102.8	 0.071	 0.918
6.9	 102.8	 0.024	 0.706
8.8	 102.8	 0.024	 0.824
10.7	 102.8	 0.141	 0.953
12.4	 102.8	 0.082	 1.071
14.2	 102.8	 0.141	 1.271
16.1	 102.8	 0.412	 0.965
17.9	 102.8	 0.494	 1.047
19.6	 102.8	 0.341	 0.953
21.4	 102.8	 0.282	 0.859
23.3	 102.8	 0.341	 1.071
25.1	 102.8	 0.247	 1.141
26.9	 102.8	 -0.012	 0.894
28.6	 102.8	 0.247	 1.059
30.5	 102.8	 0.082	 0.965
32.3	 102.8	 -0.035	 0.694
34.1	 102.8	 -0.082	 0.518
36.0	 102.8	 -0.059	 0.765
37.8	 102.8	 -0.047	 0.741
39.5	 102.8	 -0.141	 0.577
41.4	 102.8	 -0.153	 0.624
43.1	 102.8	 0.059	 0.624
45.0	 102.8	 0.024	 0.788
46.8	 102.8	 -0.071	 0.635
48.5	 102.8	 -0.106	 0.647
50.4	 102.8	 -0.094	 0.624
52.1	 102.8	 -0.047	 0.682
54.0	 102.8	 -0.118	 0.788
55.8	 102.8	 -0.176	 0.682
57.5	 102.8	 -0.059	 0.612
59.5	 102.8	 -0.129	 0.635
61.3	 102.8	 -0.129	 0.577
63.0	 102.8	 -0.071	 0.647
64.8	 102.8	 -0.012	 0.635
66.7	 102.8	 -0.094	 0.706
68.5	 102.8	 0.071	 0.706
70.3	 102.8	 0.000	 0.000
-2.0	 104.7	 0.000	 0.000
-0.3	 104.7	 0.000	 0.000
1.5	 104.7	 0.000	 0.000
3.3	 104.7	 -0.059	 0.988
5.2	 104.7	 0.000	 0.882
6.9	 104.7	 0.071	 0.624
8.8	 104.7	 0.200	 0.953
10.7	 104.7	 0.318	 0.847
12.4	 104.7	 0.176	 0.918
14.2	 104.7	 0.082	 1.153
16.1	 104.7	 0.329	 1.341
17.9	 104.7	 0.388	 0.800
19.6	 104.7	 0.176	 0.894
21.4	 104.7	 0.200	 0.906
23.3	 104.7	 0.471	 0.777
25.1	 104.7	 0.282	 0.741
26.9	 104.7	 0.000	 0.000
28.6	 104.7	 0.000	 0.000
30.5	 104.7	 -0.094	 1.000
32.3	 104.7	 0.000	 0.835
34.1	 104.7	 0.047	 0.894
36.0	 104.7	 0.035	 0.894
37.8	 104.7	 0.071	 0.882
39.5	 104.7	 -0.012	 0.777
41.4	 104.7	 -0.059	 0.918
43.1	 104.7	 -0.059	 0.800
45.0	 104.7	 -0.188	 0.788
46.8	 104.7	 -0.247	 0.871
48.5	 104.7	 0.035	 0.753
50.4	 104.7	 0.082	 0.600
52.1	 104.7	 -0.106	 0.612
54.0	 104.7	 -0.129	 0.635
55.8	 104.7	 -0.141	 0.506
57.5	 104.7	 0.047	 0.624
59.5	 104.7	 -0.118	 0.647
61.3	 104.7	 0.071	 0.682
63.0	 104.7	 -0.047	 0.635
64.8	 104.7	 0.012	 0.577
66.7	 104.7	 0.012	 0.518
68.5	 104.7	 -0.047	 0.577
70.3	 104.7	 0.000	 0.000
-2.0	 106.5	 0.000	 0.000
-0.3	 106.5	 0.000	 0.000
1.5	 106.5	 0.000	 0.000
3.3	 106.5	 0.012	 0.977
5.2	 106.5	 -0.024	 0.988
6.9	 106.5	 0.188	 0.977
8.8	 106.5	 0.294	 0.812
10.7	 106.5	 -0.129	 0.541
12.4	 106.5	 0.106	 0.894
14.2	 106.5	 -0.024	 0.647
16.1	 106.5	 0.176	 0.941
17.9	 106.5	 0.059	 0.588
19.6	 106.5	 -0.071	 0.682
21.4	 106.5	 0.212	 0.812
23.3	 106.5	 0.000	 0.000
25.1	 106.5	 0.000	 0.000
26.9	 106.5	 0.141	 0.847
28.6	 106.5	 0.035	 0.906
30.5	 106.5	 -0.059	 0.918
32.3	 106.5	 -0.035	 0.847
34.1	 106.5	 -0.129	 0.729
36.0	 106.5	 -0.129	 0.765
37.8	 106.5	 -0.118	 0.765
39.5	 106.5	 -0.235	 0.753
41.4	 106.5	 -0.094	 0.988
43.1	 106.5	 0.047	 1.224
45.0	 106.5	 0.082	 0.965
46.8	 106.5	 -0.071	 0.788
48.5	 106.5	 0.000	 0.659
50.4	 106.5	 0.094	 0.741
52.1	 106.5	 0.129	 0.612
54.0	 106.5	 0.000	 0.494
55.8	 106.5	 -0.024	 0.365
57.5	 106.5	 0.071	 0.247
59.5	 106.5	 -0.082	 0.424
61.3	 106.5	 -0.106	 0.529
63.0	 106.5	 -0.106	 0.659
64.8	 106.5	 0.071	 0.588
66.7	 106.5	 0.035	 0.482
68.5	 106.5	 -0.012	 0.494
70.3	 106.5	 0.000	 0.000
-2.0	 108.3	 0.000	 0.000
-0.3	 108.3	 0.000	 0.000
1.5	 108.3	 0.000	 0.000
3.3	 108.3	 0.129	 1.035
5.2	 108.3	 -0.012	 0.930
6.9	 108.3	 0.200	 0.941
8.8	 108.3	 0.235	 0.847
10.7	 108.3	 -0.212	 0.765
12.4	 108.3	 -0.106	 0.600
14.2	 108.3	 0.047	 0.906
16.1	 108.3	 0.024	 1.071
17.9	 108.3	 -0.106	 0.812
19.6	 108.3	 -0.082	 0.765
21.4	 108.3	 -0.106	 0.753
23.3	 108.3	 -0.012	 0.753
25.1	 108.3	 0.059	 0.800
26.9	 108.3	 0.224	 0.965
28.6	 108.3	 0.129	 0.765
30.5	 108.3	 -0.200	 0.518
32.3	 108.3	 0.035	 1.071
34.1	 108.3	 -0.165	 0.847
36.0	 108.3	 -0.165	 0.882
37.8	 108.3	 -0.012	 0.577
39.5	 108.3	 -0.141	 0.847
41.4	 108.3	 -0.024	 0.835
43.1	 108.3	 -0.141	 0.577
45.0	 108.3	 -0.129	 0.494
46.8	 108.3	 0.094	 0.588
48.5	 108.3	 0.200	 0.553
50.4	 108.3	 0.024	 0.894
52.1	 108.3	 0.094	 0.694
54.0	 108.3	 0.129	 0.518
55.8	 108.3	 0.106	 0.318
57.5	 108.3	 -0.129	 0.647
59.5	 108.3	 0.000	 0.000
61.3	 108.3	 -0.094	 0.682
63.0	 108.3	 0.035	 0.624
64.8	 108.3	 -0.106	 0.529
66.7	 108.3	 -0.176	 0.612
68.5	 108.3	 -0.129	 0.694
70.3	 108.3	 0.000	 0.000
-2.0	 110.1	 0.000	 0.000
-0.3	 110.1	 0.000	 0.000
1.5	 110.1	 0.000	 0.000
3.3	 110.1	 -0.059	 0.847
5.2	 110.1	 0.118	 0.894
6.9	 110.1	 0.176	 0.918
8.8	 110.1	 0.094	 1.212
10.7	 110.1	 0.000	 1.024
12.4	 110.1	 0.000	 0.000
14.2	 110.1	 0.188	 1.283
16.1	 110.1	 -0.071	 0.930
17.9	 110.1	 -0.377	 0.694
19.6	 110.1	 -0.129	 0.741
21.4	 110.1	 -0.094	 0.788
23.3	 110.1	 0.071	 0.930
25.1	 110.1	 0.059	 1.000
26.9	 110.1	 -0.047	 1.141
28.6	 110.1	 -0.212	 0.988
30.5	 110.1	 -0.259	 0.659
32.3	 110.1	 0.141	 0.788
34.1	 110.1	 -0.094	 0.777
36.0	 110.1	 -0.118	 0.930
37.8	 110.1	 -0.118	 0.459
39.5	 110.1	 0.153	 0.694
41.4	 110.1	 0.047	 0.729
43.1	 110.1	 -0.024	 0.659
45.0	 110.1	 0.129	 0.765
46.8	 110.1	 0.129	 0.706
48.5	 110.1	 0.047	 0.577
50.4	 110.1	 0.141	 0.424
52.1	 110.1	 0.118	 0.541
54.0	 110.1	 0.224	 0.588
55.8	 110.1	 0.141	 0.671
57.5	 110.1	 0.047	 0.729
59.5	 110.1	 -0.188	 0.682
61.3	 110.1	 -0.118	 0.353
63.0	 110.1	 -0.035	 0.447
64.8	 110.1	 -0.047	 0.553
66.7	 110.1	 -0.106	 0.588
68.5	 110.1	 -0.118	 0.600
70.3	 110.1	 0.000	 0.000
-2.0	 112.0	 0.000	 0.000
-0.3	 112.0	 0.000	 0.000
1.5	 112.0	 0.000	 0.000
3.3	 112.0	 0.035	 0.282
5.2	 112.0	 0.200	 0.694
6.9	 112.0	 0.106	 0.930
8.8	 112.0	 0.188	 0.953
10.7	 112.0	 0.094	 1.153
12.4	 112.0	 0.165	 0.871
14.2	 112.0	 -0.024	 0.459
16.1	 112.0	 -0.141	 1.141
17.9	 112.0	 0.000	 0.000
19.6	 112.0	 -0.024	 0.741
21.4	 112.0	 0.024	 0.271
23.3	 112.0	 0.165	 1.024
25.1	 112.0	 0.071	 1.000
26.9	 112.0	 0.106	 1.082
28.6	 112.0	 0.118	 0.882
30.5	 112.0	 -0.035	 1.094
32.3	 112.0	 -0.047	 0.647
34.1	 112.0	 0.247	 0.859
36.0	 112.0	 0.024	 1.200
37.8	 112.0	 -0.306	 1.000
39.5	 112.0	 -0.012	 0.988
41.4	 112.0	 -0.024	 0.847
43.1	 112.0	 -0.118	 0.659
45.0	 112.0	 -0.129	 0.553
46.8	 112.0	 0.082	 0.671
48.5	 112.0	 0.224	 0.506
50.4	 112.0	 -0.153	 0.694
52.1	 112.0	 0.012	 0.694
54.0	 112.0	 0.153	 0.777
55.8	 112.0	 -0.106	 0.906
57.5	 112.0	 -0.012	 0.529
59.5	 112.0	 -0.071	 0.635
61.3	 112.0	 -0.059	 0.588
63.0	 112.0	 0.141	 0.341
64.8	 112.0	 0.047	 0.424
66.7	 112.0	 0.047	 0.553
68.5	 112.0	 -0.071	 0.506
70.3	 112.0	 0.000	 0.000
-2.0	 113.8	 0.000	 0.000
-0.3	 113.8	 0.000	 0.000
1.5	 113.8	 -0.318	 1.235
3.3	 113.8	 -0.306	 0.518
5.2	 113.8	 0.071	 0.635
6.9	 113.8	 0.000	 0.000
8.8	 113.8	 0.000	 0.000
10.7	 113.8	 0.071	 1.177
12.4	 113.8	 0.282	 0.930
14.2	 113.8	 -0.024	 0.329
16.1	 113.8	 -0.129	 0.435
17.9	 113.8	 -0.377	 0.518
19.6	 113.8	 0.000	 0.000
21.4	 113.8	 0.024	 0.812
23.3	 113.8	 -0.024	 0.906
25.1	 113.8	 -0.024	 0.871
26.9	 113.8	 0.141	 0.824
28.6	 113.8	 0.188	 0.741
30.5	 113.8	 -0.024	 0.729
32.3	 113.8	 -0.024	 0.671
34.1	 113.8	 0.012	 0.753
36.0	 113.8	 -0.071	 0.835
37.8	 113.8	 -0.024	 0.812
39.5	 113.8	 -0.035	 0.494
41.4	 113.8	 0.106	 0.377
43.1	 113.8	 0.000	 0.000
45.0	 113.8	 0.235	 0.612
46.8	 113.8	 0.035	 0.635
48.5	 113.8	 -0.271	 0.588
50.4	 113.8	 -0.153	 0.529
52.1	 113.8	 0.106	 0.577
54.0	 113.8	 -0.012	 0.624
55.8	 113.8	 -0.082	 0.541
57.5	 113.8	 0.082	 0.565
59.5	 113.8	 0.071	 0.494
61.3	 113.8	 -0.094	 0.224
63.0	 113.8	 0.165	 0.447
64.8	 113.8	 0.082	 0.459
66.7	 113.8	 -0.071	 0.635
68.5	 113.8	 -0.024	 0.577
70.3	 113.8	 0.000	 0.000
-2.0	 115.6	 0.000	 0.000
-0.3	 115.6	 0.000	 0.000
1.5	 115.6	 0.000	 0.000
3.3	 115.6	 0.000	 0.894
5.2	 115.6	 0.035	 0.777
6.9	 115.6	 0.059	 0.871
8.8	 115.6	 0.000	 0.000
10.7	 115.6	 -0.035	 0.706
12.4	 115.6	 0.294	 0.671
14.2	 115.6	 -0.165	 0.847
16.1	 115.6	 -0.212	 0.824
17.9	 115.6	 -0.329	 0.777
19.6	 115.6	 -0.024	 0.706
21.4	 115.6	 -0.094	 0.647
23.3	 115.6	 -0.012	 0.800
25.1	 115.6	 -0.094	 0.777
26.9	 115.6	 -0.106	 1.059
28.6	 115.6	 -0.047	 0.729
30.5	 115.6	 -0.106	 0.977
32.3	 115.6	 -0.059	 1.106
34.1	 115.6	 0.024	 1.047
36.0	 115.6	 -0.118	 1.153
37.8	 115.6	 0.035	 0.835
39.5	 115.6	 0.129	 0.682
41.4	 115.6	 0.035	 0.577
43.1	 115.6	 -0.106	 0.835
45.0	 115.6	 0.024	 1.012
46.8	 115.6	 -0.035	 0.871
48.5	 115.6	 0.153	 0.671
50.4	 115.6	 -0.153	 0.565
52.1	 115.6	 0.224	 0.553
54.0	 115.6	 0.141	 0.800
55.8	 115.6	 0.200	 0.247
57.5	 115.6	 -0.200	 0.459
59.5	 115.6	 0.082	 0.365
61.3	 115.6	 -0.141	 0.471
63.0	 115.6	 0.176	 0.694
64.8	 115.6	 0.294	 0.553
66.7	 115.6	 -0.153	 0.259
68.5	 115.6	 0.000	 0.518
70.3	 115.6	 0.000	 0.000
-2.0	 117.3	 0.000	 0.000
-0.3	 117.3	 0.000	 0.000
1.5	 117.3	 0.000	 0.000
3.3	 117.3	 0.012	 0.824
5.2	 117.3	 0.118	 0.906
6.9	 117.3	 0.035	 0.953
8.8	 117.3	 0.000	 0.000
10.7	 117.3	 -0.059	 0.777
12.4	 117.3	 0.294	 0.271
14.2	 117.3	 0.059	 0.906
16.1	 117.3	 -0.259	 0.729
17.9	 117.3	 0.000	 0.000
19.6	 117.3	 -0.212	 1.106
21.4	 117.3	 -0.212	 0.918
23.3	 117.3	 -0.024	 0.847
25.1	 117.3	 0.000	 0.871
26.9	 117.3	 -0.035	 1.106
28.6	 117.3	 0.118	 0.894
30.5	 117.3	 0.071	 0.871
32.3	 117.3	 0.000	 1.024
34.1	 117.3	 -0.424	 1.271
36.0	 117.3	 -0.141	 1.247
37.8	 117.3	 -0.012	 0.647
39.5	 117.3	 -0.259	 0.471
41.4	 117.3	 -0.282	 0.612
43.1	 117.3	 -0.106	 0.800
45.0	 117.3	 -0.247	 0.824
46.8	 117.3	 0.094	 0.812
48.5	 117.3	 0.129	 0.682
50.4	 117.3	 -0.094	 0.612
52.1	 117.3	 0.000	 0.000
54.0	 117.3	 0.153	 0.588
55.8	 117.3	 0.047	 0.718
57.5	 117.3	 0.000	 0.000
59.5	 117.3	 -0.188	 0.482
61.3	 117.3	 0.365	 0.435
63.0	 117.3	 0.518	 0.541
64.8	 117.3	 0.141	 0.577
66.7	 117.3	 -0.165	 0.471
68.5	 117.3	 -0.012	 0.788
70.3	 117.3	 0.000	 0.000
-2.0	 119.2	 0.000	 0.000
-0.3	 119.2	 0.000	 0.000
1.5	 119.2	 -0.565	 0.624
3.3	 119.2	 -0.588	 0.541
5.2	 119.2	 0.318	 0.800
6.9	 119.2	 -0.035	 0.294
8.8	 119.2	 0.435	 0.329
10.7	 119.2	 -0.329	 0.565
12.4	 119.2	 -0.306	 0.647
14.2	 119.2	 -0.353	 0.777
16.1	 119.2	 0.071	 0.071
17.9	 119.2	 0.000	 0.000
19.6	 119.2	 -0.024	 0.682
21.4	 119.2	 -0.012	 0.788
23.3	 119.2	 -0.012	 0.600
25.1	 119.2	 0.047	 0.824
26.9	 119.2	 0.082	 0.882
28.6	 119.2	 -0.094	 0.906
30.5	 119.2	 0.024	 0.906
32.3	 119.2	 -0.188	 0.894
34.1	 119.2	 -0.412	 0.800
36.0	 119.2	 0.047	 0.753
37.8	 119.2	 0.118	 0.765
39.5	 119.2	 0.141	 0.635
41.4	 119.2	 -0.012	 0.729
43.1	 119.2	 -0.094	 0.600
45.0	 119.2	 -0.129	 0.706
46.8	 119.2	 -0.024	 0.659
48.5	 119.2	 0.529	 0.129
50.4	 119.2	 0.047	 0.341
52.1	 119.2	 0.247	 0.824
54.0	 119.2	 0.259	 0.812
55.8	 119.2	 -0.024	 0.435
57.5	 119.2	 -0.024	 0.176
59.5	 119.2	 0.071	 0.612
61.3	 119.2	 0.000	 0.000
63.0	 119.2	 -0.165	 0.824
64.8	 119.2	 -0.094	 0.718
66.7	 119.2	 -0.141	 0.471
68.5	 119.2	 -0.082	 0.506
70.3	 119.2	 0.000	 0.000
-2.0	 121.0	 0.000	 0.000
-0.3	 121.0	 0.000	 0.000
1.5	 121.0	 -0.529	 0.118
3.3	 121.0	 -0.424	 0.141
5.2	 121.0	 0.388	 0.529
6.9	 121.0	 -0.212	 0.753
8.8	 121.0	 0.000	 0.000
10.7	 121.0	 -0.176	 0.871
12.4	 121.0	 -0.165	 0.847
14.2	 121.0	 -0.035	 0.577
16.1	 121.0	 0.165	 0.529
17.9	 121.0	 0.024	 1.012
19.6	 121.0	 0.047	 1.071
21.4	 121.0	 -0.012	 0.600
23.3	 121.0	 0.059	 0.918
25.1	 121.0	 -0.047	 1.071
26.9	 121.0	 -0.129	 0.977
28.6	 121.0	 -0.165	 0.930
30.5	 121.0	 -0.024	 0.894
32.3	 121.0	 -0.282	 0.859
34.1	 121.0	 -0.118	 0.777
36.0	 121.0	 0.153	 0.647
37.8	 121.0	 0.247	 0.800
39.5	 121.0	 0.541	 0.224
41.4	 121.0	 0.165	 0.024
43.1	 121.0	 -0.035	 0.847
45.0	 121.0	 0.094	 1.165
46.8	 121.0	 0.012	 0.659
48.5	 121.0	 0.047	 0.800
50.4	 121.0	 0.000	 0.859
52.1	 121.0	 -0.059	 0.282
54.0	 121.0	 0.435	 0.212
55.8	 121.0	 0.141	 0.282
57.5	 121.0	 0.188	 0.365
59.5	 121.0	 0.565	 0.435
61.3	 121.0	 0.071	 0.612
63.0	 121.0	 -0.047	 0.471
64.8	 121.0	 0.377	 0.188
66.7	 121.0	 0.035	 0.565
68.5	 121.0	 -0.059	 0.553
70.3	 121.0	 0.000	 0.000
-2.0	 122.8	 0.000	 0.000
-0.3	 122.8	 0.000	 0.000
1.5	 122.8	 -0.118	 0.259
3.3	 122.8	 -0.212	 0.118
5.2	 122.8	 0.059	 0.282
6.9	 122.8	 0.341	 0.471
8.8	 122.8	 0.165	 0.635
10.7	 122.8	 0.012	 1.224
12.4	 122.8	 -0.176	 0.894
14.2	 122.8	 0.000	 0.000
16.1	 122.8	 0.059	 0.930
17.9	 122.8	 0.000	 0.000
19.6	 122.8	 -0.035	 0.824
21.4	 122.8	 0.012	 0.777
23.3	 122.8	 0.000	 0.000
25.1	 122.8	 0.165	 0.824
26.9	 122.8	 0.059	 0.824
28.6	 122.8	 -0.082	 0.812
30.5	 122.8	 -0.082	 0.977
32.3	 122.8	 0.000	 0.000
34.1	 122.8	 0.000	 0.000
36.0	 122.8	 -0.129	 1.000
37.8	 122.8	 -0.059	 1.106
39.5	 122.8	 0.153	 0.930
41.4	 122.8	 0.000	 0.729
43.1	 122.8	 0.235	 0.635
45.0	 122.8	 -0.094	 0.659
46.8	 122.8	 0.059	 0.894
48.5	 122.8	 0.000	 0.000
50.4	 122.8	 -0.329	 0.612
52.1	 122.8	 -0.176	 0.612
54.0	 122.8	 0.506	 0.588
55.8	 122.8	 0.318	 0.671
57.5	 122.8	 0.024	 0.647
59.5	 122.8	 -0.176	 0.400
61.3	 122.8	 0.318	 0.729
63.0	 122.8	 -0.071	 0.882
64.8	 122.8	 -0.212	 0.835
66.7	 122.8	 0.235	 0.200
68.5	 122.8	 -0.071	 0.529
70.3	 122.8	 0.000	 0.000
-2.0	 124.6	 0.000	 0.000
-0.3	 124.6	 0.000	 0.000
1.5	 124.6	 -0.012	 0.824
3.3	 124.6	 -0.224	 0.271
5.2	 124.6	 0.047	 0.930
6.9	 124.6	 0.071	 0.988
8.8	 124.6	 0.129	 0.635
10.7	 124.6	 -0.047	 0.729
12.4	 124.6	 -0.188	 0.753
14.2	 124.6	 -0.247	 0.765
16.1	 124.6	 0.000	 1.024
17.9	 124.6	 0.024	 1.000
19.6	 124.6	 0.012	 0.941
21.4	 124.6	 -0.071	 0.871
23.3	 124.6	 0.141	 0.918
25.1	 124.6	 -0.012	 0.847
26.9	 124.6	 -0.118	 1.012
28.6	 124.6	 0.035	 1.130
30.5	 124.6	 0.106	 1.118
32.3	 124.6	 0.000	 0.000
34.1	 124.6	 0.000	 0.000
36.0	 124.6	 -0.318	 0.718
37.8	 124.6	 -0.082	 0.765
39.5	 124.6	 -0.035	 0.753
41.4	 124.6	 -0.047	 0.647
43.1	 124.6	 -0.071	 0.682
45.0	 124.6	 -0.224	 0.682
46.8	 124.6	 0.000	 0.000
48.5	 124.6	 -0.059	 0.777
50.4	 124.6	 -0.094	 0.506
52.1	 124.6	 0.024	 0.424
54.0	 124.6	 0.106	 0.553
55.8	 124.6	 -0.129	 0.471
57.5	 124.6	 -0.024	 0.153
59.5	 124.6	 -0.212	 0.294
61.3	 124.6	 0.000	 0.000
63.0	 124.6	 -0.141	 0.812
64.8	 124.6	 -0.047	 0.777
66.7	 124.6	 0.518	 0.694
68.5	 124.6	 0.000	 0.000
70.3	 124.6	 0.000	 0.000
