-3.8	 50.5	 0.000	 0.000
-2.0	 50.5	 0.000	 0.000
-0.3	 50.5	 -0.035	 1.471
1.5	 50.5	 0.506	 1.624
3.4	 50.5	 0.259	 1.730
5.1	 50.5	 -0.024	 1.612
7.0	 50.5	 0.765	 1.612
8.8	 50.5	 0.482	 1.977
10.6	 50.5	 -0.659	 2.789
12.4	 50.5	 -0.506	 2.847
14.3	 50.5	 0.000	 0.000
16.1	 50.5	 0.141	 2.612
17.8	 50.5	 -0.012	 2.765
19.7	 50.5	 0.000	 0.000
21.4	 50.5	 0.035	 2.694
23.3	 50.5	 0.047	 2.730
25.1	 50.5	 0.059	 2.200
26.8	 50.5	 0.200	 2.106
28.7	 50.5	 0.000	 3.306
30.4	 50.5	 0.882	 2.918
32.3	 50.5	 -0.565	 3.000
34.1	 50.5	 0.000	 0.000
35.9	 50.5	 0.600	 2.483
37.7	 50.5	 0.682	 2.377
39.5	 50.5	 0.565	 2.424
41.3	 50.5	 0.141	 2.283
43.1	 50.5	 -0.341	 2.306
44.9	 50.5	 -0.235	 2.106
46.7	 50.5	 0.000	 0.000
48.5	 50.5	 -0.094	 2.683
50.3	 50.5	 -0.094	 2.389
52.1	 50.5	 -0.365	 2.365
53.9	 50.5	 0.000	 0.000
55.7	 50.5	 0.000	 0.000
57.6	 50.5	 -0.024	 1.953
59.4	 50.5	 0.082	 1.847
61.2	 50.5	 -0.176	 1.941
63.0	 50.5	 0.024	 1.800
64.9	 50.5	 0.176	 1.894
66.7	 50.5	 -0.047	 1.883
68.5	 50.5	 -0.024	 -1.412
-3.8	 52.3	 0.000	 0.000
-2.0	 52.3	 0.000	 0.000
-0.3	 52.3	 -0.306	 2.365
1.5	 52.3	 -0.165	 2.236
3.4	 52.3	 0.012	 1.988
5.1	 52.3	 0.082	 1.812
7.0	 52.3	 0.800	 1.577
8.8	 52.3	 0.435	 2.059
10.6	 52.3	 -0.482	 3.071
12.4	 52.3	 0.059	 2.471
14.3	 52.3	 0.082	 2.094
16.1	 52.3	 0.047	 2.059
17.8	 52.3	 0.000	 0.000
19.7	 52.3	 0.224	 2.730
21.4	 52.3	 0.000	 0.000
23.3	 52.3	 0.412	 2.800
25.1	 52.3	 0.000	 0.000
26.8	 52.3	 0.412	 2.200
28.7	 52.3	 -0.012	 1.553
30.4	 52.3	 0.000	 0.000
32.3	 52.3	 -0.506	 2.977
34.1	 52.3	 0.000	 0.000
35.9	 52.3	 1.000	 2.894
37.7	 52.3	 0.741	 1.965
39.5	 52.3	 0.635	 2.118
41.3	 52.3	 0.188	 2.059
43.1	 52.3	 1.424	 2.247
44.9	 52.3	 0.212	 2.424
46.7	 52.3	 0.859	 2.706
48.5	 52.3	 0.118	 2.118
50.3	 52.3	 0.259	 2.036
52.1	 52.3	 0.318	 2.024
53.9	 52.3	 -0.259	 2.247
55.7	 52.3	 0.000	 0.000
57.6	 52.3	 0.212	 2.094
59.4	 52.3	 -0.071	 1.647
61.2	 52.3	 -0.294	 2.353
63.0	 52.3	 -0.200	 1.930
64.9	 52.3	 -0.129	 1.800
66.7	 52.3	 -0.071	 1.977
68.5	 52.3	 0.000	 0.000
-3.8	 54.1	 0.000	 0.000
-2.0	 54.1	 0.000	 0.000
-0.3	 54.1	 0.000	 0.000
1.5	 54.1	 0.306	 1.941
3.4	 54.1	 0.553	 2.259
5.1	 54.1	 0.000	 0.000
7.0	 54.1	 0.188	 2.824
8.8	 54.1	 0.282	 1.977
10.6	 54.1	 -0.365	 3.000
12.4	 54.1	 0.000	 0.000
14.3	 54.1	 0.129	 3.012
16.1	 54.1	 -0.847	 0.165
17.8	 54.1	 0.012	 2.389
19.7	 54.1	 0.141	 2.730
21.4	 54.1	 0.200	 -3.918
23.3	 54.1	 0.000	 0.000
25.1	 54.1	 0.118	 2.565
26.8	 54.1	 1.141	 2.871
28.7	 54.1	 -0.106	 1.388
30.4	 54.1	 -0.235	 1.306
32.3	 54.1	 0.000	 0.000
34.1	 54.1	 0.000	 0.000
35.9	 54.1	 -0.071	 2.247
37.7	 54.1	 -0.459	 2.306
39.5	 54.1	 0.000	 0.000
41.3	 54.1	 0.106	 2.718
43.1	 54.1	 -0.235	 2.577
44.9	 54.1	 -0.012	 2.165
46.7	 54.1	 -0.153	 2.165
48.5	 54.1	 0.094	 2.377
50.3	 54.1	 0.000	 0.000
52.1	 54.1	 0.000	 0.000
53.9	 54.1	 0.000	 0.000
55.7	 54.1	 0.082	 2.624
57.6	 54.1	 -0.071	 2.306
59.4	 54.1	 0.247	 3.577
61.2	 54.1	 0.741	 1.553
63.0	 54.1	 -0.565	 1.824
64.9	 54.1	 -0.529	 1.965
66.7	 54.1	 -0.082	 2.036
68.5	 54.1	 0.000	 0.000
-3.8	 55.9	 0.000	 0.000
-2.0	 55.9	 0.000	 0.000
-0.3	 55.9	 0.094	 1.683
1.5	 55.9	 0.012	 2.165
3.4	 55.9	 0.000	 0.000
5.1	 55.9	 -0.153	 2.530
7.0	 55.9	 0.000	 0.000
8.8	 55.9	 -0.471	 2.424
10.6	 55.9	 0.000	 0.000
12.4	 55.9	 -0.412	 3.012
14.3	 55.9	 -0.671	 2.847
16.1	 55.9	 -0.059	 2.400
17.8	 55.9	 0.047	 2.589
19.7	 55.9	 -0.059	 2.647
21.4	 55.9	 -0.094	 2.965
23.3	 55.9	 0.000	 2.918
25.1	 55.9	 0.118	 2.318
26.8	 55.9	 0.506	 2.777
28.7	 55.9	 -0.106	 1.836
30.4	 55.9	 -0.024	 1.612
32.3	 55.9	 0.612	 1.894
34.1	 55.9	 0.635	 2.353
35.9	 55.9	 0.129	 1.200
37.7	 55.9	 -0.447	 0.988
39.5	 55.9	 3.059	 -0.824
41.3	 55.9	 0.000	 0.000
43.1	 55.9	 -0.024	 1.447
44.9	 55.9	 0.000	 0.000
46.7	 55.9	 -0.847	 2.036
48.5	 55.9	 -0.729	 2.200
50.3	 55.9	 -0.153	 0.824
52.1	 55.9	 -0.176	 0.871
53.9	 55.9	 -0.329	 1.483
55.7	 55.9	 -0.165	 1.836
57.6	 55.9	 0.000	 0.000
59.4	 55.9	 2.259	 -0.694
61.2	 55.9	 -0.471	 1.918
63.0	 55.9	 0.659	 2.765
64.9	 55.9	 -0.118	 1.918
66.7	 55.9	 0.588	 1.836
68.5	 55.9	 0.000	 0.000
-3.8	 57.7	 0.000	 0.000
-2.0	 57.7	 0.000	 0.000
-0.3	 57.7	 -1.800	 -1.506
1.5	 57.7	 0.000	 0.000
3.4	 57.7	 0.082	 2.589
5.1	 57.7	 0.094	 2.400
7.0	 57.7	 -0.212	 2.436
8.8	 57.7	 0.000	 0.000
10.6	 57.7	 0.000	 0.000
12.4	 57.7	 0.259	 2.412
14.3	 57.7	 0.012	 2.636
16.1	 57.7	 -0.141	 2.741
17.8	 57.7	 -0.141	 3.059
19.7	 57.7	 0.224	 2.589
21.4	 57.7	 -0.247	 2.106
23.3	 57.7	 0.506	 2.847
25.1	 57.7	 0.518	 2.894
26.8	 57.7	 0.000	 0.000
28.7	 57.7	 0.000	 0.000
30.4	 57.7	 0.047	 2.871
32.3	 57.7	 -0.471	 2.094
34.1	 57.7	 0.718	 1.718
35.9	 57.7	 -0.671	 2.765
37.7	 57.7	 0.577	 1.247
39.5	 57.7	 0.000	 0.000
41.3	 57.7	 0.000	 0.000
43.1	 57.7	 -0.859	 2.094
44.9	 57.7	 0.000	 0.000
46.7	 57.7	 0.412	 3.012
48.5	 57.7	 -1.353	 1.224
50.3	 57.7	 -0.129	 1.965
52.1	 57.7	 -0.329	 1.459
53.9	 57.7	 -0.306	 1.059
55.7	 57.7	 -0.412	 1.400
57.6	 57.7	 1.388	 1.518
59.4	 57.7	 0.082	 2.341
61.2	 57.7	 0.035	 2.224
63.0	 57.7	 0.000	 0.000
64.9	 57.7	 0.000	 0.000
66.7	 57.7	 -0.059	 1.718
68.5	 57.7	 0.000	 0.000
-3.8	 59.5	 0.000	 0.000
-2.0	 59.5	 0.000	 0.000
-0.3	 59.5	 -0.141	 2.130
1.5	 59.5	 0.024	 2.130
3.4	 59.5	 -0.118	 2.247
5.1	 59.5	 -0.024	 2.330
7.0	 59.5	 -0.318	 2.953
8.8	 59.5	 0.000	 0.000
10.6	 59.5	 -0.141	 2.483
12.4	 59.5	 -0.118	 2.789
14.3	 59.5	 0.000	 0.000
16.1	 59.5	 0.565	 1.671
17.8	 59.5	 0.047	 2.989
19.7	 59.5	 -0.541	 1.918
21.4	 59.5	 -0.835	 1.683
23.3	 59.5	 0.000	 0.000
25.1	 59.5	 0.082	 2.200
26.8	 59.5	 0.012	 1.883
28.7	 59.5	 0.012	 1.612
30.4	 59.5	 -0.682	 3.000
32.3	 59.5	 0.235	 2.989
34.1	 59.5	 -1.094	 2.353
35.9	 59.5	 0.000	 0.000
37.7	 59.5	 0.482	 2.130
39.5	 59.5	 0.047	 2.212
41.3	 59.5	 0.000	 0.000
43.1	 59.5	 0.000	 0.000
44.9	 59.5	 0.682	 2.083
46.7	 59.5	 0.000	 0.000
48.5	 59.5	 -1.341	 1.200
50.3	 59.5	 0.588	 3.024
52.1	 59.5	 -0.247	 1.894
53.9	 59.5	 -0.141	 2.318
55.7	 59.5	 0.000	 0.000
57.6	 59.5	 0.000	 0.000
59.4	 59.5	 0.000	 0.000
61.2	 59.5	 0.000	 0.000
63.0	 59.5	 -0.271	 2.436
64.9	 59.5	 0.000	 0.000
66.7	 59.5	 -0.071	 2.000
68.5	 59.5	 0.000	 0.000
-3.8	 61.3	 0.000	 0.000
-2.0	 61.3	 0.000	 0.000
-0.3	 61.3	 0.000	 0.000
1.5	 61.3	 -0.600	 2.730
3.4	 61.3	 -0.459	 2.847
5.1	 61.3	 -0.059	 2.541
7.0	 61.3	 0.176	 2.541
8.8	 61.3	 -0.447	 2.953
10.6	 61.3	 -0.788	 2.694
12.4	 61.3	 -0.365	 2.812
14.3	 61.3	 -0.094	 2.883
16.1	 61.3	 -0.012	 1.624
17.8	 61.3	 -0.012	 1.612
19.7	 61.3	 0.153	 1.577
21.4	 61.3	 0.000	 0.000
23.3	 61.3	 -0.176	 1.565
25.1	 61.3	 0.224	 2.918
26.8	 61.3	 0.847	 3.236
28.7	 61.3	 0.118	 2.894
30.4	 61.3	 0.671	 2.036
32.3	 61.3	 0.624	 2.177
34.1	 61.3	 0.000	 0.000
35.9	 61.3	 0.847	 3.059
37.7	 61.3	 0.741	 2.541
39.5	 61.3	 0.000	 0.000
41.3	 61.3	 0.000	 0.000
43.1	 61.3	 -1.035	 2.177
44.9	 61.3	 -3.859	 -1.177
46.7	 61.3	 0.000	 0.000
48.5	 61.3	 -0.106	 1.977
50.3	 61.3	 -0.200	 2.706
52.1	 61.3	 -0.306	 1.871
53.9	 61.3	 0.000	 0.000
55.7	 61.3	 -0.200	 2.106
57.6	 61.3	 -0.306	 1.718
59.4	 61.3	 0.329	 2.789
61.2	 61.3	 0.271	 1.530
63.0	 61.3	 -0.094	 1.930
64.9	 61.3	 -0.035	 2.247
66.7	 61.3	 0.094	 0.424
68.5	 61.3	 0.000	 0.000
-3.8	 63.2	 0.000	 0.000
-2.0	 63.2	 0.000	 0.000
-0.3	 63.2	 0.000	 0.000
1.5	 63.2	 -0.824	 2.977
3.4	 63.2	 -0.529	 3.259
5.1	 63.2	 0.000	 0.000
7.0	 63.2	 -0.176	 2.330
8.8	 63.2	 -0.353	 3.071
10.6	 63.2	 -0.188	 3.071
12.4	 63.2	 0.000	 0.000
14.3	 63.2	 0.000	 0.000
16.1	 63.2	 -0.071	 2.600
17.8	 63.2	 0.953	 3.142
19.7	 63.2	 0.000	 0.000
21.4	 63.2	 0.141	 2.353
23.3	 63.2	 -0.094	 2.577
25.1	 63.2	 0.024	 2.412
26.8	 63.2	 0.000	 0.000
28.7	 63.2	 0.588	 1.753
30.4	 63.2	 0.188	 1.730
32.3	 63.2	 0.706	 3.047
34.1	 63.2	 0.482	 3.000
35.9	 63.2	 0.000	 0.000
37.7	 63.2	 0.000	 0.000
39.5	 63.2	 -1.000	 2.789
41.3	 63.2	 0.365	 2.377
43.1	 63.2	 0.235	 2.365
44.9	 63.2	 -0.106	 2.847
46.7	 63.2	 -0.271	 2.906
48.5	 63.2	 -0.259	 1.765
50.3	 63.2	 -0.024	 1.718
52.1	 63.2	 -0.047	 1.647
53.9	 63.2	 -0.812	 1.965
55.7	 63.2	 -0.329	 2.012
57.6	 63.2	 -0.329	 2.059
59.4	 63.2	 -0.176	 2.589
61.2	 63.2	 0.035	 2.824
63.0	 63.2	 -0.024	 2.883
64.9	 63.2	 0.024	 2.447
66.7	 63.2	 -0.024	 2.094
68.5	 63.2	 0.047	 -1.388
-3.8	 65.0	 0.000	 0.000
-2.0	 65.0	 0.000	 0.000
-0.3	 65.0	 0.000	 0.000
1.5	 65.0	 0.612	 1.847
3.4	 65.0	 0.000	 0.000
5.1	 65.0	 0.000	 0.000
7.0	 65.0	 0.000	 0.000
8.8	 65.0	 -0.059	 2.883
10.6	 65.0	 -0.035	 3.047
12.4	 65.0	 -0.129	 3.636
14.3	 65.0	 -0.153	 3.353
16.1	 65.0	 0.000	 0.000
17.8	 65.0	 0.000	 0.000
19.7	 65.0	 0.259	 2.553
21.4	 65.0	 0.118	 2.671
23.3	 65.0	 0.000	 0.000
25.1	 65.0	 0.412	 2.047
26.8	 65.0	 0.859	 2.094
28.7	 65.0	 -0.271	 1.647
30.4	 65.0	 0.035	 1.706
32.3	 65.0	 -0.153	 1.624
34.1	 65.0	 -1.494	 -4.248
35.9	 65.0	 0.012	 2.024
37.7	 65.0	 0.000	 0.000
39.5	 65.0	 -0.882	 2.836
41.3	 65.0	 -0.529	 3.918
43.1	 65.0	 0.447	 2.530
44.9	 65.0	 0.000	 2.306
46.7	 65.0	 -0.506	 2.094
48.5	 65.0	 -0.682	 2.094
50.3	 65.0	 0.141	 1.718
52.1	 65.0	 -0.459	 2.094
53.9	 65.0	 -0.506	 2.106
55.7	 65.0	 -0.082	 2.177
57.6	 65.0	 -0.788	 2.094
59.4	 65.0	 0.000	 0.000
61.2	 65.0	 -0.035	 2.942
63.0	 65.0	 0.071	 2.918
64.9	 65.0	 0.176	 2.153
66.7	 65.0	 0.129	 2.212
68.5	 65.0	 0.000	 0.000
-3.8	 66.8	 0.000	 0.000
-2.0	 66.8	 0.000	 0.000
-0.3	 66.8	 0.000	 0.000
1.5	 66.8	 0.000	 0.000
3.4	 66.8	 0.282	 2.212
5.1	 66.8	 -0.118	 2.447
7.0	 66.8	 -0.294	 2.753
8.8	 66.8	 -0.153	 2.424
10.6	 66.8	 -0.094	 2.906
12.4	 66.8	 0.000	 0.000
14.3	 66.8	 0.000	 0.000
16.1	 66.8	 0.035	 3.342
17.8	 66.8	 0.165	 3.106
19.7	 66.8	 -0.882	 2.188
21.4	 66.8	 -0.988	 2.165
23.3	 66.8	 -1.082	 2.165
25.1	 66.8	 0.000	 0.000
26.8	 66.8	 0.000	 0.000
28.7	 66.8	 0.035	 1.894
30.4	 66.8	 0.494	 1.906
32.3	 66.8	 0.541	 2.118
34.1	 66.8	 0.224	 2.859
35.9	 66.8	 -0.118	 1.824
37.7	 66.8	 -0.612	 2.318
39.5	 66.8	 -0.647	 3.059
41.3	 66.8	 0.000	 0.000
43.1	 66.8	 -0.176	 2.565
44.9	 66.8	 -0.153	 2.365
46.7	 66.8	 -0.753	 2.494
48.5	 66.8	 -0.412	 2.294
50.3	 66.8	 -0.671	 2.506
52.1	 66.8	 -0.459	 2.706
53.9	 66.8	 -0.012	 2.530
55.7	 66.8	 0.000	 2.847
57.6	 66.8	 0.059	 1.812
59.4	 66.8	 -3.024	 2.894
61.2	 66.8	 -0.129	 2.400
63.0	 66.8	 -0.059	 2.389
64.9	 66.8	 0.271	 2.459
66.7	 66.8	 0.000	 -2.541
68.5	 66.8	 -0.047	 -2.930
-3.8	 68.6	 0.000	 0.000
-2.0	 68.6	 0.000	 0.000
-0.3	 68.6	 0.000	 0.000
1.5	 68.6	 -0.118	 2.330
3.4	 68.6	 0.000	 0.000
5.1	 68.6	 0.012	 2.389
7.0	 68.6	 0.141	 2.059
8.8	 68.6	 -0.329	 2.836
10.6	 68.6	 0.082	 3.059
12.4	 68.6	 0.188	 3.071
14.3	 68.6	 0.000	 0.000
16.1	 68.6	 0.000	 0.000
17.8	 68.6	 0.000	 0.000
19.7	 68.6	 0.294	 2.600
21.4	 68.6	 -0.129	 2.530
23.3	 68.6	 0.212	 1.706
25.1	 68.6	 0.035	 1.730
26.8	 68.6	 0.035	 2.036
28.7	 68.6	 0.682	 2.118
30.4	 68.6	 -0.706	 2.930
32.3	 68.6	 0.000	 0.000
34.1	 68.6	 0.000	 0.000
35.9	 68.6	 0.000	 0.000
37.7	 68.6	 0.000	 0.000
39.5	 68.6	 0.365	 2.459
41.3	 68.6	 0.059	 2.471
43.1	 68.6	 0.000	 0.000
44.9	 68.6	 0.000	 0.000
46.7	 68.6	 -0.918	 2.141
48.5	 68.6	 -0.106	 1.836
50.3	 68.6	 -0.259	 1.353
52.1	 68.6	 0.000	 0.000
53.9	 68.6	 0.000	 0.000
55.7	 68.6	 -0.271	 2.318
57.6	 68.6	 -0.047	 2.565
59.4	 68.6	 0.000	 0.000
61.2	 68.6	 -0.224	 2.518
63.0	 68.6	 0.271	 2.306
64.9	 68.6	 0.235	 2.553
66.7	 68.6	 0.000	 0.000
68.5	 68.6	 0.000	 0.000
-3.8	 70.4	 0.000	 0.000
-2.0	 70.4	 0.000	 0.000
-0.3	 70.4	 0.000	 0.000
1.5	 70.4	 0.000	 0.000
3.4	 70.4	 -0.247	 2.424
5.1	 70.4	 0.000	 2.353
7.0	 70.4	 0.047	 2.024
8.8	 70.4	 0.059	 2.236
10.6	 70.4	 -0.447	 2.012
12.4	 70.4	 -0.318	 2.318
14.3	 70.4	 -0.106	 2.353
16.1	 70.4	 0.000	 0.000
17.8	 70.4	 0.000	 0.000
19.7	 70.4	 0.141	 2.141
21.4	 70.4	 -0.094	 2.130
23.3	 70.4	 0.047	 1.741
25.1	 70.4	 0.388	 2.400
26.8	 70.4	 0.000	 0.000
28.7	 70.4	 0.000	 0.000
30.4	 70.4	 0.612	 1.553
32.3	 70.4	 -0.565	 2.741
34.1	 70.4	 0.000	 0.000
35.9	 70.4	 -0.353	 3.565
37.7	 70.4	 -0.588	 3.530
39.5	 70.4	 0.682	 2.812
41.3	 70.4	 1.000	 1.741
43.1	 70.4	 -0.341	 2.389
44.9	 70.4	 0.000	 0.000
46.7	 70.4	 -0.824	 2.530
48.5	 70.4	 -0.071	 2.459
50.3	 70.4	 0.071	 2.483
52.1	 70.4	 -0.377	 2.083
53.9	 70.4	 -0.082	 2.247
55.7	 70.4	 -0.059	 2.259
57.6	 70.4	 -0.141	 2.836
59.4	 70.4	 -0.176	 1.824
61.2	 70.4	 -0.059	 2.106
63.0	 70.4	 -0.141	 -0.812
64.9	 70.4	 -0.059	 2.412
66.7	 70.4	 0.000	 0.000
68.5	 70.4	 0.000	 0.000
-3.8	 72.2	 0.000	 0.000
-2.0	 72.2	 0.000	 0.000
-0.3	 72.2	 0.000	 0.000
1.5	 72.2	 0.082	 2.247
3.4	 72.2	 -0.235	 2.259
5.1	 72.2	 -0.541	 2.541
7.0	 72.2	 0.494	 2.224
8.8	 72.2	 0.000	 0.000
10.6	 72.2	 0.259	 1.965
12.4	 72.2	 -0.082	 1.718
14.3	 72.2	 -0.012	 2.412
16.1	 72.2	 0.000	 0.000
17.8	 72.2	 0.024	 2.953
19.7	 72.2	 0.812	 3.118
21.4	 72.2	 0.176	 2.836
23.3	 72.2	 -1.506	 2.894
25.1	 72.2	 -0.659	 2.859
26.8	 72.2	 0.176	 2.165
28.7	 72.2	 0.000	 0.000
30.4	 72.2	 -0.318	 2.283
32.3	 72.2	 0.365	 2.965
34.1	 72.2	 0.000	 0.000
35.9	 72.2	 0.000	 0.000
37.7	 72.2	 -0.600	 3.000
39.5	 72.2	 0.000	 0.000
41.3	 72.2	 0.000	 0.000
43.1	 72.2	 0.000	 0.000
44.9	 72.2	 -0.200	 2.306
46.7	 72.2	 -0.882	 2.247
48.5	 72.2	 -0.588	 2.447
50.3	 72.2	 0.047	 2.942
52.1	 72.2	 0.012	 2.812
53.9	 72.2	 -0.082	 2.165
55.7	 72.2	 -0.141	 2.200
57.6	 72.2	 -1.024	 1.906
59.4	 72.2	 -0.306	 1.977
61.2	 72.2	 -0.071	 2.247
63.0	 72.2	 -0.118	 -0.741
64.9	 72.2	 0.012	 2.541
66.7	 72.2	 -0.435	 2.977
68.5	 72.2	 0.000	 0.000
-3.8	 74.0	 0.000	 0.000
-2.0	 74.0	 2.953	 0.000
-0.3	 74.0	 0.000	 0.000
1.5	 74.0	 0.165	 2.012
3.4	 74.0	 -0.059	 2.600
5.1	 74.0	 0.212	 2.365
7.0	 74.0	 0.435	 2.118
8.8	 74.0	 0.000	 0.000
10.6	 74.0	 0.647	 1.824
12.4	 74.0	 2.212	 -1.353
14.3	 74.0	 -0.200	 2.930
16.1	 74.0	 0.353	 3.142
17.8	 74.0	 -0.071	 2.989
19.7	 74.0	 0.882	 3.706
21.4	 74.0	 0.000	 1.871
23.3	 74.0	 0.482	 3.577
25.1	 74.0	 0.541	 3.400
26.8	 74.0	 0.000	 0.000
28.7	 74.0	 0.000	 0.000
30.4	 74.0	 0.000	 0.000
32.3	 74.0	 -0.494	 3.189
34.1	 74.0	 0.071	 2.412
35.9	 74.0	 0.106	 2.636
37.7	 74.0	 -0.765	 2.318
39.5	 74.0	 -0.176	 2.953
41.3	 74.0	 0.000	 0.000
43.1	 74.0	 0.412	 2.165
44.9	 74.0	 -0.012	 3.000
46.7	 74.0	 0.000	 0.000
48.5	 74.0	 -0.671	 2.247
50.3	 74.0	 0.000	 0.000
52.1	 74.0	 -0.365	 2.424
53.9	 74.0	 -0.153	 2.718
55.7	 74.0	 -0.059	 3.000
57.6	 74.0	 0.000	 2.400
59.4	 74.0	 -0.024	 2.341
61.2	 74.0	 0.235	 2.847
63.0	 74.0	 -0.106	 2.589
64.9	 74.0	 -0.012	 2.188
66.7	 74.0	 0.129	 2.106
68.5	 74.0	 -0.035	 -1.506
-3.8	 75.8	 0.000	 0.000
-2.0	 75.8	 0.000	 0.000
-0.3	 75.8	 0.000	 0.000
1.5	 75.8	 0.165	 2.094
3.4	 75.8	 0.059	 1.953
5.1	 75.8	 0.459	 2.106
7.0	 75.8	 0.235	 2.094
8.8	 75.8	 -0.047	 2.883
10.6	 75.8	 0.000	 0.000
12.4	 75.8	 0.000	 0.000
14.3	 75.8	 0.024	 3.224
16.1	 75.8	 0.000	 0.000
17.8	 75.8	 0.082	 3.118
19.7	 75.8	 0.000	 0.000
21.4	 75.8	 0.388	 3.295
23.3	 75.8	 0.259	 2.942
25.1	 75.8	 0.141	 2.789
26.8	 75.8	 0.165	 2.259
28.7	 75.8	 0.212	 3.106
30.4	 75.8	 0.000	 0.000
32.3	 75.8	 0.459	 3.212
34.1	 75.8	 0.000	 0.000
35.9	 75.8	 0.000	 0.000
37.7	 75.8	 -1.035	 2.094
39.5	 75.8	 0.000	 0.000
41.3	 75.8	 0.000	 0.000
43.1	 75.8	 -0.553	 2.377
44.9	 75.8	 -0.506	 2.400
46.7	 75.8	 -0.812	 2.306
48.5	 75.8	 -3.283	 2.424
50.3	 75.8	 0.000	 0.000
52.1	 75.8	 -0.647	 2.283
53.9	 75.8	 0.000	 0.000
55.7	 75.8	 -0.388	 2.118
57.6	 75.8	 -0.165	 2.271
59.4	 75.8	 0.200	 2.141
61.2	 75.8	 0.424	 2.224
63.0	 75.8	 -0.412	 2.494
64.9	 75.8	 -0.118	 2.318
66.7	 75.8	 -0.059	 2.024
68.5	 75.8	 0.000	 0.000
-3.8	 77.6	 0.000	 0.000
-2.0	 77.6	 0.000	 0.000
-0.3	 77.6	 0.000	 0.000
1.5	 77.6	 0.000	 0.000
3.4	 77.6	 -0.235	 2.412
5.1	 77.6	 0.000	 0.000
7.0	 77.6	 0.000	 0.000
8.8	 77.6	 0.000	 0.000
10.6	 77.6	 0.000	 0.000
12.4	 77.6	 0.000	 0.000
14.3	 77.6	 0.000	 0.000
16.1	 77.6	 0.000	 0.000
17.8	 77.6	 0.529	 3.706
19.7	 77.6	 0.059	 2.683
21.4	 77.6	 0.000	 0.000
23.3	 77.6	 -0.165	 2.400
25.1	 77.6	 0.000	 0.000
26.8	 77.6	 -0.624	 2.118
28.7	 77.6	 -0.729	 2.259
30.4	 77.6	 1.024	 2.377
32.3	 77.6	 0.118	 2.341
34.1	 77.6	 0.000	 0.000
35.9	 77.6	 -0.741	 2.118
37.7	 77.6	 0.000	 0.000
39.5	 77.6	 0.106	 2.647
41.3	 77.6	 0.094	 2.271
43.1	 77.6	 0.000	 0.000
44.9	 77.6	 -0.447	 2.883
46.7	 77.6	 -0.494	 2.459
48.5	 77.6	 -0.106	 2.494
50.3	 77.6	 0.059	 2.741
52.1	 77.6	 0.000	 0.000
53.9	 77.6	 -0.882	 2.306
55.7	 77.6	 0.000	 0.000
57.6	 77.6	 -0.059	 1.859
59.4	 77.6	 0.000	 0.000
61.2	 77.6	 -0.447	 2.165
63.0	 77.6	 0.000	 0.000
64.9	 77.6	 -0.035	 2.459
66.7	 77.6	 0.047	 2.694
68.5	 77.6	 0.000	 0.000
-3.8	 79.4	 0.000	 0.000
-2.0	 79.4	 0.000	 0.000
-0.3	 79.4	 0.000	 0.000
1.5	 79.4	 0.059	 2.377
3.4	 79.4	 0.129	 2.330
5.1	 79.4	 -0.153	 2.459
7.0	 79.4	 0.000	 0.000
8.8	 79.4	 0.482	 1.271
10.6	 79.4	 -0.565	 2.871
12.4	 79.4	 -0.235	 3.236
14.3	 79.4	 -0.294	 3.153
16.1	 79.4	 0.000	 0.000
17.8	 79.4	 0.000	 0.000
19.7	 79.4	 0.353	 2.177
21.4	 79.4	 0.012	 2.212
23.3	 79.4	 -0.729	 2.400
25.1	 79.4	 -0.153	 2.177
26.8	 79.4	 -0.188	 1.941
28.7	 79.4	 0.000	 0.000
30.4	 79.4	 0.435	 2.789
32.3	 79.4	 0.129	 2.777
34.1	 79.4	 -0.012	 2.236
35.9	 79.4	 -0.141	 2.283
37.7	 79.4	 -0.035	 2.141
39.5	 79.4	 -0.271	 3.000
41.3	 79.4	 -0.212	 2.565
43.1	 79.4	 -0.165	 3.271
44.9	 79.4	 -0.577	 2.930
46.7	 79.4	 -0.435	 2.224
48.5	 79.4	 -0.529	 2.424
50.3	 79.4	 0.000	 0.000
52.1	 79.4	 0.624	 2.871
53.9	 79.4	 0.541	 2.836
55.7	 79.4	 0.000	 0.000
57.6	 79.4	 0.000	 0.000
59.4	 79.4	 0.047	 2.753
61.2	 79.4	 -0.118	 2.706
63.0	 79.4	 0.282	 2.718
64.9	 79.4	 4.330	 1.318
66.7	 79.4	 -0.047	 2.200
68.5	 79.4	 0.000	 0.000
-3.8	 81.2	 0.000	 0.000
-2.0	 81.2	 0.000	 0.000
-0.3	 81.2	 0.000	 0.000
1.5	 81.2	 -0.012	 2.977
3.4	 81.2	 0.329	 2.212
5.1	 81.2	 0.329	 2.259
7.0	 81.2	 0.000	 0.000
8.8	 81.2	 0.294	 2.577
10.6	 81.2	 -0.200	 3.024
12.4	 81.2	 0.000	 0.000
14.3	 81.2	 0.000	 0.000
16.1	 81.2	 -0.306	 2.471
17.8	 81.2	 0.318	 2.494
19.7	 81.2	 0.000	 2.294
21.4	 81.2	 0.000	 2.283
23.3	 81.2	 -0.141	 2.953
25.1	 81.2	 0.259	 2.836
26.8	 81.2	 0.000	 0.000
28.7	 81.2	 0.000	 0.000
30.4	 81.2	 0.000	 0.000
32.3	 81.2	 0.000	 0.000
34.1	 81.2	 1.412	 4.342
35.9	 81.2	 0.000	 0.000
37.7	 81.2	 0.000	 0.000
39.5	 81.2	 0.035	 3.071
41.3	 81.2	 0.341	 3.059
43.1	 81.2	 -0.765	 2.318
44.9	 81.2	 0.000	 2.965
46.7	 81.2	 0.000	 0.000
48.5	 81.2	 0.588	 2.141
50.3	 81.2	 -0.600	 2.306
52.1	 81.2	 -0.094	 2.212
53.9	 81.2	 -0.129	 2.165
55.7	 81.2	 -0.212	 2.530
57.6	 81.2	 -0.188	 2.494
59.4	 81.2	 0.447	 2.918
61.2	 81.2	 -0.059	 2.659
63.0	 81.2	 -0.306	 1.824
64.9	 81.2	 -0.024	 2.483
66.7	 81.2	 0.000	 2.188
68.5	 81.2	 0.000	 0.000
-3.8	 83.0	 0.000	 0.000
-2.0	 83.0	 0.000	 0.000
-0.3	 83.0	 0.000	 0.000
1.5	 83.0	 0.482	 2.424
3.4	 83.0	 0.341	 2.306
5.1	 83.0	 0.000	 0.000
7.0	 83.0	 -0.129	 3.000
8.8	 83.0	 -0.271	 3.271
10.6	 83.0	 -0.035	 2.989
12.4	 83.0	 0.553	 2.506
14.3	 83.0	 0.000	 0.000
16.1	 83.0	 0.129	 2.624
17.8	 83.0	 -0.141	 2.612
19.7	 83.0	 0.035	 2.541
21.4	 83.0	 0.541	 1.836
23.3	 83.0	 0.000	 0.000
25.1	 83.0	 0.071	 2.294
26.8	 83.0	 0.200	 2.753
28.7	 83.0	 0.000	 1.577
30.4	 83.0	 0.000	 0.000
32.3	 83.0	 0.000	 0.000
34.1	 83.0	 0.835	 2.188
35.9	 83.0	 -1.412	 2.647
37.7	 83.0	 -1.330	 2.659
39.5	 83.0	 -0.671	 3.247
41.3	 83.0	 2.318	 1.612
43.1	 83.0	 0.000	 0.000
44.9	 83.0	 -0.141	 2.859
46.7	 83.0	 -0.671	 2.294
48.5	 83.0	 0.000	 0.000
50.3	 83.0	 0.000	 0.000
52.1	 83.0	 0.000	 0.000
53.9	 83.0	 0.765	 2.389
55.7	 83.0	 0.518	 2.659
57.6	 83.0	 0.518	 2.659
59.4	 83.0	 0.000	 0.000
61.2	 83.0	 -0.059	 2.718
63.0	 83.0	 -0.282	 1.671
64.9	 83.0	 0.388	 2.942
66.7	 83.0	 0.047	 3.424
68.5	 83.0	 0.000	 0.000
-3.8	 84.8	 0.000	 0.000
-2.0	 84.8	 0.000	 0.000
-0.3	 84.8	 0.000	 0.000
1.5	 84.8	 0.624	 2.294
3.4	 84.8	 0.224	 2.188
5.1	 84.8	 -0.224	 2.789
7.0	 84.8	 -0.129	 2.636
8.8	 84.8	 0.000	 0.000
10.6	 84.8	 0.800	 2.553
12.4	 84.8	 0.000	 0.000
14.3	 84.8	 -0.118	 2.694
16.1	 84.8	 0.518	 3.024
17.8	 84.8	 0.435	 2.741
19.7	 84.8	 0.000	 0.000
21.4	 84.8	 0.000	 0.000
23.3	 84.8	 2.530	 -1.930
25.1	 84.8	 1.388	 1.518
26.8	 84.8	 1.377	 1.518
28.7	 84.8	 0.259	 2.412
30.4	 84.8	 0.094	 2.530
32.3	 84.8	 -0.988	 2.177
34.1	 84.8	 0.000	 0.000
35.9	 84.8	 0.000	 0.000
37.7	 84.8	 0.000	 0.000
39.5	 84.8	 0.000	 0.000
41.3	 84.8	 0.000	 0.000
43.1	 84.8	 0.000	 0.000
44.9	 84.8	 -0.153	 2.871
46.7	 84.8	 0.000	 0.000
48.5	 84.8	 -0.529	 1.859
50.3	 84.8	 0.000	 0.000
52.1	 84.8	 0.000	 0.000
53.9	 84.8	 0.000	 0.000
55.7	 84.8	 0.000	 0.000
57.6	 84.8	 -0.047	 2.812
59.4	 84.8	 0.035	 2.765
61.2	 84.8	 0.153	 3.000
63.0	 84.8	 0.377	 3.000
64.9	 84.8	 0.165	 2.930
66.7	 84.8	 0.494	 2.071
68.5	 84.8	 0.000	 0.000
-3.8	 86.7	 0.000	 0.000
-2.0	 86.7	 0.000	 0.000
-0.3	 86.7	 0.000	 0.000
1.5	 86.7	 -0.247	 2.141
3.4	 86.7	 0.494	 2.459
5.1	 86.7	 0.294	 2.153
7.0	 86.7	 0.000	 2.000
8.8	 86.7	 0.518	 2.188
10.6	 86.7	 -0.059	 2.812
12.4	 86.7	 0.000	 0.000
14.3	 86.7	 0.000	 0.000
16.1	 86.7	 0.000	 0.000
17.8	 86.7	 0.059	 2.953
19.7	 86.7	 0.024	 2.989
21.4	 86.7	 0.000	 0.000
23.3	 86.7	 0.329	 2.906
25.1	 86.7	 0.424	 2.977
26.8	 86.7	 -0.718	 1.283
28.7	 86.7	 0.000	 0.000
30.4	 86.7	 0.894	 3.000
32.3	 86.7	 -1.035	 2.259
34.1	 86.7	 0.977	 3.000
35.9	 86.7	 1.059	 3.036
37.7	 86.7	 -0.671	 1.765
39.5	 86.7	 0.000	 0.000
41.3	 86.7	 -0.859	 2.659
43.1	 86.7	 -0.106	 3.000
44.9	 86.7	 -0.553	 2.247
46.7	 86.7	 0.000	 0.000
48.5	 86.7	 0.800	 2.541
50.3	 86.7	 0.294	 2.447
52.1	 86.7	 -0.424	 2.836
53.9	 86.7	 -0.612	 2.589
55.7	 86.7	 0.000	 0.000
57.6	 86.7	 0.000	 0.000
59.4	 86.7	 0.000	 0.000
61.2	 86.7	 -0.471	 1.883
63.0	 86.7	 0.012	 2.718
64.9	 86.7	 -0.435	 3.118
66.7	 86.7	 -0.082	 2.812
68.5	 86.7	 0.035	 0.047
-3.8	 88.5	 -3.906	 0.000
-2.0	 88.5	 0.000	 0.000
-0.3	 88.5	 0.000	 0.000
1.5	 88.5	 -0.188	 2.518
3.4	 88.5	 0.000	 2.894
5.1	 88.5	 0.000	 0.000
7.0	 88.5	 0.000	 0.000
8.8	 88.5	 -0.082	 3.024
10.6	 88.5	 0.000	 0.000
12.4	 88.5	 -0.341	 3.106
14.3	 88.5	 -0.118	 3.000
16.1	 88.5	 -0.024	 1.388
17.8	 88.5	 0.694	 1.694
19.7	 88.5	 -0.176	 3.000
21.4	 88.5	 0.000	 0.000
23.3	 88.5	 0.612	 3.836
25.1	 88.5	 0.635	 3.742
26.8	 88.5	 0.000	 0.000
28.7	 88.5	 0.612	 2.424
30.4	 88.5	 0.000	 0.000
32.3	 88.5	 3.153	 -3.071
34.1	 88.5	 -0.824	 2.753
35.9	 88.5	 0.024	 -2.741
37.7	 88.5	 -1.177	 2.871
39.5	 88.5	 -0.059	 2.953
41.3	 88.5	 -0.047	 2.412
43.1	 88.5	 -0.024	 2.341
44.9	 88.5	 0.000	 0.000
46.7	 88.5	 -0.647	 2.541
48.5	 88.5	 0.482	 1.659
50.3	 88.5	 -0.012	 2.741
52.1	 88.5	 -0.506	 2.212
53.9	 88.5	 0.777	 2.859
55.7	 88.5	 -0.624	 2.671
57.6	 88.5	 0.094	 3.224
59.4	 88.5	 0.106	 3.224
61.2	 88.5	 0.000	 0.000
63.0	 88.5	 0.553	 2.894
64.9	 88.5	 0.141	 2.906
66.7	 88.5	 0.000	 0.000
68.5	 88.5	 0.000	 0.000
-3.8	 90.3	 0.000	 0.000
-2.0	 90.3	 0.000	 0.000
-0.3	 90.3	 0.000	 0.000
1.5	 90.3	 0.176	 2.247
3.4	 90.3	 0.082	 2.259
5.1	 90.3	 -0.482	 3.600
7.0	 90.3	 -0.471	 3.471
8.8	 90.3	 -0.188	 3.000
10.6	 90.3	 0.071	 3.189
12.4	 90.3	 0.129	 3.189
14.3	 90.3	 -0.106	 3.000
16.1	 90.3	 0.000	 0.000
17.8	 90.3	 0.165	 2.365
19.7	 90.3	 0.176	 2.365
21.4	 90.3	 0.082	 2.894
23.3	 90.3	 0.024	 3.012
25.1	 90.3	 0.000	 0.000
26.8	 90.3	 -1.330	 2.883
28.7	 90.3	 -0.294	 2.694
30.4	 90.3	 -0.871	 2.612
32.3	 90.3	 0.118	 2.847
34.1	 90.3	 -0.824	 2.753
35.9	 90.3	 0.000	 0.000
37.7	 90.3	 -0.506	 2.977
39.5	 90.3	 -0.176	 2.989
41.3	 90.3	 -0.129	 1.530
43.1	 90.3	 -3.000	 -0.800
44.9	 90.3	 -0.506	 2.447
46.7	 90.3	 -0.588	 2.153
48.5	 90.3	 -0.553	 2.000
50.3	 90.3	 -0.071	 1.635
52.1	 90.3	 -0.024	 2.553
53.9	 90.3	 -0.176	 2.694
55.7	 90.3	 -0.577	 2.824
57.6	 90.3	 0.000	 0.000
59.4	 90.3	 -0.529	 2.094
61.2	 90.3	 0.000	 0.000
63.0	 90.3	 0.553	 2.753
64.9	 90.3	 0.647	 2.753
66.7	 90.3	 0.000	 0.000
68.5	 90.3	 0.000	 0.000
-3.8	 92.0	 0.000	 0.000
-2.0	 92.0	 0.000	 0.000
-0.3	 92.0	 0.000	 0.000
1.5	 92.0	 0.000	 0.000
3.4	 92.0	 0.000	 0.000
5.1	 92.0	 -0.176	 2.989
7.0	 92.0	 -0.341	 3.047
8.8	 92.0	 -0.188	 2.918
10.6	 92.0	 0.000	 0.000
12.4	 92.0	 0.000	 0.000
14.3	 92.0	 0.212	 4.177
16.1	 92.0	 0.353	 1.565
17.8	 92.0	 -0.071	 1.553
19.7	 92.0	 -0.047	 2.671
21.4	 92.0	 0.118	 3.012
23.3	 92.0	 -0.765	 2.812
25.1	 92.0	 0.000	 0.000
26.8	 92.0	 -0.447	 3.024
28.7	 92.0	 -0.294	 2.694
30.4	 92.0	 -0.871	 2.612
32.3	 92.0	 -0.118	 2.989
34.1	 92.0	 0.000	 0.000
35.9	 92.0	 -0.165	 3.000
37.7	 92.0	 -0.482	 2.989
39.5	 92.0	 0.000	 0.000
41.3	 92.0	 0.000	 0.000
43.1	 92.0	 -0.318	 2.247
44.9	 92.0	 -0.141	 2.188
46.7	 92.0	 -0.529	 2.847
48.5	 92.0	 0.000	 0.000
50.3	 92.0	 0.035	 2.942
52.1	 92.0	 0.000	 0.000
53.9	 92.0	 0.165	 2.553
55.7	 92.0	 0.212	 2.612
57.6	 92.0	 -0.153	 3.059
59.4	 92.0	 -0.553	 3.094
61.2	 92.0	 -0.541	 3.094
63.0	 92.0	 -0.424	 2.059
64.9	 92.0	 0.482	 2.965
66.7	 92.0	 -0.012	 2.671
68.5	 92.0	 0.024	 0.247
-3.8	 93.8	 0.000	 0.000
-2.0	 93.8	 0.000	 0.000
-0.3	 93.8	 0.000	 0.000
1.5	 93.8	 -0.482	 2.965
3.4	 93.8	 -0.082	 2.894
5.1	 93.8	 -0.082	 2.883
7.0	 93.8	 0.224	 3.047
8.8	 93.8	 0.000	 0.000
10.6	 93.8	 0.000	 0.000
12.4	 93.8	 -0.200	 3.012
14.3	 93.8	 0.000	 0.000
16.1	 93.8	 -0.047	 2.812
17.8	 93.8	 0.000	 0.000
19.7	 93.8	 -0.165	 0.953
21.4	 93.8	 0.000	 2.989
23.3	 93.8	 0.000	 0.000
25.1	 93.8	 0.000	 0.000
26.8	 93.8	 0.647	 3.718
28.7	 93.8	 0.000	 0.000
30.4	 93.8	 -0.624	 2.341
32.3	 93.8	 0.635	 2.200
34.1	 93.8	 0.176	 2.353
35.9	 93.8	 -0.518	 2.977
37.7	 93.8	 -0.106	 2.906
39.5	 93.8	 0.000	 0.000
41.3	 93.8	 0.235	 2.777
43.1	 93.8	 0.235	 2.777
44.9	 93.8	 -1.035	 -3.000
46.7	 93.8	 -1.035	 -3.000
48.5	 93.8	 0.577	 3.071
50.3	 93.8	 0.624	 2.871
52.1	 93.8	 -0.176	 3.353
53.9	 93.8	 -0.188	 2.506
55.7	 93.8	 -0.235	 2.271
57.6	 93.8	 -0.306	 2.283
59.4	 93.8	 0.000	 0.000
61.2	 93.8	 -0.035	 3.047
63.0	 93.8	 -0.035	 3.059
64.9	 93.8	 -0.024	 2.789
66.7	 93.8	 0.118	 -0.588
68.5	 93.8	 0.012	 -0.141
-3.8	 95.7	 0.000	 0.000
-2.0	 95.7	 0.000	 0.000
-0.3	 95.7	 0.000	 0.000
1.5	 95.7	 0.000	 0.000
3.4	 95.7	 0.106	 2.341
5.1	 95.7	 0.000	 0.000
7.0	 95.7	 0.000	 0.000
8.8	 95.7	 3.471	 -1.530
10.6	 95.7	 -0.071	 2.977
12.4	 95.7	 -0.082	 3.012
14.3	 95.7	 -1.435	 -0.494
16.1	 95.7	 0.200	 2.600
17.8	 95.7	 0.588	 2.541
19.7	 95.7	 0.000	 0.000
21.4	 95.7	 0.200	 3.000
23.3	 95.7	 0.459	 4.000
25.1	 95.7	 0.518	 3.671
26.8	 95.7	 0.000	 0.000
28.7	 95.7	 -0.424	 2.224
30.4	 95.7	 -0.553	 2.824
32.3	 95.7	 0.635	 1.683
34.1	 95.7	 0.141	 2.012
35.9	 95.7	 0.000	 0.000
37.7	 95.7	 0.000	 0.000
39.5	 95.7	 0.000	 0.000
41.3	 95.7	 0.000	 0.000
43.1	 95.7	 0.000	 0.000
44.9	 95.7	 0.000	 0.000
46.7	 95.7	 -0.035	 3.000
48.5	 95.7	 -0.012	 2.977
50.3	 95.7	 0.424	 3.071
52.1	 95.7	 0.000	 0.000
53.9	 95.7	 0.000	 0.000
55.7	 95.7	 0.000	 0.000
57.6	 95.7	 0.000	 0.000
59.4	 95.7	 0.518	 2.541
61.2	 95.7	 0.247	 1.977
63.0	 95.7	 0.341	 2.036
64.9	 95.7	 0.024	 2.800
66.7	 95.7	 0.247	 0.000
68.5	 95.7	 0.012	 -0.024
-3.8	 97.5	 0.000	 0.000
-2.0	 97.5	 0.000	 0.000
-0.3	 97.5	 0.000	 0.000
1.5	 97.5	 -0.271	 3.259
3.4	 97.5	 -0.071	 3.000
5.1	 97.5	 -0.729	 2.894
7.0	 97.5	 0.082	 2.989
8.8	 97.5	 0.000	 0.000
10.6	 97.5	 -0.294	 2.883
12.4	 97.5	 -0.024	 3.036
14.3	 97.5	 -0.047	 2.918
16.1	 97.5	 0.000	 0.000
17.8	 97.5	 0.000	 0.000
19.7	 97.5	 0.000	 0.000
21.4	 97.5	 0.000	 0.000
23.3	 97.5	 0.459	 3.859
25.1	 97.5	 0.235	 2.953
26.8	 97.5	 -0.165	 3.012
28.7	 97.5	 -0.200	 3.012
30.4	 97.5	 -0.565	 2.918
32.3	 97.5	 -0.894	 2.918
34.1	 97.5	 -0.059	 2.989
35.9	 97.5	 0.000	 0.000
37.7	 97.5	 0.000	 0.000
39.5	 97.5	 0.000	 0.000
41.3	 97.5	 0.000	 0.000
43.1	 97.5	 -0.682	 2.942
44.9	 97.5	 -0.224	 2.777
46.7	 97.5	 -0.788	 3.071
48.5	 97.5	 -0.494	 3.036
50.3	 97.5	 -0.318	 3.024
52.1	 97.5	 -0.247	 3.059
53.9	 97.5	 0.000	 0.000
55.7	 97.5	 -0.224	 2.706
57.6	 97.5	 0.000	 0.000
59.4	 97.5	 0.859	 2.906
61.2	 97.5	 -0.659	 4.306
63.0	 97.5	 -0.282	 3.247
64.9	 97.5	 -0.341	 3.247
66.7	 97.5	 0.000	 0.000
68.5	 97.5	 0.000	 0.000
-3.8	 99.3	 0.000	 0.000
-2.0	 99.3	 0.000	 0.000
-0.3	 99.3	 0.000	 0.000
1.5	 99.3	 -0.200	 0.400
3.4	 99.3	 -0.035	 2.977
5.1	 99.3	 -0.035	 2.483
7.0	 99.3	 0.000	 0.000
8.8	 99.3	 -0.153	 3.000
10.6	 99.3	 -0.224	 2.930
12.4	 99.3	 -0.012	 3.071
14.3	 99.3	 -0.071	 3.130
16.1	 99.3	 -0.247	 3.000
17.8	 99.3	 0.000	 0.000
19.7	 99.3	 0.106	 2.894
21.4	 99.3	 0.094	 2.894
23.3	 99.3	 -0.141	 2.989
25.1	 99.3	 -0.318	 2.989
26.8	 99.3	 -0.247	 2.965
28.7	 99.3	 0.024	 2.977
30.4	 99.3	 0.141	 2.789
32.3	 99.3	 -0.012	 2.765
34.1	 99.3	 0.682	 3.553
35.9	 99.3	 0.388	 3.059
37.7	 99.3	 -0.459	 2.894
39.5	 99.3	 -0.153	 2.812
41.3	 99.3	 -0.176	 2.071
43.1	 99.3	 0.000	 0.000
44.9	 99.3	 -0.647	 2.800
46.7	 99.3	 -0.035	 3.012
48.5	 99.3	 -0.012	 2.918
50.3	 99.3	 -0.294	 3.000
52.1	 99.3	 0.341	 3.012
53.9	 99.3	 -0.353	 2.883
55.7	 99.3	 0.000	 0.000
57.6	 99.3	 0.000	 0.000
59.4	 99.3	 0.106	 2.565
61.2	 99.3	 -0.365	 2.212
63.0	 99.3	 0.000	 0.000
64.9	 99.3	 0.000	 0.000
66.7	 99.3	 0.000	 0.000
68.5	 99.3	 0.012	 -0.388
-3.8	 101.1	 0.000	 0.000
-2.0	 101.1	 0.000	 0.000
-0.3	 101.1	 0.000	 0.000
1.5	 101.1	 0.000	 0.000
3.4	 101.1	 0.000	 0.000
5.1	 101.1	 0.000	 0.000
7.0	 101.1	 -0.471	 3.000
8.8	 101.1	 1.988	 1.518
10.6	 101.1	 0.000	 0.000
12.4	 101.1	 -0.706	 0.200
14.3	 101.1	 0.000	 0.000
16.1	 101.1	 0.000	 0.000
17.8	 101.1	 0.000	 0.000
19.7	 101.1	 0.000	 0.000
21.4	 101.1	 0.000	 0.000
23.3	 101.1	 0.000	 0.000
25.1	 101.1	 0.482	 4.412
26.8	 101.1	 0.000	 0.000
28.7	 101.1	 0.753	 3.647
30.4	 101.1	 0.612	 3.930
32.3	 101.1	 0.930	 4.048
34.1	 101.1	 0.000	 0.000
35.9	 101.1	 -1.306	 3.753
37.7	 101.1	 -1.306	 3.742
39.5	 101.1	 0.000	 0.000
41.3	 101.1	 -0.471	 3.024
43.1	 101.1	 0.000	 0.000
44.9	 101.1	 0.118	 3.000
46.7	 101.1	 0.071	 3.000
48.5	 101.1	 -0.224	 2.953
50.3	 101.1	 0.224	 3.012
52.1	 101.1	 -0.082	 3.012
53.9	 101.1	 0.000	 2.989
55.7	 101.1	 0.129	 3.000
57.6	 101.1	 0.000	 0.000
59.4	 101.1	 0.388	 0.847
61.2	 101.1	 0.000	 0.000
63.0	 101.1	 -0.447	 2.236
64.9	 101.1	 0.000	 0.000
66.7	 101.1	 0.000	 0.000
68.5	 101.1	 0.024	 -0.035
-3.8	 102.8	 0.000	 0.000
-2.0	 102.8	 0.000	 0.000
-0.3	 102.8	 0.000	 0.000
1.5	 102.8	 -0.282	 2.718
3.4	 102.8	 -0.141	 3.000
5.1	 102.8	 -0.188	 3.012
7.0	 102.8	 -0.129	 3.012
8.8	 102.8	 -0.612	 3.024
10.6	 102.8	 0.271	 2.836
12.4	 102.8	 -0.259	 2.942
14.3	 102.8	 0.012	 3.083
16.1	 102.8	 0.000	 0.000
17.8	 102.8	 0.000	 0.000
19.7	 102.8	 -0.012	 2.683
21.4	 102.8	 -0.035	 2.883
23.3	 102.8	 0.000	 0.000
25.1	 102.8	 0.000	 0.000
26.8	 102.8	 0.000	 0.000
28.7	 102.8	 0.000	 0.000
30.4	 102.8	 0.118	 2.965
32.3	 102.8	 0.000	 2.953
34.1	 102.8	 0.000	 0.000
35.9	 102.8	 0.235	 4.518
37.7	 102.8	 0.000	 0.000
39.5	 102.8	 -0.059	 2.765
41.3	 102.8	 -0.035	 3.000
43.1	 102.8	 -0.176	 2.824
44.9	 102.8	 -0.082	 2.953
46.7	 102.8	 0.000	 3.024
48.5	 102.8	 -0.494	 2.930
50.3	 102.8	 -0.553	 2.930
52.1	 102.8	 0.447	 2.800
53.9	 102.8	 0.447	 2.800
55.7	 102.8	 0.118	 3.036
57.6	 102.8	 0.118	 3.036
59.4	 102.8	 0.000	 0.000
61.2	 102.8	 -0.106	 3.012
63.0	 102.8	 0.118	 3.247
64.9	 102.8	 -0.741	 2.059
66.7	 102.8	 0.082	 4.483
68.5	 102.8	 0.000	 0.000
-3.8	 104.7	 0.000	 0.000
-2.0	 104.7	 0.000	 0.000
-0.3	 104.7	 0.000	 0.000
1.5	 104.7	 -0.047	 3.106
3.4	 104.7	 0.000	 0.000
5.1	 104.7	 -0.247	 2.789
7.0	 104.7	 0.094	 3.000
8.8	 104.7	 0.000	 0.000
10.6	 104.7	 -0.341	 2.894
12.4	 104.7	 -0.118	 2.753
14.3	 104.7	 0.000	 0.000
16.1	 104.7	 0.035	 2.718
17.8	 104.7	 0.000	 0.000
19.7	 104.7	 0.000	 0.000
21.4	 104.7	 -0.682	 2.930
23.3	 104.7	 -0.341	 2.965
25.1	 104.7	 -1.506	 2.906
26.8	 104.7	 -0.059	 2.812
28.7	 104.7	 -0.200	 2.365
30.4	 104.7	 0.000	 0.000
32.3	 104.7	 0.000	 0.000
34.1	 104.7	 -0.141	 3.012
35.9	 104.7	 -0.012	 2.942
37.7	 104.7	 -0.788	 3.071
39.5	 104.7	 -0.682	 3.071
41.3	 104.7	 0.000	 0.000
43.1	 104.7	 -0.176	 2.800
44.9	 104.7	 -0.047	 2.942
46.7	 104.7	 0.047	 3.012
48.5	 104.7	 0.071	 3.000
50.3	 104.7	 0.035	 1.483
52.1	 104.7	 -0.459	 2.953
53.9	 104.7	 -0.659	 2.953
55.7	 104.7	 0.000	 0.000
57.6	 104.7	 0.000	 0.000
59.4	 104.7	 0.824	 3.142
61.2	 104.7	 0.000	 0.000
63.0	 104.7	 0.424	 3.424
64.9	 104.7	 0.659	 2.659
66.7	 104.7	 0.000	 0.000
68.5	 104.7	 0.000	 0.000
-3.8	 106.5	 0.000	 0.000
-2.0	 106.5	 0.000	 0.000
-0.3	 106.5	 0.000	 0.000
1.5	 106.5	 0.000	 0.000
3.4	 106.5	 0.000	 0.000
5.1	 106.5	 0.235	 2.377
7.0	 106.5	 0.000	 0.000
8.8	 106.5	 -0.153	 3.012
10.6	 106.5	 0.000	 0.000
12.4	 106.5	 -0.577	 3.012
14.3	 106.5	 0.000	 0.000
16.1	 106.5	 0.000	 0.000
17.8	 106.5	 0.000	 0.000
19.7	 106.5	 0.000	 0.000
21.4	 106.5	 0.000	 0.000
23.3	 106.5	 0.000	 0.000
25.1	 106.5	 0.000	 0.000
26.8	 106.5	 0.000	 0.000
28.7	 106.5	 -0.176	 2.812
30.4	 106.5	 -1.024	 2.989
32.3	 106.5	 -0.282	 2.989
34.1	 106.5	 0.000	 0.000
35.9	 106.5	 -0.024	 3.012
37.7	 106.5	 0.000	 0.000
39.5	 106.5	 0.000	 0.000
41.3	 106.5	 0.000	 0.000
43.1	 106.5	 0.000	 0.000
44.9	 106.5	 0.271	 3.059
46.7	 106.5	 0.294	 3.047
48.5	 106.5	 0.012	 3.083
50.3	 106.5	 0.000	 0.000
52.1	 106.5	 0.047	 3.106
53.9	 106.5	 -1.082	 2.836
55.7	 106.5	 -1.035	 2.859
57.6	 106.5	 0.153	 3.318
59.4	 106.5	 0.012	 2.483
61.2	 106.5	 0.000	 0.000
63.0	 106.5	 0.106	 3.000
64.9	 106.5	 0.000	 0.000
66.7	 106.5	 0.659	 2.541
68.5	 106.5	 0.071	 -1.506
-3.8	 108.3	 0.000	 0.000
-2.0	 108.3	 0.000	 0.000
-0.3	 108.3	 0.000	 0.000
1.5	 108.3	 0.000	 0.000
3.4	 108.3	 0.000	 0.000
5.1	 108.3	 0.000	 0.000
7.0	 108.3	 0.000	 0.000
8.8	 108.3	 0.000	 0.000
10.6	 108.3	 0.000	 0.000
12.4	 108.3	 -0.082	 3.000
14.3	 108.3	 -0.106	 3.000
16.1	 108.3	 0.000	 0.000
17.8	 108.3	 0.000	 0.000
19.7	 108.3	 0.624	 2.659
21.4	 108.3	 0.000	 0.000
23.3	 108.3	 0.000	 0.000
25.1	 108.3	 0.000	 0.000
26.8	 108.3	 0.000	 0.000
28.7	 108.3	 0.059	 3.012
30.4	 108.3	 -0.188	 3.012
32.3	 108.3	 0.000	 0.000
34.1	 108.3	 0.000	 0.000
35.9	 108.3	 0.000	 0.000
37.7	 108.3	 0.000	 0.000
39.5	 108.3	 0.000	 0.000
41.3	 108.3	 0.000	 0.000
43.1	 108.3	 -0.365	 2.989
44.9	 108.3	 -0.118	 2.989
46.7	 108.3	 -0.082	 2.777
48.5	 108.3	 -0.071	 2.777
50.3	 108.3	 0.000	 0.000
52.1	 108.3	 0.000	 0.000
53.9	 108.3	 0.118	 3.283
55.7	 108.3	 0.494	 3.283
57.6	 108.3	 0.000	 0.000
59.4	 108.3	 -0.247	 3.000
61.2	 108.3	 0.000	 0.000
63.0	 108.3	 -0.188	 2.953
64.9	 108.3	 -0.188	 2.965
66.7	 108.3	 -0.129	 2.942
68.5	 108.3	 0.082	 -1.494
-3.8	 110.1	 0.000	 0.000
-2.0	 110.1	 0.000	 0.000
-0.3	 110.1	 0.000	 0.000
1.5	 110.1	 0.012	 3.024
3.4	 110.1	 0.000	 0.000
5.1	 110.1	 0.000	 0.000
7.0	 110.1	 0.000	 0.000
8.8	 110.1	 -0.024	 2.965
10.6	 110.1	 -0.106	 2.965
12.4	 110.1	 0.000	 0.000
14.3	 110.1	 -0.129	 3.012
16.1	 110.1	 -0.176	 3.036
17.8	 110.1	 0.000	 0.000
19.7	 110.1	 0.000	 0.000
21.4	 110.1	 0.000	 0.000
23.3	 110.1	 0.000	 0.000
25.1	 110.1	 0.000	 0.000
26.8	 110.1	 0.000	 0.000
28.7	 110.1	 0.000	 0.000
30.4	 110.1	 0.000	 0.000
32.3	 110.1	 0.000	 0.000
34.1	 110.1	 0.000	 0.000
35.9	 110.1	 -0.612	 3.036
37.7	 110.1	 -0.635	 3.130
39.5	 110.1	 0.000	 0.000
41.3	 110.1	 0.000	 0.000
43.1	 110.1	 0.000	 0.000
44.9	 110.1	 0.000	 0.000
46.7	 110.1	 0.000	 0.000
48.5	 110.1	 0.165	 2.741
50.3	 110.1	 0.000	 0.000
52.1	 110.1	 1.024	 1.706
53.9	 110.1	 1.082	 1.718
55.7	 110.1	 0.141	 2.883
57.6	 110.1	 0.000	 0.000
59.4	 110.1	 0.000	 0.000
61.2	 110.1	 0.000	 0.000
63.0	 110.1	 0.000	 0.000
64.9	 110.1	 0.706	 2.883
66.7	 110.1	 0.059	 0.988
68.5	 110.1	 0.000	 0.000
-3.8	 112.0	 0.000	 0.000
-2.0	 112.0	 0.000	 0.000
-0.3	 112.0	 0.000	 0.000
1.5	 112.0	 -0.706	 2.930
3.4	 112.0	 0.000	 0.000
5.1	 112.0	 0.000	 0.000
7.0	 112.0	 0.000	 0.000
8.8	 112.0	 -1.082	 3.036
10.6	 112.0	 -0.165	 3.000
12.4	 112.0	 0.000	 0.000
14.3	 112.0	 0.000	 0.000
16.1	 112.0	 0.000	 0.000
17.8	 112.0	 0.000	 0.000
19.7	 112.0	 0.000	 0.000
21.4	 112.0	 0.000	 0.000
23.3	 112.0	 0.000	 0.000
25.1	 112.0	 0.000	 0.000
26.8	 112.0	 -0.035	 2.942
28.7	 112.0	 -0.671	 2.824
30.4	 112.0	 0.000	 0.000
32.3	 112.0	 0.035	 1.741
34.1	 112.0	 -0.188	 3.012
35.9	 112.0	 0.000	 0.000
37.7	 112.0	 0.000	 0.000
39.5	 112.0	 0.024	 2.989
41.3	 112.0	 0.000	 0.000
43.1	 112.0	 0.000	 0.000
44.9	 112.0	 0.000	 0.000
46.7	 112.0	 0.000	 0.000
48.5	 112.0	 -0.612	 -1.400
50.3	 112.0	 0.141	 2.977
52.1	 112.0	 0.753	 3.047
53.9	 112.0	 0.612	 2.918
55.7	 112.0	 2.824	 1.471
57.6	 112.0	 0.000	 0.000
59.4	 112.0	 0.753	 3.330
61.2	 112.0	 -0.565	 0.012
63.0	 112.0	 0.000	 0.000
64.9	 112.0	 -0.200	 2.365
66.7	 112.0	 0.082	 -0.035
68.5	 112.0	 0.000	 0.000
-3.8	 113.8	 0.000	 0.000
-2.0	 113.8	 0.000	 0.000
-0.3	 113.8	 0.000	 0.000
1.5	 113.8	 0.000	 0.000
3.4	 113.8	 0.000	 0.000
5.1	 113.8	 0.000	 0.000
7.0	 113.8	 0.000	 0.000
8.8	 113.8	 1.494	 -1.506
10.6	 113.8	 -0.600	 3.036
12.4	 113.8	 0.000	 0.000
14.3	 113.8	 0.024	 2.859
16.1	 113.8	 0.000	 0.000
17.8	 113.8	 -0.012	 1.494
19.7	 113.8	 0.012	 1.494
21.4	 113.8	 0.000	 0.000
23.3	 113.8	 0.000	 0.000
25.1	 113.8	 0.000	 0.000
26.8	 113.8	 0.000	 0.000
28.7	 113.8	 -0.682	 2.789
30.4	 113.8	 0.000	 0.000
32.3	 113.8	 -0.059	 2.436
34.1	 113.8	 -0.118	 3.000
35.9	 113.8	 0.000	 0.000
37.7	 113.8	 0.000	 0.000
39.5	 113.8	 0.000	 0.000
41.3	 113.8	 0.000	 0.000
43.1	 113.8	 0.000	 0.000
44.9	 113.8	 0.000	 0.000
46.7	 113.8	 0.000	 0.000
48.5	 113.8	 0.000	 0.000
50.3	 113.8	 0.000	 0.000
52.1	 113.8	 0.000	 0.000
53.9	 113.8	 0.000	 0.000
55.7	 113.8	 0.000	 0.000
57.6	 113.8	 0.000	 0.000
59.4	 113.8	 0.000	 0.000
61.2	 113.8	 -0.541	 0.000
63.0	 113.8	 -0.106	 0.000
64.9	 113.8	 0.000	 0.000
66.7	 113.8	 0.141	 -0.224
68.5	 113.8	 0.024	 -0.188
-3.8	 115.6	 0.000	 0.000
-2.0	 115.6	 0.000	 0.000
-0.3	 115.6	 0.000	 0.000
1.5	 115.6	 0.000	 -1.506
3.4	 115.6	 0.000	 0.000
5.1	 115.6	 0.000	 0.000
7.0	 115.6	 -0.400	 3.012
8.8	 115.6	 0.000	 0.000
10.6	 115.6	 -0.729	 3.012
12.4	 115.6	 0.000	 0.000
14.3	 115.6	 0.000	 0.000
16.1	 115.6	 0.000	 0.000
17.8	 115.6	 0.000	 0.000
19.7	 115.6	 0.000	 0.000
21.4	 115.6	 0.000	 0.000
23.3	 115.6	 0.000	 0.000
25.1	 115.6	 0.000	 0.000
26.8	 115.6	 0.000	 0.000
28.7	 115.6	 0.000	 0.000
30.4	 115.6	 0.000	 0.000
32.3	 115.6	 -0.988	 3.047
34.1	 115.6	 -1.000	 3.047
35.9	 115.6	 0.000	 0.000
37.7	 115.6	 0.000	 0.000
39.5	 115.6	 0.353	 2.930
41.3	 115.6	 0.341	 2.977
43.1	 115.6	 -0.012	 3.000
44.9	 115.6	 0.577	 3.118
46.7	 115.6	 0.000	 0.000
48.5	 115.6	 0.000	 0.000
50.3	 115.6	 0.000	 0.000
52.1	 115.6	 0.000	 0.000
53.9	 115.6	 0.000	 0.000
55.7	 115.6	 0.000	 0.000
57.6	 115.6	 0.306	 2.977
59.4	 115.6	 0.000	 0.000
61.2	 115.6	 0.000	 0.000
63.0	 115.6	 0.000	 0.000
64.9	 115.6	 0.000	 0.000
66.7	 115.6	 0.106	 -0.024
68.5	 115.6	 0.024	 0.082
-3.8	 117.3	 0.000	 0.000
-2.0	 117.3	 0.071	 -1.506
-0.3	 117.3	 0.000	 0.000
1.5	 117.3	 -0.071	 2.883
3.4	 117.3	 0.000	 0.000
5.1	 117.3	 0.000	 0.000
7.0	 117.3	 0.000	 0.000
8.8	 117.3	 0.000	 0.000
10.6	 117.3	 0.000	 0.000
12.4	 117.3	 0.000	 0.000
14.3	 117.3	 0.000	 0.000
16.1	 117.3	 0.000	 0.000
17.8	 117.3	 0.000	 0.000
19.7	 117.3	 0.000	 0.000
21.4	 117.3	 0.000	 0.000
23.3	 117.3	 0.000	 0.000
25.1	 117.3	 0.000	 0.000
26.8	 117.3	 -0.012	 1.471
28.7	 117.3	 0.000	 0.000
30.4	 117.3	 0.000	 0.000
32.3	 117.3	 -0.953	 3.012
34.1	 117.3	 -0.977	 3.012
35.9	 117.3	 0.847	 2.436
37.7	 117.3	 0.847	 2.436
39.5	 117.3	 0.212	 3.024
41.3	 117.3	 0.212	 3.012
43.1	 117.3	 0.000	 0.000
44.9	 117.3	 0.000	 0.000
46.7	 117.3	 0.000	 0.000
48.5	 117.3	 0.000	 0.000
50.3	 117.3	 0.329	 2.730
52.1	 117.3	 0.000	 2.718
53.9	 117.3	 -0.012	 3.612
55.7	 117.3	 0.000	 0.000
57.6	 117.3	 0.235	 2.577
59.4	 117.3	 0.224	 2.577
61.2	 117.3	 0.000	 0.000
63.0	 117.3	 0.000	 0.000
64.9	 117.3	 0.000	 0.000
66.7	 117.3	 0.000	 0.000
68.5	 117.3	 0.000	 0.000
-3.8	 119.2	 0.000	 0.000
-2.0	 119.2	 0.000	 0.000
-0.3	 119.2	 -0.059	 3.024
1.5	 119.2	 -0.024	 3.036
3.4	 119.2	 0.000	 0.000
5.1	 119.2	 0.000	 0.000
7.0	 119.2	 -1.000	 -0.012
8.8	 119.2	 0.000	 0.000
10.6	 119.2	 0.000	 0.000
12.4	 119.2	 0.000	 0.000
14.3	 119.2	 0.000	 0.000
16.1	 119.2	 0.000	 0.000
17.8	 119.2	 0.000	 0.000
19.7	 119.2	 0.000	 0.000
21.4	 119.2	 0.000	 0.000
23.3	 119.2	 0.000	 0.000
25.1	 119.2	 0.000	 0.000
26.8	 119.2	 0.000	 0.000
28.7	 119.2	 0.000	 0.000
30.4	 119.2	 0.000	 0.000
32.3	 119.2	 0.000	 0.000
34.1	 119.2	 0.000	 0.000
35.9	 119.2	 0.612	 3.295
37.7	 119.2	 0.000	 0.000
39.5	 119.2	 0.000	 0.000
41.3	 119.2	 -0.118	 3.059
43.1	 119.2	 0.000	 0.000
44.9	 119.2	 -0.447	 3.824
46.7	 119.2	 -0.024	 3.753
48.5	 119.2	 0.000	 0.000
50.3	 119.2	 1.365	 0.012
52.1	 119.2	 0.000	 0.000
53.9	 119.2	 -0.224	 3.271
55.7	 119.2	 0.106	 3.000
57.6	 119.2	 0.247	 2.589
59.4	 119.2	 0.235	 2.565
61.2	 119.2	 -0.600	 0.024
63.0	 119.2	 0.000	 0.000
64.9	 119.2	 0.788	 2.283
66.7	 119.2	 0.071	 0.741
68.5	 119.2	 0.012	 0.035
-3.8	 121.0	 0.000	 0.000
-2.0	 121.0	 0.000	 0.000
-0.3	 121.0	 0.000	 0.000
1.5	 121.0	 0.000	 0.000
3.4	 121.0	 0.000	 0.000
5.1	 121.0	 0.071	 2.953
7.0	 121.0	 -0.847	 2.800
8.8	 121.0	 0.000	 0.000
10.6	 121.0	 -0.082	 1.506
12.4	 121.0	 0.000	 0.000
14.3	 121.0	 0.000	 0.000
16.1	 121.0	 0.000	 0.000
17.8	 121.0	 0.000	 0.000
19.7	 121.0	 0.000	 0.000
21.4	 121.0	 0.000	 0.000
23.3	 121.0	 0.000	 0.000
25.1	 121.0	 0.000	 0.000
26.8	 121.0	 -0.682	 4.412
28.7	 121.0	 -0.659	 4.412
30.4	 121.0	 0.188	 3.659
32.3	 121.0	 0.188	 3.659
34.1	 121.0	 0.000	 0.000
35.9	 121.0	 0.000	 0.000
37.7	 121.0	 0.000	 0.000
39.5	 121.0	 0.000	 0.000
41.3	 121.0	 -2.977	 3.012
43.1	 121.0	 0.000	 0.000
44.9	 121.0	 0.000	 3.024
46.7	 121.0	 0.000	 0.000
48.5	 121.0	 0.000	 0.000
50.3	 121.0	 0.000	 0.000
52.1	 121.0	 0.000	 0.000
53.9	 121.0	 0.000	 0.000
55.7	 121.0	 0.000	 0.000
57.6	 121.0	 0.000	 0.000
59.4	 121.0	 0.000	 0.000
61.2	 121.0	 0.000	 0.000
63.0	 121.0	 0.588	 2.989
64.9	 121.0	 0.800	 3.000
66.7	 121.0	 0.000	 0.000
68.5	 121.0	 0.012	 -0.612
-3.8	 122.8	 0.000	 0.000
-2.0	 122.8	 0.000	 0.000
-0.3	 122.8	 0.000	 0.000
1.5	 122.8	 0.000	 0.000
3.4	 122.8	 0.000	 0.000
5.1	 122.8	 0.000	 0.000
7.0	 122.8	 0.000	 0.000
8.8	 122.8	 -0.812	 2.753
10.6	 122.8	 0.000	 0.000
12.4	 122.8	 0.000	 0.000
14.3	 122.8	 0.000	 0.000
16.1	 122.8	 0.000	 0.000
17.8	 122.8	 0.000	 0.000
19.7	 122.8	 0.000	 0.000
21.4	 122.8	 0.000	 0.000
23.3	 122.8	 3.024	 1.506
25.1	 122.8	 0.000	 0.000
26.8	 122.8	 0.000	 0.000
28.7	 122.8	 0.000	 0.000
30.4	 122.8	 0.188	 3.624
32.3	 122.8	 0.188	 3.624
34.1	 122.8	 0.000	 0.000
35.9	 122.8	 0.000	 0.000
37.7	 122.8	 0.000	 0.000
39.5	 122.8	 0.000	 0.000
41.3	 122.8	 0.000	 0.000
43.1	 122.8	 -0.106	 2.989
44.9	 122.8	 0.000	 0.000
46.7	 122.8	 0.141	 2.883
48.5	 122.8	 0.141	 2.883
50.3	 122.8	 0.000	 0.000
52.1	 122.8	 0.000	 0.000
53.9	 122.8	 0.000	 0.000
55.7	 122.8	 0.000	 0.000
57.6	 122.8	 0.000	 0.000
59.4	 122.8	 0.000	 0.000
61.2	 122.8	 0.000	 0.000
63.0	 122.8	 0.000	 0.000
64.9	 122.8	 0.000	 0.000
66.7	 122.8	 0.153	 0.506
68.5	 122.8	 0.024	 0.012
-3.8	 124.6	 0.000	 0.000
-2.0	 124.6	 0.000	 0.000
-0.3	 124.6	 0.000	 0.000
1.5	 124.6	 0.071	 4.518
3.4	 124.6	 0.176	 4.518
5.1	 124.6	 0.000	 0.000
7.0	 124.6	 0.000	 0.000
8.8	 124.6	 0.000	 0.000
10.6	 124.6	 0.000	 0.000
12.4	 124.6	 0.000	 0.000
14.3	 124.6	 0.000	 0.000
16.1	 124.6	 0.000	 0.000
17.8	 124.6	 -0.777	 4.506
19.7	 124.6	 1.847	 0.000
21.4	 124.6	 0.000	 0.000
23.3	 124.6	 0.000	 0.000
25.1	 124.6	 0.000	 0.000
26.8	 124.6	 0.000	 0.000
28.7	 124.6	 0.000	 0.000
30.4	 124.6	 0.000	 0.000
32.3	 124.6	 0.000	 0.000
34.1	 124.6	 0.000	 0.000
35.9	 124.6	 0.000	 0.000
37.7	 124.6	 0.000	 0.000
39.5	 124.6	 0.000	 0.000
41.3	 124.6	 0.000	 0.000
43.1	 124.6	 0.000	 0.000
44.9	 124.6	 0.000	 0.000
46.7	 124.6	 0.000	 0.000
48.5	 124.6	 0.000	 0.000
50.3	 124.6	 0.000	 0.000
52.1	 124.6	 0.565	 3.024
53.9	 124.6	 0.000	 0.000
55.7	 124.6	 0.000	 0.000
57.6	 124.6	 0.000	 0.000
59.4	 124.6	 0.000	 0.000
61.2	 124.6	 0.000	 0.000
63.0	 124.6	 0.000	 0.000
64.9	 124.6	 0.082	 -3.024
66.7	 124.6	 0.000	 0.000
68.5	 124.6	 0.000	 0.000
