-2.0	 50.5	 0.000	 0.000
-0.3	 50.5	 0.000	 0.000
1.5	 50.5	 -0.141	 1.953
3.3	 50.5	 -0.235	 2.024
5.2	 50.5	 -0.400	 2.118
6.9	 50.5	 -0.306	 1.765
8.8	 50.5	 0.000	 0.000
10.7	 50.5	 0.000	 0.000
12.4	 50.5	 -0.259	 1.977
14.2	 50.5	 -0.247	 1.788
16.1	 50.5	 0.000	 0.000
17.9	 50.5	 -2.718	 3.412
19.6	 50.5	 0.000	 0.000
21.4	 50.5	 -0.012	 1.965
23.3	 50.5	 0.094	 1.930
25.1	 50.5	 -0.259	 1.800
26.9	 50.5	 -0.224	 2.824
28.6	 50.5	 0.047	 1.683
30.5	 50.5	 0.071	 1.788
32.3	 50.5	 0.000	 0.000
34.1	 50.5	 0.012	 1.718
36.0	 50.5	 -0.247	 2.341
37.8	 50.5	 0.212	 1.694
39.5	 50.5	 -0.082	 1.871
41.4	 50.5	 0.000	 0.000
43.1	 50.5	 -0.200	 1.694
45.0	 50.5	 0.000	 0.000
46.8	 50.5	 -0.153	 2.377
48.5	 50.5	 -0.306	 2.036
50.4	 50.5	 -0.247	 1.930
52.1	 50.5	 0.106	 2.271
54.0	 50.5	 0.071	 2.259
55.8	 50.5	 0.377	 2.318
57.5	 50.5	 -0.082	 2.318
59.5	 50.5	 -0.235	 1.953
61.3	 50.5	 0.247	 2.330
63.0	 50.5	 0.812	 2.412
64.8	 50.5	 0.000	 0.000
66.7	 50.5	 0.577	 2.106
68.5	 50.5	 0.000	 0.000
70.3	 50.5	 0.000	 0.000
-2.0	 52.3	 0.000	 0.000
-0.3	 52.3	 0.000	 0.000
1.5	 52.3	 0.000	 0.000
3.3	 52.3	 0.459	 1.365
5.2	 52.3	 0.000	 0.000
6.9	 52.3	 -0.259	 2.083
8.8	 52.3	 0.000	 0.000
10.7	 52.3	 0.000	 0.000
12.4	 52.3	 -0.471	 2.541
14.2	 52.3	 -0.318	 2.400
16.1	 52.3	 -0.071	 2.318
17.9	 52.3	 0.035	 1.694
19.6	 52.3	 0.000	 0.000
21.4	 52.3	 0.024	 1.741
23.3	 52.3	 0.047	 2.047
25.1	 52.3	 0.106	 2.047
26.9	 52.3	 0.365	 1.777
28.6	 52.3	 0.400	 1.683
30.5	 52.3	 0.012	 1.777
32.3	 52.3	 0.059	 1.659
34.1	 52.3	 0.000	 0.000
36.0	 52.3	 0.000	 2.177
37.8	 52.3	 0.000	 2.212
39.5	 52.3	 -0.059	 2.318
41.4	 52.3	 0.588	 1.459
43.1	 52.3	 0.012	 2.141
45.0	 52.3	 -0.600	 3.400
46.8	 52.3	 -0.176	 2.953
48.5	 52.3	 0.000	 0.000
50.4	 52.3	 -0.247	 2.953
52.1	 52.3	 -0.035	 3.165
54.0	 52.3	 0.035	 2.377
55.8	 52.3	 0.212	 2.365
57.5	 52.3	 -0.129	 2.177
59.5	 52.3	 0.565	 1.635
61.3	 52.3	 0.612	 2.283
63.0	 52.3	 0.529	 2.424
64.8	 52.3	 0.482	 2.224
66.7	 52.3	 0.247	 2.318
68.5	 52.3	 0.000	 0.000
70.3	 52.3	 0.000	 0.000
-2.0	 54.1	 0.000	 0.000
-0.3	 54.1	 0.000	 0.000
1.5	 54.1	 0.000	 0.000
3.3	 54.1	 -0.153	 1.506
5.2	 54.1	 -0.282	 2.153
6.9	 54.1	 -0.412	 2.236
8.8	 54.1	 -0.188	 1.941
10.7	 54.1	 0.482	 1.612
12.4	 54.1	 0.000	 0.000
14.2	 54.1	 -0.118	 2.130
16.1	 54.1	 -0.365	 1.800
17.9	 54.1	 0.000	 0.000
19.6	 54.1	 -0.118	 1.635
21.4	 54.1	 -0.059	 1.718
23.3	 54.1	 0.224	 2.377
25.1	 54.1	 0.059	 1.941
26.9	 54.1	 0.000	 0.000
28.6	 54.1	 0.529	 1.683
30.5	 54.1	 0.141	 1.706
32.3	 54.1	 0.024	 1.694
34.1	 54.1	 1.024	 2.094
36.0	 54.1	 -0.224	 2.047
37.8	 54.1	 -0.082	 1.965
39.5	 54.1	 0.235	 1.988
41.4	 54.1	 0.129	 1.530
43.1	 54.1	 0.329	 2.024
45.0	 54.1	 0.306	 1.812
46.8	 54.1	 0.141	 2.200
48.5	 54.1	 -0.035	 2.177
50.4	 54.1	 -0.024	 2.271
52.1	 54.1	 -0.141	 2.436
54.0	 54.1	 0.000	 0.000
55.8	 54.1	 0.000	 0.000
57.5	 54.1	 -0.129	 2.059
59.5	 54.1	 0.000	 2.377
61.3	 54.1	 -0.612	 0.988
63.0	 54.1	 0.000	 0.000
64.8	 54.1	 0.612	 2.341
66.7	 54.1	 0.000	 0.000
68.5	 54.1	 0.000	 0.000
70.3	 54.1	 0.000	 0.000
-2.0	 55.9	 0.000	 0.000
-0.3	 55.9	 -0.682	 2.200
1.5	 55.9	 -0.259	 2.036
3.3	 55.9	 -0.600	 2.177
5.2	 55.9	 0.000	 2.188
6.9	 55.9	 0.906	 1.683
8.8	 55.9	 0.435	 1.824
10.7	 55.9	 0.341	 1.612
12.4	 55.9	 0.000	 0.000
14.2	 55.9	 -0.035	 1.988
16.1	 55.9	 0.000	 0.000
17.9	 55.9	 -0.035	 1.647
19.6	 55.9	 -0.153	 1.600
21.4	 55.9	 0.071	 1.659
23.3	 55.9	 0.000	 0.000
25.1	 55.9	 0.000	 0.000
26.9	 55.9	 0.647	 2.494
28.6	 55.9	 0.059	 1.894
30.5	 55.9	 0.082	 1.847
32.3	 55.9	 -0.106	 1.659
34.1	 55.9	 0.000	 0.000
36.0	 55.9	 -0.094	 1.824
37.8	 55.9	 0.000	 0.000
39.5	 55.9	 0.671	 0.200
41.4	 55.9	 0.129	 1.730
43.1	 55.9	 0.388	 1.977
45.0	 55.9	 0.271	 2.024
46.8	 55.9	 0.000	 0.000
48.5	 55.9	 -0.129	 2.153
50.4	 55.9	 0.024	 2.153
52.1	 55.9	 -0.129	 2.259
54.0	 55.9	 0.000	 0.000
55.8	 55.9	 0.353	 2.459
57.5	 55.9	 0.341	 2.459
59.5	 55.9	 0.000	 0.000
61.3	 55.9	 -0.071	 1.824
63.0	 55.9	 0.141	 2.647
64.8	 55.9	 0.000	 0.000
66.7	 55.9	 0.000	 0.000
68.5	 55.9	 0.000	 0.000
70.3	 55.9	 0.000	 0.000
-2.0	 57.7	 0.000	 0.000
-0.3	 57.7	 -0.200	 1.812
1.5	 57.7	 -0.447	 2.377
3.3	 57.7	 -0.635	 2.871
5.2	 57.7	 0.094	 2.306
6.9	 57.7	 0.965	 1.424
8.8	 57.7	 0.965	 1.459
10.7	 57.7	 -0.318	 2.000
12.4	 57.7	 0.000	 0.000
14.2	 57.7	 0.000	 0.000
16.1	 57.7	 -0.518	 2.412
17.9	 57.7	 -0.129	 1.612
19.6	 57.7	 0.000	 0.000
21.4	 57.7	 -0.471	 1.635
23.3	 57.7	 0.388	 1.706
25.1	 57.7	 0.200	 1.706
26.9	 57.7	 0.047	 1.612
28.6	 57.7	 0.165	 1.588
30.5	 57.7	 -0.047	 1.647
32.3	 57.7	 0.000	 0.000
34.1	 57.7	 0.024	 2.247
36.0	 57.7	 -0.094	 1.836
37.8	 57.7	 0.000	 0.000
39.5	 57.7	 0.000	 0.000
41.4	 57.7	 0.000	 0.000
43.1	 57.7	 -0.353	 2.530
45.0	 57.7	 -0.188	 2.365
46.8	 57.7	 0.000	 0.000
48.5	 57.7	 -0.012	 2.259
50.4	 57.7	 0.541	 2.765
52.1	 57.7	 0.435	 2.271
54.0	 57.7	 0.412	 2.236
55.8	 57.7	 0.353	 1.977
57.5	 57.7	 0.000	 0.000
59.5	 57.7	 0.824	 1.247
61.3	 57.7	 0.059	 2.447
63.0	 57.7	 0.247	 2.271
64.8	 57.7	 -0.059	 2.271
66.7	 57.7	 0.000	 0.000
68.5	 57.7	 0.459	 1.553
70.3	 57.7	 0.000	 0.000
-2.0	 59.5	 0.000	 0.000
-0.3	 59.5	 0.000	 0.000
1.5	 59.5	 0.000	 0.000
3.3	 59.5	 0.188	 1.635
5.2	 59.5	 0.000	 0.000
6.9	 59.5	 -0.035	 1.671
8.8	 59.5	 0.000	 0.000
10.7	 59.5	 -0.176	 1.883
12.4	 59.5	 -0.600	 2.012
14.2	 59.5	 -0.129	 0.859
16.1	 59.5	 -0.553	 2.271
17.9	 59.5	 0.012	 1.553
19.6	 59.5	 -0.506	 1.635
21.4	 59.5	 -0.059	 1.671
23.3	 59.5	 0.306	 1.706
25.1	 59.5	 0.224	 1.671
26.9	 59.5	 0.047	 1.612
28.6	 59.5	 -1.177	 3.153
30.5	 59.5	 -0.082	 2.130
32.3	 59.5	 0.224	 1.388
34.1	 59.5	 0.188	 1.459
36.0	 59.5	 0.000	 0.000
37.8	 59.5	 -0.082	 1.800
39.5	 59.5	 -0.153	 1.777
41.4	 59.5	 0.024	 2.412
43.1	 59.5	 -2.847	 -1.388
45.0	 59.5	 -0.035	 2.141
46.8	 59.5	 -0.082	 2.212
48.5	 59.5	 0.012	 1.659
50.4	 59.5	 0.577	 2.012
52.1	 59.5	 0.153	 2.306
54.0	 59.5	 0.482	 2.165
55.8	 59.5	 0.694	 2.847
57.5	 59.5	 0.047	 2.824
59.5	 59.5	 0.000	 0.000
61.3	 59.5	 0.741	 2.059
63.0	 59.5	 -0.047	 2.071
64.8	 59.5	 0.541	 2.271
66.7	 59.5	 0.777	 2.224
68.5	 59.5	 0.000	 0.000
70.3	 59.5	 0.000	 0.000
-2.0	 61.3	 0.000	 0.000
-0.3	 61.3	 0.000	 0.000
1.5	 61.3	 0.000	 0.000
3.3	 61.3	 -0.165	 1.659
5.2	 61.3	 -0.541	 2.800
6.9	 61.3	 -0.494	 2.918
8.8	 61.3	 0.024	 1.730
10.7	 61.3	 0.000	 0.000
12.4	 61.3	 0.000	 0.000
14.2	 61.3	 0.000	 0.000
16.1	 61.3	 -0.071	 2.565
17.9	 61.3	 -0.012	 2.683
19.6	 61.3	 0.000	 0.000
21.4	 61.3	 0.012	 1.012
23.3	 61.3	 -0.977	 2.777
25.1	 61.3	 0.000	 0.000
26.9	 61.3	 0.094	 1.777
28.6	 61.3	 0.035	 2.283
30.5	 61.3	 -0.059	 1.153
32.3	 61.3	 0.165	 2.636
34.1	 61.3	 0.200	 2.459
36.0	 61.3	 0.118	 2.177
37.8	 61.3	 0.800	 1.283
39.5	 61.3	 0.035	 2.047
41.4	 61.3	 0.000	 0.000
43.1	 61.3	 0.247	 1.941
45.0	 61.3	 0.000	 0.000
46.8	 61.3	 -0.824	 2.283
48.5	 61.3	 0.212	 1.247
50.4	 61.3	 0.635	 1.435
52.1	 61.3	 0.129	 2.836
54.0	 61.3	 -0.200	 2.906
55.8	 61.3	 0.294	 2.330
57.5	 61.3	 0.471	 2.483
59.5	 61.3	 0.294	 2.506
61.3	 61.3	 0.235	 2.553
63.0	 61.3	 -0.471	 2.306
64.8	 61.3	 -0.129	 2.283
66.7	 61.3	 -0.435	 2.471
68.5	 61.3	 -0.447	 2.483
70.3	 61.3	 0.000	 0.000
-2.0	 63.2	 0.000	 0.000
-0.3	 63.2	 0.000	 0.000
1.5	 63.2	 0.000	 0.000
3.3	 63.2	 -0.106	 1.600
5.2	 63.2	 0.000	 0.000
6.9	 63.2	 0.000	 0.000
8.8	 63.2	 -0.424	 2.224
10.7	 63.2	 0.000	 0.000
12.4	 63.2	 -0.471	 2.165
14.2	 63.2	 0.000	 0.000
16.1	 63.2	 0.000	 0.000
17.9	 63.2	 -0.047	 1.683
19.6	 63.2	 -0.047	 1.694
21.4	 63.2	 -0.059	 2.918
23.3	 63.2	 0.000	 0.000
25.1	 63.2	 -1.059	 1.600
26.9	 63.2	 0.000	 0.000
28.6	 63.2	 0.035	 2.283
30.5	 63.2	 0.624	 1.553
32.3	 63.2	 0.624	 1.553
34.1	 63.2	 0.000	 2.894
36.0	 63.2	 0.176	 1.718
37.8	 63.2	 0.447	 2.059
39.5	 63.2	 0.259	 2.283
41.4	 63.2	 -0.012	 2.283
43.1	 63.2	 0.318	 1.718
45.0	 63.2	 -0.176	 2.589
46.8	 63.2	 -0.824	 2.283
48.5	 63.2	 0.459	 1.694
50.4	 63.2	 0.471	 1.683
52.1	 63.2	 0.212	 2.741
54.0	 63.2	 0.259	 2.024
55.8	 63.2	 0.329	 1.812
57.5	 63.2	 0.141	 1.871
59.5	 63.2	 0.000	 0.000
61.3	 63.2	 0.153	 2.836
63.0	 63.2	 0.235	 2.906
64.8	 63.2	 0.071	 1.965
66.7	 63.2	 0.000	 0.000
68.5	 63.2	 0.000	 0.000
70.3	 63.2	 0.000	 0.000
-2.0	 65.0	 0.000	 0.000
-0.3	 65.0	 0.000	 0.000
1.5	 65.0	 0.000	 0.000
3.3	 65.0	 0.000	 0.000
5.2	 65.0	 0.000	 0.000
6.9	 65.0	 0.588	 2.012
8.8	 65.0	 -0.024	 2.259
10.7	 65.0	 -0.271	 2.894
12.4	 65.0	 -0.388	 2.471
14.2	 65.0	 -0.471	 1.600
16.1	 65.0	 -0.729	 1.694
17.9	 65.0	 0.000	 0.000
19.6	 65.0	 -0.047	 1.659
21.4	 65.0	 -0.071	 1.577
23.3	 65.0	 0.000	 0.000
25.1	 65.0	 -0.529	 2.730
26.9	 65.0	 -0.071	 2.306
28.6	 65.0	 -0.071	 2.294
30.5	 65.0	 0.000	 0.000
32.3	 65.0	 -0.188	 1.541
34.1	 65.0	 -0.176	 1.553
36.0	 65.0	 0.082	 1.753
37.8	 65.0	 0.118	 2.294
39.5	 65.0	 2.153	 -0.518
41.4	 65.0	 -0.024	 2.247
43.1	 65.0	 0.518	 2.130
45.0	 65.0	 0.353	 2.094
46.8	 65.0	 0.424	 2.012
48.5	 65.0	 0.424	 1.788
50.4	 65.0	 0.035	 2.883
52.1	 65.0	 0.294	 2.753
54.0	 65.0	 0.694	 2.153
55.8	 65.0	 0.118	 1.894
57.5	 65.0	 -0.035	 1.871
59.5	 65.0	 0.165	 2.259
61.3	 65.0	 0.329	 2.741
63.0	 65.0	 0.047	 3.036
64.8	 65.0	 0.094	 3.024
66.7	 65.0	 -0.565	 1.647
68.5	 65.0	 0.012	 1.683
70.3	 65.0	 0.000	 0.000
-2.0	 66.8	 0.000	 0.000
-0.3	 66.8	 0.000	 0.000
1.5	 66.8	 0.000	 0.000
3.3	 66.8	 0.000	 0.000
5.2	 66.8	 0.000	 0.000
6.9	 66.8	 0.000	 0.000
8.8	 66.8	 -0.565	 1.894
10.7	 66.8	 0.000	 0.000
12.4	 66.8	 0.000	 0.000
14.2	 66.8	 0.000	 0.000
16.1	 66.8	 0.000	 0.000
17.9	 66.8	 0.024	 2.706
19.6	 66.8	 -0.282	 2.753
21.4	 66.8	 -0.082	 1.518
23.3	 66.8	 0.000	 0.000
25.1	 66.8	 -0.459	 2.012
26.9	 66.8	 -0.082	 2.306
28.6	 66.8	 -0.059	 2.259
30.5	 66.8	 0.176	 1.824
32.3	 66.8	 -0.247	 2.036
34.1	 66.8	 -0.259	 2.036
36.0	 66.8	 0.000	 0.000
37.8	 66.8	 -0.106	 2.930
39.5	 66.8	 0.000	 0.000
41.4	 66.8	 -0.188	 2.859
43.1	 66.8	 -0.059	 2.847
45.0	 66.8	 -0.012	 2.812
46.8	 66.8	 0.553	 2.106
48.5	 66.8	 0.000	 0.000
50.4	 66.8	 0.118	 2.859
52.1	 66.8	 0.000	 0.000
54.0	 66.8	 0.000	 0.000
55.8	 66.8	 0.318	 2.436
57.5	 66.8	 -0.047	 2.106
59.5	 66.8	 0.000	 0.000
61.3	 66.8	 0.000	 0.000
63.0	 66.8	 0.000	 0.000
64.8	 66.8	 0.000	 0.000
66.7	 66.8	 0.000	 0.000
68.5	 66.8	 0.012	 1.694
70.3	 66.8	 0.000	 0.000
-2.0	 68.6	 0.000	 0.000
-0.3	 68.6	 0.000	 0.000
1.5	 68.6	 0.000	 0.000
3.3	 68.6	 0.000	 0.000
5.2	 68.6	 -0.694	 2.965
6.9	 68.6	 -0.647	 2.953
8.8	 68.6	 0.000	 0.000
10.7	 68.6	 0.000	 0.000
12.4	 68.6	 0.000	 0.000
14.2	 68.6	 0.000	 0.000
16.1	 68.6	 0.000	 0.000
17.9	 68.6	 0.224	 1.541
19.6	 68.6	 0.000	 0.000
21.4	 68.6	 0.000	 0.000
23.3	 68.6	 0.000	 0.000
25.1	 68.6	 0.000	 0.000
26.9	 68.6	 0.000	 0.000
28.6	 68.6	 0.000	 0.000
30.5	 68.6	 0.176	 1.800
32.3	 68.6	 0.282	 1.671
34.1	 68.6	 -0.012	 1.506
36.0	 68.6	 0.000	 0.000
37.8	 68.6	 0.000	 0.000
39.5	 68.6	 0.141	 1.659
41.4	 68.6	 0.188	 2.318
43.1	 68.6	 0.047	 2.871
45.0	 68.6	 -0.071	 1.812
46.8	 68.6	 0.000	 0.000
48.5	 68.6	 0.000	 0.000
50.4	 68.6	 -0.012	 2.977
52.1	 68.6	 0.482	 2.800
54.0	 68.6	 0.000	 0.000
55.8	 68.6	 0.377	 2.236
57.5	 68.6	 -0.447	 0.259
59.5	 68.6	 0.000	 2.871
61.3	 68.6	 0.059	 2.977
63.0	 68.6	 0.577	 2.083
64.8	 68.6	 -0.035	 1.788
66.7	 68.6	 0.694	 1.941
68.5	 68.6	 0.329	 2.636
70.3	 68.6	 0.000	 0.000
-2.0	 70.4	 0.000	 0.000
-0.3	 70.4	 0.000	 0.000
1.5	 70.4	 0.000	 0.000
3.3	 70.4	 -1.777	 3.059
5.2	 70.4	 -0.459	 2.977
6.9	 70.4	 0.000	 0.000
8.8	 70.4	 -0.388	 2.989
10.7	 70.4	 0.000	 0.000
12.4	 70.4	 -0.388	 2.977
14.2	 70.4	 -0.224	 2.953
16.1	 70.4	 -0.200	 2.977
17.9	 70.4	 0.000	 0.000
19.6	 70.4	 0.000	 0.000
21.4	 70.4	 0.000	 0.000
23.3	 70.4	 0.741	 2.000
25.1	 70.4	 0.671	 2.059
26.9	 70.4	 0.247	 2.424
28.6	 70.4	 0.000	 0.000
30.5	 70.4	 -0.353	 0.141
32.3	 70.4	 -0.412	 0.118
34.1	 70.4	 0.000	 0.000
36.0	 70.4	 -0.165	 2.318
37.8	 70.4	 0.000	 0.000
39.5	 70.4	 0.329	 1.706
41.4	 70.4	 0.000	 0.000
43.1	 70.4	 0.000	 0.000
45.0	 70.4	 0.471	 2.118
46.8	 70.4	 0.000	 0.000
48.5	 70.4	 0.000	 0.000
50.4	 70.4	 0.000	 0.000
52.1	 70.4	 0.482	 2.812
54.0	 70.4	 0.247	 2.306
55.8	 70.4	 0.188	 2.153
57.5	 70.4	 0.329	 1.988
59.5	 70.4	 0.082	 3.000
61.3	 70.4	 0.753	 2.989
63.0	 70.4	 0.000	 0.000
64.8	 70.4	 0.047	 0.894
66.7	 70.4	 0.494	 0.388
68.5	 70.4	 -0.259	 1.624
70.3	 70.4	 0.224	 -1.506
-2.0	 72.2	 0.000	 0.000
-0.3	 72.2	 0.000	 0.000
1.5	 72.2	 0.000	 0.000
3.3	 72.2	 -0.059	 2.977
5.2	 72.2	 -0.129	 2.965
6.9	 72.2	 -0.400	 2.953
8.8	 72.2	 -0.624	 2.965
10.7	 72.2	 -0.176	 2.977
12.4	 72.2	 0.000	 0.000
14.2	 72.2	 0.000	 0.000
16.1	 72.2	 -0.600	 1.988
17.9	 72.2	 0.000	 0.000
19.6	 72.2	 0.024	 1.612
21.4	 72.2	 0.000	 0.000
23.3	 72.2	 0.000	 0.000
25.1	 72.2	 0.165	 2.894
26.9	 72.2	 -0.306	 2.953
28.6	 72.2	 0.000	 0.000
30.5	 72.2	 -0.212	 2.294
32.3	 72.2	 -0.235	 2.306
34.1	 72.2	 -0.188	 2.353
36.0	 72.2	 -0.176	 0.859
37.8	 72.2	 0.012	 2.341
39.5	 72.2	 0.141	 2.341
41.4	 72.2	 -0.071	 1.859
43.1	 72.2	 0.035	 1.918
45.0	 72.2	 0.000	 0.000
46.8	 72.2	 0.459	 2.330
48.5	 72.2	 -0.953	 2.918
50.4	 72.2	 0.318	 2.730
52.1	 72.2	 0.000	 0.000
54.0	 72.2	 0.059	 1.588
55.8	 72.2	 0.000	 0.000
57.5	 72.2	 0.000	 0.000
59.5	 72.2	 0.918	 2.883
61.3	 72.2	 0.388	 2.871
63.0	 72.2	 0.553	 1.706
64.8	 72.2	 0.000	 0.000
66.7	 72.2	 0.000	 0.000
68.5	 72.2	 0.000	 0.000
70.3	 72.2	 0.000	 0.000
-2.0	 74.0	 0.000	 0.000
-0.3	 74.0	 0.000	 0.000
1.5	 74.0	 0.000	 0.000
3.3	 74.0	 -0.282	 2.977
5.2	 74.0	 0.000	 0.000
6.9	 74.0	 0.000	 0.000
8.8	 74.0	 0.000	 0.000
10.7	 74.0	 -0.435	 2.977
12.4	 74.0	 0.000	 0.000
14.2	 74.0	 0.000	 0.000
16.1	 74.0	 -0.777	 0.000
17.9	 74.0	 -0.518	 0.024
19.6	 74.0	 0.000	 0.000
21.4	 74.0	 0.000	 0.000
23.3	 74.0	 1.577	 0.035
25.1	 74.0	 1.388	 0.024
26.9	 74.0	 0.000	 0.000
28.6	 74.0	 0.000	 0.000
30.5	 74.0	 0.000	 0.000
32.3	 74.0	 0.282	 3.071
34.1	 74.0	 0.024	 2.330
36.0	 74.0	 -0.071	 2.212
37.8	 74.0	 0.000	 0.000
39.5	 74.0	 0.000	 0.000
41.4	 74.0	 -0.012	 0.988
43.1	 74.0	 0.141	 0.965
45.0	 74.0	 1.659	 0.141
46.8	 74.0	 0.153	 2.318
48.5	 74.0	 -0.212	 2.942
50.4	 74.0	 0.000	 0.000
52.1	 74.0	 0.000	 0.000
54.0	 74.0	 0.447	 2.083
55.8	 74.0	 0.800	 2.659
57.5	 74.0	 0.753	 2.659
59.5	 74.0	 0.941	 2.859
61.3	 74.0	 0.000	 0.000
63.0	 74.0	 0.000	 0.000
64.8	 74.0	 0.000	 0.000
66.7	 74.0	 0.000	 0.000
68.5	 74.0	 0.000	 0.000
70.3	 74.0	 0.000	 0.000
-2.0	 75.8	 0.000	 0.000
-0.3	 75.8	 0.000	 0.000
1.5	 75.8	 0.000	 0.000
3.3	 75.8	 -0.141	 3.000
5.2	 75.8	 0.000	 0.000
6.9	 75.8	 -0.200	 2.989
8.8	 75.8	 0.012	 2.989
10.7	 75.8	 -0.282	 2.989
12.4	 75.8	 -0.047	 2.965
14.2	 75.8	 0.000	 0.000
16.1	 75.8	 0.000	 0.000
17.9	 75.8	 0.000	 0.000
19.6	 75.8	 0.000	 0.000
21.4	 75.8	 -0.012	 2.977
23.3	 75.8	 -0.059	 2.977
25.1	 75.8	 0.118	 2.777
26.9	 75.8	 0.094	 2.871
28.6	 75.8	 0.000	 0.000
30.5	 75.8	 0.035	 2.647
32.3	 75.8	 -0.071	 2.824
34.1	 75.8	 0.000	 0.000
36.0	 75.8	 0.706	 1.788
37.8	 75.8	 0.059	 2.942
39.5	 75.8	 1.306	 2.847
41.4	 75.8	 0.000	 1.741
43.1	 75.8	 0.259	 1.930
45.0	 75.8	 0.518	 1.800
46.8	 75.8	 0.129	 1.894
48.5	 75.8	 0.000	 0.000
50.4	 75.8	 0.000	 0.000
52.1	 75.8	 0.306	 1.600
54.0	 75.8	 0.435	 2.247
55.8	 75.8	 0.718	 2.600
57.5	 75.8	 0.694	 2.624
59.5	 75.8	 0.000	 0.000
61.3	 75.8	 0.000	 0.000
63.0	 75.8	 0.000	 0.000
64.8	 75.8	 0.000	 0.000
66.7	 75.8	 0.000	 0.000
68.5	 75.8	 0.000	 0.000
70.3	 75.8	 0.000	 0.000
-2.0	 77.6	 0.000	 0.000
-0.3	 77.6	 0.000	 0.000
1.5	 77.6	 0.000	 0.000
3.3	 77.6	 0.000	 0.000
5.2	 77.6	 -0.318	 2.518
6.9	 77.6	 -0.212	 2.494
8.8	 77.6	 0.000	 0.000
10.7	 77.6	 0.141	 2.989
12.4	 77.6	 0.000	 0.000
14.2	 77.6	 -0.118	 2.989
16.1	 77.6	 -0.694	 2.589
17.9	 77.6	 0.000	 0.000
19.6	 77.6	 0.000	 0.000
21.4	 77.6	 0.000	 0.000
23.3	 77.6	 0.000	 0.000
25.1	 77.6	 0.000	 0.000
26.9	 77.6	 0.000	 0.000
28.6	 77.6	 0.000	 0.000
30.5	 77.6	 -0.094	 2.789
32.3	 77.6	 -0.047	 2.577
34.1	 77.6	 0.106	 2.318
36.0	 77.6	 0.000	 0.000
37.8	 77.6	 0.000	 0.000
39.5	 77.6	 0.000	 0.000
41.4	 77.6	 0.000	 0.000
43.1	 77.6	 0.118	 2.141
45.0	 77.6	 0.176	 2.153
46.8	 77.6	 0.000	 0.000
48.5	 77.6	 0.047	 3.106
50.4	 77.6	 0.706	 2.636
52.1	 77.6	 0.271	 2.177
54.0	 77.6	 0.000	 0.000
55.8	 77.6	 0.600	 1.777
57.5	 77.6	 0.000	 0.000
59.5	 77.6	 0.777	 1.600
61.3	 77.6	 0.671	 1.577
63.0	 77.6	 0.624	 1.577
64.8	 77.6	 0.259	 1.565
66.7	 77.6	 0.153	 1.847
68.5	 77.6	 0.106	 2.412
70.3	 77.6	 0.000	 0.000
-2.0	 79.4	 0.000	 0.000
-0.3	 79.4	 0.000	 0.000
1.5	 79.4	 0.000	 0.000
3.3	 79.4	 0.000	 0.000
5.2	 79.4	 0.000	 0.000
6.9	 79.4	 0.000	 0.000
8.8	 79.4	 0.000	 0.000
10.7	 79.4	 0.000	 0.000
12.4	 79.4	 0.000	 0.000
14.2	 79.4	 0.000	 0.000
16.1	 79.4	 0.000	 0.000
17.9	 79.4	 0.000	 0.000
19.6	 79.4	 0.000	 0.000
21.4	 79.4	 0.000	 0.000
23.3	 79.4	 0.000	 0.000
25.1	 79.4	 -0.188	 3.000
26.9	 79.4	 -0.212	 3.012
28.6	 79.4	 -0.365	 3.059
30.5	 79.4	 -0.224	 1.624
32.3	 79.4	 -0.294	 1.965
34.1	 79.4	 0.000	 0.000
36.0	 79.4	 0.000	 0.000
37.8	 79.4	 0.118	 2.341
39.5	 79.4	 0.000	 0.000
41.4	 79.4	 0.000	 0.000
43.1	 79.4	 0.118	 2.518
45.0	 79.4	 0.000	 0.000
46.8	 79.4	 0.459	 2.706
48.5	 79.4	 -0.012	 2.753
50.4	 79.4	 0.518	 2.824
52.1	 79.4	 0.541	 2.930
54.0	 79.4	 0.000	 0.000
55.8	 79.4	 0.000	 0.000
57.5	 79.4	 0.000	 0.000
59.5	 79.4	 0.000	 0.000
61.3	 79.4	 0.000	 0.000
63.0	 79.4	 0.000	 0.000
64.8	 79.4	 0.482	 2.165
66.7	 79.4	 0.247	 2.165
68.5	 79.4	 0.118	 2.377
70.3	 79.4	 0.000	 0.000
-2.0	 81.2	 0.000	 0.000
-0.3	 81.2	 0.000	 0.000
1.5	 81.2	 0.000	 0.000
3.3	 81.2	 0.000	 0.000
5.2	 81.2	 -0.635	 3.012
6.9	 81.2	 0.000	 0.000
8.8	 81.2	 0.000	 0.000
10.7	 81.2	 0.000	 0.000
12.4	 81.2	 0.000	 0.000
14.2	 81.2	 0.000	 0.000
16.1	 81.2	 0.000	 0.000
17.9	 81.2	 0.000	 0.000
19.6	 81.2	 0.000	 0.000
21.4	 81.2	 0.000	 0.000
23.3	 81.2	 0.000	 0.000
25.1	 81.2	 0.000	 0.000
26.9	 81.2	 0.000	 0.000
28.6	 81.2	 0.000	 0.000
30.5	 81.2	 -0.024	 2.977
32.3	 81.2	 -0.141	 3.094
34.1	 81.2	 -0.153	 2.953
36.0	 81.2	 0.000	 0.000
37.8	 81.2	 0.000	 0.000
39.5	 81.2	 0.141	 2.400
41.4	 81.2	 0.141	 2.400
43.1	 81.2	 -0.153	 2.247
45.0	 81.2	 0.235	 2.694
46.8	 81.2	 0.129	 2.777
48.5	 81.2	 0.471	 2.800
50.4	 81.2	 0.000	 0.000
52.1	 81.2	 0.000	 0.000
54.0	 81.2	 0.459	 3.024
55.8	 81.2	 0.482	 2.989
57.5	 81.2	 0.000	 0.000
59.5	 81.2	 0.000	 0.000
61.3	 81.2	 0.000	 0.000
63.0	 81.2	 0.365	 1.635
64.8	 81.2	 0.000	 0.000
66.7	 81.2	 0.753	 2.377
68.5	 81.2	 0.129	 2.330
70.3	 81.2	 0.000	 0.000
-2.0	 83.0	 0.000	 0.000
-0.3	 83.0	 0.000	 0.000
1.5	 83.0	 0.000	 0.000
3.3	 83.0	 0.000	 0.000
5.2	 83.0	 0.000	 0.000
6.9	 83.0	 0.000	 0.000
8.8	 83.0	 0.000	 0.000
10.7	 83.0	 0.000	 0.000
12.4	 83.0	 0.000	 0.000
14.2	 83.0	 0.000	 0.000
16.1	 83.0	 0.000	 0.000
17.9	 83.0	 0.000	 0.000
19.6	 83.0	 -0.153	 2.894
21.4	 83.0	 -0.035	 2.989
23.3	 83.0	 0.000	 0.000
25.1	 83.0	 -0.365	 3.000
26.9	 83.0	 0.506	 2.389
28.6	 83.0	 0.353	 2.812
30.5	 83.0	 0.000	 0.000
32.3	 83.0	 0.000	 0.000
34.1	 83.0	 0.000	 0.000
36.0	 83.0	 -0.259	 2.306
37.8	 83.0	 0.000	 0.000
39.5	 83.0	 0.000	 0.000
41.4	 83.0	 0.082	 2.447
43.1	 83.0	 0.000	 0.000
45.0	 83.0	 0.318	 2.283
46.8	 83.0	 0.259	 2.047
48.5	 83.0	 0.600	 2.718
50.4	 83.0	 0.082	 2.671
52.1	 83.0	 0.565	 2.918
54.0	 83.0	 0.000	 0.000
55.8	 83.0	 0.000	 0.000
57.5	 83.0	 0.435	 2.436
59.5	 83.0	 0.000	 0.000
61.3	 83.0	 0.000	 0.000
63.0	 83.0	 0.471	 2.965
64.8	 83.0	 0.000	 0.000
66.7	 83.0	 0.000	 0.000
68.5	 83.0	 0.000	 0.000
70.3	 83.0	 0.000	 0.000
-2.0	 84.8	 -1.365	 -3.012
-0.3	 84.8	 0.000	 0.000
1.5	 84.8	 0.000	 0.000
3.3	 84.8	 0.000	 0.000
5.2	 84.8	 0.000	 0.000
6.9	 84.8	 0.000	 0.000
8.8	 84.8	 0.000	 0.000
10.7	 84.8	 -0.447	 2.930
12.4	 84.8	 0.000	 0.000
14.2	 84.8	 0.000	 0.000
16.1	 84.8	 0.000	 0.000
17.9	 84.8	 0.000	 0.000
19.6	 84.8	 0.000	 0.000
21.4	 84.8	 0.000	 0.000
23.3	 84.8	 0.000	 0.000
25.1	 84.8	 0.000	 0.000
26.9	 84.8	 0.000	 0.000
28.6	 84.8	 0.000	 0.000
30.5	 84.8	 0.000	 0.000
32.3	 84.8	 -0.212	 3.189
34.1	 84.8	 -0.200	 3.177
36.0	 84.8	 -0.118	 3.012
37.8	 84.8	 0.000	 0.000
39.5	 84.8	 0.106	 2.989
41.4	 84.8	 0.329	 2.671
43.1	 84.8	 0.000	 0.000
45.0	 84.8	 0.341	 2.741
46.8	 84.8	 0.518	 2.647
48.5	 84.8	 0.471	 2.953
50.4	 84.8	 0.000	 0.000
52.1	 84.8	 0.000	 0.000
54.0	 84.8	 0.000	 0.000
55.8	 84.8	 0.000	 0.000
57.5	 84.8	 0.435	 2.377
59.5	 84.8	 0.000	 0.000
61.3	 84.8	 1.259	 0.106
63.0	 84.8	 0.000	 0.000
64.8	 84.8	 0.000	 0.000
66.7	 84.8	 0.000	 0.000
68.5	 84.8	 0.000	 0.000
70.3	 84.8	 0.000	 0.000
-2.0	 86.7	 0.000	 0.000
-0.3	 86.7	 0.000	 0.000
1.5	 86.7	 0.000	 0.000
3.3	 86.7	 0.000	 0.000
5.2	 86.7	 0.000	 0.000
6.9	 86.7	 0.000	 0.000
8.8	 86.7	 0.000	 0.000
10.7	 86.7	 0.000	 0.000
12.4	 86.7	 0.000	 0.000
14.2	 86.7	 0.200	 2.965
16.1	 86.7	 0.000	 0.000
17.9	 86.7	 0.000	 0.000
19.6	 86.7	 0.000	 0.000
21.4	 86.7	 -0.118	 2.989
23.3	 86.7	 0.000	 0.000
25.1	 86.7	 0.000	 0.000
26.9	 86.7	 0.000	 0.000
28.6	 86.7	 0.000	 0.000
30.5	 86.7	 0.000	 0.000
32.3	 86.7	 -0.094	 3.189
34.1	 86.7	 -0.200	 3.212
36.0	 86.7	 -0.306	 2.942
37.8	 86.7	 0.000	 0.000
39.5	 86.7	 0.153	 2.471
41.4	 86.7	 0.153	 2.459
43.1	 86.7	 0.224	 2.553
45.0	 86.7	 0.047	 2.294
46.8	 86.7	 0.129	 2.365
48.5	 86.7	 -0.118	 2.377
50.4	 86.7	 0.012	 2.706
52.1	 86.7	 0.000	 0.000
54.0	 86.7	 0.000	 0.000
55.8	 86.7	 0.682	 2.424
57.5	 86.7	 0.000	 0.000
59.5	 86.7	 0.000	 0.000
61.3	 86.7	 1.353	 2.436
63.0	 86.7	 0.000	 0.000
64.8	 86.7	 0.000	 0.000
66.7	 86.7	 -0.024	 0.071
68.5	 86.7	 0.000	 0.000
70.3	 86.7	 0.000	 0.000
-2.0	 88.5	 0.000	 0.000
-0.3	 88.5	 0.000	 0.000
1.5	 88.5	 0.165	 -1.494
3.3	 88.5	 0.000	 0.000
5.2	 88.5	 0.000	 0.000
6.9	 88.5	 0.000	 0.000
8.8	 88.5	 0.000	 0.000
10.7	 88.5	 0.000	 0.000
12.4	 88.5	 0.000	 0.000
14.2	 88.5	 0.000	 0.000
16.1	 88.5	 0.000	 0.000
17.9	 88.5	 0.000	 0.000
19.6	 88.5	 0.000	 0.000
21.4	 88.5	 0.000	 0.000
23.3	 88.5	 0.000	 0.000
25.1	 88.5	 0.000	 0.000
26.9	 88.5	 0.000	 0.000
28.6	 88.5	 -0.400	 2.706
30.5	 88.5	 -0.377	 2.706
32.3	 88.5	 0.000	 0.000
34.1	 88.5	 0.000	 0.000
36.0	 88.5	 0.000	 0.000
37.8	 88.5	 0.000	 0.000
39.5	 88.5	 0.000	 0.000
41.4	 88.5	 0.000	 0.000
43.1	 88.5	 -0.353	 2.989
45.0	 88.5	 0.000	 0.000
46.8	 88.5	 0.000	 0.000
48.5	 88.5	 -0.118	 2.389
50.4	 88.5	 0.365	 2.436
52.1	 88.5	 0.329	 2.436
54.0	 88.5	 0.153	 2.506
55.8	 88.5	 0.659	 1.730
57.5	 88.5	 0.577	 2.859
59.5	 88.5	 0.000	 0.000
61.3	 88.5	 0.541	 2.989
63.0	 88.5	 0.000	 0.000
64.8	 88.5	 0.000	 0.000
66.7	 88.5	 0.000	 0.118
68.5	 88.5	 0.000	 0.000
70.3	 88.5	 0.000	 0.000
-2.0	 90.3	 0.000	 0.000
-0.3	 90.3	 0.000	 0.000
1.5	 90.3	 0.000	 0.000
3.3	 90.3	 0.000	 0.000
5.2	 90.3	 0.000	 0.000
6.9	 90.3	 0.000	 0.000
8.8	 90.3	 0.000	 0.000
10.7	 90.3	 0.000	 0.000
12.4	 90.3	 0.000	 0.000
14.2	 90.3	 0.000	 0.000
16.1	 90.3	 0.000	 0.000
17.9	 90.3	 0.000	 0.000
19.6	 90.3	 0.000	 0.000
21.4	 90.3	 0.000	 0.000
23.3	 90.3	 0.000	 0.000
25.1	 90.3	 1.294	 2.694
26.9	 90.3	 -0.706	 2.883
28.6	 90.3	 -0.741	 2.859
30.5	 90.3	 0.000	 0.000
32.3	 90.3	 -0.035	 2.847
34.1	 90.3	 0.012	 2.894
36.0	 90.3	 0.000	 0.000
37.8	 90.3	 0.000	 0.000
39.5	 90.3	 0.000	 0.000
41.4	 90.3	 0.000	 0.000
43.1	 90.3	 0.000	 0.000
45.0	 90.3	 0.000	 0.000
46.8	 90.3	 0.000	 0.000
48.5	 90.3	 0.000	 0.000
50.4	 90.3	 0.000	 0.000
52.1	 90.3	 0.000	 0.000
54.0	 90.3	 0.000	 0.000
55.8	 90.3	 0.000	 0.000
57.5	 90.3	 0.000	 0.000
59.5	 90.3	 0.000	 0.000
61.3	 90.3	 0.000	 0.000
63.0	 90.3	 0.000	 0.000
64.8	 90.3	 0.000	 0.000
66.7	 90.3	 0.282	 -0.024
68.5	 90.3	 0.000	 0.000
70.3	 90.3	 0.000	 0.000
-2.0	 92.0	 0.000	 0.000
-0.3	 92.0	 0.000	 0.000
1.5	 92.0	 0.000	 0.000
3.3	 92.0	 0.000	 0.000
5.2	 92.0	 0.000	 0.000
6.9	 92.0	 0.000	 0.000
8.8	 92.0	 0.000	 0.000
10.7	 92.0	 0.000	 0.000
12.4	 92.0	 0.000	 0.000
14.2	 92.0	 0.000	 0.000
16.1	 92.0	 0.000	 0.000
17.9	 92.0	 0.094	 3.012
19.6	 92.0	 0.000	 0.000
21.4	 92.0	 0.000	 0.000
23.3	 92.0	 0.000	 0.000
25.1	 92.0	 0.000	 0.000
26.9	 92.0	 0.000	 0.000
28.6	 92.0	 0.000	 0.000
30.5	 92.0	 0.165	 1.930
32.3	 92.0	 0.047	 1.930
34.1	 92.0	 0.000	 0.000
36.0	 92.0	 0.000	 0.000
37.8	 92.0	 0.000	 0.000
39.5	 92.0	 0.000	 0.000
41.4	 92.0	 0.000	 0.000
43.1	 92.0	 0.424	 2.447
45.0	 92.0	 0.000	 0.000
46.8	 92.0	 0.000	 0.000
48.5	 92.0	 0.000	 0.000
50.4	 92.0	 0.235	 2.377
52.1	 92.0	 0.224	 2.989
54.0	 92.0	 0.153	 2.459
55.8	 92.0	 0.424	 2.483
57.5	 92.0	 0.000	 0.000
59.5	 92.0	 0.000	 0.000
61.3	 92.0	 0.000	 0.000
63.0	 92.0	 0.000	 0.000
64.8	 92.0	 0.000	 0.000
66.7	 92.0	 0.082	 0.047
68.5	 92.0	 0.000	 0.000
70.3	 92.0	 0.000	 0.000
-2.0	 93.8	 0.000	 0.000
-0.3	 93.8	 0.000	 0.000
1.5	 93.8	 0.000	 0.000
3.3	 93.8	 0.000	 0.000
5.2	 93.8	 0.000	 0.000
6.9	 93.8	 0.000	 0.000
8.8	 93.8	 0.000	 0.000
10.7	 93.8	 0.000	 0.000
12.4	 93.8	 0.000	 0.000
14.2	 93.8	 0.000	 0.000
16.1	 93.8	 0.000	 0.000
17.9	 93.8	 0.000	 0.000
19.6	 93.8	 0.000	 0.000
21.4	 93.8	 0.000	 0.000
23.3	 93.8	 0.000	 0.000
25.1	 93.8	 0.000	 0.000
26.9	 93.8	 0.000	 0.000
28.6	 93.8	 0.000	 0.000
30.5	 93.8	 0.153	 2.071
32.3	 93.8	 0.047	 2.071
34.1	 93.8	 0.000	 0.000
36.0	 93.8	 0.000	 0.000
37.8	 93.8	 0.282	 2.541
39.5	 93.8	 0.271	 2.565
41.4	 93.8	 0.000	 0.000
43.1	 93.8	 0.035	 2.989
45.0	 93.8	 0.000	 0.000
46.8	 93.8	 -0.047	 2.424
48.5	 93.8	 0.000	 0.000
50.4	 93.8	 0.000	 0.000
52.1	 93.8	 0.000	 0.000
54.0	 93.8	 0.047	 2.989
55.8	 93.8	 0.000	 0.000
57.5	 93.8	 0.000	 0.000
59.5	 93.8	 0.000	 0.000
61.3	 93.8	 0.000	 0.000
63.0	 93.8	 0.000	 0.000
64.8	 93.8	 0.000	 0.000
66.7	 93.8	 -0.424	 0.024
68.5	 93.8	 0.000	 0.000
70.3	 93.8	 0.000	 0.000
-2.0	 95.7	 0.000	 0.000
-0.3	 95.7	 0.000	 0.000
1.5	 95.7	 0.000	 0.000
3.3	 95.7	 0.000	 0.000
5.2	 95.7	 0.000	 0.000
6.9	 95.7	 0.000	 0.000
8.8	 95.7	 0.000	 0.000
10.7	 95.7	 -0.224	 2.494
12.4	 95.7	 -0.224	 2.471
14.2	 95.7	 0.000	 0.000
16.1	 95.7	 0.000	 0.000
17.9	 95.7	 0.000	 0.000
19.6	 95.7	 0.000	 0.000
21.4	 95.7	 0.000	 0.000
23.3	 95.7	 0.000	 0.000
25.1	 95.7	 0.000	 0.000
26.9	 95.7	 0.000	 0.000
28.6	 95.7	 0.000	 0.000
30.5	 95.7	 0.106	 2.977
32.3	 95.7	 0.047	 2.989
34.1	 95.7	 -3.094	 1.518
36.0	 95.7	 0.000	 0.000
37.8	 95.7	 0.000	 0.000
39.5	 95.7	 0.000	 0.000
41.4	 95.7	 0.000	 0.000
43.1	 95.7	 0.000	 0.000
45.0	 95.7	 0.000	 0.000
46.8	 95.7	 0.224	 2.436
48.5	 95.7	 0.000	 2.530
50.4	 95.7	 0.000	 0.000
52.1	 95.7	 0.000	 0.000
54.0	 95.7	 0.000	 0.000
55.8	 95.7	 0.000	 0.000
57.5	 95.7	 0.000	 0.000
59.5	 95.7	 0.000	 0.000
61.3	 95.7	 0.000	 0.000
63.0	 95.7	 0.471	 2.977
64.8	 95.7	 0.000	 0.000
66.7	 95.7	 0.000	 0.000
68.5	 95.7	 0.000	 0.000
70.3	 95.7	 0.000	 0.000
-2.0	 97.5	 0.000	 0.000
-0.3	 97.5	 0.000	 0.000
1.5	 97.5	 0.000	 0.000
3.3	 97.5	 0.000	 0.000
5.2	 97.5	 0.000	 0.000
6.9	 97.5	 0.000	 0.000
8.8	 97.5	 0.000	 0.000
10.7	 97.5	 0.000	 0.000
12.4	 97.5	 0.000	 0.000
14.2	 97.5	 0.000	 0.000
16.1	 97.5	 0.000	 0.000
17.9	 97.5	 0.000	 0.000
19.6	 97.5	 0.000	 0.000
21.4	 97.5	 0.000	 0.000
23.3	 97.5	 0.000	 0.000
25.1	 97.5	 0.518	 2.341
26.9	 97.5	 0.012	 2.647
28.6	 97.5	 0.000	 0.000
30.5	 97.5	 0.094	 2.989
32.3	 97.5	 0.035	 2.989
34.1	 97.5	 0.000	 0.000
36.0	 97.5	 0.000	 0.000
37.8	 97.5	 0.000	 0.000
39.5	 97.5	 0.000	 0.000
41.4	 97.5	 0.000	 0.000
43.1	 97.5	 0.000	 0.000
45.0	 97.5	 -0.176	 2.989
46.8	 97.5	 0.212	 2.647
48.5	 97.5	 0.000	 2.589
50.4	 97.5	 0.000	 0.000
52.1	 97.5	 0.000	 0.000
54.0	 97.5	 0.000	 0.000
55.8	 97.5	 0.000	 0.000
57.5	 97.5	 0.000	 0.000
59.5	 97.5	 0.000	 0.000
61.3	 97.5	 0.000	 0.000
63.0	 97.5	 0.000	 0.000
64.8	 97.5	 0.000	 0.000
66.7	 97.5	 0.000	 0.000
68.5	 97.5	 0.000	 0.000
70.3	 97.5	 0.000	 0.000
-2.0	 99.3	 0.000	 0.000
-0.3	 99.3	 0.000	 0.000
1.5	 99.3	 0.000	 0.000
3.3	 99.3	 0.000	 0.000
5.2	 99.3	 0.000	 0.000
6.9	 99.3	 0.000	 0.000
8.8	 99.3	 0.000	 0.000
10.7	 99.3	 0.000	 0.000
12.4	 99.3	 0.000	 0.000
14.2	 99.3	 0.000	 0.000
16.1	 99.3	 0.000	 0.000
17.9	 99.3	 0.000	 0.000
19.6	 99.3	 0.000	 0.000
21.4	 99.3	 0.000	 0.000
23.3	 99.3	 0.000	 0.000
25.1	 99.3	 0.000	 0.000
26.9	 99.3	 0.000	 0.000
28.6	 99.3	 0.000	 0.000
30.5	 99.3	 0.000	 0.000
32.3	 99.3	 0.000	 0.000
34.1	 99.3	 0.000	 0.000
36.0	 99.3	 0.000	 0.000
37.8	 99.3	 0.000	 0.000
39.5	 99.3	 0.000	 0.000
41.4	 99.3	 0.000	 0.000
43.1	 99.3	 0.188	 2.753
45.0	 99.3	 0.200	 2.753
46.8	 99.3	 0.000	 0.000
48.5	 99.3	 0.000	 0.000
50.4	 99.3	 0.047	 2.942
52.1	 99.3	 0.365	 2.906
54.0	 99.3	 0.000	 0.000
55.8	 99.3	 0.541	 2.541
57.5	 99.3	 0.000	 0.000
59.5	 99.3	 0.000	 0.000
61.3	 99.3	 0.000	 0.000
63.0	 99.3	 0.000	 0.000
64.8	 99.3	 0.000	 0.000
66.7	 99.3	 -0.694	 3.118
68.5	 99.3	 0.000	 0.000
70.3	 99.3	 0.000	 0.000
-2.0	 101.1	 0.000	 0.000
-0.3	 101.1	 0.000	 0.000
1.5	 101.1	 0.000	 0.000
3.3	 101.1	 0.000	 0.000
5.2	 101.1	 0.000	 0.000
6.9	 101.1	 0.000	 0.000
8.8	 101.1	 0.000	 0.000
10.7	 101.1	 0.000	 0.000
12.4	 101.1	 0.000	 0.000
14.2	 101.1	 0.000	 0.000
16.1	 101.1	 0.000	 0.000
17.9	 101.1	 0.000	 0.000
19.6	 101.1	 0.000	 0.000
21.4	 101.1	 0.000	 0.000
23.3	 101.1	 0.000	 0.000
25.1	 101.1	 0.000	 0.000
26.9	 101.1	 0.000	 0.000
28.6	 101.1	 0.000	 0.000
30.5	 101.1	 0.000	 0.000
32.3	 101.1	 0.000	 0.000
34.1	 101.1	 0.000	 0.000
36.0	 101.1	 0.000	 0.000
37.8	 101.1	 0.000	 0.000
39.5	 101.1	 0.000	 0.000
41.4	 101.1	 0.000	 0.000
43.1	 101.1	 0.000	 0.000
45.0	 101.1	 0.000	 0.000
46.8	 101.1	 0.000	 0.000
48.5	 101.1	 0.000	 0.000
50.4	 101.1	 0.000	 0.000
52.1	 101.1	 0.000	 0.000
54.0	 101.1	 0.000	 0.000
55.8	 101.1	 0.529	 2.377
57.5	 101.1	 0.000	 0.000
59.5	 101.1	 0.000	 0.000
61.3	 101.1	 0.000	 0.000
63.0	 101.1	 0.000	 0.000
64.8	 101.1	 0.000	 0.000
66.7	 101.1	 0.000	 0.000
68.5	 101.1	 0.000	 0.000
70.3	 101.1	 0.000	 0.000
-2.0	 102.8	 0.000	 0.000
-0.3	 102.8	 0.000	 0.000
1.5	 102.8	 0.000	 0.000
3.3	 102.8	 0.000	 0.000
5.2	 102.8	 0.000	 0.000
6.9	 102.8	 0.000	 0.000
8.8	 102.8	 0.000	 0.000
10.7	 102.8	 0.000	 0.000
12.4	 102.8	 0.000	 0.000
14.2	 102.8	 0.000	 0.000
16.1	 102.8	 0.000	 0.000
17.9	 102.8	 0.000	 0.000
19.6	 102.8	 0.000	 0.000
21.4	 102.8	 0.000	 0.000
23.3	 102.8	 0.000	 0.000
25.1	 102.8	 0.000	 0.000
26.9	 102.8	 0.000	 0.000
28.6	 102.8	 0.000	 0.000
30.5	 102.8	 0.000	 0.000
32.3	 102.8	 0.000	 0.000
34.1	 102.8	 0.000	 0.000
36.0	 102.8	 0.000	 0.000
37.8	 102.8	 0.000	 0.000
39.5	 102.8	 0.000	 0.000
41.4	 102.8	 0.000	 0.000
43.1	 102.8	 0.000	 0.000
45.0	 102.8	 0.000	 0.000
46.8	 102.8	 0.506	 2.859
48.5	 102.8	 0.000	 0.000
50.4	 102.8	 0.000	 0.000
52.1	 102.8	 0.000	 0.000
54.0	 102.8	 0.000	 0.000
55.8	 102.8	 0.000	 0.000
57.5	 102.8	 0.000	 0.000
59.5	 102.8	 0.000	 0.000
61.3	 102.8	 0.000	 0.000
63.0	 102.8	 0.000	 0.000
64.8	 102.8	 0.000	 0.000
66.7	 102.8	 -0.247	 -0.012
68.5	 102.8	 0.000	 0.000
70.3	 102.8	 0.000	 0.000
-2.0	 104.7	 0.000	 0.000
-0.3	 104.7	 0.000	 0.000
1.5	 104.7	 0.000	 0.000
3.3	 104.7	 0.000	 0.000
5.2	 104.7	 0.000	 0.000
6.9	 104.7	 0.000	 0.000
8.8	 104.7	 0.000	 0.000
10.7	 104.7	 0.000	 0.000
12.4	 104.7	 0.000	 0.000
14.2	 104.7	 0.000	 0.000
16.1	 104.7	 0.000	 0.000
17.9	 104.7	 0.000	 0.000
19.6	 104.7	 0.000	 0.000
21.4	 104.7	 0.000	 0.000
23.3	 104.7	 0.000	 0.000
25.1	 104.7	 0.000	 0.000
26.9	 104.7	 -0.047	 1.565
28.6	 104.7	 -0.318	 1.306
30.5	 104.7	 0.000	 0.000
32.3	 104.7	 0.000	 0.000
34.1	 104.7	 0.000	 0.000
36.0	 104.7	 0.000	 0.000
37.8	 104.7	 0.000	 0.000
39.5	 104.7	 0.000	 0.000
41.4	 104.7	 0.000	 0.000
43.1	 104.7	 0.000	 0.000
45.0	 104.7	 -3.177	 0.071
46.8	 104.7	 0.506	 2.824
48.5	 104.7	 0.000	 0.000
50.4	 104.7	 0.000	 0.000
52.1	 104.7	 0.000	 0.000
54.0	 104.7	 0.000	 0.000
55.8	 104.7	 0.000	 0.000
57.5	 104.7	 0.000	 0.000
59.5	 104.7	 0.000	 0.000
61.3	 104.7	 0.000	 0.000
63.0	 104.7	 0.000	 0.000
64.8	 104.7	 0.000	 0.000
66.7	 104.7	 0.000	 0.000
68.5	 104.7	 0.000	 0.000
70.3	 104.7	 0.000	 0.000
-2.0	 106.5	 0.000	 0.000
-0.3	 106.5	 0.000	 0.000
1.5	 106.5	 0.000	 0.000
3.3	 106.5	 0.000	 0.000
5.2	 106.5	 0.000	 0.000
6.9	 106.5	 0.000	 0.000
8.8	 106.5	 0.000	 0.000
10.7	 106.5	 0.000	 0.000
12.4	 106.5	 0.000	 0.000
14.2	 106.5	 0.000	 0.000
16.1	 106.5	 0.000	 0.000
17.9	 106.5	 0.000	 0.000
19.6	 106.5	 0.000	 0.000
21.4	 106.5	 0.000	 0.000
23.3	 106.5	 0.000	 0.000
25.1	 106.5	 0.000	 0.000
26.9	 106.5	 0.365	 3.212
28.6	 106.5	 0.000	 0.000
30.5	 106.5	 0.000	 0.000
32.3	 106.5	 0.000	 0.000
34.1	 106.5	 0.000	 0.000
36.0	 106.5	 0.000	 0.000
37.8	 106.5	 0.000	 0.000
39.5	 106.5	 0.000	 0.000
41.4	 106.5	 0.000	 0.000
43.1	 106.5	 0.000	 0.000
45.0	 106.5	 0.000	 0.000
46.8	 106.5	 0.000	 0.000
48.5	 106.5	 0.000	 0.000
50.4	 106.5	 0.000	 0.000
52.1	 106.5	 0.000	 0.000
54.0	 106.5	 0.000	 0.000
55.8	 106.5	 0.000	 0.000
57.5	 106.5	 0.000	 0.000
59.5	 106.5	 0.000	 0.000
61.3	 106.5	 0.000	 0.000
63.0	 106.5	 0.000	 0.000
64.8	 106.5	 0.000	 0.000
66.7	 106.5	 0.000	 0.000
68.5	 106.5	 0.000	 0.000
70.3	 106.5	 0.000	 0.000
-2.0	 108.3	 0.000	 0.000
-0.3	 108.3	 0.000	 0.000
1.5	 108.3	 0.000	 0.000
3.3	 108.3	 0.000	 0.000
5.2	 108.3	 0.000	 0.000
6.9	 108.3	 0.000	 0.000
8.8	 108.3	 0.000	 0.000
10.7	 108.3	 0.000	 0.000
12.4	 108.3	 0.694	 2.989
14.2	 108.3	 0.000	 0.000
16.1	 108.3	 0.000	 0.000
17.9	 108.3	 0.000	 0.000
19.6	 108.3	 0.000	 0.000
21.4	 108.3	 0.000	 0.000
23.3	 108.3	 0.000	 0.000
25.1	 108.3	 0.000	 0.000
26.9	 108.3	 0.000	 0.000
28.6	 108.3	 0.000	 0.000
30.5	 108.3	 0.000	 0.000
32.3	 108.3	 0.000	 0.000
34.1	 108.3	 0.000	 0.000
36.0	 108.3	 0.000	 0.000
37.8	 108.3	 0.000	 0.000
39.5	 108.3	 -0.388	 1.506
41.4	 108.3	 0.000	 0.000
43.1	 108.3	 0.000	 0.000
45.0	 108.3	 0.000	 0.000
46.8	 108.3	 0.000	 0.000
48.5	 108.3	 0.000	 0.000
50.4	 108.3	 0.000	 0.000
52.1	 108.3	 0.000	 0.000
54.0	 108.3	 0.000	 0.000
55.8	 108.3	 0.000	 0.000
57.5	 108.3	 0.000	 0.000
59.5	 108.3	 0.000	 0.000
61.3	 108.3	 0.000	 0.000
63.0	 108.3	 0.000	 0.000
64.8	 108.3	 0.000	 0.000
66.7	 108.3	 0.000	 0.000
68.5	 108.3	 0.000	 0.000
70.3	 108.3	 0.000	 0.000
-2.0	 110.1	 0.000	 0.000
-0.3	 110.1	 0.000	 0.000
1.5	 110.1	 0.000	 0.000
3.3	 110.1	 0.000	 0.000
5.2	 110.1	 0.000	 0.000
6.9	 110.1	 0.000	 0.000
8.8	 110.1	 0.000	 0.000
10.7	 110.1	 0.000	 0.000
12.4	 110.1	 0.000	 0.000
14.2	 110.1	 0.000	 0.000
16.1	 110.1	 0.000	 0.000
17.9	 110.1	 0.000	 0.000
19.6	 110.1	 0.000	 0.000
21.4	 110.1	 0.000	 0.000
23.3	 110.1	 0.000	 0.000
25.1	 110.1	 0.000	 0.000
26.9	 110.1	 0.000	 0.000
28.6	 110.1	 0.000	 0.000
30.5	 110.1	 0.000	 0.000
32.3	 110.1	 0.000	 0.000
34.1	 110.1	 0.000	 0.000
36.0	 110.1	 0.000	 0.000
37.8	 110.1	 0.000	 0.000
39.5	 110.1	 -0.082	 2.894
41.4	 110.1	 0.000	 0.000
43.1	 110.1	 0.000	 0.000
45.0	 110.1	 0.612	 2.577
46.8	 110.1	 0.000	 0.000
48.5	 110.1	 0.000	 0.000
50.4	 110.1	 0.000	 0.000
52.1	 110.1	 -0.294	 -1.506
54.0	 110.1	 0.000	 0.000
55.8	 110.1	 0.000	 0.000
57.5	 110.1	 0.000	 0.000
59.5	 110.1	 0.000	 0.000
61.3	 110.1	 0.000	 0.000
63.0	 110.1	 0.000	 0.000
64.8	 110.1	 -0.200	 0.000
66.7	 110.1	 -0.624	 0.000
68.5	 110.1	 0.000	 0.000
70.3	 110.1	 0.000	 0.000
-2.0	 112.0	 0.000	 0.000
-0.3	 112.0	 0.000	 0.000
1.5	 112.0	 0.000	 0.000
3.3	 112.0	 0.000	 0.000
5.2	 112.0	 0.000	 0.000
6.9	 112.0	 0.000	 0.000
8.8	 112.0	 0.000	 0.000
10.7	 112.0	 0.000	 0.000
12.4	 112.0	 0.000	 0.000
14.2	 112.0	 0.000	 0.000
16.1	 112.0	 0.000	 0.000
17.9	 112.0	 0.000	 0.000
19.6	 112.0	 0.000	 0.000
21.4	 112.0	 0.000	 0.000
23.3	 112.0	 0.000	 0.000
25.1	 112.0	 0.000	 0.000
26.9	 112.0	 0.000	 0.000
28.6	 112.0	 0.000	 0.000
30.5	 112.0	 0.000	 0.000
32.3	 112.0	 0.000	 0.000
34.1	 112.0	 0.000	 0.000
36.0	 112.0	 0.000	 0.000
37.8	 112.0	 0.000	 0.000
39.5	 112.0	 0.000	 0.000
41.4	 112.0	 0.000	 0.000
43.1	 112.0	 0.000	 0.000
45.0	 112.0	 0.000	 0.000
46.8	 112.0	 0.000	 0.000
48.5	 112.0	 0.247	 2.953
50.4	 112.0	 0.271	 2.953
52.1	 112.0	 0.000	 0.000
54.0	 112.0	 0.000	 0.000
55.8	 112.0	 0.000	 0.000
57.5	 112.0	 0.000	 0.000
59.5	 112.0	 0.000	 0.000
61.3	 112.0	 0.000	 0.000
63.0	 112.0	 0.000	 0.000
64.8	 112.0	 0.000	 0.000
66.7	 112.0	 -0.624	 0.035
68.5	 112.0	 -0.035	 0.000
70.3	 112.0	 0.047	 0.035
-2.0	 113.8	 0.000	 0.000
-0.3	 113.8	 0.000	 0.000
1.5	 113.8	 0.000	 0.000
3.3	 113.8	 0.000	 0.000
5.2	 113.8	 0.000	 0.000
6.9	 113.8	 0.000	 0.000
8.8	 113.8	 0.000	 0.000
10.7	 113.8	 0.000	 0.000
12.4	 113.8	 0.000	 0.000
14.2	 113.8	 0.000	 0.000
16.1	 113.8	 0.000	 0.000
17.9	 113.8	 0.000	 0.000
19.6	 113.8	 0.000	 0.000
21.4	 113.8	 0.000	 0.000
23.3	 113.8	 0.000	 0.000
25.1	 113.8	 0.000	 0.000
26.9	 113.8	 0.000	 0.000
28.6	 113.8	 0.000	 0.000
30.5	 113.8	 0.000	 0.000
32.3	 113.8	 0.000	 0.000
34.1	 113.8	 0.000	 0.000
36.0	 113.8	 0.000	 0.000
37.8	 113.8	 0.000	 0.000
39.5	 113.8	 0.000	 0.000
41.4	 113.8	 0.000	 0.000
43.1	 113.8	 0.000	 0.000
45.0	 113.8	 0.000	 0.000
46.8	 113.8	 0.000	 0.000
48.5	 113.8	 0.000	 0.000
50.4	 113.8	 0.000	 0.000
52.1	 113.8	 0.000	 0.000
54.0	 113.8	 0.000	 0.000
55.8	 113.8	 0.000	 0.000
57.5	 113.8	 0.000	 0.000
59.5	 113.8	 0.000	 0.000
61.3	 113.8	 0.000	 0.000
63.0	 113.8	 0.000	 0.000
64.8	 113.8	 -0.012	 0.000
66.7	 113.8	 0.000	 0.000
68.5	 113.8	 0.329	 3.000
70.3	 113.8	 0.000	 0.000
-2.0	 115.6	 0.000	 0.000
-0.3	 115.6	 0.000	 0.000
1.5	 115.6	 0.000	 0.000
3.3	 115.6	 0.000	 0.000
5.2	 115.6	 0.000	 0.000
6.9	 115.6	 0.000	 0.000
8.8	 115.6	 0.000	 0.000
10.7	 115.6	 0.000	 0.000
12.4	 115.6	 0.000	 0.000
14.2	 115.6	 0.000	 0.000
16.1	 115.6	 0.000	 0.000
17.9	 115.6	 0.000	 0.000
19.6	 115.6	 0.000	 0.000
21.4	 115.6	 0.000	 0.000
23.3	 115.6	 0.000	 0.000
25.1	 115.6	 0.000	 0.000
26.9	 115.6	 0.000	 0.000
28.6	 115.6	 0.000	 0.000
30.5	 115.6	 0.000	 0.000
32.3	 115.6	 0.000	 0.000
34.1	 115.6	 0.000	 0.000
36.0	 115.6	 0.000	 0.000
37.8	 115.6	 0.000	 0.000
39.5	 115.6	 0.000	 0.000
41.4	 115.6	 0.000	 0.000
43.1	 115.6	 0.000	 0.000
45.0	 115.6	 0.000	 0.000
46.8	 115.6	 0.000	 0.000
48.5	 115.6	 0.000	 0.000
50.4	 115.6	 0.000	 0.000
52.1	 115.6	 0.000	 0.000
54.0	 115.6	 0.000	 0.000
55.8	 115.6	 0.000	 0.000
57.5	 115.6	 0.000	 0.000
59.5	 115.6	 0.000	 0.000
61.3	 115.6	 0.000	 0.000
63.0	 115.6	 0.000	 0.000
64.8	 115.6	 0.000	 0.000
66.7	 115.6	 0.000	 0.000
68.5	 115.6	 0.000	 0.000
70.3	 115.6	 0.000	 0.000
-2.0	 117.3	 0.000	 0.000
-0.3	 117.3	 0.000	 0.000
1.5	 117.3	 0.000	 0.000
3.3	 117.3	 0.000	 0.000
5.2	 117.3	 0.000	 0.000
6.9	 117.3	 0.000	 0.000
8.8	 117.3	 0.000	 0.000
10.7	 117.3	 0.000	 0.000
12.4	 117.3	 0.000	 0.000
14.2	 117.3	 0.000	 0.000
16.1	 117.3	 0.000	 0.000
17.9	 117.3	 0.000	 0.000
19.6	 117.3	 0.000	 0.000
21.4	 117.3	 0.000	 0.000
23.3	 117.3	 0.000	 0.000
25.1	 117.3	 0.000	 0.000
26.9	 117.3	 0.000	 0.000
28.6	 117.3	 0.000	 0.000
30.5	 117.3	 0.000	 0.000
32.3	 117.3	 0.000	 0.000
34.1	 117.3	 0.000	 0.000
36.0	 117.3	 0.000	 0.000
37.8	 117.3	 0.000	 0.000
39.5	 117.3	 0.000	 0.000
41.4	 117.3	 0.000	 0.000
43.1	 117.3	 0.000	 0.000
45.0	 117.3	 0.000	 0.000
46.8	 117.3	 0.000	 0.000
48.5	 117.3	 0.000	 0.000
50.4	 117.3	 0.000	 0.000
52.1	 117.3	 0.000	 0.000
54.0	 117.3	 0.000	 0.000
55.8	 117.3	 0.000	 0.000
57.5	 117.3	 0.000	 0.000
59.5	 117.3	 0.000	 0.000
61.3	 117.3	 0.000	 0.000
63.0	 117.3	 0.000	 0.000
64.8	 117.3	 0.000	 0.000
66.7	 117.3	 0.000	 0.000
68.5	 117.3	 0.000	 0.000
70.3	 117.3	 0.000	 0.000
-2.0	 119.2	 0.000	 0.000
-0.3	 119.2	 0.000	 0.000
1.5	 119.2	 -0.741	 0.000
3.3	 119.2	 0.000	 0.000
5.2	 119.2	 0.000	 0.000
6.9	 119.2	 0.000	 0.000
8.8	 119.2	 0.000	 0.000
10.7	 119.2	 0.000	 0.000
12.4	 119.2	 0.000	 0.000
14.2	 119.2	 0.000	 0.000
16.1	 119.2	 0.000	 0.000
17.9	 119.2	 -0.118	 3.412
19.6	 119.2	 0.000	 0.000
21.4	 119.2	 0.000	 0.000
23.3	 119.2	 0.000	 0.000
25.1	 119.2	 0.000	 0.000
26.9	 119.2	 0.000	 0.000
28.6	 119.2	 0.000	 0.000
30.5	 119.2	 0.000	 0.000
32.3	 119.2	 0.000	 0.000
34.1	 119.2	 0.000	 0.000
36.0	 119.2	 0.000	 0.000
37.8	 119.2	 0.000	 0.000
39.5	 119.2	 0.000	 0.000
41.4	 119.2	 0.000	 0.000
43.1	 119.2	 0.000	 0.000
45.0	 119.2	 0.000	 0.000
46.8	 119.2	 0.000	 0.000
48.5	 119.2	 0.000	 0.000
50.4	 119.2	 0.000	 0.000
52.1	 119.2	 0.000	 0.000
54.0	 119.2	 0.000	 0.000
55.8	 119.2	 0.000	 0.000
57.5	 119.2	 0.000	 0.000
59.5	 119.2	 0.000	 0.000
61.3	 119.2	 0.000	 0.000
63.0	 119.2	 0.000	 0.000
64.8	 119.2	 0.000	 0.000
66.7	 119.2	 0.000	 0.000
68.5	 119.2	 0.000	 0.000
70.3	 119.2	 0.000	 0.000
-2.0	 121.0	 0.000	 0.000
-0.3	 121.0	 0.000	 0.000
1.5	 121.0	 0.000	 0.000
3.3	 121.0	 0.000	 0.000
5.2	 121.0	 0.000	 0.000
6.9	 121.0	 0.000	 0.000
8.8	 121.0	 0.000	 0.000
10.7	 121.0	 0.000	 0.000
12.4	 121.0	 0.000	 0.000
14.2	 121.0	 0.000	 0.000
16.1	 121.0	 0.000	 0.000
17.9	 121.0	 0.000	 0.000
19.6	 121.0	 0.000	 0.000
21.4	 121.0	 0.000	 0.000
23.3	 121.0	 0.000	 0.000
25.1	 121.0	 0.000	 0.000
26.9	 121.0	 0.000	 0.000
28.6	 121.0	 0.000	 0.000
30.5	 121.0	 0.000	 0.000
32.3	 121.0	 0.000	 0.000
34.1	 121.0	 0.000	 0.000
36.0	 121.0	 0.000	 0.000
37.8	 121.0	 0.000	 0.000
39.5	 121.0	 0.000	 0.000
41.4	 121.0	 0.000	 0.000
43.1	 121.0	 0.000	 0.000
45.0	 121.0	 0.000	 0.000
46.8	 121.0	 0.000	 0.000
48.5	 121.0	 0.000	 0.000
50.4	 121.0	 0.000	 0.000
52.1	 121.0	 0.000	 0.000
54.0	 121.0	 0.000	 0.000
55.8	 121.0	 0.000	 0.000
57.5	 121.0	 0.000	 0.000
59.5	 121.0	 0.000	 0.000
61.3	 121.0	 0.000	 0.000
63.0	 121.0	 0.000	 0.000
64.8	 121.0	 0.000	 0.000
66.7	 121.0	 0.000	 0.000
68.5	 121.0	 0.000	 0.000
70.3	 121.0	 0.000	 0.000
-2.0	 122.8	 0.000	 0.000
-0.3	 122.8	 0.000	 0.000
1.5	 122.8	 -0.412	 1.506
3.3	 122.8	 0.000	 0.000
5.2	 122.8	 0.000	 0.000
6.9	 122.8	 0.000	 0.000
8.8	 122.8	 0.000	 0.000
10.7	 122.8	 0.000	 0.000
12.4	 122.8	 0.000	 0.000
14.2	 122.8	 0.000	 0.000
16.1	 122.8	 0.000	 0.000
17.9	 122.8	 0.000	 0.000
19.6	 122.8	 0.000	 0.000
21.4	 122.8	 0.000	 0.000
23.3	 122.8	 0.000	 0.000
25.1	 122.8	 0.000	 0.000
26.9	 122.8	 0.000	 0.000
28.6	 122.8	 0.000	 0.000
30.5	 122.8	 0.000	 0.000
32.3	 122.8	 0.000	 0.000
34.1	 122.8	 0.000	 0.000
36.0	 122.8	 0.000	 0.000
37.8	 122.8	 0.000	 0.000
39.5	 122.8	 0.000	 0.000
41.4	 122.8	 0.000	 0.000
43.1	 122.8	 0.000	 0.000
45.0	 122.8	 0.000	 0.000
46.8	 122.8	 0.000	 0.000
48.5	 122.8	 0.000	 0.000
50.4	 122.8	 0.000	 0.000
52.1	 122.8	 0.000	 0.000
54.0	 122.8	 0.000	 0.000
55.8	 122.8	 0.000	 0.000
57.5	 122.8	 0.000	 0.000
59.5	 122.8	 0.000	 0.000
61.3	 122.8	 0.000	 0.000
63.0	 122.8	 0.000	 0.000
64.8	 122.8	 -0.118	 1.459
66.7	 122.8	 0.000	 0.000
68.5	 122.8	 0.000	 0.000
70.3	 122.8	 0.000	 0.000
-2.0	 124.6	 0.000	 0.000
-0.3	 124.6	 0.000	 0.000
1.5	 124.6	 0.000	 0.000
3.3	 124.6	 -0.071	 3.118
5.2	 124.6	 -0.071	 3.118
6.9	 124.6	 0.000	 0.000
8.8	 124.6	 0.000	 0.000
10.7	 124.6	 0.000	 0.000
12.4	 124.6	 0.000	 0.000
14.2	 124.6	 0.000	 0.000
16.1	 124.6	 0.000	 0.000
17.9	 124.6	 0.000	 0.000
19.6	 124.6	 0.000	 0.000
21.4	 124.6	 0.000	 0.000
23.3	 124.6	 0.000	 0.000
25.1	 124.6	 0.000	 0.000
26.9	 124.6	 0.000	 0.000
28.6	 124.6	 0.000	 0.000
30.5	 124.6	 0.000	 0.000
32.3	 124.6	 0.000	 0.000
34.1	 124.6	 0.000	 0.000
36.0	 124.6	 0.000	 0.000
37.8	 124.6	 0.000	 0.000
39.5	 124.6	 0.000	 0.000
41.4	 124.6	 0.000	 0.000
43.1	 124.6	 0.000	 0.000
45.0	 124.6	 0.000	 0.000
46.8	 124.6	 0.000	 0.000
48.5	 124.6	 0.000	 0.000
50.4	 124.6	 0.000	 0.000
52.1	 124.6	 0.000	 0.000
54.0	 124.6	 0.000	 0.000
55.8	 124.6	 0.000	 0.000
57.5	 124.6	 0.000	 0.000
59.5	 124.6	 0.000	 0.000
61.3	 124.6	 0.000	 0.000
63.0	 124.6	 0.000	 0.000
64.8	 124.6	 -0.176	 0.200
66.7	 124.6	 -0.400	 0.082
68.5	 124.6	 1.365	 0.012
70.3	 124.6	 0.000	 0.000
