-2.0	 50.5	 0.000	 0.000
-0.3	 50.5	 0.000	 0.000
1.5	 50.5	 -0.012	 0.165
3.3	 50.5	 0.012	 0.212
5.2	 50.5	 -0.047	 0.224
6.9	 50.5	 -0.012	 0.306
8.8	 50.5	 -0.035	 0.800
10.7	 50.5	 -0.059	 0.800
12.4	 50.5	 -0.012	 0.671
14.2	 50.5	 0.000	 0.706
16.1	 50.5	 0.094	 1.000
17.9	 50.5	 0.094	 0.871
19.6	 50.5	 0.035	 0.659
21.4	 50.5	 0.047	 0.624
23.3	 50.5	 0.059	 0.788
25.1	 50.5	 0.082	 0.882
26.9	 50.5	 -0.012	 0.882
28.6	 50.5	 -0.024	 0.941
30.5	 50.5	 -0.024	 0.800
32.3	 50.5	 -0.071	 0.765
34.1	 50.5	 -0.200	 1.271
36.0	 50.5	 -0.176	 1.200
37.8	 50.5	 -0.047	 1.130
39.5	 50.5	 -0.094	 1.000
41.4	 50.5	 -0.047	 1.094
43.1	 50.5	 -0.188	 1.071
45.0	 50.5	 -0.165	 0.906
46.8	 50.5	 -0.118	 0.953
48.5	 50.5	 0.000	 1.047
50.4	 50.5	 -0.118	 1.000
52.1	 50.5	 0.035	 0.871
54.0	 50.5	 0.035	 0.894
55.8	 50.5	 -0.024	 0.824
57.5	 50.5	 0.106	 0.953
59.5	 50.5	 0.212	 0.918
61.3	 50.5	 0.106	 0.753
63.0	 50.5	 0.059	 0.753
64.8	 50.5	 0.000	 0.494
66.7	 50.5	 -0.024	 0.329
68.5	 50.5	 0.106	 0.624
70.3	 50.5	 0.000	 0.000
-2.0	 52.3	 0.000	 0.000
-0.3	 52.3	 0.000	 0.000
1.5	 52.3	 -0.024	 0.329
3.3	 52.3	 -0.024	 0.541
5.2	 52.3	 -0.024	 0.565
6.9	 52.3	 0.000	 0.565
8.8	 52.3	 -0.035	 1.106
10.7	 52.3	 -0.094	 0.977
12.4	 52.3	 0.012	 0.859
14.2	 52.3	 0.094	 0.977
16.1	 52.3	 0.047	 0.953
17.9	 52.3	 0.047	 0.718
19.6	 52.3	 -0.012	 0.647
21.4	 52.3	 0.000	 0.788
23.3	 52.3	 0.024	 0.824
25.1	 52.3	 -0.024	 0.977
26.9	 52.3	 0.024	 0.835
28.6	 52.3	 -0.012	 0.941
30.5	 52.3	 -0.035	 1.035
32.3	 52.3	 -0.071	 1.000
34.1	 52.3	 -0.212	 1.094
36.0	 52.3	 -0.200	 1.035
37.8	 52.3	 -0.024	 0.977
39.5	 52.3	 -0.106	 0.953
41.4	 52.3	 -0.047	 1.165
43.1	 52.3	 -0.047	 1.165
45.0	 52.3	 -0.106	 0.941
46.8	 52.3	 -0.106	 0.953
48.5	 52.3	 -0.165	 0.977
50.4	 52.3	 -0.153	 1.153
52.1	 52.3	 -0.035	 1.012
54.0	 52.3	 -0.024	 0.953
55.8	 52.3	 0.129	 1.071
57.5	 52.3	 0.047	 0.812
59.5	 52.3	 0.165	 0.835
61.3	 52.3	 0.094	 0.741
63.0	 52.3	 0.141	 0.718
64.8	 52.3	 0.200	 0.553
66.7	 52.3	 0.035	 0.377
68.5	 52.3	 0.000	 0.000
70.3	 52.3	 0.000	 0.000
-2.0	 54.1	 0.000	 0.000
-0.3	 54.1	 0.000	 0.000
1.5	 54.1	 0.000	 0.600
3.3	 54.1	 0.024	 0.647
5.2	 54.1	 -0.035	 0.400
6.9	 54.1	 -0.035	 0.424
8.8	 54.1	 0.012	 0.635
10.7	 54.1	 0.024	 0.741
12.4	 54.1	 0.035	 0.977
14.2	 54.1	 0.071	 0.859
16.1	 54.1	 -0.035	 0.894
17.9	 54.1	 -0.035	 0.718
19.6	 54.1	 0.035	 0.741
21.4	 54.1	 -0.024	 0.741
23.3	 54.1	 -0.024	 0.906
25.1	 54.1	 -0.047	 0.847
26.9	 54.1	 0.000	 0.788
28.6	 54.1	 -0.129	 1.153
30.5	 54.1	 -0.153	 0.965
32.3	 54.1	 0.000	 1.106
34.1	 54.1	 -0.071	 1.141
36.0	 54.1	 -0.165	 1.306
37.8	 54.1	 0.024	 1.294
39.5	 54.1	 -0.118	 1.082
41.4	 54.1	 -0.082	 1.200
43.1	 54.1	 -0.106	 1.283
45.0	 54.1	 0.024	 1.047
46.8	 54.1	 -0.082	 0.977
48.5	 54.1	 -0.118	 0.977
50.4	 54.1	 -0.071	 1.024
52.1	 54.1	 -0.047	 1.047
54.0	 54.1	 -0.024	 1.153
55.8	 54.1	 0.106	 0.941
57.5	 54.1	 0.118	 0.941
59.5	 54.1	 0.106	 0.835
61.3	 54.1	 0.000	 0.812
63.0	 54.1	 0.153	 0.812
64.8	 54.1	 0.024	 0.553
66.7	 54.1	 -0.047	 0.294
68.5	 54.1	 0.000	 0.000
70.3	 54.1	 0.000	 0.000
-2.0	 55.9	 0.000	 0.000
-0.3	 55.9	 0.000	 0.000
1.5	 55.9	 -0.024	 0.400
3.3	 55.9	 -0.012	 0.412
5.2	 55.9	 -0.082	 0.565
6.9	 55.9	 -0.094	 0.824
8.8	 55.9	 -0.047	 0.729
10.7	 55.9	 0.000	 0.906
12.4	 55.9	 0.082	 1.047
14.2	 55.9	 0.129	 0.941
16.1	 55.9	 0.059	 0.930
17.9	 55.9	 0.000	 0.659
19.6	 55.9	 -0.035	 0.682
21.4	 55.9	 -0.012	 0.824
23.3	 55.9	 -0.118	 0.930
25.1	 55.9	 -0.012	 0.859
26.9	 55.9	 -0.047	 0.824
28.6	 55.9	 -0.094	 0.741
30.5	 55.9	 -0.071	 0.930
32.3	 55.9	 0.012	 1.024
34.1	 55.9	 -0.153	 1.200
36.0	 55.9	 -0.176	 1.153
37.8	 55.9	 -0.141	 1.306
39.5	 55.9	 -0.047	 1.000
41.4	 55.9	 -0.071	 1.094
43.1	 55.9	 -0.106	 1.141
45.0	 55.9	 -0.035	 1.106
46.8	 55.9	 -0.012	 1.012
48.5	 55.9	 -0.035	 1.130
50.4	 55.9	 0.094	 1.259
52.1	 55.9	 0.012	 1.118
54.0	 55.9	 -0.047	 1.012
55.8	 55.9	 0.024	 1.235
57.5	 55.9	 0.176	 0.882
59.5	 55.9	 0.129	 0.953
61.3	 55.9	 0.082	 1.000
63.0	 55.9	 0.129	 0.835
64.8	 55.9	 -0.071	 0.624
66.7	 55.9	 -0.059	 0.329
68.5	 55.9	 0.000	 0.000
70.3	 55.9	 0.000	 0.000
-2.0	 57.7	 0.000	 0.000
-0.3	 57.7	 0.000	 0.000
1.5	 57.7	 -0.012	 0.906
3.3	 57.7	 -0.129	 0.894
5.2	 57.7	 -0.035	 0.588
6.9	 57.7	 -0.024	 1.165
8.8	 57.7	 0.012	 0.788
10.7	 57.7	 -0.035	 0.694
12.4	 57.7	 0.200	 0.930
14.2	 57.7	 0.200	 0.988
16.1	 57.7	 0.176	 0.953
17.9	 57.7	 0.012	 0.812
19.6	 57.7	 -0.024	 0.835
21.4	 57.7	 -0.035	 0.718
23.3	 57.7	 -0.024	 0.788
25.1	 57.7	 0.000	 0.753
26.9	 57.7	 -0.082	 0.777
28.6	 57.7	 -0.106	 0.753
30.5	 57.7	 0.047	 0.882
32.3	 57.7	 -0.318	 1.271
34.1	 57.7	 -0.200	 1.283
36.0	 57.7	 -0.071	 1.165
37.8	 57.7	 -0.118	 1.094
39.5	 57.7	 -0.047	 1.141
41.4	 57.7	 -0.024	 1.224
43.1	 57.7	 -0.188	 1.177
45.0	 57.7	 -0.106	 1.177
46.8	 57.7	 -0.012	 1.130
48.5	 57.7	 0.165	 1.247
50.4	 57.7	 -0.024	 1.024
52.1	 57.7	 -0.071	 1.259
54.0	 57.7	 0.012	 1.082
55.8	 57.7	 0.000	 1.212
57.5	 57.7	 0.059	 1.000
59.5	 57.7	 0.106	 0.906
61.3	 57.7	 0.118	 0.894
63.0	 57.7	 0.082	 0.906
64.8	 57.7	 0.012	 0.753
66.7	 57.7	 -0.024	 0.612
68.5	 57.7	 0.035	 0.800
70.3	 57.7	 0.000	 0.000
-2.0	 59.5	 0.000	 0.000
-0.3	 59.5	 0.000	 0.000
1.5	 59.5	 0.024	 0.741
3.3	 59.5	 0.000	 0.482
5.2	 59.5	 -0.035	 0.965
6.9	 59.5	 -0.047	 0.977
8.8	 59.5	 -0.071	 1.165
10.7	 59.5	 0.024	 0.788
12.4	 59.5	 0.165	 0.788
14.2	 59.5	 0.071	 0.918
16.1	 59.5	 0.035	 0.930
17.9	 59.5	 0.000	 0.835
19.6	 59.5	 0.024	 0.859
21.4	 59.5	 0.082	 0.930
23.3	 59.5	 0.000	 0.729
25.1	 59.5	 -0.035	 0.882
26.9	 59.5	 -0.094	 0.729
28.6	 59.5	 -0.141	 0.847
30.5	 59.5	 0.000	 0.753
32.3	 59.5	 -0.129	 1.212
34.1	 59.5	 -0.094	 1.353
36.0	 59.5	 -0.094	 1.141
37.8	 59.5	 -0.271	 1.188
39.5	 59.5	 -0.176	 1.283
41.4	 59.5	 -0.118	 1.153
43.1	 59.5	 -0.012	 1.177
45.0	 59.5	 -0.035	 1.071
46.8	 59.5	 -0.059	 0.871
48.5	 59.5	 0.012	 1.130
50.4	 59.5	 -0.035	 1.082
52.1	 59.5	 -0.059	 1.082
54.0	 59.5	 0.000	 1.188
55.8	 59.5	 0.035	 1.188
57.5	 59.5	 0.188	 0.930
59.5	 59.5	 0.071	 0.965
61.3	 59.5	 0.106	 0.859
63.0	 59.5	 0.035	 0.824
64.8	 59.5	 -0.035	 0.729
66.7	 59.5	 0.000	 0.600
68.5	 59.5	 0.000	 0.000
70.3	 59.5	 0.000	 0.000
-2.0	 61.3	 0.000	 0.000
-0.3	 61.3	 -0.035	 0.918
1.5	 61.3	 0.024	 0.612
3.3	 61.3	 -0.047	 0.835
5.2	 61.3	 -0.094	 0.847
6.9	 61.3	 -0.071	 1.141
8.8	 61.3	 0.012	 0.553
10.7	 61.3	 -0.059	 0.788
12.4	 61.3	 -0.012	 0.882
14.2	 61.3	 0.024	 0.788
16.1	 61.3	 0.129	 0.894
17.9	 61.3	 -0.012	 0.741
19.6	 61.3	 -0.106	 0.777
21.4	 61.3	 0.082	 0.906
23.3	 61.3	 0.000	 0.741
25.1	 61.3	 -0.035	 0.777
26.9	 61.3	 -0.012	 0.953
28.6	 61.3	 -0.024	 1.012
30.5	 61.3	 -0.106	 1.012
32.3	 61.3	 0.012	 1.059
34.1	 61.3	 -0.059	 1.177
36.0	 61.3	 0.000	 1.188
37.8	 61.3	 -0.153	 1.247
39.5	 61.3	 -0.024	 1.283
41.4	 61.3	 0.094	 1.247
43.1	 61.3	 0.012	 1.330
45.0	 61.3	 -0.106	 0.988
46.8	 61.3	 0.035	 0.882
48.5	 61.3	 0.035	 0.882
50.4	 61.3	 -0.071	 0.871
52.1	 61.3	 0.035	 1.094
54.0	 61.3	 0.071	 1.224
55.8	 61.3	 0.106	 1.177
57.5	 61.3	 0.153	 1.071
59.5	 61.3	 0.094	 1.024
61.3	 61.3	 0.047	 0.871
63.0	 61.3	 0.106	 0.706
64.8	 61.3	 0.082	 0.624
66.7	 61.3	 -0.035	 0.659
68.5	 61.3	 0.000	 0.729
70.3	 61.3	 0.000	 0.000
-2.0	 63.2	 0.000	 0.000
-0.3	 63.2	 0.000	 0.000
1.5	 63.2	 0.071	 1.047
3.3	 63.2	 0.047	 0.565
5.2	 63.2	 -0.129	 1.283
6.9	 63.2	 -0.071	 1.412
8.8	 63.2	 0.012	 1.141
10.7	 63.2	 -0.012	 0.824
12.4	 63.2	 0.024	 0.788
14.2	 63.2	 0.059	 0.906
16.1	 63.2	 0.012	 0.824
17.9	 63.2	 -0.059	 0.694
19.6	 63.2	 -0.035	 0.788
21.4	 63.2	 -0.012	 0.741
23.3	 63.2	 0.000	 0.729
25.1	 63.2	 -0.035	 0.800
26.9	 63.2	 -0.012	 0.941
28.6	 63.2	 -0.024	 1.000
30.5	 63.2	 -0.153	 1.082
32.3	 63.2	 0.012	 1.071
34.1	 63.2	 0.094	 1.235
36.0	 63.2	 0.082	 1.200
37.8	 63.2	 -0.024	 1.235
39.5	 63.2	 0.047	 1.271
41.4	 63.2	 0.071	 1.141
43.1	 63.2	 -0.094	 1.094
45.0	 63.2	 -0.153	 1.271
46.8	 63.2	 -0.071	 1.118
48.5	 63.2	 0.024	 1.024
50.4	 63.2	 0.024	 0.906
52.1	 63.2	 0.082	 1.000
54.0	 63.2	 0.141	 1.247
55.8	 63.2	 0.094	 1.271
57.5	 63.2	 0.141	 1.318
59.5	 63.2	 0.071	 1.035
61.3	 63.2	 0.024	 0.847
63.0	 63.2	 0.024	 0.529
64.8	 63.2	 0.035	 0.518
66.7	 63.2	 -0.035	 0.529
68.5	 63.2	 0.000	 0.000
70.3	 63.2	 0.000	 0.000
-2.0	 65.0	 0.000	 0.000
-0.3	 65.0	 0.000	 0.000
1.5	 65.0	 -0.047	 1.153
3.3	 65.0	 -0.047	 1.130
5.2	 65.0	 -0.106	 0.930
6.9	 65.0	 0.024	 1.035
8.8	 65.0	 0.035	 0.753
10.7	 65.0	 0.012	 0.906
12.4	 65.0	 0.012	 0.871
14.2	 65.0	 -0.047	 0.577
16.1	 65.0	 0.071	 0.753
17.9	 65.0	 0.082	 0.894
19.6	 65.0	 0.000	 0.000
21.4	 65.0	 -0.024	 0.812
23.3	 65.0	 -0.024	 0.788
25.1	 65.0	 0.059	 0.906
26.9	 65.0	 -0.035	 1.059
28.6	 65.0	 -0.024	 1.177
30.5	 65.0	 -0.024	 1.165
32.3	 65.0	 -0.059	 1.059
34.1	 65.0	 0.035	 1.188
36.0	 65.0	 0.000	 1.153
37.8	 65.0	 -0.071	 1.200
39.5	 65.0	 -0.235	 1.424
41.4	 65.0	 -0.176	 1.271
43.1	 65.0	 -0.024	 1.165
45.0	 65.0	 -0.035	 1.118
46.8	 65.0	 -0.106	 1.188
48.5	 65.0	 -0.035	 1.165
50.4	 65.0	 0.000	 0.977
52.1	 65.0	 0.035	 0.882
54.0	 65.0	 0.094	 0.953
55.8	 65.0	 0.000	 0.930
57.5	 65.0	 -0.047	 1.118
59.5	 65.0	 0.012	 0.882
61.3	 65.0	 0.106	 0.812
63.0	 65.0	 0.106	 0.765
64.8	 65.0	 0.000	 0.671
66.7	 65.0	 -0.047	 0.694
68.5	 65.0	 0.024	 0.859
70.3	 65.0	 0.000	 0.000
-2.0	 66.8	 0.000	 0.000
-0.3	 66.8	 0.000	 0.000
1.5	 66.8	 -0.012	 1.271
3.3	 66.8	 0.047	 0.871
5.2	 66.8	 0.035	 0.988
6.9	 66.8	 0.165	 1.306
8.8	 66.8	 0.024	 0.918
10.7	 66.8	 0.000	 0.812
12.4	 66.8	 0.035	 0.835
14.2	 66.8	 0.224	 0.847
16.1	 66.8	 0.188	 0.800
17.9	 66.8	 0.000	 0.729
19.6	 66.8	 0.165	 1.000
21.4	 66.8	 0.024	 0.871
23.3	 66.8	 0.000	 1.059
25.1	 66.8	 0.012	 1.094
26.9	 66.8	 -0.059	 1.024
28.6	 66.8	 0.094	 1.000
30.5	 66.8	 0.129	 1.177
32.3	 66.8	 0.000	 1.259
34.1	 66.8	 0.012	 1.212
36.0	 66.8	 0.047	 1.224
37.8	 66.8	 -0.012	 1.412
39.5	 66.8	 -0.059	 0.965
41.4	 66.8	 -0.082	 1.035
43.1	 66.8	 0.035	 1.259
45.0	 66.8	 -0.071	 1.047
46.8	 66.8	 0.082	 1.294
48.5	 66.8	 -0.035	 1.082
50.4	 66.8	 -0.024	 1.035
52.1	 66.8	 -0.071	 1.012
54.0	 66.8	 -0.059	 1.071
55.8	 66.8	 0.047	 0.941
57.5	 66.8	 -0.012	 0.941
59.5	 66.8	 0.047	 0.847
61.3	 66.8	 0.129	 0.894
63.0	 66.8	 0.129	 0.718
64.8	 66.8	 -0.035	 0.718
66.7	 66.8	 0.094	 0.482
68.5	 66.8	 0.012	 0.694
70.3	 66.8	 0.000	 0.000
-2.0	 68.6	 0.000	 0.000
-0.3	 68.6	 -0.024	 -0.965
1.5	 68.6	 -0.035	 1.518
3.3	 68.6	 0.024	 0.977
5.2	 68.6	 -0.012	 1.235
6.9	 68.6	 0.118	 1.035
8.8	 68.6	 -0.071	 0.824
10.7	 68.6	 0.024	 0.812
12.4	 68.6	 0.153	 1.235
14.2	 68.6	 0.129	 0.812
16.1	 68.6	 -0.024	 0.800
17.9	 68.6	 -0.106	 0.788
19.6	 68.6	 -0.141	 0.788
21.4	 68.6	 0.024	 0.859
23.3	 68.6	 -0.035	 0.859
25.1	 68.6	 -0.188	 1.141
26.9	 68.6	 -0.165	 1.200
28.6	 68.6	 -0.059	 1.294
30.5	 68.6	 -0.024	 1.330
32.3	 68.6	 -0.035	 1.035
34.1	 68.6	 0.188	 1.224
36.0	 68.6	 -0.071	 1.235
37.8	 68.6	 -0.176	 1.059
39.5	 68.6	 -0.200	 1.106
41.4	 68.6	 -0.094	 1.071
43.1	 68.6	 -0.035	 1.082
45.0	 68.6	 0.024	 0.977
46.8	 68.6	 0.059	 1.000
48.5	 68.6	 -0.024	 1.212
50.4	 68.6	 -0.118	 1.094
52.1	 68.6	 -0.071	 1.200
54.0	 68.6	 0.059	 1.188
55.8	 68.6	 0.000	 1.130
57.5	 68.6	 0.047	 1.094
59.5	 68.6	 -0.035	 0.906
61.3	 68.6	 0.071	 0.930
63.0	 68.6	 -0.012	 0.777
64.8	 68.6	 0.024	 0.777
66.7	 68.6	 0.059	 0.494
68.5	 68.6	 -0.071	 0.706
70.3	 68.6	 0.000	 0.000
-2.0	 70.4	 0.000	 0.000
-0.3	 70.4	 0.000	 0.000
1.5	 70.4	 0.000	 0.800
3.3	 70.4	 0.000	 1.377
5.2	 70.4	 -0.059	 1.459
6.9	 70.4	 0.047	 1.212
8.8	 70.4	 -0.035	 0.741
10.7	 70.4	 0.059	 0.682
12.4	 70.4	 0.094	 0.906
14.2	 70.4	 0.071	 0.682
16.1	 70.4	 0.012	 0.800
17.9	 70.4	 -0.059	 0.894
19.6	 70.4	 0.000	 0.894
21.4	 70.4	 0.071	 1.071
23.3	 70.4	 -0.071	 1.118
25.1	 70.4	 0.118	 1.247
26.9	 70.4	 0.035	 1.012
28.6	 70.4	 0.200	 1.235
30.5	 70.4	 0.047	 1.059
32.3	 70.4	 0.000	 1.071
34.1	 70.4	 -0.118	 1.177
36.0	 70.4	 -0.118	 1.035
37.8	 70.4	 -0.106	 1.224
39.5	 70.4	 -0.082	 1.118
41.4	 70.4	 -0.047	 1.000
43.1	 70.4	 -0.012	 1.012
45.0	 70.4	 -0.012	 0.953
46.8	 70.4	 0.000	 1.047
48.5	 70.4	 0.035	 1.130
50.4	 70.4	 -0.106	 1.130
52.1	 70.4	 0.000	 1.235
54.0	 70.4	 0.047	 1.459
55.8	 70.4	 -0.024	 1.424
57.5	 70.4	 0.024	 1.000
59.5	 70.4	 0.024	 0.930
61.3	 70.4	 0.059	 0.894
63.0	 70.4	 -0.024	 0.718
64.8	 70.4	 0.082	 0.777
66.7	 70.4	 0.047	 0.482
68.5	 70.4	 -0.024	 0.471
70.3	 70.4	 0.000	 0.000
-2.0	 72.2	 0.000	 0.000
-0.3	 72.2	 0.047	 -1.000
1.5	 72.2	 0.035	 0.765
3.3	 72.2	 -0.024	 1.188
5.2	 72.2	 -0.153	 1.082
6.9	 72.2	 0.024	 1.000
8.8	 72.2	 -0.024	 0.718
10.7	 72.2	 -0.024	 0.565
12.4	 72.2	 -0.047	 0.812
14.2	 72.2	 -0.012	 0.671
16.1	 72.2	 0.035	 0.788
17.9	 72.2	 -0.035	 0.765
19.6	 72.2	 -0.024	 0.906
21.4	 72.2	 -0.071	 1.118
23.3	 72.2	 -0.106	 0.835
25.1	 72.2	 -0.235	 0.918
26.9	 72.2	 -0.059	 0.847
28.6	 72.2	 -0.024	 1.059
30.5	 72.2	 0.082	 0.953
32.3	 72.2	 -0.082	 1.059
34.1	 72.2	 -0.024	 1.271
36.0	 72.2	 -0.059	 1.459
37.8	 72.2	 -0.012	 1.247
39.5	 72.2	 0.082	 1.271
41.4	 72.2	 0.212	 1.353
43.1	 72.2	 0.000	 0.941
45.0	 72.2	 -0.059	 1.071
46.8	 72.2	 -0.141	 0.965
48.5	 72.2	 -0.047	 1.059
50.4	 72.2	 0.047	 1.094
52.1	 72.2	 -0.012	 1.106
54.0	 72.2	 0.071	 1.259
55.8	 72.2	 -0.012	 1.165
57.5	 72.2	 -0.012	 1.271
59.5	 72.2	 0.141	 1.118
61.3	 72.2	 0.071	 0.788
63.0	 72.2	 0.012	 0.859
64.8	 72.2	 0.094	 0.624
66.7	 72.2	 0.071	 0.682
68.5	 72.2	 0.082	 0.824
70.3	 72.2	 0.000	 0.000
-2.0	 74.0	 0.000	 0.000
-0.3	 74.0	 0.000	 0.000
1.5	 74.0	 -0.035	 0.659
3.3	 74.0	 0.141	 0.859
5.2	 74.0	 -0.024	 0.953
6.9	 74.0	 0.012	 1.000
8.8	 74.0	 -0.047	 0.906
10.7	 74.0	 -0.047	 0.729
12.4	 74.0	 0.012	 0.812
14.2	 74.0	 0.024	 0.718
16.1	 74.0	 0.012	 0.824
17.9	 74.0	 0.000	 0.977
19.6	 74.0	 -0.035	 0.871
21.4	 74.0	 -0.106	 0.941
23.3	 74.0	 -0.094	 1.059
25.1	 74.0	 -0.082	 1.106
26.9	 74.0	 -0.141	 1.106
28.6	 74.0	 -0.024	 1.165
30.5	 74.0	 -0.035	 1.247
32.3	 74.0	 -0.141	 1.235
34.1	 74.0	 -0.153	 0.988
36.0	 74.0	 -0.094	 1.153
37.8	 74.0	 -0.024	 1.212
39.5	 74.0	 -0.012	 1.330
41.4	 74.0	 0.047	 1.153
43.1	 74.0	 -0.024	 0.941
45.0	 74.0	 -0.071	 0.988
46.8	 74.0	 -0.059	 0.835
48.5	 74.0	 -0.047	 0.953
50.4	 74.0	 -0.059	 1.153
52.1	 74.0	 -0.012	 1.000
54.0	 74.0	 0.024	 0.965
55.8	 74.0	 0.012	 1.094
57.5	 74.0	 -0.094	 1.059
59.5	 74.0	 0.059	 1.047
61.3	 74.0	 0.035	 1.012
63.0	 74.0	 -0.012	 0.859
64.8	 74.0	 0.012	 0.706
66.7	 74.0	 0.035	 0.765
68.5	 74.0	 0.071	 0.906
70.3	 74.0	 0.000	 0.000
-2.0	 75.8	 0.000	 0.000
-0.3	 75.8	 0.000	 -1.506
1.5	 75.8	 -0.035	 1.177
3.3	 75.8	 0.024	 1.212
5.2	 75.8	 -0.071	 1.153
6.9	 75.8	 -0.035	 0.706
8.8	 75.8	 -0.047	 0.859
10.7	 75.8	 0.012	 0.871
12.4	 75.8	 0.082	 0.753
14.2	 75.8	 0.047	 0.729
16.1	 75.8	 -0.059	 0.741
17.9	 75.8	 -0.141	 0.824
19.6	 75.8	 -0.012	 0.871
21.4	 75.8	 0.176	 0.941
23.3	 75.8	 0.035	 1.012
25.1	 75.8	 -0.071	 0.953
26.9	 75.8	 -0.094	 1.177
28.6	 75.8	 -0.047	 1.341
30.5	 75.8	 -0.059	 1.082
32.3	 75.8	 -0.059	 1.106
34.1	 75.8	 -0.094	 1.071
36.0	 75.8	 -0.224	 1.412
37.8	 75.8	 -0.118	 0.988
39.5	 75.8	 -0.047	 1.177
41.4	 75.8	 -0.071	 1.035
43.1	 75.8	 -0.082	 1.024
45.0	 75.8	 0.024	 1.071
46.8	 75.8	 0.035	 0.930
48.5	 75.8	 0.035	 0.953
50.4	 75.8	 -0.059	 0.906
52.1	 75.8	 0.024	 0.894
54.0	 75.8	 0.024	 0.906
55.8	 75.8	 0.000	 0.930
57.5	 75.8	 -0.071	 0.859
59.5	 75.8	 -0.035	 0.882
61.3	 75.8	 0.082	 1.059
63.0	 75.8	 0.035	 0.918
64.8	 75.8	 -0.059	 0.659
66.7	 75.8	 -0.059	 0.682
68.5	 75.8	 0.035	 0.847
70.3	 75.8	 0.000	 0.000
-2.0	 77.6	 0.000	 0.000
-0.3	 77.6	 0.024	 -1.130
1.5	 77.6	 -0.094	 1.082
3.3	 77.6	 -0.047	 1.506
5.2	 77.6	 0.071	 1.047
6.9	 77.6	 0.047	 0.882
8.8	 77.6	 -0.141	 0.906
10.7	 77.6	 0.071	 0.859
12.4	 77.6	 0.094	 0.835
14.2	 77.6	 -0.012	 0.706
16.1	 77.6	 -0.035	 0.824
17.9	 77.6	 -0.047	 1.024
19.6	 77.6	 -0.165	 1.094
21.4	 77.6	 0.012	 1.071
23.3	 77.6	 -0.047	 0.941
25.1	 77.6	 -0.071	 0.835
26.9	 77.6	 -0.047	 1.047
28.6	 77.6	 -0.094	 1.118
30.5	 77.6	 -0.012	 0.847
32.3	 77.6	 0.000	 0.000
34.1	 77.6	 -0.012	 1.024
36.0	 77.6	 -0.071	 1.271
37.8	 77.6	 -0.141	 1.318
39.5	 77.6	 0.106	 1.141
41.4	 77.6	 -0.024	 1.153
43.1	 77.6	 -0.224	 1.153
45.0	 77.6	 -0.200	 0.988
46.8	 77.6	 -0.176	 1.212
48.5	 77.6	 0.012	 1.165
50.4	 77.6	 -0.047	 1.071
52.1	 77.6	 -0.059	 0.835
54.0	 77.6	 0.024	 0.835
55.8	 77.6	 0.141	 1.047
57.5	 77.6	 -0.059	 0.941
59.5	 77.6	 -0.035	 0.965
61.3	 77.6	 0.047	 1.000
63.0	 77.6	 0.118	 0.918
64.8	 77.6	 0.071	 0.718
66.7	 77.6	 -0.024	 0.682
68.5	 77.6	 0.000	 0.906
70.3	 77.6	 0.000	 0.000
-2.0	 79.4	 0.000	 0.000
-0.3	 79.4	 0.035	 -1.130
1.5	 79.4	 -0.047	 0.918
3.3	 79.4	 -0.047	 1.377
5.2	 79.4	 0.200	 1.388
6.9	 79.4	 0.000	 0.882
8.8	 79.4	 -0.059	 0.741
10.7	 79.4	 0.047	 0.824
12.4	 79.4	 0.035	 0.777
14.2	 79.4	 -0.012	 0.824
16.1	 79.4	 0.000	 0.824
17.9	 79.4	 -0.094	 1.059
19.6	 79.4	 -0.129	 0.977
21.4	 79.4	 -0.165	 0.965
23.3	 79.4	 -0.082	 0.882
25.1	 79.4	 0.071	 0.953
26.9	 79.4	 -0.106	 0.647
28.6	 79.4	 -0.141	 0.941
30.5	 79.4	 -0.082	 1.059
32.3	 79.4	 0.118	 1.118
34.1	 79.4	 -0.094	 1.353
36.0	 79.4	 -0.188	 1.259
37.8	 79.4	 -0.247	 1.153
39.5	 79.4	 -0.118	 1.247
41.4	 79.4	 -0.106	 1.094
43.1	 79.4	 -0.129	 1.259
45.0	 79.4	 -0.200	 1.000
46.8	 79.4	 0.012	 1.224
48.5	 79.4	 0.012	 1.094
50.4	 79.4	 0.106	 1.188
52.1	 79.4	 -0.094	 0.965
54.0	 79.4	 0.059	 0.882
55.8	 79.4	 -0.012	 0.930
57.5	 79.4	 -0.047	 1.012
59.5	 79.4	 0.094	 0.918
61.3	 79.4	 0.071	 0.871
63.0	 79.4	 0.094	 0.706
64.8	 79.4	 0.012	 0.718
66.7	 79.4	 0.024	 0.659
68.5	 79.4	 0.059	 0.741
70.3	 79.4	 0.000	 0.000
-2.0	 81.2	 0.000	 0.000
-0.3	 81.2	 0.000	 0.000
1.5	 81.2	 0.071	 0.824
3.3	 81.2	 -0.094	 0.753
5.2	 81.2	 0.000	 0.753
6.9	 81.2	 0.047	 0.977
8.8	 81.2	 0.129	 1.000
10.7	 81.2	 -0.129	 0.977
12.4	 81.2	 -0.094	 0.859
14.2	 81.2	 -0.047	 0.812
16.1	 81.2	 0.012	 0.894
17.9	 81.2	 0.071	 1.188
19.6	 81.2	 -0.141	 1.130
21.4	 81.2	 -0.082	 0.694
23.3	 81.2	 -0.059	 1.082
25.1	 81.2	 -0.012	 0.977
26.9	 81.2	 -0.024	 1.459
28.6	 81.2	 -0.059	 1.388
30.5	 81.2	 -0.141	 1.259
32.3	 81.2	 -0.106	 1.024
34.1	 81.2	 0.024	 0.977
36.0	 81.2	 -0.094	 1.047
37.8	 81.2	 -0.059	 1.024
39.5	 81.2	 -0.047	 1.377
41.4	 81.2	 -0.047	 1.294
43.1	 81.2	 -0.188	 1.200
45.0	 81.2	 0.012	 1.012
46.8	 81.2	 0.082	 0.859
48.5	 81.2	 0.000	 1.106
50.4	 81.2	 -0.035	 1.153
52.1	 81.2	 -0.071	 0.930
54.0	 81.2	 -0.035	 1.024
55.8	 81.2	 -0.012	 1.071
57.5	 81.2	 0.118	 1.000
59.5	 81.2	 0.082	 0.871
61.3	 81.2	 0.012	 0.824
63.0	 81.2	 -0.059	 0.812
64.8	 81.2	 -0.024	 0.729
66.7	 81.2	 0.000	 0.753
68.5	 81.2	 0.082	 0.835
70.3	 81.2	 0.000	 0.000
-2.0	 83.0	 0.000	 0.000
-0.3	 83.0	 0.071	 -1.435
1.5	 83.0	 0.059	 1.000
3.3	 83.0	 0.071	 1.035
5.2	 83.0	 0.000	 0.000
6.9	 83.0	 -0.094	 0.694
8.8	 83.0	 -0.035	 1.071
10.7	 83.0	 -0.071	 0.930
12.4	 83.0	 -0.024	 0.871
14.2	 83.0	 -0.259	 1.012
16.1	 83.0	 -0.035	 0.812
17.9	 83.0	 -0.035	 0.847
19.6	 83.0	 -0.047	 0.835
21.4	 83.0	 -0.082	 1.082
23.3	 83.0	 -0.200	 1.235
25.1	 83.0	 -0.176	 1.247
26.9	 83.0	 -0.071	 1.235
28.6	 83.0	 -0.094	 1.094
30.5	 83.0	 -0.224	 1.130
32.3	 83.0	 -0.082	 1.283
34.1	 83.0	 -0.294	 1.271
36.0	 83.0	 -0.071	 1.188
37.8	 83.0	 -0.106	 1.200
39.5	 83.0	 -0.247	 1.330
41.4	 83.0	 -0.047	 1.294
43.1	 83.0	 -0.071	 1.235
45.0	 83.0	 0.094	 1.212
46.8	 83.0	 0.094	 0.953
48.5	 83.0	 -0.035	 0.918
50.4	 83.0	 -0.071	 1.071
52.1	 83.0	 0.071	 0.953
54.0	 83.0	 0.000	 0.953
55.8	 83.0	 -0.035	 0.918
57.5	 83.0	 0.118	 1.047
59.5	 83.0	 0.082	 0.753
61.3	 83.0	 -0.035	 0.882
63.0	 83.0	 -0.024	 0.859
64.8	 83.0	 -0.141	 0.741
66.7	 83.0	 -0.094	 0.635
68.5	 83.0	 0.035	 0.671
70.3	 83.0	 0.000	 0.000
-2.0	 84.8	 0.000	 0.000
-0.3	 84.8	 0.082	 -2.047
1.5	 84.8	 0.082	 0.741
3.3	 84.8	 -0.153	 1.294
5.2	 84.8	 0.012	 1.000
6.9	 84.8	 -0.047	 0.906
8.8	 84.8	 0.047	 0.894
10.7	 84.8	 -0.082	 0.777
12.4	 84.8	 -0.118	 0.859
14.2	 84.8	 -0.118	 0.918
16.1	 84.8	 -0.047	 0.777
17.9	 84.8	 -0.200	 0.988
19.6	 84.8	 -0.047	 0.859
21.4	 84.8	 -0.071	 0.894
23.3	 84.8	 0.012	 1.071
25.1	 84.8	 -0.059	 1.153
26.9	 84.8	 -0.247	 1.224
28.6	 84.8	 -0.118	 1.024
30.5	 84.8	 -0.118	 1.212
32.3	 84.8	 -0.188	 1.330
34.1	 84.8	 -0.365	 1.506
36.0	 84.8	 -0.047	 1.259
37.8	 84.8	 -0.047	 1.259
39.5	 84.8	 -0.035	 1.318
41.4	 84.8	 0.035	 1.082
43.1	 84.8	 0.012	 1.283
45.0	 84.8	 0.059	 1.130
46.8	 84.8	 -0.035	 1.059
48.5	 84.8	 -0.047	 0.800
50.4	 84.8	 -0.059	 0.824
52.1	 84.8	 -0.094	 0.871
54.0	 84.8	 -0.047	 1.024
55.8	 84.8	 -0.047	 0.882
57.5	 84.8	 0.047	 1.000
59.5	 84.8	 0.129	 0.765
61.3	 84.8	 -0.035	 0.788
63.0	 84.8	 0.000	 0.824
64.8	 84.8	 -0.094	 0.671
66.7	 84.8	 0.000	 0.412
68.5	 84.8	 0.024	 0.588
70.3	 84.8	 0.000	 0.000
-2.0	 86.7	 0.000	 0.000
-0.3	 86.7	 0.000	 0.000
1.5	 86.7	 0.094	 0.706
3.3	 86.7	 -0.059	 0.871
5.2	 86.7	 -0.024	 0.788
6.9	 86.7	 0.059	 0.765
8.8	 86.7	 -0.106	 0.835
10.7	 86.7	 -0.165	 0.812
12.4	 86.7	 -0.141	 0.930
14.2	 86.7	 -0.035	 0.941
16.1	 86.7	 -0.082	 0.741
17.9	 86.7	 -0.129	 0.812
19.6	 86.7	 0.012	 0.988
21.4	 86.7	 -0.047	 1.212
23.3	 86.7	 -0.012	 1.024
25.1	 86.7	 -0.377	 1.177
26.9	 86.7	 -0.482	 1.271
28.6	 86.7	 -0.024	 1.318
30.5	 86.7	 -0.082	 1.212
32.3	 86.7	 -0.176	 1.294
34.1	 86.7	 -0.094	 1.247
36.0	 86.7	 -0.165	 1.224
37.8	 86.7	 -0.224	 1.235
39.5	 86.7	 0.012	 1.353
41.4	 86.7	 0.082	 1.035
43.1	 86.7	 -0.082	 1.059
45.0	 86.7	 -0.071	 1.094
46.8	 86.7	 0.047	 1.082
48.5	 86.7	 -0.035	 1.035
50.4	 86.7	 0.047	 1.024
52.1	 86.7	 -0.071	 0.988
54.0	 86.7	 -0.200	 1.059
55.8	 86.7	 -0.094	 0.859
57.5	 86.7	 0.035	 0.918
59.5	 86.7	 0.082	 0.941
61.3	 86.7	 0.071	 0.941
63.0	 86.7	 0.047	 0.918
64.8	 86.7	 0.047	 0.659
66.7	 86.7	 0.071	 0.518
68.5	 86.7	 0.012	 0.647
70.3	 86.7	 0.000	 0.000
-2.0	 88.5	 0.000	 0.000
-0.3	 88.5	 0.000	 0.000
1.5	 88.5	 -0.059	 2.012
3.3	 88.5	 0.012	 0.894
5.2	 88.5	 -0.035	 0.765
6.9	 88.5	 -0.024	 0.741
8.8	 88.5	 -0.082	 0.741
10.7	 88.5	 -0.047	 0.718
12.4	 88.5	 -0.059	 0.800
14.2	 88.5	 -0.059	 0.977
16.1	 88.5	 -0.071	 0.788
17.9	 88.5	 -0.059	 0.918
19.6	 88.5	 -0.271	 0.882
21.4	 88.5	 -0.094	 0.965
23.3	 88.5	 -0.118	 1.082
25.1	 88.5	 -0.082	 1.071
26.9	 88.5	 -0.271	 1.494
28.6	 88.5	 -0.259	 1.306
30.5	 88.5	 -0.094	 1.377
32.3	 88.5	 -0.176	 1.424
34.1	 88.5	 -0.188	 1.365
36.0	 88.5	 -0.071	 1.259
37.8	 88.5	 -0.129	 1.235
39.5	 88.5	 -0.047	 1.318
41.4	 88.5	 -0.118	 1.247
43.1	 88.5	 -0.047	 1.106
45.0	 88.5	 -0.035	 0.977
46.8	 88.5	 -0.012	 0.894
48.5	 88.5	 -0.059	 0.941
50.4	 88.5	 0.035	 1.012
52.1	 88.5	 -0.035	 0.953
54.0	 88.5	 -0.012	 0.941
55.8	 88.5	 -0.094	 0.847
57.5	 88.5	 0.024	 0.835
59.5	 88.5	 0.024	 0.894
61.3	 88.5	 0.000	 0.765
63.0	 88.5	 -0.082	 0.706
64.8	 88.5	 -0.071	 0.694
66.7	 88.5	 0.071	 0.482
68.5	 88.5	 0.082	 0.659
70.3	 88.5	 0.000	 0.000
-2.0	 90.3	 0.000	 0.000
-0.3	 90.3	 0.000	 0.000
1.5	 90.3	 0.224	 1.824
3.3	 90.3	 0.035	 0.930
5.2	 90.3	 -0.059	 0.506
6.9	 90.3	 -0.106	 0.424
8.8	 90.3	 -0.012	 0.682
10.7	 90.3	 -0.047	 0.682
12.4	 90.3	 -0.212	 0.824
14.2	 90.3	 -0.271	 0.941
16.1	 90.3	 -0.176	 0.906
17.9	 90.3	 -0.071	 0.694
19.6	 90.3	 -0.188	 0.859
21.4	 90.3	 -0.129	 1.012
23.3	 90.3	 -0.141	 1.082
25.1	 90.3	 -0.176	 1.094
26.9	 90.3	 -0.200	 1.318
28.6	 90.3	 0.000	 1.565
30.5	 90.3	 0.035	 1.400
32.3	 90.3	 -0.118	 1.365
34.1	 90.3	 -0.082	 1.483
36.0	 90.3	 -0.200	 1.530
37.8	 90.3	 -0.176	 1.235
39.5	 90.3	 -0.024	 1.353
41.4	 90.3	 0.024	 1.271
43.1	 90.3	 -0.176	 1.106
45.0	 90.3	 -0.106	 1.024
46.8	 90.3	 -0.035	 1.082
48.5	 90.3	 -0.035	 1.000
50.4	 90.3	 -0.059	 0.941
52.1	 90.3	 0.012	 0.824
54.0	 90.3	 -0.012	 0.847
55.8	 90.3	 0.012	 0.765
57.5	 90.3	 -0.059	 0.518
59.5	 90.3	 0.012	 0.812
61.3	 90.3	 -0.129	 0.812
63.0	 90.3	 -0.012	 0.729
64.8	 90.3	 -0.141	 0.835
66.7	 90.3	 0.047	 0.624
68.5	 90.3	 0.106	 0.635
70.3	 90.3	 0.000	 0.000
-2.0	 92.0	 0.000	 0.000
-0.3	 92.0	 0.000	 0.000
1.5	 92.0	 0.047	 0.753
3.3	 92.0	 0.035	 0.294
5.2	 92.0	 -0.129	 0.577
6.9	 92.0	 -0.106	 0.729
8.8	 92.0	 -0.059	 1.024
10.7	 92.0	 -0.176	 0.824
12.4	 92.0	 -0.153	 0.788
14.2	 92.0	 -0.082	 0.765
16.1	 92.0	 -0.059	 0.871
17.9	 92.0	 0.012	 0.671
19.6	 92.0	 -0.071	 0.777
21.4	 92.0	 -0.059	 0.871
23.3	 92.0	 -0.224	 1.012
25.1	 92.0	 -0.459	 1.365
26.9	 92.0	 -0.224	 1.212
28.6	 92.0	 -0.129	 1.283
30.5	 92.0	 -0.071	 1.200
32.3	 92.0	 0.000	 1.200
34.1	 92.0	 -0.047	 1.318
36.0	 92.0	 -0.012	 1.318
37.8	 92.0	 -0.129	 1.271
39.5	 92.0	 -0.294	 1.212
41.4	 92.0	 -0.235	 0.988
43.1	 92.0	 -0.165	 1.212
45.0	 92.0	 -0.165	 1.247
46.8	 92.0	 0.000	 1.271
48.5	 92.0	 -0.035	 1.235
50.4	 92.0	 -0.094	 0.847
52.1	 92.0	 -0.059	 0.930
54.0	 92.0	 -0.094	 0.788
55.8	 92.0	 0.153	 0.753
57.5	 92.0	 0.047	 0.777
59.5	 92.0	 -0.024	 0.729
61.3	 92.0	 -0.012	 0.741
63.0	 92.0	 -0.047	 0.624
64.8	 92.0	 -0.118	 0.588
66.7	 92.0	 -0.047	 0.494
68.5	 92.0	 -0.012	 0.577
70.3	 92.0	 0.000	 0.000
-2.0	 93.8	 0.000	 0.000
-0.3	 93.8	 0.000	 0.000
1.5	 93.8	 0.071	 0.812
3.3	 93.8	 -0.153	 0.800
5.2	 93.8	 0.000	 0.718
6.9	 93.8	 -0.035	 0.835
8.8	 93.8	 -0.047	 0.706
10.7	 93.8	 -0.082	 0.659
12.4	 93.8	 -0.176	 0.812
14.2	 93.8	 -0.176	 0.882
16.1	 93.8	 -0.200	 0.894
17.9	 93.8	 0.047	 0.918
19.6	 93.8	 -0.094	 0.977
21.4	 93.8	 -0.082	 1.059
23.3	 93.8	 -0.200	 1.118
25.1	 93.8	 -0.482	 1.294
26.9	 93.8	 -0.188	 1.212
28.6	 93.8	 -0.118	 1.165
30.5	 93.8	 0.000	 1.306
32.3	 93.8	 -0.129	 1.306
34.1	 93.8	 -0.024	 1.341
36.0	 93.8	 0.000	 1.259
37.8	 93.8	 0.012	 1.377
39.5	 93.8	 -0.129	 1.447
41.4	 93.8	 -0.118	 1.082
43.1	 93.8	 -0.059	 1.165
45.0	 93.8	 0.071	 0.953
46.8	 93.8	 0.035	 1.141
48.5	 93.8	 -0.024	 0.882
50.4	 93.8	 -0.047	 0.977
52.1	 93.8	 -0.035	 0.765
54.0	 93.8	 -0.035	 0.729
55.8	 93.8	 -0.118	 0.800
57.5	 93.8	 -0.129	 0.753
59.5	 93.8	 0.012	 0.741
61.3	 93.8	 0.035	 0.765
63.0	 93.8	 0.176	 0.835
64.8	 93.8	 0.012	 0.718
66.7	 93.8	 0.035	 0.412
68.5	 93.8	 0.024	 0.365
70.3	 93.8	 0.000	 0.000
-2.0	 95.7	 0.000	 0.000
-0.3	 95.7	 0.047	 -1.000
1.5	 95.7	 0.012	 1.082
3.3	 95.7	 0.035	 0.930
5.2	 95.7	 0.035	 0.718
6.9	 95.7	 -0.165	 0.824
8.8	 95.7	 -0.082	 0.659
10.7	 95.7	 -0.035	 0.612
12.4	 95.7	 -0.118	 0.694
14.2	 95.7	 -0.059	 0.718
16.1	 95.7	 -0.188	 0.882
17.9	 95.7	 0.024	 0.894
19.6	 95.7	 -0.071	 0.894
21.4	 95.7	 -0.047	 0.930
23.3	 95.7	 -0.071	 1.024
25.1	 95.7	 -0.082	 1.200
26.9	 95.7	 -0.071	 1.130
28.6	 95.7	 -0.047	 1.188
30.5	 95.7	 -0.141	 1.047
32.3	 95.7	 -0.047	 1.447
34.1	 95.7	 -0.012	 1.106
36.0	 95.7	 -0.071	 1.271
37.8	 95.7	 0.047	 1.400
39.5	 95.7	 -0.165	 1.247
41.4	 95.7	 -0.106	 1.024
43.1	 95.7	 -0.024	 1.165
45.0	 95.7	 -0.047	 1.177
46.8	 95.7	 -0.082	 0.941
48.5	 95.7	 -0.071	 0.847
50.4	 95.7	 -0.094	 1.224
52.1	 95.7	 -0.106	 0.988
54.0	 95.7	 -0.012	 0.741
55.8	 95.7	 0.176	 0.824
57.5	 95.7	 -0.118	 0.765
59.5	 95.7	 0.000	 0.965
61.3	 95.7	 -0.129	 0.777
63.0	 95.7	 0.047	 0.694
64.8	 95.7	 0.024	 0.624
66.7	 95.7	 -0.082	 0.553
68.5	 95.7	 -0.035	 0.612
70.3	 95.7	 0.000	 0.000
-2.0	 97.5	 0.000	 0.000
-0.3	 97.5	 0.059	 -1.035
1.5	 97.5	 0.082	 1.000
3.3	 97.5	 0.071	 0.906
5.2	 97.5	 0.118	 0.729
6.9	 97.5	 -0.012	 0.777
8.8	 97.5	 -0.094	 0.953
10.7	 97.5	 -0.106	 0.918
12.4	 97.5	 -0.082	 0.847
14.2	 97.5	 -0.176	 0.930
16.1	 97.5	 -0.412	 1.294
17.9	 97.5	 -0.059	 0.871
19.6	 97.5	 -0.071	 0.847
21.4	 97.5	 -0.012	 0.930
23.3	 97.5	 -0.106	 1.082
25.1	 97.5	 -0.247	 1.235
26.9	 97.5	 -0.129	 0.953
28.6	 97.5	 -0.047	 1.118
30.5	 97.5	 -0.082	 1.165
32.3	 97.5	 0.118	 1.330
34.1	 97.5	 -0.071	 1.259
36.0	 97.5	 0.024	 1.365
37.8	 97.5	 -0.129	 1.435
39.5	 97.5	 -0.071	 1.365
41.4	 97.5	 -0.153	 1.224
43.1	 97.5	 -0.082	 1.024
45.0	 97.5	 0.000	 1.118
46.8	 97.5	 -0.047	 0.859
48.5	 97.5	 -0.071	 0.812
50.4	 97.5	 -0.012	 1.047
52.1	 97.5	 -0.059	 0.894
54.0	 97.5	 0.071	 0.800
55.8	 97.5	 0.024	 0.812
57.5	 97.5	 0.047	 0.800
59.5	 97.5	 0.012	 0.577
61.3	 97.5	 -0.106	 0.600
63.0	 97.5	 0.000	 0.682
64.8	 97.5	 -0.106	 0.506
66.7	 97.5	 -0.059	 0.282
68.5	 97.5	 0.071	 0.188
70.3	 97.5	 0.000	 0.000
-2.0	 99.3	 0.000	 0.000
-0.3	 99.3	 0.000	 0.000
1.5	 99.3	 0.118	 0.600
3.3	 99.3	 0.071	 0.741
5.2	 99.3	 0.071	 0.882
6.9	 99.3	 -0.059	 0.859
8.8	 99.3	 -0.047	 0.977
10.7	 99.3	 -0.118	 0.906
12.4	 99.3	 -0.141	 0.835
14.2	 99.3	 0.000	 0.000
16.1	 99.3	 -0.071	 1.035
17.9	 99.3	 -0.035	 0.859
19.6	 99.3	 -0.129	 0.859
21.4	 99.3	 -0.071	 0.824
23.3	 99.3	 -0.047	 0.812
25.1	 99.3	 -0.282	 1.035
26.9	 99.3	 -0.094	 1.118
28.6	 99.3	 -0.059	 1.353
30.5	 99.3	 -0.071	 1.024
32.3	 99.3	 -0.082	 0.953
34.1	 99.3	 -0.012	 1.341
36.0	 99.3	 -0.047	 1.306
37.8	 99.3	 0.035	 1.330
39.5	 99.3	 -0.141	 1.435
41.4	 99.3	 -0.047	 1.483
43.1	 99.3	 -0.106	 1.283
45.0	 99.3	 -0.094	 1.200
46.8	 99.3	 0.012	 0.953
48.5	 99.3	 0.047	 1.106
50.4	 99.3	 -0.024	 0.977
52.1	 99.3	 -0.024	 0.788
54.0	 99.3	 0.106	 0.777
55.8	 99.3	 0.000	 0.777
57.5	 99.3	 -0.071	 0.612
59.5	 99.3	 0.000	 0.824
61.3	 99.3	 -0.012	 0.682
63.0	 99.3	 0.012	 0.506
64.8	 99.3	 -0.082	 0.435
66.7	 99.3	 0.059	 0.600
68.5	 99.3	 -0.059	 0.671
70.3	 99.3	 0.000	 0.000
-2.0	 101.1	 0.000	 0.000
-0.3	 101.1	 0.000	 0.000
1.5	 101.1	 0.035	 0.847
3.3	 101.1	 0.024	 0.847
5.2	 101.1	 0.094	 0.930
6.9	 101.1	 -0.094	 0.553
8.8	 101.1	 -0.047	 0.800
10.7	 101.1	 -0.059	 0.835
12.4	 101.1	 -0.094	 0.918
14.2	 101.1	 -0.141	 0.930
16.1	 101.1	 -0.082	 0.777
17.9	 101.1	 -0.106	 0.941
19.6	 101.1	 -0.118	 0.859
21.4	 101.1	 0.000	 0.000
23.3	 101.1	 -0.071	 0.906
25.1	 101.1	 -0.200	 1.012
26.9	 101.1	 0.047	 1.000
28.6	 101.1	 0.035	 1.118
30.5	 101.1	 -0.035	 1.059
32.3	 101.1	 -0.035	 1.035
34.1	 101.1	 -0.035	 1.483
36.0	 101.1	 0.024	 1.306
37.8	 101.1	 0.235	 1.259
39.5	 101.1	 0.200	 1.412
41.4	 101.1	 -0.012	 1.224
43.1	 101.1	 -0.082	 1.306
45.0	 101.1	 0.012	 1.106
46.8	 101.1	 0.094	 1.106
48.5	 101.1	 -0.024	 1.212
50.4	 101.1	 0.106	 0.800
52.1	 101.1	 0.035	 0.824
54.0	 101.1	 -0.047	 1.071
55.8	 101.1	 0.024	 0.941
57.5	 101.1	 -0.024	 0.529
59.5	 101.1	 -0.035	 0.729
61.3	 101.1	 0.024	 0.824
63.0	 101.1	 -0.024	 0.541
64.8	 101.1	 0.035	 0.482
66.7	 101.1	 -0.047	 0.612
68.5	 101.1	 0.024	 0.553
70.3	 101.1	 0.000	 0.000
-2.0	 102.8	 0.000	 0.000
-0.3	 102.8	 0.000	 0.000
1.5	 102.8	 0.035	 0.671
3.3	 102.8	 0.047	 0.788
5.2	 102.8	 0.024	 0.941
6.9	 102.8	 -0.165	 0.918
8.8	 102.8	 -0.035	 0.812
10.7	 102.8	 0.129	 0.788
12.4	 102.8	 -0.082	 0.706
14.2	 102.8	 -0.071	 0.706
16.1	 102.8	 -0.153	 0.777
17.9	 102.8	 -0.153	 1.000
19.6	 102.8	 -0.106	 0.906
21.4	 102.8	 -0.212	 1.118
23.3	 102.8	 -0.165	 1.259
25.1	 102.8	 -0.094	 1.106
26.9	 102.8	 -0.094	 1.377
28.6	 102.8	 -0.059	 1.259
30.5	 102.8	 -0.082	 1.200
32.3	 102.8	 -0.082	 0.941
34.1	 102.8	 -0.071	 0.941
36.0	 102.8	 -0.094	 0.882
37.8	 102.8	 0.094	 1.177
39.5	 102.8	 0.000	 1.318
41.4	 102.8	 0.129	 1.106
43.1	 102.8	 -0.035	 1.235
45.0	 102.8	 0.024	 1.247
46.8	 102.8	 -0.024	 1.153
48.5	 102.8	 -0.012	 1.094
50.4	 102.8	 -0.035	 0.871
52.1	 102.8	 -0.047	 0.812
54.0	 102.8	 0.000	 1.000
55.8	 102.8	 -0.012	 0.706
57.5	 102.8	 -0.094	 0.588
59.5	 102.8	 -0.129	 0.635
61.3	 102.8	 -0.035	 0.741
63.0	 102.8	 -0.118	 0.612
64.8	 102.8	 -0.047	 0.753
66.7	 102.8	 -0.024	 0.659
68.5	 102.8	 0.035	 0.694
70.3	 102.8	 0.000	 0.000
-2.0	 104.7	 0.000	 0.000
-0.3	 104.7	 0.000	 0.000
1.5	 104.7	 -0.024	 0.777
3.3	 104.7	 -0.047	 0.788
5.2	 104.7	 -0.047	 0.965
6.9	 104.7	 -0.082	 0.788
8.8	 104.7	 -0.153	 0.859
10.7	 104.7	 -0.094	 0.800
12.4	 104.7	 -0.059	 0.777
14.2	 104.7	 -0.012	 0.847
16.1	 104.7	 0.000	 0.835
17.9	 104.7	 -0.047	 0.671
19.6	 104.7	 -0.094	 0.824
21.4	 104.7	 -0.024	 1.153
23.3	 104.7	 -0.059	 1.130
25.1	 104.7	 0.094	 1.059
26.9	 104.7	 0.035	 1.035
28.6	 104.7	 -0.047	 1.318
30.5	 104.7	 0.059	 1.141
32.3	 104.7	 -0.059	 0.941
34.1	 104.7	 0.000	 1.000
36.0	 104.7	 0.059	 1.000
37.8	 104.7	 0.000	 1.365
39.5	 104.7	 -0.024	 1.553
41.4	 104.7	 0.071	 1.306
43.1	 104.7	 -0.129	 1.200
45.0	 104.7	 -0.212	 1.271
46.8	 104.7	 0.071	 1.047
48.5	 104.7	 0.059	 0.859
50.4	 104.7	 -0.106	 0.894
52.1	 104.7	 -0.047	 0.953
54.0	 104.7	 0.024	 0.659
55.8	 104.7	 -0.012	 0.788
57.5	 104.7	 -0.035	 0.729
59.5	 104.7	 0.082	 0.835
61.3	 104.7	 -0.024	 0.788
63.0	 104.7	 0.141	 0.930
64.8	 104.7	 0.059	 0.729
66.7	 104.7	 0.035	 0.600
68.5	 104.7	 -0.012	 0.612
70.3	 104.7	 0.000	 0.000
-2.0	 106.5	 0.000	 0.000
-0.3	 106.5	 0.000	 0.000
1.5	 106.5	 0.047	 0.765
3.3	 106.5	 -0.141	 0.812
5.2	 106.5	 -0.024	 0.706
6.9	 106.5	 0.129	 0.918
8.8	 106.5	 0.012	 0.882
10.7	 106.5	 -0.047	 0.800
12.4	 106.5	 -0.094	 0.800
14.2	 106.5	 -0.059	 0.941
16.1	 106.5	 -0.059	 0.859
17.9	 106.5	 -0.024	 0.753
19.6	 106.5	 -0.012	 0.859
21.4	 106.5	 -0.306	 0.824
23.3	 106.5	 -0.259	 0.965
25.1	 106.5	 -0.153	 1.035
26.9	 106.5	 -0.071	 1.094
28.6	 106.5	 -0.012	 1.153
30.5	 106.5	 -0.106	 1.188
32.3	 106.5	 -0.035	 1.047
34.1	 106.5	 0.118	 0.871
36.0	 106.5	 0.047	 1.094
37.8	 106.5	 -0.047	 1.306
39.5	 106.5	 0.024	 1.353
41.4	 106.5	 0.153	 1.212
43.1	 106.5	 -0.188	 1.247
45.0	 106.5	 0.035	 1.071
46.8	 106.5	 0.035	 1.141
48.5	 106.5	 0.153	 1.165
50.4	 106.5	 -0.035	 0.847
52.1	 106.5	 -0.035	 0.953
54.0	 106.5	 0.035	 0.835
55.8	 106.5	 0.082	 0.906
57.5	 106.5	 0.012	 0.718
59.5	 106.5	 0.000	 0.706
61.3	 106.5	 0.082	 0.671
63.0	 106.5	 -0.024	 0.647
64.8	 106.5	 -0.024	 0.553
66.7	 106.5	 0.129	 0.482
68.5	 106.5	 -0.024	 0.671
70.3	 106.5	 0.000	 0.000
-2.0	 108.3	 0.000	 0.000
-0.3	 108.3	 0.000	 0.000
1.5	 108.3	 -0.012	 0.812
3.3	 108.3	 0.012	 0.824
5.2	 108.3	 0.106	 1.130
6.9	 108.3	 -0.024	 0.894
8.8	 108.3	 -0.035	 0.859
10.7	 108.3	 0.176	 0.812
12.4	 108.3	 0.071	 0.765
14.2	 108.3	 0.047	 0.824
16.1	 108.3	 0.024	 0.835
17.9	 108.3	 0.165	 0.941
19.6	 108.3	 -0.094	 0.918
21.4	 108.3	 -0.118	 0.977
23.3	 108.3	 -0.012	 0.953
25.1	 108.3	 0.012	 1.071
26.9	 108.3	 -0.012	 0.941
28.6	 108.3	 -0.012	 0.788
30.5	 108.3	 -0.235	 1.188
32.3	 108.3	 -0.176	 1.235
34.1	 108.3	 -0.094	 1.200
36.0	 108.3	 0.024	 1.235
37.8	 108.3	 0.118	 1.424
39.5	 108.3	 -0.035	 1.294
41.4	 108.3	 0.176	 1.118
43.1	 108.3	 0.000	 1.082
45.0	 108.3	 0.082	 1.353
46.8	 108.3	 -0.094	 1.153
48.5	 108.3	 -0.153	 1.059
50.4	 108.3	 0.129	 1.012
52.1	 108.3	 0.094	 0.871
54.0	 108.3	 0.165	 0.906
55.8	 108.3	 0.118	 0.624
57.5	 108.3	 0.118	 0.541
59.5	 108.3	 0.000	 0.706
61.3	 108.3	 0.059	 0.729
63.0	 108.3	 -0.012	 0.659
64.8	 108.3	 0.012	 0.659
66.7	 108.3	 -0.059	 0.447
68.5	 108.3	 -0.047	 0.294
70.3	 108.3	 0.000	 0.000
-2.0	 110.1	 0.000	 0.000
-0.3	 110.1	 0.000	 0.000
1.5	 110.1	 -0.024	 0.800
3.3	 110.1	 0.035	 0.871
5.2	 110.1	 -0.082	 0.718
6.9	 110.1	 0.059	 0.847
8.8	 110.1	 0.000	 0.871
10.7	 110.1	 -0.200	 0.977
12.4	 110.1	 -0.012	 0.918
14.2	 110.1	 -0.035	 0.871
16.1	 110.1	 -0.094	 0.906
17.9	 110.1	 0.012	 0.741
19.6	 110.1	 0.047	 0.835
21.4	 110.1	 0.082	 0.953
23.3	 110.1	 -0.212	 1.024
25.1	 110.1	 -0.188	 0.930
26.9	 110.1	 -0.129	 0.706
28.6	 110.1	 -0.082	 0.859
30.5	 110.1	 -0.176	 0.753
32.3	 110.1	 -0.082	 1.082
34.1	 110.1	 0.024	 1.259
36.0	 110.1	 0.047	 1.071
37.8	 110.1	 0.059	 0.965
39.5	 110.1	 -0.012	 1.165
41.4	 110.1	 -0.035	 1.224
43.1	 110.1	 0.235	 1.094
45.0	 110.1	 0.059	 0.918
46.8	 110.1	 0.059	 0.835
48.5	 110.1	 0.047	 1.118
50.4	 110.1	 0.165	 1.259
52.1	 110.1	 0.024	 0.859
54.0	 110.1	 0.176	 0.847
55.8	 110.1	 0.118	 0.741
57.5	 110.1	 0.118	 0.729
59.5	 110.1	 0.035	 0.624
61.3	 110.1	 0.365	 0.871
63.0	 110.1	 0.106	 0.777
64.8	 110.1	 0.059	 1.000
66.7	 110.1	 0.082	 0.659
68.5	 110.1	 0.118	 0.494
70.3	 110.1	 0.000	 0.000
-2.0	 112.0	 0.000	 0.000
-0.3	 112.0	 0.129	 -1.130
1.5	 112.0	 -0.059	 0.894
3.3	 112.0	 -0.129	 0.918
5.2	 112.0	 0.000	 0.894
6.9	 112.0	 0.012	 0.835
8.8	 112.0	 -0.035	 0.835
10.7	 112.0	 -0.153	 0.953
12.4	 112.0	 0.082	 0.847
14.2	 112.0	 -0.012	 0.859
16.1	 112.0	 0.047	 0.824
17.9	 112.0	 0.141	 0.824
19.6	 112.0	 0.012	 0.753
21.4	 112.0	 -0.106	 0.765
23.3	 112.0	 -0.388	 0.682
25.1	 112.0	 -0.094	 0.800
26.9	 112.0	 -0.200	 0.800
28.6	 112.0	 -0.082	 1.024
30.5	 112.0	 -0.059	 0.953
32.3	 112.0	 -0.235	 0.882
34.1	 112.0	 -0.024	 1.059
36.0	 112.0	 -0.047	 1.059
37.8	 112.0	 -0.118	 1.318
39.5	 112.0	 -0.094	 1.200
41.4	 112.0	 0.035	 1.024
43.1	 112.0	 0.071	 1.082
45.0	 112.0	 0.082	 1.118
46.8	 112.0	 0.059	 0.930
48.5	 112.0	 0.082	 1.082
50.4	 112.0	 0.165	 0.930
52.1	 112.0	 0.059	 0.941
54.0	 112.0	 0.188	 0.600
55.8	 112.0	 0.282	 0.965
57.5	 112.0	 0.176	 1.130
59.5	 112.0	 0.000	 0.788
61.3	 112.0	 0.082	 0.718
63.0	 112.0	 0.141	 0.482
64.8	 112.0	 0.012	 0.694
66.7	 112.0	 0.129	 0.506
68.5	 112.0	 0.012	 0.494
70.3	 112.0	 0.094	 -0.024
-2.0	 113.8	 0.000	 0.000
-0.3	 113.8	 0.000	 0.000
1.5	 113.8	 -0.059	 0.977
3.3	 113.8	 -0.071	 0.906
5.2	 113.8	 -0.047	 0.882
6.9	 113.8	 -0.035	 0.918
8.8	 113.8	 0.024	 0.941
10.7	 113.8	 -0.012	 0.941
12.4	 113.8	 0.024	 0.941
14.2	 113.8	 -0.012	 0.682
16.1	 113.8	 0.047	 0.377
17.9	 113.8	 0.024	 0.635
19.6	 113.8	 0.118	 0.706
21.4	 113.8	 -0.071	 0.800
23.3	 113.8	 -0.071	 0.741
25.1	 113.8	 0.071	 0.871
26.9	 113.8	 -0.306	 0.812
28.6	 113.8	 0.000	 1.341
30.5	 113.8	 -0.118	 0.988
32.3	 113.8	 -0.259	 0.953
34.1	 113.8	 0.047	 1.024
36.0	 113.8	 0.153	 1.130
37.8	 113.8	 0.035	 0.965
39.5	 113.8	 -0.106	 1.212
41.4	 113.8	 0.000	 1.059
43.1	 113.8	 0.035	 1.200
45.0	 113.8	 -0.024	 1.412
46.8	 113.8	 0.000	 1.483
48.5	 113.8	 0.176	 1.330
50.4	 113.8	 -0.012	 0.871
52.1	 113.8	 0.012	 0.977
54.0	 113.8	 0.235	 1.035
55.8	 113.8	 0.024	 0.729
57.5	 113.8	 -0.024	 0.906
59.5	 113.8	 0.071	 0.612
61.3	 113.8	 0.000	 1.047
63.0	 113.8	 0.071	 0.812
64.8	 113.8	 -0.082	 0.565
66.7	 113.8	 0.129	 0.635
68.5	 113.8	 0.047	 0.447
70.3	 113.8	 0.000	 0.000
-2.0	 115.6	 0.000	 0.000
-0.3	 115.6	 0.000	 0.000
1.5	 115.6	 -0.059	 0.847
3.3	 115.6	 0.071	 0.812
5.2	 115.6	 0.224	 0.977
6.9	 115.6	 0.059	 1.012
8.8	 115.6	 -0.082	 0.871
10.7	 115.6	 0.012	 0.930
12.4	 115.6	 0.094	 0.977
14.2	 115.6	 0.082	 0.824
16.1	 115.6	 -0.047	 0.847
17.9	 115.6	 0.035	 0.753
19.6	 115.6	 0.082	 0.624
21.4	 115.6	 -0.024	 0.835
23.3	 115.6	 -0.035	 0.847
25.1	 115.6	 0.141	 0.882
26.9	 115.6	 -0.047	 0.859
28.6	 115.6	 -0.165	 1.106
30.5	 115.6	 0.047	 0.953
32.3	 115.6	 0.024	 1.059
34.1	 115.6	 0.071	 1.059
36.0	 115.6	 0.118	 1.188
37.8	 115.6	 0.035	 1.141
39.5	 115.6	 0.047	 1.235
41.4	 115.6	 0.024	 1.177
43.1	 115.6	 -0.024	 1.341
45.0	 115.6	 0.000	 1.341
46.8	 115.6	 0.329	 1.200
48.5	 115.6	 0.188	 1.165
50.4	 115.6	 0.094	 1.577
52.1	 115.6	 0.235	 0.824
54.0	 115.6	 0.212	 0.918
55.8	 115.6	 0.071	 0.812
57.5	 115.6	 0.118	 1.047
59.5	 115.6	 0.129	 0.835
61.3	 115.6	 -0.106	 0.918
63.0	 115.6	 0.082	 0.788
64.8	 115.6	 -0.059	 0.624
66.7	 115.6	 -0.165	 0.388
68.5	 115.6	 0.200	 0.518
70.3	 115.6	 0.000	 0.000
-2.0	 117.3	 0.000	 0.000
-0.3	 117.3	 0.000	 -1.130
1.5	 117.3	 -0.094	 0.847
3.3	 117.3	 0.094	 0.906
5.2	 117.3	 0.000	 1.012
6.9	 117.3	 -0.094	 0.941
8.8	 117.3	 -0.035	 0.894
10.7	 117.3	 0.047	 0.812
12.4	 117.3	 0.000	 1.000
14.2	 117.3	 0.153	 0.930
16.1	 117.3	 -0.024	 0.871
17.9	 117.3	 -0.059	 0.635
19.6	 117.3	 -0.012	 0.647
21.4	 117.3	 0.071	 0.753
23.3	 117.3	 0.000	 0.965
25.1	 117.3	 -0.012	 0.882
26.9	 117.3	 -0.012	 0.824
28.6	 117.3	 -0.082	 0.930
30.5	 117.3	 -0.047	 1.035
32.3	 117.3	 0.000	 1.106
34.1	 117.3	 0.059	 1.047
36.0	 117.3	 0.153	 1.094
37.8	 117.3	 -0.047	 1.047
39.5	 117.3	 -0.012	 0.953
41.4	 117.3	 0.094	 1.118
43.1	 117.3	 0.012	 1.247
45.0	 117.3	 -0.071	 1.506
46.8	 117.3	 0.047	 1.094
48.5	 117.3	 -0.012	 0.718
50.4	 117.3	 0.094	 1.141
52.1	 117.3	 0.212	 0.741
54.0	 117.3	 0.118	 1.130
55.8	 117.3	 -0.035	 1.235
57.5	 117.3	 0.047	 0.553
59.5	 117.3	 0.447	 0.894
61.3	 117.3	 -0.188	 0.424
63.0	 117.3	 0.176	 0.671
64.8	 117.3	 0.282	 0.647
66.7	 117.3	 0.165	 0.753
68.5	 117.3	 0.176	 0.541
70.3	 117.3	 0.000	 0.000
-2.0	 119.2	 0.000	 0.000
-0.3	 119.2	 0.000	 0.000
1.5	 119.2	 0.012	 0.824
3.3	 119.2	 0.024	 0.788
5.2	 119.2	 -0.024	 0.953
6.9	 119.2	 -0.129	 0.977
8.8	 119.2	 -0.071	 1.012
10.7	 119.2	 0.000	 0.965
12.4	 119.2	 -0.059	 0.694
14.2	 119.2	 0.047	 0.682
16.1	 119.2	 0.000	 0.859
17.9	 119.2	 0.106	 0.800
19.6	 119.2	 0.094	 0.918
21.4	 119.2	 0.071	 0.871
23.3	 119.2	 -0.071	 0.859
25.1	 119.2	 -0.094	 1.071
26.9	 119.2	 -0.047	 0.800
28.6	 119.2	 0.024	 0.965
30.5	 119.2	 0.000	 1.071
32.3	 119.2	 -0.235	 1.071
34.1	 119.2	 -0.106	 1.000
36.0	 119.2	 -0.176	 1.235
37.8	 119.2	 -0.118	 1.271
39.5	 119.2	 -0.047	 1.365
41.4	 119.2	 -0.224	 1.141
43.1	 119.2	 0.000	 0.000
45.0	 119.2	 0.071	 1.271
46.8	 119.2	 -0.176	 1.141
48.5	 119.2	 0.047	 1.000
50.4	 119.2	 0.129	 0.930
52.1	 119.2	 0.176	 1.130
54.0	 119.2	 0.212	 1.341
55.8	 119.2	 0.094	 1.141
57.5	 119.2	 0.012	 0.729
59.5	 119.2	 0.553	 0.835
61.3	 119.2	 0.094	 0.882
63.0	 119.2	 0.188	 0.694
64.8	 119.2	 0.141	 0.812
66.7	 119.2	 0.200	 0.765
68.5	 119.2	 0.188	 0.271
70.3	 119.2	 0.000	 0.000
-2.0	 121.0	 0.000	 0.000
-0.3	 121.0	 0.000	 0.000
1.5	 121.0	 0.059	 0.600
3.3	 121.0	 0.035	 0.612
5.2	 121.0	 0.071	 0.871
6.9	 121.0	 -0.106	 0.859
8.8	 121.0	 -0.047	 0.965
10.7	 121.0	 -0.106	 0.977
12.4	 121.0	 -0.059	 1.059
14.2	 121.0	 -0.024	 0.953
16.1	 121.0	 0.035	 0.906
17.9	 121.0	 -0.071	 0.859
19.6	 121.0	 -0.035	 0.835
21.4	 121.0	 0.106	 0.941
23.3	 121.0	 -0.012	 0.682
25.1	 121.0	 -0.012	 1.118
26.9	 121.0	 0.082	 0.718
28.6	 121.0	 0.059	 1.000
30.5	 121.0	 0.000	 1.188
32.3	 121.0	 -0.271	 1.365
34.1	 121.0	 -0.059	 1.518
36.0	 121.0	 -0.024	 1.012
37.8	 121.0	 -0.024	 0.930
39.5	 121.0	 -0.012	 1.259
41.4	 121.0	 0.082	 1.106
43.1	 121.0	 -0.071	 1.318
45.0	 121.0	 0.129	 1.177
46.8	 121.0	 0.482	 1.494
48.5	 121.0	 0.129	 1.012
50.4	 121.0	 0.200	 0.965
52.1	 121.0	 0.294	 1.059
54.0	 121.0	 0.024	 0.906
55.8	 121.0	 0.118	 1.000
57.5	 121.0	 0.024	 0.765
59.5	 121.0	 0.577	 1.153
61.3	 121.0	 0.000	 0.000
63.0	 121.0	 0.012	 0.588
64.8	 121.0	 0.106	 0.600
66.7	 121.0	 0.153	 0.518
68.5	 121.0	 0.271	 0.753
70.3	 121.0	 0.000	 0.000
-2.0	 122.8	 0.000	 0.000
-0.3	 122.8	 0.000	 0.000
1.5	 122.8	 0.129	 0.682
3.3	 122.8	 0.012	 0.965
5.2	 122.8	 0.000	 1.082
6.9	 122.8	 -0.047	 1.094
8.8	 122.8	 -0.024	 1.094
10.7	 122.8	 0.000	 1.000
12.4	 122.8	 0.000	 0.882
14.2	 122.8	 0.000	 0.000
16.1	 122.8	 0.047	 0.800
17.9	 122.8	 -0.024	 0.965
19.6	 122.8	 0.212	 0.706
21.4	 122.8	 0.012	 0.824
23.3	 122.8	 -0.035	 0.859
25.1	 122.8	 -0.071	 0.871
26.9	 122.8	 0.094	 0.541
28.6	 122.8	 -0.035	 0.894
30.5	 122.8	 0.106	 1.082
32.3	 122.8	 -0.165	 1.118
34.1	 122.8	 -0.094	 1.059
36.0	 122.8	 -0.176	 1.424
37.8	 122.8	 0.035	 1.200
39.5	 122.8	 0.024	 0.800
41.4	 122.8	 0.153	 1.094
43.1	 122.8	 0.000	 0.000
45.0	 122.8	 0.047	 1.447
46.8	 122.8	 0.047	 1.471
48.5	 122.8	 0.271	 1.130
50.4	 122.8	 0.200	 0.894
52.1	 122.8	 0.082	 0.635
54.0	 122.8	 0.094	 0.812
55.8	 122.8	 -0.129	 0.894
57.5	 122.8	 0.000	 0.765
59.5	 122.8	 0.118	 0.671
61.3	 122.8	 1.459	 -0.435
63.0	 122.8	 0.035	 0.706
64.8	 122.8	 -0.282	 0.141
66.7	 122.8	 -0.094	 0.247
68.5	 122.8	 0.141	 1.224
70.3	 122.8	 0.000	 0.000
-2.0	 124.6	 0.000	 0.000
-0.3	 124.6	 0.000	 0.000
1.5	 124.6	 0.000	 0.753
3.3	 124.6	 0.047	 0.812
5.2	 124.6	 -0.047	 0.835
6.9	 124.6	 0.118	 1.071
8.8	 124.6	 0.059	 1.106
10.7	 124.6	 -0.024	 1.059
12.4	 124.6	 -0.024	 0.977
14.2	 124.6	 0.000	 0.988
16.1	 124.6	 0.024	 0.941
17.9	 124.6	 -0.071	 0.800
19.6	 124.6	 -0.035	 0.847
21.4	 124.6	 0.012	 0.729
23.3	 124.6	 -0.012	 1.035
25.1	 124.6	 0.024	 1.165
26.9	 124.6	 0.141	 0.894
28.6	 124.6	 0.071	 0.859
30.5	 124.6	 -0.012	 0.835
32.3	 124.6	 0.047	 0.671
34.1	 124.6	 -0.071	 0.965
36.0	 124.6	 -0.094	 0.941
37.8	 124.6	 0.000	 1.200
39.5	 124.6	 0.141	 1.141
41.4	 124.6	 0.141	 1.035
43.1	 124.6	 -0.012	 1.141
45.0	 124.6	 0.094	 1.177
46.8	 124.6	 0.047	 1.247
48.5	 124.6	 0.129	 0.965
50.4	 124.6	 0.341	 0.918
52.1	 124.6	 0.282	 0.918
54.0	 124.6	 0.035	 1.000
55.8	 124.6	 -0.129	 0.753
57.5	 124.6	 -0.024	 0.541
59.5	 124.6	 0.224	 0.729
61.3	 124.6	 0.318	 0.835
63.0	 124.6	 -0.035	 0.977
64.8	 124.6	 -0.329	 0.812
66.7	 124.6	 0.106	 0.977
68.5	 124.6	 0.118	 1.530
70.3	 124.6	 0.000	 0.000
