-2.1	 50.5	 0.000	 0.000
-0.3	 50.5	 0.000	 0.000
1.5	 50.5	 0.000	 0.000
3.3	 50.5	 -0.671	 2.977
5.2	 50.5	 0.000	 0.000
6.9	 50.5	 0.000	 0.000
8.8	 50.5	 -0.271	 2.094
10.7	 50.5	 -0.094	 2.094
12.4	 50.5	 -0.471	 3.059
14.3	 50.5	 0.000	 0.000
16.1	 50.5	 0.000	 0.000
17.9	 50.5	 0.000	 0.000
19.6	 50.5	 0.000	 0.000
21.4	 50.5	 -0.377	 2.812
23.3	 50.5	 -0.353	 2.777
25.1	 50.5	 0.000	 0.000
26.9	 50.5	 0.000	 0.000
28.6	 50.5	 0.000	 0.000
30.5	 50.5	 0.000	 0.000
32.3	 50.5	 0.141	 2.847
34.1	 50.5	 0.000	 0.000
36.0	 50.5	 0.000	 0.000
37.8	 50.5	 0.000	 0.000
39.5	 50.5	 -0.753	 3.012
41.4	 50.5	 0.718	 2.906
43.1	 50.5	 0.741	 2.906
45.0	 50.5	 -0.024	 2.753
46.8	 50.5	 0.400	 2.683
48.5	 50.5	 0.000	 0.000
50.4	 50.5	 0.435	 2.671
52.1	 50.5	 0.282	 2.706
54.0	 50.5	 0.094	 4.553
55.8	 50.5	 -0.047	 3.495
57.5	 50.5	 0.494	 3.471
59.5	 50.5	 0.000	 0.000
61.3	 50.5	 0.000	 0.000
63.0	 50.5	 0.000	 0.000
64.8	 50.5	 0.000	 0.000
66.7	 50.5	 0.000	 0.000
68.5	 50.5	 0.000	 0.000
70.3	 50.5	 0.000	 0.000
-2.1	 52.3	 0.000	 0.000
-0.3	 52.3	 0.000	 0.000
1.5	 52.3	 0.000	 0.000
3.3	 52.3	 0.000	 0.000
5.2	 52.3	 0.000	 0.000
6.9	 52.3	 0.000	 0.000
8.8	 52.3	 -0.435	 2.824
10.7	 52.3	 -0.059	 2.741
12.4	 52.3	 -0.024	 3.895
14.3	 52.3	 -0.035	 3.871
16.1	 52.3	 0.000	 0.000
17.9	 52.3	 -0.024	 2.989
19.6	 52.3	 -0.118	 3.024
21.4	 52.3	 0.000	 0.000
23.3	 52.3	 0.000	 0.000
25.1	 52.3	 0.000	 0.000
26.9	 52.3	 0.000	 0.000
28.6	 52.3	 0.000	 0.000
30.5	 52.3	 0.000	 0.000
32.3	 52.3	 0.200	 2.447
34.1	 52.3	 0.659	 3.283
36.0	 52.3	 0.000	 0.000
37.8	 52.3	 0.000	 0.000
39.5	 52.3	 0.000	 0.000
41.4	 52.3	 0.741	 3.083
43.1	 52.3	 0.741	 3.083
45.0	 52.3	 0.000	 0.000
46.8	 52.3	 0.153	 3.059
48.5	 52.3	 -0.012	 3.730
50.4	 52.3	 0.000	 0.000
52.1	 52.3	 0.294	 2.506
54.0	 52.3	 0.000	 0.000
55.8	 52.3	 2.247	 -1.341
57.5	 52.3	 0.000	 0.000
59.5	 52.3	 0.000	 0.000
61.3	 52.3	 0.000	 0.000
63.0	 52.3	 0.000	 0.000
64.8	 52.3	 0.000	 0.000
66.7	 52.3	 0.729	 3.024
68.5	 52.3	 0.000	 0.000
70.3	 52.3	 0.000	 0.000
-2.1	 54.1	 0.000	 0.000
-0.3	 54.1	 0.000	 0.000
1.5	 54.1	 0.000	 0.000
3.3	 54.1	 0.000	 0.000
5.2	 54.1	 0.000	 0.000
6.9	 54.1	 0.000	 0.000
8.8	 54.1	 0.000	 0.000
10.7	 54.1	 0.000	 0.000
12.4	 54.1	 0.000	 0.000
14.3	 54.1	 0.000	 0.000
16.1	 54.1	 0.000	 0.000
17.9	 54.1	 0.000	 0.000
19.6	 54.1	 0.000	 0.000
21.4	 54.1	 0.000	 0.000
23.3	 54.1	 0.000	 0.000
25.1	 54.1	 0.000	 0.000
26.9	 54.1	 0.000	 0.000
28.6	 54.1	 0.035	 2.953
30.5	 54.1	 -0.024	 2.942
32.3	 54.1	 0.000	 0.000
34.1	 54.1	 0.000	 0.000
36.0	 54.1	 0.000	 0.000
37.8	 54.1	 0.000	 0.000
39.5	 54.1	 0.565	 2.989
41.4	 54.1	 0.000	 0.000
43.1	 54.1	 0.000	 0.000
45.0	 54.1	 0.000	 0.000
46.8	 54.1	 0.000	 0.000
48.5	 54.1	 0.000	 0.000
50.4	 54.1	 0.000	 0.000
52.1	 54.1	 0.000	 0.000
54.0	 54.1	 1.212	 3.447
55.8	 54.1	 0.000	 0.000
57.5	 54.1	 0.000	 0.000
59.5	 54.1	 0.000	 0.000
61.3	 54.1	 0.000	 0.000
63.0	 54.1	 0.000	 0.000
64.8	 54.1	 0.000	 0.000
66.7	 54.1	 0.000	 0.000
68.5	 54.1	 0.000	 0.000
70.3	 54.1	 0.000	 0.000
-2.1	 55.9	 0.000	 0.000
-0.3	 55.9	 0.000	 0.000
1.5	 55.9	 0.000	 0.000
3.3	 55.9	 0.000	 0.000
5.2	 55.9	 0.000	 0.000
6.9	 55.9	 0.000	 0.000
8.8	 55.9	 0.000	 0.000
10.7	 55.9	 0.000	 0.000
12.4	 55.9	 -0.788	 2.918
14.3	 55.9	 0.000	 0.000
16.1	 55.9	 0.000	 0.000
17.9	 55.9	 0.047	 3.965
19.6	 55.9	 -0.188	 3.118
21.4	 55.9	 -0.600	 3.200
23.3	 55.9	 0.000	 0.000
25.1	 55.9	 0.000	 0.000
26.9	 55.9	 -0.094	 3.012
28.6	 55.9	 0.000	 0.000
30.5	 55.9	 -0.071	 2.989
32.3	 55.9	 -0.059	 2.977
34.1	 55.9	 0.000	 0.000
36.0	 55.9	 0.000	 0.000
37.8	 55.9	 0.000	 0.000
39.5	 55.9	 0.553	 2.977
41.4	 55.9	 0.506	 3.059
43.1	 55.9	 0.000	 0.000
45.0	 55.9	 0.000	 0.000
46.8	 55.9	 0.000	 0.000
48.5	 55.9	 0.000	 0.000
50.4	 55.9	 0.000	 0.000
52.1	 55.9	 0.000	 0.000
54.0	 55.9	 0.000	 0.000
55.8	 55.9	 0.000	 0.000
57.5	 55.9	 0.000	 0.000
59.5	 55.9	 0.000	 0.000
61.3	 55.9	 0.000	 0.000
63.0	 55.9	 0.000	 0.000
64.8	 55.9	 0.000	 0.000
66.7	 55.9	 0.000	 0.000
68.5	 55.9	 0.000	 0.000
70.3	 55.9	 0.000	 0.000
-2.1	 57.7	 0.000	 0.000
-0.3	 57.7	 0.000	 0.000
1.5	 57.7	 0.000	 0.000
3.3	 57.7	 0.000	 0.000
5.2	 57.7	 0.000	 0.000
6.9	 57.7	 -0.482	 4.106
8.8	 57.7	 0.000	 0.000
10.7	 57.7	 0.000	 0.000
12.4	 57.7	 0.000	 0.000
14.3	 57.7	 0.000	 0.000
16.1	 57.7	 0.000	 0.000
17.9	 57.7	 0.000	 0.000
19.6	 57.7	 0.000	 0.000
21.4	 57.7	 0.000	 0.000
23.3	 57.7	 -0.200	 2.624
25.1	 57.7	 -0.153	 3.142
26.9	 57.7	 1.353	 2.953
28.6	 57.7	 -0.094	 1.447
30.5	 57.7	 0.329	 1.424
32.3	 57.7	 0.000	 0.000
34.1	 57.7	 0.000	 0.000
36.0	 57.7	 0.000	 0.000
37.8	 57.7	 0.000	 0.000
39.5	 57.7	 0.000	 0.000
41.4	 57.7	 0.000	 0.000
43.1	 57.7	 0.000	 0.000
45.0	 57.7	 0.000	 0.000
46.8	 57.7	 0.000	 0.000
48.5	 57.7	 0.000	 0.000
50.4	 57.7	 0.000	 0.000
52.1	 57.7	 0.000	 0.000
54.0	 57.7	 0.000	 0.000
55.8	 57.7	 0.000	 0.000
57.5	 57.7	 0.000	 0.000
59.5	 57.7	 0.000	 0.000
61.3	 57.7	 0.000	 0.000
63.0	 57.7	 0.000	 0.000
64.8	 57.7	 0.000	 0.000
66.7	 57.7	 0.000	 0.000
68.5	 57.7	 0.000	 0.000
70.3	 57.7	 0.000	 0.000
-2.1	 59.5	 0.000	 0.000
-0.3	 59.5	 0.000	 0.000
1.5	 59.5	 0.000	 0.000
3.3	 59.5	 0.000	 0.000
5.2	 59.5	 0.000	 0.000
6.9	 59.5	 0.000	 0.000
8.8	 59.5	 0.000	 0.000
10.7	 59.5	 0.000	 0.000
12.4	 59.5	 0.000	 0.000
14.3	 59.5	 0.000	 0.000
16.1	 59.5	 0.000	 0.000
17.9	 59.5	 -0.694	 3.071
19.6	 59.5	 -0.671	 3.071
21.4	 59.5	 0.000	 0.000
23.3	 59.5	 0.000	 0.000
25.1	 59.5	 0.000	 0.000
26.9	 59.5	 0.000	 0.000
28.6	 59.5	 0.000	 0.000
30.5	 59.5	 -0.118	 3.059
32.3	 59.5	 0.000	 0.000
34.1	 59.5	 0.000	 0.000
36.0	 59.5	 0.000	 0.000
37.8	 59.5	 0.000	 0.000
39.5	 59.5	 0.000	 0.000
41.4	 59.5	 0.000	 0.000
43.1	 59.5	 0.000	 0.000
45.0	 59.5	 0.000	 0.000
46.8	 59.5	 0.000	 0.000
48.5	 59.5	 0.000	 0.000
50.4	 59.5	 0.000	 0.000
52.1	 59.5	 0.000	 0.000
54.0	 59.5	 0.000	 0.000
55.8	 59.5	 0.000	 0.000
57.5	 59.5	 0.000	 0.000
59.5	 59.5	 0.000	 0.000
61.3	 59.5	 0.000	 0.000
63.0	 59.5	 0.000	 0.000
64.8	 59.5	 0.000	 0.000
66.7	 59.5	 0.000	 0.000
68.5	 59.5	 0.000	 0.000
70.3	 59.5	 0.000	 0.000
-2.1	 61.3	 0.000	 0.000
-0.3	 61.3	 0.000	 0.000
1.5	 61.3	 0.000	 0.000
3.3	 61.3	 0.000	 0.000
5.2	 61.3	 -1.553	 3.012
6.9	 61.3	 0.000	 0.000
8.8	 61.3	 0.000	 0.000
10.7	 61.3	 0.000	 0.000
12.4	 61.3	 0.000	 0.000
14.3	 61.3	 0.000	 0.000
16.1	 61.3	 0.000	 0.000
17.9	 61.3	 0.000	 0.000
19.6	 61.3	 0.000	 0.000
21.4	 61.3	 0.000	 0.000
23.3	 61.3	 0.000	 0.000
25.1	 61.3	 0.000	 0.000
26.9	 61.3	 0.000	 0.000
28.6	 61.3	 -0.353	 4.306
30.5	 61.3	 -0.341	 4.318
32.3	 61.3	 0.000	 0.000
34.1	 61.3	 0.000	 0.000
36.0	 61.3	 -0.047	 2.918
37.8	 61.3	 0.000	 0.000
39.5	 61.3	 0.000	 0.000
41.4	 61.3	 0.000	 0.000
43.1	 61.3	 0.000	 0.000
45.0	 61.3	 0.000	 0.000
46.8	 61.3	 0.000	 0.000
48.5	 61.3	 0.000	 0.000
50.4	 61.3	 0.000	 0.000
52.1	 61.3	 0.000	 0.000
54.0	 61.3	 0.000	 0.000
55.8	 61.3	 0.000	 0.000
57.5	 61.3	 0.000	 0.000
59.5	 61.3	 0.000	 0.000
61.3	 61.3	 0.000	 0.000
63.0	 61.3	 0.000	 0.000
64.8	 61.3	 0.000	 0.000
66.7	 61.3	 0.000	 0.000
68.5	 61.3	 0.000	 0.000
70.3	 61.3	 0.000	 0.000
-2.1	 63.2	 0.000	 0.000
-0.3	 63.2	 0.000	 0.000
1.5	 63.2	 0.000	 0.000
3.3	 63.2	 0.000	 0.000
5.2	 63.2	 0.000	 0.000
6.9	 63.2	 0.000	 0.000
8.8	 63.2	 0.000	 0.000
10.7	 63.2	 0.000	 0.000
12.4	 63.2	 0.000	 0.000
14.3	 63.2	 0.000	 0.000
16.1	 63.2	 0.000	 0.000
17.9	 63.2	 0.000	 0.000
19.6	 63.2	 0.000	 0.000
21.4	 63.2	 0.000	 0.000
23.3	 63.2	 0.000	 0.000
25.1	 63.2	 0.000	 0.000
26.9	 63.2	 0.000	 0.000
28.6	 63.2	 0.000	 0.000
30.5	 63.2	 0.000	 0.000
32.3	 63.2	 0.000	 0.000
34.1	 63.2	 0.000	 0.000
36.0	 63.2	 0.000	 0.000
37.8	 63.2	 0.000	 0.000
39.5	 63.2	 0.000	 0.000
41.4	 63.2	 0.000	 0.000
43.1	 63.2	 0.000	 0.000
45.0	 63.2	 0.000	 0.000
46.8	 63.2	 0.000	 0.000
48.5	 63.2	 0.000	 0.000
50.4	 63.2	 0.000	 0.000
52.1	 63.2	 0.000	 0.000
54.0	 63.2	 0.000	 0.000
55.8	 63.2	 0.000	 0.000
57.5	 63.2	 0.000	 0.000
59.5	 63.2	 0.000	 0.000
61.3	 63.2	 0.000	 0.000
63.0	 63.2	 0.000	 0.000
64.8	 63.2	 0.000	 0.000
66.7	 63.2	 0.000	 0.000
68.5	 63.2	 0.000	 0.000
70.3	 63.2	 0.000	 0.000
-2.1	 65.0	 0.000	 0.000
-0.3	 65.0	 0.000	 0.000
1.5	 65.0	 0.000	 0.000
3.3	 65.0	 0.000	 0.000
5.2	 65.0	 0.000	 0.000
6.9	 65.0	 0.000	 0.000
8.8	 65.0	 0.000	 0.000
10.7	 65.0	 0.000	 0.000
12.4	 65.0	 0.000	 0.000
14.3	 65.0	 0.000	 0.000
16.1	 65.0	 0.000	 0.000
17.9	 65.0	 0.000	 0.000
19.6	 65.0	 0.000	 0.000
21.4	 65.0	 0.000	 0.000
23.3	 65.0	 0.000	 0.000
25.1	 65.0	 1.165	 3.130
26.9	 65.0	 0.000	 0.000
28.6	 65.0	 0.000	 0.000
30.5	 65.0	 0.000	 0.000
32.3	 65.0	 0.000	 0.000
34.1	 65.0	 0.000	 0.000
36.0	 65.0	 0.000	 0.000
37.8	 65.0	 0.000	 0.000
39.5	 65.0	 0.000	 0.000
41.4	 65.0	 0.000	 0.000
43.1	 65.0	 0.000	 0.000
45.0	 65.0	 0.000	 0.000
46.8	 65.0	 0.000	 0.000
48.5	 65.0	 0.000	 0.000
50.4	 65.0	 0.000	 0.000
52.1	 65.0	 0.000	 0.000
54.0	 65.0	 0.000	 0.000
55.8	 65.0	 0.000	 0.000
57.5	 65.0	 0.000	 0.000
59.5	 65.0	 0.000	 0.000
61.3	 65.0	 0.000	 0.000
63.0	 65.0	 0.000	 0.000
64.8	 65.0	 0.000	 0.000
66.7	 65.0	 0.000	 0.000
68.5	 65.0	 0.000	 0.000
70.3	 65.0	 0.000	 0.000
-2.1	 66.8	 0.000	 0.000
-0.3	 66.8	 0.000	 0.000
1.5	 66.8	 0.000	 0.000
3.3	 66.8	 0.000	 0.000
5.2	 66.8	 0.000	 0.000
6.9	 66.8	 0.000	 0.000
8.8	 66.8	 0.000	 0.000
10.7	 66.8	 0.000	 0.000
12.4	 66.8	 -0.082	 1.235
14.3	 66.8	 0.000	 0.000
16.1	 66.8	 0.000	 0.000
17.9	 66.8	 0.000	 0.000
19.6	 66.8	 0.000	 0.000
21.4	 66.8	 0.000	 0.000
23.3	 66.8	 0.000	 0.000
25.1	 66.8	 0.000	 0.000
26.9	 66.8	 0.000	 0.000
28.6	 66.8	 0.000	 0.000
30.5	 66.8	 0.000	 0.000
32.3	 66.8	 0.000	 0.000
34.1	 66.8	 0.000	 0.000
36.0	 66.8	 0.000	 0.000
37.8	 66.8	 0.000	 0.000
39.5	 66.8	 0.000	 0.000
41.4	 66.8	 0.000	 0.000
43.1	 66.8	 0.000	 0.000
45.0	 66.8	 0.000	 0.000
46.8	 66.8	 0.000	 0.000
48.5	 66.8	 0.000	 0.000
50.4	 66.8	 0.000	 0.000
52.1	 66.8	 0.000	 0.000
54.0	 66.8	 0.000	 0.000
55.8	 66.8	 0.000	 0.000
57.5	 66.8	 0.000	 0.000
59.5	 66.8	 0.000	 0.000
61.3	 66.8	 0.000	 0.000
63.0	 66.8	 0.000	 0.000
64.8	 66.8	 0.012	 1.506
66.7	 66.8	 0.000	 0.000
68.5	 66.8	 0.000	 0.000
70.3	 66.8	 0.000	 0.000
-2.1	 68.6	 0.000	 0.000
-0.3	 68.6	 0.000	 0.000
1.5	 68.6	 0.000	 0.000
3.3	 68.6	 0.000	 0.000
5.2	 68.6	 0.000	 0.000
6.9	 68.6	 0.000	 0.000
8.8	 68.6	 0.000	 0.000
10.7	 68.6	 0.000	 0.000
12.4	 68.6	 -0.012	 1.012
14.3	 68.6	 0.000	 0.000
16.1	 68.6	 0.000	 0.000
17.9	 68.6	 0.000	 0.000
19.6	 68.6	 0.000	 0.000
21.4	 68.6	 0.000	 0.000
23.3	 68.6	 0.000	 0.000
25.1	 68.6	 0.000	 0.000
26.9	 68.6	 0.000	 0.000
28.6	 68.6	 0.000	 0.000
30.5	 68.6	 0.000	 0.000
32.3	 68.6	 0.000	 0.000
34.1	 68.6	 3.153	 -1.506
36.0	 68.6	 0.000	 0.000
37.8	 68.6	 0.000	 0.000
39.5	 68.6	 0.000	 0.000
41.4	 68.6	 0.000	 0.000
43.1	 68.6	 0.000	 0.000
45.0	 68.6	 0.000	 0.000
46.8	 68.6	 0.000	 0.000
48.5	 68.6	 0.000	 0.000
50.4	 68.6	 0.000	 0.000
52.1	 68.6	 0.000	 0.000
54.0	 68.6	 0.000	 0.000
55.8	 68.6	 0.000	 0.000
57.5	 68.6	 0.000	 0.000
59.5	 68.6	 0.000	 0.000
61.3	 68.6	 0.000	 0.000
63.0	 68.6	 0.000	 0.000
64.8	 68.6	 0.000	 0.000
66.7	 68.6	 0.000	 0.000
68.5	 68.6	 0.000	 0.000
70.3	 68.6	 0.000	 0.000
-2.1	 70.4	 0.000	 0.000
-0.3	 70.4	 0.000	 0.000
1.5	 70.4	 0.000	 0.000
3.3	 70.4	 0.000	 0.000
5.2	 70.4	 0.000	 0.000
6.9	 70.4	 0.000	 0.000
8.8	 70.4	 0.000	 0.000
10.7	 70.4	 0.000	 0.000
12.4	 70.4	 0.000	 0.000
14.3	 70.4	 0.000	 0.000
16.1	 70.4	 0.000	 0.000
17.9	 70.4	 0.000	 0.000
19.6	 70.4	 0.000	 0.000
21.4	 70.4	 0.000	 0.000
23.3	 70.4	 0.000	 0.000
25.1	 70.4	 0.000	 0.000
26.9	 70.4	 0.000	 0.000
28.6	 70.4	 0.000	 0.000
30.5	 70.4	 0.000	 0.000
32.3	 70.4	 0.000	 0.000
34.1	 70.4	 0.000	 0.000
36.0	 70.4	 0.000	 0.000
37.8	 70.4	 0.000	 0.000
39.5	 70.4	 0.000	 0.000
41.4	 70.4	 0.000	 0.000
43.1	 70.4	 0.000	 0.000
45.0	 70.4	 0.000	 0.000
46.8	 70.4	 0.000	 0.000
48.5	 70.4	 0.000	 0.000
50.4	 70.4	 0.000	 0.000
52.1	 70.4	 0.000	 0.000
54.0	 70.4	 0.000	 0.000
55.8	 70.4	 0.000	 0.000
57.5	 70.4	 0.000	 0.000
59.5	 70.4	 0.000	 0.000
61.3	 70.4	 0.000	 0.000
63.0	 70.4	 0.000	 0.000
64.8	 70.4	 0.000	 0.000
66.7	 70.4	 0.000	 0.000
68.5	 70.4	 0.000	 0.000
70.3	 70.4	 0.000	 0.000
-2.1	 72.2	 0.000	 0.000
-0.3	 72.2	 0.000	 0.000
1.5	 72.2	 0.000	 0.000
3.3	 72.2	 0.000	 0.000
5.2	 72.2	 0.000	 0.000
6.9	 72.2	 0.000	 0.000
8.8	 72.2	 0.000	 0.000
10.7	 72.2	 0.000	 0.000
12.4	 72.2	 0.000	 0.000
14.3	 72.2	 0.000	 0.000
16.1	 72.2	 0.000	 0.000
17.9	 72.2	 0.000	 0.000
19.6	 72.2	 0.000	 0.000
21.4	 72.2	 0.000	 0.000
23.3	 72.2	 0.000	 0.000
25.1	 72.2	 0.000	 0.000
26.9	 72.2	 0.000	 0.000
28.6	 72.2	 0.000	 0.000
30.5	 72.2	 0.000	 0.000
32.3	 72.2	 0.000	 0.000
34.1	 72.2	 0.000	 0.000
36.0	 72.2	 0.000	 0.000
37.8	 72.2	 0.000	 0.000
39.5	 72.2	 0.000	 0.000
41.4	 72.2	 0.000	 0.000
43.1	 72.2	 0.000	 0.000
45.0	 72.2	 0.000	 0.000
46.8	 72.2	 0.000	 0.000
48.5	 72.2	 0.000	 0.000
50.4	 72.2	 0.000	 0.000
52.1	 72.2	 0.000	 0.000
54.0	 72.2	 0.000	 0.000
55.8	 72.2	 0.000	 0.000
57.5	 72.2	 0.000	 0.000
59.5	 72.2	 0.000	 0.000
61.3	 72.2	 0.000	 0.000
63.0	 72.2	 0.000	 0.000
64.8	 72.2	 0.035	 -0.012
66.7	 72.2	 0.000	 0.000
68.5	 72.2	 0.000	 0.000
70.3	 72.2	 0.000	 0.000
-2.1	 74.0	 0.000	 0.000
-0.3	 74.0	 -0.153	 3.012
1.5	 74.0	 0.000	 0.000
3.3	 74.0	 0.000	 0.000
5.2	 74.0	 0.000	 0.000
6.9	 74.0	 0.000	 0.000
8.8	 74.0	 0.000	 0.000
10.7	 74.0	 0.000	 0.000
12.4	 74.0	 0.000	 0.000
14.3	 74.0	 0.000	 0.000
16.1	 74.0	 0.000	 0.000
17.9	 74.0	 0.000	 0.000
19.6	 74.0	 0.000	 0.000
21.4	 74.0	 0.000	 0.000
23.3	 74.0	 0.000	 0.000
25.1	 74.0	 0.000	 0.000
26.9	 74.0	 0.000	 0.000
28.6	 74.0	 0.000	 0.000
30.5	 74.0	 0.000	 0.000
32.3	 74.0	 0.000	 0.000
34.1	 74.0	 0.000	 0.000
36.0	 74.0	 0.000	 0.000
37.8	 74.0	 0.000	 0.000
39.5	 74.0	 0.000	 0.000
41.4	 74.0	 0.000	 0.000
43.1	 74.0	 0.000	 0.000
45.0	 74.0	 0.000	 0.000
46.8	 74.0	 0.000	 0.000
48.5	 74.0	 0.000	 0.000
50.4	 74.0	 0.000	 0.000
52.1	 74.0	 0.000	 0.000
54.0	 74.0	 0.000	 0.000
55.8	 74.0	 0.000	 0.000
57.5	 74.0	 0.000	 0.000
59.5	 74.0	 0.000	 0.000
61.3	 74.0	 0.000	 0.000
63.0	 74.0	 0.000	 0.000
64.8	 74.0	 0.000	 0.000
66.7	 74.0	 0.000	 0.000
68.5	 74.0	 0.000	 0.000
70.3	 74.0	 0.000	 0.000
-2.1	 75.8	 0.000	 0.000
-0.3	 75.8	 0.000	 0.000
1.5	 75.8	 0.000	 0.000
3.3	 75.8	 0.000	 0.000
5.2	 75.8	 0.000	 0.000
6.9	 75.8	 0.000	 0.000
8.8	 75.8	 0.000	 0.000
10.7	 75.8	 0.000	 0.000
12.4	 75.8	 0.000	 0.000
14.3	 75.8	 0.000	 0.000
16.1	 75.8	 0.000	 0.000
17.9	 75.8	 0.000	 0.000
19.6	 75.8	 0.000	 0.000
21.4	 75.8	 0.000	 0.000
23.3	 75.8	 0.000	 0.000
25.1	 75.8	 0.000	 0.000
26.9	 75.8	 0.000	 0.000
28.6	 75.8	 0.000	 0.000
30.5	 75.8	 0.000	 0.000
32.3	 75.8	 0.000	 0.000
34.1	 75.8	 0.000	 0.000
36.0	 75.8	 0.000	 0.000
37.8	 75.8	 0.000	 0.000
39.5	 75.8	 0.000	 0.000
41.4	 75.8	 0.000	 0.000
43.1	 75.8	 0.000	 0.000
45.0	 75.8	 0.000	 0.000
46.8	 75.8	 0.000	 0.000
48.5	 75.8	 0.000	 0.000
50.4	 75.8	 -1.424	 0.977
52.1	 75.8	 -1.318	 0.965
54.0	 75.8	 0.000	 0.000
55.8	 75.8	 0.000	 0.000
57.5	 75.8	 0.000	 0.000
59.5	 75.8	 0.000	 0.000
61.3	 75.8	 0.000	 0.000
63.0	 75.8	 0.000	 0.000
64.8	 75.8	 0.000	 0.000
66.7	 75.8	 0.000	 0.000
68.5	 75.8	 0.000	 0.000
70.3	 75.8	 0.000	 0.000
-2.1	 77.6	 0.000	 0.000
-0.3	 77.6	 0.000	 0.000
1.5	 77.6	 0.000	 0.000
3.3	 77.6	 0.000	 0.000
5.2	 77.6	 0.000	 0.000
6.9	 77.6	 0.000	 0.000
8.8	 77.6	 0.000	 0.000
10.7	 77.6	 0.000	 0.000
12.4	 77.6	 0.000	 0.000
14.3	 77.6	 0.000	 0.000
16.1	 77.6	 0.000	 0.000
17.9	 77.6	 0.000	 0.000
19.6	 77.6	 0.000	 0.000
21.4	 77.6	 0.000	 0.000
23.3	 77.6	 0.000	 0.000
25.1	 77.6	 0.000	 0.000
26.9	 77.6	 0.000	 0.000
28.6	 77.6	 0.000	 0.000
30.5	 77.6	 -4.495	 0.000
32.3	 77.6	 0.000	 0.000
34.1	 77.6	 0.000	 0.000
36.0	 77.6	 0.000	 0.000
37.8	 77.6	 0.000	 0.000
39.5	 77.6	 0.000	 0.000
41.4	 77.6	 0.000	 0.000
43.1	 77.6	 0.000	 0.000
45.0	 77.6	 0.000	 0.000
46.8	 77.6	 0.000	 0.000
48.5	 77.6	 0.000	 0.000
50.4	 77.6	 -0.671	 3.718
52.1	 77.6	 -0.671	 3.718
54.0	 77.6	 0.000	 0.000
55.8	 77.6	 0.000	 0.000
57.5	 77.6	 0.000	 0.000
59.5	 77.6	 0.000	 0.000
61.3	 77.6	 0.000	 0.000
63.0	 77.6	 0.000	 0.000
64.8	 77.6	 0.000	 0.000
66.7	 77.6	 -0.129	 -0.035
68.5	 77.6	 0.000	 0.000
70.3	 77.6	 0.000	 0.000
-2.1	 79.4	 0.000	 0.000
-0.3	 79.4	 0.000	 0.000
1.5	 79.4	 0.000	 0.000
3.3	 79.4	 0.000	 0.000
5.2	 79.4	 0.000	 0.000
6.9	 79.4	 0.000	 0.000
8.8	 79.4	 0.000	 0.000
10.7	 79.4	 0.000	 0.000
12.4	 79.4	 0.000	 0.000
14.3	 79.4	 0.000	 0.000
16.1	 79.4	 0.000	 0.000
17.9	 79.4	 0.000	 0.000
19.6	 79.4	 0.000	 0.000
21.4	 79.4	 0.000	 0.000
23.3	 79.4	 0.000	 0.000
25.1	 79.4	 0.000	 0.000
26.9	 79.4	 0.000	 0.000
28.6	 79.4	 0.000	 0.000
30.5	 79.4	 0.000	 0.000
32.3	 79.4	 0.000	 0.000
34.1	 79.4	 0.000	 0.000
36.0	 79.4	 0.000	 0.000
37.8	 79.4	 0.000	 0.000
39.5	 79.4	 0.000	 0.000
41.4	 79.4	 0.000	 0.000
43.1	 79.4	 0.000	 0.000
45.0	 79.4	 0.000	 0.000
46.8	 79.4	 0.000	 0.000
48.5	 79.4	 0.000	 0.000
50.4	 79.4	 0.000	 0.000
52.1	 79.4	 0.000	 0.000
54.0	 79.4	 0.000	 0.000
55.8	 79.4	 0.000	 0.000
57.5	 79.4	 0.000	 0.000
59.5	 79.4	 0.000	 0.000
61.3	 79.4	 0.000	 0.000
63.0	 79.4	 0.000	 0.000
64.8	 79.4	 0.129	 0.024
66.7	 79.4	 -0.259	 0.035
68.5	 79.4	 0.000	 0.000
70.3	 79.4	 0.000	 0.000
-2.1	 81.2	 0.000	 0.000
-0.3	 81.2	 0.000	 0.000
1.5	 81.2	 0.000	 0.000
3.3	 81.2	 0.000	 0.000
5.2	 81.2	 0.000	 0.000
6.9	 81.2	 0.000	 0.000
8.8	 81.2	 0.000	 0.000
10.7	 81.2	 0.000	 0.000
12.4	 81.2	 0.000	 0.000
14.3	 81.2	 0.000	 0.000
16.1	 81.2	 0.000	 0.000
17.9	 81.2	 0.000	 0.000
19.6	 81.2	 0.000	 0.000
21.4	 81.2	 0.000	 0.000
23.3	 81.2	 0.000	 0.000
25.1	 81.2	 0.000	 0.000
26.9	 81.2	 0.000	 0.000
28.6	 81.2	 0.000	 0.000
30.5	 81.2	 0.000	 0.000
32.3	 81.2	 0.000	 0.000
34.1	 81.2	 0.000	 0.000
36.0	 81.2	 0.000	 0.000
37.8	 81.2	 0.000	 0.000
39.5	 81.2	 0.000	 0.000
41.4	 81.2	 0.000	 0.000
43.1	 81.2	 0.000	 0.000
45.0	 81.2	 0.000	 0.000
46.8	 81.2	 0.000	 0.000
48.5	 81.2	 0.000	 0.000
50.4	 81.2	 0.000	 0.000
52.1	 81.2	 0.000	 0.000
54.0	 81.2	 0.000	 0.000
55.8	 81.2	 0.000	 0.000
57.5	 81.2	 0.000	 0.000
59.5	 81.2	 0.000	 0.000
61.3	 81.2	 0.000	 0.000
63.0	 81.2	 0.000	 0.000
64.8	 81.2	 0.000	 0.000
66.7	 81.2	 0.000	 0.000
68.5	 81.2	 0.000	 0.000
70.3	 81.2	 0.000	 0.000
-2.1	 83.0	 0.000	 0.000
-0.3	 83.0	 0.000	 0.000
1.5	 83.0	 0.000	 0.000
3.3	 83.0	 0.000	 0.000
5.2	 83.0	 0.000	 0.000
6.9	 83.0	 0.000	 0.000
8.8	 83.0	 0.000	 0.000
10.7	 83.0	 0.000	 0.000
12.4	 83.0	 0.000	 0.000
14.3	 83.0	 0.000	 0.000
16.1	 83.0	 0.000	 0.000
17.9	 83.0	 0.000	 0.000
19.6	 83.0	 0.000	 0.000
21.4	 83.0	 0.000	 0.000
23.3	 83.0	 0.000	 0.000
25.1	 83.0	 0.000	 0.000
26.9	 83.0	 0.000	 0.000
28.6	 83.0	 0.000	 0.000
30.5	 83.0	 0.000	 0.000
32.3	 83.0	 0.000	 0.000
34.1	 83.0	 0.000	 0.000
36.0	 83.0	 0.000	 0.000
37.8	 83.0	 0.000	 0.000
39.5	 83.0	 0.000	 0.000
41.4	 83.0	 0.000	 0.000
43.1	 83.0	 0.000	 0.000
45.0	 83.0	 0.000	 0.000
46.8	 83.0	 0.000	 0.000
48.5	 83.0	 0.000	 0.000
50.4	 83.0	 0.000	 0.000
52.1	 83.0	 0.000	 0.000
54.0	 83.0	 0.000	 0.000
55.8	 83.0	 0.000	 0.000
57.5	 83.0	 0.000	 0.000
59.5	 83.0	 0.000	 0.000
61.3	 83.0	 0.000	 0.000
63.0	 83.0	 0.000	 0.000
64.8	 83.0	 0.000	 0.000
66.7	 83.0	 0.000	 0.000
68.5	 83.0	 0.000	 0.000
70.3	 83.0	 0.000	 0.000
-2.1	 84.8	 0.000	 0.000
-0.3	 84.8	 0.000	 0.000
1.5	 84.8	 0.000	 0.000
3.3	 84.8	 0.000	 0.000
5.2	 84.8	 0.000	 0.000
6.9	 84.8	 0.000	 0.000
8.8	 84.8	 0.000	 0.000
10.7	 84.8	 0.000	 0.000
12.4	 84.8	 0.000	 0.000
14.3	 84.8	 0.000	 0.000
16.1	 84.8	 0.000	 0.000
17.9	 84.8	 0.000	 0.000
19.6	 84.8	 0.000	 0.000
21.4	 84.8	 0.000	 0.000
23.3	 84.8	 0.000	 0.000
25.1	 84.8	 0.000	 0.000
26.9	 84.8	 0.000	 0.000
28.6	 84.8	 0.000	 0.000
30.5	 84.8	 0.000	 0.000
32.3	 84.8	 0.000	 0.000
34.1	 84.8	 0.000	 0.000
36.0	 84.8	 0.000	 0.000
37.8	 84.8	 0.000	 0.000
39.5	 84.8	 0.000	 0.000
41.4	 84.8	 0.000	 0.000
43.1	 84.8	 0.000	 0.000
45.0	 84.8	 0.000	 0.000
46.8	 84.8	 0.000	 0.000
48.5	 84.8	 0.000	 0.000
50.4	 84.8	 0.000	 0.000
52.1	 84.8	 0.000	 0.000
54.0	 84.8	 0.000	 0.000
55.8	 84.8	 0.000	 0.000
57.5	 84.8	 0.000	 0.000
59.5	 84.8	 0.000	 0.000
61.3	 84.8	 0.000	 0.000
63.0	 84.8	 0.000	 0.000
64.8	 84.8	 0.000	 0.000
66.7	 84.8	 0.000	 0.000
68.5	 84.8	 0.000	 0.000
70.3	 84.8	 0.000	 0.000
-2.1	 86.7	 0.000	 0.000
-0.3	 86.7	 0.000	 0.000
1.5	 86.7	 0.000	 0.000
3.3	 86.7	 0.000	 0.000
5.2	 86.7	 0.000	 0.000
6.9	 86.7	 0.000	 0.000
8.8	 86.7	 0.000	 0.000
10.7	 86.7	 0.000	 0.000
12.4	 86.7	 0.000	 0.000
14.3	 86.7	 0.000	 0.000
16.1	 86.7	 0.000	 0.000
17.9	 86.7	 0.000	 0.000
19.6	 86.7	 0.000	 0.000
21.4	 86.7	 0.000	 0.000
23.3	 86.7	 0.000	 0.000
25.1	 86.7	 0.000	 0.000
26.9	 86.7	 0.000	 0.000
28.6	 86.7	 0.000	 0.000
30.5	 86.7	 0.000	 0.000
32.3	 86.7	 0.000	 0.000
34.1	 86.7	 0.000	 0.000
36.0	 86.7	 0.000	 0.000
37.8	 86.7	 0.000	 0.000
39.5	 86.7	 0.000	 0.000
41.4	 86.7	 0.000	 0.000
43.1	 86.7	 0.000	 0.000
45.0	 86.7	 0.000	 0.000
46.8	 86.7	 0.000	 0.000
48.5	 86.7	 0.000	 0.000
50.4	 86.7	 0.000	 0.000
52.1	 86.7	 0.000	 0.000
54.0	 86.7	 0.000	 0.000
55.8	 86.7	 0.000	 0.000
57.5	 86.7	 0.000	 0.000
59.5	 86.7	 0.000	 0.000
61.3	 86.7	 0.000	 0.000
63.0	 86.7	 0.000	 0.000
64.8	 86.7	 0.000	 0.000
66.7	 86.7	 0.000	 0.000
68.5	 86.7	 0.000	 0.000
70.3	 86.7	 0.000	 0.000
-2.1	 88.5	 0.000	 0.000
-0.3	 88.5	 0.000	 0.000
1.5	 88.5	 0.000	 0.000
3.3	 88.5	 0.000	 0.000
5.2	 88.5	 0.000	 0.000
6.9	 88.5	 0.000	 0.000
8.8	 88.5	 0.000	 0.000
10.7	 88.5	 0.000	 0.000
12.4	 88.5	 0.000	 0.000
14.3	 88.5	 0.000	 0.000
16.1	 88.5	 0.000	 0.000
17.9	 88.5	 0.000	 0.000
19.6	 88.5	 0.000	 0.000
21.4	 88.5	 0.000	 0.000
23.3	 88.5	 0.000	 0.000
25.1	 88.5	 0.000	 0.000
26.9	 88.5	 0.000	 0.000
28.6	 88.5	 0.000	 0.000
30.5	 88.5	 0.000	 0.000
32.3	 88.5	 0.000	 0.000
34.1	 88.5	 0.000	 0.000
36.0	 88.5	 0.000	 0.000
37.8	 88.5	 0.000	 0.000
39.5	 88.5	 0.000	 0.000
41.4	 88.5	 0.000	 0.000
43.1	 88.5	 0.000	 0.000
45.0	 88.5	 0.000	 0.000
46.8	 88.5	 0.000	 0.000
48.5	 88.5	 0.000	 0.000
50.4	 88.5	 0.000	 0.000
52.1	 88.5	 0.000	 0.000
54.0	 88.5	 0.000	 0.000
55.8	 88.5	 0.000	 0.000
57.5	 88.5	 0.000	 0.000
59.5	 88.5	 0.000	 0.000
61.3	 88.5	 0.000	 0.000
63.0	 88.5	 0.000	 0.000
64.8	 88.5	 0.000	 0.000
66.7	 88.5	 0.000	 0.000
68.5	 88.5	 0.000	 0.000
70.3	 88.5	 0.000	 0.000
-2.1	 90.3	 0.000	 0.000
-0.3	 90.3	 0.000	 0.000
1.5	 90.3	 0.000	 0.000
3.3	 90.3	 0.000	 0.000
5.2	 90.3	 0.000	 0.000
6.9	 90.3	 0.000	 0.000
8.8	 90.3	 0.000	 0.000
10.7	 90.3	 0.000	 0.000
12.4	 90.3	 0.000	 0.000
14.3	 90.3	 0.000	 0.000
16.1	 90.3	 0.000	 0.000
17.9	 90.3	 0.000	 0.000
19.6	 90.3	 0.000	 0.000
21.4	 90.3	 0.000	 0.000
23.3	 90.3	 0.000	 0.000
25.1	 90.3	 0.000	 0.000
26.9	 90.3	 0.000	 0.000
28.6	 90.3	 0.000	 0.000
30.5	 90.3	 0.000	 0.000
32.3	 90.3	 0.000	 0.000
34.1	 90.3	 0.000	 0.000
36.0	 90.3	 0.000	 0.000
37.8	 90.3	 0.000	 0.000
39.5	 90.3	 0.000	 0.000
41.4	 90.3	 0.000	 0.000
43.1	 90.3	 0.000	 0.000
45.0	 90.3	 0.000	 0.000
46.8	 90.3	 0.000	 0.000
48.5	 90.3	 0.000	 0.000
50.4	 90.3	 0.000	 0.000
52.1	 90.3	 0.000	 0.000
54.0	 90.3	 0.000	 0.000
55.8	 90.3	 0.000	 0.000
57.5	 90.3	 0.000	 0.000
59.5	 90.3	 0.000	 0.000
61.3	 90.3	 0.000	 0.000
63.0	 90.3	 0.000	 0.000
64.8	 90.3	 0.000	 0.000
66.7	 90.3	 0.000	 0.000
68.5	 90.3	 0.000	 0.000
70.3	 90.3	 0.000	 0.000
-2.1	 92.0	 0.000	 0.000
-0.3	 92.0	 0.000	 0.000
1.5	 92.0	 0.000	 0.000
3.3	 92.0	 0.000	 0.000
5.2	 92.0	 0.000	 0.000
6.9	 92.0	 0.000	 0.000
8.8	 92.0	 0.000	 0.000
10.7	 92.0	 0.000	 0.000
12.4	 92.0	 0.000	 0.000
14.3	 92.0	 0.000	 0.000
16.1	 92.0	 0.000	 0.000
17.9	 92.0	 0.000	 0.000
19.6	 92.0	 0.000	 0.000
21.4	 92.0	 0.000	 0.000
23.3	 92.0	 0.000	 0.000
25.1	 92.0	 0.000	 0.000
26.9	 92.0	 0.000	 0.000
28.6	 92.0	 0.000	 0.000
30.5	 92.0	 0.000	 0.000
32.3	 92.0	 0.000	 0.000
34.1	 92.0	 0.000	 0.000
36.0	 92.0	 0.000	 0.000
37.8	 92.0	 0.000	 0.000
39.5	 92.0	 0.000	 0.000
41.4	 92.0	 0.000	 0.000
43.1	 92.0	 0.000	 0.000
45.0	 92.0	 0.000	 0.000
46.8	 92.0	 0.000	 0.000
48.5	 92.0	 0.000	 0.000
50.4	 92.0	 0.000	 0.000
52.1	 92.0	 0.000	 0.000
54.0	 92.0	 0.000	 0.000
55.8	 92.0	 0.000	 0.000
57.5	 92.0	 0.000	 0.000
59.5	 92.0	 0.000	 0.000
61.3	 92.0	 0.000	 0.000
63.0	 92.0	 0.000	 0.000
64.8	 92.0	 0.000	 0.000
66.7	 92.0	 0.000	 0.000
68.5	 92.0	 0.000	 0.000
70.3	 92.0	 0.000	 0.000
-2.1	 93.8	 0.000	 0.000
-0.3	 93.8	 0.000	 0.000
1.5	 93.8	 0.000	 0.000
3.3	 93.8	 0.000	 0.000
5.2	 93.8	 0.000	 0.000
6.9	 93.8	 0.000	 0.000
8.8	 93.8	 0.000	 0.000
10.7	 93.8	 0.000	 0.000
12.4	 93.8	 0.000	 0.000
14.3	 93.8	 0.000	 0.000
16.1	 93.8	 0.000	 0.000
17.9	 93.8	 0.000	 0.000
19.6	 93.8	 0.000	 0.000
21.4	 93.8	 0.000	 0.000
23.3	 93.8	 0.000	 0.000
25.1	 93.8	 0.000	 0.000
26.9	 93.8	 0.000	 0.000
28.6	 93.8	 0.000	 0.000
30.5	 93.8	 0.000	 0.000
32.3	 93.8	 0.000	 0.000
34.1	 93.8	 0.000	 0.000
36.0	 93.8	 0.000	 0.000
37.8	 93.8	 0.000	 0.000
39.5	 93.8	 0.000	 0.000
41.4	 93.8	 0.000	 0.000
43.1	 93.8	 0.000	 0.000
45.0	 93.8	 0.000	 0.000
46.8	 93.8	 0.000	 0.000
48.5	 93.8	 0.000	 0.000
50.4	 93.8	 0.000	 0.000
52.1	 93.8	 0.000	 0.000
54.0	 93.8	 0.000	 0.000
55.8	 93.8	 0.000	 0.000
57.5	 93.8	 0.000	 0.000
59.5	 93.8	 0.000	 0.000
61.3	 93.8	 0.000	 0.000
63.0	 93.8	 0.000	 0.000
64.8	 93.8	 0.000	 0.000
66.7	 93.8	 0.000	 0.000
68.5	 93.8	 0.000	 0.000
70.3	 93.8	 0.000	 0.000
-2.1	 95.7	 0.000	 0.000
-0.3	 95.7	 -0.071	 1.506
1.5	 95.7	 0.000	 0.000
3.3	 95.7	 0.000	 0.000
5.2	 95.7	 0.000	 0.000
6.9	 95.7	 0.000	 0.000
8.8	 95.7	 0.000	 0.000
10.7	 95.7	 0.000	 0.000
12.4	 95.7	 0.000	 0.000
14.3	 95.7	 0.000	 0.000
16.1	 95.7	 0.000	 0.000
17.9	 95.7	 0.000	 0.000
19.6	 95.7	 0.000	 0.000
21.4	 95.7	 0.000	 0.000
23.3	 95.7	 0.000	 0.000
25.1	 95.7	 0.000	 0.000
26.9	 95.7	 0.000	 0.000
28.6	 95.7	 0.000	 0.000
30.5	 95.7	 0.000	 0.000
32.3	 95.7	 0.000	 0.000
34.1	 95.7	 0.000	 0.000
36.0	 95.7	 0.000	 0.000
37.8	 95.7	 0.000	 0.000
39.5	 95.7	 0.000	 0.000
41.4	 95.7	 0.000	 0.000
43.1	 95.7	 0.000	 0.000
45.0	 95.7	 0.000	 0.000
46.8	 95.7	 0.000	 0.000
48.5	 95.7	 0.000	 0.000
50.4	 95.7	 0.000	 0.000
52.1	 95.7	 0.000	 0.000
54.0	 95.7	 0.000	 0.000
55.8	 95.7	 0.000	 0.000
57.5	 95.7	 0.000	 0.000
59.5	 95.7	 0.000	 0.000
61.3	 95.7	 0.000	 0.000
63.0	 95.7	 0.000	 0.000
64.8	 95.7	 0.000	 0.000
66.7	 95.7	 0.000	 0.000
68.5	 95.7	 0.000	 0.000
70.3	 95.7	 0.000	 0.000
-2.1	 97.5	 0.000	 0.000
-0.3	 97.5	 0.000	 0.000
1.5	 97.5	 0.000	 0.000
3.3	 97.5	 0.000	 0.000
5.2	 97.5	 0.000	 0.000
6.9	 97.5	 0.000	 0.000
8.8	 97.5	 0.000	 0.000
10.7	 97.5	 0.000	 0.000
12.4	 97.5	 0.000	 0.000
14.3	 97.5	 0.000	 0.000
16.1	 97.5	 0.000	 0.000
17.9	 97.5	 0.000	 0.000
19.6	 97.5	 0.000	 0.000
21.4	 97.5	 0.000	 0.000
23.3	 97.5	 0.000	 0.000
25.1	 97.5	 0.000	 0.000
26.9	 97.5	 0.000	 0.000
28.6	 97.5	 0.000	 0.000
30.5	 97.5	 0.000	 0.000
32.3	 97.5	 0.000	 0.000
34.1	 97.5	 0.000	 0.000
36.0	 97.5	 0.000	 0.000
37.8	 97.5	 0.000	 0.000
39.5	 97.5	 0.000	 0.000
41.4	 97.5	 0.000	 0.000
43.1	 97.5	 0.000	 0.000
45.0	 97.5	 0.000	 0.000
46.8	 97.5	 0.000	 0.000
48.5	 97.5	 0.000	 0.000
50.4	 97.5	 0.000	 0.000
52.1	 97.5	 0.000	 0.000
54.0	 97.5	 0.000	 0.000
55.8	 97.5	 0.000	 0.000
57.5	 97.5	 0.000	 0.000
59.5	 97.5	 0.000	 0.000
61.3	 97.5	 0.000	 0.000
63.0	 97.5	 0.000	 0.000
64.8	 97.5	 -0.271	 -3.012
66.7	 97.5	 0.000	 0.000
68.5	 97.5	 0.000	 0.000
70.3	 97.5	 0.000	 0.000
-2.1	 99.3	 0.000	 0.000
-0.3	 99.3	 0.000	 0.000
1.5	 99.3	 0.000	 0.000
3.3	 99.3	 0.000	 0.000
5.2	 99.3	 0.000	 0.000
6.9	 99.3	 0.000	 0.000
8.8	 99.3	 0.000	 0.000
10.7	 99.3	 0.000	 0.000
12.4	 99.3	 0.000	 0.000
14.3	 99.3	 0.000	 0.000
16.1	 99.3	 0.000	 0.000
17.9	 99.3	 0.000	 0.000
19.6	 99.3	 0.000	 0.000
21.4	 99.3	 0.000	 0.000
23.3	 99.3	 0.000	 0.000
25.1	 99.3	 0.000	 0.000
26.9	 99.3	 0.000	 0.000
28.6	 99.3	 0.000	 0.000
30.5	 99.3	 0.000	 0.000
32.3	 99.3	 0.000	 0.000
34.1	 99.3	 0.000	 0.000
36.0	 99.3	 0.000	 0.000
37.8	 99.3	 0.000	 0.000
39.5	 99.3	 0.000	 0.000
41.4	 99.3	 0.000	 0.000
43.1	 99.3	 0.000	 0.000
45.0	 99.3	 0.000	 0.000
46.8	 99.3	 0.000	 0.000
48.5	 99.3	 0.000	 0.000
50.4	 99.3	 0.000	 0.000
52.1	 99.3	 0.000	 0.000
54.0	 99.3	 0.000	 0.000
55.8	 99.3	 0.000	 0.000
57.5	 99.3	 0.000	 0.000
59.5	 99.3	 0.000	 0.000
61.3	 99.3	 0.000	 0.000
63.0	 99.3	 0.000	 0.000
64.8	 99.3	 0.000	 0.000
66.7	 99.3	 0.000	 0.000
68.5	 99.3	 0.000	 0.000
70.3	 99.3	 0.000	 0.000
-2.1	 101.1	 0.000	 0.000
-0.3	 101.1	 0.000	 0.000
1.5	 101.1	 0.000	 0.000
3.3	 101.1	 0.000	 0.000
5.2	 101.1	 0.000	 0.000
6.9	 101.1	 0.000	 0.000
8.8	 101.1	 0.000	 0.000
10.7	 101.1	 0.000	 0.000
12.4	 101.1	 0.000	 0.000
14.3	 101.1	 0.000	 0.000
16.1	 101.1	 0.000	 0.000
17.9	 101.1	 0.000	 0.000
19.6	 101.1	 0.000	 0.000
21.4	 101.1	 0.000	 0.000
23.3	 101.1	 0.000	 0.000
25.1	 101.1	 0.000	 0.000
26.9	 101.1	 0.000	 0.000
28.6	 101.1	 0.000	 0.000
30.5	 101.1	 0.000	 0.000
32.3	 101.1	 0.000	 0.000
34.1	 101.1	 0.000	 0.000
36.0	 101.1	 0.000	 0.000
37.8	 101.1	 0.000	 0.000
39.5	 101.1	 0.000	 0.000
41.4	 101.1	 0.000	 0.000
43.1	 101.1	 0.000	 0.000
45.0	 101.1	 0.000	 0.000
46.8	 101.1	 0.000	 0.000
48.5	 101.1	 0.000	 0.000
50.4	 101.1	 0.000	 0.000
52.1	 101.1	 0.000	 0.000
54.0	 101.1	 0.000	 0.000
55.8	 101.1	 0.000	 0.000
57.5	 101.1	 0.000	 0.000
59.5	 101.1	 0.000	 0.000
61.3	 101.1	 0.000	 0.000
63.0	 101.1	 0.000	 0.000
64.8	 101.1	 0.000	 0.000
66.7	 101.1	 0.000	 0.000
68.5	 101.1	 0.000	 0.000
70.3	 101.1	 0.000	 0.000
-2.1	 102.8	 0.000	 0.000
-0.3	 102.8	 0.000	 0.000
1.5	 102.8	 0.000	 0.000
3.3	 102.8	 0.000	 0.000
5.2	 102.8	 0.000	 0.000
6.9	 102.8	 0.000	 0.000
8.8	 102.8	 0.000	 0.000
10.7	 102.8	 0.000	 0.000
12.4	 102.8	 0.000	 0.000
14.3	 102.8	 0.000	 0.000
16.1	 102.8	 0.000	 0.000
17.9	 102.8	 0.000	 0.000
19.6	 102.8	 0.000	 0.000
21.4	 102.8	 0.000	 0.000
23.3	 102.8	 0.000	 0.000
25.1	 102.8	 0.000	 0.000
26.9	 102.8	 0.000	 0.000
28.6	 102.8	 0.000	 0.000
30.5	 102.8	 0.000	 0.000
32.3	 102.8	 0.000	 0.000
34.1	 102.8	 0.000	 0.000
36.0	 102.8	 0.000	 0.000
37.8	 102.8	 0.000	 0.000
39.5	 102.8	 1.777	 0.000
41.4	 102.8	 0.000	 0.000
43.1	 102.8	 0.000	 0.000
45.0	 102.8	 0.000	 0.000
46.8	 102.8	 0.000	 0.000
48.5	 102.8	 0.000	 0.000
50.4	 102.8	 0.000	 0.000
52.1	 102.8	 0.000	 0.000
54.0	 102.8	 0.000	 0.000
55.8	 102.8	 0.000	 0.000
57.5	 102.8	 0.000	 0.000
59.5	 102.8	 0.000	 0.000
61.3	 102.8	 0.000	 0.000
63.0	 102.8	 0.000	 0.000
64.8	 102.8	 0.000	 0.000
66.7	 102.8	 -0.024	 -0.047
68.5	 102.8	 0.000	 0.000
70.3	 102.8	 0.000	 0.000
-2.1	 104.7	 0.000	 0.000
-0.3	 104.7	 0.000	 0.000
1.5	 104.7	 0.000	 0.000
3.3	 104.7	 0.000	 0.000
5.2	 104.7	 0.000	 0.000
6.9	 104.7	 0.000	 0.000
8.8	 104.7	 0.000	 0.000
10.7	 104.7	 0.000	 0.000
12.4	 104.7	 0.000	 0.000
14.3	 104.7	 0.000	 0.000
16.1	 104.7	 0.000	 0.000
17.9	 104.7	 0.000	 0.000
19.6	 104.7	 0.000	 0.000
21.4	 104.7	 0.000	 0.000
23.3	 104.7	 0.000	 0.000
25.1	 104.7	 0.000	 0.000
26.9	 104.7	 0.000	 0.000
28.6	 104.7	 0.000	 0.000
30.5	 104.7	 0.000	 0.000
32.3	 104.7	 0.000	 0.000
34.1	 104.7	 0.000	 0.000
36.0	 104.7	 0.000	 0.000
37.8	 104.7	 0.000	 0.000
39.5	 104.7	 0.000	 0.000
41.4	 104.7	 0.000	 0.000
43.1	 104.7	 0.000	 0.000
45.0	 104.7	 0.000	 0.000
46.8	 104.7	 0.000	 0.000
48.5	 104.7	 0.000	 0.000
50.4	 104.7	 0.000	 0.000
52.1	 104.7	 0.000	 0.000
54.0	 104.7	 0.000	 0.000
55.8	 104.7	 0.000	 0.000
57.5	 104.7	 0.000	 0.000
59.5	 104.7	 0.000	 0.000
61.3	 104.7	 0.000	 0.000
63.0	 104.7	 0.000	 0.000
64.8	 104.7	 0.000	 0.000
66.7	 104.7	 -0.165	 0.000
68.5	 104.7	 0.000	 0.000
70.3	 104.7	 0.000	 0.000
-2.1	 106.5	 0.000	 0.000
-0.3	 106.5	 0.000	 0.000
1.5	 106.5	 0.000	 0.000
3.3	 106.5	 0.000	 0.000
5.2	 106.5	 0.000	 0.000
6.9	 106.5	 0.000	 0.000
8.8	 106.5	 0.000	 0.000
10.7	 106.5	 0.000	 0.000
12.4	 106.5	 0.000	 0.000
14.3	 106.5	 0.000	 0.000
16.1	 106.5	 0.000	 0.000
17.9	 106.5	 0.000	 0.000
19.6	 106.5	 0.000	 0.000
21.4	 106.5	 0.000	 0.000
23.3	 106.5	 0.000	 0.000
25.1	 106.5	 0.000	 0.000
26.9	 106.5	 0.000	 0.000
28.6	 106.5	 0.000	 0.000
30.5	 106.5	 0.000	 0.000
32.3	 106.5	 0.000	 0.000
34.1	 106.5	 0.000	 0.000
36.0	 106.5	 0.000	 0.000
37.8	 106.5	 0.000	 0.000
39.5	 106.5	 0.000	 0.000
41.4	 106.5	 0.000	 0.000
43.1	 106.5	 0.000	 0.000
45.0	 106.5	 0.000	 0.000
46.8	 106.5	 0.000	 0.000
48.5	 106.5	 0.000	 0.000
50.4	 106.5	 0.000	 0.000
52.1	 106.5	 0.000	 0.000
54.0	 106.5	 0.000	 0.000
55.8	 106.5	 0.000	 0.000
57.5	 106.5	 0.000	 0.000
59.5	 106.5	 0.000	 0.000
61.3	 106.5	 0.000	 0.000
63.0	 106.5	 0.000	 0.000
64.8	 106.5	 0.000	 0.000
66.7	 106.5	 0.000	 0.000
68.5	 106.5	 0.000	 0.000
70.3	 106.5	 0.000	 0.000
-2.1	 108.3	 0.000	 0.000
-0.3	 108.3	 0.000	 0.000
1.5	 108.3	 0.000	 0.000
3.3	 108.3	 0.000	 0.000
5.2	 108.3	 0.000	 0.000
6.9	 108.3	 2.294	 -3.000
8.8	 108.3	 0.000	 0.000
10.7	 108.3	 0.000	 0.000
12.4	 108.3	 0.000	 0.000
14.3	 108.3	 0.000	 0.000
16.1	 108.3	 0.000	 0.000
17.9	 108.3	 0.000	 0.000
19.6	 108.3	 0.000	 0.000
21.4	 108.3	 0.000	 0.000
23.3	 108.3	 0.000	 0.000
25.1	 108.3	 0.000	 0.000
26.9	 108.3	 0.000	 0.000
28.6	 108.3	 0.000	 0.000
30.5	 108.3	 0.000	 0.000
32.3	 108.3	 0.000	 0.000
34.1	 108.3	 0.000	 0.000
36.0	 108.3	 0.000	 0.000
37.8	 108.3	 0.000	 0.000
39.5	 108.3	 0.000	 0.000
41.4	 108.3	 0.000	 0.000
43.1	 108.3	 0.000	 0.000
45.0	 108.3	 0.000	 0.000
46.8	 108.3	 0.000	 0.000
48.5	 108.3	 0.000	 0.000
50.4	 108.3	 0.000	 0.000
52.1	 108.3	 0.000	 0.000
54.0	 108.3	 0.000	 0.000
55.8	 108.3	 0.000	 0.000
57.5	 108.3	 0.000	 0.000
59.5	 108.3	 0.000	 0.000
61.3	 108.3	 0.000	 0.000
63.0	 108.3	 0.000	 0.000
64.8	 108.3	 0.000	 0.000
66.7	 108.3	 0.000	 0.000
68.5	 108.3	 0.000	 0.000
70.3	 108.3	 0.000	 0.000
-2.1	 110.1	 0.000	 0.000
-0.3	 110.1	 0.000	 0.000
1.5	 110.1	 0.000	 0.000
3.3	 110.1	 0.000	 0.000
5.2	 110.1	 0.000	 0.000
6.9	 110.1	 0.000	 0.000
8.8	 110.1	 0.000	 0.000
10.7	 110.1	 0.000	 0.000
12.4	 110.1	 0.000	 0.000
14.3	 110.1	 0.000	 0.000
16.1	 110.1	 0.000	 0.000
17.9	 110.1	 0.000	 0.000
19.6	 110.1	 0.000	 0.000
21.4	 110.1	 0.000	 0.000
23.3	 110.1	 0.000	 0.000
25.1	 110.1	 0.000	 0.000
26.9	 110.1	 0.000	 0.000
28.6	 110.1	 0.000	 0.000
30.5	 110.1	 0.000	 0.000
32.3	 110.1	 0.000	 0.000
34.1	 110.1	 0.000	 0.000
36.0	 110.1	 0.000	 0.000
37.8	 110.1	 0.000	 0.000
39.5	 110.1	 0.000	 0.000
41.4	 110.1	 0.000	 0.000
43.1	 110.1	 0.000	 0.000
45.0	 110.1	 0.000	 0.000
46.8	 110.1	 0.000	 0.000
48.5	 110.1	 0.000	 0.000
50.4	 110.1	 0.000	 0.000
52.1	 110.1	 0.000	 0.000
54.0	 110.1	 0.000	 0.000
55.8	 110.1	 0.000	 0.000
57.5	 110.1	 0.000	 0.000
59.5	 110.1	 0.000	 0.000
61.3	 110.1	 0.000	 0.000
63.0	 110.1	 0.000	 0.000
64.8	 110.1	 0.000	 0.000
66.7	 110.1	 0.000	 0.000
68.5	 110.1	 0.000	 0.000
70.3	 110.1	 0.000	 0.000
-2.1	 112.0	 0.000	 0.000
-0.3	 112.0	 0.000	 0.000
1.5	 112.0	 0.000	 0.000
3.3	 112.0	 0.000	 0.000
5.2	 112.0	 0.000	 0.000
6.9	 112.0	 0.000	 0.000
8.8	 112.0	 0.000	 0.000
10.7	 112.0	 0.000	 0.000
12.4	 112.0	 0.000	 0.000
14.3	 112.0	 0.000	 0.000
16.1	 112.0	 0.000	 0.000
17.9	 112.0	 0.000	 0.000
19.6	 112.0	 0.000	 0.000
21.4	 112.0	 0.000	 0.000
23.3	 112.0	 0.000	 0.000
25.1	 112.0	 0.000	 0.000
26.9	 112.0	 0.000	 0.000
28.6	 112.0	 0.000	 0.000
30.5	 112.0	 0.000	 0.000
32.3	 112.0	 0.000	 0.000
34.1	 112.0	 0.000	 0.000
36.0	 112.0	 0.000	 0.000
37.8	 112.0	 0.000	 0.000
39.5	 112.0	 0.000	 0.000
41.4	 112.0	 0.000	 0.000
43.1	 112.0	 0.000	 0.000
45.0	 112.0	 0.000	 0.000
46.8	 112.0	 0.000	 0.000
48.5	 112.0	 0.000	 0.000
50.4	 112.0	 0.000	 0.000
52.1	 112.0	 0.000	 0.000
54.0	 112.0	 0.000	 0.000
55.8	 112.0	 0.000	 0.000
57.5	 112.0	 0.000	 0.000
59.5	 112.0	 0.000	 0.000
61.3	 112.0	 0.000	 0.000
63.0	 112.0	 0.000	 0.000
64.8	 112.0	 0.000	 0.000
66.7	 112.0	 -0.082	 0.012
68.5	 112.0	 -0.012	 0.024
70.3	 112.0	 0.000	 0.000
-2.1	 113.8	 0.000	 0.000
-0.3	 113.8	 0.000	 0.000
1.5	 113.8	 0.000	 0.000
3.3	 113.8	 0.000	 0.000
5.2	 113.8	 0.000	 0.000
6.9	 113.8	 0.000	 0.000
8.8	 113.8	 0.000	 0.000
10.7	 113.8	 0.000	 0.000
12.4	 113.8	 0.000	 0.000
14.3	 113.8	 0.000	 0.000
16.1	 113.8	 0.000	 0.000
17.9	 113.8	 0.000	 0.000
19.6	 113.8	 0.000	 0.000
21.4	 113.8	 0.000	 0.000
23.3	 113.8	 0.000	 0.000
25.1	 113.8	 0.000	 0.000
26.9	 113.8	 0.000	 0.000
28.6	 113.8	 0.000	 0.000
30.5	 113.8	 0.000	 0.000
32.3	 113.8	 0.000	 0.000
34.1	 113.8	 0.000	 0.000
36.0	 113.8	 0.000	 0.000
37.8	 113.8	 0.000	 0.000
39.5	 113.8	 0.000	 0.000
41.4	 113.8	 0.000	 0.000
43.1	 113.8	 0.000	 0.000
45.0	 113.8	 0.000	 0.000
46.8	 113.8	 0.000	 0.000
48.5	 113.8	 0.000	 0.000
50.4	 113.8	 0.000	 0.000
52.1	 113.8	 0.000	 0.000
54.0	 113.8	 0.000	 0.000
55.8	 113.8	 0.000	 0.000
57.5	 113.8	 0.000	 0.000
59.5	 113.8	 0.000	 0.000
61.3	 113.8	 0.000	 0.000
63.0	 113.8	 0.000	 0.000
64.8	 113.8	 -0.024	 0.012
66.7	 113.8	 0.000	 0.000
68.5	 113.8	 0.000	 0.000
70.3	 113.8	 0.000	 0.000
-2.1	 115.6	 0.000	 0.000
-0.3	 115.6	 0.000	 0.000
1.5	 115.6	 0.000	 0.000
3.3	 115.6	 0.000	 0.000
5.2	 115.6	 0.000	 0.000
6.9	 115.6	 0.000	 0.000
8.8	 115.6	 0.000	 0.000
10.7	 115.6	 0.000	 0.000
12.4	 115.6	 0.000	 0.000
14.3	 115.6	 0.000	 0.000
16.1	 115.6	 0.000	 0.000
17.9	 115.6	 0.000	 0.000
19.6	 115.6	 0.000	 0.000
21.4	 115.6	 0.000	 0.000
23.3	 115.6	 0.000	 0.000
25.1	 115.6	 0.000	 0.000
26.9	 115.6	 0.000	 0.000
28.6	 115.6	 0.000	 0.000
30.5	 115.6	 0.000	 0.000
32.3	 115.6	 0.000	 0.000
34.1	 115.6	 0.000	 0.000
36.0	 115.6	 0.000	 0.000
37.8	 115.6	 0.000	 0.000
39.5	 115.6	 0.000	 0.000
41.4	 115.6	 0.000	 0.000
43.1	 115.6	 0.000	 0.000
45.0	 115.6	 0.000	 0.000
46.8	 115.6	 0.000	 0.000
48.5	 115.6	 0.000	 0.000
50.4	 115.6	 0.000	 0.000
52.1	 115.6	 0.000	 0.000
54.0	 115.6	 0.000	 0.000
55.8	 115.6	 0.000	 0.000
57.5	 115.6	 0.000	 0.000
59.5	 115.6	 0.000	 0.000
61.3	 115.6	 0.000	 0.000
63.0	 115.6	 0.000	 0.000
64.8	 115.6	 -0.353	 0.024
66.7	 115.6	 0.000	 0.000
68.5	 115.6	 0.000	 0.000
70.3	 115.6	 0.000	 0.000
-2.1	 117.3	 0.000	 0.000
-0.3	 117.3	 0.000	 0.000
1.5	 117.3	 0.000	 0.000
3.3	 117.3	 0.000	 0.000
5.2	 117.3	 0.000	 0.000
6.9	 117.3	 0.000	 0.000
8.8	 117.3	 0.000	 0.000
10.7	 117.3	 0.000	 0.000
12.4	 117.3	 0.000	 0.000
14.3	 117.3	 0.000	 0.000
16.1	 117.3	 0.000	 0.000
17.9	 117.3	 0.000	 0.000
19.6	 117.3	 0.000	 0.000
21.4	 117.3	 0.000	 0.000
23.3	 117.3	 0.000	 0.000
25.1	 117.3	 0.000	 0.000
26.9	 117.3	 0.000	 0.000
28.6	 117.3	 0.000	 0.000
30.5	 117.3	 0.000	 0.000
32.3	 117.3	 0.000	 0.000
34.1	 117.3	 0.000	 0.000
36.0	 117.3	 0.000	 0.000
37.8	 117.3	 0.000	 0.000
39.5	 117.3	 0.000	 0.000
41.4	 117.3	 0.000	 0.000
43.1	 117.3	 0.000	 0.000
45.0	 117.3	 0.000	 0.000
46.8	 117.3	 0.000	 0.000
48.5	 117.3	 0.000	 0.000
50.4	 117.3	 0.000	 0.000
52.1	 117.3	 0.000	 0.000
54.0	 117.3	 0.000	 0.000
55.8	 117.3	 0.000	 0.000
57.5	 117.3	 0.000	 0.000
59.5	 117.3	 0.000	 0.000
61.3	 117.3	 0.000	 0.000
63.0	 117.3	 0.000	 0.000
64.8	 117.3	 0.000	 0.000
66.7	 117.3	 0.000	 0.000
68.5	 117.3	 0.000	 0.000
70.3	 117.3	 0.000	 0.000
-2.1	 119.2	 0.000	 0.000
-0.3	 119.2	 0.000	 0.000
1.5	 119.2	 0.000	 0.000
3.3	 119.2	 0.000	 0.000
5.2	 119.2	 0.000	 0.000
6.9	 119.2	 0.000	 0.000
8.8	 119.2	 0.000	 0.000
10.7	 119.2	 0.000	 0.000
12.4	 119.2	 0.000	 0.000
14.3	 119.2	 0.000	 0.000
16.1	 119.2	 0.000	 0.000
17.9	 119.2	 0.000	 0.000
19.6	 119.2	 0.000	 0.000
21.4	 119.2	 0.000	 0.000
23.3	 119.2	 0.000	 0.000
25.1	 119.2	 0.000	 0.000
26.9	 119.2	 0.000	 0.000
28.6	 119.2	 0.000	 0.000
30.5	 119.2	 0.000	 0.000
32.3	 119.2	 0.000	 0.000
34.1	 119.2	 0.000	 0.000
36.0	 119.2	 0.000	 0.000
37.8	 119.2	 0.000	 0.000
39.5	 119.2	 0.000	 0.000
41.4	 119.2	 0.000	 0.000
43.1	 119.2	 0.000	 0.000
45.0	 119.2	 0.000	 0.000
46.8	 119.2	 0.000	 0.000
48.5	 119.2	 0.000	 0.000
50.4	 119.2	 0.000	 0.000
52.1	 119.2	 0.000	 0.000
54.0	 119.2	 0.000	 0.000
55.8	 119.2	 0.000	 0.000
57.5	 119.2	 0.000	 0.000
59.5	 119.2	 0.000	 0.000
61.3	 119.2	 0.000	 0.000
63.0	 119.2	 0.000	 0.000
64.8	 119.2	 0.000	 0.000
66.7	 119.2	 0.000	 0.000
68.5	 119.2	 0.000	 0.000
70.3	 119.2	 0.000	 0.000
-2.1	 121.0	 0.000	 0.000
-0.3	 121.0	 0.000	 0.000
1.5	 121.0	 0.000	 0.000
3.3	 121.0	 0.000	 0.000
5.2	 121.0	 0.000	 0.000
6.9	 121.0	 0.000	 0.000
8.8	 121.0	 0.000	 0.000
10.7	 121.0	 0.000	 0.000
12.4	 121.0	 0.000	 0.000
14.3	 121.0	 0.000	 0.000
16.1	 121.0	 0.000	 0.000
17.9	 121.0	 0.000	 0.000
19.6	 121.0	 0.000	 0.000
21.4	 121.0	 0.000	 0.000
23.3	 121.0	 0.000	 0.000
25.1	 121.0	 0.000	 0.000
26.9	 121.0	 0.000	 0.000
28.6	 121.0	 0.000	 0.000
30.5	 121.0	 0.000	 0.000
32.3	 121.0	 0.000	 0.000
34.1	 121.0	 0.000	 0.000
36.0	 121.0	 0.000	 0.000
37.8	 121.0	 0.000	 0.000
39.5	 121.0	 0.000	 0.000
41.4	 121.0	 0.000	 0.000
43.1	 121.0	 0.000	 0.000
45.0	 121.0	 0.000	 0.000
46.8	 121.0	 0.000	 0.000
48.5	 121.0	 0.000	 0.000
50.4	 121.0	 0.000	 0.000
52.1	 121.0	 0.000	 0.000
54.0	 121.0	 0.000	 0.000
55.8	 121.0	 0.000	 0.000
57.5	 121.0	 0.000	 0.000
59.5	 121.0	 0.000	 0.000
61.3	 121.0	 0.000	 0.000
63.0	 121.0	 0.000	 0.000
64.8	 121.0	 0.000	 0.000
66.7	 121.0	 0.000	 0.000
68.5	 121.0	 0.000	 0.000
70.3	 121.0	 0.000	 0.000
-2.1	 122.8	 0.000	 0.000
-0.3	 122.8	 0.000	 0.000
1.5	 122.8	 0.000	 0.000
3.3	 122.8	 0.000	 0.000
5.2	 122.8	 0.000	 0.000
6.9	 122.8	 0.000	 0.000
8.8	 122.8	 0.000	 0.000
10.7	 122.8	 0.000	 0.000
12.4	 122.8	 0.000	 0.000
14.3	 122.8	 0.000	 0.000
16.1	 122.8	 0.000	 0.000
17.9	 122.8	 0.000	 0.000
19.6	 122.8	 0.000	 0.000
21.4	 122.8	 0.000	 0.000
23.3	 122.8	 0.000	 0.000
25.1	 122.8	 0.000	 0.000
26.9	 122.8	 0.000	 0.000
28.6	 122.8	 0.000	 0.000
30.5	 122.8	 0.000	 0.000
32.3	 122.8	 0.000	 0.000
34.1	 122.8	 0.000	 0.000
36.0	 122.8	 0.000	 0.000
37.8	 122.8	 0.000	 0.000
39.5	 122.8	 0.000	 0.000
41.4	 122.8	 0.000	 0.000
43.1	 122.8	 0.000	 0.000
45.0	 122.8	 0.000	 0.000
46.8	 122.8	 0.000	 0.000
48.5	 122.8	 0.000	 0.000
50.4	 122.8	 0.000	 0.000
52.1	 122.8	 0.000	 0.000
54.0	 122.8	 0.000	 0.000
55.8	 122.8	 0.000	 0.000
57.5	 122.8	 0.000	 0.000
59.5	 122.8	 0.000	 0.000
61.3	 122.8	 0.000	 0.000
63.0	 122.8	 0.000	 0.000
64.8	 122.8	 0.000	 0.000
66.7	 122.8	 0.000	 0.000
68.5	 122.8	 0.000	 0.000
70.3	 122.8	 0.000	 0.000
-2.1	 124.6	 0.000	 0.000
-0.3	 124.6	 0.000	 0.000
1.5	 124.6	 0.000	 0.000
3.3	 124.6	 0.000	 0.000
5.2	 124.6	 0.000	 0.000
6.9	 124.6	 0.000	 0.000
8.8	 124.6	 0.000	 0.000
10.7	 124.6	 0.000	 0.000
12.4	 124.6	 0.000	 0.000
14.3	 124.6	 0.000	 0.000
16.1	 124.6	 0.000	 0.000
17.9	 124.6	 0.000	 0.000
19.6	 124.6	 0.000	 0.000
21.4	 124.6	 0.000	 0.000
23.3	 124.6	 0.000	 0.000
25.1	 124.6	 0.000	 0.000
26.9	 124.6	 0.000	 0.000
28.6	 124.6	 0.000	 0.000
30.5	 124.6	 3.695	 1.506
32.3	 124.6	 0.000	 0.000
34.1	 124.6	 0.000	 0.000
36.0	 124.6	 0.000	 0.000
37.8	 124.6	 0.000	 0.000
39.5	 124.6	 0.000	 0.000
41.4	 124.6	 0.000	 0.000
43.1	 124.6	 0.000	 0.000
45.0	 124.6	 0.000	 0.000
46.8	 124.6	 0.000	 0.000
48.5	 124.6	 0.000	 0.000
50.4	 124.6	 0.000	 0.000
52.1	 124.6	 0.000	 0.000
54.0	 124.6	 0.000	 0.000
55.8	 124.6	 0.000	 0.000
57.5	 124.6	 0.000	 0.000
59.5	 124.6	 0.000	 0.000
61.3	 124.6	 0.000	 0.000
63.0	 124.6	 0.000	 0.000
64.8	 124.6	 0.000	 0.000
66.7	 124.6	 0.000	 0.000
68.5	 124.6	 0.000	 0.000
70.3	 124.6	 0.000	 0.000
