-3.8	 50.5	 0.000	 0.000
-2.0	 50.5	 0.000	 0.000
-0.3	 50.5	 -0.035	 -1.506
1.5	 50.5	 -0.212	 1.071
3.4	 50.5	 -0.165	 1.200
5.1	 50.5	 -0.306	 1.188
7.0	 50.5	 -0.388	 1.435
8.8	 50.5	 -0.165	 1.153
10.6	 50.5	 -0.235	 1.530
12.4	 50.5	 -0.424	 1.588
14.3	 50.5	 -0.188	 1.565
16.1	 50.5	 -0.247	 1.659
17.8	 50.5	 -0.024	 1.941
19.7	 50.5	 -0.106	 1.730
21.4	 50.5	 -0.047	 1.847
23.3	 50.5	 0.141	 1.612
25.1	 50.5	 -0.341	 1.588
26.8	 50.5	 -0.212	 1.553
28.7	 50.5	 0.024	 1.659
30.4	 50.5	 0.082	 1.706
32.3	 50.5	 0.282	 1.812
34.1	 50.5	 0.282	 1.706
35.9	 50.5	 0.059	 1.753
37.7	 50.5	 -0.141	 1.683
39.5	 50.5	 0.224	 1.600
41.3	 50.5	 0.329	 1.836
43.1	 50.5	 0.188	 1.800
44.9	 50.5	 0.153	 1.788
46.7	 50.5	 0.141	 1.671
48.5	 50.5	 0.094	 1.353
50.3	 50.5	 0.141	 1.659
52.1	 50.5	 0.153	 1.718
53.9	 50.5	 -0.188	 1.483
55.7	 50.5	 -0.094	 1.306
57.6	 50.5	 -0.024	 1.200
59.4	 50.5	 -0.059	 1.318
61.2	 50.5	 -0.082	 1.294
63.0	 50.5	 0.047	 1.130
64.9	 50.5	 -0.059	 1.200
66.7	 50.5	 -0.047	 1.047
68.5	 50.5	 0.047	 0.871
-3.8	 52.3	 0.000	 0.000
-2.0	 52.3	 0.000	 0.000
-0.3	 52.3	 -0.047	 -1.506
1.5	 52.3	 -0.271	 0.847
3.4	 52.3	 -0.365	 1.024
5.1	 52.3	 -0.424	 1.294
7.0	 52.3	 -0.247	 1.494
8.8	 52.3	 -0.059	 1.812
10.6	 52.3	 -0.165	 1.588
12.4	 52.3	 -0.165	 1.553
14.3	 52.3	 -0.424	 1.565
16.1	 52.3	 -0.141	 1.647
17.8	 52.3	 -0.047	 1.871
19.7	 52.3	 0.071	 1.953
21.4	 52.3	 -0.506	 1.577
23.3	 52.3	 -0.341	 1.530
25.1	 52.3	 -0.200	 1.494
26.8	 52.3	 -0.059	 1.635
28.7	 52.3	 0.082	 1.624
30.4	 52.3	 0.118	 1.777
32.3	 52.3	 0.224	 1.824
34.1	 52.3	 0.188	 1.683
35.9	 52.3	 0.271	 1.541
37.7	 52.3	 0.259	 1.706
39.5	 52.3	 0.200	 1.577
41.3	 52.3	 0.306	 1.812
43.1	 52.3	 0.141	 1.800
44.9	 52.3	 0.035	 1.836
46.7	 52.3	 0.224	 1.671
48.5	 52.3	 0.553	 2.024
50.3	 52.3	 0.624	 2.106
52.1	 52.3	 0.635	 2.012
53.9	 52.3	 -0.129	 1.553
55.7	 52.3	 0.082	 1.165
57.6	 52.3	 -0.153	 1.153
59.4	 52.3	 -0.047	 1.388
61.2	 52.3	 0.035	 1.247
63.0	 52.3	 0.071	 1.141
64.9	 52.3	 -0.094	 1.177
66.7	 52.3	 -0.012	 0.941
68.5	 52.3	 0.000	 0.000
-3.8	 54.1	 0.000	 0.000
-2.0	 54.1	 0.000	 0.000
-0.3	 54.1	 0.000	 0.000
1.5	 54.1	 -0.329	 1.130
3.4	 54.1	 -0.388	 1.212
5.1	 54.1	 -0.506	 1.259
7.0	 54.1	 -0.141	 1.259
8.8	 54.1	 -0.318	 1.424
10.6	 54.1	 -0.447	 1.518
12.4	 54.1	 -0.259	 1.683
14.3	 54.1	 -0.188	 1.694
16.1	 54.1	 -0.153	 1.659
17.8	 54.1	 -0.012	 1.824
19.7	 54.1	 -0.082	 1.565
21.4	 54.1	 0.047	 1.647
23.3	 54.1	 0.082	 1.777
25.1	 54.1	 -0.082	 1.388
26.8	 54.1	 -0.247	 1.424
28.7	 54.1	 0.153	 1.741
30.4	 54.1	 0.235	 1.906
32.3	 54.1	 0.071	 1.635
34.1	 54.1	 0.129	 1.777
35.9	 54.1	 0.271	 1.694
37.7	 54.1	 0.212	 1.706
39.5	 54.1	 0.529	 1.683
41.3	 54.1	 0.506	 2.130
43.1	 54.1	 0.176	 2.071
44.9	 54.1	 0.482	 1.788
46.7	 54.1	 0.141	 1.635
48.5	 54.1	 -0.471	 1.635
50.3	 54.1	 0.165	 1.918
52.1	 54.1	 0.047	 1.918
53.9	 54.1	 -0.176	 1.530
55.7	 54.1	 0.024	 1.353
57.6	 54.1	 0.094	 1.388
59.4	 54.1	 0.071	 1.059
61.2	 54.1	 0.047	 1.082
63.0	 54.1	 0.000	 0.953
64.9	 54.1	 -0.071	 1.235
66.7	 54.1	 0.024	 1.012
68.5	 54.1	 0.000	 0.000
-3.8	 55.9	 0.000	 0.000
-2.0	 55.9	 0.000	 0.000
-0.3	 55.9	 0.000	 0.000
1.5	 55.9	 -0.153	 1.200
3.4	 55.9	 -0.212	 1.306
5.1	 55.9	 -0.659	 1.330
7.0	 55.9	 -0.447	 1.624
8.8	 55.9	 -0.471	 1.483
10.6	 55.9	 -0.176	 1.459
12.4	 55.9	 -0.424	 2.012
14.3	 55.9	 -0.153	 2.012
16.1	 55.9	 -0.129	 2.000
17.8	 55.9	 -0.400	 1.565
19.7	 55.9	 -0.329	 1.635
21.4	 55.9	 0.047	 1.671
23.3	 55.9	 -0.106	 1.706
25.1	 55.9	 -0.012	 1.506
26.8	 55.9	 -0.024	 1.541
28.7	 55.9	 0.047	 1.553
30.4	 55.9	 -0.035	 1.483
32.3	 55.9	 -0.082	 1.588
34.1	 55.9	 0.012	 1.612
35.9	 55.9	 0.259	 1.388
37.7	 55.9	 0.235	 1.694
39.5	 55.9	 0.212	 1.694
41.3	 55.9	 0.294	 1.753
43.1	 55.9	 0.247	 1.965
44.9	 55.9	 0.388	 2.141
46.7	 55.9	 0.235	 1.941
48.5	 55.9	 0.318	 1.988
50.3	 55.9	 0.541	 1.977
52.1	 55.9	 0.224	 1.812
53.9	 55.9	 0.377	 2.259
55.7	 55.9	 0.271	 1.271
57.6	 55.9	 0.188	 1.212
59.4	 55.9	 0.235	 1.247
61.2	 55.9	 0.035	 1.224
63.0	 55.9	 0.118	 1.130
64.9	 55.9	 0.012	 1.118
66.7	 55.9	 0.035	 0.941
68.5	 55.9	 0.035	 -1.588
-3.8	 57.7	 0.000	 0.000
-2.0	 57.7	 0.000	 0.000
-0.3	 57.7	 -0.035	 1.400
1.5	 57.7	 -0.071	 1.541
3.4	 57.7	 -0.224	 1.447
5.1	 57.7	 -0.318	 1.224
7.0	 57.7	 -0.553	 1.224
8.8	 57.7	 -0.353	 1.518
10.6	 57.7	 -0.329	 1.283
12.4	 57.7	 -0.247	 1.718
14.3	 57.7	 -0.306	 1.859
16.1	 57.7	 -0.071	 1.565
17.8	 57.7	 -0.082	 1.530
19.7	 57.7	 -0.200	 2.059
21.4	 57.7	 -0.047	 1.977
23.3	 57.7	 -0.200	 1.565
25.1	 57.7	 -0.200	 1.659
26.8	 57.7	 -0.247	 1.635
28.7	 57.7	 -0.071	 1.577
30.4	 57.7	 -0.235	 1.424
32.3	 57.7	 -0.012	 1.588
34.1	 57.7	 -0.059	 1.694
35.9	 57.7	 0.094	 1.883
37.7	 57.7	 0.282	 1.506
39.5	 57.7	 0.235	 1.718
41.3	 57.7	 0.082	 1.906
43.1	 57.7	 0.471	 1.635
44.9	 57.7	 0.153	 2.247
46.7	 57.7	 0.482	 2.118
48.5	 57.7	 0.212	 2.200
50.3	 57.7	 0.141	 2.094
52.1	 57.7	 0.024	 1.588
53.9	 57.7	 0.094	 1.447
55.7	 57.7	 -0.035	 1.059
57.6	 57.7	 0.259	 0.882
59.4	 57.7	 0.235	 1.141
61.2	 57.7	 0.106	 1.130
63.0	 57.7	 0.012	 1.024
64.9	 57.7	 0.024	 1.188
66.7	 57.7	 -0.012	 1.000
68.5	 57.7	 0.000	 0.000
-3.8	 59.5	 0.000	 0.000
-2.0	 59.5	 0.000	 0.000
-0.3	 59.5	 0.000	 0.000
1.5	 59.5	 -0.165	 1.165
3.4	 59.5	 -0.494	 1.188
5.1	 59.5	 -0.282	 1.259
7.0	 59.5	 -0.400	 1.483
8.8	 59.5	 -0.259	 1.647
10.6	 59.5	 -0.541	 1.459
12.4	 59.5	 -0.071	 1.694
14.3	 59.5	 -0.153	 1.635
16.1	 59.5	 -0.153	 1.424
17.8	 59.5	 -0.188	 1.741
19.7	 59.5	 -0.235	 1.718
21.4	 59.5	 -0.212	 1.506
23.3	 59.5	 0.024	 1.777
25.1	 59.5	 -0.106	 1.800
26.8	 59.5	 -0.129	 1.647
28.7	 59.5	 -0.106	 1.447
30.4	 59.5	 -0.141	 1.400
32.3	 59.5	 -0.129	 1.483
34.1	 59.5	 -0.012	 1.400
35.9	 59.5	 0.035	 1.612
37.7	 59.5	 0.224	 1.741
39.5	 59.5	 0.141	 1.518
41.3	 59.5	 0.024	 1.506
43.1	 59.5	 0.118	 1.730
44.9	 59.5	 0.188	 1.930
46.7	 59.5	 0.412	 1.988
48.5	 59.5	 0.271	 2.200
50.3	 59.5	 0.365	 2.083
52.1	 59.5	 0.200	 1.635
53.9	 59.5	 0.412	 1.506
55.7	 59.5	 0.435	 1.541
57.6	 59.5	 0.059	 0.953
59.4	 59.5	 0.235	 1.283
61.2	 59.5	 0.129	 1.271
63.0	 59.5	 -0.035	 0.835
64.9	 59.5	 -0.012	 1.212
66.7	 59.5	 -0.012	 1.130
68.5	 59.5	 0.035	 1.212
-3.8	 61.3	 0.000	 0.000
-2.0	 61.3	 0.000	 0.000
-0.3	 61.3	 0.000	 0.000
1.5	 61.3	 -0.294	 1.082
3.4	 61.3	 -0.482	 1.741
5.1	 61.3	 -0.424	 1.753
7.0	 61.3	 -0.259	 1.447
8.8	 61.3	 -0.482	 1.518
10.6	 61.3	 -0.694	 1.518
12.4	 61.3	 -0.553	 1.753
14.3	 61.3	 -0.212	 1.824
16.1	 61.3	 -0.059	 1.447
17.8	 61.3	 -0.047	 0.988
19.7	 61.3	 -0.059	 1.753
21.4	 61.3	 -0.224	 1.635
23.3	 61.3	 -0.212	 1.388
25.1	 61.3	 -0.024	 1.577
26.8	 61.3	 0.024	 1.647
28.7	 61.3	 0.082	 1.659
30.4	 61.3	 -0.129	 1.424
32.3	 61.3	 -0.318	 1.165
34.1	 61.3	 -0.047	 1.565
35.9	 61.3	 -0.106	 1.624
37.7	 61.3	 0.259	 1.659
39.5	 61.3	 0.212	 1.471
41.3	 61.3	 0.059	 1.165
43.1	 61.3	 0.118	 1.741
44.9	 61.3	 0.341	 2.059
46.7	 61.3	 0.765	 2.306
48.5	 61.3	 0.718	 1.988
50.3	 61.3	 0.635	 1.341
52.1	 61.3	 0.341	 1.588
53.9	 61.3	 0.588	 1.788
55.7	 61.3	 0.200	 1.259
57.6	 61.3	 0.424	 1.353
59.4	 61.3	 0.141	 1.577
61.2	 61.3	 0.024	 1.635
63.0	 61.3	 0.612	 1.612
64.9	 61.3	 -0.141	 1.306
66.7	 61.3	 -0.035	 1.071
68.5	 61.3	 0.082	 1.212
-3.8	 63.2	 0.000	 0.000
-2.0	 63.2	 0.000	 0.000
-0.3	 63.2	 0.000	 0.000
1.5	 63.2	 -0.118	 1.459
3.4	 63.2	 -0.647	 0.294
5.1	 63.2	 -0.459	 1.200
7.0	 63.2	 -0.224	 1.012
8.8	 63.2	 -0.306	 1.400
10.6	 63.2	 -0.706	 1.671
12.4	 63.2	 -0.541	 1.600
14.3	 63.2	 -0.447	 1.459
16.1	 63.2	 -0.353	 1.424
17.8	 63.2	 -0.094	 1.824
19.7	 63.2	 -0.047	 1.847
21.4	 63.2	 -0.282	 1.718
23.3	 63.2	 -0.294	 1.541
25.1	 63.2	 -0.012	 1.318
26.8	 63.2	 0.047	 1.294
28.7	 63.2	 -0.059	 1.353
30.4	 63.2	 -0.153	 1.530
32.3	 63.2	 -0.047	 1.494
34.1	 63.2	 0.000	 1.365
35.9	 63.2	 -0.047	 1.612
37.7	 63.2	 0.047	 1.600
39.5	 63.2	 0.000	 1.777
41.3	 63.2	 0.082	 1.483
43.1	 63.2	 0.165	 1.553
44.9	 63.2	 0.282	 1.988
46.7	 63.2	 0.482	 2.036
48.5	 63.2	 0.518	 1.965
50.3	 63.2	 0.282	 1.847
52.1	 63.2	 0.329	 1.953
53.9	 63.2	 0.682	 1.377
55.7	 63.2	 0.141	 1.447
57.6	 63.2	 0.294	 1.000
59.4	 63.2	 0.294	 0.930
61.2	 63.2	 0.388	 0.871
63.0	 63.2	 0.353	 1.177
64.9	 63.2	 0.224	 1.530
66.7	 63.2	 -0.165	 1.035
68.5	 63.2	 0.047	 1.188
-3.8	 65.0	 0.000	 0.000
-2.0	 65.0	 0.000	 0.000
-0.3	 65.0	 0.000	 0.000
1.5	 65.0	 -0.165	 1.330
3.4	 65.0	 -0.129	 1.471
5.1	 65.0	 -0.153	 1.353
7.0	 65.0	 -0.306	 1.353
8.8	 65.0	 -0.306	 1.588
10.6	 65.0	 -0.200	 1.883
12.4	 65.0	 0.106	 1.588
14.3	 65.0	 -0.259	 1.600
16.1	 65.0	 -0.141	 1.659
17.8	 65.0	 -0.235	 1.412
19.7	 65.0	 -0.094	 1.765
21.4	 65.0	 -0.047	 1.600
23.3	 65.0	 -0.306	 1.459
25.1	 65.0	 -0.129	 1.635
26.8	 65.0	 0.118	 1.506
28.7	 65.0	 0.012	 1.706
30.4	 65.0	 0.012	 1.588
32.3	 65.0	 -0.059	 1.412
34.1	 65.0	 -0.224	 1.494
35.9	 65.0	 -0.176	 1.836
37.7	 65.0	 -0.235	 1.706
39.5	 65.0	 -0.035	 1.718
41.3	 65.0	 0.047	 1.541
43.1	 65.0	 0.082	 1.753
44.9	 65.0	 0.106	 1.977
46.7	 65.0	 -0.047	 1.788
48.5	 65.0	 0.235	 1.941
50.3	 65.0	 0.212	 1.883
52.1	 65.0	 0.306	 1.518
53.9	 65.0	 0.588	 1.600
55.7	 65.0	 0.388	 1.283
57.6	 65.0	 0.518	 1.212
59.4	 65.0	 0.447	 0.977
61.2	 65.0	 0.247	 1.153
63.0	 65.0	 0.259	 1.259
64.9	 65.0	 0.141	 1.447
66.7	 65.0	 -0.247	 1.071
68.5	 65.0	 -0.071	 1.106
-3.8	 66.8	 0.000	 0.000
-2.0	 66.8	 0.000	 0.000
-0.3	 66.8	 0.000	 0.000
1.5	 66.8	 -0.129	 1.471
3.4	 66.8	 0.224	 1.424
5.1	 66.8	 0.035	 1.447
7.0	 66.8	 -0.106	 1.459
8.8	 66.8	 -0.106	 1.153
10.6	 66.8	 -0.165	 1.612
12.4	 66.8	 0.012	 1.565
14.3	 66.8	 -0.082	 1.388
16.1	 66.8	 -0.188	 1.494
17.8	 66.8	 -0.082	 1.506
19.7	 66.8	 0.024	 1.694
21.4	 66.8	 -0.224	 1.647
23.3	 66.8	 -0.224	 1.635
25.1	 66.8	 0.094	 1.953
26.8	 66.8	 -0.012	 1.530
28.7	 66.8	 -0.024	 1.541
30.4	 66.8	 -0.035	 1.283
32.3	 66.8	 0.000	 1.424
34.1	 66.8	 -0.094	 1.518
35.9	 66.8	 -0.200	 1.483
37.7	 66.8	 -0.106	 1.412
39.5	 66.8	 -0.024	 1.671
41.3	 66.8	 0.165	 1.518
43.1	 66.8	 0.212	 1.847
44.9	 66.8	 -0.082	 2.012
46.7	 66.8	 0.153	 1.941
48.5	 66.8	 0.365	 1.588
50.3	 66.8	 0.459	 2.294
52.1	 66.8	 0.224	 1.777
53.9	 66.8	 0.282	 1.671
55.7	 66.8	 0.812	 2.412
57.6	 66.8	 0.729	 1.565
59.4	 66.8	 0.612	 1.435
61.2	 66.8	 0.318	 1.847
63.0	 66.8	 0.153	 1.341
64.9	 66.8	 -0.035	 1.035
66.7	 66.8	 0.035	 0.930
68.5	 66.8	 -0.059	 1.071
-3.8	 68.6	 0.000	 0.000
-2.0	 68.6	 0.000	 0.000
-0.3	 68.6	 0.000	 0.000
1.5	 68.6	 -0.494	 1.294
3.4	 68.6	 -0.094	 1.318
5.1	 68.6	 -0.071	 1.424
7.0	 68.6	 -0.059	 1.424
8.8	 68.6	 -0.059	 1.188
10.6	 68.6	 -0.047	 1.141
12.4	 68.6	 -0.200	 1.200
14.3	 68.6	 -0.035	 1.082
16.1	 68.6	 0.247	 0.988
17.8	 68.6	 -0.153	 1.318
19.7	 68.6	 -0.400	 1.400
21.4	 68.6	 -0.388	 1.530
23.3	 68.6	 -0.118	 1.824
25.1	 68.6	 -0.106	 1.753
26.8	 68.6	 -0.012	 1.459
28.7	 68.6	 -0.165	 1.577
30.4	 68.6	 -0.118	 1.341
32.3	 68.6	 0.035	 1.235
34.1	 68.6	 0.071	 1.000
35.9	 68.6	 -0.447	 1.588
37.7	 68.6	 -0.235	 1.730
39.5	 68.6	 0.176	 1.765
41.3	 68.6	 0.035	 2.047
43.1	 68.6	 0.012	 1.824
44.9	 68.6	 0.224	 2.200
46.7	 68.6	 0.365	 2.247
48.5	 68.6	 0.188	 2.424
50.3	 68.6	 0.412	 2.236
52.1	 68.6	 0.553	 2.200
53.9	 68.6	 0.553	 1.659
55.7	 68.6	 0.694	 1.624
57.6	 68.6	 1.024	 2.059
59.4	 68.6	 0.624	 1.341
61.2	 68.6	 0.235	 1.483
63.0	 68.6	 0.235	 1.224
64.9	 68.6	 -0.129	 0.965
66.7	 68.6	 -0.118	 0.788
68.5	 68.6	 -0.024	 1.471
-3.8	 70.4	 0.000	 0.000
-2.0	 70.4	 0.000	 0.000
-0.3	 70.4	 0.000	 0.000
1.5	 70.4	 -0.071	 1.600
3.4	 70.4	 -0.082	 1.518
5.1	 70.4	 0.071	 1.988
7.0	 70.4	 0.047	 1.635
8.8	 70.4	 -0.106	 1.388
10.6	 70.4	 -0.059	 1.306
12.4	 70.4	 -0.129	 1.447
14.3	 70.4	 -0.071	 1.565
16.1	 70.4	 0.000	 1.565
17.8	 70.4	 -0.082	 1.683
19.7	 70.4	 -0.059	 1.541
21.4	 70.4	 0.000	 1.082
23.3	 70.4	 -0.094	 1.353
25.1	 70.4	 -0.082	 1.812
26.8	 70.4	 -0.200	 1.671
28.7	 70.4	 0.047	 1.647
30.4	 70.4	 0.118	 1.447
32.3	 70.4	 -0.212	 1.330
34.1	 70.4	 -0.259	 1.577
35.9	 70.4	 -0.388	 2.153
37.7	 70.4	 -0.071	 1.659
39.5	 70.4	 0.000	 1.800
41.3	 70.4	 0.176	 1.624
43.1	 70.4	 0.012	 1.777
44.9	 70.4	 0.259	 1.600
46.7	 70.4	 0.588	 2.483
48.5	 70.4	 0.400	 2.083
50.3	 70.4	 0.259	 2.106
52.1	 70.4	 0.518	 2.200
53.9	 70.4	 0.682	 1.812
55.7	 70.4	 0.706	 1.365
57.6	 70.4	 0.859	 1.600
59.4	 70.4	 0.835	 1.718
61.2	 70.4	 0.306	 1.106
63.0	 70.4	 -0.165	 1.200
64.9	 70.4	 -0.129	 1.271
66.7	 70.4	 -0.047	 1.000
68.5	 70.4	 0.012	 -1.494
-3.8	 72.2	 0.000	 0.000
-2.0	 72.2	 0.000	 0.000
-0.3	 72.2	 0.000	 0.000
1.5	 72.2	 -0.188	 1.506
3.4	 72.2	 0.153	 1.577
5.1	 72.2	 -0.082	 2.012
7.0	 72.2	 -0.118	 1.671
8.8	 72.2	 0.000	 1.400
10.6	 72.2	 -0.294	 1.459
12.4	 72.2	 -0.224	 1.494
14.3	 72.2	 -0.094	 1.388
16.1	 72.2	 0.129	 1.447
17.8	 72.2	 -0.153	 1.424
19.7	 72.2	 -0.082	 1.530
21.4	 72.2	 0.000	 1.165
23.3	 72.2	 -0.035	 1.412
25.1	 72.2	 -0.176	 1.553
26.8	 72.2	 -0.059	 1.624
28.7	 72.2	 -0.153	 1.483
30.4	 72.2	 -0.118	 1.494
32.3	 72.2	 -0.082	 1.683
34.1	 72.2	 0.059	 1.435
35.9	 72.2	 -0.059	 1.671
37.7	 72.2	 -0.224	 1.530
39.5	 72.2	 -0.094	 1.906
41.3	 72.2	 0.141	 1.859
43.1	 72.2	 0.118	 1.659
44.9	 72.2	 0.059	 1.871
46.7	 72.2	 0.282	 1.683
48.5	 72.2	 0.388	 1.283
50.3	 72.2	 0.518	 1.624
52.1	 72.2	 0.577	 1.647
53.9	 72.2	 0.753	 2.012
55.7	 72.2	 0.565	 1.741
57.6	 72.2	 0.741	 1.412
59.4	 72.2	 1.212	 2.353
61.2	 72.2	 0.635	 1.412
63.0	 72.2	 -0.035	 1.647
64.9	 72.2	 0.294	 1.565
66.7	 72.2	 -0.071	 1.435
68.5	 72.2	 0.000	 2.977
-3.8	 74.0	 -0.188	 -3.012
-2.0	 74.0	 0.000	 0.000
-0.3	 74.0	 0.000	 0.000
1.5	 74.0	 0.165	 1.553
3.4	 74.0	 0.024	 1.730
5.1	 74.0	 -0.012	 1.577
7.0	 74.0	 -0.024	 1.412
8.8	 74.0	 -0.259	 1.553
10.6	 74.0	 -0.377	 1.459
12.4	 74.0	 -0.035	 1.459
14.3	 74.0	 -0.082	 1.518
16.1	 74.0	 0.059	 1.224
17.8	 74.0	 -0.071	 1.365
19.7	 74.0	 -0.153	 1.353
21.4	 74.0	 0.141	 1.341
23.3	 74.0	 -0.212	 1.459
25.1	 74.0	 -0.365	 1.518
26.8	 74.0	 -0.059	 1.365
28.7	 74.0	 0.000	 1.412
30.4	 74.0	 -0.118	 1.683
32.3	 74.0	 -0.047	 1.730
34.1	 74.0	 0.165	 1.824
35.9	 74.0	 -0.024	 1.612
37.7	 74.0	 -0.047	 2.094
39.5	 74.0	 0.059	 1.824
41.3	 74.0	 0.153	 1.647
43.1	 74.0	 0.071	 2.059
44.9	 74.0	 0.141	 1.859
46.7	 74.0	 0.212	 2.165
48.5	 74.0	 0.494	 1.683
50.3	 74.0	 0.471	 1.341
52.1	 74.0	 0.341	 1.600
53.9	 74.0	 0.647	 1.694
55.7	 74.0	 0.588	 2.165
57.6	 74.0	 0.918	 2.236
59.4	 74.0	 0.165	 1.694
61.2	 74.0	 0.200	 1.506
63.0	 74.0	 -0.047	 1.341
64.9	 74.0	 -0.094	 1.330
66.7	 74.0	 -0.082	 1.541
68.5	 74.0	 0.000	 0.000
-3.8	 75.8	 0.000	 0.000
-2.0	 75.8	 -0.129	 3.012
-0.3	 75.8	 0.000	 0.000
1.5	 75.8	 0.118	 1.753
3.4	 75.8	 -0.059	 1.730
5.1	 75.8	 -0.129	 1.424
7.0	 75.8	 -0.212	 1.530
8.8	 75.8	 -0.094	 1.400
10.6	 75.8	 -0.024	 1.388
12.4	 75.8	 0.047	 1.271
14.3	 75.8	 0.082	 1.330
16.1	 75.8	 -0.129	 1.565
17.8	 75.8	 0.000	 1.483
19.7	 75.8	 -0.035	 1.106
21.4	 75.8	 -0.071	 1.400
23.3	 75.8	 -0.024	 1.365
25.1	 75.8	 -0.035	 1.553
26.8	 75.8	 0.047	 1.400
28.7	 75.8	 -0.071	 1.800
30.4	 75.8	 -0.082	 1.612
32.3	 75.8	 -0.212	 1.541
34.1	 75.8	 0.035	 1.494
35.9	 75.8	 0.035	 1.400
37.7	 75.8	 -0.035	 1.706
39.5	 75.8	 0.106	 1.483
41.3	 75.8	 0.129	 1.859
43.1	 75.8	 0.035	 2.036
44.9	 75.8	 0.329	 1.577
46.7	 75.8	 0.329	 1.753
48.5	 75.8	 0.212	 1.447
50.3	 75.8	 0.553	 1.718
52.1	 75.8	 0.647	 1.553
53.9	 75.8	 0.471	 1.177
55.7	 75.8	 0.212	 1.000
57.6	 75.8	 0.494	 1.177
59.4	 75.8	 0.447	 2.165
61.2	 75.8	 1.247	 2.553
63.0	 75.8	 -0.212	 1.459
64.9	 75.8	 -0.235	 1.459
66.7	 75.8	 -0.094	 1.471
68.5	 75.8	 0.000	 0.000
-3.8	 77.6	 0.000	 0.000
-2.0	 77.6	 0.000	 0.000
-0.3	 77.6	 0.000	 0.000
1.5	 77.6	 -0.059	 1.930
3.4	 77.6	 -0.224	 1.765
5.1	 77.6	 -0.071	 1.612
7.0	 77.6	 -0.224	 1.565
8.8	 77.6	 -0.118	 1.471
10.6	 77.6	 0.047	 1.471
12.4	 77.6	 -0.024	 1.341
14.3	 77.6	 0.106	 1.318
16.1	 77.6	 -0.094	 1.530
17.8	 77.6	 0.000	 1.377
19.7	 77.6	 -0.082	 1.212
21.4	 77.6	 -0.306	 1.483
23.3	 77.6	 0.129	 1.553
25.1	 77.6	 0.071	 1.671
26.8	 77.6	 -0.035	 1.706
28.7	 77.6	 0.059	 1.459
30.4	 77.6	 -0.024	 1.483
32.3	 77.6	 0.129	 1.447
34.1	 77.6	 -0.047	 1.530
35.9	 77.6	 -0.224	 1.612
37.7	 77.6	 -0.224	 1.894
39.5	 77.6	 0.141	 1.824
41.3	 77.6	 0.071	 2.153
43.1	 77.6	 0.247	 2.130
44.9	 77.6	 0.353	 1.765
46.7	 77.6	 0.271	 1.565
48.5	 77.6	 0.541	 1.530
50.3	 77.6	 0.682	 1.647
52.1	 77.6	 0.706	 1.541
53.9	 77.6	 0.612	 1.471
55.7	 77.6	 0.506	 1.706
57.6	 77.6	 0.165	 1.400
59.4	 77.6	 0.565	 1.271
61.2	 77.6	 0.435	 1.377
63.0	 77.6	 0.153	 1.530
64.9	 77.6	 0.129	 1.518
66.7	 77.6	 -0.318	 1.212
68.5	 77.6	 0.000	 0.000
-3.8	 79.4	 0.000	 0.000
-2.0	 79.4	 0.000	 0.000
-0.3	 79.4	 0.024	 -1.318
1.5	 79.4	 -0.024	 1.647
3.4	 79.4	 0.035	 1.565
5.1	 79.4	 -0.012	 1.565
7.0	 79.4	 -0.071	 1.659
8.8	 79.4	 -0.129	 1.494
10.6	 79.4	 -0.047	 1.435
12.4	 79.4	 -0.106	 1.483
14.3	 79.4	 0.012	 1.353
16.1	 79.4	 0.047	 1.330
17.8	 79.4	 0.118	 1.424
19.7	 79.4	 0.118	 1.647
21.4	 79.4	 0.071	 1.836
23.3	 79.4	 -0.082	 1.435
25.1	 79.4	 -0.047	 1.600
26.8	 79.4	 -0.176	 1.718
28.7	 79.4	 -0.012	 1.283
30.4	 79.4	 0.059	 1.483
32.3	 79.4	 0.141	 1.353
34.1	 79.4	 0.106	 1.388
35.9	 79.4	 0.188	 1.435
37.7	 79.4	 0.118	 1.471
39.5	 79.4	 0.082	 1.306
41.3	 79.4	 0.212	 1.671
43.1	 79.4	 0.224	 1.788
44.9	 79.4	 0.447	 1.412
46.7	 79.4	 0.435	 1.518
48.5	 79.4	 0.506	 1.565
50.3	 79.4	 0.235	 1.471
52.1	 79.4	 0.635	 1.777
53.9	 79.4	 0.835	 2.024
55.7	 79.4	 0.000	 0.000
57.6	 79.4	 0.388	 2.036
59.4	 79.4	 0.565	 1.930
61.2	 79.4	 0.000	 0.000
63.0	 79.4	 0.577	 1.024
64.9	 79.4	 0.400	 1.588
66.7	 79.4	 0.071	 1.082
68.5	 79.4	 0.000	 0.000
-3.8	 81.2	 0.000	 0.000
-2.0	 81.2	 0.000	 0.000
-0.3	 81.2	 0.000	 0.000
1.5	 81.2	 -0.271	 1.659
3.4	 81.2	 0.165	 2.000
5.1	 81.2	 0.282	 1.930
7.0	 81.2	 -0.024	 1.635
8.8	 81.2	 0.047	 1.365
10.6	 81.2	 -0.212	 1.459
12.4	 81.2	 0.047	 1.400
14.3	 81.2	 0.024	 1.494
16.1	 81.2	 0.012	 1.541
17.8	 81.2	 -0.059	 1.530
19.7	 81.2	 0.200	 1.553
21.4	 81.2	 0.118	 1.671
23.3	 81.2	 -0.282	 1.624
25.1	 81.2	 -0.047	 1.718
26.8	 81.2	 0.024	 1.753
28.7	 81.2	 0.118	 2.012
30.4	 81.2	 0.035	 1.777
32.3	 81.2	 0.188	 1.683
34.1	 81.2	 0.377	 1.224
35.9	 81.2	 0.306	 1.412
37.7	 81.2	 0.141	 1.330
39.5	 81.2	 0.188	 1.706
41.3	 81.2	 0.235	 1.730
43.1	 81.2	 0.341	 1.647
44.9	 81.2	 0.271	 1.836
46.7	 81.2	 0.282	 2.071
48.5	 81.2	 0.329	 2.083
50.3	 81.2	 0.176	 1.259
52.1	 81.2	 0.588	 1.718
53.9	 81.2	 0.718	 2.047
55.7	 81.2	 0.741	 1.659
57.6	 81.2	 0.541	 1.659
59.4	 81.2	 0.294	 1.506
61.2	 81.2	 -0.024	 1.200
63.0	 81.2	 0.247	 1.424
64.9	 81.2	 0.059	 1.530
66.7	 81.2	 -0.153	 1.212
68.5	 81.2	 0.000	 0.000
-3.8	 83.0	 0.000	 0.000
-2.0	 83.0	 0.000	 0.000
-0.3	 83.0	 0.000	 0.000
1.5	 83.0	 -0.212	 2.059
3.4	 83.0	 -0.071	 2.024
5.1	 83.0	 0.059	 1.894
7.0	 83.0	 0.059	 1.471
8.8	 83.0	 0.082	 1.588
10.6	 83.0	 0.141	 1.577
12.4	 83.0	 0.153	 1.694
14.3	 83.0	 0.059	 1.530
16.1	 83.0	 0.224	 1.494
17.8	 83.0	 0.012	 1.565
19.7	 83.0	 -0.071	 1.588
21.4	 83.0	 -0.024	 1.518
23.3	 83.0	 -0.071	 1.941
25.1	 83.0	 -0.106	 1.847
26.8	 83.0	 0.000	 1.553
28.7	 83.0	 0.224	 1.718
30.4	 83.0	 0.082	 1.588
32.3	 83.0	 -0.012	 1.741
34.1	 83.0	 0.200	 1.577
35.9	 83.0	 0.235	 1.306
37.7	 83.0	 0.271	 1.400
39.5	 83.0	 0.294	 1.800
41.3	 83.0	 0.224	 1.659
43.1	 83.0	 0.165	 1.624
44.9	 83.0	 0.341	 1.506
46.7	 83.0	 0.482	 1.306
48.5	 83.0	 0.459	 1.471
50.3	 83.0	 0.259	 1.094
52.1	 83.0	 0.753	 1.483
53.9	 83.0	 0.459	 1.553
55.7	 83.0	 0.612	 1.518
57.6	 83.0	 0.577	 1.271
59.4	 83.0	 0.647	 1.706
61.2	 83.0	 0.282	 1.553
63.0	 83.0	 0.000	 1.647
64.9	 83.0	 0.012	 1.494
66.7	 83.0	 0.141	 1.283
68.5	 83.0	 0.000	 0.000
-3.8	 84.8	 0.000	 0.000
-2.0	 84.8	 0.000	 0.000
-0.3	 84.8	 0.000	 0.000
1.5	 84.8	 -0.165	 2.130
3.4	 84.8	 -0.012	 2.047
5.1	 84.8	 0.071	 1.836
7.0	 84.8	 0.106	 1.624
8.8	 84.8	 -0.024	 1.730
10.6	 84.8	 0.129	 1.647
12.4	 84.8	 0.094	 1.565
14.3	 84.8	 -0.071	 1.471
16.1	 84.8	 0.141	 1.600
17.8	 84.8	 0.094	 1.447
19.7	 84.8	 -0.271	 1.518
21.4	 84.8	 -0.153	 1.647
23.3	 84.8	 -0.118	 1.883
25.1	 84.8	 -0.024	 1.836
26.8	 84.8	 0.024	 1.812
28.7	 84.8	 0.118	 1.694
30.4	 84.8	 0.176	 1.824
32.3	 84.8	 0.200	 1.624
34.1	 84.8	 0.071	 1.683
35.9	 84.8	 0.024	 1.824
37.7	 84.8	 0.200	 1.965
39.5	 84.8	 0.329	 1.588
41.3	 84.8	 0.353	 1.635
43.1	 84.8	 0.306	 1.553
44.9	 84.8	 0.235	 1.541
46.7	 84.8	 0.176	 2.765
48.5	 84.8	 0.165	 2.200
50.3	 84.8	 0.282	 2.365
52.1	 84.8	 0.765	 1.635
53.9	 84.8	 0.200	 2.577
55.7	 84.8	 0.141	 2.259
57.6	 84.8	 0.553	 1.788
59.4	 84.8	 0.706	 2.271
61.2	 84.8	 0.200	 1.494
63.0	 84.8	 0.047	 1.871
64.9	 84.8	 0.024	 1.541
66.7	 84.8	 -0.165	 1.259
68.5	 84.8	 -0.012	 1.283
-3.8	 86.7	 0.000	 0.000
-2.0	 86.7	 0.000	 0.000
-0.3	 86.7	 0.000	 0.000
1.5	 86.7	 -0.153	 2.083
3.4	 86.7	 -0.106	 1.859
5.1	 86.7	 0.141	 1.918
7.0	 86.7	 0.165	 1.894
8.8	 86.7	 0.012	 1.518
10.6	 86.7	 -0.106	 1.588
12.4	 86.7	 -0.035	 1.847
14.3	 86.7	 0.000	 1.483
16.1	 86.7	 -0.071	 1.553
17.8	 86.7	 -0.118	 1.471
19.7	 86.7	 0.247	 1.612
21.4	 86.7	 0.035	 1.671
23.3	 86.7	 -0.059	 1.753
25.1	 86.7	 0.059	 1.777
26.8	 86.7	 0.000	 1.588
28.7	 86.7	 0.047	 1.788
30.4	 86.7	 0.188	 1.718
32.3	 86.7	 0.047	 1.330
34.1	 86.7	 0.094	 1.612
35.9	 86.7	 0.165	 1.718
37.7	 86.7	 0.341	 1.706
39.5	 86.7	 0.106	 1.812
41.3	 86.7	 0.012	 1.565
43.1	 86.7	 0.259	 1.753
44.9	 86.7	 0.388	 1.588
46.7	 86.7	 0.000	 0.000
48.5	 86.7	 0.118	 1.059
50.3	 86.7	 0.000	 0.000
52.1	 86.7	 2.259	 0.035
53.9	 86.7	 0.271	 1.424
55.7	 86.7	 0.000	 0.000
57.6	 86.7	 0.165	 1.424
59.4	 86.7	 -0.106	 1.318
61.2	 86.7	 0.224	 1.671
63.0	 86.7	 -0.012	 1.824
64.9	 86.7	 0.035	 1.788
66.7	 86.7	 0.153	 1.047
68.5	 86.7	 0.000	 0.000
-3.8	 88.5	 0.000	 0.000
-2.0	 88.5	 0.000	 0.000
-0.3	 88.5	 0.000	 0.000
1.5	 88.5	 0.094	 1.871
3.4	 88.5	 0.153	 2.059
5.1	 88.5	 0.200	 2.083
7.0	 88.5	 0.259	 1.730
8.8	 88.5	 0.024	 1.612
10.6	 88.5	 0.024	 1.647
12.4	 88.5	 0.047	 1.659
14.3	 88.5	 -0.012	 1.741
16.1	 88.5	 -0.094	 1.706
17.8	 88.5	 0.165	 1.600
19.7	 88.5	 0.212	 1.777
21.4	 88.5	 0.200	 1.694
23.3	 88.5	 0.071	 1.624
25.1	 88.5	 0.235	 1.612
26.8	 88.5	 0.153	 1.741
28.7	 88.5	 0.118	 2.212
30.4	 88.5	 0.565	 1.153
32.3	 88.5	 0.153	 1.553
34.1	 88.5	 0.212	 1.718
35.9	 88.5	 0.341	 1.965
37.7	 88.5	 0.212	 1.541
39.5	 88.5	 0.082	 1.659
41.3	 88.5	 0.153	 1.859
43.1	 88.5	 0.341	 1.824
44.9	 88.5	 0.318	 1.647
46.7	 88.5	 0.565	 2.188
48.5	 88.5	 0.471	 2.659
50.3	 88.5	 0.000	 0.000
52.1	 88.5	 0.176	 1.200
53.9	 88.5	 -0.059	 1.224
55.7	 88.5	 -0.129	 1.318
57.6	 88.5	 1.024	 3.142
59.4	 88.5	 -0.071	 1.412
61.2	 88.5	 0.259	 1.718
63.0	 88.5	 -0.012	 1.424
64.9	 88.5	 0.000	 1.388
66.7	 88.5	 -0.012	 0.988
68.5	 88.5	 -0.047	 1.012
-3.8	 90.3	 0.000	 0.000
-2.0	 90.3	 0.000	 0.000
-0.3	 90.3	 0.059	 -1.577
1.5	 90.3	 -0.129	 1.765
3.4	 90.3	 0.047	 1.836
5.1	 90.3	 0.082	 1.694
7.0	 90.3	 0.118	 1.694
8.8	 90.3	 0.047	 1.612
10.6	 90.3	 0.188	 1.624
12.4	 90.3	 -0.071	 1.659
14.3	 90.3	 0.000	 1.730
16.1	 90.3	 -0.082	 1.635
17.8	 90.3	 -0.012	 1.553
19.7	 90.3	 0.012	 1.647
21.4	 90.3	 0.094	 1.647
23.3	 90.3	 -0.035	 1.753
25.1	 90.3	 0.012	 1.400
26.8	 90.3	 0.082	 1.765
28.7	 90.3	 0.094	 2.118
30.4	 90.3	 0.212	 1.683
32.3	 90.3	 0.247	 1.177
34.1	 90.3	 0.106	 1.012
35.9	 90.3	 -0.094	 1.459
37.7	 90.3	 0.071	 1.400
39.5	 90.3	 0.282	 1.353
41.3	 90.3	 0.271	 1.788
43.1	 90.3	 0.294	 1.953
44.9	 90.3	 0.200	 1.506
46.7	 90.3	 0.506	 2.118
48.5	 90.3	 0.000	 0.000
50.3	 90.3	 0.047	 0.965
52.1	 90.3	 0.729	 3.483
53.9	 90.3	 0.106	 2.800
55.7	 90.3	 0.977	 1.012
57.6	 90.3	 -0.012	 1.435
59.4	 90.3	 -0.024	 1.471
61.2	 90.3	 -0.047	 1.330
63.0	 90.3	 0.024	 1.388
64.9	 90.3	 -0.047	 1.424
66.7	 90.3	 -0.059	 1.153
68.5	 90.3	 0.000	 0.000
-3.8	 92.0	 0.000	 0.000
-2.0	 92.0	 0.000	 0.000
-0.3	 92.0	 0.000	 0.000
1.5	 92.0	 0.000	 0.000
3.4	 92.0	 0.059	 1.647
5.1	 92.0	 -0.012	 1.753
7.0	 92.0	 0.094	 1.777
8.8	 92.0	 0.212	 1.588
10.6	 92.0	 0.165	 1.659
12.4	 92.0	 0.035	 1.647
14.3	 92.0	 -0.153	 1.612
16.1	 92.0	 -0.094	 1.541
17.8	 92.0	 -0.012	 1.518
19.7	 92.0	 0.012	 1.824
21.4	 92.0	 0.200	 1.753
23.3	 92.0	 0.153	 1.647
25.1	 92.0	 0.082	 1.506
26.8	 92.0	 0.059	 1.694
28.7	 92.0	 0.059	 1.777
30.4	 92.0	 0.247	 1.318
32.3	 92.0	 0.294	 1.471
34.1	 92.0	 0.047	 1.318
35.9	 92.0	 0.059	 1.671
37.7	 92.0	 0.106	 1.706
39.5	 92.0	 0.494	 1.306
41.3	 92.0	 0.271	 1.671
43.1	 92.0	 0.224	 1.671
44.9	 92.0	 0.259	 1.330
46.7	 92.0	 0.000	 0.000
48.5	 92.0	 0.541	 2.377
50.3	 92.0	 0.000	 0.000
52.1	 92.0	 0.176	 2.953
53.9	 92.0	 0.000	 1.565
55.7	 92.0	 0.271	 2.059
57.6	 92.0	 -0.012	 1.588
59.4	 92.0	 -0.247	 1.671
61.2	 92.0	 0.000	 1.659
63.0	 92.0	 0.188	 1.330
64.9	 92.0	 0.094	 1.447
66.7	 92.0	 -0.059	 1.459
68.5	 92.0	 0.000	 0.000
-3.8	 93.8	 0.000	 0.000
-2.0	 93.8	 0.000	 0.000
-0.3	 93.8	 0.000	 0.000
1.5	 93.8	 -0.012	 1.824
3.4	 93.8	 -0.082	 1.683
5.1	 93.8	 0.059	 1.541
7.0	 93.8	 0.176	 1.565
8.8	 93.8	 0.200	 1.518
10.6	 93.8	 0.153	 1.553
12.4	 93.8	 0.106	 1.541
14.3	 93.8	 -0.082	 1.753
16.1	 93.8	 0.176	 1.730
17.8	 93.8	 0.000	 1.659
19.7	 93.8	 0.165	 1.471
21.4	 93.8	 0.259	 1.483
23.3	 93.8	 0.188	 1.494
25.1	 93.8	 0.141	 1.530
26.8	 93.8	 0.141	 1.730
28.7	 93.8	 0.082	 1.800
30.4	 93.8	 0.047	 1.635
32.3	 93.8	 0.247	 1.388
34.1	 93.8	 0.341	 1.306
35.9	 93.8	 0.071	 1.106
37.7	 93.8	 0.341	 1.035
39.5	 93.8	 0.459	 1.365
41.3	 93.8	 0.482	 2.000
43.1	 93.8	 0.353	 1.718
44.9	 93.8	 0.459	 1.753
46.7	 93.8	 0.129	 1.259
48.5	 93.8	 0.118	 1.330
50.3	 93.8	 0.624	 1.494
52.1	 93.8	 0.094	 2.094
53.9	 93.8	 0.000	 1.859
55.7	 93.8	 -0.071	 1.718
57.6	 93.8	 0.000	 1.953
59.4	 93.8	 0.271	 1.647
61.2	 93.8	 -0.141	 1.518
63.0	 93.8	 0.588	 2.506
64.9	 93.8	 0.212	 1.588
66.7	 93.8	 -0.035	 1.459
68.5	 93.8	 0.000	 0.000
-3.8	 95.7	 0.000	 0.000
-2.0	 95.7	 0.000	 0.000
-0.3	 95.7	 0.000	 0.000
1.5	 95.7	 0.129	 1.871
3.4	 95.7	 0.235	 1.730
5.1	 95.7	 0.047	 1.565
7.0	 95.7	 0.047	 1.930
8.8	 95.7	 0.012	 1.647
10.6	 95.7	 0.118	 1.471
12.4	 95.7	 0.106	 1.600
14.3	 95.7	 0.165	 1.565
16.1	 95.7	 0.153	 1.600
17.8	 95.7	 -0.024	 1.647
19.7	 95.7	 0.059	 1.318
21.4	 95.7	 0.141	 1.694
23.3	 95.7	 0.165	 1.836
25.1	 95.7	 0.224	 1.353
26.8	 95.7	 0.047	 1.683
28.7	 95.7	 0.129	 1.271
30.4	 95.7	 0.176	 1.459
32.3	 95.7	 0.400	 1.447
34.1	 95.7	 0.141	 1.071
35.9	 95.7	 -0.094	 1.224
37.7	 95.7	 0.282	 1.177
39.5	 95.7	 0.341	 1.106
41.3	 95.7	 -0.024	 2.141
43.1	 95.7	 0.000	 2.212
44.9	 95.7	 0.341	 1.647
46.7	 95.7	 0.012	 1.988
48.5	 95.7	 -0.541	 1.506
50.3	 95.7	 -0.035	 1.435
52.1	 95.7	 -0.224	 1.141
53.9	 95.7	 -0.176	 1.506
55.7	 95.7	 -0.188	 1.518
57.6	 95.7	 -0.129	 1.494
59.4	 95.7	 -0.153	 1.577
61.2	 95.7	 -0.024	 1.600
63.0	 95.7	 0.000	 1.647
64.9	 95.7	 0.024	 1.259
66.7	 95.7	 0.035	 1.188
68.5	 95.7	 0.000	 0.000
-3.8	 97.5	 0.000	 0.000
-2.0	 97.5	 0.000	 0.000
-0.3	 97.5	 0.000	 0.000
1.5	 97.5	 -0.059	 1.659
3.4	 97.5	 -0.059	 1.447
5.1	 97.5	 0.200	 1.588
7.0	 97.5	 0.071	 1.577
8.8	 97.5	 0.212	 1.730
10.6	 97.5	 0.059	 1.588
12.4	 97.5	 0.153	 1.824
14.3	 97.5	 -0.024	 1.683
16.1	 97.5	 -0.059	 1.671
17.8	 97.5	 0.082	 1.730
19.7	 97.5	 -0.012	 1.824
21.4	 97.5	 0.012	 1.859
23.3	 97.5	 0.047	 1.753
25.1	 97.5	 0.118	 1.553
26.8	 97.5	 0.141	 1.718
28.7	 97.5	 0.176	 1.459
30.4	 97.5	 0.165	 1.271
32.3	 97.5	 0.153	 1.200
34.1	 97.5	 -0.129	 2.036
35.9	 97.5	 -0.082	 2.071
37.7	 97.5	 0.094	 2.012
39.5	 97.5	 0.282	 2.000
41.3	 97.5	 0.329	 -1.377
43.1	 97.5	 -0.294	 1.859
44.9	 97.5	 0.082	 1.483
46.7	 97.5	 0.059	 1.494
48.5	 97.5	 -0.035	 1.306
50.3	 97.5	 -0.047	 1.435
52.1	 97.5	 0.047	 1.765
53.9	 97.5	 -0.165	 1.647
55.7	 97.5	 -0.188	 1.600
57.6	 97.5	 -0.106	 1.530
59.4	 97.5	 -0.247	 1.541
61.2	 97.5	 0.035	 1.635
63.0	 97.5	 0.118	 1.683
64.9	 97.5	 0.071	 1.177
66.7	 97.5	 -0.035	 0.965
68.5	 97.5	 0.000	 0.000
-3.8	 99.3	 0.000	 0.000
-2.0	 99.3	 0.000	 0.000
-0.3	 99.3	 0.012	 -1.447
1.5	 99.3	 -0.106	 1.800
3.4	 99.3	 -0.176	 1.318
5.1	 99.3	 0.118	 1.588
7.0	 99.3	 0.188	 1.706
8.8	 99.3	 0.235	 1.671
10.6	 99.3	 0.047	 1.235
12.4	 99.3	 0.000	 1.588
14.3	 99.3	 -0.082	 1.600
16.1	 99.3	 0.035	 1.459
17.8	 99.3	 -0.059	 1.577
19.7	 99.3	 0.082	 1.577
21.4	 99.3	 -0.071	 1.624
23.3	 99.3	 0.000	 1.483
25.1	 99.3	 -0.153	 1.447
26.8	 99.3	 0.153	 1.765
28.7	 99.3	 -0.447	 2.106
30.4	 99.3	 0.071	 1.435
32.3	 99.3	 0.247	 1.400
34.1	 99.3	 -0.106	 1.883
35.9	 99.3	 -0.071	 2.153
37.7	 99.3	 0.047	 2.247
39.5	 99.3	 0.624	 1.706
41.3	 99.3	 0.047	 2.165
43.1	 99.3	 -0.141	 2.047
44.9	 99.3	 -0.012	 1.659
46.7	 99.3	 0.106	 1.541
48.5	 99.3	 0.118	 1.694
50.3	 99.3	 0.035	 1.588
52.1	 99.3	 -0.047	 1.730
53.9	 99.3	 -0.059	 1.647
55.7	 99.3	 -0.035	 1.671
57.6	 99.3	 -0.024	 1.412
59.4	 99.3	 0.047	 1.494
61.2	 99.3	 0.153	 1.612
63.0	 99.3	 0.094	 1.494
64.9	 99.3	 0.012	 1.165
66.7	 99.3	 -0.012	 1.200
68.5	 99.3	 0.035	 0.882
-3.8	 101.1	 0.000	 0.000
-2.0	 101.1	 0.000	 0.000
-0.3	 101.1	 0.000	 0.000
1.5	 101.1	 0.000	 1.753
3.4	 101.1	 -0.035	 1.765
5.1	 101.1	 0.141	 1.612
7.0	 101.1	 0.035	 1.612
8.8	 101.1	 0.329	 1.718
10.6	 101.1	 0.118	 1.471
12.4	 101.1	 0.082	 1.565
14.3	 101.1	 0.176	 1.541
16.1	 101.1	 0.435	 1.647
17.8	 101.1	 -0.024	 1.659
19.7	 101.1	 0.176	 1.447
21.4	 101.1	 0.094	 1.624
23.3	 101.1	 0.024	 1.306
25.1	 101.1	 0.082	 1.435
26.8	 101.1	 0.082	 1.718
28.7	 101.1	 -0.024	 1.412
30.4	 101.1	 -0.306	 1.094
32.3	 101.1	 0.165	 1.859
34.1	 101.1	 -0.059	 1.294
35.9	 101.1	 -0.165	 1.377
37.7	 101.1	 -0.224	 1.365
39.5	 101.1	 -0.047	 1.000
41.3	 101.1	 0.271	 1.577
43.1	 101.1	 0.000	 0.000
44.9	 101.1	 -0.118	 1.659
46.7	 101.1	 -0.024	 1.730
48.5	 101.1	 -0.024	 1.706
50.3	 101.1	 -0.106	 1.600
52.1	 101.1	 0.118	 1.647
53.9	 101.1	 0.106	 1.671
55.7	 101.1	 0.000	 1.883
57.6	 101.1	 0.000	 1.765
59.4	 101.1	 0.012	 1.753
61.2	 101.1	 0.035	 1.506
63.0	 101.1	 -0.012	 1.553
64.9	 101.1	 0.082	 1.588
66.7	 101.1	 0.047	 1.388
68.5	 101.1	 0.047	 0.953
-3.8	 102.8	 0.000	 0.000
-2.0	 102.8	 0.000	 0.000
-0.3	 102.8	 0.000	 0.000
1.5	 102.8	 0.024	 1.859
3.4	 102.8	 -0.024	 1.694
5.1	 102.8	 0.129	 1.506
7.0	 102.8	 0.165	 1.647
8.8	 102.8	 0.082	 1.800
10.6	 102.8	 0.094	 1.612
12.4	 102.8	 0.035	 1.753
14.3	 102.8	 0.035	 1.130
16.1	 102.8	 0.082	 1.588
17.8	 102.8	 0.129	 1.565
19.7	 102.8	 0.082	 1.600
21.4	 102.8	 0.071	 1.765
23.3	 102.8	 0.094	 1.471
25.1	 102.8	 0.235	 1.447
26.8	 102.8	 0.141	 1.483
28.7	 102.8	 0.141	 1.612
30.4	 102.8	 0.000	 0.000
32.3	 102.8	 -0.247	 1.000
34.1	 102.8	 0.000	 0.000
35.9	 102.8	 0.059	 1.388
37.7	 102.8	 -0.035	 1.565
39.5	 102.8	 0.071	 2.400
41.3	 102.8	 0.118	 2.459
43.1	 102.8	 0.106	 1.388
44.9	 102.8	 -0.388	 1.318
46.7	 102.8	 -0.259	 1.353
48.5	 102.8	 0.094	 1.435
50.3	 102.8	 0.000	 0.000
52.1	 102.8	 -0.153	 1.659
53.9	 102.8	 0.471	 1.883
55.7	 102.8	 -0.024	 1.659
57.6	 102.8	 -0.094	 1.635
59.4	 102.8	 -0.059	 1.953
61.2	 102.8	 -0.035	 1.753
63.0	 102.8	 -0.024	 1.577
64.9	 102.8	 -0.047	 1.471
66.7	 102.8	 -0.059	 1.400
68.5	 102.8	 0.012	 -0.871
-3.8	 104.7	 0.000	 0.000
-2.0	 104.7	 0.000	 0.000
-0.3	 104.7	 -0.012	 -1.635
1.5	 104.7	 0.247	 1.647
3.4	 104.7	 0.200	 1.788
5.1	 104.7	 -0.141	 1.530
7.0	 104.7	 -0.165	 1.447
8.8	 104.7	 0.129	 1.330
10.6	 104.7	 0.282	 1.530
12.4	 104.7	 0.141	 1.765
14.3	 104.7	 0.141	 1.706
16.1	 104.7	 0.094	 1.388
17.8	 104.7	 0.071	 1.177
19.7	 104.7	 0.024	 2.271
21.4	 104.7	 0.106	 1.271
23.3	 104.7	 0.000	 1.412
25.1	 104.7	 0.318	 1.483
26.8	 104.7	 0.000	 0.000
28.7	 104.7	 0.235	 1.294
30.4	 104.7	 -0.318	 1.930
32.3	 104.7	 -0.035	 1.353
34.1	 104.7	 0.294	 1.565
35.9	 104.7	 0.071	 1.341
37.7	 104.7	 -0.024	 1.788
39.5	 104.7	 0.129	 1.883
41.3	 104.7	 0.000	 0.000
43.1	 104.7	 0.000	 0.000
44.9	 104.7	 0.165	 2.000
46.7	 104.7	 0.129	 1.812
48.5	 104.7	 0.188	 1.200
50.3	 104.7	 0.012	 1.565
52.1	 104.7	 -0.059	 1.671
53.9	 104.7	 0.000	 1.824
55.7	 104.7	 -0.141	 1.894
57.6	 104.7	 -0.059	 1.659
59.4	 104.7	 0.024	 1.730
61.2	 104.7	 0.035	 1.706
63.0	 104.7	 0.141	 1.753
64.9	 104.7	 -0.047	 1.530
66.7	 104.7	 -0.082	 1.400
68.5	 104.7	 0.000	 0.000
-3.8	 106.5	 0.000	 0.000
-2.0	 106.5	 0.000	 0.000
-0.3	 106.5	 0.000	 0.000
1.5	 106.5	 -0.153	 1.777
3.4	 106.5	 -0.094	 1.706
5.1	 106.5	 -0.024	 1.647
7.0	 106.5	 -0.012	 1.647
8.8	 106.5	 0.271	 1.777
10.6	 106.5	 0.224	 1.788
12.4	 106.5	 0.118	 1.530
14.3	 106.5	 0.012	 1.459
16.1	 106.5	 0.212	 1.741
17.8	 106.5	 0.000	 0.000
19.7	 106.5	 0.024	 1.471
21.4	 106.5	 -0.059	 1.118
23.3	 106.5	 -0.012	 1.341
25.1	 106.5	 0.365	 1.412
26.8	 106.5	 0.047	 1.341
28.7	 106.5	 0.141	 1.388
30.4	 106.5	 -0.506	 1.765
32.3	 106.5	 0.141	 2.141
34.1	 106.5	 -0.094	 1.459
35.9	 106.5	 -0.106	 1.483
37.7	 106.5	 -0.035	 1.718
39.5	 106.5	 -0.047	 1.424
41.3	 106.5	 -0.094	 1.494
43.1	 106.5	 -0.259	 1.471
44.9	 106.5	 0.000	 0.000
46.7	 106.5	 0.000	 0.000
48.5	 106.5	 0.059	 1.600
50.3	 106.5	 0.047	 1.577
52.1	 106.5	 -0.012	 1.459
53.9	 106.5	 0.071	 1.483
55.7	 106.5	 -0.012	 1.753
57.6	 106.5	 0.094	 1.671
59.4	 106.5	 0.082	 1.883
61.2	 106.5	 0.059	 1.471
63.0	 106.5	 0.082	 1.647
64.9	 106.5	 0.165	 1.435
66.7	 106.5	 0.259	 1.741
68.5	 106.5	 0.000	 0.000
-3.8	 108.3	 0.000	 0.000
-2.0	 108.3	 0.000	 0.000
-0.3	 108.3	 0.000	 0.000
1.5	 108.3	 -0.482	 2.083
3.4	 108.3	 -0.176	 1.788
5.1	 108.3	 0.118	 1.647
7.0	 108.3	 0.012	 1.683
8.8	 108.3	 0.024	 1.588
10.6	 108.3	 0.047	 1.553
12.4	 108.3	 0.235	 1.400
14.3	 108.3	 -0.176	 1.141
16.1	 108.3	 -0.129	 1.318
17.8	 108.3	 0.106	 1.871
19.7	 108.3	 0.353	 1.283
21.4	 108.3	 0.459	 0.894
23.3	 108.3	 0.000	 0.000
25.1	 108.3	 0.412	 0.671
26.8	 108.3	 0.000	 0.000
28.7	 108.3	 0.235	 0.882
30.4	 108.3	 -0.482	 1.671
32.3	 108.3	 0.000	 0.000
34.1	 108.3	 0.000	 0.000
35.9	 108.3	 0.000	 0.000
37.7	 108.3	 -0.165	 2.118
39.5	 108.3	 0.035	 1.788
41.3	 108.3	 -0.047	 1.330
43.1	 108.3	 -0.035	 1.588
44.9	 108.3	 -0.012	 1.518
46.7	 108.3	 0.318	 1.812
48.5	 108.3	 0.165	 1.565
50.3	 108.3	 0.035	 1.447
52.1	 108.3	 -0.118	 1.235
53.9	 108.3	 -0.106	 1.459
55.7	 108.3	 0.082	 1.859
57.6	 108.3	 0.071	 1.765
59.4	 108.3	 0.047	 1.600
61.2	 108.3	 0.106	 1.600
63.0	 108.3	 0.094	 1.612
64.9	 108.3	 0.000	 1.483
66.7	 108.3	 0.059	 1.553
68.5	 108.3	 0.047	 1.459
-3.8	 110.1	 0.000	 0.000
-2.0	 110.1	 0.000	 0.000
-0.3	 110.1	 0.000	 0.000
1.5	 110.1	 -0.082	 1.612
3.4	 110.1	 0.118	 1.541
5.1	 110.1	 0.059	 1.530
7.0	 110.1	 -0.082	 1.494
8.8	 110.1	 0.035	 1.930
10.6	 110.1	 0.224	 1.847
12.4	 110.1	 -0.071	 1.588
14.3	 110.1	 -0.106	 1.235
16.1	 110.1	 0.000	 0.000
17.8	 110.1	 0.153	 1.459
19.7	 110.1	 0.482	 0.812
21.4	 110.1	 0.565	 0.965
23.3	 110.1	 0.129	 0.847
25.1	 110.1	 0.306	 0.682
26.8	 110.1	 0.012	 0.930
28.7	 110.1	 0.141	 1.165
30.4	 110.1	 -0.388	 2.141
32.3	 110.1	 0.024	 1.412
34.1	 110.1	 0.000	 0.000
35.9	 110.1	 0.012	 1.047
37.7	 110.1	 -0.047	 1.459
39.5	 110.1	 -0.012	 1.306
41.3	 110.1	 -0.235	 0.977
43.1	 110.1	 0.459	 1.800
44.9	 110.1	 0.094	 2.271
46.7	 110.1	 0.000	 0.000
48.5	 110.1	 0.200	 1.283
50.3	 110.1	 -0.012	 1.318
52.1	 110.1	 -0.118	 1.647
53.9	 110.1	 -0.071	 1.765
55.7	 110.1	 0.059	 1.788
57.6	 110.1	 0.024	 1.624
59.4	 110.1	 -0.024	 1.577
61.2	 110.1	 0.059	 1.530
63.0	 110.1	 0.082	 1.541
64.9	 110.1	 -0.024	 1.647
66.7	 110.1	 0.059	 1.894
68.5	 110.1	 0.000	 0.000
-3.8	 112.0	 0.000	 0.000
-2.0	 112.0	 0.000	 0.000
-0.3	 112.0	 -0.094	 1.259
1.5	 112.0	 -0.035	 1.483
3.4	 112.0	 -0.247	 1.259
5.1	 112.0	 0.094	 1.871
7.0	 112.0	 0.012	 1.565
8.8	 112.0	 0.235	 1.341
10.6	 112.0	 0.118	 1.341
12.4	 112.0	 -0.224	 1.353
14.3	 112.0	 0.000	 1.459
16.1	 112.0	 -0.071	 1.306
17.8	 112.0	 0.318	 1.082
19.7	 112.0	 0.000	 0.000
21.4	 112.0	 0.047	 1.283
23.3	 112.0	 0.118	 1.059
25.1	 112.0	 0.176	 1.165
26.8	 112.0	 0.271	 0.953
28.7	 112.0	 0.035	 1.541
30.4	 112.0	 0.306	 1.694
32.3	 112.0	 -0.024	 1.188
34.1	 112.0	 -0.035	 1.165
35.9	 112.0	 0.000	 0.000
37.7	 112.0	 0.000	 1.283
39.5	 112.0	 0.012	 1.577
41.3	 112.0	 0.200	 1.400
43.1	 112.0	 -0.106	 1.647
44.9	 112.0	 0.035	 1.459
46.7	 112.0	 -0.082	 1.706
48.5	 112.0	 0.059	 1.577
50.3	 112.0	 0.118	 1.518
52.1	 112.0	 0.000	 0.000
53.9	 112.0	 0.071	 1.647
55.7	 112.0	 0.024	 1.530
57.6	 112.0	 0.176	 1.424
59.4	 112.0	 -0.071	 1.988
61.2	 112.0	 0.012	 1.683
63.0	 112.0	 0.106	 1.659
64.9	 112.0	 0.024	 1.541
66.7	 112.0	 0.071	 1.541
68.5	 112.0	 0.047	 1.600
-3.8	 113.8	 0.000	 0.000
-2.0	 113.8	 0.000	 0.000
-0.3	 113.8	 -0.047	 1.506
1.5	 113.8	 0.141	 1.306
3.4	 113.8	 -0.106	 1.283
5.1	 113.8	 0.047	 1.400
7.0	 113.8	 -0.094	 1.130
8.8	 113.8	 0.588	 0.824
10.6	 113.8	 0.141	 1.388
12.4	 113.8	 0.000	 0.000
14.3	 113.8	 0.024	 1.118
16.1	 113.8	 0.000	 1.224
17.8	 113.8	 0.094	 1.388
19.7	 113.8	 0.282	 1.424
21.4	 113.8	 0.071	 1.447
23.3	 113.8	 0.035	 1.177
25.1	 113.8	 0.200	 1.106
26.8	 113.8	 0.129	 0.741
28.7	 113.8	 -0.071	 1.165
30.4	 113.8	 0.200	 1.165
32.3	 113.8	 0.118	 1.318
34.1	 113.8	 -0.506	 1.753
35.9	 113.8	 -0.518	 1.718
37.7	 113.8	 -0.247	 1.577
39.5	 113.8	 0.000	 0.000
41.3	 113.8	 -0.565	 1.518
43.1	 113.8	 -0.059	 1.753
44.9	 113.8	 -0.235	 2.094
46.7	 113.8	 -0.118	 1.553
48.5	 113.8	 -0.153	 1.118
50.3	 113.8	 0.188	 1.318
52.1	 113.8	 0.024	 1.494
53.9	 113.8	 0.000	 1.600
55.7	 113.8	 -0.129	 1.694
57.6	 113.8	 -0.059	 1.718
59.4	 113.8	 -0.059	 1.541
61.2	 113.8	 -0.012	 1.706
63.0	 113.8	 -0.012	 1.600
64.9	 113.8	 0.035	 1.518
66.7	 113.8	 0.059	 1.530
68.5	 113.8	 0.000	 0.000
-3.8	 115.6	 0.000	 0.000
-2.0	 115.6	 0.000	 0.000
-0.3	 115.6	 0.000	 0.000
1.5	 115.6	 -0.118	 1.412
3.4	 115.6	 0.129	 1.459
5.1	 115.6	 0.094	 1.494
7.0	 115.6	 -0.200	 1.082
8.8	 115.6	 -0.153	 1.106
10.6	 115.6	 0.176	 1.106
12.4	 115.6	 -0.224	 1.765
14.3	 115.6	 0.200	 1.577
16.1	 115.6	 0.059	 1.447
17.8	 115.6	 -0.141	 1.188
19.7	 115.6	 0.435	 1.200
21.4	 115.6	 -0.224	 1.082
23.3	 115.6	 0.000	 0.000
25.1	 115.6	 -0.118	 1.188
26.8	 115.6	 -0.118	 0.871
28.7	 115.6	 -0.059	 1.377
30.4	 115.6	 -0.153	 1.377
32.3	 115.6	 -0.035	 1.059
34.1	 115.6	 -0.071	 1.541
35.9	 115.6	 -0.024	 1.541
37.7	 115.6	 0.094	 1.671
39.5	 115.6	 0.094	 0.941
41.3	 115.6	 -0.176	 1.447
43.1	 115.6	 0.035	 1.530
44.9	 115.6	 0.129	 1.694
46.7	 115.6	 -0.071	 1.565
48.5	 115.6	 -0.165	 1.753
50.3	 115.6	 -0.176	 1.765
52.1	 115.6	 0.012	 1.400
53.9	 115.6	 -0.035	 1.530
55.7	 115.6	 -0.141	 1.694
57.6	 115.6	 -0.035	 1.518
59.4	 115.6	 0.071	 1.635
61.2	 115.6	 0.035	 1.706
63.0	 115.6	 -0.035	 1.824
64.9	 115.6	 0.047	 1.600
66.7	 115.6	 0.024	 1.518
68.5	 115.6	 0.000	 0.000
-3.8	 117.3	 0.000	 0.000
-2.0	 117.3	 0.000	 0.000
-0.3	 117.3	 -0.118	 1.259
1.5	 117.3	 0.000	 0.000
3.4	 117.3	 0.118	 2.389
5.1	 117.3	 0.000	 0.000
7.0	 117.3	 0.000	 0.000
8.8	 117.3	 0.000	 0.000
10.6	 117.3	 0.188	 1.941
12.4	 117.3	 -0.977	 -3.200
14.3	 117.3	 -0.118	 1.141
16.1	 117.3	 0.259	 1.730
17.8	 117.3	 0.071	 1.553
19.7	 117.3	 -0.200	 1.153
21.4	 117.3	 0.000	 0.000
23.3	 117.3	 -0.118	 0.977
25.1	 117.3	 0.000	 0.000
26.8	 117.3	 0.000	 0.000
28.7	 117.3	 0.000	 0.000
30.4	 117.3	 -0.094	 2.718
32.3	 117.3	 -0.012	 1.471
34.1	 117.3	 0.000	 0.000
35.9	 117.3	 0.000	 0.000
37.7	 117.3	 -0.129	 1.541
39.5	 117.3	 -0.059	 1.671
41.3	 117.3	 0.718	 2.106
43.1	 117.3	 -0.588	 1.518
44.9	 117.3	 0.012	 1.294
46.7	 117.3	 -0.094	 1.247
48.5	 117.3	 -0.106	 1.318
50.3	 117.3	 -0.071	 1.741
52.1	 117.3	 0.024	 1.483
53.9	 117.3	 0.000	 1.530
55.7	 117.3	 -0.094	 1.659
57.6	 117.3	 -0.435	 1.883
59.4	 117.3	 0.035	 1.565
61.2	 117.3	 0.012	 1.788
63.0	 117.3	 0.035	 1.541
64.9	 117.3	 0.118	 1.683
66.7	 117.3	 0.129	 1.541
68.5	 117.3	 0.024	 1.459
-3.8	 119.2	 0.000	 0.000
-2.0	 119.2	 0.000	 0.000
-0.3	 119.2	 -0.118	 1.247
1.5	 119.2	 -0.094	 1.306
3.4	 119.2	 0.000	 0.000
5.1	 119.2	 -0.012	 2.765
7.0	 119.2	 0.082	 1.200
8.8	 119.2	 0.118	 1.412
10.6	 119.2	 0.012	 0.871
12.4	 119.2	 -0.518	 1.565
14.3	 119.2	 0.141	 1.094
16.1	 119.2	 0.047	 1.859
17.8	 119.2	 0.000	 0.000
19.7	 119.2	 0.000	 0.000
21.4	 119.2	 0.235	 2.824
23.3	 119.2	 -0.012	 1.471
25.1	 119.2	 -0.059	 1.365
26.8	 119.2	 0.176	 2.683
28.7	 119.2	 -0.118	 1.294
30.4	 119.2	 0.000	 0.000
32.3	 119.2	 0.000	 0.000
34.1	 119.2	 -0.259	 1.977
35.9	 119.2	 0.059	 2.389
37.7	 119.2	 -0.141	 1.435
39.5	 119.2	 0.329	 1.471
41.3	 119.2	 -0.200	 1.506
43.1	 119.2	 -0.071	 1.530
44.9	 119.2	 0.012	 1.153
46.7	 119.2	 0.012	 1.471
48.5	 119.2	 0.012	 1.412
50.3	 119.2	 -0.141	 1.612
52.1	 119.2	 -0.035	 1.588
53.9	 119.2	 0.059	 1.600
55.7	 119.2	 -0.047	 1.541
57.6	 119.2	 -0.106	 1.624
59.4	 119.2	 -0.118	 1.506
61.2	 119.2	 -0.094	 1.588
63.0	 119.2	 0.024	 1.612
64.9	 119.2	 0.024	 1.506
66.7	 119.2	 -0.118	 1.377
68.5	 119.2	 0.024	 1.353
-3.8	 121.0	 0.000	 0.000
-2.0	 121.0	 0.000	 0.000
-0.3	 121.0	 -0.235	 1.635
1.5	 121.0	 -0.106	 2.012
3.4	 121.0	 -0.035	 2.118
5.1	 121.0	 -0.035	 1.318
7.0	 121.0	 -0.012	 1.294
8.8	 121.0	 0.153	 0.706
10.6	 121.0	 -0.106	 1.330
12.4	 121.0	 -0.200	 1.024
14.3	 121.0	 -0.071	 1.530
16.1	 121.0	 0.000	 0.000
17.8	 121.0	 -0.082	 1.412
19.7	 121.0	 -0.082	 2.518
21.4	 121.0	 0.000	 0.000
23.3	 121.0	 -0.753	 1.412
25.1	 121.0	 0.000	 0.000
26.8	 121.0	 0.000	 0.000
28.7	 121.0	 1.130	 3.118
30.4	 121.0	 -0.082	 1.459
32.3	 121.0	 -0.024	 1.447
34.1	 121.0	 0.165	 0.859
35.9	 121.0	 -0.082	 1.400
37.7	 121.0	 -0.153	 1.447
39.5	 121.0	 -0.200	 1.200
41.3	 121.0	 -0.176	 1.365
43.1	 121.0	 -0.106	 1.659
44.9	 121.0	 -0.035	 1.706
46.7	 121.0	 -0.047	 1.483
48.5	 121.0	 0.118	 1.424
50.3	 121.0	 -0.094	 1.435
52.1	 121.0	 0.212	 1.565
53.9	 121.0	 -0.024	 1.800
55.7	 121.0	 -0.106	 1.871
57.6	 121.0	 0.071	 1.706
59.4	 121.0	 -0.059	 1.553
61.2	 121.0	 -0.012	 1.424
63.0	 121.0	 0.071	 1.530
64.9	 121.0	 0.000	 0.000
66.7	 121.0	 0.106	 1.541
68.5	 121.0	 0.000	 0.000
-3.8	 122.8	 0.000	 0.000
-2.0	 122.8	 0.000	 0.000
-0.3	 122.8	 -0.247	 1.447
1.5	 122.8	 0.000	 0.000
3.4	 122.8	 -0.071	 1.965
5.1	 122.8	 -0.094	 1.988
7.0	 122.8	 0.000	 1.412
8.8	 122.8	 -0.224	 1.530
10.6	 122.8	 -0.329	 1.471
12.4	 122.8	 0.000	 0.000
14.3	 122.8	 0.000	 0.000
16.1	 122.8	 0.000	 0.000
17.8	 122.8	 0.000	 0.588
19.7	 122.8	 0.000	 0.000
21.4	 122.8	 -0.729	 2.471
23.3	 122.8	 -0.588	 1.447
25.1	 122.8	 -0.035	 1.353
26.8	 122.8	 -0.024	 0.965
28.7	 122.8	 0.082	 1.271
30.4	 122.8	 -0.059	 1.459
32.3	 122.8	 -0.200	 1.565
34.1	 122.8	 -0.094	 1.188
35.9	 122.8	 -0.377	 1.306
37.7	 122.8	 0.000	 0.000
39.5	 122.8	 -0.318	 1.294
41.3	 122.8	 -0.247	 1.153
43.1	 122.8	 0.000	 0.000
44.9	 122.8	 0.000	 0.000
46.7	 122.8	 -0.176	 1.271
48.5	 122.8	 -0.059	 1.318
50.3	 122.8	 -0.071	 1.318
52.1	 122.8	 0.000	 0.000
53.9	 122.8	 0.012	 1.600
55.7	 122.8	 -0.106	 1.753
57.6	 122.8	 -0.059	 1.612
59.4	 122.8	 0.094	 1.883
61.2	 122.8	 0.000	 1.741
63.0	 122.8	 0.176	 1.588
64.9	 122.8	 0.129	 1.541
66.7	 122.8	 -0.153	 1.965
68.5	 122.8	 0.071	 0.035
-3.8	 124.6	 0.000	 0.000
-2.0	 124.6	 0.000	 0.000
-0.3	 124.6	 0.282	 1.494
1.5	 124.6	 -0.212	 1.024
3.4	 124.6	 -0.059	 1.153
5.1	 124.6	 0.000	 0.000
7.0	 124.6	 0.282	 1.035
8.8	 124.6	 -0.035	 1.235
10.6	 124.6	 0.012	 1.377
12.4	 124.6	 0.082	 1.377
14.3	 124.6	 -0.012	 1.424
16.1	 124.6	 0.212	 1.930
17.8	 124.6	 -0.129	 1.200
19.7	 124.6	 0.224	 1.483
21.4	 124.6	 0.000	 0.000
23.3	 124.6	 -0.024	 1.177
25.1	 124.6	 -0.424	 1.577
26.8	 124.6	 -0.306	 1.483
28.7	 124.6	 0.035	 1.341
30.4	 124.6	 -0.353	 1.965
32.3	 124.6	 -0.188	 1.577
34.1	 124.6	 -0.471	 1.318
35.9	 124.6	 -0.435	 1.341
37.7	 124.6	 -0.012	 1.647
39.5	 124.6	 -0.412	 1.683
41.3	 124.6	 -0.059	 1.530
43.1	 124.6	 0.035	 1.518
44.9	 124.6	 0.000	 0.000
46.7	 124.6	 -0.082	 1.541
48.5	 124.6	 -0.012	 1.412
50.3	 124.6	 0.000	 0.000
52.1	 124.6	 -0.071	 1.753
53.9	 124.6	 -0.012	 1.694
55.7	 124.6	 0.047	 1.883
57.6	 124.6	 0.094	 1.447
59.4	 124.6	 -0.012	 1.730
61.2	 124.6	 -0.082	 1.683
63.0	 124.6	 -0.012	 1.671
64.9	 124.6	 -0.082	 1.671
66.7	 124.6	 -0.106	 1.424
68.5	 124.6	 0.000	 0.000
