-3.8	 50.5	 0.000	 0.000
-2.0	 50.5	 0.000	 0.000
-0.3	 50.5	 -0.094	 2.471
1.5	 50.5	 0.059	 2.412
3.4	 50.5	 -0.318	 1.647
5.1	 50.5	 0.247	 1.918
7.0	 50.5	 0.035	 1.483
8.8	 50.5	 0.435	 1.459
10.6	 50.5	 0.271	 1.200
12.4	 50.5	 0.635	 1.624
14.3	 50.5	 -1.494	 1.612
16.1	 50.5	 -0.835	 2.188
17.8	 50.5	 -0.647	 1.612
19.7	 50.5	 0.459	 0.777
21.4	 50.5	 -0.188	 1.200
23.3	 50.5	 0.212	 1.294
25.1	 50.5	 0.071	 1.353
26.8	 50.5	 -0.494	 2.165
28.7	 50.5	 -0.765	 2.200
30.4	 50.5	 0.094	 1.659
32.3	 50.5	 -0.341	 2.036
34.1	 50.5	 -0.365	 2.247
35.9	 50.5	 -0.482	 2.341
37.7	 50.5	 -0.459	 2.271
39.5	 50.5	 -0.306	 2.153
41.3	 50.5	 -0.176	 2.153
43.1	 50.5	 -0.047	 1.847
44.9	 50.5	 -0.082	 1.988
46.7	 50.5	 0.024	 1.953
48.5	 50.5	 0.071	 1.965
50.3	 50.5	 -0.094	 1.612
52.1	 50.5	 -0.318	 1.024
53.9	 50.5	 -0.153	 1.035
55.7	 50.5	 0.329	 1.141
57.6	 50.5	 0.153	 0.847
59.4	 50.5	 0.024	 0.788
61.2	 50.5	 0.212	 1.035
63.0	 50.5	 0.012	 0.753
64.9	 50.5	 0.071	 0.659
66.7	 50.5	 0.141	 0.706
68.5	 50.5	 -0.059	 0.318
-3.8	 52.3	 0.000	 0.000
-2.0	 52.3	 0.000	 0.000
-0.3	 52.3	 0.000	 0.000
1.5	 52.3	 0.271	 1.694
3.4	 52.3	 0.212	 2.141
5.1	 52.3	 0.506	 2.306
7.0	 52.3	 0.071	 1.235
8.8	 52.3	 0.141	 0.894
10.6	 52.3	 -0.094	 1.435
12.4	 52.3	 -0.506	 1.588
14.3	 52.3	 -0.106	 1.447
16.1	 52.3	 -0.329	 1.659
17.8	 52.3	 -0.682	 1.671
19.7	 52.3	 -0.024	 1.577
21.4	 52.3	 0.000	 0.000
23.3	 52.3	 0.106	 1.294
25.1	 52.3	 0.847	 1.188
26.8	 52.3	 -0.824	 2.212
28.7	 52.3	 0.000	 0.000
30.4	 52.3	 -0.612	 2.283
32.3	 52.3	 -0.706	 2.377
34.1	 52.3	 -0.565	 2.224
35.9	 52.3	 -0.271	 2.236
37.7	 52.3	 -0.588	 2.130
39.5	 52.3	 -0.082	 2.130
41.3	 52.3	 -0.129	 2.294
43.1	 52.3	 -0.129	 2.177
44.9	 52.3	 -0.176	 1.965
46.7	 52.3	 0.059	 1.871
48.5	 52.3	 0.129	 1.788
50.3	 52.3	 -0.012	 1.071
52.1	 52.3	 0.059	 1.082
53.9	 52.3	 0.012	 1.106
55.7	 52.3	 0.094	 1.047
57.6	 52.3	 0.106	 0.835
59.4	 52.3	 -0.235	 0.741
61.2	 52.3	 -0.129	 0.894
63.0	 52.3	 -0.165	 0.635
64.9	 52.3	 -0.059	 0.800
66.7	 52.3	 0.024	 0.930
68.5	 52.3	 0.000	 0.000
-3.8	 54.1	 0.000	 0.000
-2.0	 54.1	 0.000	 0.000
-0.3	 54.1	 -0.153	 3.024
1.5	 54.1	 0.271	 2.565
3.4	 54.1	 0.541	 2.400
5.1	 54.1	 0.400	 2.236
7.0	 54.1	 0.224	 1.588
8.8	 54.1	 0.047	 1.424
10.6	 54.1	 0.047	 1.706
12.4	 54.1	 0.071	 1.471
14.3	 54.1	 0.094	 1.812
16.1	 54.1	 -1.235	 2.530
17.8	 54.1	 0.000	 0.000
19.7	 54.1	 -1.283	 1.318
21.4	 54.1	 -0.259	 1.765
23.3	 54.1	 0.577	 0.941
25.1	 54.1	 0.165	 1.694
26.8	 54.1	 -0.659	 2.141
28.7	 54.1	 -0.847	 2.306
30.4	 54.1	 -0.694	 2.353
32.3	 54.1	 -0.529	 2.541
34.1	 54.1	 -0.224	 2.424
35.9	 54.1	 -0.129	 2.389
37.7	 54.1	 -0.306	 1.953
39.5	 54.1	 -0.541	 2.012
41.3	 54.1	 -0.094	 2.106
43.1	 54.1	 -0.129	 2.083
44.9	 54.1	 -0.153	 2.200
46.7	 54.1	 -0.024	 2.212
48.5	 54.1	 0.235	 1.718
50.3	 54.1	 0.000	 0.953
52.1	 54.1	 0.047	 1.212
53.9	 54.1	 0.000	 1.047
55.7	 54.1	 -0.059	 0.906
57.6	 54.1	 -0.094	 0.824
59.4	 54.1	 0.024	 0.882
61.2	 54.1	 -0.047	 0.977
63.0	 54.1	 0.247	 0.859
64.9	 54.1	 -0.012	 0.859
66.7	 54.1	 0.153	 0.847
68.5	 54.1	 0.000	 0.000
-3.8	 55.9	 0.000	 0.000
-2.0	 55.9	 0.000	 0.000
-0.3	 55.9	 -0.094	 2.589
1.5	 55.9	 0.000	 0.000
3.4	 55.9	 0.377	 1.965
5.1	 55.9	 0.094	 2.059
7.0	 55.9	 -0.153	 1.541
8.8	 55.9	 0.235	 1.365
10.6	 55.9	 0.447	 1.624
12.4	 55.9	 -0.012	 1.447
14.3	 55.9	 -0.071	 1.471
16.1	 55.9	 -0.647	 1.318
17.8	 55.9	 0.000	 0.000
19.7	 55.9	 0.000	 0.000
21.4	 55.9	 0.000	 0.000
23.3	 55.9	 -0.647	 2.118
25.1	 55.9	 -0.624	 2.236
26.8	 55.9	 -1.000	 2.212
28.7	 55.9	 -0.824	 2.753
30.4	 55.9	 -0.412	 2.224
32.3	 55.9	 -0.200	 2.447
34.1	 55.9	 -0.094	 2.753
35.9	 55.9	 -0.294	 2.271
37.7	 55.9	 -0.412	 2.059
39.5	 55.9	 -0.129	 1.883
41.3	 55.9	 -0.188	 2.059
43.1	 55.9	 -0.035	 1.847
44.9	 55.9	 -0.106	 2.130
46.7	 55.9	 -0.059	 2.153
48.5	 55.9	 0.035	 1.741
50.3	 55.9	 -0.094	 1.059
52.1	 55.9	 0.153	 1.224
53.9	 55.9	 0.494	 1.577
55.7	 55.9	 -0.188	 1.224
57.6	 55.9	 -0.294	 1.177
59.4	 55.9	 0.129	 1.141
61.2	 55.9	 0.071	 0.953
63.0	 55.9	 0.000	 0.000
64.9	 55.9	 0.071	 0.588
66.7	 55.9	 -0.306	 0.894
68.5	 55.9	 0.012	 0.953
-3.8	 57.7	 0.000	 0.000
-2.0	 57.7	 0.000	 0.000
-0.3	 57.7	 -0.047	 2.200
1.5	 57.7	 0.094	 2.306
3.4	 57.7	 0.118	 1.977
5.1	 57.7	 0.259	 1.730
7.0	 57.7	 0.000	 0.000
8.8	 57.7	 0.000	 0.000
10.6	 57.7	 0.059	 1.565
12.4	 57.7	 0.000	 1.765
14.3	 57.7	 -0.235	 1.553
16.1	 57.7	 -0.729	 2.318
17.8	 57.7	 -1.082	 2.612
19.7	 57.7	 0.000	 0.000
21.4	 57.7	 -0.071	 1.541
23.3	 57.7	 -0.188	 1.624
25.1	 57.7	 -0.706	 2.330
26.8	 57.7	 -0.788	 2.577
28.7	 57.7	 -0.400	 2.165
30.4	 57.7	 -0.471	 2.247
32.3	 57.7	 -0.659	 2.141
34.1	 57.7	 -0.176	 1.777
35.9	 57.7	 -0.329	 2.236
37.7	 57.7	 -0.165	 2.247
39.5	 57.7	 -0.212	 2.094
41.3	 57.7	 -0.082	 1.859
43.1	 57.7	 0.024	 1.906
44.9	 57.7	 0.353	 1.753
46.7	 57.7	 -0.024	 1.612
48.5	 57.7	 0.329	 1.412
50.3	 57.7	 0.059	 0.800
52.1	 57.7	 0.153	 1.294
53.9	 57.7	 0.024	 1.283
55.7	 57.7	 0.341	 1.330
57.6	 57.7	 0.118	 1.306
59.4	 57.7	 -0.153	 1.059
61.2	 57.7	 -0.035	 1.153
63.0	 57.7	 -0.024	 0.988
64.9	 57.7	 0.106	 0.941
66.7	 57.7	 -0.165	 0.941
68.5	 57.7	 0.012	 1.082
-3.8	 59.5	 0.000	 0.000
-2.0	 59.5	 0.000	 0.000
-0.3	 59.5	 0.000	 0.000
1.5	 59.5	 0.365	 2.836
3.4	 59.5	 0.588	 1.988
5.1	 59.5	 0.435	 2.153
7.0	 59.5	 -0.200	 1.094
8.8	 59.5	 0.176	 1.435
10.6	 59.5	 0.000	 0.000
12.4	 59.5	 0.082	 1.412
14.3	 59.5	 -0.306	 1.459
16.1	 59.5	 -0.447	 1.435
17.8	 59.5	 0.459	 1.577
19.7	 59.5	 0.577	 1.553
21.4	 59.5	 -0.353	 1.435
23.3	 59.5	 -0.435	 1.494
25.1	 59.5	 -0.659	 2.424
26.8	 59.5	 -0.506	 2.247
28.7	 59.5	 -0.259	 1.718
30.4	 59.5	 -0.400	 2.071
32.3	 59.5	 -0.506	 2.106
34.1	 59.5	 -0.294	 1.965
35.9	 59.5	 -0.059	 1.624
37.7	 59.5	 -0.118	 2.036
39.5	 59.5	 -0.212	 2.083
41.3	 59.5	 0.059	 2.341
43.1	 59.5	 0.176	 2.294
44.9	 59.5	 0.165	 1.906
46.7	 59.5	 0.059	 1.294
48.5	 59.5	 0.176	 1.494
50.3	 59.5	 0.094	 1.588
52.1	 59.5	 0.000	 1.435
53.9	 59.5	 0.282	 1.541
55.7	 59.5	 -0.118	 1.224
57.6	 59.5	 0.000	 0.000
59.4	 59.5	 -0.094	 1.318
61.2	 59.5	 0.024	 1.082
63.0	 59.5	 -0.012	 1.082
64.9	 59.5	 0.024	 1.035
66.7	 59.5	 0.024	 0.859
68.5	 59.5	 0.012	 0.930
-3.8	 61.3	 0.000	 0.000
-2.0	 61.3	 0.000	 0.000
-0.3	 61.3	 0.000	 0.000
1.5	 61.3	 -0.071	 3.589
3.4	 61.3	 0.141	 2.565
5.1	 61.3	 0.459	 2.518
7.0	 61.3	 -0.141	 1.518
8.8	 61.3	 0.235	 2.165
10.6	 61.3	 0.118	 2.083
12.4	 61.3	 -0.118	 1.577
14.3	 61.3	 -0.200	 1.941
16.1	 61.3	 -0.412	 1.647
17.8	 61.3	 -0.235	 1.577
19.7	 61.3	 0.012	 1.330
21.4	 61.3	 -0.129	 1.000
23.3	 61.3	 -0.659	 1.553
25.1	 61.3	 -0.482	 1.671
26.8	 61.3	 -0.459	 2.377
28.7	 61.3	 -0.306	 2.071
30.4	 61.3	 -0.165	 1.600
32.3	 61.3	 0.176	 1.647
34.1	 61.3	 0.059	 1.753
35.9	 61.3	 -0.094	 1.730
37.7	 61.3	 -0.141	 1.683
39.5	 61.3	 0.188	 1.871
41.3	 61.3	 0.082	 1.906
43.1	 61.3	 0.094	 1.894
44.9	 61.3	 0.106	 2.059
46.7	 61.3	 0.035	 2.012
48.5	 61.3	 0.200	 1.424
50.3	 61.3	 0.000	 0.000
52.1	 61.3	 -0.200	 1.365
53.9	 61.3	 0.212	 1.247
55.7	 61.3	 0.306	 1.271
57.6	 61.3	 0.388	 1.459
59.4	 61.3	 0.035	 1.188
61.2	 61.3	 0.012	 1.283
63.0	 61.3	 0.059	 1.235
64.9	 61.3	 -0.035	 1.177
66.7	 61.3	 0.024	 1.106
68.5	 61.3	 -0.012	 1.800
-3.8	 63.2	 0.000	 0.000
-2.0	 63.2	 0.000	 0.000
-0.3	 63.2	 -0.035	 -1.471
1.5	 63.2	 0.165	 3.318
3.4	 63.2	 0.141	 2.577
5.1	 63.2	 0.153	 1.859
7.0	 63.2	 0.588	 2.294
8.8	 63.2	 0.424	 2.165
10.6	 63.2	 0.000	 0.000
12.4	 63.2	 0.000	 1.483
14.3	 63.2	 -0.035	 1.365
16.1	 63.2	 -0.212	 1.635
17.8	 63.2	 -0.318	 1.694
19.7	 63.2	 -0.188	 1.694
21.4	 63.2	 -0.024	 1.553
23.3	 63.2	 -0.188	 1.847
25.1	 63.2	 -0.294	 1.765
26.8	 63.2	 -0.129	 2.094
28.7	 63.2	 0.059	 1.459
30.4	 63.2	 0.129	 1.165
32.3	 63.2	 -0.012	 1.565
34.1	 63.2	 0.129	 1.577
35.9	 63.2	 -0.047	 1.906
37.7	 63.2	 -0.165	 2.236
39.5	 63.2	 0.071	 1.800
41.3	 63.2	 0.129	 2.271
43.1	 63.2	 0.082	 1.836
44.9	 63.2	 0.412	 1.765
46.7	 63.2	 0.188	 1.459
48.5	 63.2	 0.271	 1.553
50.3	 63.2	 0.094	 1.577
52.1	 63.2	 0.188	 1.577
53.9	 63.2	 0.506	 1.471
55.7	 63.2	 0.200	 1.518
57.6	 63.2	 0.294	 1.435
59.4	 63.2	 1.000	 1.494
61.2	 63.2	 0.071	 1.035
63.0	 63.2	 0.247	 1.400
64.9	 63.2	 0.000	 1.094
66.7	 63.2	 0.035	 1.130
68.5	 63.2	 0.094	 1.400
-3.8	 65.0	 0.000	 0.000
-2.0	 65.0	 0.000	 0.000
-0.3	 65.0	 0.000	 0.000
1.5	 65.0	 0.024	 2.989
3.4	 65.0	 0.212	 1.988
5.1	 65.0	 0.024	 1.741
7.0	 65.0	 0.294	 1.918
8.8	 65.0	 0.282	 1.953
10.6	 65.0	 0.271	 1.518
12.4	 65.0	 -0.271	 1.459
14.3	 65.0	 0.153	 1.412
16.1	 65.0	 0.118	 1.765
17.8	 65.0	 -0.176	 1.647
19.7	 65.0	 -0.459	 2.141
21.4	 65.0	 -0.706	 2.259
23.3	 65.0	 0.071	 1.800
25.1	 65.0	 -0.459	 2.459
26.8	 65.0	 -0.235	 1.988
28.7	 65.0	 -0.141	 1.977
30.4	 65.0	 -0.353	 2.047
32.3	 65.0	 -0.059	 2.106
34.1	 65.0	 0.035	 2.036
35.9	 65.0	 -0.176	 1.894
37.7	 65.0	 -0.059	 1.353
39.5	 65.0	 0.329	 1.577
41.3	 65.0	 0.071	 1.800
43.1	 65.0	 0.047	 1.847
44.9	 65.0	 0.553	 1.836
46.7	 65.0	 0.894	 1.647
48.5	 65.0	 0.200	 1.130
50.3	 65.0	 -0.082	 1.377
52.1	 65.0	 0.165	 1.341
53.9	 65.0	 0.224	 1.435
55.7	 65.0	 0.012	 1.400
57.6	 65.0	 -0.024	 1.424
59.4	 65.0	 0.212	 1.306
61.2	 65.0	 0.235	 1.047
63.0	 65.0	 0.282	 1.459
64.9	 65.0	 0.341	 1.424
66.7	 65.0	 0.012	 1.318
68.5	 65.0	 0.035	 1.177
-3.8	 66.8	 0.000	 0.000
-2.0	 66.8	 0.000	 0.000
-0.3	 66.8	 -0.094	 -1.518
1.5	 66.8	 0.224	 2.236
3.4	 66.8	 0.212	 2.024
5.1	 66.8	 -0.106	 1.683
7.0	 66.8	 0.024	 1.635
8.8	 66.8	 -0.082	 1.565
10.6	 66.8	 0.024	 1.471
12.4	 66.8	 0.000	 0.000
14.3	 66.8	 -0.271	 1.435
16.1	 66.8	 0.000	 0.000
17.8	 66.8	 0.200	 1.553
19.7	 66.8	 -0.282	 2.094
21.4	 66.8	 -0.235	 1.941
23.3	 66.8	 -0.659	 2.318
25.1	 66.8	 0.000	 0.000
26.8	 66.8	 -2.224	 -1.459
28.7	 66.8	 -0.024	 2.106
30.4	 66.8	 -0.494	 2.141
32.3	 66.8	 -0.553	 2.294
34.1	 66.8	 0.294	 1.788
35.9	 66.8	 -0.035	 1.483
37.7	 66.8	 0.129	 1.600
39.5	 66.8	 0.165	 1.859
41.3	 66.8	 0.000	 1.871
43.1	 66.8	 -0.035	 1.894
44.9	 66.8	 0.000	 0.000
46.7	 66.8	 0.412	 1.577
48.5	 66.8	 0.412	 1.306
50.3	 66.8	 -0.141	 1.365
52.1	 66.8	 0.141	 1.659
53.9	 66.8	 0.388	 1.530
55.7	 66.8	 -0.212	 1.435
57.6	 66.8	 -0.200	 1.388
59.4	 66.8	 0.400	 1.459
61.2	 66.8	 0.282	 1.082
63.0	 66.8	 0.306	 1.435
64.9	 66.8	 0.000	 1.365
66.7	 66.8	 -0.447	 1.000
68.5	 66.8	 -0.012	 1.283
-3.8	 68.6	 0.000	 0.000
-2.0	 68.6	 0.000	 0.000
-0.3	 68.6	 0.000	 0.000
1.5	 68.6	 -0.176	 2.471
3.4	 68.6	 0.035	 1.388
5.1	 68.6	 0.494	 2.530
7.0	 68.6	 0.529	 1.483
8.8	 68.6	 0.424	 1.577
10.6	 68.6	 0.012	 1.753
12.4	 68.6	 0.000	 0.000
14.3	 68.6	 0.082	 1.577
16.1	 68.6	 -0.082	 1.518
17.8	 68.6	 -0.024	 1.530
19.7	 68.6	 -0.047	 1.765
21.4	 68.6	 -0.235	 1.635
23.3	 68.6	 -0.529	 1.906
25.1	 68.6	 0.000	 0.000
26.8	 68.6	 -0.165	 2.047
28.7	 68.6	 -0.047	 2.212
30.4	 68.6	 -0.635	 2.106
32.3	 68.6	 -0.518	 2.024
34.1	 68.6	 0.212	 1.694
35.9	 68.6	 -0.141	 2.188
37.7	 68.6	 -0.118	 2.259
39.5	 68.6	 -0.153	 2.330
41.3	 68.6	 0.118	 1.471
43.1	 68.6	 0.118	 1.777
44.9	 68.6	 0.612	 1.294
46.7	 68.6	 0.247	 1.635
48.5	 68.6	 0.506	 1.624
50.3	 68.6	 0.600	 1.753
52.1	 68.6	 0.353	 1.683
53.9	 68.6	 0.188	 1.765
55.7	 68.6	 0.365	 1.753
57.6	 68.6	 0.094	 1.459
59.4	 68.6	 0.235	 1.377
61.2	 68.6	 0.212	 1.541
63.0	 68.6	 0.235	 1.483
64.9	 68.6	 -0.188	 1.200
66.7	 68.6	 -0.412	 1.094
68.5	 68.6	 0.000	 0.000
-3.8	 70.4	 0.000	 0.000
-2.0	 70.4	 0.000	 0.000
-0.3	 70.4	 0.000	 0.000
1.5	 70.4	 -1.506	 3.706
3.4	 70.4	 0.129	 2.036
5.1	 70.4	 0.459	 2.612
7.0	 70.4	 0.247	 2.412
8.8	 70.4	 0.471	 1.977
10.6	 70.4	 0.000	 1.777
12.4	 70.4	 0.094	 1.635
14.3	 70.4	 -0.200	 1.471
16.1	 70.4	 0.000	 0.000
17.8	 70.4	 -0.871	 2.400
19.7	 70.4	 0.000	 0.000
21.4	 70.4	 -0.353	 2.188
23.3	 70.4	 0.047	 1.941
25.1	 70.4	 0.377	 1.718
26.8	 70.4	 0.188	 1.600
28.7	 70.4	 -0.388	 2.165
30.4	 70.4	 -0.094	 1.471
32.3	 70.4	 0.141	 1.730
34.1	 70.4	 0.153	 1.741
35.9	 70.4	 0.224	 1.471
37.7	 70.4	 -0.012	 1.765
39.5	 70.4	 0.271	 1.777
41.3	 70.4	 -0.094	 1.859
43.1	 70.4	 -0.082	 2.141
44.9	 70.4	 0.259	 1.777
46.7	 70.4	 0.141	 1.494
48.5	 70.4	 0.847	 1.730
50.3	 70.4	 0.153	 1.530
52.1	 70.4	 -0.035	 1.447
53.9	 70.4	 0.000	 0.000
55.7	 70.4	 0.694	 1.694
57.6	 70.4	 0.247	 1.694
59.4	 70.4	 0.118	 1.388
61.2	 70.4	 0.082	 1.435
63.0	 70.4	 0.329	 1.388
64.9	 70.4	 -0.129	 1.094
66.7	 70.4	 -0.024	 1.141
68.5	 70.4	 0.000	 0.000
-3.8	 72.2	 0.000	 0.000
-2.0	 72.2	 0.000	 0.000
-0.3	 72.2	 0.000	 0.000
1.5	 72.2	 0.282	 2.942
3.4	 72.2	 0.200	 2.412
5.1	 72.2	 0.353	 1.930
7.0	 72.2	 3.695	 1.071
8.8	 72.2	 0.271	 1.483
10.6	 72.2	 -0.082	 1.647
12.4	 72.2	 -0.165	 1.777
14.3	 72.2	 -0.141	 2.224
16.1	 72.2	 0.000	 0.000
17.8	 72.2	 0.000	 1.588
19.7	 72.2	 0.118	 1.788
21.4	 72.2	 -0.577	 2.283
23.3	 72.2	 -0.518	 2.188
25.1	 72.2	 -0.329	 1.894
26.8	 72.2	 -0.141	 1.635
28.7	 72.2	 -0.141	 2.306
30.4	 72.2	 0.000	 0.000
32.3	 72.2	 0.000	 0.000
34.1	 72.2	 -0.012	 2.247
35.9	 72.2	 0.000	 0.000
37.7	 72.2	 0.000	 0.000
39.5	 72.2	 -0.059	 2.106
41.3	 72.2	 -0.071	 2.130
43.1	 72.2	 0.118	 1.930
44.9	 72.2	 0.365	 2.024
46.7	 72.2	 0.329	 1.965
48.5	 72.2	 0.518	 2.200
50.3	 72.2	 0.188	 1.435
52.1	 72.2	 -0.059	 1.388
53.9	 72.2	 0.165	 1.730
55.7	 72.2	 0.659	 1.859
57.6	 72.2	 0.400	 1.706
59.4	 72.2	 0.024	 1.400
61.2	 72.2	 0.118	 1.388
63.0	 72.2	 0.012	 1.518
64.9	 72.2	 0.271	 1.506
66.7	 72.2	 0.388	 1.424
68.5	 72.2	 0.000	 0.000
-3.8	 74.0	 0.000	 0.000
-2.0	 74.0	 0.000	 0.000
-0.3	 74.0	 0.000	 0.000
1.5	 74.0	 0.188	 2.036
3.4	 74.0	 0.059	 2.165
5.1	 74.0	 0.118	 2.153
7.0	 74.0	 -0.329	 1.671
8.8	 74.0	 0.000	 0.000
10.6	 74.0	 0.259	 1.706
12.4	 74.0	 -0.106	 1.647
14.3	 74.0	 0.012	 1.730
16.1	 74.0	 -0.671	 1.518
17.8	 74.0	 -0.306	 1.741
19.7	 74.0	 -0.282	 2.153
21.4	 74.0	 0.659	 1.365
23.3	 74.0	 -0.306	 1.683
25.1	 74.0	 0.141	 1.353
26.8	 74.0	 0.800	 1.459
28.7	 74.0	 0.024	 1.871
30.4	 74.0	 -0.012	 1.777
32.3	 74.0	 -0.247	 1.941
34.1	 74.0	 -0.012	 1.894
35.9	 74.0	 -0.153	 2.118
37.7	 74.0	 -0.353	 2.165
39.5	 74.0	 -0.012	 2.083
41.3	 74.0	 -0.329	 1.588
43.1	 74.0	 -0.471	 1.483
44.9	 74.0	 0.529	 1.494
46.7	 74.0	 0.506	 1.824
48.5	 74.0	 0.518	 2.047
50.3	 74.0	 0.106	 1.518
52.1	 74.0	 -0.024	 1.459
53.9	 74.0	 0.341	 1.600
55.7	 74.0	 0.388	 2.000
57.6	 74.0	 0.000	 0.000
59.4	 74.0	 0.671	 1.659
61.2	 74.0	 0.000	 0.000
63.0	 74.0	 -0.153	 1.483
64.9	 74.0	 0.176	 1.600
66.7	 74.0	 0.224	 1.530
68.5	 74.0	 0.000	 0.000
-3.8	 75.8	 0.000	 0.000
-2.0	 75.8	 0.000	 0.000
-0.3	 75.8	 0.012	 -1.506
1.5	 75.8	 0.082	 2.047
3.4	 75.8	 0.059	 2.094
5.1	 75.8	 -0.012	 1.553
7.0	 75.8	 -0.035	 1.824
8.8	 75.8	 -0.118	 1.894
10.6	 75.8	 -0.329	 2.365
12.4	 75.8	 0.000	 0.000
14.3	 75.8	 -0.129	 1.647
16.1	 75.8	 0.000	 0.000
17.8	 75.8	 0.000	 1.553
19.7	 75.8	 0.165	 1.977
21.4	 75.8	 -0.141	 2.094
23.3	 75.8	 0.388	 1.930
25.1	 75.8	 0.118	 1.388
26.8	 75.8	 0.765	 1.400
28.7	 75.8	 0.071	 2.118
30.4	 75.8	 0.082	 2.306
32.3	 75.8	 0.282	 1.683
34.1	 75.8	 0.482	 1.683
35.9	 75.8	 -0.153	 2.259
37.7	 75.8	 -0.200	 2.212
39.5	 75.8	 0.000	 0.000
41.3	 75.8	 0.482	 2.777
43.1	 75.8	 0.000	 0.000
44.9	 75.8	 -0.577	 1.447
46.7	 75.8	 0.529	 1.741
48.5	 75.8	 0.412	 2.059
50.3	 75.8	 -0.082	 1.812
52.1	 75.8	 0.424	 2.071
53.9	 75.8	 0.529	 1.965
55.7	 75.8	 0.671	 1.588
57.6	 75.8	 0.176	 1.541
59.4	 75.8	 1.153	 1.683
61.2	 75.8	 0.059	 1.318
63.0	 75.8	 0.282	 1.635
64.9	 75.8	 0.247	 1.600
66.7	 75.8	 -0.047	 1.283
68.5	 75.8	 0.000	 0.000
-3.8	 77.6	 0.000	 0.000
-2.0	 77.6	 0.000	 0.000
-0.3	 77.6	 0.000	 0.000
1.5	 77.6	 -0.035	 3.094
3.4	 77.6	 0.024	 2.400
5.1	 77.6	 0.047	 2.071
7.0	 77.6	 0.047	 1.694
8.8	 77.6	 0.482	 1.518
10.6	 77.6	 -0.753	 2.047
12.4	 77.6	 -0.129	 1.918
14.3	 77.6	 -0.353	 2.177
16.1	 77.6	 -0.565	 2.153
17.8	 77.6	 0.388	 1.530
19.7	 77.6	 0.000	 0.000
21.4	 77.6	 -0.271	 1.847
23.3	 77.6	 0.318	 1.459
25.1	 77.6	 0.329	 1.447
26.8	 77.6	 -0.529	 2.365
28.7	 77.6	 0.200	 1.718
30.4	 77.6	 0.094	 2.377
32.3	 77.6	 -0.259	 1.930
34.1	 77.6	 -0.106	 2.047
35.9	 77.6	 0.118	 2.471
37.7	 77.6	 -0.129	 1.718
39.5	 77.6	 0.200	 1.871
41.3	 77.6	 0.059	 2.177
43.1	 77.6	 0.165	 2.118
44.9	 77.6	 0.000	 0.000
46.7	 77.6	 -0.388	 1.588
48.5	 77.6	 -0.188	 1.741
50.3	 77.6	 -0.153	 1.624
52.1	 77.6	 0.388	 2.059
53.9	 77.6	 0.200	 1.871
55.7	 77.6	 0.388	 1.671
57.6	 77.6	 0.000	 0.000
59.4	 77.6	 0.000	 0.000
61.2	 77.6	 -0.247	 1.212
63.0	 77.6	 0.106	 1.600
64.9	 77.6	 0.035	 1.494
66.7	 77.6	 0.094	 1.753
68.5	 77.6	 0.000	 0.000
-3.8	 79.4	 0.000	 0.000
-2.0	 79.4	 0.000	 0.000
-0.3	 79.4	 0.000	 0.000
1.5	 79.4	 0.024	 2.977
3.4	 79.4	 0.000	 0.000
5.1	 79.4	 0.129	 1.471
7.0	 79.4	 0.047	 2.188
8.8	 79.4	 0.753	 3.530
10.6	 79.4	 -0.835	 2.047
12.4	 79.4	 -0.282	 1.906
14.3	 79.4	 0.188	 1.800
16.1	 79.4	 0.094	 2.130
17.8	 79.4	 0.000	 0.000
19.7	 79.4	 -0.153	 1.518
21.4	 79.4	 0.000	 0.000
23.3	 79.4	 0.306	 1.294
25.1	 79.4	 0.529	 1.459
26.8	 79.4	 0.000	 0.000
28.7	 79.4	 -0.259	 2.400
30.4	 79.4	 -0.106	 1.812
32.3	 79.4	 0.000	 1.988
34.1	 79.4	 -0.012	 2.094
35.9	 79.4	 0.082	 2.377
37.7	 79.4	 -0.059	 2.153
39.5	 79.4	 -0.035	 2.083
41.3	 79.4	 -0.047	 1.683
43.1	 79.4	 -0.176	 -1.741
44.9	 79.4	 0.694	 2.177
46.7	 79.4	 0.529	 2.353
48.5	 79.4	 -0.565	 1.647
50.3	 79.4	 0.012	 1.471
52.1	 79.4	 0.859	 2.212
53.9	 79.4	 -0.059	 1.671
55.7	 79.4	 0.000	 1.765
57.6	 79.4	 0.000	 0.000
59.4	 79.4	 0.200	 1.812
61.2	 79.4	 0.012	 1.777
63.0	 79.4	 -0.153	 1.553
64.9	 79.4	 -0.035	 1.412
66.7	 79.4	 0.000	 0.000
68.5	 79.4	 0.000	 0.000
-3.8	 81.2	 0.000	 0.000
-2.0	 81.2	 0.000	 0.000
-0.3	 81.2	 0.000	 0.000
1.5	 81.2	 0.259	 2.330
3.4	 81.2	 0.165	 2.377
5.1	 81.2	 0.612	 2.059
7.0	 81.2	 0.718	 2.059
8.8	 81.2	 0.529	 2.283
10.6	 81.2	 -0.188	 1.800
12.4	 81.2	 -0.176	 1.577
14.3	 81.2	 0.000	 0.000
16.1	 81.2	 -0.047	 2.177
17.8	 81.2	 -0.082	 1.624
19.7	 81.2	 -0.200	 1.706
21.4	 81.2	 0.188	 1.718
23.3	 81.2	 -0.377	 2.294
25.1	 81.2	 0.059	 2.036
26.8	 81.2	 0.765	 1.530
28.7	 81.2	 0.000	 2.330
30.4	 81.2	 -0.012	 1.977
32.3	 81.2	 0.247	 2.141
34.1	 81.2	 0.000	 0.000
35.9	 81.2	 -0.035	 1.671
37.7	 81.2	 0.188	 2.047
39.5	 81.2	 0.059	 1.612
41.3	 81.2	 0.318	 2.118
43.1	 81.2	 -0.094	 2.647
44.9	 81.2	 0.176	 1.635
46.7	 81.2	 0.012	 1.871
48.5	 81.2	 0.176	 1.447
50.3	 81.2	 0.141	 1.800
52.1	 81.2	 -0.294	 1.659
53.9	 81.2	 0.118	 1.683
55.7	 81.2	 0.059	 1.671
57.6	 81.2	 -0.094	 1.600
59.4	 81.2	 0.259	 1.941
61.2	 81.2	 0.424	 2.071
63.0	 81.2	 0.224	 1.788
64.9	 81.2	 0.259	 1.765
66.7	 81.2	 0.082	 1.424
68.5	 81.2	 0.000	 0.000
-3.8	 83.0	 0.000	 0.000
-2.0	 83.0	 0.000	 0.000
-0.3	 83.0	 0.000	 0.000
1.5	 83.0	 0.141	 1.741
3.4	 83.0	 0.000	 0.000
5.1	 83.0	 0.000	 0.000
7.0	 83.0	 -0.235	 2.283
8.8	 83.0	 0.082	 2.118
10.6	 83.0	 0.247	 1.953
12.4	 83.0	 -0.247	 1.577
14.3	 83.0	 -0.024	 1.506
16.1	 83.0	 0.000	 1.800
17.8	 83.0	 0.141	 1.612
19.7	 83.0	 0.271	 1.694
21.4	 83.0	 0.000	 0.000
23.3	 83.0	 -0.200	 2.071
25.1	 83.0	 -0.012	 1.718
26.8	 83.0	 -0.777	 2.236
28.7	 83.0	 0.718	 1.718
30.4	 83.0	 0.553	 1.859
32.3	 83.0	 0.235	 1.435
34.1	 83.0	 0.200	 1.800
35.9	 83.0	 0.000	 2.318
37.7	 83.0	 -0.106	 2.306
39.5	 83.0	 0.129	 2.965
41.3	 83.0	 0.129	 2.953
43.1	 83.0	 0.000	 0.000
44.9	 83.0	 0.765	 2.353
46.7	 83.0	 0.624	 2.318
48.5	 83.0	 0.247	 1.706
50.3	 83.0	 0.424	 2.306
52.1	 83.0	 0.176	 2.353
53.9	 83.0	 -0.012	 2.330
55.7	 83.0	 0.000	 0.000
57.6	 83.0	 0.706	 2.271
59.4	 83.0	 0.000	 0.000
61.2	 83.0	 -0.282	 1.565
63.0	 83.0	 -0.788	 1.330
64.9	 83.0	 0.318	 1.788
66.7	 83.0	 0.059	 1.330
68.5	 83.0	 0.000	 0.000
-3.8	 84.8	 0.000	 0.000
-2.0	 84.8	 0.000	 0.000
-0.3	 84.8	 0.000	 0.000
1.5	 84.8	 0.024	 2.541
3.4	 84.8	 0.000	 2.459
5.1	 84.8	 0.071	 2.153
7.0	 84.8	 -0.365	 2.247
8.8	 84.8	 0.106	 1.859
10.6	 84.8	 0.047	 2.024
12.4	 84.8	 -0.035	 2.000
14.3	 84.8	 0.176	 2.071
16.1	 84.8	 -0.153	 2.247
17.8	 84.8	 0.000	 0.000
19.7	 84.8	 0.000	 0.000
21.4	 84.8	 -0.341	 2.659
23.3	 84.8	 -0.294	 2.471
25.1	 84.8	 0.059	 1.647
26.8	 84.8	 -0.341	 2.777
28.7	 84.8	 0.000	 0.000
30.4	 84.8	 0.365	 2.212
32.3	 84.8	 -0.541	 1.765
34.1	 84.8	 -0.082	 2.188
35.9	 84.8	 0.059	 1.635
37.7	 84.8	 0.165	 2.059
39.5	 84.8	 0.012	 1.647
41.3	 84.8	 0.000	 0.000
43.1	 84.8	 0.000	 0.000
44.9	 84.8	 -0.271	 1.447
46.7	 84.8	 0.024	 1.447
48.5	 84.8	 -0.424	 1.388
50.3	 84.8	 -0.424	 1.400
52.1	 84.8	 0.247	 2.353
53.9	 84.8	 -0.035	 2.318
55.7	 84.8	 0.553	 1.671
57.6	 84.8	 0.506	 1.612
59.4	 84.8	 -0.071	 1.541
61.2	 84.8	 0.706	 2.224
63.0	 84.8	 -0.012	 1.565
64.9	 84.8	 0.082	 1.953
66.7	 84.8	 0.000	 0.000
68.5	 84.8	 0.000	 0.000
-3.8	 86.7	 0.000	 0.000
-2.0	 86.7	 0.000	 0.000
-0.3	 86.7	 0.000	 0.000
1.5	 86.7	 -0.071	 2.930
3.4	 86.7	 0.247	 2.389
5.1	 86.7	 0.059	 2.153
7.0	 86.7	 -0.188	 2.071
8.8	 86.7	 0.106	 2.247
10.6	 86.7	 0.000	 0.000
12.4	 86.7	 0.071	 1.683
14.3	 86.7	 0.165	 1.788
16.1	 86.7	 -0.612	 1.777
17.8	 86.7	 0.106	 1.800
19.7	 86.7	 0.529	 1.671
21.4	 86.7	 0.000	 0.000
23.3	 86.7	 0.012	 1.412
25.1	 86.7	 -0.094	 2.494
26.8	 86.7	 0.082	 1.977
28.7	 86.7	 -0.188	 2.036
30.4	 86.7	 0.165	 2.506
32.3	 86.7	 0.024	 1.777
34.1	 86.7	 -0.082	 1.753
35.9	 86.7	 0.471	 2.047
37.7	 86.7	 0.200	 1.930
39.5	 86.7	 0.000	 0.000
41.3	 86.7	 0.000	 0.000
43.1	 86.7	 0.082	 1.494
44.9	 86.7	 0.129	 2.071
46.7	 86.7	 0.094	 2.177
48.5	 86.7	 -0.141	 1.588
50.3	 86.7	 0.012	 1.824
52.1	 86.7	 0.082	 2.012
53.9	 86.7	 -0.188	 1.588
55.7	 86.7	 0.471	 2.224
57.6	 86.7	 0.141	 2.153
59.4	 86.7	 -0.165	 1.624
61.2	 86.7	 0.729	 1.836
63.0	 86.7	 0.212	 1.988
64.9	 86.7	 0.059	 1.977
66.7	 86.7	 0.059	 1.624
68.5	 86.7	 0.071	 1.530
-3.8	 88.5	 0.000	 0.000
-2.0	 88.5	 0.000	 0.000
-0.3	 88.5	 0.000	 0.000
1.5	 88.5	 0.000	 0.000
3.4	 88.5	 0.129	 2.247
5.1	 88.5	 0.000	 0.000
7.0	 88.5	 0.129	 2.306
8.8	 88.5	 0.212	 2.306
10.6	 88.5	 0.106	 2.071
12.4	 88.5	 0.000	 0.000
14.3	 88.5	 0.647	 1.683
16.1	 88.5	 0.047	 1.765
17.8	 88.5	 -0.612	 1.671
19.7	 88.5	 0.388	 2.094
21.4	 88.5	 -0.224	 2.153
23.3	 88.5	 0.000	 0.000
25.1	 88.5	 0.212	 2.283
26.8	 88.5	 0.212	 2.236
28.7	 88.5	 -0.047	 2.024
30.4	 88.5	 -0.341	 1.977
32.3	 88.5	 0.000	 0.000
34.1	 88.5	 -0.129	 1.859
35.9	 88.5	 0.059	 2.765
37.7	 88.5	 0.000	 0.000
39.5	 88.5	 0.024	 2.647
41.3	 88.5	 0.059	 2.694
43.1	 88.5	 0.000	 0.000
44.9	 88.5	 -0.035	 2.141
46.7	 88.5	 0.729	 2.306
48.5	 88.5	 0.377	 2.659
50.3	 88.5	 0.000	 0.000
52.1	 88.5	 0.000	 0.000
53.9	 88.5	 0.424	 2.212
55.7	 88.5	 0.118	 2.047
57.6	 88.5	 -0.329	 1.812
59.4	 88.5	 -0.200	 1.671
61.2	 88.5	 -0.082	 1.565
63.0	 88.5	 0.000	 0.000
64.9	 88.5	 0.035	 1.730
66.7	 88.5	 -0.059	 1.683
68.5	 88.5	 0.000	 0.000
-3.8	 90.3	 0.000	 0.000
-2.0	 90.3	 0.000	 0.000
-0.3	 90.3	 0.000	 0.000
1.5	 90.3	 0.047	 2.247
3.4	 90.3	 -0.024	 2.200
5.1	 90.3	 0.141	 2.012
7.0	 90.3	 0.212	 2.306
8.8	 90.3	 0.329	 2.365
10.6	 90.3	 0.494	 1.753
12.4	 90.3	 0.412	 1.918
14.3	 90.3	 0.506	 1.777
16.1	 90.3	 -0.024	 2.518
17.8	 90.3	 -0.047	 2.188
19.7	 90.3	 0.282	 1.953
21.4	 90.3	 0.424	 1.965
23.3	 90.3	 0.012	 1.906
25.1	 90.3	 0.000	 1.718
26.8	 90.3	 0.224	 1.671
28.7	 90.3	 -0.412	 1.588
30.4	 90.3	 -0.412	 1.577
32.3	 90.3	 0.024	 1.624
34.1	 90.3	 0.977	 1.671
35.9	 90.3	 0.000	 0.000
37.7	 90.3	 0.012	 2.083
39.5	 90.3	 0.118	 2.141
41.3	 90.3	 -0.212	 1.624
43.1	 90.3	 -0.235	 1.624
44.9	 90.3	 0.000	 0.000
46.7	 90.3	 0.000	 0.000
48.5	 90.3	 0.000	 0.000
50.3	 90.3	 0.141	 2.318
52.1	 90.3	 -0.035	 1.659
53.9	 90.3	 0.000	 0.000
55.7	 90.3	 0.024	 2.047
57.6	 90.3	 -0.141	 1.894
59.4	 90.3	 -0.129	 1.730
61.2	 90.3	 0.024	 -0.471
63.0	 90.3	 0.000	 0.000
64.9	 90.3	 0.094	 1.906
66.7	 90.3	 0.365	 1.730
68.5	 90.3	 0.000	 0.000
-3.8	 92.0	 0.000	 0.000
-2.0	 92.0	 0.000	 0.000
-0.3	 92.0	 0.000	 0.000
1.5	 92.0	 -0.082	 2.083
3.4	 92.0	 -0.259	 1.847
5.1	 92.0	 0.000	 0.000
7.0	 92.0	 0.988	 1.494
8.8	 92.0	 0.271	 2.024
10.6	 92.0	 -0.047	 2.812
12.4	 92.0	 0.306	 2.483
14.3	 92.0	 0.000	 0.000
16.1	 92.0	 0.729	 2.165
17.8	 92.0	 0.635	 2.224
19.7	 92.0	 0.518	 2.353
21.4	 92.0	 0.000	 0.000
23.3	 92.0	 -0.271	 1.753
25.1	 92.0	 -0.047	 1.812
26.8	 92.0	 0.600	 1.953
28.7	 92.0	 -0.153	 1.694
30.4	 92.0	 -0.118	 1.965
32.3	 92.0	 2.541	 0.906
34.1	 92.0	 0.000	 0.000
35.9	 92.0	 -0.482	 1.624
37.7	 92.0	 -0.341	 1.600
39.5	 92.0	 0.035	 2.577
41.3	 92.0	 0.000	 0.000
43.1	 92.0	 0.000	 0.000
44.9	 92.0	 0.000	 0.000
46.7	 92.0	 0.000	 0.000
48.5	 92.0	 0.318	 1.612
50.3	 92.0	 0.800	 2.894
52.1	 92.0	 0.000	 0.000
53.9	 92.0	 0.000	 0.000
55.7	 92.0	 0.000	 0.000
57.6	 92.0	 0.165	 2.153
59.4	 92.0	 -0.118	 1.788
61.2	 92.0	 -0.024	 2.212
63.0	 92.0	 0.071	 1.671
64.9	 92.0	 0.777	 2.141
66.7	 92.0	 0.741	 2.130
68.5	 92.0	 0.000	 0.000
-3.8	 93.8	 0.000	 0.000
-2.0	 93.8	 0.000	 0.000
-0.3	 93.8	 0.000	 0.000
1.5	 93.8	 0.471	 2.565
3.4	 93.8	 0.329	 2.800
5.1	 93.8	 0.129	 2.765
7.0	 93.8	 0.365	 2.353
8.8	 93.8	 0.000	 0.000
10.6	 93.8	 0.000	 0.000
12.4	 93.8	 0.600	 2.330
14.3	 93.8	 0.000	 0.000
16.1	 93.8	 0.000	 0.000
17.8	 93.8	 0.000	 0.000
19.7	 93.8	 0.106	 2.259
21.4	 93.8	 0.000	 0.000
23.3	 93.8	 0.000	 2.330
25.1	 93.8	 0.400	 2.389
26.8	 93.8	 0.000	 0.000
28.7	 93.8	 0.000	 0.000
30.4	 93.8	 -0.012	 1.883
32.3	 93.8	 -0.435	 2.130
34.1	 93.8	 0.000	 0.000
35.9	 93.8	 0.000	 0.000
37.7	 93.8	 0.000	 0.000
39.5	 93.8	 0.541	 2.283
41.3	 93.8	 0.118	 2.247
43.1	 93.8	 0.153	 2.447
44.9	 93.8	 -1.235	 2.294
46.7	 93.8	 0.000	 0.000
48.5	 93.8	 0.000	 0.000
50.3	 93.8	 -0.024	 2.024
52.1	 93.8	 -0.365	 1.741
53.9	 93.8	 -0.259	 1.671
55.7	 93.8	 0.000	 0.000
57.6	 93.8	 -0.094	 2.094
59.4	 93.8	 -0.071	 2.106
61.2	 93.8	 -0.094	 2.094
63.0	 93.8	 -0.012	 1.565
64.9	 93.8	 -0.082	 1.718
66.7	 93.8	 0.435	 1.788
68.5	 93.8	 -0.059	 1.647
-3.8	 95.7	 0.000	 0.000
-2.0	 95.7	 0.000	 0.000
-0.3	 95.7	 0.000	 0.000
1.5	 95.7	 0.553	 2.494
3.4	 95.7	 -0.012	 1.271
5.1	 95.7	 0.200	 1.577
7.0	 95.7	 0.318	 2.224
8.8	 95.7	 0.506	 2.541
10.6	 95.7	 0.365	 2.165
12.4	 95.7	 0.200	 2.047
14.3	 95.7	 0.518	 1.988
16.1	 95.7	 -0.200	 2.141
17.8	 95.7	 -0.059	 1.753
19.7	 95.7	 0.094	 2.165
21.4	 95.7	 -0.106	 1.600
23.3	 95.7	 0.000	 0.000
25.1	 95.7	 -0.200	 1.612
26.8	 95.7	 -0.188	 1.600
28.7	 95.7	 0.047	 2.047
30.4	 95.7	 -0.071	 2.083
32.3	 95.7	 0.000	 0.000
34.1	 95.7	 0.012	 1.577
35.9	 95.7	 -0.271	 2.318
37.7	 95.7	 0.000	 0.000
39.5	 95.7	 0.000	 0.000
41.3	 95.7	 -0.777	 -2.977
43.1	 95.7	 -0.671	 1.671
44.9	 95.7	 -0.635	 1.647
46.7	 95.7	 0.000	 0.000
48.5	 95.7	 0.035	 2.259
50.3	 95.7	 0.000	 2.036
52.1	 95.7	 -0.271	 1.694
53.9	 95.7	 0.600	 2.036
55.7	 95.7	 -0.188	 2.024
57.6	 95.7	 -0.224	 2.012
59.4	 95.7	 -0.141	 1.965
61.2	 95.7	 -0.047	 1.788
63.0	 95.7	 -0.235	 1.941
64.9	 95.7	 -0.188	 1.800
66.7	 95.7	 0.188	 1.824
68.5	 95.7	 0.459	 1.683
-3.8	 97.5	 0.000	 0.000
-2.0	 97.5	 0.000	 0.000
-0.3	 97.5	 0.000	 0.000
1.5	 97.5	 0.106	 2.341
3.4	 97.5	 0.071	 2.283
5.1	 97.5	 0.176	 2.283
7.0	 97.5	 0.000	 0.000
8.8	 97.5	 0.482	 2.389
10.6	 97.5	 0.353	 2.118
12.4	 97.5	 0.106	 2.071
14.3	 97.5	 0.506	 2.000
16.1	 97.5	 0.541	 2.671
17.8	 97.5	 -0.059	 2.059
19.7	 97.5	 0.000	 0.000
21.4	 97.5	 -0.106	 1.694
23.3	 97.5	 -0.329	 1.683
25.1	 97.5	 -0.141	 2.577
26.8	 97.5	 -0.059	 2.283
28.7	 97.5	 -0.059	 2.294
30.4	 97.5	 0.000	 0.000
32.3	 97.5	 0.000	 0.000
34.1	 97.5	 -0.024	 1.671
35.9	 97.5	 0.071	 2.565
37.7	 97.5	 0.071	 2.565
39.5	 97.5	 0.000	 0.000
41.3	 97.5	 0.000	 0.000
43.1	 97.5	 0.494	 2.130
44.9	 97.5	 0.082	 1.565
46.7	 97.5	 0.224	 1.553
48.5	 97.5	 -0.882	 -2.824
50.3	 97.5	 0.000	 0.000
52.1	 97.5	 0.000	 0.000
53.9	 97.5	 0.612	 2.024
55.7	 97.5	 0.671	 1.753
57.6	 97.5	 0.000	 0.000
59.4	 97.5	 -0.129	 1.847
61.2	 97.5	 0.306	 2.353
63.0	 97.5	 0.000	 0.000
64.9	 97.5	 -0.012	 1.647
66.7	 97.5	 -0.024	 1.706
68.5	 97.5	 0.447	 1.836
-3.8	 99.3	 -3.306	 1.506
-2.0	 99.3	 0.000	 0.000
-0.3	 99.3	 0.000	 0.000
1.5	 99.3	 0.141	 2.377
3.4	 99.3	 0.129	 2.365
5.1	 99.3	 0.000	 0.000
7.0	 99.3	 0.447	 0.035
8.8	 99.3	 0.141	 2.965
10.6	 99.3	 0.482	 2.636
12.4	 99.3	 -0.035	 2.353
14.3	 99.3	 0.765	 2.224
16.1	 99.3	 0.271	 1.953
17.8	 99.3	 -0.012	 1.859
19.7	 99.3	 0.165	 2.471
21.4	 99.3	 0.200	 2.436
23.3	 99.3	 0.000	 0.000
25.1	 99.3	 -0.247	 2.894
26.8	 99.3	 -0.059	 2.294
28.7	 99.3	 -0.059	 2.283
30.4	 99.3	 0.318	 1.577
32.3	 99.3	 0.600	 2.318
34.1	 99.3	 0.000	 0.000
35.9	 99.3	 0.000	 0.000
37.7	 99.3	 0.000	 0.000
39.5	 99.3	 -0.141	 1.624
41.3	 99.3	 0.141	 1.588
43.1	 99.3	 0.000	 0.000
44.9	 99.3	 0.694	 1.800
46.7	 99.3	 0.000	 0.000
48.5	 99.3	 0.176	 2.036
50.3	 99.3	 0.176	 2.024
52.1	 99.3	 -0.024	 2.906
53.9	 99.3	 -0.529	 1.871
55.7	 99.3	 0.282	 2.871
57.6	 99.3	 0.788	 2.741
59.4	 99.3	 0.000	 1.635
61.2	 99.3	 -0.153	 1.765
63.0	 99.3	 0.235	 1.941
64.9	 99.3	 0.224	 1.812
66.7	 99.3	 -0.047	 1.518
68.5	 99.3	 0.000	 0.000
-3.8	 101.1	 0.000	 0.000
-2.0	 101.1	 0.000	 0.000
-0.3	 101.1	 0.000	 0.000
1.5	 101.1	 -2.247	 -0.176
3.4	 101.1	 -0.094	 2.965
5.1	 101.1	 0.000	 2.683
7.0	 101.1	 0.306	 2.377
8.8	 101.1	 0.400	 1.741
10.6	 101.1	 0.306	 2.036
12.4	 101.1	 0.000	 0.000
14.3	 101.1	 0.059	 0.200
16.1	 101.1	 -0.388	 1.659
17.8	 101.1	 -0.377	 2.330
19.7	 101.1	 -0.388	 2.330
21.4	 101.1	 0.000	 0.000
23.3	 101.1	 -0.012	 2.200
25.1	 101.1	 -0.129	 2.271
26.8	 101.1	 0.000	 0.000
28.7	 101.1	 0.341	 1.824
30.4	 101.1	 -0.012	 2.612
32.3	 101.1	 0.612	 2.318
34.1	 101.1	 -0.129	 2.012
35.9	 101.1	 0.188	 2.141
37.7	 101.1	 0.482	 1.518
39.5	 101.1	 0.329	 1.706
41.3	 101.1	 0.129	 1.577
43.1	 101.1	 0.000	 0.000
44.9	 101.1	 0.729	 1.777
46.7	 101.1	 0.000	 2.059
48.5	 101.1	 0.012	 2.036
50.3	 101.1	 0.024	 1.577
52.1	 101.1	 0.000	 0.000
53.9	 101.1	 0.000	 0.000
55.7	 101.1	 0.000	 0.000
57.6	 101.1	 0.188	 1.965
59.4	 101.1	 0.329	 2.059
61.2	 101.1	 -0.141	 2.071
63.0	 101.1	 0.012	 2.130
64.9	 101.1	 0.000	 2.153
66.7	 101.1	 -0.024	 1.541
68.5	 101.1	 0.000	 0.000
-3.8	 102.8	 0.000	 0.000
-2.0	 102.8	 0.000	 0.000
-0.3	 102.8	 0.000	 0.000
1.5	 102.8	 0.000	 0.000
3.4	 102.8	 0.024	 2.283
5.1	 102.8	 -2.094	 -0.094
7.0	 102.8	 1.259	 -0.012
8.8	 102.8	 -0.047	 2.883
10.6	 102.8	 0.682	 1.506
12.4	 102.8	 0.129	 1.541
14.3	 102.8	 -0.247	 2.965
16.1	 102.8	 0.000	 0.000
17.8	 102.8	 -0.047	 1.518
19.7	 102.8	 0.024	 1.318
21.4	 102.8	 0.024	 1.541
23.3	 102.8	 0.000	 0.000
25.1	 102.8	 0.000	 0.000
26.8	 102.8	 0.000	 0.000
28.7	 102.8	 -0.612	 3.659
30.4	 102.8	 0.000	 0.000
32.3	 102.8	 0.047	 1.812
34.1	 102.8	 -0.012	 1.577
35.9	 102.8	 0.694	 1.306
37.7	 102.8	 0.694	 1.306
39.5	 102.8	 0.082	 1.671
41.3	 102.8	 0.471	 1.730
43.1	 102.8	 -0.024	 1.530
44.9	 102.8	 0.000	 0.000
46.7	 102.8	 0.000	 2.330
48.5	 102.8	 -0.529	 2.165
50.3	 102.8	 0.141	 2.247
52.1	 102.8	 -0.047	 2.883
53.9	 102.8	 0.906	 2.212
55.7	 102.8	 0.012	 1.894
57.6	 102.8	 -0.012	 1.671
59.4	 102.8	 0.094	 2.094
61.2	 102.8	 -0.012	 1.977
63.0	 102.8	 0.600	 2.141
64.9	 102.8	 0.082	 2.036
66.7	 102.8	 -0.129	 1.635
68.5	 102.8	 0.000	 0.000
-3.8	 104.7	 0.000	 0.000
-2.0	 104.7	 0.000	 0.000
-0.3	 104.7	 0.000	 0.000
1.5	 104.7	 0.341	 2.259
3.4	 104.7	 -0.129	 2.330
5.1	 104.7	 0.000	 0.000
7.0	 104.7	 0.494	 2.294
8.8	 104.7	 0.212	 2.353
10.6	 104.7	 0.635	 2.812
12.4	 104.7	 0.612	 2.800
14.3	 104.7	 0.000	 0.000
16.1	 104.7	 0.318	 2.365
17.8	 104.7	 0.294	 2.353
19.7	 104.7	 0.247	 2.236
21.4	 104.7	 0.200	 2.153
23.3	 104.7	 0.482	 2.000
25.1	 104.7	 0.494	 1.753
26.8	 104.7	 0.000	 0.000
28.7	 104.7	 -0.588	 2.777
30.4	 104.7	 -0.106	 2.953
32.3	 104.7	 0.000	 0.000
34.1	 104.7	 0.012	 2.271
35.9	 104.7	 0.059	 2.294
37.7	 104.7	 0.341	 1.530
39.5	 104.7	 0.212	 1.777
41.3	 104.7	 0.706	 1.930
43.1	 104.7	 0.047	 2.965
44.9	 104.7	 -0.071	 2.400
46.7	 104.7	 0.000	 2.318
48.5	 104.7	 -0.553	 1.671
50.3	 104.7	 0.000	 0.000
52.1	 104.7	 0.000	 0.000
53.9	 104.7	 -0.565	 2.283
55.7	 104.7	 -0.565	 2.283
57.6	 104.7	 -0.235	 1.565
59.4	 104.7	 0.012	 1.836
61.2	 104.7	 -0.012	 1.847
63.0	 104.7	 0.141	 2.141
64.9	 104.7	 -0.024	 2.165
66.7	 104.7	 -0.012	 2.036
68.5	 104.7	 -0.082	 1.447
-3.8	 106.5	 0.000	 0.000
-2.0	 106.5	 0.000	 0.000
-0.3	 106.5	 0.000	 0.000
1.5	 106.5	 0.000	 0.000
3.4	 106.5	 0.082	 2.259
5.1	 106.5	 0.129	 2.942
7.0	 106.5	 0.224	 2.494
8.8	 106.5	 0.247	 2.494
10.6	 106.5	 0.000	 0.000
12.4	 106.5	 0.000	 0.000
14.3	 106.5	 -0.400	 1.518
16.1	 106.5	 0.318	 2.353
17.8	 106.5	 0.306	 2.353
19.7	 106.5	 0.247	 2.294
21.4	 106.5	 0.200	 2.188
23.3	 106.5	 -0.071	 2.989
25.1	 106.5	 0.000	 0.000
26.8	 106.5	 0.082	 1.741
28.7	 106.5	 0.000	 0.000
30.4	 106.5	 -0.329	 2.977
32.3	 106.5	 0.000	 0.000
34.1	 106.5	 0.000	 0.000
35.9	 106.5	 0.000	 0.000
37.7	 106.5	 0.118	 2.483
39.5	 106.5	 -0.094	 1.530
41.3	 106.5	 0.000	 0.000
43.1	 106.5	 0.118	 1.530
44.9	 106.5	 0.035	 1.483
46.7	 106.5	 0.000	 0.000
48.5	 106.5	 0.000	 0.000
50.3	 106.5	 -0.035	 1.765
52.1	 106.5	 0.894	 1.565
53.9	 106.5	 -0.624	 1.706
55.7	 106.5	 -0.400	 1.541
57.6	 106.5	 -0.106	 2.247
59.4	 106.5	 0.000	 0.000
61.2	 106.5	 0.000	 0.000
63.0	 106.5	 -0.188	 1.600
64.9	 106.5	 0.000	 0.000
66.7	 106.5	 0.071	 2.036
68.5	 106.5	 0.094	 1.483
-3.8	 108.3	 0.000	 0.000
-2.0	 108.3	 0.000	 0.000
-0.3	 108.3	 0.000	 0.000
1.5	 108.3	 0.153	 2.918
3.4	 108.3	 -0.859	 2.718
5.1	 108.3	 0.306	 2.530
7.0	 108.3	 -0.553	 2.165
8.8	 108.3	 0.000	 0.000
10.6	 108.3	 0.000	 0.000
12.4	 108.3	 -0.282	 2.953
14.3	 108.3	 -0.329	 3.000
16.1	 108.3	 -0.365	 2.989
17.8	 108.3	 0.000	 0.000
19.7	 108.3	 0.000	 0.000
21.4	 108.3	 0.176	 2.224
23.3	 108.3	 -0.012	 1.200
25.1	 108.3	 0.000	 0.000
26.8	 108.3	 0.000	 0.000
28.7	 108.3	 0.000	 0.000
30.4	 108.3	 -0.035	 1.518
32.3	 108.3	 0.000	 0.000
34.1	 108.3	 -0.306	 2.400
35.9	 108.3	 0.259	 0.341
37.7	 108.3	 0.118	 2.471
39.5	 108.3	 -0.035	 2.200
41.3	 108.3	 0.306	 2.118
43.1	 108.3	 0.059	 2.977
44.9	 108.3	 -0.153	 2.247
46.7	 108.3	 0.000	 0.000
48.5	 108.3	 0.212	 2.106
50.3	 108.3	 0.000	 0.000
52.1	 108.3	 0.953	 1.553
53.9	 108.3	 -0.647	 1.788
55.7	 108.3	 0.141	 2.165
57.6	 108.3	 -0.071	 2.447
59.4	 108.3	 0.000	 0.000
61.2	 108.3	 0.506	 2.012
63.0	 108.3	 0.047	 1.824
64.9	 108.3	 0.000	 0.000
66.7	 108.3	 0.047	 1.953
68.5	 108.3	 0.000	 0.000
-3.8	 110.1	 0.000	 0.000
-2.0	 110.1	 0.000	 0.000
-0.3	 110.1	 0.000	 0.000
1.5	 110.1	 0.000	 0.000
3.4	 110.1	 -0.365	 2.494
5.1	 110.1	 0.000	 0.000
7.0	 110.1	 0.153	 2.800
8.8	 110.1	 0.000	 0.000
10.6	 110.1	 0.000	 0.000
12.4	 110.1	 0.000	 0.000
14.3	 110.1	 0.271	 3.012
16.1	 110.1	 0.000	 2.612
17.8	 110.1	 0.000	 0.000
19.7	 110.1	 0.447	 2.330
21.4	 110.1	 -0.141	 1.518
23.3	 110.1	 -0.282	 2.918
25.1	 110.1	 -0.318	 2.953
26.8	 110.1	 0.000	 0.000
28.7	 110.1	 -0.141	 3.000
30.4	 110.1	 -0.176	 2.989
32.3	 110.1	 0.247	 2.906
34.1	 110.1	 0.000	 0.000
35.9	 110.1	 0.518	 2.483
37.7	 110.1	 -0.271	 3.000
39.5	 110.1	 0.000	 0.000
41.3	 110.1	 3.624	 0.765
43.1	 110.1	 0.000	 0.000
44.9	 110.1	 0.000	 0.000
46.7	 110.1	 0.000	 0.000
48.5	 110.1	 0.000	 0.000
50.3	 110.1	 0.600	 1.530
52.1	 110.1	 0.035	 1.553
53.9	 110.1	 0.188	 2.294
55.7	 110.1	 0.000	 0.000
57.6	 110.1	 0.729	 1.447
59.4	 110.1	 0.047	 2.200
61.2	 110.1	 0.000	 0.000
63.0	 110.1	 0.000	 0.000
64.9	 110.1	 0.565	 2.000
66.7	 110.1	 0.282	 2.094
68.5	 110.1	 0.000	 0.000
-3.8	 112.0	 0.000	 0.000
-2.0	 112.0	 0.000	 0.000
-0.3	 112.0	 0.000	 0.000
1.5	 112.0	 0.000	 0.000
3.4	 112.0	 0.000	 0.000
5.1	 112.0	 0.082	 2.459
7.0	 112.0	 0.000	 0.000
8.8	 112.0	 0.000	 0.000
10.6	 112.0	 0.000	 0.000
12.4	 112.0	 0.165	 2.989
14.3	 112.0	 0.259	 2.989
16.1	 112.0	 -0.012	 2.283
17.8	 112.0	 -0.012	 2.283
19.7	 112.0	 -0.188	 3.000
21.4	 112.0	 -0.047	 1.506
23.3	 112.0	 -0.106	 2.553
25.1	 112.0	 0.000	 0.000
26.8	 112.0	 0.000	 0.000
28.7	 112.0	 -0.671	 1.871
30.4	 112.0	 0.953	 -2.989
32.3	 112.0	 0.777	 2.400
34.1	 112.0	 0.000	 0.000
35.9	 112.0	 -0.765	 1.553
37.7	 112.0	 -0.176	 2.989
39.5	 112.0	 0.000	 0.000
41.3	 112.0	 0.777	 1.530
43.1	 112.0	 0.000	 0.000
44.9	 112.0	 0.059	 2.341
46.7	 112.0	 0.000	 0.000
48.5	 112.0	 -0.082	 2.271
50.3	 112.0	 0.000	 0.000
52.1	 112.0	 -1.883	 -3.012
53.9	 112.0	 0.271	 1.106
55.7	 112.0	 -0.071	 2.377
57.6	 112.0	 -0.082	 2.365
59.4	 112.0	 -0.082	 1.553
61.2	 112.0	 -0.024	 2.083
63.0	 112.0	 -0.024	 2.106
64.9	 112.0	 -0.012	 1.706
66.7	 112.0	 0.106	 1.706
68.5	 112.0	 0.000	 0.000
-3.8	 113.8	 0.000	 0.000
-2.0	 113.8	 0.000	 0.000
-0.3	 113.8	 -0.118	 2.753
1.5	 113.8	 -0.141	 2.753
3.4	 113.8	 0.000	 0.000
5.1	 113.8	 0.024	 2.824
7.0	 113.8	 0.071	 2.765
8.8	 113.8	 0.000	 0.000
10.6	 113.8	 0.176	 2.130
12.4	 113.8	 0.176	 2.130
14.3	 113.8	 0.000	 0.000
16.1	 113.8	 0.000	 0.000
17.8	 113.8	 0.000	 0.000
19.7	 113.8	 -0.600	 2.824
21.4	 113.8	 0.000	 0.000
23.3	 113.8	 0.047	 1.530
25.1	 113.8	 0.024	 1.518
26.8	 113.8	 -0.353	 2.965
28.7	 113.8	 -0.365	 2.965
30.4	 113.8	 -0.706	 0.024
32.3	 113.8	 0.000	 0.000
34.1	 113.8	 0.000	 0.000
35.9	 113.8	 0.000	 0.000
37.7	 113.8	 0.624	 2.483
39.5	 113.8	 0.000	 0.000
41.3	 113.8	 0.000	 0.000
43.1	 113.8	 0.000	 0.000
44.9	 113.8	 0.377	 0.953
46.7	 113.8	 -0.024	 0.918
48.5	 113.8	 0.000	 0.000
50.3	 113.8	 0.000	 0.000
52.1	 113.8	 0.000	 0.000
53.9	 113.8	 0.000	 0.000
55.7	 113.8	 -0.047	 2.130
57.6	 113.8	 -0.659	 -3.083
59.4	 113.8	 0.306	 1.553
61.2	 113.8	 -0.106	 1.330
63.0	 113.8	 0.082	 2.400
64.9	 113.8	 -0.012	 1.730
66.7	 113.8	 0.118	 1.706
68.5	 113.8	 0.165	 1.730
-3.8	 115.6	 0.000	 0.000
-2.0	 115.6	 0.000	 0.000
-0.3	 115.6	 0.000	 0.000
1.5	 115.6	 0.000	 0.000
3.4	 115.6	 0.000	 0.000
5.1	 115.6	 0.000	 0.000
7.0	 115.6	 0.165	 2.906
8.8	 115.6	 0.000	 0.000
10.6	 115.6	 0.153	 2.177
12.4	 115.6	 0.176	 2.141
14.3	 115.6	 0.000	 0.000
16.1	 115.6	 -0.094	 2.894
17.8	 115.6	 0.000	 0.000
19.7	 115.6	 0.000	 0.000
21.4	 115.6	 -0.694	 1.518
23.3	 115.6	 -0.047	 2.459
25.1	 115.6	 -0.047	 2.459
26.8	 115.6	 -0.365	 2.965
28.7	 115.6	 -0.365	 2.965
30.4	 115.6	 0.000	 0.000
32.3	 115.6	 -0.082	 2.836
34.1	 115.6	 -0.035	 3.000
35.9	 115.6	 0.000	 0.000
37.7	 115.6	 0.494	 2.942
39.5	 115.6	 0.647	 1.518
41.3	 115.6	 0.000	 0.000
43.1	 115.6	 -0.012	 2.130
44.9	 115.6	 0.047	 2.153
46.7	 115.6	 0.000	 0.000
48.5	 115.6	 0.000	 0.000
50.3	 115.6	 0.000	 0.000
52.1	 115.6	 0.271	 1.541
53.9	 115.6	 0.506	 1.600
55.7	 115.6	 0.000	 0.000
57.6	 115.6	 -0.035	 2.118
59.4	 115.6	 0.000	 0.000
61.2	 115.6	 0.000	 0.000
63.0	 115.6	 0.000	 0.000
64.9	 115.6	 -0.153	 1.894
66.7	 115.6	 0.024	 1.883
68.5	 115.6	 0.047	 1.941
-3.8	 117.3	 0.000	 0.000
-2.0	 117.3	 0.000	 0.000
-0.3	 117.3	 0.000	 0.000
1.5	 117.3	 0.000	 0.000
3.4	 117.3	 0.000	 0.000
5.1	 117.3	 0.000	 0.000
7.0	 117.3	 0.035	 3.059
8.8	 117.3	 -0.012	 3.000
10.6	 117.3	 0.000	 0.000
12.4	 117.3	 0.000	 0.000
14.3	 117.3	 -0.071	 3.165
16.1	 117.3	 0.000	 0.000
17.8	 117.3	 0.588	 2.930
19.7	 117.3	 0.000	 0.000
21.4	 117.3	 0.000	 0.000
23.3	 117.3	 -0.106	 1.530
25.1	 117.3	 0.000	 0.000
26.8	 117.3	 0.000	 0.000
28.7	 117.3	 -0.729	 3.047
30.4	 117.3	 0.000	 0.000
32.3	 117.3	 0.000	 0.000
34.1	 117.3	 0.000	 0.000
35.9	 117.3	 0.071	 2.765
37.7	 117.3	 0.424	 2.918
39.5	 117.3	 0.000	 0.000
41.3	 117.3	 0.153	 2.694
43.1	 117.3	 0.000	 0.000
44.9	 117.3	 0.682	 1.730
46.7	 117.3	 0.000	 0.000
48.5	 117.3	 0.000	 0.000
50.3	 117.3	 0.800	 2.047
52.1	 117.3	 0.000	 0.000
53.9	 117.3	 0.635	 2.741
55.7	 117.3	 0.176	 2.106
57.6	 117.3	 -0.024	 2.141
59.4	 117.3	 0.012	 2.130
61.2	 117.3	 0.224	 2.024
63.0	 117.3	 -0.600	 0.047
64.9	 117.3	 0.012	 2.200
66.7	 117.3	 0.224	 2.165
68.5	 117.3	 0.106	 2.236
-3.8	 119.2	 0.000	 0.000
-2.0	 119.2	 0.000	 0.000
-0.3	 119.2	 0.000	 0.000
1.5	 119.2	 0.000	 0.000
3.4	 119.2	 0.000	 0.000
5.1	 119.2	 0.000	 0.000
7.0	 119.2	 0.000	 0.000
8.8	 119.2	 0.000	 0.000
10.6	 119.2	 0.000	 0.000
12.4	 119.2	 0.000	 0.000
14.3	 119.2	 0.000	 0.000
16.1	 119.2	 0.000	 0.000
17.8	 119.2	 0.588	 2.930
19.7	 119.2	 0.024	 3.012
21.4	 119.2	 0.000	 0.000
23.3	 119.2	 0.082	 1.683
25.1	 119.2	 0.200	 1.694
26.8	 119.2	 0.000	 0.000
28.7	 119.2	 0.059	 2.330
30.4	 119.2	 0.071	 2.330
32.3	 119.2	 0.000	 0.000
34.1	 119.2	 0.000	 0.000
35.9	 119.2	 0.000	 0.000
37.7	 119.2	 0.000	 0.000
39.5	 119.2	 0.000	 0.000
41.3	 119.2	 0.000	 0.000
43.1	 119.2	 0.000	 0.000
44.9	 119.2	 0.000	 0.000
46.7	 119.2	 0.000	 0.000
48.5	 119.2	 0.035	 2.118
50.3	 119.2	 0.000	 0.000
52.1	 119.2	 0.000	 0.000
53.9	 119.2	 0.129	 2.236
55.7	 119.2	 0.129	 2.365
57.6	 119.2	 0.000	 0.000
59.4	 119.2	 0.000	 0.000
61.2	 119.2	 0.012	 2.306
63.0	 119.2	 -0.729	 -0.012
64.9	 119.2	 0.176	 1.494
66.7	 119.2	 0.000	 2.153
68.5	 119.2	 -0.012	 0.612
-3.8	 121.0	 0.000	 0.000
-2.0	 121.0	 0.000	 0.000
-0.3	 121.0	 -0.024	 3.106
1.5	 121.0	 -0.012	 3.106
3.4	 121.0	 0.541	 2.459
5.1	 121.0	 0.541	 2.459
7.0	 121.0	 0.000	 0.000
8.8	 121.0	 0.000	 0.000
10.6	 121.0	 0.318	 2.859
12.4	 121.0	 -0.647	 3.012
14.3	 121.0	 0.000	 0.000
16.1	 121.0	 0.000	 0.000
17.8	 121.0	 0.000	 0.000
19.7	 121.0	 -0.012	 3.000
21.4	 121.0	 0.000	 0.000
23.3	 121.0	 0.000	 0.000
25.1	 121.0	 0.000	 0.000
26.8	 121.0	 0.000	 0.000
28.7	 121.0	 0.000	 0.000
30.4	 121.0	 0.000	 0.000
32.3	 121.0	 0.000	 0.000
34.1	 121.0	 0.000	 0.000
35.9	 121.0	 -0.106	 3.000
37.7	 121.0	 0.000	 0.000
39.5	 121.0	 0.000	 0.000
41.3	 121.0	 0.000	 0.000
43.1	 121.0	 0.000	 0.000
44.9	 121.0	 0.000	 0.000
46.7	 121.0	 0.000	 0.000
48.5	 121.0	 0.000	 0.000
50.3	 121.0	 0.000	 2.553
52.1	 121.0	 0.000	 0.000
53.9	 121.0	 0.706	 0.176
55.7	 121.0	 0.000	 0.000
57.6	 121.0	 0.012	 2.930
59.4	 121.0	 -0.212	 2.989
61.2	 121.0	 0.000	 0.000
63.0	 121.0	 0.047	 2.247
64.9	 121.0	 0.000	 0.000
66.7	 121.0	 0.000	 0.000
68.5	 121.0	 0.000	 0.000
-3.8	 122.8	 0.000	 0.000
-2.0	 122.8	 0.000	 0.000
-0.3	 122.8	 0.000	 0.000
1.5	 122.8	 0.012	 2.753
3.4	 122.8	 0.000	 2.812
5.1	 122.8	 0.000	 2.800
7.0	 122.8	 0.000	 0.000
8.8	 122.8	 0.000	 0.000
10.6	 122.8	 0.000	 0.000
12.4	 122.8	 0.000	 0.000
14.3	 122.8	 0.000	 0.000
16.1	 122.8	 0.000	 0.000
17.8	 122.8	 0.600	 2.965
19.7	 122.8	 0.577	 2.777
21.4	 122.8	 0.577	 2.777
23.3	 122.8	 0.000	 0.000
25.1	 122.8	 0.000	 0.000
26.8	 122.8	 0.000	 0.000
28.7	 122.8	 0.000	 0.000
30.4	 122.8	 0.000	 0.000
32.3	 122.8	 0.000	 0.000
34.1	 122.8	 0.000	 0.000
35.9	 122.8	 0.000	 0.000
37.7	 122.8	 0.000	 2.589
39.5	 122.8	 -0.047	 2.977
41.3	 122.8	 0.000	 0.000
43.1	 122.8	 0.000	 0.000
44.9	 122.8	 0.000	 0.000
46.7	 122.8	 0.000	 0.000
48.5	 122.8	 0.000	 0.000
50.3	 122.8	 0.000	 0.000
52.1	 122.8	 0.000	 0.000
53.9	 122.8	 0.000	 0.000
55.7	 122.8	 0.000	 0.000
57.6	 122.8	 -3.024	 0.000
59.4	 122.8	 -2.824	 -0.012
61.2	 122.8	 0.071	 2.400
63.0	 122.8	 0.129	 2.341
64.9	 122.8	 0.153	 2.341
66.7	 122.8	 0.047	 0.024
68.5	 122.8	 -0.071	 1.235
-3.8	 124.6	 0.000	 0.000
-2.0	 124.6	 0.000	 0.000
-0.3	 124.6	 0.000	 0.000
1.5	 124.6	 0.082	 0.047
3.4	 124.6	 0.000	 0.000
5.1	 124.6	 0.000	 0.000
7.0	 124.6	 0.000	 0.000
8.8	 124.6	 0.000	 0.000
10.6	 124.6	 0.035	 2.989
12.4	 124.6	 -0.635	 1.612
14.3	 124.6	 -0.518	 1.600
16.1	 124.6	 0.000	 0.000
17.8	 124.6	 0.000	 0.000
19.7	 124.6	 0.000	 0.000
21.4	 124.6	 0.000	 0.965
23.3	 124.6	 0.000	 0.000
25.1	 124.6	 0.000	 0.000
26.8	 124.6	 0.000	 0.000
28.7	 124.6	 0.000	 0.000
30.4	 124.6	 0.000	 0.000
32.3	 124.6	 0.000	 0.000
34.1	 124.6	 0.000	 0.000
35.9	 124.6	 0.000	 0.000
37.7	 124.6	 0.000	 0.000
39.5	 124.6	 0.000	 0.000
41.3	 124.6	 0.000	 0.000
43.1	 124.6	 0.000	 0.000
44.9	 124.6	 0.000	 0.000
46.7	 124.6	 0.259	 2.824
48.5	 124.6	 0.682	 1.518
50.3	 124.6	 0.000	 0.000
52.1	 124.6	 0.000	 0.000
53.9	 124.6	 0.000	 0.000
55.7	 124.6	 0.000	 0.000
57.6	 124.6	 -2.942	 0.035
59.4	 124.6	 -2.624	 -0.035
61.2	 124.6	 -0.024	 2.106
63.0	 124.6	 0.000	 2.400
64.9	 124.6	 0.153	 2.365
66.7	 124.6	 0.000	 0.000
68.5	 124.6	 0.000	 0.000
