-3.4	 50.9	 0.000	 0.000
-1.6	 50.9	 0.000	 0.000
0.2	 50.9	 0.000	 0.000
2.0	 50.9	 0.035	 0.593
3.8	 50.9	 -0.035	 0.290
5.5	 50.9	 -0.058	 0.442
7.3	 50.9	 -0.046	 0.616
9.1	 50.9	 0.081	 0.732
10.9	 50.9	 0.046	 0.639
12.7	 50.9	 0.000	 0.755
14.5	 50.9	 -0.035	 0.639
16.3	 50.9	 -0.023	 0.802
18.0	 50.9	 0.023	 1.092
19.8	 50.9	 0.035	 1.116
21.6	 50.9	 -0.046	 0.941
23.4	 50.9	 -0.070	 0.895
25.2	 50.9	 -0.035	 0.988
27.0	 50.9	 0.093	 1.150
28.8	 50.9	 0.058	 1.638
30.5	 50.9	 0.035	 1.592
32.3	 50.9	 0.035	 1.464
34.1	 50.9	 0.058	 1.476
35.9	 50.9	 0.023	 1.708
37.7	 50.9	 0.093	 1.999
39.5	 50.9	 0.128	 1.650
41.2	 50.9	 -0.035	 2.080
43.0	 50.9	 -0.395	 2.103
44.8	 50.9	 -0.151	 1.906
46.6	 50.9	 -0.058	 2.161
48.4	 50.9	 -0.046	 2.022
50.2	 50.9	 -0.198	 2.057
52.0	 50.9	 -0.209	 2.045
53.7	 50.9	 -0.290	 2.080
55.5	 50.9	 -0.290	 1.894
57.3	 50.9	 -0.186	 1.545
59.1	 50.9	 0.046	 1.313
60.9	 50.9	 0.023	 0.779
62.7	 50.9	 -0.081	 0.930
64.4	 50.9	 -0.163	 1.057
66.2	 50.9	 0.209	 0.941
68.0	 50.9	 0.000	 0.000
-3.4	 52.7	 0.000	 0.000
-1.6	 52.7	 0.000	 0.000
0.2	 52.7	 0.000	 0.000
2.0	 52.7	 0.000	 0.639
3.8	 52.7	 0.046	 0.755
5.5	 52.7	 0.023	 0.720
7.3	 52.7	 0.012	 0.627
9.1	 52.7	 0.081	 0.767
10.9	 52.7	 0.081	 0.790
12.7	 52.7	 -0.023	 0.755
14.5	 52.7	 -0.058	 0.697
16.3	 52.7	 -0.093	 0.999
18.0	 52.7	 0.023	 0.964
19.8	 52.7	 0.209	 1.290
21.6	 52.7	 -0.035	 1.081
23.4	 52.7	 -0.081	 0.930
25.2	 52.7	 0.186	 1.418
27.0	 52.7	 0.012	 1.034
28.8	 52.7	 0.174	 1.325
30.5	 52.7	 0.198	 1.476
32.3	 52.7	 0.093	 1.208
34.1	 52.7	 0.290	 1.569
35.9	 52.7	 -0.046	 2.092
37.7	 52.7	 0.000	 1.859
39.5	 52.7	 -0.046	 1.778
41.2	 52.7	 -0.070	 1.673
43.0	 52.7	 -0.232	 1.917
44.8	 52.7	 -0.325	 1.964
46.6	 52.7	 0.093	 1.569
48.4	 52.7	 -0.151	 1.871
50.2	 52.7	 -0.314	 2.033
52.0	 52.7	 -0.221	 2.045
53.7	 52.7	 -0.546	 2.161
55.5	 52.7	 -0.314	 1.906
57.3	 52.7	 -0.035	 1.418
59.1	 52.7	 -0.012	 1.092
60.9	 52.7	 -0.046	 1.023
62.7	 52.7	 -0.012	 0.941
64.4	 52.7	 0.000	 0.860
66.2	 52.7	 -0.046	 0.593
68.0	 52.7	 0.000	 0.000
-3.4	 54.5	 0.000	 0.000
-1.6	 54.5	 0.000	 0.000
0.2	 54.5	 0.000	 0.000
2.0	 54.5	 0.012	 0.941
3.8	 54.5	 0.070	 0.767
5.5	 54.5	 -0.070	 0.581
7.3	 54.5	 -0.105	 0.755
9.1	 54.5	 0.035	 0.767
10.9	 54.5	 0.023	 0.860
12.7	 54.5	 -0.012	 0.941
14.5	 54.5	 -0.046	 1.127
16.3	 54.5	 -0.116	 0.941
18.0	 54.5	 -0.139	 0.837
19.8	 54.5	 -0.012	 1.046
21.6	 54.5	 -0.012	 1.011
23.4	 54.5	 -0.023	 0.999
25.2	 54.5	 0.046	 1.069
27.0	 54.5	 0.070	 1.301
28.8	 54.5	 0.058	 1.232
30.5	 54.5	 0.105	 1.522
32.3	 54.5	 -0.046	 1.499
34.1	 54.5	 0.012	 1.917
35.9	 54.5	 0.000	 2.185
37.7	 54.5	 -0.070	 1.941
39.5	 54.5	 -0.012	 1.627
41.2	 54.5	 0.058	 1.360
43.0	 54.5	 -0.186	 2.115
44.8	 54.5	 -0.151	 2.150
46.6	 54.5	 -0.198	 2.243
48.4	 54.5	 -0.198	 2.196
50.2	 54.5	 -0.105	 2.185
52.0	 54.5	 -0.314	 2.277
53.7	 54.5	 -0.349	 2.196
55.5	 54.5	 -0.105	 1.569
57.3	 54.5	 0.000	 1.360
59.1	 54.5	 -0.023	 1.208
60.9	 54.5	 -0.023	 1.081
62.7	 54.5	 0.058	 0.627
64.4	 54.5	 -0.116	 0.837
66.2	 54.5	 -0.023	 0.779
68.0	 54.5	 0.000	 0.000
-3.4	 56.3	 0.000	 0.000
-1.6	 56.3	 0.000	 0.000
0.2	 56.3	 0.000	 0.000
2.0	 56.3	 -0.012	 0.662
3.8	 56.3	 0.012	 0.639
5.5	 56.3	 -0.093	 0.453
7.3	 56.3	 -0.046	 0.616
9.1	 56.3	 -0.012	 0.674
10.9	 56.3	 -0.035	 0.790
12.7	 56.3	 0.070	 0.895
14.5	 56.3	 -0.105	 0.767
16.3	 56.3	 -0.198	 0.674
18.0	 56.3	 -0.244	 0.767
19.8	 56.3	 -0.174	 0.860
21.6	 56.3	 -0.035	 0.999
23.4	 56.3	 -0.012	 1.267
25.2	 56.3	 -0.023	 1.127
27.0	 56.3	 0.035	 1.255
28.8	 56.3	 0.105	 0.964
30.5	 56.3	 0.151	 1.464
32.3	 56.3	 0.105	 1.464
34.1	 56.3	 0.139	 1.394
35.9	 56.3	 0.070	 1.267
37.7	 56.3	 0.232	 1.522
39.5	 56.3	 -0.163	 1.557
41.2	 56.3	 -0.163	 1.743
43.0	 56.3	 -0.046	 1.929
44.8	 56.3	 -0.035	 1.964
46.6	 56.3	 -0.198	 1.999
48.4	 56.3	 -0.186	 2.150
50.2	 56.3	 -0.058	 2.045
52.0	 56.3	 -0.128	 1.929
53.7	 56.3	 -0.163	 2.254
55.5	 56.3	 -0.012	 2.068
57.3	 56.3	 0.000	 1.662
59.1	 56.3	 -0.035	 1.348
60.9	 56.3	 0.070	 0.871
62.7	 56.3	 -0.023	 0.837
64.4	 56.3	 -0.035	 0.941
66.2	 56.3	 0.000	 0.779
68.0	 56.3	 0.000	 0.000
-3.4	 58.0	 0.000	 0.000
-1.6	 58.0	 0.000	 0.000
0.2	 58.0	 0.000	 0.000
2.0	 58.0	 0.012	 0.767
3.8	 58.0	 -0.012	 0.686
5.5	 58.0	 -0.012	 0.616
7.3	 58.0	 -0.023	 0.662
9.1	 58.0	 -0.035	 0.779
10.9	 58.0	 -0.035	 0.871
12.7	 58.0	 -0.116	 0.813
14.5	 58.0	 -0.023	 0.825
16.3	 58.0	 -0.105	 1.011
18.0	 58.0	 -0.221	 0.883
19.8	 58.0	 -0.116	 0.813
21.6	 58.0	 0.139	 1.371
23.4	 58.0	 0.012	 1.232
25.2	 58.0	 0.035	 1.197
27.0	 58.0	 0.000	 1.185
28.8	 58.0	 0.046	 1.325
30.5	 58.0	 0.070	 1.580
32.3	 58.0	 0.012	 1.406
34.1	 58.0	 0.012	 1.592
35.9	 58.0	 0.139	 1.487
37.7	 58.0	 0.046	 1.685
39.5	 58.0	 -0.058	 2.057
41.2	 58.0	 0.035	 1.824
43.0	 58.0	 0.186	 1.708
44.8	 58.0	 -0.023	 1.964
46.6	 58.0	 0.023	 2.359
48.4	 58.0	 -0.209	 2.196
50.2	 58.0	 -0.232	 2.173
52.0	 58.0	 -0.151	 1.964
53.7	 58.0	 -0.116	 1.685
55.5	 58.0	 0.070	 1.999
57.3	 58.0	 -0.046	 1.673
59.1	 58.0	 -0.046	 1.046
60.9	 58.0	 0.081	 1.104
62.7	 58.0	 -0.012	 1.208
64.4	 58.0	 -0.035	 0.953
66.2	 58.0	 -0.081	 0.918
68.0	 58.0	 0.000	 0.000
-3.4	 59.8	 0.000	 0.000
-1.6	 59.8	 0.000	 0.000
0.2	 59.8	 -0.070	 0.941
2.0	 59.8	 -0.012	 0.848
3.8	 59.8	 -0.093	 0.697
5.5	 59.8	 -0.081	 0.744
7.3	 59.8	 -0.012	 0.871
9.1	 59.8	 0.035	 0.686
10.9	 59.8	 -0.221	 0.848
12.7	 59.8	 -0.174	 0.976
14.5	 59.8	 0.058	 0.790
16.3	 59.8	 -0.070	 1.174
18.0	 59.8	 -0.070	 1.011
19.8	 59.8	 -0.163	 0.802
21.6	 59.8	 -0.151	 0.976
23.4	 59.8	 -0.256	 0.895
25.2	 59.8	 -0.081	 1.325
27.0	 59.8	 -0.012	 1.081
28.8	 59.8	 0.012	 1.185
30.5	 59.8	 -0.012	 0.848
32.3	 59.8	 0.035	 1.127
34.1	 59.8	 0.116	 1.301
35.9	 59.8	 0.070	 1.557
37.7	 59.8	 -0.035	 1.348
39.5	 59.8	 -0.046	 1.336
41.2	 59.8	 -0.023	 1.987
43.0	 59.8	 0.081	 1.429
44.8	 59.8	 -0.232	 1.778
46.6	 59.8	 -0.476	 2.370
48.4	 59.8	 -0.256	 1.813
50.2	 59.8	 -0.058	 2.150
52.0	 59.8	 -0.035	 1.836
53.7	 59.8	 -0.151	 1.743
55.5	 59.8	 -0.012	 1.836
57.3	 59.8	 -0.105	 1.638
59.1	 59.8	 0.105	 1.429
60.9	 59.8	 0.139	 1.023
62.7	 59.8	 0.035	 1.046
64.4	 59.8	 -0.035	 1.162
66.2	 59.8	 0.081	 0.883
68.0	 59.8	 0.000	 0.000
-3.4	 61.6	 0.000	 0.000
-1.6	 61.6	 0.000	 0.000
0.2	 61.6	 0.000	 0.000
2.0	 61.6	 0.012	 1.011
3.8	 61.6	 -0.058	 0.755
5.5	 61.6	 0.046	 0.860
7.3	 61.6	 -0.023	 0.825
9.1	 61.6	 -0.035	 0.779
10.9	 61.6	 -0.535	 1.778
12.7	 61.6	 -0.105	 1.104
14.5	 61.6	 0.151	 0.802
16.3	 61.6	 0.012	 0.918
18.0	 61.6	 -0.116	 1.057
19.8	 61.6	 -0.139	 1.046
21.6	 61.6	 -0.151	 1.011
23.4	 61.6	 -0.093	 1.057
25.2	 61.6	 -0.035	 1.116
27.0	 61.6	 0.000	 0.930
28.8	 61.6	 0.058	 1.267
30.5	 61.6	 0.000	 1.418
32.3	 61.6	 0.116	 1.476
34.1	 61.6	 0.000	 0.000
35.9	 61.6	 -0.244	 1.673
37.7	 61.6	 0.139	 1.627
39.5	 61.6	 0.337	 1.615
41.2	 61.6	 -0.058	 1.836
43.0	 61.6	 -0.012	 1.766
44.8	 61.6	 -0.035	 1.917
46.6	 61.6	 -0.244	 1.906
48.4	 61.6	 -0.151	 2.150
50.2	 61.6	 -0.046	 1.836
52.0	 61.6	 -0.093	 2.103
53.7	 61.6	 -0.081	 1.882
55.5	 61.6	 -0.128	 1.696
57.3	 61.6	 -0.151	 1.720
59.1	 61.6	 0.070	 1.383
60.9	 61.6	 -0.012	 1.232
62.7	 61.6	 -0.046	 1.139
64.4	 61.6	 0.012	 1.046
66.2	 61.6	 -0.035	 0.813
68.0	 61.6	 0.000	 0.000
-3.4	 63.4	 0.000	 0.000
-1.6	 63.4	 0.000	 0.000
0.2	 63.4	 0.000	 0.000
2.0	 63.4	 0.000	 0.930
3.8	 63.4	 -0.046	 0.837
5.5	 63.4	 -0.012	 0.779
7.3	 63.4	 -0.012	 1.522
9.1	 63.4	 -0.023	 0.604
10.9	 63.4	 -0.209	 0.871
12.7	 63.4	 0.023	 0.662
14.5	 63.4	 0.035	 1.057
16.3	 63.4	 0.035	 0.744
18.0	 63.4	 -0.105	 1.197
19.8	 63.4	 -0.139	 0.848
21.6	 63.4	 -0.151	 0.697
23.4	 63.4	 0.000	 1.174
25.2	 63.4	 -0.105	 1.429
27.0	 63.4	 -0.035	 1.232
28.8	 63.4	 -0.093	 1.452
30.5	 63.4	 -0.058	 1.383
32.3	 63.4	 0.000	 1.220
34.1	 63.4	 0.012	 1.104
35.9	 63.4	 -0.012	 1.232
37.7	 63.4	 -0.116	 2.138
39.5	 63.4	 -0.151	 1.917
41.2	 63.4	 -0.244	 1.836
43.0	 63.4	 -0.139	 1.987
44.8	 63.4	 -0.035	 2.045
46.6	 63.4	 -0.035	 2.092
48.4	 63.4	 -0.256	 1.708
50.2	 63.4	 -0.174	 1.871
52.0	 63.4	 -0.070	 1.766
53.7	 63.4	 -0.046	 1.720
55.5	 63.4	 0.000	 1.348
57.3	 63.4	 0.012	 1.534
59.1	 63.4	 0.000	 1.615
60.9	 63.4	 -0.116	 1.232
62.7	 63.4	 0.081	 1.290
64.4	 63.4	 0.058	 1.092
66.2	 63.4	 0.012	 0.999
68.0	 63.4	 0.000	 0.000
-3.4	 65.2	 0.000	 0.000
-1.6	 65.2	 0.000	 0.000
0.2	 65.2	 -0.116	 1.104
2.0	 65.2	 -0.046	 0.930
3.8	 65.2	 -0.023	 0.988
5.5	 65.2	 0.000	 0.813
7.3	 65.2	 -0.081	 0.779
9.1	 65.2	 -0.070	 0.779
10.9	 65.2	 -0.070	 0.790
12.7	 65.2	 -0.070	 0.709
14.5	 65.2	 -0.139	 1.034
16.3	 65.2	 -0.267	 1.278
18.0	 65.2	 -0.174	 1.267
19.8	 65.2	 -0.139	 0.755
21.6	 65.2	 -0.151	 0.895
23.4	 65.2	 0.058	 1.243
25.2	 65.2	 -0.012	 1.452
27.0	 65.2	 -0.058	 1.139
28.8	 65.2	 -0.081	 1.139
30.5	 65.2	 0.000	 1.627
32.3	 65.2	 0.058	 1.580
34.1	 65.2	 0.465	 2.812
35.9	 65.2	 -0.627	 2.208
37.7	 65.2	 -0.686	 2.173
39.5	 65.2	 -0.139	 1.731
41.2	 65.2	 -0.174	 1.871
43.0	 65.2	 -0.256	 1.604
44.8	 65.2	 -0.290	 1.708
46.6	 65.2	 0.035	 1.604
48.4	 65.2	 0.035	 1.743
50.2	 65.2	 0.000	 1.836
52.0	 65.2	 -0.105	 1.650
53.7	 65.2	 0.139	 1.731
55.5	 65.2	 0.012	 1.545
57.3	 65.2	 -0.046	 1.569
59.1	 65.2	 -0.023	 1.290
60.9	 65.2	 -0.093	 1.406
62.7	 65.2	 0.070	 1.418
64.4	 65.2	 -0.070	 0.953
66.2	 65.2	 0.023	 0.953
68.0	 65.2	 0.000	 0.000
-3.4	 67.0	 0.000	 0.000
-1.6	 67.0	 0.000	 0.000
0.2	 67.0	 0.000	 0.000
2.0	 67.0	 -0.070	 0.906
3.8	 67.0	 -0.081	 0.988
5.5	 67.0	 -0.058	 0.860
7.3	 67.0	 -0.105	 0.813
9.1	 67.0	 -0.070	 0.709
10.9	 67.0	 -0.093	 0.604
12.7	 67.0	 -0.163	 0.953
14.5	 67.0	 0.023	 0.744
16.3	 67.0	 0.081	 1.290
18.0	 67.0	 0.058	 1.871
19.8	 67.0	 0.000	 1.848
21.6	 67.0	 -0.058	 1.092
23.4	 67.0	 -0.070	 1.243
25.2	 67.0	 -0.198	 1.313
27.0	 67.0	 -0.105	 1.255
28.8	 67.0	 -0.046	 1.127
30.5	 67.0	 -0.151	 1.569
32.3	 67.0	 -0.035	 1.615
34.1	 67.0	 -0.035	 1.638
35.9	 67.0	 0.139	 1.220
37.7	 67.0	 -0.116	 1.139
39.5	 67.0	 -0.046	 1.464
41.2	 67.0	 -0.604	 2.033
43.0	 67.0	 -0.012	 1.871
44.8	 67.0	 0.012	 1.941
46.6	 67.0	 -0.244	 1.662
48.4	 67.0	 -0.116	 1.987
50.2	 67.0	 0.209	 2.057
52.0	 67.0	 0.046	 1.615
53.7	 67.0	 -0.023	 1.615
55.5	 67.0	 0.070	 1.557
57.3	 67.0	 -0.035	 1.604
59.1	 67.0	 0.081	 1.429
60.9	 67.0	 0.035	 1.429
62.7	 67.0	 0.035	 1.232
64.4	 67.0	 0.105	 1.046
66.2	 67.0	 0.081	 1.046
68.0	 67.0	 0.000	 0.000
-3.4	 68.8	 0.000	 0.000
-1.6	 68.8	 0.000	 0.000
0.2	 68.8	 0.000	 0.000
2.0	 68.8	 -0.023	 1.023
3.8	 68.8	 -0.070	 0.930
5.5	 68.8	 -0.070	 0.825
7.3	 68.8	 -0.046	 0.755
9.1	 68.8	 -0.035	 0.906
10.9	 68.8	 -0.151	 0.871
12.7	 68.8	 -0.035	 1.023
14.5	 68.8	 0.000	 1.371
16.3	 68.8	 -0.279	 1.139
18.0	 68.8	 -0.198	 1.464
19.8	 68.8	 -0.046	 1.615
21.6	 68.8	 -0.070	 1.081
23.4	 68.8	 -0.279	 0.709
25.2	 68.8	 0.093	 1.452
27.0	 68.8	 -0.070	 1.174
28.8	 68.8	 -0.128	 1.418
30.5	 68.8	 -0.081	 1.418
32.3	 68.8	 -0.093	 1.569
34.1	 68.8	 -0.046	 2.173
35.9	 68.8	 0.139	 1.336
37.7	 68.8	 -0.023	 0.999
39.5	 68.8	 -0.012	 1.615
41.2	 68.8	 -0.116	 1.662
43.0	 68.8	 -0.023	 1.731
44.8	 68.8	 -0.198	 1.987
46.6	 68.8	 -0.035	 1.638
48.4	 68.8	 -0.035	 1.604
50.2	 68.8	 0.012	 1.964
52.0	 68.8	 0.012	 1.522
53.7	 68.8	 0.000	 1.557
55.5	 68.8	 0.058	 1.545
57.3	 68.8	 0.105	 1.511
59.1	 68.8	 0.000	 1.476
60.9	 68.8	 0.035	 1.290
62.7	 68.8	 -0.058	 1.278
64.4	 68.8	 0.256	 1.243
66.2	 68.8	 -0.139	 1.046
68.0	 68.8	 0.000	 0.000
-3.4	 70.5	 0.000	 0.000
-1.6	 70.5	 0.000	 0.000
0.2	 70.5	 -0.093	 -1.104
2.0	 70.5	 -0.093	 1.336
3.8	 70.5	 -0.046	 1.185
5.5	 70.5	 -0.093	 1.220
7.3	 70.5	 -0.058	 0.767
9.1	 70.5	 -0.035	 0.930
10.9	 70.5	 0.046	 0.999
12.7	 70.5	 -0.058	 1.011
14.5	 70.5	 -0.163	 1.150
16.3	 70.5	 -0.023	 1.290
18.0	 70.5	 0.035	 1.464
19.8	 70.5	 0.000	 0.883
21.6	 70.5	 -0.116	 1.232
23.4	 70.5	 -0.290	 0.627
25.2	 70.5	 0.198	 1.371
27.0	 70.5	 -0.221	 1.383
28.8	 70.5	 -0.093	 1.325
30.5	 70.5	 -0.198	 1.139
32.3	 70.5	 -0.198	 1.023
34.1	 70.5	 -0.174	 1.046
35.9	 70.5	 -0.407	 1.394
37.7	 70.5	 -0.244	 1.580
39.5	 70.5	 0.198	 1.941
41.2	 70.5	 0.093	 1.743
43.0	 70.5	 0.058	 1.569
44.8	 70.5	 -0.023	 1.452
46.6	 70.5	 -0.070	 1.522
48.4	 70.5	 0.035	 1.569
50.2	 70.5	 0.105	 1.604
52.0	 70.5	 -0.093	 1.743
53.7	 70.5	 0.012	 1.348
55.5	 70.5	 0.058	 1.464
57.3	 70.5	 0.081	 1.371
59.1	 70.5	 0.046	 1.452
60.9	 70.5	 0.151	 1.371
62.7	 70.5	 0.198	 1.406
64.4	 70.5	 0.232	 1.139
66.2	 70.5	 0.023	 0.604
68.0	 70.5	 0.325	 1.116
-3.4	 72.3	 0.000	 0.000
-1.6	 72.3	 0.000	 0.000
0.2	 72.3	 0.000	 0.000
2.0	 72.3	 -0.070	 1.139
3.8	 72.3	 -0.012	 0.988
5.5	 72.3	 0.128	 0.744
7.3	 72.3	 0.151	 0.848
9.1	 72.3	 -0.093	 1.429
10.9	 72.3	 0.256	 1.325
12.7	 72.3	 -0.116	 1.046
14.5	 72.3	 -0.139	 1.197
16.3	 72.3	 -0.198	 1.208
18.0	 72.3	 -0.186	 1.092
19.8	 72.3	 -0.151	 1.197
21.6	 72.3	 0.116	 1.127
23.4	 72.3	 -0.244	 0.906
25.2	 72.3	 -0.244	 1.243
27.0	 72.3	 -0.651	 1.360
28.8	 72.3	 -0.116	 1.255
30.5	 72.3	 0.000	 1.081
32.3	 72.3	 -0.569	 1.836
34.1	 72.3	 -0.221	 1.882
35.9	 72.3	 -0.256	 1.999
37.7	 72.3	 -0.186	 1.906
39.5	 72.3	 0.035	 1.604
41.2	 72.3	 0.000	 0.000
43.0	 72.3	 0.081	 1.534
44.8	 72.3	 0.012	 1.418
46.6	 72.3	 -0.081	 1.604
48.4	 72.3	 -0.128	 1.545
50.2	 72.3	 -0.070	 1.615
52.0	 72.3	 0.035	 1.569
53.7	 72.3	 -0.070	 1.429
55.5	 72.3	 0.012	 1.580
57.3	 72.3	 0.035	 1.394
59.1	 72.3	 0.232	 1.487
60.9	 72.3	 0.058	 1.325
62.7	 72.3	 0.081	 1.162
64.4	 72.3	 0.035	 1.232
66.2	 72.3	 0.139	 0.767
68.0	 72.3	 0.186	 -1.046
-3.4	 74.1	 0.000	 0.000
-1.6	 74.1	 0.000	 0.000
0.2	 74.1	 0.000	 0.000
2.0	 74.1	 0.012	 1.081
3.8	 74.1	 0.046	 1.023
5.5	 74.1	 0.093	 1.057
7.3	 74.1	 0.081	 0.883
9.1	 74.1	 0.000	 0.837
10.9	 74.1	 0.012	 1.487
12.7	 74.1	 0.093	 1.081
14.5	 74.1	 -0.023	 0.988
16.3	 74.1	 0.000	 0.000
18.0	 74.1	 -0.163	 1.034
19.8	 74.1	 -0.035	 1.023
21.6	 74.1	 0.035	 1.150
23.4	 74.1	 -0.012	 1.290
25.2	 74.1	 -0.314	 1.360
27.0	 74.1	 -0.139	 1.174
28.8	 74.1	 -0.209	 0.988
30.5	 74.1	 0.000	 0.953
32.3	 74.1	 -0.232	 1.185
34.1	 74.1	 -0.186	 1.418
35.9	 74.1	 -0.105	 1.139
37.7	 74.1	 -0.232	 1.545
39.5	 74.1	 0.035	 1.592
41.2	 74.1	 -0.058	 0.755
43.0	 74.1	 -0.081	 1.383
44.8	 74.1	 -0.267	 1.534
46.6	 74.1	 -0.105	 1.696
48.4	 74.1	 -0.198	 1.673
50.2	 74.1	 -0.116	 1.778
52.0	 74.1	 0.046	 1.627
53.7	 74.1	 0.116	 1.650
55.5	 74.1	 0.151	 1.848
57.3	 74.1	 0.046	 1.278
59.1	 74.1	 0.093	 1.499
60.9	 74.1	 -0.198	 1.615
62.7	 74.1	 0.012	 1.452
64.4	 74.1	 0.023	 1.255
66.2	 74.1	 0.000	 0.000
68.0	 74.1	 0.000	 0.000
-3.4	 75.9	 0.000	 0.000
-1.6	 75.9	 0.000	 0.000
0.2	 75.9	 0.000	 0.000
2.0	 75.9	 -0.012	 1.255
3.8	 75.9	 0.093	 1.139
5.5	 75.9	 0.139	 1.174
7.3	 75.9	 0.070	 1.011
9.1	 75.9	 0.232	 1.116
10.9	 75.9	 -0.012	 1.174
12.7	 75.9	 -0.198	 1.162
14.5	 75.9	 -0.012	 1.197
16.3	 75.9	 -0.058	 1.034
18.0	 75.9	 -0.093	 1.220
19.8	 75.9	 0.000	 0.000
21.6	 75.9	 0.023	 1.557
23.4	 75.9	 -0.093	 1.418
25.2	 75.9	 -0.325	 1.406
27.0	 75.9	 0.023	 1.208
28.8	 75.9	 -0.081	 1.243
30.5	 75.9	 -0.035	 1.441
32.3	 75.9	 0.105	 1.197
34.1	 75.9	 -0.256	 1.569
35.9	 75.9	 0.139	 1.487
37.7	 75.9	 -0.163	 1.511
39.5	 75.9	 -0.174	 1.336
41.2	 75.9	 -0.267	 1.580
43.0	 75.9	 -0.221	 1.766
44.8	 75.9	 -0.267	 1.545
46.6	 75.9	 -0.105	 1.464
48.4	 75.9	 -0.058	 1.789
50.2	 75.9	 0.012	 2.022
52.0	 75.9	 0.093	 1.452
53.7	 75.9	 0.046	 1.836
55.5	 75.9	 0.070	 1.662
57.3	 75.9	 -0.058	 1.511
59.1	 75.9	 -0.012	 1.487
60.9	 75.9	 -0.116	 1.255
62.7	 75.9	 0.058	 1.545
64.4	 75.9	 0.046	 1.208
66.2	 75.9	 0.000	 0.000
68.0	 75.9	 0.000	 0.000
-3.4	 77.7	 0.000	 0.000
-1.6	 77.7	 0.000	 0.000
0.2	 77.7	 0.000	 0.000
2.0	 77.7	 -0.035	 1.290
3.8	 77.7	 0.198	 1.081
5.5	 77.7	 0.012	 0.999
7.3	 77.7	 -0.012	 0.895
9.1	 77.7	 0.105	 0.918
10.9	 77.7	 0.058	 1.150
12.7	 77.7	 -0.139	 1.452
14.5	 77.7	 -0.023	 1.360
16.3	 77.7	 0.046	 0.976
18.0	 77.7	 0.023	 1.383
19.8	 77.7	 -0.023	 1.592
21.6	 77.7	 0.035	 1.569
23.4	 77.7	 0.000	 0.000
25.2	 77.7	 -0.105	 1.615
27.0	 77.7	 -0.290	 1.267
28.8	 77.7	 -0.302	 1.650
30.5	 77.7	 -0.372	 1.941
32.3	 77.7	 -0.256	 1.383
34.1	 77.7	 -0.023	 1.162
35.9	 77.7	 0.000	 1.848
37.7	 77.7	 -0.209	 1.255
39.5	 77.7	 -0.058	 1.360
41.2	 77.7	 -0.221	 2.289
43.0	 77.7	 -0.163	 1.778
44.8	 77.7	 0.000	 1.650
46.6	 77.7	 0.035	 1.778
48.4	 77.7	 -0.058	 1.894
50.2	 77.7	 0.000	 1.836
52.0	 77.7	 0.058	 1.499
53.7	 77.7	 0.058	 1.441
55.5	 77.7	 0.000	 1.487
57.3	 77.7	 0.035	 1.325
59.1	 77.7	 0.070	 1.476
60.9	 77.7	 0.023	 1.429
62.7	 77.7	 0.151	 1.476
64.4	 77.7	 -0.023	 1.290
66.2	 77.7	 0.000	 0.000
68.0	 77.7	 0.000	 0.000
-3.4	 79.5	 0.000	 0.000
-1.6	 79.5	 0.000	 0.000
0.2	 79.5	 -0.128	 -1.569
2.0	 79.5	 -0.116	 1.197
3.8	 79.5	 -0.070	 1.116
5.5	 79.5	 -0.081	 1.046
7.3	 79.5	 0.046	 0.941
9.1	 79.5	 0.163	 0.906
10.9	 79.5	 0.070	 1.139
12.7	 79.5	 -0.105	 1.034
14.5	 79.5	 -0.209	 0.999
16.3	 79.5	 0.093	 1.243
18.0	 79.5	 -0.151	 1.313
19.8	 79.5	 -0.174	 1.452
21.6	 79.5	 -0.395	 1.267
23.4	 79.5	 0.105	 1.662
25.2	 79.5	 0.383	 2.208
27.0	 79.5	 -0.163	 1.406
28.8	 79.5	 0.000	 0.000
30.5	 79.5	 -0.186	 1.418
32.3	 79.5	 0.023	 1.185
34.1	 79.5	 -0.232	 0.837
35.9	 79.5	 -0.174	 1.394
37.7	 79.5	 -0.058	 1.627
39.5	 79.5	 0.081	 1.360
41.2	 79.5	 -0.174	 1.267
43.0	 79.5	 -0.186	 1.162
44.8	 79.5	 -0.198	 1.929
46.6	 79.5	 0.093	 1.813
48.4	 79.5	 -0.035	 1.615
50.2	 79.5	 0.128	 1.662
52.0	 79.5	 -0.151	 1.708
53.7	 79.5	 -0.174	 1.301
55.5	 79.5	 0.000	 1.290
57.3	 79.5	 -0.081	 1.545
59.1	 79.5	 -0.023	 1.638
60.9	 79.5	 0.116	 1.615
62.7	 79.5	 0.174	 1.604
64.4	 79.5	 0.174	 1.116
66.2	 79.5	 0.000	 0.000
68.0	 79.5	 0.000	 0.000
-3.4	 81.2	 0.000	 0.000
-1.6	 81.2	 0.000	 0.000
0.2	 81.2	 0.000	 0.000
2.0	 81.2	 -0.023	 1.348
3.8	 81.2	 0.058	 1.116
5.5	 81.2	 0.081	 0.999
7.3	 81.2	 -0.174	 0.871
9.1	 81.2	 -0.035	 1.023
10.9	 81.2	 -0.046	 0.988
12.7	 81.2	 0.058	 0.930
14.5	 81.2	 0.267	 1.127
16.3	 81.2	 0.000	 0.000
18.0	 81.2	 0.395	 1.511
19.8	 81.2	 0.012	 1.116
21.6	 81.2	 -0.198	 0.837
23.4	 81.2	 -0.105	 1.336
25.2	 81.2	 -0.023	 1.290
27.0	 81.2	 -0.035	 1.081
28.8	 81.2	 -0.093	 1.208
30.5	 81.2	 -0.070	 1.174
32.3	 81.2	 0.023	 0.860
34.1	 81.2	 -0.314	 1.267
35.9	 81.2	 -0.442	 2.150
37.7	 81.2	 -0.174	 1.394
39.5	 81.2	 -0.163	 1.348
41.2	 81.2	 -0.081	 1.220
43.0	 81.2	 -0.256	 1.673
44.8	 81.2	 -0.232	 1.627
46.6	 81.2	 -0.093	 2.033
48.4	 81.2	 -0.105	 1.580
50.2	 81.2	 0.000	 1.534
52.0	 81.2	 0.023	 1.604
53.7	 81.2	 -0.012	 1.720
55.5	 81.2	 -0.058	 1.836
57.3	 81.2	 -0.186	 1.487
59.1	 81.2	 0.198	 1.813
60.9	 81.2	 0.302	 1.638
62.7	 81.2	 0.012	 1.371
64.4	 81.2	 -0.070	 1.348
66.2	 81.2	 -0.174	 1.104
68.0	 81.2	 0.000	 0.000
-3.4	 83.0	 0.000	 0.000
-1.6	 83.0	 0.000	 0.000
0.2	 83.0	 0.000	 0.000
2.0	 83.0	 0.046	 0.720
3.8	 83.0	 0.116	 0.802
5.5	 83.0	 -0.046	 1.116
7.3	 83.0	 0.105	 1.069
9.1	 83.0	 0.186	 1.116
10.9	 83.0	 0.023	 1.197
12.7	 83.0	 0.174	 0.976
14.5	 83.0	 0.000	 0.000
16.3	 83.0	 0.209	 1.755
18.0	 83.0	 0.232	 3.010
19.8	 83.0	 -0.012	 0.918
21.6	 83.0	 -0.070	 1.278
23.4	 83.0	 -0.046	 1.406
25.2	 83.0	 -0.070	 1.290
27.0	 83.0	 0.000	 1.313
28.8	 83.0	 -0.116	 1.243
30.5	 83.0	 -0.209	 1.278
32.3	 83.0	 -0.012	 0.976
34.1	 83.0	 -0.232	 1.255
35.9	 83.0	 -0.163	 1.487
37.7	 83.0	 -0.569	 1.894
39.5	 83.0	 -0.105	 1.383
41.2	 83.0	 -0.116	 1.057
43.0	 83.0	 -0.093	 1.580
44.8	 83.0	 -0.151	 1.336
46.6	 83.0	 -0.209	 1.255
48.4	 83.0	 -0.070	 1.755
50.2	 83.0	 0.209	 1.848
52.0	 83.0	 0.012	 1.487
53.7	 83.0	 0.046	 1.685
55.5	 83.0	 -0.035	 1.673
57.3	 83.0	 0.035	 1.452
59.1	 83.0	 0.151	 1.476
60.9	 83.0	 0.000	 1.464
62.7	 83.0	 -0.012	 1.290
64.4	 83.0	 0.058	 1.545
66.2	 83.0	 0.093	 1.522
68.0	 83.0	 0.000	 0.000
-3.4	 84.8	 0.000	 0.000
-1.6	 84.8	 0.000	 0.000
0.2	 84.8	 0.000	 0.000
2.0	 84.8	 0.000	 1.046
3.8	 84.8	 0.070	 1.034
5.5	 84.8	 -0.081	 1.069
7.3	 84.8	 0.012	 1.197
9.1	 84.8	 0.058	 1.174
10.9	 84.8	 -0.488	 1.255
12.7	 84.8	 0.000	 0.000
14.5	 84.8	 0.023	 1.208
16.3	 84.8	 -0.012	 0.988
18.0	 84.8	 0.128	 0.895
19.8	 84.8	 -0.035	 0.848
21.6	 84.8	 -0.081	 0.964
23.4	 84.8	 -0.012	 1.150
25.2	 84.8	 -0.139	 1.092
27.0	 84.8	 -0.012	 1.139
28.8	 84.8	 -0.128	 1.220
30.5	 84.8	 -0.070	 1.336
32.3	 84.8	 -0.081	 0.837
34.1	 84.8	 -0.058	 0.906
35.9	 84.8	 -0.198	 1.174
37.7	 84.8	 -0.198	 1.150
39.5	 84.8	 -0.290	 1.162
41.2	 84.8	 -0.279	 1.487
43.0	 84.8	 -0.128	 1.522
44.8	 84.8	 -0.023	 1.673
46.6	 84.8	 0.046	 1.604
48.4	 84.8	 -0.058	 1.813
50.2	 84.8	 -0.128	 1.615
52.0	 84.8	 -0.198	 1.580
53.7	 84.8	 0.000	 1.464
55.5	 84.8	 -0.023	 1.557
57.3	 84.8	 0.070	 1.406
59.1	 84.8	 0.174	 1.418
60.9	 84.8	 -0.058	 1.197
62.7	 84.8	 0.105	 1.476
64.4	 84.8	 0.116	 1.627
66.2	 84.8	 0.093	 1.580
68.0	 84.8	 0.000	 0.000
-3.4	 86.6	 0.000	 0.000
-1.6	 86.6	 0.000	 0.000
0.2	 86.6	 0.000	 0.000
2.0	 86.6	 0.012	 0.941
3.8	 86.6	 -0.116	 1.197
5.5	 86.6	 0.105	 1.197
7.3	 86.6	 0.035	 1.092
9.1	 86.6	 0.116	 1.452
10.9	 86.6	 -0.744	 1.499
12.7	 86.6	 -0.221	 1.441
14.5	 86.6	 0.035	 1.557
16.3	 86.6	 0.128	 1.545
18.0	 86.6	 0.128	 1.232
19.8	 86.6	 -0.046	 1.534
21.6	 86.6	 -0.337	 0.999
23.4	 86.6	 -0.151	 1.197
25.2	 86.6	 0.035	 1.720
27.0	 86.6	 -0.046	 1.069
28.8	 86.6	 -0.012	 0.906
30.5	 86.6	 0.093	 0.883
32.3	 86.6	 -0.174	 1.429
34.1	 86.6	 0.116	 0.941
35.9	 86.6	 0.372	 1.406
37.7	 86.6	 0.000	 1.360
39.5	 86.6	 -0.476	 1.325
41.2	 86.6	 0.000	 0.000
43.0	 86.6	 -0.279	 1.952
44.8	 86.6	 -0.035	 1.952
46.6	 86.6	 0.000	 1.824
48.4	 86.6	 -0.035	 1.418
50.2	 86.6	 -0.035	 1.638
52.0	 86.6	 -0.093	 1.731
53.7	 86.6	 -0.128	 1.534
55.5	 86.6	 0.116	 1.569
57.3	 86.6	 -0.012	 1.545
59.1	 86.6	 0.070	 1.371
60.9	 86.6	 0.058	 1.406
62.7	 86.6	 0.046	 1.499
64.4	 86.6	 0.046	 1.557
66.2	 86.6	 0.081	 1.487
68.0	 86.6	 0.000	 0.000
-3.4	 88.4	 0.000	 0.000
-1.6	 88.4	 0.000	 0.000
0.2	 88.4	 0.000	 0.000
2.0	 88.4	 0.000	 1.069
3.8	 88.4	 -0.023	 0.964
5.5	 88.4	 -0.012	 0.871
7.3	 88.4	 0.012	 0.930
9.1	 88.4	 -0.035	 1.011
10.9	 88.4	 -0.128	 1.255
12.7	 88.4	 -0.267	 0.976
14.5	 88.4	 -0.035	 1.023
16.3	 88.4	 -0.035	 1.267
18.0	 88.4	 -0.058	 1.360
19.8	 88.4	 -0.093	 1.650
21.6	 88.4	 -0.058	 1.464
23.4	 88.4	 -0.046	 1.371
25.2	 88.4	 -0.023	 1.313
27.0	 88.4	 0.000	 0.000
28.8	 88.4	 0.023	 0.988
30.5	 88.4	 0.000	 0.709
32.3	 88.4	 -0.070	 0.732
34.1	 88.4	 -0.186	 1.127
35.9	 88.4	 -0.093	 1.174
37.7	 88.4	 -0.070	 1.778
39.5	 88.4	 -0.035	 1.464
41.2	 88.4	 0.023	 0.918
43.0	 88.4	 -0.128	 1.394
44.8	 88.4	 -0.128	 1.522
46.6	 88.4	 -0.081	 1.696
48.4	 88.4	 0.058	 1.383
50.2	 88.4	 0.046	 1.452
52.0	 88.4	 -0.012	 1.813
53.7	 88.4	 0.012	 1.882
55.5	 88.4	 0.000	 1.569
57.3	 88.4	 0.070	 1.569
59.1	 88.4	 0.012	 1.487
60.9	 88.4	 0.093	 1.383
62.7	 88.4	 0.105	 1.418
64.4	 88.4	 0.046	 1.627
66.2	 88.4	 -0.023	 1.348
68.0	 88.4	 0.000	 0.000
-3.4	 90.2	 0.000	 0.000
-1.6	 90.2	 0.000	 0.000
0.2	 90.2	 0.000	 0.000
2.0	 90.2	 -0.035	 1.104
3.8	 90.2	 0.046	 1.394
5.5	 90.2	 0.128	 1.464
7.3	 90.2	 -0.627	 0.999
9.1	 90.2	 -0.139	 1.232
10.9	 90.2	 0.070	 1.766
12.7	 90.2	 -0.012	 1.383
14.5	 90.2	 -0.081	 1.394
16.3	 90.2	 -0.093	 1.406
18.0	 90.2	 0.081	 1.650
19.8	 90.2	 -0.070	 1.673
21.6	 90.2	 -0.012	 1.255
23.4	 90.2	 0.012	 1.197
25.2	 90.2	 -0.093	 1.034
27.0	 90.2	 0.058	 0.744
28.8	 90.2	 0.070	 0.639
30.5	 90.2	 -0.046	 1.360
32.3	 90.2	 -0.174	 1.336
34.1	 90.2	 -0.081	 0.906
35.9	 90.2	 0.046	 0.616
37.7	 90.2	 0.093	 1.092
39.5	 90.2	 -0.058	 1.394
41.2	 90.2	 -0.279	 1.638
43.0	 90.2	 -0.198	 1.720
44.8	 90.2	 0.070	 1.267
46.6	 90.2	 0.058	 1.441
48.4	 90.2	 0.116	 1.301
50.2	 90.2	 -0.128	 1.499
52.0	 90.2	 -0.198	 1.813
53.7	 90.2	 0.000	 1.638
55.5	 90.2	 0.116	 1.511
57.3	 90.2	 0.070	 1.627
59.1	 90.2	 0.081	 1.557
60.9	 90.2	 0.139	 1.627
62.7	 90.2	 0.105	 1.476
64.4	 90.2	 0.186	 1.511
66.2	 90.2	 0.418	 1.394
68.0	 90.2	 0.000	 0.000
-3.4	 92.0	 0.000	 0.000
-1.6	 92.0	 0.000	 0.000
0.2	 92.0	 0.000	 0.000
2.0	 92.0	 -0.081	 1.638
3.8	 92.0	 0.000	 0.000
5.5	 92.0	 -0.035	 1.023
7.3	 92.0	 -0.395	 0.779
9.1	 92.0	 -0.465	 0.767
10.9	 92.0	 0.209	 1.383
12.7	 92.0	 0.198	 1.662
14.5	 92.0	 -0.128	 1.499
16.3	 92.0	 0.000	 0.000
18.0	 92.0	 -0.070	 1.545
19.8	 92.0	 0.081	 1.220
21.6	 92.0	 -0.058	 1.441
23.4	 92.0	 -0.058	 1.394
25.2	 92.0	 0.151	 1.092
27.0	 92.0	 -0.012	 0.790
28.8	 92.0	 -0.023	 0.767
30.5	 92.0	 -0.012	 1.255
32.3	 92.0	 -0.105	 1.011
34.1	 92.0	 -0.314	 1.545
35.9	 92.0	 0.163	 1.116
37.7	 92.0	 -0.244	 1.418
39.5	 92.0	 0.058	 1.290
41.2	 92.0	 -0.035	 1.394
43.0	 92.0	 -0.093	 1.278
44.8	 92.0	 -0.035	 1.278
46.6	 92.0	 -0.128	 1.313
48.4	 92.0	 0.000	 1.371
50.2	 92.0	 -0.093	 1.627
52.0	 92.0	 -0.070	 1.731
53.7	 92.0	 0.046	 1.638
55.5	 92.0	 0.023	 1.325
57.3	 92.0	 -0.035	 1.580
59.1	 92.0	 0.000	 0.000
60.9	 92.0	 0.209	 1.360
62.7	 92.0	 0.151	 1.511
64.4	 92.0	 0.035	 1.429
66.2	 92.0	 0.012	 1.476
68.0	 92.0	 0.000	 0.000
-3.4	 93.7	 0.000	 0.000
-1.6	 93.7	 0.000	 0.000
0.2	 93.7	 0.000	 0.000
2.0	 93.7	 -0.116	 1.278
3.8	 93.7	 -0.151	 1.464
5.5	 93.7	 -0.430	 1.406
7.3	 93.7	 0.023	 1.534
9.1	 93.7	 0.000	 0.000
10.9	 93.7	 0.081	 0.674
12.7	 93.7	 -0.081	 1.452
14.5	 93.7	 -0.151	 -2.022
16.3	 93.7	 0.012	 0.895
18.0	 93.7	 -0.058	 1.208
19.8	 93.7	 -0.151	 1.301
21.6	 93.7	 -0.081	 1.452
23.4	 93.7	 0.105	 1.662
25.2	 93.7	 0.058	 1.127
27.0	 93.7	 0.035	 1.336
28.8	 93.7	 0.023	 0.930
30.5	 93.7	 -0.046	 0.988
32.3	 93.7	 -0.244	 0.755
34.1	 93.7	 0.070	 0.860
35.9	 93.7	 0.198	 1.441
37.7	 93.7	 -0.720	 2.359
39.5	 93.7	 -0.209	 1.662
41.2	 93.7	 0.000	 0.000
43.0	 93.7	 -0.070	 1.511
44.8	 93.7	 -0.116	 1.650
46.6	 93.7	 0.012	 1.255
48.4	 93.7	 -0.163	 1.371
50.2	 93.7	 -0.058	 1.522
52.0	 93.7	 -0.081	 1.464
53.7	 93.7	 -0.058	 1.731
55.5	 93.7	 -0.046	 1.824
57.3	 93.7	 0.012	 1.604
59.1	 93.7	 0.186	 1.778
60.9	 93.7	 0.070	 1.522
62.7	 93.7	 0.035	 1.638
64.4	 93.7	 -0.058	 1.627
66.2	 93.7	 -0.105	 1.487
68.0	 93.7	 0.976	 1.673
-3.4	 95.5	 0.000	 0.000
-1.6	 95.5	 0.000	 0.000
0.2	 95.5	 0.000	 0.000
2.0	 95.5	 0.000	 0.837
3.8	 95.5	 0.221	 0.767
5.5	 95.5	 -0.070	 1.429
7.3	 95.5	 0.000	 1.499
9.1	 95.5	 -0.105	 1.964
10.9	 95.5	 -0.058	 1.557
12.7	 95.5	 0.023	 1.371
14.5	 95.5	 0.046	 1.197
16.3	 95.5	 -0.035	 1.243
18.0	 95.5	 -0.267	 1.545
19.8	 95.5	 -0.035	 1.534
21.6	 95.5	 0.058	 1.464
23.4	 95.5	 -0.070	 1.487
25.2	 95.5	 0.267	 1.731
27.0	 95.5	 0.000	 1.150
28.8	 95.5	 -0.058	 1.150
30.5	 95.5	 -0.046	 0.976
32.3	 95.5	 -0.023	 0.860
34.1	 95.5	 -0.023	 0.930
35.9	 95.5	 0.000	 0.941
37.7	 95.5	 -0.837	 1.325
39.5	 95.5	 -0.244	 1.418
41.2	 95.5	 -0.093	 1.418
43.0	 95.5	 0.093	 1.452
44.8	 95.5	 -0.093	 1.360
46.6	 95.5	 0.000	 0.000
48.4	 95.5	 -0.070	 1.731
50.2	 95.5	 -0.012	 1.627
52.0	 95.5	 0.139	 2.080
53.7	 95.5	 0.023	 1.557
55.5	 95.5	 0.070	 1.673
57.3	 95.5	 -0.186	 1.685
59.1	 95.5	 0.012	 1.604
60.9	 95.5	 0.093	 1.580
62.7	 95.5	 0.070	 1.511
64.4	 95.5	 0.116	 1.789
66.2	 95.5	 -0.151	 1.057
68.0	 95.5	 0.639	 1.499
-3.4	 97.3	 0.000	 0.000
-1.6	 97.3	 0.000	 0.000
0.2	 97.3	 0.000	 0.000
2.0	 97.3	 -0.151	 1.046
3.8	 97.3	 0.105	 1.116
5.5	 97.3	 -0.023	 1.081
7.3	 97.3	 -0.302	 1.301
9.1	 97.3	 -0.093	 1.313
10.9	 97.3	 -0.163	 1.464
12.7	 97.3	 -0.093	 1.580
14.5	 97.3	 -0.105	 1.569
16.3	 97.3	 -0.256	 0.151
18.0	 97.3	 0.000	 0.000
19.8	 97.3	 -0.139	 1.394
21.6	 97.3	 -0.023	 1.464
23.4	 97.3	 0.058	 1.185
25.2	 97.3	 0.523	 2.068
27.0	 97.3	 -0.116	 1.185
28.8	 97.3	 -0.081	 1.394
30.5	 97.3	 -0.070	 1.139
32.3	 97.3	 -0.198	 1.046
34.1	 97.3	 -0.151	 0.930
35.9	 97.3	 -0.151	 1.336
37.7	 97.3	 -0.128	 1.139
39.5	 97.3	 -0.046	 0.976
41.2	 97.3	 -0.186	 1.325
43.0	 97.3	 -0.128	 1.220
44.8	 97.3	 -0.128	 1.418
46.6	 97.3	 -0.105	 1.313
48.4	 97.3	 -0.058	 1.046
50.2	 97.3	 0.023	 1.615
52.0	 97.3	 0.035	 1.848
53.7	 97.3	 -0.046	 1.685
55.5	 97.3	 -0.035	 1.348
57.3	 97.3	 0.058	 1.371
59.1	 97.3	 0.081	 1.731
60.9	 97.3	 0.046	 1.720
62.7	 97.3	 0.070	 1.429
64.4	 97.3	 0.058	 1.441
66.2	 97.3	 0.105	 1.499
68.0	 97.3	 0.302	 1.464
-3.4	 99.1	 0.000	 0.000
-1.6	 99.1	 0.000	 0.000
0.2	 99.1	 0.000	 0.000
2.0	 99.1	 -0.209	 1.243
3.8	 99.1	 0.070	 0.976
5.5	 99.1	 0.000	 0.930
7.3	 99.1	 -0.116	 1.464
9.1	 99.1	 -0.139	 1.394
10.9	 99.1	 0.000	 0.000
12.7	 99.1	 -0.058	 1.243
14.5	 99.1	 -0.093	 1.220
16.3	 99.1	 0.163	 0.883
18.0	 99.1	 0.000	 0.000
19.8	 99.1	 -0.314	 1.522
21.6	 99.1	 0.046	 1.267
23.4	 99.1	 0.023	 1.278
25.2	 99.1	 -0.023	 1.174
27.0	 99.1	 0.000	 0.000
28.8	 99.1	 -0.035	 1.197
30.5	 99.1	 -0.081	 0.941
32.3	 99.1	 0.012	 0.941
34.1	 99.1	 0.186	 1.116
35.9	 99.1	 -0.290	 1.174
37.7	 99.1	 -0.081	 0.976
39.5	 99.1	 0.093	 1.197
41.2	 99.1	 -0.093	 1.162
43.0	 99.1	 -0.221	 1.243
44.8	 99.1	 -0.151	 1.627
46.6	 99.1	 -0.070	 0.813
48.4	 99.1	 0.000	 1.185
50.2	 99.1	 -0.174	 1.848
52.0	 99.1	 -0.093	 1.383
53.7	 99.1	 -0.128	 1.464
55.5	 99.1	 0.023	 1.545
57.3	 99.1	 0.023	 1.441
59.1	 99.1	 -0.046	 1.429
60.9	 99.1	 -0.012	 1.778
62.7	 99.1	 0.139	 1.394
64.4	 99.1	 0.058	 1.290
66.2	 99.1	 0.116	 1.383
68.0	 99.1	 0.453	 1.267
-3.4	 100.9	 0.000	 0.000
-1.6	 100.9	 0.000	 0.000
0.2	 100.9	 0.000	 0.000
2.0	 100.9	 -0.279	 1.394
3.8	 100.9	 -0.244	 1.092
5.5	 100.9	 -0.163	 0.871
7.3	 100.9	 -0.151	 1.034
9.1	 100.9	 0.070	 1.278
10.9	 100.9	 0.058	 1.313
12.7	 100.9	 -0.046	 1.243
14.5	 100.9	 0.000	 0.000
16.3	 100.9	 -0.058	 1.174
18.0	 100.9	 -0.105	 1.441
19.8	 100.9	 0.012	 1.534
21.6	 100.9	 0.093	 1.348
23.4	 100.9	 0.058	 1.336
25.2	 100.9	 0.023	 1.185
27.0	 100.9	 0.046	 1.011
28.8	 100.9	 -0.058	 1.197
30.5	 100.9	 -0.070	 1.116
32.3	 100.9	 -0.337	 1.336
34.1	 100.9	 -0.535	 1.418
35.9	 100.9	 -0.128	 0.988
37.7	 100.9	 -0.198	 1.232
39.5	 100.9	 -0.058	 1.441
41.2	 100.9	 0.000	 0.000
43.0	 100.9	 -0.151	 1.336
44.8	 100.9	 -0.476	 1.185
46.6	 100.9	 -0.186	 1.371
48.4	 100.9	 -0.151	 1.452
50.2	 100.9	 -0.151	 1.534
52.0	 100.9	 0.023	 1.534
53.7	 100.9	 0.081	 1.592
55.5	 100.9	 -0.023	 1.429
57.3	 100.9	 0.012	 1.557
59.1	 100.9	 -0.023	 1.627
60.9	 100.9	 0.000	 1.604
62.7	 100.9	 0.035	 1.499
64.4	 100.9	 0.070	 1.441
66.2	 100.9	 0.000	 1.360
68.0	 100.9	 0.325	 1.278
-3.4	 102.7	 0.000	 0.000
-1.6	 102.7	 0.000	 0.000
0.2	 102.7	 0.000	 0.000
2.0	 102.7	 0.000	 0.000
3.8	 102.7	 0.000	 0.000
5.5	 102.7	 -0.070	 1.371
7.3	 102.7	 0.000	 0.000
9.1	 102.7	 0.221	 1.116
10.9	 102.7	 0.151	 1.139
12.7	 102.7	 -0.046	 1.638
14.5	 102.7	 -0.035	 1.557
16.3	 102.7	 -0.046	 1.522
18.0	 102.7	 0.058	 1.406
19.8	 102.7	 -0.023	 1.499
21.6	 102.7	 -0.070	 1.394
23.4	 102.7	 -0.105	 1.801
25.2	 102.7	 0.081	 1.499
27.0	 102.7	 0.000	 0.000
28.8	 102.7	 -0.012	 1.499
30.5	 102.7	 0.105	 0.244
32.3	 102.7	 0.000	 0.000
34.1	 102.7	 -0.244	 1.569
35.9	 102.7	 -0.128	 1.418
37.7	 102.7	 0.186	 1.208
39.5	 102.7	 -0.105	 1.232
41.2	 102.7	 -0.232	 1.464
43.0	 102.7	 -0.198	 1.964
44.8	 102.7	 0.000	 0.000
46.6	 102.7	 0.000	 0.000
48.4	 102.7	 -0.930	 2.277
50.2	 102.7	 -0.081	 1.720
52.0	 102.7	 -0.023	 1.360
53.7	 102.7	 0.012	 1.522
55.5	 102.7	 -0.070	 1.406
57.3	 102.7	 0.046	 1.452
59.1	 102.7	 -0.035	 1.476
60.9	 102.7	 0.070	 1.592
62.7	 102.7	 0.046	 1.534
64.4	 102.7	 0.023	 1.615
66.2	 102.7	 0.012	 1.464
68.0	 102.7	 0.000	 0.000
-3.4	 104.4	 0.000	 0.000
-1.6	 104.4	 0.000	 0.000
0.2	 104.4	 0.000	 0.000
2.0	 104.4	 0.000	 0.000
3.8	 104.4	 0.012	 0.790
5.5	 104.4	 -0.046	 1.394
7.3	 104.4	 0.221	 0.697
9.1	 104.4	 0.163	 1.139
10.9	 104.4	 0.151	 1.127
12.7	 104.4	 0.012	 1.081
14.5	 104.4	 -0.116	 1.150
16.3	 104.4	 0.012	 1.580
18.0	 104.4	 0.081	 1.371
19.8	 104.4	 -0.151	 1.336
21.6	 104.4	 -0.035	 1.394
23.4	 104.4	 -0.198	 1.301
25.2	 104.4	 -0.395	 2.243
27.0	 104.4	 0.000	 0.000
28.8	 104.4	 -0.035	 1.534
30.5	 104.4	 0.070	 1.046
32.3	 104.4	 -0.128	 0.988
34.1	 104.4	 -0.174	 1.208
35.9	 104.4	 -0.198	 0.906
37.7	 104.4	 0.000	 0.000
39.5	 104.4	 -0.081	 1.360
41.2	 104.4	 0.000	 0.000
43.0	 104.4	 0.000	 0.000
44.8	 104.4	 -0.105	 1.336
46.6	 104.4	 0.000	 0.000
48.4	 104.4	 -0.012	 1.313
50.2	 104.4	 -0.058	 1.476
52.0	 104.4	 0.023	 1.569
53.7	 104.4	 0.012	 1.499
55.5	 104.4	 -0.151	 1.441
57.3	 104.4	 0.070	 1.336
59.1	 104.4	 -0.081	 1.336
60.9	 104.4	 -0.151	 1.394
62.7	 104.4	 -0.081	 1.662
64.4	 104.4	 -0.151	 1.627
66.2	 104.4	 0.093	 1.441
68.0	 104.4	 0.895	 1.580
-3.4	 106.2	 0.000	 0.000
-1.6	 106.2	 0.000	 0.000
0.2	 106.2	 0.000	 0.000
2.0	 106.2	 0.000	 0.000
3.8	 106.2	 -0.198	 1.232
5.5	 106.2	 -0.023	 1.476
7.3	 106.2	 -0.221	 1.429
9.1	 106.2	 -0.116	 1.511
10.9	 106.2	 0.012	 1.243
12.7	 106.2	 0.093	 1.243
14.5	 106.2	 0.174	 0.930
16.3	 106.2	 0.198	 1.116
18.0	 106.2	 0.186	 2.347
19.8	 106.2	 0.081	 1.325
21.6	 106.2	 0.058	 1.348
23.4	 106.2	 -0.081	 0.999
25.2	 106.2	 0.000	 0.000
27.0	 106.2	 -0.046	 1.220
28.8	 106.2	 -0.012	 1.336
30.5	 106.2	 0.000	 0.000
32.3	 106.2	 0.000	 0.000
34.1	 106.2	 0.000	 0.000
35.9	 106.2	 0.081	 1.069
37.7	 106.2	 -0.023	 1.174
39.5	 106.2	 -0.325	 1.162
41.2	 106.2	 -0.081	 1.371
43.0	 106.2	 -0.093	 0.918
44.8	 106.2	 0.023	 0.895
46.6	 106.2	 0.070	 1.325
48.4	 106.2	 -0.023	 1.441
50.2	 106.2	 0.000	 1.487
52.0	 106.2	 -0.093	 1.243
53.7	 106.2	 0.023	 1.476
55.5	 106.2	 0.046	 1.487
57.3	 106.2	 0.023	 1.673
59.1	 106.2	 0.093	 1.813
60.9	 106.2	 0.023	 1.441
62.7	 106.2	 -0.105	 1.406
64.4	 106.2	 -0.035	 1.557
66.2	 106.2	 -0.035	 1.429
68.0	 106.2	 0.186	 1.569
-3.4	 108.0	 0.000	 0.000
-1.6	 108.0	 0.000	 0.000
0.2	 108.0	 0.000	 0.000
2.0	 108.0	 -0.209	 1.371
3.8	 108.0	 -0.186	 1.220
5.5	 108.0	 -0.070	 1.476
7.3	 108.0	 1.290	 -0.116
9.1	 108.0	 -0.186	 1.452
10.9	 108.0	 0.000	 0.000
12.7	 108.0	 0.000	 0.000
14.5	 108.0	 0.105	 1.127
16.3	 108.0	 -0.256	 0.744
18.0	 108.0	 0.058	 1.476
19.8	 108.0	 -0.046	 1.441
21.6	 108.0	 0.046	 1.267
23.4	 108.0	 -0.093	 1.162
25.2	 108.0	 -0.186	 1.081
27.0	 108.0	 0.023	 1.348
28.8	 108.0	 -0.325	 0.674
30.5	 108.0	 0.023	 1.243
32.3	 108.0	 -0.081	 0.999
34.1	 108.0	 0.093	 1.116
35.9	 108.0	 -0.116	 1.220
37.7	 108.0	 -0.023	 1.139
39.5	 108.0	 -0.046	 1.360
41.2	 108.0	 -0.046	 1.371
43.0	 108.0	 -0.430	 1.429
44.8	 108.0	 -0.012	 1.243
46.6	 108.0	 0.046	 1.464
48.4	 108.0	 -0.581	 1.638
50.2	 108.0	 0.000	 0.000
52.0	 108.0	 -0.012	 1.592
53.7	 108.0	 -0.081	 1.615
55.5	 108.0	 -0.093	 1.383
57.3	 108.0	 0.012	 1.487
59.1	 108.0	 0.290	 1.708
60.9	 108.0	 -0.046	 1.278
62.7	 108.0	 -0.116	 1.429
64.4	 108.0	 0.070	 1.522
66.2	 108.0	 0.058	 1.557
68.0	 108.0	 0.662	 1.476
-3.4	 109.8	 0.000	 0.000
-1.6	 109.8	 0.000	 0.000
0.2	 109.8	 0.000	 0.000
2.0	 109.8	 -0.244	 1.336
3.8	 109.8	 0.000	 0.000
5.5	 109.8	 -0.128	 1.232
7.3	 109.8	 0.000	 0.000
9.1	 109.8	 -0.023	 1.092
10.9	 109.8	 0.000	 0.000
12.7	 109.8	 0.046	 0.767
14.5	 109.8	 0.000	 0.000
16.3	 109.8	 -0.163	 1.383
18.0	 109.8	 -0.035	 1.545
19.8	 109.8	 -0.046	 1.325
21.6	 109.8	 0.000	 0.941
23.4	 109.8	 -0.023	 0.593
25.2	 109.8	 -0.174	 1.208
27.0	 109.8	 0.046	 1.313
28.8	 109.8	 -0.116	 1.023
30.5	 109.8	 0.012	 0.895
32.3	 109.8	 -0.058	 0.964
34.1	 109.8	 0.000	 0.000
35.9	 109.8	 -0.105	 1.232
37.7	 109.8	 -0.139	 1.301
39.5	 109.8	 0.081	 1.232
41.2	 109.8	 -0.465	 1.429
43.0	 109.8	 -0.046	 1.313
44.8	 109.8	 -0.442	 1.394
46.6	 109.8	 -0.221	 1.394
48.4	 109.8	 -0.314	 1.267
50.2	 109.8	 0.000	 0.000
52.0	 109.8	 -0.070	 1.197
53.7	 109.8	 -0.035	 1.383
55.5	 109.8	 0.046	 1.685
57.3	 109.8	 -0.046	 1.232
59.1	 109.8	 -0.012	 1.534
60.9	 109.8	 0.023	 1.406
62.7	 109.8	 0.139	 1.336
64.4	 109.8	 0.058	 1.441
66.2	 109.8	 0.035	 1.534
68.0	 109.8	 0.000	 0.000
-3.4	 111.6	 0.000	 0.000
-1.6	 111.6	 0.000	 0.000
0.2	 111.6	 0.000	 0.000
2.0	 111.6	 0.000	 0.000
3.8	 111.6	 -0.302	 1.476
5.5	 111.6	 -0.244	 1.452
7.3	 111.6	 -0.105	 1.476
9.1	 111.6	 -0.035	 1.104
10.9	 111.6	 -0.023	 1.185
12.7	 111.6	 -0.035	 1.150
14.5	 111.6	 0.000	 0.000
16.3	 111.6	 -0.035	 1.487
18.0	 111.6	 0.012	 1.452
19.8	 111.6	 0.000	 1.441
21.6	 111.6	 0.000	 1.429
23.4	 111.6	 -0.302	 0.151
25.2	 111.6	 -0.267	 0.256
27.0	 111.6	 -0.012	 1.406
28.8	 111.6	 -0.430	 0.325
30.5	 111.6	 -0.360	 1.197
32.3	 111.6	 0.023	 0.953
34.1	 111.6	 0.174	 1.197
35.9	 111.6	 -0.046	 1.208
37.7	 111.6	 -0.151	 1.383
39.5	 111.6	 0.151	 1.301
41.2	 111.6	 -0.081	 1.104
43.0	 111.6	 -0.081	 0.999
44.8	 111.6	 -0.337	 1.394
46.6	 111.6	 -0.151	 1.336
48.4	 111.6	 -0.128	 1.116
50.2	 111.6	 0.116	 1.104
52.0	 111.6	 0.000	 0.930
53.7	 111.6	 -0.198	 1.208
55.5	 111.6	 -0.232	 1.848
57.3	 111.6	 -0.035	 1.057
59.1	 111.6	 0.023	 1.139
60.9	 111.6	 -0.035	 0.871
62.7	 111.6	 -0.046	 1.592
64.4	 111.6	 -0.163	 1.499
66.2	 111.6	 0.046	 1.487
68.0	 111.6	 0.000	 0.000
-3.4	 113.4	 0.000	 0.000
-1.6	 113.4	 0.000	 0.000
0.2	 113.4	 -0.244	 0.906
2.0	 113.4	 -0.267	 1.394
3.8	 113.4	 -0.081	 1.441
5.5	 113.4	 -0.151	 1.499
7.3	 113.4	 2.301	 0.163
9.1	 113.4	 -0.116	 1.441
10.9	 113.4	 -0.116	 1.487
12.7	 113.4	 0.035	 1.232
14.5	 113.4	 0.046	 1.243
16.3	 113.4	 0.058	 1.220
18.0	 113.4	 0.000	 0.000
19.8	 113.4	 -0.186	 1.406
21.6	 113.4	 0.023	 1.301
23.4	 113.4	 -0.198	 0.848
25.2	 113.4	 -0.349	 0.895
27.0	 113.4	 -0.081	 1.371
28.8	 113.4	 0.070	 1.348
30.5	 113.4	 -0.279	 1.336
32.3	 113.4	 -0.128	 1.371
34.1	 113.4	 0.558	 1.534
35.9	 113.4	 -0.035	 1.162
37.7	 113.4	 -0.116	 1.278
39.5	 113.4	 0.070	 1.325
41.2	 113.4	 -0.046	 1.267
43.0	 113.4	 -0.105	 1.290
44.8	 113.4	 0.093	 1.360
46.6	 113.4	 0.000	 0.000
48.4	 113.4	 -0.070	 1.336
50.2	 113.4	 0.035	 1.174
52.0	 113.4	 0.035	 1.499
53.7	 113.4	 0.012	 1.348
55.5	 113.4	 -0.116	 1.267
57.3	 113.4	 0.070	 1.371
59.1	 113.4	 -0.035	 1.476
60.9	 113.4	 -0.105	 1.766
62.7	 113.4	 -0.198	 1.592
64.4	 113.4	 -0.023	 1.604
66.2	 113.4	 -0.023	 1.650
68.0	 113.4	 0.000	 0.000
-3.4	 115.2	 0.000	 0.000
-1.6	 115.2	 0.000	 0.000
0.2	 115.2	 0.000	 0.000
2.0	 115.2	 -0.267	 1.278
3.8	 115.2	 -0.081	 1.383
5.5	 115.2	 -0.116	 1.418
7.3	 115.2	 2.289	 0.151
9.1	 115.2	 -0.116	 1.383
10.9	 115.2	 -0.302	 0.964
12.7	 115.2	 -0.070	 1.487
14.5	 115.2	 -0.058	 1.511
16.3	 115.2	 0.000	 0.000
18.0	 115.2	 0.081	 1.290
19.8	 115.2	 0.000	 0.000
21.6	 115.2	 -0.070	 0.767
23.4	 115.2	 -0.012	 1.394
25.2	 115.2	 -0.349	 0.988
27.0	 115.2	 -0.012	 1.452
28.8	 115.2	 -0.070	 0.964
30.5	 115.2	 -0.023	 1.301
32.3	 115.2	 -0.035	 0.779
34.1	 115.2	 0.058	 1.360
35.9	 115.2	 0.000	 0.000
37.7	 115.2	 -0.058	 1.232
39.5	 115.2	 0.000	 0.000
41.2	 115.2	 -0.163	 0.476
43.0	 115.2	 -0.244	 1.185
44.8	 115.2	 0.093	 1.127
46.6	 115.2	 0.000	 0.000
48.4	 115.2	 0.000	 1.313
50.2	 115.2	 -0.046	 1.394
52.0	 115.2	 0.232	 2.405
53.7	 115.2	 -0.035	 1.743
55.5	 115.2	 -0.046	 1.627
57.3	 115.2	 0.128	 1.383
59.1	 115.2	 -0.244	 1.813
60.9	 115.2	 -0.035	 1.685
62.7	 115.2	 0.093	 1.615
64.4	 115.2	 0.128	 1.638
66.2	 115.2	 0.151	 1.278
68.0	 115.2	 0.732	 1.208
-3.4	 116.9	 0.000	 0.000
-1.6	 116.9	 0.000	 0.000
0.2	 116.9	 0.000	 0.000
2.0	 116.9	 -0.395	 1.487
3.8	 116.9	 -0.093	 1.406
5.5	 116.9	 -0.093	 1.325
7.3	 116.9	 -0.360	 1.313
9.1	 116.9	 -0.337	 1.290
10.9	 116.9	 -0.198	 0.999
12.7	 116.9	 -0.151	 1.418
14.5	 116.9	 0.000	 0.000
16.3	 116.9	 0.000	 0.000
18.0	 116.9	 0.000	 0.000
19.8	 116.9	 0.000	 0.000
21.6	 116.9	 0.000	 0.000
23.4	 116.9	 0.035	 1.394
25.2	 116.9	 -0.163	 1.313
27.0	 116.9	 0.000	 0.000
28.8	 116.9	 0.023	 1.418
30.5	 116.9	 0.046	 1.371
32.3	 116.9	 0.000	 0.000
34.1	 116.9	 0.058	 1.232
35.9	 116.9	 0.267	 1.383
37.7	 116.9	 0.000	 0.000
39.5	 116.9	 -0.151	 1.023
41.2	 116.9	 -0.139	 1.174
43.0	 116.9	 0.000	 0.000
44.8	 116.9	 0.000	 0.000
46.6	 116.9	 -0.453	 1.569
48.4	 116.9	 -0.128	 1.452
50.2	 116.9	 -0.058	 1.360
52.0	 116.9	 0.000	 0.000
53.7	 116.9	 0.058	 1.371
55.5	 116.9	 0.139	 1.464
57.3	 116.9	 -0.093	 1.545
59.1	 116.9	 -0.023	 1.569
60.9	 116.9	 0.000	 0.000
62.7	 116.9	 -0.116	 1.778
64.4	 116.9	 -0.128	 1.917
66.2	 116.9	 -0.035	 1.638
68.0	 116.9	 0.000	 0.000
-3.4	 118.7	 0.000	 0.000
-1.6	 118.7	 0.000	 0.000
0.2	 118.7	 0.000	 0.000
2.0	 118.7	 0.000	 0.000
3.8	 118.7	 -0.081	 1.429
5.5	 118.7	 0.023	 0.639
7.3	 118.7	 0.000	 0.000
9.1	 118.7	 -0.256	 1.290
10.9	 118.7	 -0.128	 1.429
12.7	 118.7	 -0.128	 1.290
14.5	 118.7	 -0.116	 1.278
16.3	 118.7	 -0.070	 1.487
18.0	 118.7	 -0.151	 1.255
19.8	 118.7	 0.000	 0.000
21.6	 118.7	 0.267	 1.232
23.4	 118.7	 -0.151	 1.383
25.2	 118.7	 0.000	 1.278
27.0	 118.7	 -0.058	 1.360
28.8	 118.7	 0.023	 1.325
30.5	 118.7	 0.116	 1.232
32.3	 118.7	 0.046	 1.290
34.1	 118.7	 0.139	 1.301
35.9	 118.7	 -0.070	 1.220
37.7	 118.7	 -0.151	 1.708
39.5	 118.7	 -0.163	 1.627
41.2	 118.7	 -0.325	 1.290
43.0	 118.7	 -0.337	 1.441
44.8	 118.7	 -0.093	 1.441
46.6	 118.7	 -0.174	 1.476
48.4	 118.7	 -0.093	 1.208
50.2	 118.7	 0.081	 1.487
52.0	 118.7	 0.035	 1.941
53.7	 118.7	 -0.116	 1.418
55.5	 118.7	 0.000	 0.000
57.3	 118.7	 0.105	 1.522
59.1	 118.7	 0.337	 1.476
60.9	 118.7	 0.023	 1.545
62.7	 118.7	 0.000	 1.464
64.4	 118.7	 0.000	 0.000
66.2	 118.7	 0.012	 1.360
68.0	 118.7	 0.918	 1.569
-3.4	 120.5	 0.000	 0.000
-1.6	 120.5	 0.000	 0.000
0.2	 120.5	 0.000	 0.000
2.0	 120.5	 -0.418	 1.174
3.8	 120.5	 0.070	 1.336
5.5	 120.5	 0.244	 1.197
7.3	 120.5	 -0.105	 1.220
9.1	 120.5	 0.000	 0.000
10.9	 120.5	 -0.186	 1.383
12.7	 120.5	 -0.081	 1.441
14.5	 120.5	 0.012	 1.150
16.3	 120.5	 -0.081	 0.999
18.0	 120.5	 -0.139	 0.976
19.8	 120.5	 -0.012	 1.429
21.6	 120.5	 0.105	 1.429
23.4	 120.5	 0.012	 1.406
25.2	 120.5	 0.000	 0.000
27.0	 120.5	 -0.046	 1.429
28.8	 120.5	 0.116	 0.930
30.5	 120.5	 0.000	 0.000
32.3	 120.5	 0.000	 0.825
34.1	 120.5	 0.163	 1.255
35.9	 120.5	 -0.174	 1.278
37.7	 120.5	 0.035	 1.499
39.5	 120.5	 -0.046	 1.406
41.2	 120.5	 0.651	 1.023
43.0	 120.5	 -0.116	 1.534
44.8	 120.5	 0.128	 0.662
46.6	 120.5	 0.209	 0.930
48.4	 120.5	 0.023	 1.545
50.2	 120.5	 -0.046	 1.313
52.0	 120.5	 -0.070	 1.336
53.7	 120.5	 0.000	 1.487
55.5	 120.5	 0.046	 1.522
57.3	 120.5	 0.000	 0.000
59.1	 120.5	 0.000	 0.000
60.9	 120.5	 -0.151	 1.406
62.7	 120.5	 0.163	 1.592
64.4	 120.5	 -0.139	 1.452
66.2	 120.5	 -0.023	 1.406
68.0	 120.5	 0.535	 1.476
-3.4	 122.3	 0.000	 0.000
-1.6	 122.3	 0.000	 0.000
0.2	 122.3	 0.000	 0.000
2.0	 122.3	 -0.407	 1.394
3.8	 122.3	 0.000	 0.000
5.5	 122.3	 -0.232	 1.290
7.3	 122.3	 -0.128	 1.383
9.1	 122.3	 0.035	 1.394
10.9	 122.3	 -0.116	 1.174
12.7	 122.3	 0.000	 0.000
14.5	 122.3	 0.000	 0.000
16.3	 122.3	 -0.012	 1.162
18.0	 122.3	 -0.012	 1.034
19.8	 122.3	 -0.116	 1.371
21.6	 122.3	 0.000	 0.000
23.4	 122.3	 -0.023	 1.232
25.2	 122.3	 -0.023	 1.267
27.0	 122.3	 -0.198	 1.406
28.8	 122.3	 0.046	 1.278
30.5	 122.3	 0.000	 0.000
32.3	 122.3	 0.000	 0.000
34.1	 122.3	 0.023	 1.394
35.9	 122.3	 0.058	 0.267
37.7	 122.3	 0.000	 0.000
39.5	 122.3	 -0.267	 2.312
41.2	 122.3	 0.232	 1.348
43.0	 122.3	 0.012	 1.592
44.8	 122.3	 0.081	 1.255
46.6	 122.3	 0.372	 1.313
48.4	 122.3	 -0.023	 1.813
50.2	 122.3	 0.070	 1.452
52.0	 122.3	 0.012	 1.394
53.7	 122.3	 0.023	 1.243
55.5	 122.3	 -0.186	 1.452
57.3	 122.3	 -0.232	 1.418
59.1	 122.3	 -0.221	 1.569
60.9	 122.3	 -0.151	 1.534
62.7	 122.3	 0.116	 1.522
64.4	 122.3	 0.023	 1.348
66.2	 122.3	 -0.081	 1.452
68.0	 122.3	 0.372	 1.267
-3.4	 124.1	 0.000	 0.000
-1.6	 124.1	 0.000	 0.000
0.2	 124.1	 0.000	 0.000
2.0	 124.1	 -0.790	 0.325
3.8	 124.1	 -0.279	 1.545
5.5	 124.1	 -0.105	 1.441
7.3	 124.1	 -0.116	 1.545
9.1	 124.1	 -0.128	 1.545
10.9	 124.1	 -0.105	 1.464
12.7	 124.1	 -0.046	 1.116
14.5	 124.1	 -0.232	 1.290
16.3	 124.1	 -0.058	 1.406
18.0	 124.1	 -0.430	 1.325
19.8	 124.1	 0.000	 0.000
21.6	 124.1	 0.302	 1.394
23.4	 124.1	 -0.012	 1.464
25.2	 124.1	 0.000	 1.348
27.0	 124.1	 -0.046	 1.313
28.8	 124.1	 -0.058	 1.301
30.5	 124.1	 -0.128	 1.348
32.3	 124.1	 0.000	 0.000
34.1	 124.1	 0.116	 1.360
35.9	 124.1	 0.000	 0.000
37.7	 124.1	 -0.046	 1.197
39.5	 124.1	 0.000	 0.000
41.2	 124.1	 0.012	 2.126
43.0	 124.1	 -0.081	 1.406
44.8	 124.1	 0.070	 1.429
46.6	 124.1	 -0.093	 1.487
48.4	 124.1	 0.000	 0.000
50.2	 124.1	 0.000	 0.000
52.0	 124.1	 -0.232	 1.743
53.7	 124.1	 -0.139	 1.452
55.5	 124.1	 -0.732	 1.418
57.3	 124.1	 0.000	 0.000
59.1	 124.1	 -0.139	 1.464
60.9	 124.1	 0.046	 1.371
62.7	 124.1	 0.000	 1.604
64.4	 124.1	 0.093	 1.441
66.2	 124.1	 -0.116	 1.162
68.0	 124.1	 0.000	 0.000
