-1.7	 50.8	 0.000	 0.000
0.0	 50.8	 0.000	 0.000
1.9	 50.8	 0.023	 -0.269
3.6	 50.8	 -0.047	 -0.234
5.5	 50.8	 -0.070	 -0.234
7.3	 50.8	 -0.058	 -0.175
9.0	 50.8	 -0.070	 -0.128
10.8	 50.8	 -0.047	 -0.105
12.5	 50.8	 -0.070	 -0.047
14.4	 50.8	 -0.023	 -0.012
16.1	 50.8	 -0.058	 0.093
18.0	 50.8	 0.000	 0.152
19.8	 50.8	 -0.047	 0.164
21.5	 50.8	 -0.070	 0.222
23.4	 50.8	 -0.047	 0.187
25.1	 50.8	 -0.140	 0.187
27.0	 50.8	 -0.070	 0.152
28.8	 50.8	 -0.082	 0.199
30.5	 50.8	 -0.152	 0.234
32.4	 50.8	 0.000	 0.000
34.1	 50.8	 -0.140	 0.397
36.0	 50.8	 -0.105	 0.467
37.6	 50.8	 -0.070	 0.642
39.5	 50.8	 -0.164	 0.677
41.3	 50.8	 -0.093	 0.631
43.0	 50.8	 -0.047	 0.596
44.9	 50.8	 -0.047	 0.537
46.6	 50.8	 -0.117	 0.584
48.5	 50.8	 0.000	 0.572
50.3	 50.8	 -0.070	 0.619
52.0	 50.8	 -0.093	 0.444
53.9	 50.8	 -0.058	 0.467
55.6	 50.8	 -0.128	 0.467
57.5	 50.8	 -0.152	 0.292
59.3	 50.8	 -0.047	 0.304
61.0	 50.8	 0.000	 0.128
62.9	 50.8	 0.070	 0.000
64.6	 50.8	 0.000	 -0.245
66.4	 50.8	 0.047	 -0.829
68.1	 50.8	 0.093	 -0.899
70.0	 50.8	 0.000	 0.000
-1.7	 52.6	 0.000	 0.000
0.0	 52.6	 -0.047	 -0.841
1.9	 52.6	 -0.047	 -0.257
3.6	 52.6	 -0.047	 -0.257
5.5	 52.6	 -0.058	 -0.175
7.3	 52.6	 -0.058	 -0.152
9.0	 52.6	 -0.070	 -0.152
10.8	 52.6	 -0.058	 -0.105
12.5	 52.6	 -0.035	 -0.023
14.4	 52.6	 -0.023	 0.012
16.1	 52.6	 -0.058	 0.023
18.0	 52.6	 -0.058	 0.105
19.8	 52.6	 -0.023	 0.245
21.5	 52.6	 -0.047	 0.245
23.4	 52.6	 -0.105	 0.257
25.1	 52.6	 -0.140	 0.222
27.0	 52.6	 -0.128	 0.245
28.8	 52.6	 -0.105	 0.140
30.5	 52.6	 -0.409	 0.210
32.4	 52.6	 0.000	 0.000
34.1	 52.6	 -0.280	 0.444
36.0	 52.6	 -0.035	 0.561
37.6	 52.6	 -0.035	 0.572
39.5	 52.6	 -0.105	 0.596
41.3	 52.6	 -0.093	 0.619
43.0	 52.6	 -0.105	 0.619
44.9	 52.6	 -0.117	 0.537
46.6	 52.6	 -0.093	 0.607
48.5	 52.6	 -0.070	 0.584
50.3	 52.6	 -0.093	 0.619
52.0	 52.6	 -0.117	 0.596
53.9	 52.6	 -0.105	 0.561
55.6	 52.6	 -0.128	 0.561
57.5	 52.6	 -0.023	 0.374
59.3	 52.6	 0.035	 0.292
61.0	 52.6	 -0.012	 0.117
62.9	 52.6	 0.012	 -0.047
64.6	 52.6	 -0.199	 -0.152
66.4	 52.6	 0.047	 -0.666
68.1	 52.6	 0.000	 0.000
70.0	 52.6	 0.000	 0.000
-1.7	 54.4	 0.000	 0.000
0.0	 54.4	 -0.058	 -0.911
1.9	 54.4	 -0.035	 -0.187
3.6	 54.4	 -0.035	 -0.222
5.5	 54.4	 -0.070	 -0.152
7.3	 54.4	 -0.093	 -0.128
9.0	 54.4	 -0.093	 -0.117
10.8	 54.4	 -0.058	 -0.093
12.5	 54.4	 -0.070	 -0.058
14.4	 54.4	 -0.035	 -0.012
16.1	 54.4	 -0.070	 0.035
18.0	 54.4	 -0.093	 0.117
19.8	 54.4	 -0.047	 0.234
21.5	 54.4	 -0.128	 0.222
23.4	 54.4	 -0.140	 0.315
25.1	 54.4	 -0.058	 0.234
27.0	 54.4	 -0.128	 0.304
28.8	 54.4	 -0.164	 0.479
30.5	 54.4	 -0.175	 0.549
32.4	 54.4	 -0.175	 0.467
34.1	 54.4	 -0.245	 0.350
36.0	 54.4	 -0.070	 0.654
37.6	 54.4	 -0.093	 0.631
39.5	 54.4	 -0.117	 0.654
41.3	 54.4	 -0.117	 0.561
43.0	 54.4	 -0.093	 0.677
44.9	 54.4	 -0.105	 0.619
46.6	 54.4	 -0.105	 0.607
48.5	 54.4	 -0.128	 0.514
50.3	 54.4	 -0.070	 0.526
52.0	 54.4	 -0.105	 0.467
53.9	 54.4	 -0.082	 0.526
55.6	 54.4	 -0.035	 0.455
57.5	 54.4	 -0.047	 0.350
59.3	 54.4	 0.058	 0.269
61.0	 54.4	 -0.035	 0.082
62.9	 54.4	 -0.035	 -0.047
64.6	 54.4	 -0.105	 -0.117
66.4	 54.4	 -0.093	 -0.455
68.1	 54.4	 0.000	 0.000
70.0	 54.4	 0.000	 0.000
-1.7	 56.1	 0.000	 0.000
0.0	 56.1	 0.000	 0.000
1.9	 56.1	 -0.023	 -0.164
3.6	 56.1	 -0.082	 -0.175
5.5	 56.1	 -0.082	 -0.128
7.3	 56.1	 -0.082	 -0.117
9.0	 56.1	 -0.070	 -0.105
10.8	 56.1	 -0.082	 -0.058
12.5	 56.1	 -0.093	 -0.035
14.4	 56.1	 -0.093	 0.023
16.1	 56.1	 -0.105	 0.082
18.0	 56.1	 -0.058	 0.093
19.8	 56.1	 -0.152	 0.187
21.5	 56.1	 -0.105	 0.234
23.4	 56.1	 -0.035	 0.187
25.1	 56.1	 -0.175	 0.292
27.0	 56.1	 -0.058	 0.444
28.8	 56.1	 -0.128	 0.455
30.5	 56.1	 -0.269	 0.292
32.4	 56.1	 -0.035	 0.619
34.1	 56.1	 -0.023	 0.549
36.0	 56.1	 -0.152	 0.549
37.6	 56.1	 -0.070	 0.619
39.5	 56.1	 -0.164	 0.631
41.3	 56.1	 -0.164	 0.619
43.0	 56.1	 -0.093	 0.724
44.9	 56.1	 -0.093	 0.689
46.6	 56.1	 -0.152	 0.607
48.5	 56.1	 -0.175	 0.596
50.3	 56.1	 -0.234	 0.654
52.0	 56.1	 -0.140	 0.526
53.9	 56.1	 -0.082	 0.549
55.6	 56.1	 -0.023	 0.327
57.5	 56.1	 -0.058	 0.245
59.3	 56.1	 -0.012	 0.140
61.0	 56.1	 0.000	 0.047
62.9	 56.1	 -0.023	 -0.082
64.6	 56.1	 -0.187	 -0.035
66.4	 56.1	 0.187	 -0.584
68.1	 56.1	 0.000	 0.000
70.0	 56.1	 0.000	 0.000
-1.7	 57.9	 0.000	 0.000
0.0	 57.9	 0.000	 0.000
1.9	 57.9	 -0.035	 -0.117
3.6	 57.9	 -0.047	 -0.140
5.5	 57.9	 -0.070	 -0.117
7.3	 57.9	 -0.105	 -0.082
9.0	 57.9	 -0.093	 -0.047
10.8	 57.9	 -0.128	 -0.012
12.5	 57.9	 -0.105	 0.000
14.4	 57.9	 -0.093	 0.047
16.1	 57.9	 -0.128	 0.164
18.0	 57.9	 -0.093	 0.082
19.8	 57.9	 -0.105	 0.093
21.5	 57.9	 -0.117	 0.199
23.4	 57.9	 -0.082	 0.269
25.1	 57.9	 -0.140	 0.234
27.0	 57.9	 -0.187	 0.374
28.8	 57.9	 -0.023	 0.432
30.5	 57.9	 -0.047	 0.491
32.4	 57.9	 -0.105	 0.572
34.1	 57.9	 0.070	 0.572
36.0	 57.9	 -0.164	 0.596
37.6	 57.9	 -0.164	 0.572
39.5	 57.9	 -0.117	 0.619
41.3	 57.9	 -0.175	 0.689
43.0	 57.9	 -0.140	 0.596
44.9	 57.9	 -0.058	 0.631
46.6	 57.9	 -0.023	 0.654
48.5	 57.9	 -0.128	 0.631
50.3	 57.9	 -0.187	 0.596
52.0	 57.9	 -0.140	 0.607
53.9	 57.9	 -0.082	 0.572
55.6	 57.9	 -0.012	 0.374
57.5	 57.9	 0.023	 0.257
59.3	 57.9	 0.047	 0.082
61.0	 57.9	 -0.023	 0.047
62.9	 57.9	 -0.012	 -0.047
64.6	 57.9	 -0.070	 -0.140
66.4	 57.9	 0.000	 0.000
68.1	 57.9	 0.000	 0.000
70.0	 57.9	 0.000	 0.000
-1.7	 59.8	 0.000	 0.000
0.0	 59.8	 -0.047	 -0.876
1.9	 59.8	 -0.047	 -0.140
3.6	 59.8	 -0.047	 -0.152
5.5	 59.8	 -0.093	 -0.105
7.3	 59.8	 -0.093	 -0.082
9.0	 59.8	 -0.093	 -0.047
10.8	 59.8	 -0.105	 0.000
12.5	 59.8	 -0.082	 0.035
14.4	 59.8	 -0.093	 0.093
16.1	 59.8	 -0.093	 0.117
18.0	 59.8	 -0.105	 0.140
19.8	 59.8	 -0.117	 0.164
21.5	 59.8	 -0.105	 0.187
23.4	 59.8	 -0.164	 0.222
25.1	 59.8	 -0.187	 0.245
27.0	 59.8	 -0.222	 0.222
28.8	 59.8	 -0.023	 0.339
30.5	 59.8	 -0.140	 0.444
32.4	 59.8	 -0.444	 0.187
34.1	 59.8	 -0.070	 0.514
36.0	 59.8	 -0.117	 0.596
37.6	 59.8	 -0.117	 0.537
39.5	 59.8	 -0.140	 0.596
41.3	 59.8	 -0.140	 0.561
43.0	 59.8	 -0.128	 0.420
44.9	 59.8	 -0.058	 0.561
46.6	 59.8	 -0.035	 0.631
48.5	 59.8	 -0.117	 0.584
50.3	 59.8	 -0.140	 0.607
52.0	 59.8	 -0.140	 0.619
53.9	 59.8	 -0.047	 0.584
55.6	 59.8	 -0.070	 0.385
57.5	 59.8	 -0.070	 0.257
59.3	 59.8	 0.000	 0.105
61.0	 59.8	 -0.023	 0.012
62.9	 59.8	 0.000	 -0.210
64.6	 59.8	 -0.070	 -0.175
66.4	 59.8	 0.000	 0.000
68.1	 59.8	 0.117	 -0.946
70.0	 59.8	 0.000	 0.000
-1.7	 61.4	 0.000	 0.000
0.0	 61.4	 0.000	 0.000
1.9	 61.4	 -0.035	 -0.175
3.6	 61.4	 -0.047	 -0.128
5.5	 61.4	 -0.105	 -0.093
7.3	 61.4	 -0.058	 -0.058
9.0	 61.4	 -0.047	 -0.023
10.8	 61.4	 -0.082	 0.012
12.5	 61.4	 -0.117	 0.012
14.4	 61.4	 -0.117	 0.058
16.1	 61.4	 -0.128	 0.047
18.0	 61.4	 -0.128	 0.140
19.8	 61.4	 -0.128	 0.164
21.5	 61.4	 -0.117	 0.222
23.4	 61.4	 -0.128	 0.245
25.1	 61.4	 -0.152	 0.385
27.0	 61.4	 -0.140	 0.362
28.8	 61.4	 -0.152	 0.572
30.5	 61.4	 -0.537	 0.152
32.4	 61.4	 -0.082	 0.397
34.1	 61.4	 -0.164	 0.467
36.0	 61.4	 -0.140	 0.537
37.6	 61.4	 0.000	 0.724
39.5	 61.4	 -0.164	 0.724
41.3	 61.4	 -0.187	 0.607
43.0	 61.4	 -0.105	 0.502
44.9	 61.4	 -0.128	 0.584
46.6	 61.4	 -0.093	 0.607
48.5	 61.4	 -0.058	 0.596
50.3	 61.4	 -0.093	 0.537
52.0	 61.4	 -0.058	 0.654
53.9	 61.4	 -0.047	 0.502
55.6	 61.4	 0.012	 0.304
57.5	 61.4	 -0.082	 0.292
59.3	 61.4	 -0.035	 0.199
61.0	 61.4	 -0.035	 0.000
62.9	 61.4	 0.023	 -0.012
64.6	 61.4	 -0.093	 -0.023
66.4	 61.4	 0.105	 -0.467
68.1	 61.4	 0.105	 -0.888
70.0	 61.4	 0.000	 0.000
-1.7	 63.3	 0.000	 0.000
0.0	 63.3	 0.000	 0.000
1.9	 63.3	 -0.047	 -0.128
3.6	 63.3	 -0.070	 -0.105
5.5	 63.3	 -0.070	 -0.082
7.3	 63.3	 -0.070	 -0.058
9.0	 63.3	 -0.047	 0.000
10.8	 63.3	 -0.082	 0.000
12.5	 63.3	 -0.105	 0.023
14.4	 63.3	 -0.140	 0.058
16.1	 63.3	 -0.117	 0.047
18.0	 63.3	 -0.140	 0.105
19.8	 63.3	 -0.152	 0.199
21.5	 63.3	 -0.140	 0.292
23.4	 63.3	 -0.187	 0.327
25.1	 63.3	 -0.140	 0.420
27.0	 63.3	 -0.187	 0.455
28.8	 63.3	 -0.175	 0.397
30.5	 63.3	 -0.093	 0.549
32.4	 63.3	 -0.140	 0.467
34.1	 63.3	 -0.093	 0.642
36.0	 63.3	 -0.269	 0.572
37.6	 63.3	 -0.105	 0.596
39.5	 63.3	 -0.245	 0.584
41.3	 63.3	 -0.175	 0.619
43.0	 63.3	 -0.164	 0.526
44.9	 63.3	 -0.140	 0.514
46.6	 63.3	 -0.047	 0.549
48.5	 63.3	 -0.047	 0.642
50.3	 63.3	 -0.140	 0.596
52.0	 63.3	 -0.058	 0.607
53.9	 63.3	 -0.093	 0.572
55.6	 63.3	 -0.082	 0.455
57.5	 63.3	 -0.082	 0.245
59.3	 63.3	 -0.070	 0.187
61.0	 63.3	 -0.012	 -0.023
62.9	 63.3	 -0.035	 -0.012
64.6	 63.3	 -0.058	 0.023
66.4	 63.3	 -0.012	 -0.339
68.1	 63.3	 0.000	 0.000
70.0	 63.3	 0.000	 0.000
-1.7	 65.1	 0.000	 0.000
0.0	 65.1	 0.000	 0.000
1.9	 65.1	 -0.035	 -0.128
3.6	 65.1	 -0.070	 -0.082
5.5	 65.1	 -0.082	 -0.035
7.3	 65.1	 -0.082	 -0.023
9.0	 65.1	 -0.070	 -0.023
10.8	 65.1	 -0.093	 0.035
12.5	 65.1	 -0.117	 0.058
14.4	 65.1	 -0.128	 0.093
16.1	 65.1	 -0.093	 0.070
18.0	 65.1	 -0.128	 0.105
19.8	 65.1	 -0.152	 0.164
21.5	 65.1	 -0.152	 0.187
23.4	 65.1	 -0.187	 0.222
25.1	 65.1	 -0.140	 0.280
27.0	 65.1	 -0.140	 0.432
28.8	 65.1	 -0.222	 0.420
30.5	 65.1	 -0.175	 0.491
32.4	 65.1	 -0.175	 0.362
34.1	 65.1	 -0.210	 0.526
36.0	 65.1	 -0.292	 0.677
37.6	 65.1	 -0.164	 0.572
39.5	 65.1	 -0.187	 0.654
41.3	 65.1	 -0.093	 0.759
43.0	 65.1	 -0.117	 0.642
44.9	 65.1	 -0.058	 0.642
46.6	 65.1	 -0.082	 0.561
48.5	 65.1	 -0.152	 0.596
50.3	 65.1	 -0.175	 0.537
52.0	 65.1	 -0.012	 0.432
53.9	 65.1	 -0.140	 0.642
55.6	 65.1	 -0.117	 0.339
57.5	 65.1	 0.000	 0.315
59.3	 65.1	 -0.047	 0.140
61.0	 65.1	 -0.012	 0.070
62.9	 65.1	 -0.117	 -0.047
64.6	 65.1	 -0.128	 -0.093
66.4	 65.1	 -0.023	 -0.234
68.1	 65.1	 0.000	 0.000
70.0	 65.1	 0.000	 0.000
-1.7	 66.9	 0.000	 0.000
0.0	 66.9	 -0.035	 -0.911
1.9	 66.9	 -0.023	 -0.093
3.6	 66.9	 -0.047	 -0.070
5.5	 66.9	 -0.082	 -0.035
7.3	 66.9	 -0.070	 0.000
9.0	 66.9	 -0.070	 0.012
10.8	 66.9	 -0.093	 0.035
12.5	 66.9	 -0.117	 0.035
14.4	 66.9	 -0.128	 0.082
16.1	 66.9	 -0.093	 0.117
18.0	 66.9	 -0.093	 0.117
19.8	 66.9	 -0.128	 0.187
21.5	 66.9	 -0.187	 0.292
23.4	 66.9	 -0.175	 0.245
25.1	 66.9	 -0.210	 0.420
27.0	 66.9	 -0.070	 0.304
28.8	 66.9	 -0.222	 0.397
30.5	 66.9	 -0.199	 0.596
32.4	 66.9	 -0.199	 0.502
34.1	 66.9	 -0.175	 0.362
36.0	 66.9	 -0.117	 0.549
37.6	 66.9	 -0.175	 0.619
39.5	 66.9	 -0.093	 0.631
41.3	 66.9	 -0.082	 0.619
43.0	 66.9	 -0.128	 0.607
44.9	 66.9	 -0.105	 0.631
46.6	 66.9	 -0.128	 0.572
48.5	 66.9	 -0.117	 0.584
50.3	 66.9	 -0.199	 0.654
52.0	 66.9	 -0.047	 0.444
53.9	 66.9	 -0.058	 0.526
55.6	 66.9	 -0.117	 0.420
57.5	 66.9	 -0.093	 0.269
59.3	 66.9	 -0.023	 0.140
61.0	 66.9	 0.117	 0.047
62.9	 66.9	 -0.082	 0.035
64.6	 66.9	 -0.012	 -0.058
66.4	 66.9	 -0.023	 -0.070
68.1	 66.9	 0.000	 0.000
70.0	 66.9	 0.000	 0.000
-1.7	 68.6	 0.000	 0.000
0.0	 68.6	 0.000	 0.000
1.9	 68.6	 -0.047	 -0.070
3.6	 68.6	 -0.082	 -0.058
5.5	 68.6	 -0.082	 -0.047
7.3	 68.6	 -0.117	 -0.023
9.0	 68.6	 -0.093	 0.058
10.8	 68.6	 -0.047	 0.105
12.5	 68.6	 -0.164	 0.105
14.4	 68.6	 -0.164	 0.082
16.1	 68.6	 -0.128	 0.140
18.0	 68.6	 -0.128	 0.187
19.8	 68.6	 -0.140	 0.175
21.5	 68.6	 -0.187	 0.210
23.4	 68.6	 -0.140	 0.269
25.1	 68.6	 -0.152	 0.362
27.0	 68.6	 -0.152	 0.420
28.8	 68.6	 -0.093	 0.385
30.5	 68.6	 -0.222	 0.362
32.4	 68.6	 -0.280	 0.479
34.1	 68.6	 -0.199	 0.385
36.0	 68.6	 -0.117	 0.561
37.6	 68.6	 0.000	 0.654
39.5	 68.6	 -0.082	 0.584
41.3	 68.6	 -0.093	 0.502
43.0	 68.6	 -0.058	 0.584
44.9	 68.6	 -0.164	 0.572
46.6	 68.6	 -0.222	 0.502
48.5	 68.6	 -0.070	 0.514
50.3	 68.6	 -0.187	 0.619
52.0	 68.6	 -0.128	 0.607
53.9	 68.6	 -0.058	 0.549
55.6	 68.6	 -0.047	 0.467
57.5	 68.6	 -0.082	 0.304
59.3	 68.6	 -0.070	 0.187
61.0	 68.6	 -0.035	 0.105
62.9	 68.6	 -0.012	 0.058
64.6	 68.6	 0.012	 -0.058
66.4	 68.6	 -0.035	 -0.152
68.1	 68.6	 0.000	 0.000
70.0	 68.6	 0.000	 0.000
-1.7	 70.4	 0.000	 0.000
0.0	 70.4	 0.000	 0.000
1.9	 70.4	 -0.058	 -0.070
3.6	 70.4	 -0.070	 -0.047
5.5	 70.4	 -0.082	 -0.023
7.3	 70.4	 -0.093	 0.035
9.0	 70.4	 -0.105	 0.070
10.8	 70.4	 -0.105	 0.175
12.5	 70.4	 -0.117	 0.093
14.4	 70.4	 -0.105	 0.105
16.1	 70.4	 -0.093	 0.187
18.0	 70.4	 -0.128	 0.199
19.8	 70.4	 -0.164	 0.210
21.5	 70.4	 -0.152	 0.315
23.4	 70.4	 -0.117	 0.362
25.1	 70.4	 -0.152	 0.397
27.0	 70.4	 -0.058	 0.362
28.8	 70.4	 -0.117	 0.257
30.5	 70.4	 -0.023	 0.432
32.4	 70.4	 -0.164	 0.397
34.1	 70.4	 -0.105	 0.420
36.0	 70.4	 -0.210	 0.549
37.6	 70.4	 -0.128	 0.514
39.5	 70.4	 -0.105	 0.385
41.3	 70.4	 -0.175	 0.537
43.0	 70.4	 -0.187	 0.584
44.9	 70.4	 -0.117	 0.467
46.6	 70.4	 -0.140	 0.526
48.5	 70.4	 0.035	 0.350
50.3	 70.4	 -0.035	 0.385
52.0	 70.4	 -0.058	 0.491
53.9	 70.4	 -0.070	 0.432
55.6	 70.4	 -0.023	 0.479
57.5	 70.4	 -0.012	 0.222
59.3	 70.4	 0.070	 0.152
61.0	 70.4	 -0.035	 0.140
62.9	 70.4	 -0.082	 0.047
64.6	 70.4	 -0.093	 -0.070
66.4	 70.4	 -0.058	 -0.093
68.1	 70.4	 0.000	 0.000
70.0	 70.4	 0.000	 0.000
-1.7	 72.3	 0.000	 0.000
0.0	 72.3	 0.000	 0.000
1.9	 72.3	 -0.012	 -0.058
3.6	 72.3	 -0.047	 -0.035
5.5	 72.3	 -0.070	 0.000
7.3	 72.3	 -0.082	 0.047
9.0	 72.3	 -0.012	 0.128
10.8	 72.3	 0.012	 0.128
12.5	 72.3	 -0.140	 0.117
14.4	 72.3	 -0.105	 0.152
16.1	 72.3	 -0.128	 0.175
18.0	 72.3	 -0.117	 0.210
19.8	 72.3	 -0.140	 0.245
21.5	 72.3	 -0.105	 0.292
23.4	 72.3	 -0.140	 0.350
25.1	 72.3	 -0.128	 0.479
27.0	 72.3	 -0.105	 0.432
28.8	 72.3	 -0.199	 0.397
30.5	 72.3	 -0.082	 0.467
32.4	 72.3	 -0.105	 0.526
34.1	 72.3	 -0.269	 0.385
36.0	 72.3	 -0.117	 0.409
37.6	 72.3	 -0.128	 0.479
39.5	 72.3	 -0.140	 0.502
41.3	 72.3	 -0.140	 0.619
43.0	 72.3	 -0.164	 0.514
44.9	 72.3	 -0.082	 0.584
46.6	 72.3	 -0.152	 0.549
48.5	 72.3	 -0.082	 0.479
50.3	 72.3	 -0.070	 0.584
52.0	 72.3	 -0.047	 0.502
53.9	 72.3	 0.000	 0.420
55.6	 72.3	 0.035	 0.280
57.5	 72.3	 -0.023	 0.444
59.3	 72.3	 -0.105	 0.455
61.0	 72.3	 0.058	 0.082
62.9	 72.3	 0.058	 0.117
64.6	 72.3	 -0.058	 0.012
66.4	 72.3	 0.070	 -0.117
68.1	 72.3	 0.000	 0.000
70.0	 72.3	 0.000	 0.000
-1.7	 74.1	 0.000	 0.000
0.0	 74.1	 0.000	 0.000
1.9	 74.1	 -0.035	 -0.023
3.6	 74.1	 -0.058	 -0.012
5.5	 74.1	 -0.082	 0.000
7.3	 74.1	 -0.105	 0.047
9.0	 74.1	 0.128	 0.222
10.8	 74.1	 -0.105	 0.140
12.5	 74.1	 -0.082	 0.140
14.4	 74.1	 -0.093	 0.199
16.1	 74.1	 -0.117	 0.175
18.0	 74.1	 -0.128	 0.175
19.8	 74.1	 -0.070	 0.234
21.5	 74.1	 -0.070	 0.199
23.4	 74.1	 -0.082	 0.327
25.1	 74.1	 -0.128	 0.479
27.0	 74.1	 -0.175	 0.479
28.8	 74.1	 -0.234	 0.467
30.5	 74.1	 -0.140	 0.514
32.4	 74.1	 -0.175	 0.537
34.1	 74.1	 -0.210	 0.455
36.0	 74.1	 -0.128	 0.491
37.6	 74.1	 -0.047	 0.561
39.5	 74.1	 -0.035	 0.572
41.3	 74.1	 -0.117	 0.654
43.0	 74.1	 -0.082	 0.584
44.9	 74.1	 -0.035	 0.596
46.6	 74.1	 -0.070	 0.491
48.5	 74.1	 -0.058	 0.514
50.3	 74.1	 -0.023	 0.526
52.0	 74.1	 -0.035	 0.607
53.9	 74.1	 -0.105	 0.455
55.6	 74.1	 -0.023	 0.374
57.5	 74.1	 -0.093	 0.444
59.3	 74.1	 -0.058	 0.362
61.0	 74.1	 0.012	 0.012
62.9	 74.1	 0.023	 -0.035
64.6	 74.1	 0.012	 -0.023
66.4	 74.1	 0.000	 -0.093
68.1	 74.1	 0.000	 0.000
70.0	 74.1	 0.000	 0.000
-1.7	 75.9	 0.000	 0.000
0.0	 75.9	 0.000	 0.000
1.9	 75.9	 -0.093	 -0.035
3.6	 75.9	 -0.070	 -0.012
5.5	 75.9	 -0.070	 0.047
7.3	 75.9	 -0.082	 0.093
9.0	 75.9	 -0.023	 0.117
10.8	 75.9	 -0.058	 0.187
12.5	 75.9	 -0.128	 0.152
14.4	 75.9	 -0.082	 0.175
16.1	 75.9	 -0.093	 0.140
18.0	 75.9	 -0.152	 0.187
19.8	 75.9	 -0.128	 0.257
21.5	 75.9	 -0.128	 0.257
23.4	 75.9	 -0.093	 0.339
25.1	 75.9	 -0.117	 0.374
27.0	 75.9	 -0.117	 0.502
28.8	 75.9	 -0.082	 0.549
30.5	 75.9	 -0.058	 0.467
32.4	 75.9	 -0.128	 0.584
34.1	 75.9	 -0.152	 0.385
36.0	 75.9	 -0.082	 0.455
37.6	 75.9	 -0.082	 0.479
39.5	 75.9	 0.000	 0.502
41.3	 75.9	 -0.082	 0.642
43.0	 75.9	 -0.105	 0.584
44.9	 75.9	 -0.070	 0.514
46.6	 75.9	 -0.128	 0.455
48.5	 75.9	 -0.152	 0.584
50.3	 75.9	 -0.047	 0.677
52.0	 75.9	 -0.012	 0.479
53.9	 75.9	 -0.012	 0.467
55.6	 75.9	 0.000	 0.385
57.5	 75.9	 0.023	 0.222
59.3	 75.9	 -0.035	 0.187
61.0	 75.9	 0.070	 0.152
62.9	 75.9	 0.105	 0.012
64.6	 75.9	 0.047	 -0.093
66.4	 75.9	 0.128	 -0.070
68.1	 75.9	 0.000	 0.000
70.0	 75.9	 0.000	 0.000
-1.7	 77.6	 0.000	 0.000
0.0	 77.6	 0.000	 0.000
1.9	 77.6	 -0.047	 -0.012
3.6	 77.6	 -0.058	 0.012
5.5	 77.6	 -0.070	 0.023
7.3	 77.6	 -0.082	 0.070
9.0	 77.6	 -0.070	 0.128
10.8	 77.6	 -0.117	 0.187
12.5	 77.6	 -0.093	 0.199
14.4	 77.6	 -0.070	 0.199
16.1	 77.6	 -0.152	 0.222
18.0	 77.6	 -0.128	 0.187
19.8	 77.6	 -0.058	 0.245
21.5	 77.6	 -0.082	 0.280
23.4	 77.6	 -0.070	 0.339
25.1	 77.6	 -0.070	 0.374
27.0	 77.6	 -0.093	 0.420
28.8	 77.6	 -0.105	 0.549
30.5	 77.6	 -0.105	 0.502
32.4	 77.6	 -0.023	 0.596
34.1	 77.6	 -0.058	 0.584
36.0	 77.6	 -0.117	 0.537
37.6	 77.6	 -0.093	 0.607
39.5	 77.6	 -0.082	 0.584
41.3	 77.6	 -0.140	 0.549
43.0	 77.6	 -0.047	 0.537
44.9	 77.6	 -0.058	 0.584
46.6	 77.6	 -0.128	 0.420
48.5	 77.6	 0.000	 0.596
50.3	 77.6	 0.000	 0.561
52.0	 77.6	 -0.047	 0.561
53.9	 77.6	 -0.035	 0.549
55.6	 77.6	 -0.093	 0.222
57.5	 77.6	 -0.070	 0.245
59.3	 77.6	 -0.012	 0.222
61.0	 77.6	 0.035	 0.117
62.9	 77.6	 0.000	 0.245
64.6	 77.6	 -0.035	 -0.023
66.4	 77.6	 0.047	 -0.035
68.1	 77.6	 0.082	 0.502
70.0	 77.6	 0.000	 0.000
-1.7	 79.4	 0.000	 0.000
0.0	 79.4	 0.000	 0.000
1.9	 79.4	 -0.047	 -0.023
3.6	 79.4	 -0.070	 0.012
5.5	 79.4	 -0.058	 0.047
7.3	 79.4	 -0.128	 0.070
9.0	 79.4	 -0.012	 0.222
10.8	 79.4	 0.000	 0.315
12.5	 79.4	 -0.035	 0.269
14.4	 79.4	 -0.082	 0.199
16.1	 79.4	 -0.093	 0.175
18.0	 79.4	 -0.082	 0.210
19.8	 79.4	 -0.035	 0.117
21.5	 79.4	 -0.058	 0.222
23.4	 79.4	 -0.047	 0.280
25.1	 79.4	 -0.082	 0.479
27.0	 79.4	 -0.070	 0.432
28.8	 79.4	 -0.093	 0.561
30.5	 79.4	 -0.070	 0.549
32.4	 79.4	 -0.035	 0.549
34.1	 79.4	 -0.070	 0.572
36.0	 79.4	 -0.128	 0.584
37.6	 79.4	 -0.082	 0.642
39.5	 79.4	 -0.128	 0.631
41.3	 79.4	 -0.164	 0.561
43.0	 79.4	 -0.047	 0.654
44.9	 79.4	 -0.012	 0.654
46.6	 79.4	 -0.058	 0.491
48.5	 79.4	 -0.023	 0.619
50.3	 79.4	 -0.058	 0.654
52.0	 79.4	 0.012	 0.514
53.9	 79.4	 0.035	 0.187
55.6	 79.4	 -0.082	 0.105
57.5	 79.4	 0.070	 0.140
59.3	 79.4	 0.000	 0.128
61.0	 79.4	 0.012	 0.140
62.9	 79.4	 -0.023	 0.117
64.6	 79.4	 -0.082	 0.035
66.4	 79.4	 -0.058	 -0.058
68.1	 79.4	 0.058	 -0.058
70.0	 79.4	 0.000	 0.000
-1.7	 81.3	 0.000	 0.000
0.0	 81.3	 0.000	 0.000
1.9	 81.3	 -0.035	 -0.035
3.6	 81.3	 -0.058	 0.012
5.5	 81.3	 -0.093	 0.035
7.3	 81.3	 -0.082	 0.058
9.0	 81.3	 -0.105	 0.210
10.8	 81.3	 -0.035	 0.245
12.5	 81.3	 -0.105	 0.210
14.4	 81.3	 -0.117	 0.234
16.1	 81.3	 -0.058	 0.234
18.0	 81.3	 -0.058	 0.222
19.8	 81.3	 -0.023	 0.234
21.5	 81.3	 -0.035	 0.257
23.4	 81.3	 0.000	 0.304
25.1	 81.3	 0.035	 0.327
27.0	 81.3	 0.012	 0.397
28.8	 81.3	 -0.047	 0.409
30.5	 81.3	 -0.070	 0.514
32.4	 81.3	 -0.105	 0.549
34.1	 81.3	 -0.070	 0.561
36.0	 81.3	 -0.012	 0.561
37.6	 81.3	 -0.070	 0.584
39.5	 81.3	 -0.164	 0.549
41.3	 81.3	 -0.058	 0.502
43.0	 81.3	 -0.023	 0.584
44.9	 81.3	 -0.012	 0.759
46.6	 81.3	 -0.035	 0.712
48.5	 81.3	 -0.035	 0.701
50.3	 81.3	 -0.047	 0.677
52.0	 81.3	 -0.152	 0.444
53.9	 81.3	 -0.047	 0.409
55.6	 81.3	 -0.012	 0.210
57.5	 81.3	 0.035	 0.245
59.3	 81.3	 -0.047	 0.164
61.0	 81.3	 0.012	 0.105
62.9	 81.3	 0.023	 0.000
64.6	 81.3	 0.058	 0.105
66.4	 81.3	 -0.023	 0.023
68.1	 81.3	 0.000	 0.000
70.0	 81.3	 0.000	 0.000
-1.7	 83.1	 0.000	 0.000
0.0	 83.1	 0.000	 0.000
1.9	 83.1	 -0.012	 0.023
3.6	 83.1	 -0.058	 0.035
5.5	 83.1	 -0.070	 0.047
7.3	 83.1	 -0.070	 0.082
9.0	 83.1	 -0.023	 0.140
10.8	 83.1	 -0.082	 0.245
12.5	 83.1	 -0.047	 0.385
14.4	 83.1	 -0.023	 0.292
16.1	 83.1	 -0.023	 0.385
18.0	 83.1	 -0.012	 0.327
19.8	 83.1	 0.035	 0.199
21.5	 83.1	 -0.070	 0.234
23.4	 83.1	 -0.023	 0.304
25.1	 83.1	 -0.012	 0.409
27.0	 83.1	 -0.023	 0.455
28.8	 83.1	 -0.058	 0.502
30.5	 83.1	 -0.070	 0.537
32.4	 83.1	 -0.058	 0.514
34.1	 83.1	 -0.047	 0.514
36.0	 83.1	 -0.023	 0.549
37.6	 83.1	 -0.047	 0.479
39.5	 83.1	 -0.058	 0.561
41.3	 83.1	 -0.070	 0.596
43.0	 83.1	 -0.047	 0.537
44.9	 83.1	 -0.082	 0.596
46.6	 83.1	 -0.047	 0.666
48.5	 83.1	 0.000	 0.549
50.3	 83.1	 -0.128	 0.432
52.0	 83.1	 -0.105	 0.362
53.9	 83.1	 -0.012	 0.245
55.6	 83.1	 0.012	 0.304
57.5	 83.1	 0.128	 0.269
59.3	 83.1	 0.093	 0.175
61.0	 83.1	 0.105	 0.093
62.9	 83.1	 0.012	 -0.012
64.6	 83.1	 0.000	 0.047
66.4	 83.1	 0.058	 -0.117
68.1	 83.1	 0.105	 0.479
70.0	 83.1	 0.000	 0.000
-1.7	 84.9	 0.000	 0.000
0.0	 84.9	 0.000	 0.000
1.9	 84.9	 -0.035	 0.012
3.6	 84.9	 -0.047	 0.023
5.5	 84.9	 -0.058	 0.082
7.3	 84.9	 -0.093	 0.093
9.0	 84.9	 0.012	 0.175
10.8	 84.9	 -0.070	 0.199
12.5	 84.9	 -0.117	 0.280
14.4	 84.9	 -0.047	 0.292
16.1	 84.9	 -0.023	 0.350
18.0	 84.9	 -0.047	 0.315
19.8	 84.9	 -0.047	 0.292
21.5	 84.9	 -0.058	 0.280
23.4	 84.9	 -0.082	 0.374
25.1	 84.9	 -0.093	 0.432
27.0	 84.9	 -0.093	 0.502
28.8	 84.9	 -0.070	 0.479
30.5	 84.9	 -0.035	 0.537
32.4	 84.9	 0.000	 0.502
34.1	 84.9	 0.000	 0.479
36.0	 84.9	 -0.035	 0.549
37.6	 84.9	 -0.070	 0.561
39.5	 84.9	 -0.023	 0.596
41.3	 84.9	 -0.035	 0.549
43.0	 84.9	 -0.093	 0.677
44.9	 84.9	 -0.082	 0.537
46.6	 84.9	 -0.023	 0.479
48.5	 84.9	 -0.035	 0.607
50.3	 84.9	 0.035	 0.455
52.0	 84.9	 -0.082	 0.117
53.9	 84.9	 -0.047	 0.117
55.6	 84.9	 0.035	 0.047
57.5	 84.9	 -0.012	 0.152
59.3	 84.9	 -0.035	 0.128
61.0	 84.9	 0.070	 0.047
62.9	 84.9	 -0.023	 0.023
64.6	 84.9	 0.012	 0.023
66.4	 84.9	 -0.047	 -0.012
68.1	 84.9	 0.093	 0.374
70.0	 84.9	 0.000	 0.000
-1.7	 86.6	 0.000	 0.000
0.0	 86.6	 0.000	 0.000
1.9	 86.6	 -0.035	 0.023
3.6	 86.6	 0.023	 0.082
5.5	 86.6	 -0.012	 0.093
7.3	 86.6	 -0.035	 0.245
9.0	 86.6	 -0.070	 0.362
10.8	 86.6	 -0.140	 0.269
12.5	 86.6	 -0.105	 0.280
14.4	 86.6	 -0.035	 0.257
16.1	 86.6	 0.000	 0.315
18.0	 86.6	 -0.082	 0.385
19.8	 86.6	 -0.070	 0.409
21.5	 86.6	 -0.093	 0.362
23.4	 86.6	 0.000	 0.397
25.1	 86.6	 -0.047	 0.397
27.0	 86.6	 -0.070	 0.432
28.8	 86.6	 -0.012	 0.420
30.5	 86.6	 -0.175	 0.502
32.4	 86.6	 -0.023	 0.549
34.1	 86.6	 0.082	 0.514
36.0	 86.6	 0.058	 0.526
37.6	 86.6	 -0.047	 0.549
39.5	 86.6	 -0.012	 0.479
41.3	 86.6	 -0.058	 0.455
43.0	 86.6	 -0.012	 0.596
44.9	 86.6	 0.093	 0.549
46.6	 86.6	 -0.105	 0.712
48.5	 86.6	 -0.035	 0.491
50.3	 86.6	 -0.023	 0.479
52.0	 86.6	 -0.058	 0.234
53.9	 86.6	 0.023	 0.128
55.6	 86.6	 0.012	 0.128
57.5	 86.6	 0.012	 0.035
59.3	 86.6	 -0.012	 0.035
61.0	 86.6	 -0.012	 0.070
62.9	 86.6	 -0.058	 0.058
64.6	 86.6	 0.070	 -0.012
66.4	 86.6	 -0.047	 0.000
68.1	 86.6	 0.070	 0.596
70.0	 86.6	 0.000	 0.000
-1.7	 88.4	 0.000	 0.000
0.0	 88.4	 0.000	 0.000
1.9	 88.4	 -0.035	 0.035
3.6	 88.4	 -0.023	 0.058
5.5	 88.4	 -0.047	 0.058
7.3	 88.4	 -0.070	 0.210
9.0	 88.4	 -0.093	 0.210
10.8	 88.4	 -0.012	 0.397
12.5	 88.4	 0.035	 0.491
14.4	 88.4	 -0.058	 0.269
16.1	 88.4	 -0.082	 0.362
18.0	 88.4	 -0.023	 0.304
19.8	 88.4	 -0.105	 0.304
21.5	 88.4	 -0.093	 0.315
23.4	 88.4	 0.023	 0.339
25.1	 88.4	 0.000	 0.385
27.0	 88.4	 -0.058	 0.467
28.8	 88.4	 -0.058	 0.479
30.5	 88.4	 -0.070	 0.444
32.4	 88.4	 -0.012	 0.561
34.1	 88.4	 0.058	 0.572
36.0	 88.4	 0.070	 0.584
37.6	 88.4	 0.023	 0.607
39.5	 88.4	 -0.035	 0.607
41.3	 88.4	 0.012	 0.596
43.0	 88.4	 0.047	 0.736
44.9	 88.4	 0.128	 0.607
46.6	 88.4	 0.035	 0.584
48.5	 88.4	 -0.035	 0.584
50.3	 88.4	 -0.047	 0.199
52.0	 88.4	 0.058	 0.199
53.9	 88.4	 0.117	 0.187
55.6	 88.4	 -0.035	 0.105
57.5	 88.4	 0.000	 0.082
59.3	 88.4	 0.012	 0.035
61.0	 88.4	 0.023	 0.012
62.9	 88.4	 -0.058	 -0.012
64.6	 88.4	 -0.012	 -0.035
66.4	 88.4	 0.035	 -0.023
68.1	 88.4	 0.128	 0.479
70.0	 88.4	 0.000	 0.000
-1.7	 90.3	 0.000	 0.000
0.0	 90.3	 0.000	 0.000
1.9	 90.3	 -0.012	 0.023
3.6	 90.3	 0.000	 0.058
5.5	 90.3	 -0.105	 0.128
7.3	 90.3	 -0.058	 0.164
9.0	 90.3	 -0.070	 0.280
10.8	 90.3	 -0.128	 0.385
12.5	 90.3	 -0.058	 0.339
14.4	 90.3	 -0.117	 0.315
16.1	 90.3	 -0.070	 0.315
18.0	 90.3	 0.000	 0.292
19.8	 90.3	 -0.152	 0.292
21.5	 90.3	 -0.012	 0.327
23.4	 90.3	 0.012	 0.304
25.1	 90.3	 -0.058	 0.397
27.0	 90.3	 -0.093	 0.420
28.8	 90.3	 -0.070	 0.502
30.5	 90.3	 -0.012	 0.455
32.4	 90.3	 0.047	 0.467
34.1	 90.3	 -0.023	 0.561
36.0	 90.3	 0.105	 0.526
37.6	 90.3	 0.023	 0.584
39.5	 90.3	 -0.012	 0.572
41.3	 90.3	 0.000	 0.502
43.0	 90.3	 0.000	 0.514
44.9	 90.3	 0.035	 0.572
46.6	 90.3	 -0.058	 0.619
48.5	 90.3	 0.047	 0.420
50.3	 90.3	 0.012	 0.339
52.0	 90.3	 0.058	 0.455
53.9	 90.3	 0.035	 0.245
55.6	 90.3	 -0.105	 0.199
57.5	 90.3	 0.000	 0.105
59.3	 90.3	 -0.035	 0.058
61.0	 90.3	 -0.012	 0.082
62.9	 90.3	 0.047	 0.035
64.6	 90.3	 -0.047	 -0.093
66.4	 90.3	 0.093	 -0.082
68.1	 90.3	 0.199	 0.526
70.0	 90.3	 0.000	 0.000
-1.7	 91.9	 0.000	 0.000
0.0	 91.9	 0.000	 0.000
1.9	 91.9	 0.012	 0.035
3.6	 91.9	 0.012	 0.070
5.5	 91.9	 -0.058	 0.152
7.3	 91.9	 -0.070	 0.128
9.0	 91.9	 -0.012	 0.397
10.8	 91.9	 -0.128	 0.374
12.5	 91.9	 -0.035	 0.385
14.4	 91.9	 -0.058	 0.339
16.1	 91.9	 -0.012	 0.350
18.0	 91.9	 -0.093	 0.420
19.8	 91.9	 0.012	 0.292
21.5	 91.9	 0.000	 0.362
23.4	 91.9	 -0.058	 0.467
25.1	 91.9	 -0.035	 0.479
27.0	 91.9	 -0.012	 0.455
28.8	 91.9	 -0.035	 0.350
30.5	 91.9	 -0.012	 0.467
32.4	 91.9	 0.047	 0.339
34.1	 91.9	 0.012	 0.467
36.0	 91.9	 0.035	 0.385
37.6	 91.9	 -0.117	 0.491
39.5	 91.9	 0.023	 0.432
41.3	 91.9	 -0.047	 0.537
43.0	 91.9	 0.047	 0.666
44.9	 91.9	 -0.012	 0.607
46.6	 91.9	 0.117	 0.339
48.5	 91.9	 0.140	 0.420
50.3	 91.9	 0.128	 0.362
52.0	 91.9	 -0.128	 0.420
53.9	 91.9	 -0.023	 0.327
55.6	 91.9	 -0.082	 0.327
57.5	 91.9	 -0.070	 0.269
59.3	 91.9	 0.035	 0.070
61.0	 91.9	 0.023	 0.105
62.9	 91.9	 0.023	 0.012
64.6	 91.9	 -0.047	 0.000
66.4	 91.9	 0.023	 0.047
68.1	 91.9	 0.187	 0.491
70.0	 91.9	 0.000	 0.000
-1.7	 93.8	 0.000	 0.000
0.0	 93.8	 0.000	 0.000
1.9	 93.8	 0.164	 0.175
3.6	 93.8	 0.058	 0.105
5.5	 93.8	 -0.023	 0.164
7.3	 93.8	 -0.035	 0.222
9.0	 93.8	 0.000	 0.245
10.8	 93.8	 -0.082	 0.269
12.5	 93.8	 -0.023	 0.409
14.4	 93.8	 0.012	 0.292
16.1	 93.8	 -0.105	 0.479
18.0	 93.8	 -0.035	 0.444
19.8	 93.8	 -0.093	 0.374
21.5	 93.8	 0.000	 0.222
23.4	 93.8	 0.000	 0.432
25.1	 93.8	 -0.093	 0.397
27.0	 93.8	 -0.070	 0.502
28.8	 93.8	 -0.035	 0.537
30.5	 93.8	 -0.058	 0.491
32.4	 93.8	 -0.012	 0.526
34.1	 93.8	 -0.058	 0.526
36.0	 93.8	 -0.082	 0.479
37.6	 93.8	 -0.070	 0.444
39.5	 93.8	 0.058	 0.455
41.3	 93.8	 -0.093	 0.491
43.0	 93.8	 0.058	 0.526
44.9	 93.8	 0.128	 0.409
46.6	 93.8	 0.093	 0.526
48.5	 93.8	 0.058	 0.561
50.3	 93.8	 0.093	 0.117
52.0	 93.8	 0.035	 0.280
53.9	 93.8	 0.070	 0.199
55.6	 93.8	 0.023	 0.245
57.5	 93.8	 0.000	 0.234
59.3	 93.8	 0.000	 0.070
61.0	 93.8	 -0.035	 0.152
62.9	 93.8	 0.000	 0.058
64.6	 93.8	 -0.058	 0.082
66.4	 93.8	 -0.058	 0.187
68.1	 93.8	 0.000	 0.000
70.0	 93.8	 0.000	 0.000
-1.7	 95.6	 0.000	 0.000
0.0	 95.6	 0.000	 0.000
1.9	 95.6	 -0.023	 0.035
3.6	 95.6	 -0.023	 0.199
5.5	 95.6	 0.000	 0.164
7.3	 95.6	 0.035	 0.210
9.0	 95.6	 -0.047	 0.199
10.8	 95.6	 -0.023	 0.292
12.5	 95.6	 0.164	 0.549
14.4	 95.6	 0.105	 0.479
16.1	 95.6	 0.175	 0.584
18.0	 95.6	 0.140	 0.339
19.8	 95.6	 -0.058	 0.280
21.5	 95.6	 0.093	 0.432
23.4	 95.6	 0.000	 0.280
25.1	 95.6	 -0.047	 0.479
27.0	 95.6	 -0.012	 0.502
28.8	 95.6	 0.035	 0.479
30.5	 95.6	 -0.023	 0.502
32.4	 95.6	 -0.035	 0.444
34.1	 95.6	 -0.105	 0.479
36.0	 95.6	 -0.047	 0.596
37.6	 95.6	 -0.023	 0.642
39.5	 95.6	 0.000	 0.561
41.3	 95.6	 -0.035	 0.526
43.0	 95.6	 0.082	 0.514
44.9	 95.6	 0.152	 0.561
46.6	 95.6	 0.140	 0.537
48.5	 95.6	 0.047	 0.350
50.3	 95.6	 -0.012	 0.385
52.0	 95.6	 0.023	 0.304
53.9	 95.6	 -0.058	 0.199
55.6	 95.6	 -0.023	 0.058
57.5	 95.6	 0.023	 0.187
59.3	 95.6	 0.000	 0.058
61.0	 95.6	 -0.035	 0.070
62.9	 95.6	 -0.012	 0.023
64.6	 95.6	 0.058	 0.047
66.4	 95.6	 0.047	 0.128
68.1	 95.6	 0.152	 0.724
70.0	 95.6	 0.000	 0.000
-1.7	 97.4	 0.000	 0.000
0.0	 97.4	 0.000	 0.000
1.9	 97.4	 -0.082	 0.117
3.6	 97.4	 -0.035	 0.140
5.5	 97.4	 -0.023	 0.304
7.3	 97.4	 -0.023	 0.397
9.0	 97.4	 0.012	 0.292
10.8	 97.4	 0.000	 0.444
12.5	 97.4	 -0.058	 0.280
14.4	 97.4	 -0.035	 0.479
16.1	 97.4	 0.012	 0.491
18.0	 97.4	 0.012	 0.455
19.8	 97.4	 -0.012	 0.455
21.5	 97.4	 0.023	 0.561
23.4	 97.4	 -0.047	 0.561
25.1	 97.4	 -0.070	 0.514
27.0	 97.4	 -0.023	 0.537
28.8	 97.4	 0.012	 0.584
30.5	 97.4	 0.023	 0.526
32.4	 97.4	 -0.058	 0.397
34.1	 97.4	 0.035	 0.362
36.0	 97.4	 -0.047	 0.362
37.6	 97.4	 -0.105	 0.654
39.5	 97.4	 0.035	 0.584
41.3	 97.4	 0.000	 0.526
43.0	 97.4	 0.058	 0.397
44.9	 97.4	 0.000	 0.677
46.6	 97.4	 0.105	 0.607
48.5	 97.4	 0.199	 0.374
50.3	 97.4	 0.093	 0.269
52.0	 97.4	 0.070	 0.175
53.9	 97.4	 -0.093	 0.210
55.6	 97.4	 -0.070	 0.128
57.5	 97.4	 -0.012	 0.152
59.3	 97.4	 -0.035	 0.058
61.0	 97.4	 0.012	 0.023
62.9	 97.4	 -0.012	 0.187
64.6	 97.4	 -0.012	 0.070
66.4	 97.4	 0.035	 0.023
68.1	 97.4	 0.152	 -0.070
70.0	 97.4	 0.000	 0.000
-1.7	 99.1	 0.000	 0.000
0.0	 99.1	 0.000	 0.000
1.9	 99.1	 -0.082	 0.082
3.6	 99.1	 -0.023	 0.164
5.5	 99.1	 0.000	 0.315
7.3	 99.1	 -0.035	 0.374
9.0	 99.1	 0.035	 0.315
10.8	 99.1	 -0.012	 0.409
12.5	 99.1	 -0.035	 0.327
14.4	 99.1	 -0.047	 0.234
16.1	 99.1	 -0.023	 0.455
18.0	 99.1	 0.035	 0.502
19.8	 99.1	 -0.047	 0.479
21.5	 99.1	 0.047	 0.537
23.4	 99.1	 -0.012	 0.572
25.1	 99.1	 0.058	 0.642
27.0	 99.1	 0.012	 0.502
28.8	 99.1	 -0.047	 0.374
30.5	 99.1	 -0.035	 0.479
32.4	 99.1	 -0.047	 0.561
34.1	 99.1	 -0.058	 0.549
36.0	 99.1	 0.000	 0.362
37.6	 99.1	 0.035	 0.409
39.5	 99.1	 -0.070	 0.596
41.3	 99.1	 0.070	 0.374
43.0	 99.1	 -0.023	 0.607
44.9	 99.1	 0.012	 0.701
46.6	 99.1	 0.058	 0.327
48.5	 99.1	 0.070	 0.280
50.3	 99.1	 0.152	 0.199
52.0	 99.1	 0.152	 0.117
53.9	 99.1	 0.012	 0.105
55.6	 99.1	 -0.035	 0.140
57.5	 99.1	 0.023	 0.070
59.3	 99.1	 0.000	 0.117
61.0	 99.1	 0.047	 0.105
62.9	 99.1	 0.058	 0.012
64.6	 99.1	 -0.058	 0.000
66.4	 99.1	 0.035	 0.035
68.1	 99.1	 0.164	 0.187
70.0	 99.1	 0.000	 0.000
-1.7	 100.9	 0.000	 0.000
0.0	 100.9	 0.000	 0.000
1.9	 100.9	 -0.058	 0.128
3.6	 100.9	 -0.082	 0.128
5.5	 100.9	 -0.117	 0.350
7.3	 100.9	 -0.105	 0.432
9.0	 100.9	 -0.082	 0.502
10.8	 100.9	 0.117	 0.479
12.5	 100.9	 0.023	 0.537
14.4	 100.9	 0.093	 0.491
16.1	 100.9	 0.105	 0.607
18.0	 100.9	 0.082	 0.572
19.8	 100.9	 -0.012	 0.549
21.5	 100.9	 -0.047	 0.584
23.4	 100.9	 0.000	 0.491
25.1	 100.9	 0.035	 0.619
27.0	 100.9	 -0.023	 0.491
28.8	 100.9	 -0.058	 0.304
30.5	 100.9	 -0.012	 0.572
32.4	 100.9	 -0.093	 0.654
34.1	 100.9	 -0.117	 0.619
36.0	 100.9	 0.058	 0.537
37.6	 100.9	 -0.023	 0.572
39.5	 100.9	 -0.070	 0.619
41.3	 100.9	 -0.082	 0.549
43.0	 100.9	 0.023	 0.327
44.9	 100.9	 0.047	 0.374
46.6	 100.9	 -0.047	 0.327
48.5	 100.9	 0.058	 0.315
50.3	 100.9	 0.105	 0.222
52.0	 100.9	 0.058	 0.164
53.9	 100.9	 0.070	 0.140
55.6	 100.9	 -0.035	 0.093
57.5	 100.9	 -0.082	 0.117
59.3	 100.9	 0.035	 0.012
61.0	 100.9	 0.035	 0.035
62.9	 100.9	 0.012	 0.047
64.6	 100.9	 0.035	 0.012
66.4	 100.9	 0.012	 0.047
68.1	 100.9	 0.105	 0.035
70.0	 100.9	 0.000	 0.000
-1.7	 102.8	 0.000	 0.000
0.0	 102.8	 0.000	 0.000
1.9	 102.8	 -0.023	 0.105
3.6	 102.8	 -0.012	 0.117
5.5	 102.8	 -0.070	 0.210
7.3	 102.8	 -0.070	 0.210
9.0	 102.8	 0.012	 0.187
10.8	 102.8	 0.058	 0.280
12.5	 102.8	 0.070	 0.666
14.4	 102.8	 -0.035	 0.607
16.1	 102.8	 -0.012	 0.502
18.0	 102.8	 0.000	 0.572
19.8	 102.8	 -0.023	 0.537
21.5	 102.8	 0.058	 0.572
23.4	 102.8	 -0.012	 0.549
25.1	 102.8	 -0.035	 0.584
27.0	 102.8	 0.012	 0.596
28.8	 102.8	 0.000	 0.584
30.5	 102.8	 0.000	 0.479
32.4	 102.8	 -0.012	 0.444
34.1	 102.8	 0.012	 0.327
36.0	 102.8	 0.023	 0.385
37.6	 102.8	 0.000	 0.526
39.5	 102.8	 -0.012	 0.385
41.3	 102.8	 0.047	 0.292
43.0	 102.8	 -0.012	 0.199
44.9	 102.8	 0.058	 0.257
46.6	 102.8	 0.070	 0.315
48.5	 102.8	 0.070	 0.339
50.3	 102.8	 -0.117	 0.199
52.0	 102.8	 -0.035	 0.164
53.9	 102.8	 -0.058	 0.012
55.6	 102.8	 0.023	 0.082
57.5	 102.8	 0.000	 0.105
59.3	 102.8	 0.128	 0.152
61.0	 102.8	 0.105	 0.058
62.9	 102.8	 0.093	 0.023
64.6	 102.8	 0.058	 0.023
66.4	 102.8	 -0.058	 0.012
68.1	 102.8	 0.140	 0.292
70.0	 102.8	 0.000	 0.000
-1.7	 104.6	 0.000	 0.000
0.0	 104.6	 0.000	 0.000
1.9	 104.6	 -0.093	 0.093
3.6	 104.6	 -0.047	 0.117
5.5	 104.6	 -0.082	 0.164
7.3	 104.6	 -0.105	 0.245
9.0	 104.6	 -0.093	 0.245
10.8	 104.6	 0.035	 0.245
12.5	 104.6	 -0.093	 0.362
14.4	 104.6	 -0.093	 0.444
16.1	 104.6	 0.093	 0.409
18.0	 104.6	 0.082	 0.444
19.8	 104.6	 -0.082	 0.537
21.5	 104.6	 0.047	 0.374
23.4	 104.6	 -0.023	 0.514
25.1	 104.6	 0.000	 0.526
27.0	 104.6	 0.023	 0.561
28.8	 104.6	 -0.012	 0.350
30.5	 104.6	 -0.047	 0.514
32.4	 104.6	 -0.012	 0.514
34.1	 104.6	 0.058	 0.374
36.0	 104.6	 0.012	 0.549
37.6	 104.6	 0.047	 0.385
39.5	 104.6	 0.082	 0.549
41.3	 104.6	 0.012	 0.350
43.0	 104.6	 0.082	 0.362
44.9	 104.6	 0.082	 0.420
46.6	 104.6	 0.105	 0.432
48.5	 104.6	 0.023	 0.210
50.3	 104.6	 -0.012	 0.140
52.0	 104.6	 -0.105	 0.234
53.9	 104.6	 0.035	 0.093
55.6	 104.6	 0.035	 0.000
57.5	 104.6	 0.000	 0.070
59.3	 104.6	 0.047	 0.128
61.0	 104.6	 -0.047	 0.164
62.9	 104.6	 -0.023	 0.047
64.6	 104.6	 0.070	 0.105
66.4	 104.6	 0.023	 0.105
68.1	 104.6	 0.000	 0.000
70.0	 104.6	 0.000	 0.000
-1.7	 106.4	 0.000	 0.000
0.0	 106.4	 0.000	 0.000
1.9	 106.4	 -0.070	 0.105
3.6	 106.4	 -0.070	 0.058
5.5	 106.4	 -0.023	 0.117
7.3	 106.4	 0.035	 0.164
9.0	 106.4	 0.058	 0.339
10.8	 106.4	 0.082	 0.526
12.5	 106.4	 -0.058	 0.514
14.4	 106.4	 -0.117	 0.596
16.1	 106.4	 0.070	 0.409
18.0	 106.4	 0.199	 0.315
19.8	 106.4	 0.128	 0.374
21.5	 106.4	 0.152	 0.491
23.4	 106.4	 0.117	 0.724
25.1	 106.4	 -0.070	 0.607
27.0	 106.4	 -0.082	 0.666
28.8	 106.4	 -0.035	 0.537
30.5	 106.4	 -0.035	 0.537
32.4	 106.4	 -0.012	 0.514
34.1	 106.4	 0.105	 0.280
36.0	 106.4	 -0.047	 0.292
37.6	 106.4	 -0.093	 0.234
39.5	 106.4	 0.082	 0.561
41.3	 106.4	 -0.023	 0.467
43.0	 106.4	 -0.047	 0.304
44.9	 106.4	 -0.012	 0.304
46.6	 106.4	 0.023	 0.245
48.5	 106.4	 0.012	 0.350
50.3	 106.4	 0.093	 0.035
52.0	 106.4	 -0.012	 0.070
53.9	 106.4	 -0.035	 -0.058
55.6	 106.4	 0.082	 0.105
57.5	 106.4	 -0.012	 0.140
59.3	 106.4	 0.000	 0.222
61.0	 106.4	 0.000	 0.187
62.9	 106.4	 0.035	 0.070
64.6	 106.4	 0.023	 0.070
66.4	 106.4	 0.070	 0.070
68.1	 106.4	 0.257	 0.269
70.0	 106.4	 0.000	 0.000
-1.7	 108.1	 0.000	 0.000
0.0	 108.1	 0.000	 0.000
1.9	 108.1	 0.105	 0.140
3.6	 108.1	 0.012	 0.164
5.5	 108.1	 0.023	 0.140
7.3	 108.1	 0.047	 0.164
9.0	 108.1	 0.058	 0.222
10.8	 108.1	 0.070	 0.385
12.5	 108.1	 0.012	 0.467
14.4	 108.1	 -0.047	 0.502
16.1	 108.1	 -0.117	 0.199
18.0	 108.1	 -0.035	 0.304
19.8	 108.1	 0.210	 0.245
21.5	 108.1	 0.152	 0.350
23.4	 108.1	 0.339	 0.701
25.1	 108.1	 -0.058	 0.596
27.0	 108.1	 -0.047	 0.619
28.8	 108.1	 -0.070	 0.549
30.5	 108.1	 -0.047	 0.549
32.4	 108.1	 0.058	 0.502
34.1	 108.1	 -0.012	 0.502
36.0	 108.1	 -0.023	 0.467
37.6	 108.1	 -0.012	 0.479
39.5	 108.1	 -0.012	 0.152
41.3	 108.1	 -0.105	 0.315
43.0	 108.1	 0.047	 0.444
44.9	 108.1	 -0.012	 0.280
46.6	 108.1	 0.058	 0.199
48.5	 108.1	 0.058	 0.222
50.3	 108.1	 0.117	 0.058
52.0	 108.1	 -0.058	 0.128
53.9	 108.1	 -0.035	 -0.012
55.6	 108.1	 0.058	 -0.023
57.5	 108.1	 0.000	 0.105
59.3	 108.1	 0.058	 0.070
61.0	 108.1	 0.058	 0.093
62.9	 108.1	 0.035	 0.000
64.6	 108.1	 0.000	 -0.023
66.4	 108.1	 -0.012	 -0.012
68.1	 108.1	 0.117	 0.000
70.0	 108.1	 0.000	 0.000
-1.7	 109.9	 0.000	 0.000
0.0	 109.9	 0.000	 0.000
1.9	 109.9	 0.093	 0.070
3.6	 109.9	 0.000	 0.140
5.5	 109.9	 -0.082	 0.175
7.3	 109.9	 -0.082	 0.210
9.0	 109.9	 -0.128	 0.164
10.8	 109.9	 -0.023	 0.315
12.5	 109.9	 -0.093	 0.292
14.4	 109.9	 0.023	 0.362
16.1	 109.9	 0.058	 0.537
18.0	 109.9	 0.058	 0.549
19.8	 109.9	 -0.035	 0.467
21.5	 109.9	 -0.070	 0.491
23.4	 109.9	 -0.070	 0.537
25.1	 109.9	 -0.035	 0.537
27.0	 109.9	 -0.070	 0.549
28.8	 109.9	 -0.082	 0.514
30.5	 109.9	 -0.070	 0.526
32.4	 109.9	 0.117	 0.455
34.1	 109.9	 0.035	 0.420
36.0	 109.9	 0.023	 0.526
37.6	 109.9	 -0.035	 0.701
39.5	 109.9	 -0.082	 0.514
41.3	 109.9	 0.035	 0.315
43.0	 109.9	 0.210	 0.619
44.9	 109.9	 0.023	 0.350
46.6	 109.9	 -0.070	 0.222
48.5	 109.9	 0.070	 0.257
50.3	 109.9	 0.012	 0.280
52.0	 109.9	 0.082	 0.023
53.9	 109.9	 0.082	 0.082
55.6	 109.9	 0.082	 0.058
57.5	 109.9	 0.035	 0.105
59.3	 109.9	 0.117	 0.093
61.0	 109.9	 0.035	 0.023
62.9	 109.9	 -0.047	 -0.047
64.6	 109.9	 0.023	 0.012
66.4	 109.9	 -0.023	 0.058
68.1	 109.9	 0.152	 0.491
70.0	 109.9	 0.000	 0.000
-1.7	 111.8	 0.000	 0.000
0.0	 111.8	 0.000	 0.000
1.9	 111.8	 -0.035	 0.152
3.6	 111.8	 0.000	 0.117
5.5	 111.8	 -0.128	 0.210
7.3	 111.8	 -0.023	 0.362
9.0	 111.8	 -0.058	 0.315
10.8	 111.8	 -0.164	 0.420
12.5	 111.8	 -0.058	 0.327
14.4	 111.8	 -0.070	 0.420
16.1	 111.8	 0.000	 0.000
18.0	 111.8	 -0.012	 0.549
19.8	 111.8	 -0.070	 0.444
21.5	 111.8	 0.023	 0.467
23.4	 111.8	 0.012	 0.444
25.1	 111.8	 -0.058	 0.491
27.0	 111.8	 -0.047	 0.514
28.8	 111.8	 -0.035	 0.491
30.5	 111.8	 -0.012	 0.502
32.4	 111.8	 0.047	 0.526
34.1	 111.8	 0.012	 0.362
36.0	 111.8	 -0.023	 0.304
37.6	 111.8	 -0.093	 0.479
39.5	 111.8	 -0.070	 0.315
41.3	 111.8	 0.023	 0.245
43.0	 111.8	 -0.047	 0.245
44.9	 111.8	 -0.023	 0.070
46.6	 111.8	 -0.117	 0.117
48.5	 111.8	 -0.117	 0.093
50.3	 111.8	 0.070	 0.070
52.0	 111.8	 0.070	 0.082
53.9	 111.8	 -0.035	 0.117
55.6	 111.8	 0.000	 0.117
57.5	 111.8	 -0.070	 0.175
59.3	 111.8	 -0.012	 0.035
61.0	 111.8	 -0.023	 0.082
62.9	 111.8	 -0.023	 0.093
64.6	 111.8	 -0.023	 0.140
66.4	 111.8	 -0.012	 0.070
68.1	 111.8	 0.164	 0.642
70.0	 111.8	 0.047	 -0.012
-1.7	 113.6	 0.000	 0.000
0.0	 113.6	 0.000	 0.000
1.9	 113.6	 -0.093	 0.199
3.6	 113.6	 -0.058	 0.175
5.5	 113.6	 -0.082	 0.105
7.3	 113.6	 -0.035	 0.315
9.0	 113.6	 0.058	 0.350
10.8	 113.6	 -0.140	 0.187
12.5	 113.6	 -0.140	 0.362
14.4	 113.6	 -0.093	 0.432
16.1	 113.6	 0.000	 0.000
18.0	 113.6	 0.000	 0.000
19.8	 113.6	 0.000	 0.000
21.5	 113.6	 -0.023	 0.315
23.4	 113.6	 0.000	 0.280
25.1	 113.6	 -0.023	 0.537
27.0	 113.6	 -0.035	 0.467
28.8	 113.6	 -0.023	 0.526
30.5	 113.6	 -0.047	 0.514
32.4	 113.6	 0.023	 0.526
34.1	 113.6	 -0.082	 0.526
36.0	 113.6	 0.047	 0.479
37.6	 113.6	 0.058	 0.432
39.5	 113.6	 0.012	 0.222
41.3	 113.6	 0.350	 0.175
43.0	 113.6	 0.374	 0.140
44.9	 113.6	 0.093	 0.175
46.6	 113.6	 0.035	 0.105
48.5	 113.6	 -0.082	 0.128
50.3	 113.6	 0.070	 0.140
52.0	 113.6	 0.128	 0.199
53.9	 113.6	 -0.152	 0.199
55.6	 113.6	 -0.269	 0.058
57.5	 113.6	 0.012	 0.047
59.3	 113.6	 0.058	 0.070
61.0	 113.6	 0.058	 0.128
62.9	 113.6	 0.023	 0.058
64.6	 113.6	 -0.047	 0.175
66.4	 113.6	 -0.012	 0.093
68.1	 113.6	 0.128	 0.537
70.0	 113.6	 0.000	 0.000
-1.7	 115.4	 0.000	 0.000
0.0	 115.4	 0.000	 0.000
1.9	 115.4	 -0.164	 0.210
3.6	 115.4	 0.058	 0.315
5.5	 115.4	 -0.070	 0.374
7.3	 115.4	 -0.058	 0.385
9.0	 115.4	 -0.058	 0.164
10.8	 115.4	 -0.210	 0.152
12.5	 115.4	 -0.105	 0.385
14.4	 115.4	 -0.105	 0.491
16.1	 115.4	 -0.093	 0.502
18.0	 115.4	 -0.199	 0.467
19.8	 115.4	 0.000	 0.000
21.5	 115.4	 -0.082	 0.409
23.4	 115.4	 -0.082	 0.385
25.1	 115.4	 -0.047	 0.502
27.0	 115.4	 -0.023	 0.537
28.8	 115.4	 -0.035	 0.502
30.5	 115.4	 0.023	 0.479
32.4	 115.4	 -0.023	 0.526
34.1	 115.4	 -0.012	 0.479
36.0	 115.4	 0.000	 0.350
37.6	 115.4	 0.035	 0.280
39.5	 115.4	 0.070	 0.350
41.3	 115.4	 0.035	 0.222
43.0	 115.4	 0.164	 0.234
44.9	 115.4	 0.105	 0.234
46.6	 115.4	 0.070	 0.058
48.5	 115.4	 0.070	 0.070
50.3	 115.4	 0.058	 0.082
52.0	 115.4	 0.245	 0.058
53.9	 115.4	 -0.070	 0.164
55.6	 115.4	 -0.093	 0.128
57.5	 115.4	 0.070	 0.175
59.3	 115.4	 0.082	 0.234
61.0	 115.4	 -0.035	 0.164
62.9	 115.4	 -0.082	 0.257
64.6	 115.4	 -0.035	 0.164
66.4	 115.4	 0.000	 0.093
68.1	 115.4	 0.187	 0.280
70.0	 115.4	 0.000	 0.000
-1.7	 117.1	 0.000	 0.000
0.0	 117.1	 0.000	 0.000
1.9	 117.1	 -0.047	 0.222
3.6	 117.1	 -0.012	 0.269
5.5	 117.1	 -0.058	 0.409
7.3	 117.1	 -0.117	 0.327
9.0	 117.1	 -0.164	 0.245
10.8	 117.1	 -0.257	 0.432
12.5	 117.1	 -0.082	 0.315
14.4	 117.1	 -0.140	 0.385
16.1	 117.1	 -0.117	 0.491
18.0	 117.1	 -0.070	 0.479
19.8	 117.1	 0.000	 0.000
21.5	 117.1	 -0.070	 0.304
23.4	 117.1	 -0.023	 0.409
25.1	 117.1	 -0.093	 0.444
27.0	 117.1	 0.117	 0.596
28.8	 117.1	 0.105	 0.596
30.5	 117.1	 -0.023	 0.479
32.4	 117.1	 -0.012	 0.491
34.1	 117.1	 0.000	 0.467
36.0	 117.1	 0.000	 0.327
37.6	 117.1	 0.023	 0.304
39.5	 117.1	 0.082	 0.222
41.3	 117.1	 0.012	 0.257
43.0	 117.1	 0.047	 0.269
44.9	 117.1	 -0.023	 0.082
46.6	 117.1	 0.070	 0.175
48.5	 117.1	 0.105	 0.175
50.3	 117.1	 0.082	 0.140
52.0	 117.1	 0.280	 0.128
53.9	 117.1	 0.035	 0.128
55.6	 117.1	 0.012	 0.117
57.5	 117.1	 0.047	 0.093
59.3	 117.1	 0.047	 0.210
61.0	 117.1	 0.035	 0.199
62.9	 117.1	 -0.047	 0.140
64.6	 117.1	 0.000	 0.152
66.4	 117.1	 -0.035	 0.093
68.1	 117.1	 0.058	 0.093
70.0	 117.1	 0.000	 0.000
-1.7	 118.9	 0.000	 0.000
0.0	 118.9	 0.000	 0.000
1.9	 118.9	 -0.058	 0.070
3.6	 118.9	 -0.082	 0.187
5.5	 118.9	 -0.070	 0.327
7.3	 118.9	 -0.117	 0.245
9.0	 118.9	 -0.012	 0.385
10.8	 118.9	 -0.012	 0.654
12.5	 118.9	 0.000	 0.000
14.4	 118.9	 0.000	 0.000
16.1	 118.9	 0.000	 0.000
18.0	 118.9	 -0.058	 0.631
19.8	 118.9	 -0.070	 0.444
21.5	 118.9	 -0.070	 0.444
23.4	 118.9	 0.012	 0.467
25.1	 118.9	 -0.035	 0.397
27.0	 118.9	 -0.140	 0.502
28.8	 118.9	 -0.117	 0.140
30.5	 118.9	 -0.175	 0.140
32.4	 118.9	 -0.058	 0.210
34.1	 118.9	 0.012	 0.432
36.0	 118.9	 0.012	 0.362
37.6	 118.9	 0.023	 0.397
39.5	 118.9	 -0.012	 0.304
41.3	 118.9	 -0.105	 0.234
43.0	 118.9	 0.058	 0.222
44.9	 118.9	 0.012	 0.164
46.6	 118.9	 0.093	 0.187
48.5	 118.9	 0.187	 0.047
50.3	 118.9	 0.000	 0.140
52.0	 118.9	 0.070	 0.117
53.9	 118.9	 0.047	 0.152
55.6	 118.9	 -0.058	 0.210
57.5	 118.9	 0.210	 0.070
59.3	 118.9	 0.000	 0.199
61.0	 118.9	 0.023	 0.175
62.9	 118.9	 -0.082	 0.105
64.6	 118.9	 -0.047	 0.035
66.4	 118.9	 0.023	 0.093
68.1	 118.9	 0.023	 0.502
70.0	 118.9	 0.000	 0.000
-1.7	 120.6	 0.000	 0.000
0.0	 120.6	 0.000	 0.000
1.9	 120.6	 -0.117	 0.117
3.6	 120.6	 0.012	 0.222
5.5	 120.6	 0.023	 0.269
7.3	 120.6	 -0.140	 0.491
9.0	 120.6	 -0.117	 0.502
10.8	 120.6	 0.035	 0.514
12.5	 120.6	 -0.164	 0.420
14.4	 120.6	 -0.035	 0.432
16.1	 120.6	 -0.082	 0.187
18.0	 120.6	 -0.047	 0.444
19.8	 120.6	 -0.035	 0.362
21.5	 120.6	 -0.187	 0.350
23.4	 120.6	 -0.105	 0.385
25.1	 120.6	 -0.035	 0.397
27.0	 120.6	 -0.164	 0.315
28.8	 120.6	 -0.117	 0.362
30.5	 120.6	 0.012	 0.514
32.4	 120.6	 -0.012	 0.642
34.1	 120.6	 -0.012	 0.397
36.0	 120.6	 0.012	 0.584
37.6	 120.6	 -0.093	 0.572
39.5	 120.6	 -0.082	 0.561
41.3	 120.6	 -0.012	 0.117
43.0	 120.6	 0.082	 0.175
44.9	 120.6	 0.000	 0.164
46.6	 120.6	 -0.012	 0.093
48.5	 120.6	 0.047	 0.152
50.3	 120.6	 0.035	 0.140
52.0	 120.6	 -0.082	 0.105
53.9	 120.6	 0.117	 0.105
55.6	 120.6	 0.012	 0.164
57.5	 120.6	 0.222	 0.140
59.3	 120.6	 0.000	 0.164
61.0	 120.6	 -0.023	 0.234
62.9	 120.6	 0.140	 0.082
64.6	 120.6	 0.082	 0.047
66.4	 120.6	 0.164	 0.047
68.1	 120.6	 0.093	 0.023
70.0	 120.6	 0.000	 0.000
-1.7	 122.4	 0.000	 0.000
0.0	 122.4	 0.000	 0.000
1.9	 122.4	 -0.199	 0.164
3.6	 122.4	 -0.047	 0.187
5.5	 122.4	 -0.047	 0.304
7.3	 122.4	 -0.199	 0.245
9.0	 122.4	 -0.164	 0.234
10.8	 122.4	 -0.058	 0.455
12.5	 122.4	 -0.093	 0.584
14.4	 122.4	 -0.082	 0.596
16.1	 122.4	 -0.070	 0.362
18.0	 122.4	 -0.023	 0.467
19.8	 122.4	 -0.105	 0.315
21.5	 122.4	 -0.140	 0.339
23.4	 122.4	 0.000	 0.000
25.1	 122.4	 -0.058	 0.526
27.0	 122.4	 -0.035	 0.502
28.8	 122.4	 -0.035	 0.619
30.5	 122.4	 0.023	 0.654
32.4	 122.4	 -0.105	 0.549
34.1	 122.4	 -0.058	 0.502
36.0	 122.4	 -0.070	 0.444
37.6	 122.4	 -0.140	 0.315
39.5	 122.4	 -0.093	 0.467
41.3	 122.4	 0.012	 0.257
43.0	 122.4	 0.117	 0.210
44.9	 122.4	 0.000	 0.269
46.6	 122.4	 0.047	 0.152
48.5	 122.4	 -0.210	 0.245
50.3	 122.4	 0.058	 0.175
52.0	 122.4	 0.047	 0.152
53.9	 122.4	 0.000	 0.117
55.6	 122.4	 -0.047	 0.128
57.5	 122.4	 0.047	 0.234
59.3	 122.4	 0.082	 0.222
61.0	 122.4	 -0.117	 0.093
62.9	 122.4	 0.070	 0.070
64.6	 122.4	 0.105	 0.105
66.4	 122.4	 -0.012	 -0.035
68.1	 122.4	 -0.093	 0.257
70.0	 122.4	 0.000	 0.000
-1.7	 124.3	 0.000	 0.000
0.0	 124.3	 0.000	 0.000
1.9	 124.3	 -0.023	 0.210
3.6	 124.3	 -0.058	 0.199
5.5	 124.3	 -0.105	 0.164
7.3	 124.3	 -0.035	 0.222
9.0	 124.3	 -0.047	 0.420
10.8	 124.3	 -0.210	 0.584
12.5	 124.3	 -0.164	 0.269
14.4	 124.3	 -0.117	 0.374
16.1	 124.3	 0.000	 0.000
18.0	 124.3	 -0.117	 0.689
19.8	 124.3	 -0.105	 0.619
21.5	 124.3	 -0.117	 0.491
23.4	 124.3	 0.117	 0.455
25.1	 124.3	 -0.140	 0.537
27.0	 124.3	 -0.164	 0.467
28.8	 124.3	 -0.058	 0.619
30.5	 124.3	 -0.035	 0.549
32.4	 124.3	 -0.105	 0.607
34.1	 124.3	 -0.047	 0.642
36.0	 124.3	 0.023	 0.385
37.6	 124.3	 -0.058	 0.234
39.5	 124.3	 0.000	 0.257
41.3	 124.3	 -0.047	 0.257
43.0	 124.3	 0.082	 0.210
44.9	 124.3	 0.012	 0.397
46.6	 124.3	 0.257	 0.455
48.5	 124.3	 0.117	 0.362
50.3	 124.3	 0.070	 0.210
52.0	 124.3	 0.012	 0.222
53.9	 124.3	 0.000	 0.175
55.6	 124.3	 0.105	 0.082
57.5	 124.3	 0.047	 0.117
59.3	 124.3	 0.000	 0.070
61.0	 124.3	 -0.082	 0.117
62.9	 124.3	 0.035	 0.105
64.6	 124.3	 0.140	 0.128
66.4	 124.3	 -0.093	 0.047
68.1	 124.3	 -0.117	 0.105
70.0	 124.3	 0.000	 0.000
