-2.0	 50.5	 0.000	 0.000
-0.3	 50.5	 -0.153	 1.777
1.5	 50.5	 0.012	 1.812
3.3	 50.5	 0.165	 1.306
5.2	 50.5	 0.141	 1.177
6.9	 50.5	 -0.012	 1.424
8.8	 50.5	 0.529	 1.471
10.7	 50.5	 0.118	 1.435
12.4	 50.5	 0.400	 1.483
14.2	 50.5	 -0.812	 1.635
16.1	 50.5	 -0.259	 1.094
17.9	 50.5	 -0.424	 1.247
19.6	 50.5	 -0.682	 1.635
21.4	 50.5	 -0.377	 1.459
23.3	 50.5	 -1.000	 1.894
25.1	 50.5	 0.000	 0.000
26.9	 50.5	 -0.835	 1.800
28.6	 50.5	 -0.577	 1.753
30.5	 50.5	 0.071	 1.377
32.3	 50.5	 -0.012	 1.530
34.1	 50.5	 -0.047	 1.906
36.0	 50.5	 -0.129	 2.047
37.8	 50.5	 0.000	 1.859
39.5	 50.5	 0.000	 0.000
41.4	 50.5	 0.153	 2.118
43.1	 50.5	 0.082	 1.988
45.0	 50.5	 0.494	 1.424
46.8	 50.5	 0.094	 2.200
48.5	 50.5	 0.247	 2.153
50.4	 50.5	 0.824	 -4.377
52.1	 50.5	 0.424	 1.412
54.0	 50.5	 0.235	 1.859
55.8	 50.5	 0.294	 1.859
57.5	 50.5	 0.129	 1.694
59.5	 50.5	 0.341	 1.600
61.3	 50.5	 0.412	 1.541
63.0	 50.5	 0.365	 1.424
64.8	 50.5	 0.424	 1.635
66.7	 50.5	 0.153	 1.388
68.5	 50.5	 0.082	 0.965
70.3	 50.5	 0.000	 0.000
-2.0	 52.3	 0.000	 0.000
-0.3	 52.3	 -0.035	 -1.471
1.5	 52.3	 0.176	 1.400
3.3	 52.3	 0.118	 0.224
5.2	 52.3	 0.059	 -0.153
6.9	 52.3	 0.000	 0.000
8.8	 52.3	 0.000	 0.000
10.7	 52.3	 -0.212	 1.530
12.4	 52.3	 0.000	 0.000
14.2	 52.3	 2.400	 -0.671
16.1	 52.3	 0.518	 1.259
17.9	 52.3	 -0.035	 1.635
19.6	 52.3	 -0.706	 1.706
21.4	 52.3	 -0.247	 1.718
23.3	 52.3	 -0.024	 1.730
25.1	 52.3	 0.000	 0.000
26.9	 52.3	 0.012	 1.659
28.6	 52.3	 -0.353	 2.083
30.5	 52.3	 -0.212	 1.706
32.3	 52.3	 -0.082	 1.459
34.1	 52.3	 -0.118	 1.812
36.0	 52.3	 -0.059	 1.471
37.8	 52.3	 -0.118	 1.741
39.5	 52.3	 -0.482	 2.247
41.4	 52.3	 0.306	 1.894
43.1	 52.3	 0.294	 2.130
45.0	 52.3	 0.541	 2.353
46.8	 52.3	 0.259	 2.036
48.5	 52.3	 0.541	 1.353
50.4	 52.3	 0.035	 1.624
52.1	 52.3	 0.247	 1.518
54.0	 52.3	 0.212	 1.977
55.8	 52.3	 0.506	 1.847
57.5	 52.3	 0.200	 1.377
59.5	 52.3	 0.600	 1.706
61.3	 52.3	 0.341	 1.494
63.0	 52.3	 0.377	 1.530
64.8	 52.3	 0.235	 1.588
66.7	 52.3	 0.271	 1.471
68.5	 52.3	 -0.047	 1.659
70.3	 52.3	 0.000	 0.000
-2.0	 54.1	 0.000	 0.000
-0.3	 54.1	 0.094	 -0.718
1.5	 54.1	 0.247	 -0.153
3.3	 54.1	 0.329	 1.459
5.2	 54.1	 0.259	 0.294
6.9	 54.1	 0.318	 0.871
8.8	 54.1	 0.000	 0.000
10.7	 54.1	 0.000	 0.000
12.4	 54.1	 0.000	 0.000
14.2	 54.1	 -0.482	 1.247
16.1	 54.1	 0.000	 0.000
17.9	 54.1	 -0.071	 1.624
19.6	 54.1	 -0.082	 1.635
21.4	 54.1	 -0.224	 1.836
23.3	 54.1	 -0.200	 1.800
25.1	 54.1	 -0.459	 2.106
26.9	 54.1	 -0.176	 1.706
28.6	 54.1	 -0.400	 2.118
30.5	 54.1	 0.118	 1.800
32.3	 54.1	 0.071	 1.471
34.1	 54.1	 0.035	 1.530
36.0	 54.1	 0.094	 1.647
37.8	 54.1	 -0.212	 1.259
39.5	 54.1	 0.094	 1.588
41.4	 54.1	 0.129	 1.836
43.1	 54.1	 -0.082	 1.600
45.0	 54.1	 0.106	 1.377
46.8	 54.1	 0.941	 0.930
48.5	 54.1	 0.000	 0.000
50.4	 54.1	 0.129	 1.518
52.1	 54.1	 0.518	 1.706
54.0	 54.1	 0.435	 2.024
55.8	 54.1	 0.435	 1.965
57.5	 54.1	 0.271	 1.788
59.5	 54.1	 0.294	 1.683
61.3	 54.1	 0.129	 1.706
63.0	 54.1	 0.188	 1.694
64.8	 54.1	 -0.012	 1.730
66.7	 54.1	 -0.153	 1.506
68.5	 54.1	 -0.165	 1.683
70.3	 54.1	 0.000	 0.000
-2.0	 55.9	 0.000	 0.000
-0.3	 55.9	 -0.082	 1.341
1.5	 55.9	 0.118	 0.318
3.3	 55.9	 0.176	 -0.671
5.2	 55.9	 0.294	 -0.765
6.9	 55.9	 -1.412	 2.424
8.8	 55.9	 -0.882	 1.577
10.7	 55.9	 0.271	 1.659
12.4	 55.9	 -0.424	 1.377
14.2	 55.9	 0.000	 0.000
16.1	 55.9	 -0.235	 1.659
17.9	 55.9	 0.000	 0.000
19.6	 55.9	 -1.012	 2.130
21.4	 55.9	 -0.800	 2.177
23.3	 55.9	 -0.235	 1.941
25.1	 55.9	 0.000	 0.000
26.9	 55.9	 -0.071	 1.765
28.6	 55.9	 -0.188	 1.565
30.5	 55.9	 0.188	 1.435
32.3	 55.9	 0.071	 1.471
34.1	 55.9	 0.000	 0.000
36.0	 55.9	 0.000	 0.000
37.8	 55.9	 0.000	 0.000
39.5	 55.9	 -0.024	 1.941
41.4	 55.9	 0.306	 1.612
43.1	 55.9	 0.694	 1.118
45.0	 55.9	 1.188	 0.082
46.8	 55.9	 0.800	 1.824
48.5	 55.9	 0.553	 0.800
50.4	 55.9	 0.153	 1.318
52.1	 55.9	 0.447	 1.941
54.0	 55.9	 0.435	 1.941
55.8	 55.9	 0.329	 1.565
57.5	 55.9	 0.259	 1.588
59.5	 55.9	 0.188	 1.894
61.3	 55.9	 0.000	 0.000
63.0	 55.9	 0.200	 1.812
64.8	 55.9	 -0.141	 1.588
66.7	 55.9	 0.047	 1.577
68.5	 55.9	 0.000	 0.000
70.3	 55.9	 0.000	 0.000
-2.0	 57.7	 0.000	 0.000
-0.3	 57.7	 -0.071	 1.306
1.5	 57.7	 -0.024	 1.447
3.3	 57.7	 -0.012	 1.224
5.2	 57.7	 -0.035	 1.483
6.9	 57.7	 -0.200	 1.424
8.8	 57.7	 0.659	 1.553
10.7	 57.7	 0.224	 1.412
12.4	 57.7	 0.377	 1.224
14.2	 57.7	 0.871	 1.530
16.1	 57.7	 -0.200	 1.683
17.9	 57.7	 -0.671	 1.659
19.6	 57.7	 0.000	 0.000
21.4	 57.7	 -0.612	 2.130
23.3	 57.7	 -0.294	 1.588
25.1	 57.7	 0.000	 0.000
26.9	 57.7	 -0.988	 2.765
28.6	 57.7	 0.000	 0.000
30.5	 57.7	 0.000	 0.000
32.3	 57.7	 0.106	 1.082
34.1	 57.7	 0.471	 1.671
36.0	 57.7	 0.000	 0.000
37.8	 57.7	 0.412	 1.400
39.5	 57.7	 0.047	 2.353
41.4	 57.7	 0.529	 1.683
43.1	 57.7	 0.824	 1.494
45.0	 57.7	 0.471	 2.118
46.8	 57.7	 0.000	 0.000
48.5	 57.7	 0.388	 1.812
50.4	 57.7	 0.918	 1.341
52.1	 57.7	 0.282	 2.765
54.0	 57.7	 0.259	 2.165
55.8	 57.7	 0.377	 1.894
57.5	 57.7	 0.377	 2.306
59.5	 57.7	 0.035	 1.859
61.3	 57.7	 -0.071	 1.930
63.0	 57.7	 -0.059	 1.541
64.8	 57.7	 0.082	 1.341
66.7	 57.7	 -0.071	 1.259
68.5	 57.7	 -0.188	 0.953
70.3	 57.7	 0.000	 0.000
-2.0	 59.5	 0.000	 0.000
-0.3	 59.5	 0.071	 1.271
1.5	 59.5	 0.106	 1.353
3.3	 59.5	 0.377	 3.177
5.2	 59.5	 0.541	 3.036
6.9	 59.5	 0.129	 1.435
8.8	 59.5	 -0.129	 1.424
10.7	 59.5	 0.647	 0.588
12.4	 59.5	 -0.294	 1.271
14.2	 59.5	 0.459	 1.624
16.1	 59.5	 0.000	 1.812
17.9	 59.5	 -0.882	 2.024
19.6	 59.5	 -0.329	 1.518
21.4	 59.5	 0.000	 0.000
23.3	 59.5	 -0.494	 1.953
25.1	 59.5	 0.000	 0.000
26.9	 59.5	 0.129	 1.988
28.6	 59.5	 0.000	 0.000
30.5	 59.5	 0.094	 1.447
32.3	 59.5	 0.541	 1.565
34.1	 59.5	 0.012	 2.212
36.0	 59.5	 0.000	 0.000
37.8	 59.5	 0.000	 2.165
39.5	 59.5	 0.071	 2.389
41.4	 59.5	 0.577	 1.518
43.1	 59.5	 0.188	 1.965
45.0	 59.5	 0.353	 1.718
46.8	 59.5	 0.353	 1.753
48.5	 59.5	 0.353	 1.824
50.4	 59.5	 0.235	 2.012
52.1	 59.5	 0.424	 2.165
54.0	 59.5	 0.188	 2.318
55.8	 59.5	 0.471	 2.118
57.5	 59.5	 0.565	 1.777
59.5	 59.5	 0.494	 2.000
61.3	 59.5	 0.412	 2.141
63.0	 59.5	 0.294	 2.118
64.8	 59.5	 0.753	 2.118
66.7	 59.5	 0.129	 2.141
68.5	 59.5	 -0.129	 1.988
70.3	 59.5	 0.000	 0.000
-2.0	 61.3	 0.000	 0.000
-0.3	 61.3	 -0.047	 1.494
1.5	 61.3	 -0.024	 1.071
3.3	 61.3	 0.059	 -0.059
5.2	 61.3	 0.000	 0.000
6.9	 61.3	 0.000	 0.000
8.8	 61.3	 0.000	 0.000
10.7	 61.3	 -0.059	 1.424
12.4	 61.3	 -0.306	 1.259
14.2	 61.3	 0.118	 1.718
16.1	 61.3	 -0.118	 1.765
17.9	 61.3	 0.118	 1.553
19.6	 61.3	 0.165	 1.577
21.4	 61.3	 0.000	 0.000
23.3	 61.3	 0.000	 0.000
25.1	 61.3	 0.000	 0.000
26.9	 61.3	 -0.129	 1.741
28.6	 61.3	 0.000	 0.000
30.5	 61.3	 -0.047	 2.036
32.3	 61.3	 0.082	 1.577
34.1	 61.3	 0.353	 1.094
36.0	 61.3	 0.176	 1.200
37.8	 61.3	 0.235	 1.400
39.5	 61.3	 0.235	 1.259
41.4	 61.3	 0.071	 1.953
43.1	 61.3	 0.600	 1.483
45.0	 61.3	 0.153	 1.530
46.8	 61.3	 0.494	 1.706
48.5	 61.3	 0.506	 1.765
50.4	 61.3	 -0.176	 1.977
52.1	 61.3	 0.141	 2.365
54.0	 61.3	 0.047	 2.141
55.8	 61.3	 0.318	 2.047
57.5	 61.3	 0.235	 1.977
59.5	 61.3	 0.082	 1.918
61.3	 61.3	 0.141	 2.024
63.0	 61.3	 0.306	 1.741
64.8	 61.3	 -0.153	 1.836
66.7	 61.3	 -0.059	 1.141
68.5	 61.3	 0.047	 1.271
70.3	 61.3	 0.000	 0.000
-2.0	 63.2	 0.000	 0.000
-0.3	 63.2	 0.059	 1.353
1.5	 63.2	 0.082	 0.882
3.3	 63.2	 0.000	 0.000
5.2	 63.2	 -0.706	 2.589
6.9	 63.2	 0.059	 1.883
8.8	 63.2	 0.388	 1.212
10.7	 63.2	 0.071	 -0.600
12.4	 63.2	 0.494	 -0.447
14.2	 63.2	 0.388	 1.871
16.1	 63.2	 0.412	 2.012
17.9	 63.2	 -0.812	 -2.071
19.6	 63.2	 0.835	 1.765
21.4	 63.2	 0.188	 1.671
23.3	 63.2	 0.565	 1.836
25.1	 63.2	 0.153	 1.259
26.9	 63.2	 -0.141	 1.753
28.6	 63.2	 0.459	 1.859
30.5	 63.2	 -0.706	 1.565
32.3	 63.2	 -0.553	 1.494
34.1	 63.2	 0.588	 1.082
36.0	 63.2	 0.082	 1.694
37.8	 63.2	 0.141	 1.506
39.5	 63.2	 0.035	 1.318
41.4	 63.2	 0.000	 0.000
43.1	 63.2	 0.882	 1.565
45.0	 63.2	 0.600	 1.683
46.8	 63.2	 0.400	 1.988
48.5	 63.2	 0.412	 1.483
50.4	 63.2	 0.200	 1.977
52.1	 63.2	 0.494	 1.741
54.0	 63.2	 0.294	 2.259
55.8	 63.2	 0.212	 1.941
57.5	 63.2	 0.353	 1.647
59.5	 63.2	 0.200	 1.753
61.3	 63.2	 0.247	 2.153
63.0	 63.2	 0.141	 2.071
64.8	 63.2	 0.318	 1.894
66.7	 63.2	 -0.141	 1.353
68.5	 63.2	 -0.118	 1.153
70.3	 63.2	 0.000	 0.000
-2.0	 65.0	 0.000	 0.000
-0.3	 65.0	 0.000	 0.000
1.5	 65.0	 0.047	 1.306
3.3	 65.0	 0.377	 1.565
5.2	 65.0	 0.141	 0.094
6.9	 65.0	 0.000	 0.000
8.8	 65.0	 0.118	 -0.106
10.7	 65.0	 0.141	 1.341
12.4	 65.0	 0.000	 0.000
14.2	 65.0	 0.000	 0.000
16.1	 65.0	 0.588	 1.941
17.9	 65.0	 0.941	 2.118
19.6	 65.0	 -0.471	 2.083
21.4	 65.0	 0.553	 1.988
23.3	 65.0	 1.353	 1.977
25.1	 65.0	 0.365	 1.318
26.9	 65.0	 -0.047	 1.753
28.6	 65.0	 0.306	 1.577
30.5	 65.0	 0.000	 0.000
32.3	 65.0	 -0.035	 2.071
34.1	 65.0	 0.553	 1.188
36.0	 65.0	 0.000	 0.000
37.8	 65.0	 0.165	 1.588
39.5	 65.0	 0.282	 1.353
41.4	 65.0	 0.000	 0.000
43.1	 65.0	 0.176	 1.824
45.0	 65.0	 0.329	 1.871
46.8	 65.0	 0.294	 2.118
48.5	 65.0	 0.353	 2.106
50.4	 65.0	 0.482	 2.118
52.1	 65.0	 0.459	 2.012
54.0	 65.0	 0.000	 0.000
55.8	 65.0	 0.471	 1.894
57.5	 65.0	 0.824	 1.730
59.5	 65.0	 0.000	 0.000
61.3	 65.0	 0.082	 1.953
63.0	 65.0	 0.212	 2.353
64.8	 65.0	 0.424	 1.671
66.7	 65.0	 -0.282	 1.447
68.5	 65.0	 -0.141	 1.647
70.3	 65.0	 0.000	 0.000
-2.0	 66.8	 0.000	 0.000
-0.3	 66.8	 0.000	 0.000
1.5	 66.8	 -0.059	 1.424
3.3	 66.8	 -0.059	 1.753
5.2	 66.8	 0.094	 0.247
6.9	 66.8	 0.082	 0.153
8.8	 66.8	 0.000	 0.000
10.7	 66.8	 0.000	 0.000
12.4	 66.8	 -0.047	 1.483
14.2	 66.8	 0.718	 2.106
16.1	 66.8	 0.000	 0.000
17.9	 66.8	 0.271	 1.741
19.6	 66.8	 0.000	 0.000
21.4	 66.8	 0.000	 0.000
23.3	 66.8	 -0.365	 2.200
25.1	 66.8	 -0.494	 2.330
26.9	 66.8	 -0.071	 1.612
28.6	 66.8	 0.000	 0.000
30.5	 66.8	 -0.059	 1.977
32.3	 66.8	 0.129	 1.730
34.1	 66.8	 0.224	 1.753
36.0	 66.8	 0.000	 0.000
37.8	 66.8	 0.000	 0.000
39.5	 66.8	 2.083	 1.447
41.4	 66.8	 0.635	 0.176
43.1	 66.8	 0.930	 0.294
45.0	 66.8	 0.000	 0.000
46.8	 66.8	 0.000	 0.000
48.5	 66.8	 0.000	 0.000
50.4	 66.8	 0.671	 2.083
52.1	 66.8	 0.565	 1.953
54.0	 66.8	 0.824	 1.824
55.8	 66.8	 0.153	 2.353
57.5	 66.8	 0.635	 2.636
59.5	 66.8	 0.365	 2.259
61.3	 66.8	 0.000	 2.165
63.0	 66.8	 0.071	 2.024
64.8	 66.8	 0.353	 1.659
66.7	 66.8	 0.106	 1.788
68.5	 66.8	 0.047	 1.753
70.3	 66.8	 0.000	 0.000
-2.0	 68.6	 0.000	 0.000
-0.3	 68.6	 0.000	 0.000
1.5	 68.6	 0.000	 0.000
3.3	 68.6	 -0.059	 1.541
5.2	 68.6	 -0.141	 1.400
6.9	 68.6	 0.153	 1.377
8.8	 68.6	 -0.035	 0.682
10.7	 68.6	 0.000	 0.000
12.4	 68.6	 0.082	 2.036
14.2	 68.6	 0.200	 2.436
16.1	 68.6	 0.000	 0.000
17.9	 68.6	 0.141	 1.718
19.6	 68.6	 0.000	 0.000
21.4	 68.6	 0.235	 1.565
23.3	 68.6	 0.918	 2.165
25.1	 68.6	 2.506	 2.659
26.9	 68.6	 -2.541	 -0.188
28.6	 68.6	 0.235	 2.036
30.5	 68.6	 0.306	 2.012
32.3	 68.6	 0.000	 0.000
34.1	 68.6	 0.000	 0.000
36.0	 68.6	 0.000	 0.000
37.8	 68.6	 0.094	 1.506
39.5	 68.6	 0.188	 2.271
41.4	 68.6	 0.000	 0.000
43.1	 68.6	 0.612	 1.341
45.0	 68.6	 0.671	 2.224
46.8	 68.6	 0.506	 2.047
48.5	 68.6	 0.000	 0.000
50.4	 68.6	 0.365	 1.565
52.1	 68.6	 0.541	 1.706
54.0	 68.6	 0.565	 2.341
55.8	 68.6	 0.059	 2.153
57.5	 68.6	 0.247	 2.083
59.5	 68.6	 0.000	 0.000
61.3	 68.6	 -0.106	 1.341
63.0	 68.6	 -0.106	 1.883
64.8	 68.6	 0.506	 1.988
66.7	 68.6	 0.624	 2.118
68.5	 68.6	 0.000	 0.000
70.3	 68.6	 0.000	 0.000
-2.0	 70.4	 0.000	 0.000
-0.3	 70.4	 0.000	 0.000
1.5	 70.4	 -0.012	 1.624
3.3	 70.4	 -0.118	 1.718
5.2	 70.4	 -0.471	 1.494
6.9	 70.4	 0.271	 1.812
8.8	 70.4	 0.000	 1.377
10.7	 70.4	 0.176	 1.765
12.4	 70.4	 -0.753	 1.588
14.2	 70.4	 -0.059	 1.600
16.1	 70.4	 0.624	 2.083
17.9	 70.4	 0.706	 2.259
19.6	 70.4	 0.588	 0.071
21.4	 70.4	 0.588	 0.118
23.3	 70.4	 0.624	 2.083
25.1	 70.4	 0.106	 1.706
26.9	 70.4	 0.035	 1.318
28.6	 70.4	 -0.082	 1.953
30.5	 70.4	 0.047	 1.894
32.3	 70.4	 0.000	 0.000
34.1	 70.4	 0.000	 0.000
36.0	 70.4	 0.235	 1.753
37.8	 70.4	 0.388	 1.447
39.5	 70.4	 0.106	 2.165
41.4	 70.4	 0.000	 0.000
43.1	 70.4	 0.000	 0.000
45.0	 70.4	 0.565	 2.212
46.8	 70.4	 0.788	 2.365
48.5	 70.4	 0.000	 0.000
50.4	 70.4	 0.000	 0.000
52.1	 70.4	 0.000	 0.000
54.0	 70.4	 -0.259	 2.341
55.8	 70.4	 0.082	 2.188
57.5	 70.4	 0.224	 2.036
59.5	 70.4	 0.200	 2.577
61.3	 70.4	 0.176	 2.012
63.0	 70.4	 0.341	 1.930
64.8	 70.4	 0.306	 2.236
66.7	 70.4	 0.176	 2.283
68.5	 70.4	 0.000	 0.000
70.3	 70.4	 0.000	 0.000
-2.0	 72.2	 0.000	 0.000
-0.3	 72.2	 0.000	 0.000
1.5	 72.2	 -0.271	 1.506
3.3	 72.2	 -0.035	 1.612
5.2	 72.2	 0.035	 0.882
6.9	 72.2	 0.165	 1.447
8.8	 72.2	 0.141	 1.330
10.7	 72.2	 0.541	 2.318
12.4	 72.2	 0.094	 1.577
14.2	 72.2	 0.188	 1.824
16.1	 72.2	 -0.059	 1.647
17.9	 72.2	 0.729	 2.236
19.6	 72.2	 0.153	 1.377
21.4	 72.2	 0.141	 1.388
23.3	 72.2	 0.000	 0.000
25.1	 72.2	 0.224	 1.683
26.9	 72.2	 -0.094	 1.365
28.6	 72.2	 0.035	 1.730
30.5	 72.2	 0.000	 0.000
32.3	 72.2	 -1.165	 -0.518
34.1	 72.2	 0.047	 1.765
36.0	 72.2	 0.000	 0.000
37.8	 72.2	 -0.118	 1.812
39.5	 72.2	 0.000	 0.000
41.4	 72.2	 0.000	 0.000
43.1	 72.2	 0.729	 1.518
45.0	 72.2	 0.294	 2.377
46.8	 72.2	 0.000	 0.000
48.5	 72.2	 0.000	 0.000
50.4	 72.2	 0.624	 1.553
52.1	 72.2	 0.588	 2.165
54.0	 72.2	 0.000	 0.000
55.8	 72.2	 0.741	 1.447
57.5	 72.2	 0.247	 1.894
59.5	 72.2	 0.094	 1.930
61.3	 72.2	 -0.047	 2.071
63.0	 72.2	 0.000	 1.988
64.8	 72.2	 0.000	 0.000
66.7	 72.2	 0.200	 2.318
68.5	 72.2	 0.082	 1.824
70.3	 72.2	 0.000	 0.000
-2.0	 74.0	 0.000	 0.000
-0.3	 74.0	 0.000	 0.000
1.5	 74.0	 -0.200	 1.506
3.3	 74.0	 -0.200	 1.541
5.2	 74.0	 -0.153	 1.283
6.9	 74.0	 0.106	 1.812
8.8	 74.0	 0.094	 1.930
10.7	 74.0	 0.000	 0.000
12.4	 74.0	 0.941	 2.271
14.2	 74.0	 0.118	 1.647
16.1	 74.0	 -0.624	 1.577
17.9	 74.0	 -0.024	 1.706
19.6	 74.0	 0.082	 1.647
21.4	 74.0	 0.000	 0.000
23.3	 74.0	 0.000	 0.000
25.1	 74.0	 0.176	 1.847
26.9	 74.0	 0.000	 0.000
28.6	 74.0	 -0.118	 2.224
30.5	 74.0	 0.318	 1.671
32.3	 74.0	 0.000	 0.000
34.1	 74.0	 0.777	 1.977
36.0	 74.0	 0.000	 0.000
37.8	 74.0	 0.071	 1.624
39.5	 74.0	 -0.024	 1.671
41.4	 74.0	 0.000	 0.000
43.1	 74.0	 0.000	 0.000
45.0	 74.0	 0.071	 2.000
46.8	 74.0	 0.176	 2.012
48.5	 74.0	 0.000	 0.000
50.4	 74.0	 0.000	 0.000
52.1	 74.0	 0.000	 0.000
54.0	 74.0	 0.788	 1.377
55.8	 74.0	 0.188	 1.918
57.5	 74.0	 0.224	 2.953
59.5	 74.0	 0.671	 2.412
61.3	 74.0	 0.271	 2.412
63.0	 74.0	 -0.035	 2.271
64.8	 74.0	 0.012	 2.294
66.7	 74.0	 -0.141	 1.883
68.5	 74.0	 0.000	 0.000
70.3	 74.0	 0.000	 0.000
-2.0	 75.8	 0.000	 0.000
-0.3	 75.8	 0.000	 0.000
1.5	 75.8	 -0.741	 1.530
3.3	 75.8	 -0.435	 1.859
5.2	 75.8	 -0.235	 1.965
6.9	 75.8	 0.600	 1.671
8.8	 75.8	 0.635	 1.671
10.7	 75.8	 -0.224	 1.612
12.4	 75.8	 1.188	 2.906
14.2	 75.8	 0.082	 1.541
16.1	 75.8	 -0.012	 2.036
17.9	 75.8	 0.341	 1.683
19.6	 75.8	 0.294	 1.577
21.4	 75.8	 0.000	 0.000
23.3	 75.8	 0.035	 1.812
25.1	 75.8	 0.835	 2.412
26.9	 75.8	 0.247	 2.141
28.6	 75.8	 -0.153	 2.188
30.5	 75.8	 0.000	 0.000
32.3	 75.8	 0.129	 2.318
34.1	 75.8	 0.259	 1.341
36.0	 75.8	 0.812	 1.330
37.8	 75.8	 0.000	 0.000
39.5	 75.8	 0.000	 1.918
41.4	 75.8	 -0.035	 1.988
43.1	 75.8	 0.000	 0.000
45.0	 75.8	 0.012	 1.683
46.8	 75.8	 0.388	 1.788
48.5	 75.8	 0.000	 0.000
50.4	 75.8	 0.000	 0.000
52.1	 75.8	 0.835	 1.635
54.0	 75.8	 0.471	 1.800
55.8	 75.8	 0.282	 2.447
57.5	 75.8	 0.635	 2.624
59.5	 75.8	 0.753	 2.271
61.3	 75.8	 0.318	 2.471
63.0	 75.8	 0.400	 2.377
64.8	 75.8	 0.106	 2.271
66.7	 75.8	 0.082	 2.153
68.5	 75.8	 0.000	 0.000
70.3	 75.8	 0.000	 0.000
-2.0	 77.6	 0.000	 0.000
-0.3	 77.6	 0.000	 0.000
1.5	 77.6	 0.000	 0.000
3.3	 77.6	 0.000	 0.000
5.2	 77.6	 0.000	 0.000
6.9	 77.6	 0.577	 1.283
8.8	 77.6	 0.588	 1.165
10.7	 77.6	 0.059	 2.365
12.4	 77.6	 0.059	 2.365
14.2	 77.6	 -0.047	 1.424
16.1	 77.6	 0.000	 0.000
17.9	 77.6	 0.294	 2.294
19.6	 77.6	 0.341	 2.530
21.4	 77.6	 0.635	 2.883
23.3	 77.6	 0.341	 1.753
25.1	 77.6	 0.000	 0.000
26.9	 77.6	 0.400	 1.683
28.6	 77.6	 0.118	 3.459
30.5	 77.6	 0.000	 1.777
32.3	 77.6	 0.012	 1.730
34.1	 77.6	 0.529	 1.518
36.0	 77.6	 -0.047	 1.624
37.8	 77.6	 0.000	 0.000
39.5	 77.6	 0.106	 1.718
41.4	 77.6	 0.000	 0.000
43.1	 77.6	 0.024	 2.094
45.0	 77.6	 0.000	 2.036
46.8	 77.6	 0.000	 0.000
48.5	 77.6	 -2.718	 2.824
50.4	 77.6	 0.306	 2.447
52.1	 77.6	 0.106	 2.365
54.0	 77.6	 -0.071	 2.447
55.8	 77.6	 0.000	 0.000
57.5	 77.6	 0.000	 0.000
59.5	 77.6	 0.000	 0.000
61.3	 77.6	 0.412	 2.400
63.0	 77.6	 0.200	 2.294
64.8	 77.6	 -0.212	 2.424
66.7	 77.6	 0.071	 2.330
68.5	 77.6	 0.000	 0.000
70.3	 77.6	 0.000	 0.000
-2.0	 79.4	 0.000	 0.000
-0.3	 79.4	 0.000	 0.000
1.5	 79.4	 -0.165	 1.424
3.3	 79.4	 0.000	 0.000
5.2	 79.4	 -0.118	 1.494
6.9	 79.4	 -0.282	 1.753
8.8	 79.4	 0.000	 0.000
10.7	 79.4	 -0.718	 2.071
12.4	 79.4	 0.506	 0.953
14.2	 79.4	 0.000	 0.000
16.1	 79.4	 0.024	 1.800
17.9	 79.4	 -0.059	 1.918
19.6	 79.4	 -2.789	 1.812
21.4	 79.4	 -0.071	 2.236
23.3	 79.4	 0.188	 1.777
25.1	 79.4	 0.000	 0.000
26.9	 79.4	 2.977	 -0.706
28.6	 79.4	 0.282	 1.941
30.5	 79.4	 -0.318	 2.106
32.3	 79.4	 0.235	 2.718
34.1	 79.4	 -0.200	 0.894
36.0	 79.4	 -0.047	 1.200
37.8	 79.4	 -0.106	 1.788
39.5	 79.4	 0.000	 1.718
41.4	 79.4	 0.224	 2.094
43.1	 79.4	 0.612	 2.741
45.0	 79.4	 0.176	 1.730
46.8	 79.4	 0.000	 2.177
48.5	 79.4	 0.000	 2.047
50.4	 79.4	 0.459	 2.541
52.1	 79.4	 0.271	 2.200
54.0	 79.4	 0.106	 2.283
55.8	 79.4	 0.000	 0.000
57.5	 79.4	 0.235	 2.224
59.5	 79.4	 0.659	 2.165
61.3	 79.4	 0.118	 2.047
63.0	 79.4	 -0.094	 2.624
64.8	 79.4	 0.118	 2.389
66.7	 79.4	 0.106	 2.000
68.5	 79.4	 0.000	 0.000
70.3	 79.4	 0.000	 0.000
-2.0	 81.2	 0.000	 0.000
-0.3	 81.2	 0.000	 0.000
1.5	 81.2	 0.082	 1.894
3.3	 81.2	 -0.047	 1.541
5.2	 81.2	 -0.741	 1.224
6.9	 81.2	 0.906	 0.176
8.8	 81.2	 -0.412	 1.836
10.7	 81.2	 0.000	 0.000
12.4	 81.2	 0.741	 1.941
14.2	 81.2	 -0.035	 1.753
16.1	 81.2	 -0.200	 1.765
17.9	 81.2	 -0.106	 1.812
19.6	 81.2	 -0.012	 1.859
21.4	 81.2	 0.035	 2.165
23.3	 81.2	 0.024	 2.153
25.1	 81.2	 0.777	 -2.094
26.9	 81.2	 0.635	 -1.930
28.6	 81.2	 0.224	 1.730
30.5	 81.2	 0.000	 0.000
32.3	 81.2	 0.000	 0.000
34.1	 81.2	 0.788	 1.165
36.0	 81.2	 -0.059	 0.941
37.8	 81.2	 -0.176	 1.824
39.5	 81.2	 0.024	 2.071
41.4	 81.2	 0.000	 0.000
43.1	 81.2	 0.341	 0.765
45.0	 81.2	 0.200	 1.812
46.8	 81.2	 -0.294	 1.400
48.5	 81.2	 0.000	 0.000
50.4	 81.2	 -0.071	 2.436
52.1	 81.2	 0.741	 2.694
54.0	 81.2	 -0.553	 1.671
55.8	 81.2	 0.341	 2.436
57.5	 81.2	 0.188	 2.283
59.5	 81.2	 0.624	 2.541
61.3	 81.2	 0.435	 2.200
63.0	 81.2	 0.165	 2.765
64.8	 81.2	 0.000	 0.000
66.7	 81.2	 0.153	 2.153
68.5	 81.2	 0.247	 2.259
70.3	 81.2	 0.000	 0.000
-2.0	 83.0	 0.000	 0.000
-0.3	 83.0	 0.094	 -1.459
1.5	 83.0	 -0.153	 2.318
3.3	 83.0	 0.894	 0.259
5.2	 83.0	 -0.165	 1.483
6.9	 83.0	 -0.059	 1.577
8.8	 83.0	 0.082	 1.753
10.7	 83.0	 0.506	 1.541
12.4	 83.0	 0.365	 1.624
14.2	 83.0	 -0.012	 1.647
16.1	 83.0	 0.153	 1.730
17.9	 83.0	 -0.106	 1.765
19.6	 83.0	 0.000	 0.000
21.4	 83.0	 0.506	 2.306
23.3	 83.0	 0.000	 0.000
25.1	 83.0	 -0.024	 1.659
26.9	 83.0	 0.082	 1.565
28.6	 83.0	 0.235	 1.400
30.5	 83.0	 -0.259	 1.965
32.3	 83.0	 0.000	 0.000
34.1	 83.0	 0.930	 2.259
36.0	 83.0	 -0.118	 1.471
37.8	 83.0	 0.471	 1.871
39.5	 83.0	 0.318	 1.777
41.4	 83.0	 -0.306	 1.588
43.1	 83.0	 0.024	 1.565
45.0	 83.0	 0.000	 0.000
46.8	 83.0	 0.577	 1.177
48.5	 83.0	 0.047	 2.012
50.4	 83.0	 0.000	 0.000
52.1	 83.0	 0.000	 0.000
54.0	 83.0	 0.047	 1.365
55.8	 83.0	 0.000	 0.000
57.5	 83.0	 0.165	 3.036
59.5	 83.0	 0.647	 2.400
61.3	 83.0	 0.141	 2.447
63.0	 83.0	 0.129	 2.341
64.8	 83.0	 0.377	 2.353
66.7	 83.0	 0.082	 1.859
68.5	 83.0	 0.271	 2.412
70.3	 83.0	 0.000	 0.000
-2.0	 84.8	 0.000	 0.000
-0.3	 84.8	 0.000	 0.000
1.5	 84.8	 -0.059	 1.177
3.3	 84.8	 0.494	 1.518
5.2	 84.8	 -0.106	 1.483
6.9	 84.8	 0.271	 1.435
8.8	 84.8	 -0.012	 1.941
10.7	 84.8	 -0.106	 1.435
12.4	 84.8	 0.071	 1.224
14.2	 84.8	 -0.094	 1.588
16.1	 84.8	 0.188	 1.459
17.9	 84.8	 -0.412	 1.577
19.6	 84.8	 0.059	 1.541
21.4	 84.8	 0.024	 1.612
23.3	 84.8	 0.118	 2.200
25.1	 84.8	 0.000	 0.000
26.9	 84.8	 0.247	 1.906
28.6	 84.8	 0.000	 0.000
30.5	 84.8	 -0.259	 2.224
32.3	 84.8	 0.024	 1.600
34.1	 84.8	 0.965	 3.212
36.0	 84.8	 -0.106	 1.577
37.8	 84.8	 0.000	 0.000
39.5	 84.8	 0.259	 0.800
41.4	 84.8	 0.000	 0.000
43.1	 84.8	 0.000	 0.000
45.0	 84.8	 1.082	 1.494
46.8	 84.8	 0.365	 1.518
48.5	 84.8	 0.318	 1.530
50.4	 84.8	 0.141	 1.130
52.1	 84.8	 0.565	 1.094
54.0	 84.8	 0.282	 1.000
55.8	 84.8	 0.000	 0.000
57.5	 84.8	 0.318	 3.059
59.5	 84.8	 0.047	 2.730
61.3	 84.8	 0.494	 2.953
63.0	 84.8	 0.000	 0.000
64.8	 84.8	 0.165	 2.247
66.7	 84.8	 0.141	 2.471
68.5	 84.8	 0.377	 2.753
70.3	 84.8	 0.000	 0.000
-2.0	 86.7	 0.000	 0.000
-0.3	 86.7	 0.000	 0.000
1.5	 86.7	 0.000	 0.000
3.3	 86.7	 -0.329	 1.118
5.2	 86.7	 -0.353	 1.106
6.9	 86.7	 1.118	 0.188
8.8	 86.7	 0.165	 2.036
10.7	 86.7	 0.106	 1.565
12.4	 86.7	 0.188	 2.165
14.2	 86.7	 -0.071	 1.988
16.1	 86.7	 0.565	 1.506
17.9	 86.7	 -0.353	 1.541
19.6	 86.7	 0.200	 1.706
21.4	 86.7	 0.529	 2.718
23.3	 86.7	 -0.094	 1.683
25.1	 86.7	 -0.365	 1.600
26.9	 86.7	 0.000	 0.000
28.6	 86.7	 0.000	 1.588
30.5	 86.7	 -0.577	 1.977
32.3	 86.7	 0.412	 1.530
34.1	 86.7	 0.035	 1.671
36.0	 86.7	 0.459	 2.671
37.8	 86.7	 -0.388	 1.541
39.5	 86.7	 0.212	 2.188
41.4	 86.7	 0.882	 2.036
43.1	 86.7	 0.000	 0.000
45.0	 86.7	 0.047	 2.365
46.8	 86.7	 0.176	 2.494
48.5	 86.7	 0.247	 2.283
50.4	 86.7	 -0.247	 2.389
52.1	 86.7	 0.000	 0.000
54.0	 86.7	 1.212	 -4.071
55.8	 86.7	 0.129	 2.353
57.5	 86.7	 -0.035	 3.189
59.5	 86.7	 0.329	 2.659
61.3	 86.7	 0.400	 2.918
63.0	 86.7	 0.000	 0.000
64.8	 86.7	 -0.012	 2.212
66.7	 86.7	 -0.129	 2.059
68.5	 86.7	 -0.118	 1.836
70.3	 86.7	 0.000	 0.000
-2.0	 88.5	 0.000	 0.000
-0.3	 88.5	 0.000	 0.000
1.5	 88.5	 -0.224	 1.659
3.3	 88.5	 -1.035	 -2.918
5.2	 88.5	 -1.447	 -2.965
6.9	 88.5	 -0.047	 1.612
8.8	 88.5	 -0.059	 1.612
10.7	 88.5	 0.129	 1.577
12.4	 88.5	 0.000	 0.000
14.2	 88.5	 0.000	 0.000
16.1	 88.5	 -0.529	 1.588
17.9	 88.5	 0.047	 1.871
19.6	 88.5	 0.212	 1.741
21.4	 88.5	 -0.435	 1.836
23.3	 88.5	 -0.012	 1.812
25.1	 88.5	 0.553	 1.800
26.9	 88.5	 0.000	 0.000
28.6	 88.5	 -0.047	 1.988
30.5	 88.5	 -0.329	 1.812
32.3	 88.5	 -0.377	 1.612
34.1	 88.5	 -0.165	 1.624
36.0	 88.5	 -0.059	 1.671
37.8	 88.5	 0.000	 0.000
39.5	 88.5	 0.012	 1.624
41.4	 88.5	 0.047	 1.388
43.1	 88.5	 0.000	 0.000
45.0	 88.5	 0.000	 0.000
46.8	 88.5	 0.000	 0.000
48.5	 88.5	 0.494	 2.353
50.4	 88.5	 0.000	 0.000
52.1	 88.5	 -0.200	 0.824
54.0	 88.5	 0.694	 1.483
55.8	 88.5	 0.000	 0.000
57.5	 88.5	 0.412	 2.894
59.5	 88.5	 -0.176	 2.318
61.3	 88.5	 0.247	 2.718
63.0	 88.5	 -0.047	 2.906
64.8	 88.5	 0.000	 0.000
66.7	 88.5	 0.012	 2.483
68.5	 88.5	 0.482	 2.436
70.3	 88.5	 0.000	 0.000
-2.0	 90.3	 0.000	 0.000
-0.3	 90.3	 0.000	 0.000
1.5	 90.3	 -0.224	 1.765
3.3	 90.3	 0.000	 0.000
5.2	 90.3	 -0.024	 0.718
6.9	 90.3	 0.000	 0.000
8.8	 90.3	 0.000	 0.000
10.7	 90.3	 0.329	 1.506
12.4	 90.3	 0.000	 0.000
14.2	 90.3	 0.000	 0.000
16.1	 90.3	 -0.106	 1.565
17.9	 90.3	 -0.176	 1.577
19.6	 90.3	 0.200	 1.730
21.4	 90.3	 0.000	 0.000
23.3	 90.3	 0.494	 1.447
25.1	 90.3	 0.000	 0.000
26.9	 90.3	 0.000	 0.000
28.6	 90.3	 -0.141	 0.918
30.5	 90.3	 0.000	 0.000
32.3	 90.3	 -0.341	 1.200
34.1	 90.3	 0.000	 0.000
36.0	 90.3	 0.000	 0.000
37.8	 90.3	 -0.129	 1.553
39.5	 90.3	 0.000	 0.000
41.4	 90.3	 0.047	 1.600
43.1	 90.3	 0.000	 0.000
45.0	 90.3	 0.129	 2.283
46.8	 90.3	 0.129	 1.506
48.5	 90.3	 0.129	 2.094
50.4	 90.3	 0.059	 2.036
52.1	 90.3	 -0.118	 2.577
54.0	 90.3	 -0.035	 2.400
55.8	 90.3	 0.282	 1.741
57.5	 90.3	 0.000	 0.000
59.5	 90.3	 -0.047	 1.565
61.3	 90.3	 0.400	 2.706
63.0	 90.3	 0.165	 3.047
64.8	 90.3	 0.000	 0.000
66.7	 90.3	 0.400	 2.871
68.5	 90.3	 0.141	 2.624
70.3	 90.3	 0.000	 0.000
-2.0	 92.0	 0.000	 0.000
-0.3	 92.0	 0.000	 0.000
1.5	 92.0	 0.000	 0.000
3.3	 92.0	 -0.059	 2.106
5.2	 92.0	 -0.047	 2.118
6.9	 92.0	 0.000	 0.000
8.8	 92.0	 -0.612	 2.130
10.7	 92.0	 0.341	 1.518
12.4	 92.0	 -0.165	 1.459
14.2	 92.0	 0.000	 0.000
16.1	 92.0	 -0.200	 1.553
17.9	 92.0	 -0.035	 1.565
19.6	 92.0	 -0.200	 1.588
21.4	 92.0	 -0.176	 1.683
23.3	 92.0	 0.000	 0.000
25.1	 92.0	 -0.553	 2.236
26.9	 92.0	 -0.047	 1.553
28.6	 92.0	 0.377	 1.659
30.5	 92.0	 0.000	 0.000
32.3	 92.0	 -0.412	 1.612
34.1	 92.0	 0.000	 0.000
36.0	 92.0	 0.000	 0.000
37.8	 92.0	 -0.176	 1.541
39.5	 92.0	 0.000	 0.000
41.4	 92.0	 0.047	 1.612
43.1	 92.0	 0.212	 1.859
45.0	 92.0	 0.282	 1.800
46.8	 92.0	 0.071	 1.283
48.5	 92.0	 -1.518	 -2.918
50.4	 92.0	 0.000	 0.000
52.1	 92.0	 0.000	 0.000
54.0	 92.0	 0.000	 0.000
55.8	 92.0	 0.118	 2.812
57.5	 92.0	 0.165	 2.883
59.5	 92.0	 0.024	 2.059
61.3	 92.0	 0.012	 2.083
63.0	 92.0	 0.000	 0.000
64.8	 92.0	 -0.106	 2.577
66.7	 92.0	 0.000	 0.000
68.5	 92.0	 0.000	 0.000
70.3	 92.0	 0.000	 0.000
-2.0	 93.8	 0.000	 0.000
-0.3	 93.8	 0.000	 0.000
1.5	 93.8	 0.000	 0.000
3.3	 93.8	 -0.141	 1.530
5.2	 93.8	 -0.930	 -4.506
6.9	 93.8	 0.271	 1.600
8.8	 93.8	 0.518	 1.812
10.7	 93.8	 0.094	 1.683
12.4	 93.8	 -0.447	 2.130
14.2	 93.8	 0.212	 1.577
16.1	 93.8	 0.000	 1.565
17.9	 93.8	 -0.212	 1.530
19.6	 93.8	 0.294	 1.294
21.4	 93.8	 -0.553	 1.741
23.3	 93.8	 -0.459	 1.753
25.1	 93.8	 -0.094	 1.506
26.9	 93.8	 -0.176	 1.553
28.6	 93.8	 0.000	 0.000
30.5	 93.8	 -0.188	 1.683
32.3	 93.8	 -0.388	 1.612
34.1	 93.8	 0.000	 0.000
36.0	 93.8	 -0.153	 2.094
37.8	 93.8	 0.000	 0.000
39.5	 93.8	 -0.071	 1.565
41.4	 93.8	 -0.118	 1.553
43.1	 93.8	 -0.294	 1.753
45.0	 93.8	 0.000	 0.000
46.8	 93.8	 0.141	 1.812
48.5	 93.8	 0.000	 0.000
50.4	 93.8	 0.082	 2.930
52.1	 93.8	 0.106	 2.518
54.0	 93.8	 0.106	 2.518
55.8	 93.8	 0.118	 2.977
57.5	 93.8	 0.247	 2.765
59.5	 93.8	 0.106	 2.365
61.3	 93.8	 0.118	 2.200
63.0	 93.8	 0.000	 0.000
64.8	 93.8	 -0.141	 1.518
66.7	 93.8	 0.000	 0.000
68.5	 93.8	 0.000	 0.000
70.3	 93.8	 0.000	 0.000
-2.0	 95.7	 0.000	 0.000
-0.3	 95.7	 0.000	 0.000
1.5	 95.7	 0.153	 1.624
3.3	 95.7	 0.224	 1.459
5.2	 95.7	 0.165	 2.236
6.9	 95.7	 0.000	 0.000
8.8	 95.7	 0.000	 0.000
10.7	 95.7	 -0.329	 1.788
12.4	 95.7	 -0.835	 1.824
14.2	 95.7	 0.059	 2.483
16.1	 95.7	 0.047	 2.671
17.9	 95.7	 -0.129	 1.565
19.6	 95.7	 0.118	 1.588
21.4	 95.7	 0.000	 0.000
23.3	 95.7	 -0.118	 1.459
25.1	 95.7	 -0.306	 1.577
26.9	 95.7	 0.247	 1.635
28.6	 95.7	 0.000	 0.000
30.5	 95.7	 -0.412	 2.577
32.3	 95.7	 -0.047	 2.789
34.1	 95.7	 0.741	 1.894
36.0	 95.7	 0.235	 1.612
37.8	 95.7	 -0.282	 2.977
39.5	 95.7	 -0.247	 2.977
41.4	 95.7	 -0.306	 1.094
43.1	 95.7	 -0.494	 2.918
45.0	 95.7	 -0.212	 1.141
46.8	 95.7	 -0.035	 2.953
48.5	 95.7	 0.000	 0.000
50.4	 95.7	 0.012	 1.294
52.1	 95.7	 0.212	 1.106
54.0	 95.7	 0.000	 0.000
55.8	 95.7	 0.000	 0.000
57.5	 95.7	 0.000	 0.000
59.5	 95.7	 -0.624	 -0.247
61.3	 95.7	 0.000	 0.000
63.0	 95.7	 -0.212	 1.612
64.8	 95.7	 0.000	 0.000
66.7	 95.7	 0.271	 2.765
68.5	 95.7	 0.176	 2.894
70.3	 95.7	 0.000	 0.000
-2.0	 97.5	 0.000	 0.000
-0.3	 97.5	 0.000	 0.000
1.5	 97.5	 0.271	 1.471
3.3	 97.5	 0.071	 1.494
5.2	 97.5	 -0.118	 1.941
6.9	 97.5	 -0.518	 1.706
8.8	 97.5	 -1.247	 -3.236
10.7	 97.5	 -0.471	 2.024
12.4	 97.5	 -0.329	 1.659
14.2	 97.5	 0.000	 0.000
16.1	 97.5	 0.000	 0.000
17.9	 97.5	 -0.035	 2.341
19.6	 97.5	 0.282	 2.847
21.4	 97.5	 -0.176	 1.506
23.3	 97.5	 -0.118	 1.459
25.1	 97.5	 -0.306	 1.600
26.9	 97.5	 0.235	 1.624
28.6	 97.5	 0.000	 0.000
30.5	 97.5	 0.000	 0.000
32.3	 97.5	 0.000	 0.000
34.1	 97.5	 0.000	 0.000
36.0	 97.5	 0.000	 0.000
37.8	 97.5	 -1.483	 3.000
39.5	 97.5	 -0.518	 2.130
41.4	 97.5	 -0.518	 2.130
43.1	 97.5	 0.000	 0.000
45.0	 97.5	 -0.176	 1.530
46.8	 97.5	 -0.012	 1.694
48.5	 97.5	 0.000	 0.000
50.4	 97.5	 0.141	 2.683
52.1	 97.5	 0.494	 2.624
54.0	 97.5	 0.000	 0.000
55.8	 97.5	 -0.200	 2.000
57.5	 97.5	 -0.247	 1.659
59.5	 97.5	 0.412	 3.106
61.3	 97.5	 0.529	 3.142
63.0	 97.5	 -0.059	 2.118
64.8	 97.5	 -0.247	 2.412
66.7	 97.5	 0.624	 3.283
68.5	 97.5	 0.400	 2.341
70.3	 97.5	 0.000	 0.000
-2.0	 99.3	 0.000	 0.000
-0.3	 99.3	 0.000	 0.000
1.5	 99.3	 0.000	 0.000
3.3	 99.3	 -0.035	 1.518
5.2	 99.3	 -0.071	 1.518
6.9	 99.3	 -0.671	 -0.047
8.8	 99.3	 0.012	 1.518
10.7	 99.3	 -0.271	 1.518
12.4	 99.3	 -0.847	 1.577
14.2	 99.3	 -0.765	 1.577
16.1	 99.3	 0.294	 2.906
17.9	 99.3	 0.847	 1.859
19.6	 99.3	 -0.153	 1.541
21.4	 99.3	 0.047	 2.165
23.3	 99.3	 0.000	 0.000
25.1	 99.3	 0.000	 0.000
26.9	 99.3	 -0.329	 1.777
28.6	 99.3	 -0.329	 1.777
30.5	 99.3	 -0.318	 1.694
32.3	 99.3	 0.000	 0.000
34.1	 99.3	 0.000	 1.518
36.0	 99.3	 0.000	 0.000
37.8	 99.3	 0.000	 0.000
39.5	 99.3	 0.000	 0.000
41.4	 99.3	 -0.624	 0.141
43.1	 99.3	 -0.459	 1.683
45.0	 99.3	 0.000	 0.000
46.8	 99.3	 0.000	 0.000
48.5	 99.3	 0.047	 2.365
50.4	 99.3	 -0.118	 3.000
52.1	 99.3	 0.294	 3.224
54.0	 99.3	 0.294	 3.177
55.8	 99.3	 -0.882	 1.706
57.5	 99.3	 0.000	 0.000
59.5	 99.3	 -0.153	 1.906
61.3	 99.3	 0.000	 0.000
63.0	 99.3	 2.177	 3.153
64.8	 99.3	 0.000	 0.000
66.7	 99.3	 0.365	 2.530
68.5	 99.3	 0.482	 2.212
70.3	 99.3	 0.000	 0.000
-2.0	 101.1	 0.000	 0.000
-0.3	 101.1	 0.000	 0.000
1.5	 101.1	 0.000	 0.000
3.3	 101.1	 0.000	 0.000
5.2	 101.1	 -0.341	 1.530
6.9	 101.1	 -0.271	 1.377
8.8	 101.1	 0.541	 2.659
10.7	 101.1	 0.000	 0.000
12.4	 101.1	 -0.859	 1.577
14.2	 101.1	 -0.777	 1.577
16.1	 101.1	 -0.541	 1.941
17.9	 101.1	 0.706	 0.518
19.6	 101.1	 0.000	 0.000
21.4	 101.1	 0.000	 0.000
23.3	 101.1	 0.577	 -0.047
25.1	 101.1	 0.000	 0.000
26.9	 101.1	 -0.377	 0.918
28.6	 101.1	 -0.377	 0.847
30.5	 101.1	 0.000	 0.000
32.3	 101.1	 0.000	 0.000
34.1	 101.1	 0.000	 0.000
36.0	 101.1	 0.000	 0.000
37.8	 101.1	 0.259	 2.777
39.5	 101.1	 0.047	 1.683
41.4	 101.1	 0.000	 0.000
43.1	 101.1	 0.882	 2.836
45.0	 101.1	 -0.082	 1.600
46.8	 101.1	 -0.247	 2.424
48.5	 101.1	 0.012	 1.530
50.4	 101.1	 0.000	 1.435
52.1	 101.1	 -0.200	 1.400
54.0	 101.1	 -0.012	 3.212
55.8	 101.1	 0.000	 0.000
57.5	 101.1	 -0.047	 1.941
59.5	 101.1	 0.024	 2.906
61.3	 101.1	 0.706	 2.483
63.0	 101.1	 0.094	 2.318
64.8	 101.1	 0.082	 2.377
66.7	 101.1	 0.118	 2.894
68.5	 101.1	 0.353	 3.106
70.3	 101.1	 0.000	 0.000
-2.0	 102.8	 0.000	 0.000
-0.3	 102.8	 0.000	 0.000
1.5	 102.8	 0.000	 1.635
3.3	 102.8	 -0.106	 1.765
5.2	 102.8	 -0.141	 1.788
6.9	 102.8	 0.000	 2.506
8.8	 102.8	 0.459	 2.341
10.7	 102.8	 -0.082	 1.506
12.4	 102.8	 -0.024	 1.530
14.2	 102.8	 0.071	 2.271
16.1	 102.8	 0.000	 0.000
17.9	 102.8	 0.000	 0.000
19.6	 102.8	 -0.247	 1.683
21.4	 102.8	 0.047	 1.565
23.3	 102.8	 0.624	 1.765
25.1	 102.8	 0.000	 0.000
26.9	 102.8	 0.047	 -0.059
28.6	 102.8	 0.000	 0.000
30.5	 102.8	 -0.176	 1.624
32.3	 102.8	 -0.682	 2.306
34.1	 102.8	 -0.671	 2.318
36.0	 102.8	 0.000	 0.000
37.8	 102.8	 0.000	 0.000
39.5	 102.8	 0.000	 0.000
41.4	 102.8	 0.859	 2.847
43.1	 102.8	 0.835	 2.847
45.0	 102.8	 0.000	 0.000
46.8	 102.8	 0.000	 0.000
48.5	 102.8	 0.000	 0.000
50.4	 102.8	 0.000	 0.000
52.1	 102.8	 0.129	 2.942
54.0	 102.8	 -0.106	 1.424
55.8	 102.8	 -0.071	 3.318
57.5	 102.8	 0.000	 0.000
59.5	 102.8	 3.824	 2.930
61.3	 102.8	 0.000	 0.000
63.0	 102.8	 0.447	 2.377
64.8	 102.8	 0.000	 1.930
66.7	 102.8	 -0.106	 2.353
68.5	 102.8	 0.035	 1.694
70.3	 102.8	 0.000	 0.000
-2.0	 104.7	 0.000	 0.000
-0.3	 104.7	 0.000	 0.000
1.5	 104.7	 0.000	 0.000
3.3	 104.7	 -0.412	 0.106
5.2	 104.7	 -0.224	 0.094
6.9	 104.7	 -0.377	 1.541
8.8	 104.7	 -0.047	 2.694
10.7	 104.7	 0.000	 0.000
12.4	 104.7	 0.000	 0.000
14.2	 104.7	 -0.188	 1.977
16.1	 104.7	 0.000	 0.000
17.9	 104.7	 0.000	 0.000
19.6	 104.7	 -0.024	 2.424
21.4	 104.7	 -0.153	 2.000
23.3	 104.7	 -0.212	 2.012
25.1	 104.7	 0.000	 0.000
26.9	 104.7	 0.000	 0.000
28.6	 104.7	 -0.518	 2.259
30.5	 104.7	 -0.541	 2.212
32.3	 104.7	 -0.165	 1.706
34.1	 104.7	 0.035	 2.412
36.0	 104.7	 0.012	 2.400
37.8	 104.7	 0.000	 0.000
39.5	 104.7	 0.176	 1.659
41.4	 104.7	 0.000	 0.000
43.1	 104.7	 0.000	 0.000
45.0	 104.7	 0.000	 0.000
46.8	 104.7	 -0.176	 3.059
48.5	 104.7	 0.000	 0.000
50.4	 104.7	 0.000	 0.000
52.1	 104.7	 0.000	 0.000
54.0	 104.7	 0.000	 0.000
55.8	 104.7	 -0.118	 0.930
57.5	 104.7	 -0.035	 2.318
59.5	 104.7	 -0.188	 2.306
61.3	 104.7	 -0.388	 2.318
63.0	 104.7	 0.235	 1.777
64.8	 104.7	 0.329	 2.718
66.7	 104.7	 -0.071	 2.153
68.5	 104.7	 -0.318	 2.188
70.3	 104.7	 0.000	 0.000
-2.0	 106.5	 0.000	 0.000
-0.3	 106.5	 0.000	 0.000
1.5	 106.5	 0.000	 0.000
3.3	 106.5	 -0.835	 1.541
5.2	 106.5	 0.000	 0.000
6.9	 106.5	 0.000	 0.000
8.8	 106.5	 -0.118	 2.212
10.7	 106.5	 1.565	 0.012
12.4	 106.5	 0.000	 0.000
14.2	 106.5	 0.212	 2.471
16.1	 106.5	 0.129	 2.212
17.9	 106.5	 0.000	 0.000
19.6	 106.5	 0.282	 2.024
21.4	 106.5	 -0.753	 1.530
23.3	 106.5	 0.000	 0.000
25.1	 106.5	 -0.600	 1.918
26.9	 106.5	 0.000	 0.000
28.6	 106.5	 0.000	 0.000
30.5	 106.5	 0.000	 0.000
32.3	 106.5	 0.000	 0.000
34.1	 106.5	 0.000	 0.000
36.0	 106.5	 -0.577	 2.200
37.8	 106.5	 0.424	 2.059
39.5	 106.5	 0.000	 0.000
41.4	 106.5	 0.000	 0.000
43.1	 106.5	 0.518	 1.694
45.0	 106.5	 0.506	 1.683
46.8	 106.5	 0.000	 1.871
48.5	 106.5	 -0.071	 3.059
50.4	 106.5	 0.129	 2.071
52.1	 106.5	 0.282	 3.377
54.0	 106.5	 -0.129	 2.318
55.8	 106.5	 0.000	 0.000
57.5	 106.5	 0.353	 3.224
59.5	 106.5	 0.000	 0.000
61.3	 106.5	 0.000	 0.000
63.0	 106.5	 0.094	 3.177
64.8	 106.5	 0.035	 2.812
66.7	 106.5	 0.035	 2.306
68.5	 106.5	 0.000	 0.000
70.3	 106.5	 0.000	 0.000
-2.0	 108.3	 0.000	 0.000
-0.3	 108.3	 0.000	 0.000
1.5	 108.3	 0.000	 0.000
3.3	 108.3	 -0.071	 2.212
5.2	 108.3	 -0.071	 2.294
6.9	 108.3	 0.000	 0.000
8.8	 108.3	 0.000	 0.000
10.7	 108.3	 0.200	 1.812
12.4	 108.3	 0.200	 1.812
14.2	 108.3	 0.200	 2.059
16.1	 108.3	 0.188	 2.059
17.9	 108.3	 0.000	 0.000
19.6	 108.3	 0.282	 2.036
21.4	 108.3	 0.000	 0.000
23.3	 108.3	 0.000	 0.000
25.1	 108.3	 -0.094	 1.788
26.9	 108.3	 0.000	 0.000
28.6	 108.3	 0.000	 0.000
30.5	 108.3	 0.000	 0.000
32.3	 108.3	 0.000	 0.000
34.1	 108.3	 0.000	 0.000
36.0	 108.3	 0.000	 0.000
37.8	 108.3	 0.000	 0.000
39.5	 108.3	 -0.235	 1.553
41.4	 108.3	 -0.247	 2.965
43.1	 108.3	 0.000	 0.000
45.0	 108.3	 -0.365	 2.942
46.8	 108.3	 -0.247	 2.024
48.5	 108.3	 -0.647	 2.036
50.4	 108.3	 -0.400	 1.235
52.1	 108.3	 -0.165	 1.506
54.0	 108.3	 -0.024	 2.847
55.8	 108.3	 0.459	 3.236
57.5	 108.3	 0.129	 2.883
59.5	 108.3	 -0.518	 2.377
61.3	 108.3	 0.071	 3.330
63.0	 108.3	 0.000	 0.000
64.8	 108.3	 0.000	 0.000
66.7	 108.3	 0.071	 2.400
68.5	 108.3	 0.459	 2.836
70.3	 108.3	 0.000	 0.000
-2.0	 110.1	 0.000	 0.000
-0.3	 110.1	 0.000	 0.000
1.5	 110.1	 0.000	 0.000
3.3	 110.1	 -0.165	 1.459
5.2	 110.1	 0.000	 0.000
6.9	 110.1	 0.000	 0.000
8.8	 110.1	 0.000	 0.000
10.7	 110.1	 0.000	 0.000
12.4	 110.1	 0.000	 0.000
14.2	 110.1	 -0.071	 1.506
16.1	 110.1	 0.082	 1.683
17.9	 110.1	 -0.059	 1.718
19.6	 110.1	 0.000	 0.000
21.4	 110.1	 0.000	 0.000
23.3	 110.1	 0.000	 0.000
25.1	 110.1	 0.000	 0.000
26.9	 110.1	 0.000	 0.000
28.6	 110.1	 0.000	 0.000
30.5	 110.1	 0.000	 0.000
32.3	 110.1	 0.000	 0.000
34.1	 110.1	 0.000	 0.000
36.0	 110.1	 0.000	 0.000
37.8	 110.1	 -0.082	 2.906
39.5	 110.1	 0.012	 2.141
41.4	 110.1	 0.000	 0.000
43.1	 110.1	 -0.094	 2.894
45.0	 110.1	 -0.318	 2.942
46.8	 110.1	 -0.035	 3.118
48.5	 110.1	 0.000	 0.000
50.4	 110.1	 -0.188	 3.200
52.1	 110.1	 0.035	 3.000
54.0	 110.1	 0.000	 0.000
55.8	 110.1	 0.577	 3.295
57.5	 110.1	 0.494	 3.094
59.5	 110.1	 -0.271	 2.283
61.3	 110.1	 -0.271	 2.400
63.0	 110.1	 0.000	 0.000
64.8	 110.1	 0.000	 0.000
66.7	 110.1	 0.000	 0.000
68.5	 110.1	 -0.165	 2.283
70.3	 110.1	 0.000	 0.000
-2.0	 112.0	 0.000	 0.000
-0.3	 112.0	 0.000	 0.000
1.5	 112.0	 -0.082	 2.212
3.3	 112.0	 -0.082	 2.212
5.2	 112.0	 0.000	 0.000
6.9	 112.0	 0.000	 0.000
8.8	 112.0	 0.000	 0.000
10.7	 112.0	 0.000	 0.000
12.4	 112.0	 0.000	 0.000
14.2	 112.0	 0.000	 0.000
16.1	 112.0	 0.000	 0.000
17.9	 112.0	 0.000	 0.000
19.6	 112.0	 0.000	 0.000
21.4	 112.0	 0.000	 0.000
23.3	 112.0	 0.000	 0.000
25.1	 112.0	 0.000	 0.000
26.9	 112.0	 0.000	 0.000
28.6	 112.0	 0.000	 0.000
30.5	 112.0	 -0.400	 2.836
32.3	 112.0	 0.000	 0.000
34.1	 112.0	 0.000	 0.000
36.0	 112.0	 0.000	 0.000
37.8	 112.0	 0.000	 0.000
39.5	 112.0	 0.012	 2.141
41.4	 112.0	 -0.059	 2.918
43.1	 112.0	 0.000	 0.000
45.0	 112.0	 0.000	 0.000
46.8	 112.0	 -0.012	 2.683
48.5	 112.0	 -0.930	 1.600
50.4	 112.0	 -0.141	 3.024
52.1	 112.0	 0.000	 0.000
54.0	 112.0	 0.000	 0.000
55.8	 112.0	 -0.176	 2.989
57.5	 112.0	 0.071	 2.965
59.5	 112.0	 0.247	 1.718
61.3	 112.0	 0.482	 2.306
63.0	 112.0	 0.000	 0.000
64.8	 112.0	 0.000	 0.000
66.7	 112.0	 1.235	 3.283
68.5	 112.0	 0.000	 0.000
70.3	 112.0	 0.000	 0.012
-2.0	 113.8	 0.000	 0.000
-0.3	 113.8	 0.000	 0.000
1.5	 113.8	 -0.082	 2.236
3.3	 113.8	 -0.094	 2.188
5.2	 113.8	 0.000	 0.000
6.9	 113.8	 0.188	 1.541
8.8	 113.8	 -0.247	 2.247
10.7	 113.8	 -0.176	 2.224
12.4	 113.8	 0.000	 0.000
14.2	 113.8	 0.000	 0.000
16.1	 113.8	 0.000	 0.000
17.9	 113.8	 0.000	 0.000
19.6	 113.8	 0.118	 1.577
21.4	 113.8	 -0.329	 2.165
23.3	 113.8	 -0.271	 2.165
25.1	 113.8	 0.000	 0.000
26.9	 113.8	 0.000	 0.000
28.6	 113.8	 0.000	 0.000
30.5	 113.8	 0.000	 0.000
32.3	 113.8	 0.000	 0.000
34.1	 113.8	 -0.024	 1.647
36.0	 113.8	 0.000	 0.000
37.8	 113.8	 -0.471	 2.671
39.5	 113.8	 0.000	 0.000
41.4	 113.8	 0.000	 0.000
43.1	 113.8	 0.294	 2.624
45.0	 113.8	 0.294	 2.624
46.8	 113.8	 -0.188	 3.000
48.5	 113.8	 0.000	 0.000
50.4	 113.8	 0.082	 2.859
52.1	 113.8	 -0.035	 2.883
54.0	 113.8	 -0.165	 2.883
55.8	 113.8	 0.176	 3.553
57.5	 113.8	 0.176	 2.341
59.5	 113.8	 0.188	 2.671
61.3	 113.8	 0.012	 2.942
63.0	 113.8	 0.000	 0.000
64.8	 113.8	 0.271	 2.071
66.7	 113.8	 0.259	 3.036
68.5	 113.8	 0.047	 2.541
70.3	 113.8	 0.000	 0.000
-2.0	 115.6	 0.000	 0.000
-0.3	 115.6	 0.000	 0.000
1.5	 115.6	 0.000	 0.000
3.3	 115.6	 0.000	 0.000
5.2	 115.6	 0.000	 0.000
6.9	 115.6	 0.000	 0.000
8.8	 115.6	 0.000	 0.000
10.7	 115.6	 0.000	 0.000
12.4	 115.6	 0.000	 0.000
14.2	 115.6	 0.000	 0.000
16.1	 115.6	 0.000	 0.000
17.9	 115.6	 0.000	 0.000
19.6	 115.6	 0.000	 0.000
21.4	 115.6	 -0.212	 2.659
23.3	 115.6	 0.000	 0.000
25.1	 115.6	 0.000	 0.000
26.9	 115.6	 0.000	 0.000
28.6	 115.6	 0.000	 0.000
30.5	 115.6	 0.000	 0.000
32.3	 115.6	 0.000	 0.000
34.1	 115.6	 0.000	 0.000
36.0	 115.6	 0.000	 0.000
37.8	 115.6	 -0.459	 2.671
39.5	 115.6	 0.000	 0.000
41.4	 115.6	 0.000	 0.000
43.1	 115.6	 -0.106	 1.953
45.0	 115.6	 -0.106	 1.977
46.8	 115.6	 0.000	 0.000
48.5	 115.6	 -0.071	 3.012
50.4	 115.6	 -0.165	 2.106
52.1	 115.6	 0.024	 1.777
54.0	 115.6	 0.000	 0.000
55.8	 115.6	 0.000	 0.000
57.5	 115.6	 0.000	 0.000
59.5	 115.6	 0.000	 0.000
61.3	 115.6	 0.000	 0.000
63.0	 115.6	 0.212	 2.800
64.8	 115.6	 0.000	 0.000
66.7	 115.6	 0.000	 0.000
68.5	 115.6	 0.000	 0.000
70.3	 115.6	 0.000	 0.000
-2.0	 117.3	 0.000	 0.000
-0.3	 117.3	 0.000	 0.000
1.5	 117.3	 0.000	 0.000
3.3	 117.3	 0.000	 0.000
5.2	 117.3	 0.000	 0.000
6.9	 117.3	 0.000	 0.000
8.8	 117.3	 0.000	 0.000
10.7	 117.3	 0.000	 0.000
12.4	 117.3	 0.000	 0.000
14.2	 117.3	 0.635	 2.918
16.1	 117.3	 0.000	 0.000
17.9	 117.3	 0.000	 0.000
19.6	 117.3	 -0.847	 2.483
21.4	 117.3	 -0.341	 1.741
23.3	 117.3	 0.729	 2.177
25.1	 117.3	 0.000	 0.000
26.9	 117.3	 0.000	 0.000
28.6	 117.3	 0.000	 0.000
30.5	 117.3	 0.000	 0.000
32.3	 117.3	 0.000	 0.000
34.1	 117.3	 0.000	 0.000
36.0	 117.3	 0.000	 0.000
37.8	 117.3	 0.577	 1.459
39.5	 117.3	 0.000	 0.000
41.4	 117.3	 0.000	 0.000
43.1	 117.3	 -0.118	 1.494
45.0	 117.3	 -0.094	 1.494
46.8	 117.3	 0.000	 0.000
48.5	 117.3	 0.000	 0.000
50.4	 117.3	 -0.176	 2.083
52.1	 117.3	 0.000	 0.000
54.0	 117.3	 -0.212	 3.071
55.8	 117.3	 -0.306	 3.130
57.5	 117.3	 0.000	 0.000
59.5	 117.3	 0.577	 2.636
61.3	 117.3	 -0.165	 2.389
63.0	 117.3	 -0.200	 1.612
64.8	 117.3	 0.000	 0.000
66.7	 117.3	 -0.600	 2.459
68.5	 117.3	 0.129	 1.824
70.3	 117.3	 0.000	 0.000
-2.0	 119.2	 0.000	 0.000
-0.3	 119.2	 0.000	 0.000
1.5	 119.2	 0.000	 0.000
3.3	 119.2	 0.000	 0.000
5.2	 119.2	 0.000	 0.000
6.9	 119.2	 0.000	 0.000
8.8	 119.2	 0.000	 0.000
10.7	 119.2	 0.000	 0.000
12.4	 119.2	 0.000	 0.000
14.2	 119.2	 0.000	 0.000
16.1	 119.2	 0.000	 0.000
17.9	 119.2	 0.412	 1.671
19.6	 119.2	 0.000	 0.000
21.4	 119.2	 0.000	 2.283
23.3	 119.2	 -0.012	 2.177
25.1	 119.2	 0.000	 0.000
26.9	 119.2	 -1.365	 0.094
28.6	 119.2	 0.388	 1.718
30.5	 119.2	 -0.612	 1.483
32.3	 119.2	 -0.588	 1.471
34.1	 119.2	 0.000	 0.000
36.0	 119.2	 0.000	 0.000
37.8	 119.2	 0.000	 0.000
39.5	 119.2	 0.000	 0.000
41.4	 119.2	 0.000	 0.000
43.1	 119.2	 0.000	 0.000
45.0	 119.2	 0.000	 0.000
46.8	 119.2	 0.000	 0.000
48.5	 119.2	 0.000	 0.000
50.4	 119.2	 0.000	 0.000
52.1	 119.2	 0.000	 0.000
54.0	 119.2	 -0.082	 1.871
55.8	 119.2	 -0.353	 2.000
57.5	 119.2	 0.059	 3.506
59.5	 119.2	 0.459	 3.553
61.3	 119.2	 0.000	 0.000
63.0	 119.2	 0.118	 2.765
64.8	 119.2	 0.282	 2.730
66.7	 119.2	 -0.082	 2.412
68.5	 119.2	 -0.153	 2.400
70.3	 119.2	 0.000	 0.000
-2.0	 121.0	 0.000	 0.000
-0.3	 121.0	 0.000	 0.000
1.5	 121.0	 0.000	 0.000
3.3	 121.0	 0.000	 0.000
5.2	 121.0	 0.000	 0.000
6.9	 121.0	 0.000	 0.000
8.8	 121.0	 0.000	 0.000
10.7	 121.0	 0.000	 0.000
12.4	 121.0	 0.000	 0.000
14.2	 121.0	 0.000	 0.000
16.1	 121.0	 0.000	 0.000
17.9	 121.0	 0.412	 1.683
19.6	 121.0	 0.000	 0.000
21.4	 121.0	 0.000	 0.000
23.3	 121.0	 0.000	 0.000
25.1	 121.0	 -0.482	 2.224
26.9	 121.0	 -0.812	 2.271
28.6	 121.0	 0.000	 0.000
30.5	 121.0	 0.000	 0.000
32.3	 121.0	 0.000	 0.000
34.1	 121.0	 0.000	 0.000
36.0	 121.0	 0.000	 0.000
37.8	 121.0	 0.000	 0.000
39.5	 121.0	 0.000	 0.000
41.4	 121.0	 0.000	 0.000
43.1	 121.0	 0.000	 0.000
45.0	 121.0	 -0.306	 2.977
46.8	 121.0	 0.000	 0.000
48.5	 121.0	 0.000	 0.000
50.4	 121.0	 0.000	 0.000
52.1	 121.0	 0.000	 0.000
54.0	 121.0	 -0.059	 1.965
55.8	 121.0	 -0.329	 1.918
57.5	 121.0	 -0.271	 2.118
59.5	 121.0	 0.271	 2.894
61.3	 121.0	 0.282	 2.894
63.0	 121.0	 0.059	 2.341
64.8	 121.0	 0.000	 0.000
66.7	 121.0	 -0.176	 2.624
68.5	 121.0	 -0.224	 2.459
70.3	 121.0	 0.000	 0.000
-2.0	 122.8	 0.000	 0.000
-0.3	 122.8	 0.000	 0.000
1.5	 122.8	 0.000	 0.000
3.3	 122.8	 0.012	 1.635
5.2	 122.8	 0.000	 0.000
6.9	 122.8	 0.000	 0.000
8.8	 122.8	 0.000	 0.000
10.7	 122.8	 0.000	 0.000
12.4	 122.8	 0.000	 0.000
14.2	 122.8	 0.000	 0.000
16.1	 122.8	 0.000	 0.000
17.9	 122.8	 0.000	 0.000
19.6	 122.8	 0.000	 0.000
21.4	 122.8	 0.000	 0.000
23.3	 122.8	 0.000	 0.000
25.1	 122.8	 0.000	 0.000
26.9	 122.8	 0.000	 0.000
28.6	 122.8	 0.000	 0.000
30.5	 122.8	 0.000	 0.000
32.3	 122.8	 0.000	 0.000
34.1	 122.8	 0.000	 0.000
36.0	 122.8	 0.000	 0.000
37.8	 122.8	 0.000	 0.000
39.5	 122.8	 0.000	 0.000
41.4	 122.8	 0.000	 0.000
43.1	 122.8	 0.000	 0.000
45.0	 122.8	 0.000	 0.000
46.8	 122.8	 0.000	 0.000
48.5	 122.8	 0.000	 0.000
50.4	 122.8	 0.000	 0.000
52.1	 122.8	 0.000	 0.000
54.0	 122.8	 0.000	 0.000
55.8	 122.8	 0.000	 0.000
57.5	 122.8	 -0.729	 -4.412
59.5	 122.8	 0.094	 3.047
61.3	 122.8	 0.000	 0.000
63.0	 122.8	 0.012	 1.741
64.8	 122.8	 0.000	 0.000
66.7	 122.8	 0.000	 0.000
68.5	 122.8	 0.000	 0.000
70.3	 122.8	 0.000	 0.000
-2.0	 124.6	 0.000	 0.000
-0.3	 124.6	 0.000	 0.000
1.5	 124.6	 0.000	 0.000
3.3	 124.6	 0.082	 1.694
5.2	 124.6	 0.000	 0.000
6.9	 124.6	 0.000	 0.000
8.8	 124.6	 0.000	 0.000
10.7	 124.6	 0.000	 0.000
12.4	 124.6	 0.000	 0.000
14.2	 124.6	 0.000	 0.000
16.1	 124.6	 0.000	 0.000
17.9	 124.6	 0.000	 0.000
19.6	 124.6	 0.000	 0.000
21.4	 124.6	 0.000	 0.000
23.3	 124.6	 0.000	 0.000
25.1	 124.6	 0.000	 0.000
26.9	 124.6	 0.000	 0.000
28.6	 124.6	 0.000	 0.000
30.5	 124.6	 0.000	 0.000
32.3	 124.6	 0.000	 0.000
34.1	 124.6	 0.000	 0.000
36.0	 124.6	 0.000	 0.000
37.8	 124.6	 0.000	 0.000
39.5	 124.6	 0.000	 0.000
41.4	 124.6	 0.000	 0.000
43.1	 124.6	 0.000	 0.000
45.0	 124.6	 0.000	 0.000
46.8	 124.6	 0.000	 0.000
48.5	 124.6	 0.000	 0.000
50.4	 124.6	 0.000	 0.000
52.1	 124.6	 0.000	 0.000
54.0	 124.6	 0.000	 0.000
55.8	 124.6	 0.047	 2.847
57.5	 124.6	 0.047	 2.836
59.5	 124.6	 -0.024	 2.883
61.3	 124.6	 -0.682	 2.283
63.0	 124.6	 0.000	 2.800
64.8	 124.6	 -0.165	 2.836
66.7	 124.6	 -0.235	 2.424
68.5	 124.6	 0.000	 0.000
70.3	 124.6	 0.000	 0.000
