-3.5	 50.8	 0.000	 0.000
-1.7	 50.8	 0.000	 0.000
0.1	 50.8	 0.000	 0.000
1.8	 50.8	 -0.047	 -0.549
3.7	 50.8	 0.023	 -0.514
5.5	 50.8	 -0.012	 -0.561
7.2	 50.8	 -0.117	 -0.619
9.0	 50.8	 0.000	 -0.234
10.8	 50.8	 -0.047	 -0.537
12.6	 50.8	 -0.035	 -0.537
14.3	 50.8	 -0.058	 -0.561
16.2	 50.8	 -0.152	 -0.397
18.0	 50.8	 -0.047	 -0.526
19.8	 50.8	 -0.012	 -0.327
21.6	 50.8	 0.023	 -0.082
23.3	 50.8	 -0.047	 -0.199
25.2	 50.8	 -0.070	 -0.152
27.0	 50.8	 -0.047	 -0.187
28.8	 50.8	 0.070	 -0.128
30.6	 50.8	 -0.035	 -0.175
32.3	 50.8	 -0.035	 -0.199
34.2	 50.8	 0.012	 -0.164
35.8	 50.8	 0.035	 -0.128
37.7	 50.8	 0.023	 -0.140
39.5	 50.8	 0.012	 -0.128
41.3	 50.8	 0.070	 -0.234
43.1	 50.8	 -0.023	 -0.269
44.8	 50.8	 0.023	 -0.432
46.7	 50.8	 0.000	 0.000
48.5	 50.8	 0.000	 0.000
50.3	 50.8	 0.000	 0.000
52.1	 50.8	 0.199	 -0.514
53.8	 50.8	 0.199	 -0.234
55.7	 50.8	 0.199	 -0.152
57.5	 50.8	 0.152	 -0.210
59.3	 50.8	 0.035	 -0.175
61.1	 50.8	 0.023	 -0.222
62.8	 50.8	 0.000	 -0.362
64.6	 50.8	 -0.023	 -0.292
66.3	 50.8	 0.000	 -0.584
68.2	 50.8	 0.000	 0.000
-3.5	 52.6	 0.000	 0.000
-1.7	 52.6	 0.000	 0.000
0.1	 52.6	 -0.035	 -0.689
1.8	 52.6	 -0.023	 -0.549
3.7	 52.6	 -0.023	 -0.596
5.5	 52.6	 -0.023	 -0.631
7.2	 52.6	 -0.012	 -0.642
9.0	 52.6	 -0.023	 -0.631
10.8	 52.6	 -0.023	 -0.479
12.6	 52.6	 -0.047	 -0.561
14.3	 52.6	 -0.058	 -0.514
16.2	 52.6	 -0.117	 -0.385
18.0	 52.6	 -0.047	 -0.537
19.8	 52.6	 -0.058	 -0.514
21.6	 52.6	 -0.058	 -0.280
23.3	 52.6	 -0.035	 -0.257
25.2	 52.6	 0.000	 -0.210
27.0	 52.6	 -0.012	 -0.199
28.8	 52.6	 0.000	 -0.175
30.6	 52.6	 -0.023	 -0.164
32.3	 52.6	 0.012	 -0.164
34.2	 52.6	 0.035	 -0.175
35.8	 52.6	 0.023	 -0.140
37.7	 52.6	 0.023	 -0.187
39.5	 52.6	 0.058	 -0.210
41.3	 52.6	 0.012	 -0.164
43.1	 52.6	 0.164	 -0.199
44.8	 52.6	 0.035	 -0.409
46.7	 52.6	 0.000	 0.000
48.5	 52.6	 -0.222	 -0.666
50.3	 52.6	 0.000	 0.000
52.1	 52.6	 0.000	 0.000
53.8	 52.6	 0.164	 -0.455
55.7	 52.6	 0.128	 -0.164
57.5	 52.6	 0.269	 -0.444
59.3	 52.6	 0.070	 -0.339
61.1	 52.6	 -0.047	 -0.362
62.8	 52.6	 0.000	 -0.327
64.6	 52.6	 0.012	 -0.420
66.3	 52.6	 0.000	 0.000
68.2	 52.6	 0.023	 0.677
-3.5	 54.4	 0.000	 0.000
-1.7	 54.4	 0.000	 0.000
0.1	 54.4	 0.000	 0.000
1.8	 54.4	 -0.035	 -0.572
3.7	 54.4	 -0.023	 -0.561
5.5	 54.4	 -0.012	 -0.584
7.2	 54.4	 -0.023	 -0.631
9.0	 54.4	 -0.035	 -0.631
10.8	 54.4	 -0.058	 -0.596
12.6	 54.4	 -0.058	 -0.596
14.3	 54.4	 -0.047	 -0.584
16.2	 54.4	 -0.058	 -0.561
18.0	 54.4	 -0.047	 -0.537
19.8	 54.4	 -0.047	 -0.526
21.6	 54.4	 -0.070	 -0.455
23.3	 54.4	 -0.070	 -0.187
25.2	 54.4	 -0.058	 -0.152
27.0	 54.4	 0.000	 -0.245
28.8	 54.4	 -0.023	 -0.152
30.6	 54.4	 0.000	 -0.152
32.3	 54.4	 0.023	 -0.187
34.2	 54.4	 0.047	 -0.175
35.8	 54.4	 0.035	 -0.199
37.7	 54.4	 -0.012	 -0.175
39.5	 54.4	 0.058	 -0.245
41.3	 54.4	 -0.058	 -0.222
43.1	 54.4	 0.000	 0.000
44.8	 54.4	 0.140	 -0.350
46.7	 54.4	 0.023	 -0.164
48.5	 54.4	 -0.070	 -0.117
50.3	 54.4	 0.105	 0.128
52.1	 54.4	 0.012	 -0.047
53.8	 54.4	 0.082	 -0.222
55.7	 54.4	 0.257	 -0.070
57.5	 54.4	 0.035	 -0.374
59.3	 54.4	 0.187	 -0.374
61.1	 54.4	 -0.058	 -0.152
62.8	 54.4	 0.023	 -0.222
64.6	 54.4	 0.058	 -0.432
66.3	 54.4	 0.000	 0.000
68.2	 54.4	 0.000	 0.000
-3.5	 56.1	 0.000	 0.000
-1.7	 56.1	 0.000	 0.000
0.1	 56.1	 0.000	 0.000
1.8	 56.1	 -0.047	 -0.572
3.7	 56.1	 -0.023	 -0.572
5.5	 56.1	 -0.023	 -0.596
7.2	 56.1	 -0.023	 -0.619
9.0	 56.1	 -0.035	 -0.619
10.8	 56.1	 -0.023	 -0.619
12.6	 56.1	 -0.035	 -0.549
14.3	 56.1	 -0.047	 -0.491
16.2	 56.1	 -0.035	 -0.479
18.0	 56.1	 -0.023	 -0.549
19.8	 56.1	 -0.058	 -0.491
21.6	 56.1	 -0.140	 -0.315
23.3	 56.1	 -0.140	 -0.199
25.2	 56.1	 -0.070	 -0.234
27.0	 56.1	 -0.035	 -0.210
28.8	 56.1	 -0.035	 -0.164
30.6	 56.1	 0.058	 -0.140
32.3	 56.1	 0.047	 -0.187
34.2	 56.1	 0.058	 -0.175
35.8	 56.1	 0.023	 -0.164
37.7	 56.1	 0.047	 -0.164
39.5	 56.1	 0.035	 -0.234
41.3	 56.1	 -0.035	 -0.117
43.1	 56.1	 -0.058	 0.175
44.8	 56.1	 0.374	 -0.362
46.7	 56.1	 0.117	 -0.117
48.5	 56.1	 0.339	 -0.210
50.3	 56.1	 0.222	 -0.234
52.1	 56.1	 0.514	 -0.128
53.8	 56.1	 0.093	 0.152
55.7	 56.1	 0.269	 0.526
57.5	 56.1	 0.058	 -0.444
59.3	 56.1	 0.152	 -0.257
61.1	 56.1	 -0.117	 -0.292
62.8	 56.1	 0.058	 -0.385
64.6	 56.1	 0.035	 -0.455
66.3	 56.1	 0.000	 0.000
68.2	 56.1	 0.000	 0.000
-3.5	 57.9	 0.000	 0.000
-1.7	 57.9	 0.000	 0.000
0.1	 57.9	 0.000	 0.000
1.8	 57.9	 0.012	 -0.502
3.7	 57.9	 0.023	 -0.514
5.5	 57.9	 -0.035	 -0.619
7.2	 57.9	 -0.035	 -0.642
9.0	 57.9	 -0.035	 -0.607
10.8	 57.9	 -0.082	 -0.444
12.6	 57.9	 -0.035	 -0.572
14.3	 57.9	 -0.023	 -0.467
16.2	 57.9	 -0.047	 -0.292
18.0	 57.9	 -0.047	 -0.537
19.8	 57.9	 -0.058	 -0.315
21.6	 57.9	 -0.093	 -0.362
23.3	 57.9	 -0.082	 -0.280
25.2	 57.9	 -0.058	 -0.257
27.0	 57.9	 -0.047	 -0.245
28.8	 57.9	 -0.012	 -0.175
30.6	 57.9	 -0.023	 -0.152
32.3	 57.9	 0.000	 -0.082
34.2	 57.9	 0.000	 -0.175
35.8	 57.9	 0.000	 -0.152
37.7	 57.9	 0.082	 -0.175
39.5	 57.9	 0.070	 -0.210
41.3	 57.9	 0.047	 -0.128
43.1	 57.9	 0.082	 -0.199
44.8	 57.9	 0.257	 -0.280
46.7	 57.9	 0.070	 -0.269
48.5	 57.9	 0.152	 -0.222
50.3	 57.9	 0.105	 -0.140
52.1	 57.9	 0.117	 -0.199
53.8	 57.9	 -0.035	 -0.128
55.7	 57.9	 -0.035	 -0.572
57.5	 57.9	 0.047	 -0.187
59.3	 57.9	 0.070	 -0.128
61.1	 57.9	 -0.105	 -0.199
62.8	 57.9	 -0.012	 -0.327
64.6	 57.9	 0.105	 -0.374
66.3	 57.9	 0.000	 0.000
68.2	 57.9	 0.000	 0.000
-3.5	 59.8	 0.000	 0.000
-1.7	 59.8	 0.000	 0.000
0.1	 59.8	 0.000	 0.000
1.8	 59.8	 0.035	 -0.455
3.7	 59.8	 0.105	 -0.362
5.5	 59.8	 -0.035	 -0.514
7.2	 59.8	 -0.058	 -0.514
9.0	 59.8	 -0.047	 -0.596
10.8	 59.8	 -0.047	 -0.619
12.6	 59.8	 -0.035	 -0.537
14.3	 59.8	 -0.012	 -0.537
16.2	 59.8	 -0.035	 -0.444
18.0	 59.8	 -0.047	 -0.514
19.8	 59.8	 -0.070	 -0.385
21.6	 59.8	 -0.093	 -0.187
23.3	 59.8	 -0.058	 -0.187
25.2	 59.8	 -0.047	 -0.222
27.0	 59.8	 0.093	 -0.152
28.8	 59.8	 -0.035	 -0.199
30.6	 59.8	 -0.047	 -0.117
32.3	 59.8	 0.000	 -0.070
34.2	 59.8	 0.000	 -0.093
35.8	 59.8	 0.000	 -0.175
37.7	 59.8	 0.035	 -0.199
39.5	 59.8	 0.058	 -0.175
41.3	 59.8	 0.128	 -0.128
43.1	 59.8	 0.140	 -0.280
44.8	 59.8	 0.128	 -0.199
46.7	 59.8	 0.117	 -0.164
48.5	 59.8	 0.082	 -0.128
50.3	 59.8	 0.128	 -0.117
52.1	 59.8	 0.105	 -0.082
53.8	 59.8	 0.140	 -0.035
55.7	 59.8	 0.082	 -0.210
57.5	 59.8	 0.070	 -0.070
59.3	 59.8	 0.082	 -0.199
61.1	 59.8	 0.128	 -0.222
62.8	 59.8	 0.070	 -0.444
64.6	 59.8	 0.058	 -0.327
66.3	 59.8	 0.000	 0.000
68.2	 59.8	 0.000	 0.000
-3.5	 61.4	 0.000	 0.000
-1.7	 61.4	 0.000	 0.000
0.1	 61.4	 0.000	 0.000
1.8	 61.4	 0.023	 -0.584
3.7	 61.4	 -0.023	 -0.467
5.5	 61.4	 -0.035	 -0.491
7.2	 61.4	 -0.047	 -0.561
9.0	 61.4	 -0.023	 -0.607
10.8	 61.4	 -0.023	 -0.596
12.6	 61.4	 -0.023	 -0.549
14.3	 61.4	 -0.058	 -0.549
16.2	 61.4	 -0.058	 -0.561
18.0	 61.4	 -0.058	 -0.526
19.8	 61.4	 -0.047	 -0.455
21.6	 61.4	 -0.047	 -0.374
23.3	 61.4	 -0.199	 -0.047
25.2	 61.4	 0.023	 -0.140
27.0	 61.4	 -0.035	 -0.245
28.8	 61.4	 -0.058	 -0.082
30.6	 61.4	 -0.023	 -0.070
32.3	 61.4	 -0.012	 -0.152
34.2	 61.4	 0.023	 -0.128
35.8	 61.4	 0.047	 -0.128
37.7	 61.4	 0.047	 -0.164
39.5	 61.4	 0.035	 -0.140
41.3	 61.4	 0.058	 -0.152
43.1	 61.4	 0.128	 -0.164
44.8	 61.4	 0.175	 -0.082
46.7	 61.4	 0.117	 -0.152
48.5	 61.4	 0.093	 -0.093
50.3	 61.4	 0.093	 -0.140
52.1	 61.4	 0.117	 -0.070
53.8	 61.4	 0.082	 -0.058
55.7	 61.4	 0.035	 -0.187
57.5	 61.4	 0.035	 -0.082
59.3	 61.4	 0.082	 -0.093
61.1	 61.4	 0.058	 -0.362
62.8	 61.4	 -0.070	 -0.467
64.6	 61.4	 0.000	 -0.467
66.3	 61.4	 0.000	 0.000
68.2	 61.4	 0.000	 0.000
-3.5	 63.3	 0.000	 0.000
-1.7	 63.3	 0.000	 0.000
0.1	 63.3	 0.000	 0.000
1.8	 63.3	 -0.035	 -0.619
3.7	 63.3	 -0.035	 -0.479
5.5	 63.3	 -0.035	 -0.561
7.2	 63.3	 -0.035	 -0.619
9.0	 63.3	 -0.047	 -0.607
10.8	 63.3	 -0.035	 -0.572
12.6	 63.3	 -0.047	 -0.374
14.3	 63.3	 -0.035	 -0.257
16.2	 63.3	 -0.035	 -0.549
18.0	 63.3	 -0.047	 -0.514
19.8	 63.3	 -0.047	 -0.432
21.6	 63.3	 -0.012	 -0.420
23.3	 63.3	 -0.292	 -0.128
25.2	 63.3	 0.000	 -0.082
27.0	 63.3	 -0.082	 -0.082
28.8	 63.3	 -0.047	 -0.082
30.6	 63.3	 0.000	 -0.140
32.3	 63.3	 -0.023	 -0.175
34.2	 63.3	 0.035	 -0.210
35.8	 63.3	 0.023	 -0.152
37.7	 63.3	 0.058	 -0.164
39.5	 63.3	 0.058	 -0.175
41.3	 63.3	 0.035	 -0.128
43.1	 63.3	 0.152	 -0.117
44.8	 63.3	 0.164	 -0.117
46.7	 63.3	 0.164	 -0.093
48.5	 63.3	 0.140	 -0.093
50.3	 63.3	 0.175	 -0.070
52.1	 63.3	 0.093	 -0.023
53.8	 63.3	 0.117	 -0.070
55.7	 63.3	 0.058	 -0.105
57.5	 63.3	 -0.012	 -0.093
59.3	 63.3	 0.245	 -0.187
61.1	 63.3	 0.117	 -0.292
62.8	 63.3	 -0.012	 -0.444
64.6	 63.3	 0.047	 -0.561
66.3	 63.3	 0.000	 0.000
68.2	 63.3	 0.000	 0.000
-3.5	 65.1	 0.000	 0.000
-1.7	 65.1	 0.000	 0.000
0.1	 65.1	 0.000	 0.000
1.8	 65.1	 -0.012	 -0.561
3.7	 65.1	 -0.047	 -0.549
5.5	 65.1	 -0.058	 -0.584
7.2	 65.1	 -0.023	 -0.561
9.0	 65.1	 -0.023	 -0.514
10.8	 65.1	 -0.035	 -0.455
12.6	 65.1	 -0.047	 -0.491
14.3	 65.1	 -0.093	 -0.012
16.2	 65.1	 -0.035	 -0.152
18.0	 65.1	 -0.058	 -0.491
19.8	 65.1	 -0.070	 -0.374
21.6	 65.1	 -0.047	 -0.374
23.3	 65.1	 -0.082	 -0.339
25.2	 65.1	 -0.058	 -0.234
27.0	 65.1	 -0.093	 -0.117
28.8	 65.1	 -0.035	 -0.082
30.6	 65.1	 -0.012	 -0.105
32.3	 65.1	 -0.012	 -0.152
34.2	 65.1	 0.070	 -0.175
35.8	 65.1	 0.047	 -0.117
37.7	 65.1	 0.023	 -0.140
39.5	 65.1	 0.093	 -0.187
41.3	 65.1	 0.058	 -0.128
43.1	 65.1	 0.105	 -0.175
44.8	 65.1	 0.047	 -0.093
46.7	 65.1	 0.093	 -0.082
48.5	 65.1	 0.105	 -0.082
50.3	 65.1	 0.140	 -0.058
52.1	 65.1	 0.105	 -0.047
53.8	 65.1	 0.164	 -0.058
55.7	 65.1	 0.164	 -0.012
57.5	 65.1	 0.082	 -0.035
59.3	 65.1	 0.035	 -0.152
61.1	 65.1	 0.035	 -0.222
62.8	 65.1	 -0.035	 -0.502
64.6	 65.1	 0.000	 -0.549
66.3	 65.1	 0.000	 0.000
68.2	 65.1	 0.000	 0.000
-3.5	 66.9	 0.000	 0.000
-1.7	 66.9	 0.000	 0.000
0.1	 66.9	 0.000	 0.000
1.8	 66.9	 -0.012	 -0.432
3.7	 66.9	 -0.012	 -0.502
5.5	 66.9	 -0.035	 -0.502
7.2	 66.9	 -0.175	 -0.117
9.0	 66.9	 -0.093	 -0.491
10.8	 66.9	 -0.035	 -0.526
12.6	 66.9	 -0.035	 -0.467
14.3	 66.9	 -0.047	 -0.537
16.2	 66.9	 -0.047	 -0.526
18.0	 66.9	 -0.035	 -0.479
19.8	 66.9	 -0.058	 -0.350
21.6	 66.9	 -0.023	 -0.128
23.3	 66.9	 -0.035	 -0.199
25.2	 66.9	 -0.012	 -0.105
27.0	 66.9	 -0.047	 -0.070
28.8	 66.9	 -0.012	 -0.164
30.6	 66.9	 0.012	 -0.093
32.3	 66.9	 0.070	 -0.023
34.2	 66.9	 0.117	 -0.082
35.8	 66.9	 0.023	 -0.175
37.7	 66.9	 0.058	 -0.199
39.5	 66.9	 0.117	 -0.164
41.3	 66.9	 0.070	 -0.093
43.1	 66.9	 0.070	 -0.128
44.8	 66.9	 0.070	 -0.152
46.7	 66.9	 0.117	 -0.199
48.5	 66.9	 0.058	 -0.070
50.3	 66.9	 0.152	 -0.105
52.1	 66.9	 0.140	 -0.082
53.8	 66.9	 0.140	 -0.070
55.7	 66.9	 0.199	 -0.070
57.5	 66.9	 0.047	 -0.058
59.3	 66.9	 0.070	 -0.152
61.1	 66.9	 0.000	 -0.175
62.8	 66.9	 0.082	 -0.455
64.6	 66.9	 -0.012	 -0.514
66.3	 66.9	 0.000	 0.000
68.2	 66.9	 0.000	 0.000
-3.5	 68.6	 0.000	 0.000
-1.7	 68.6	 0.000	 0.000
0.1	 68.6	 0.000	 0.000
1.8	 68.6	 0.047	 -0.339
3.7	 68.6	 -0.012	 -0.420
5.5	 68.6	 -0.047	 -0.315
7.2	 68.6	 -0.070	 -0.023
9.0	 68.6	 -0.035	 -0.234
10.8	 68.6	 0.000	 -0.491
12.6	 68.6	 -0.023	 -0.502
14.3	 68.6	 -0.047	 -0.502
16.2	 68.6	 -0.023	 -0.432
18.0	 68.6	 -0.070	 -0.374
19.8	 68.6	 -0.082	 -0.292
21.6	 68.6	 -0.070	 -0.269
23.3	 68.6	 -0.035	 -0.175
25.2	 68.6	 -0.047	 -0.128
27.0	 68.6	 -0.093	 -0.070
28.8	 68.6	 -0.035	 -0.128
30.6	 68.6	 0.023	 -0.093
32.3	 68.6	 0.012	 -0.058
34.2	 68.6	 0.070	 -0.047
35.8	 68.6	 0.035	 -0.152
37.7	 68.6	 0.093	 -0.117
39.5	 68.6	 0.117	 -0.128
41.3	 68.6	 0.082	 -0.152
43.1	 68.6	 0.070	 -0.140
44.8	 68.6	 0.093	 -0.140
46.7	 68.6	 0.105	 -0.128
48.5	 68.6	 0.035	 -0.082
50.3	 68.6	 0.117	 -0.070
52.1	 68.6	 0.093	 -0.047
53.8	 68.6	 0.152	 -0.070
55.7	 68.6	 0.082	 -0.070
57.5	 68.6	 0.023	 -0.070
59.3	 68.6	 0.058	 -0.070
61.1	 68.6	 0.047	 -0.257
62.8	 68.6	 0.035	 -0.479
64.6	 68.6	 -0.012	 -0.409
66.3	 68.6	 0.000	 0.000
68.2	 68.6	 0.000	 0.000
-3.5	 70.4	 0.000	 0.000
-1.7	 70.4	 0.000	 0.000
0.1	 70.4	 0.000	 0.000
1.8	 70.4	 0.058	 -0.397
3.7	 70.4	 -0.058	 -0.292
5.5	 70.4	 -0.093	 -0.175
7.2	 70.4	 -0.058	 -0.175
9.0	 70.4	 -0.023	 -0.409
10.8	 70.4	 -0.012	 -0.491
12.6	 70.4	 -0.012	 -0.514
14.3	 70.4	 -0.012	 -0.467
16.2	 70.4	 -0.047	 -0.257
18.0	 70.4	 -0.058	 -0.327
19.8	 70.4	 -0.058	 -0.374
21.6	 70.4	 -0.070	 -0.315
23.3	 70.4	 -0.058	 -0.280
25.2	 70.4	 -0.058	 -0.234
27.0	 70.4	 -0.047	 -0.234
28.8	 70.4	 0.000	 -0.175
30.6	 70.4	 0.035	 -0.012
32.3	 70.4	 0.023	 -0.047
34.2	 70.4	 0.047	 -0.105
35.8	 70.4	 0.187	 -0.035
37.7	 70.4	 0.093	 -0.128
39.5	 70.4	 0.152	 -0.199
41.3	 70.4	 0.105	 -0.187
43.1	 70.4	 0.117	 -0.164
44.8	 70.4	 0.093	 -0.117
46.7	 70.4	 0.047	 -0.070
48.5	 70.4	 0.070	 -0.023
50.3	 70.4	 0.105	 -0.035
52.1	 70.4	 0.093	 -0.082
53.8	 70.4	 0.082	 -0.012
55.7	 70.4	 0.093	 -0.023
57.5	 70.4	 0.058	 -0.047
59.3	 70.4	 0.082	 -0.105
61.1	 70.4	 0.058	 -0.280
62.8	 70.4	 0.000	 -0.339
64.6	 70.4	 0.012	 -0.269
66.3	 70.4	 -0.012	 -0.128
68.2	 70.4	 0.000	 0.000
-3.5	 72.3	 0.000	 0.000
-1.7	 72.3	 0.000	 0.000
0.1	 72.3	 0.000	 0.000
1.8	 72.3	 0.012	 -0.385
3.7	 72.3	 -0.023	 -0.397
5.5	 72.3	 0.012	 -0.327
7.2	 72.3	 -0.058	 -0.199
9.0	 72.3	 -0.012	 -0.070
10.8	 72.3	 -0.012	 -0.455
12.6	 72.3	 -0.023	 -0.444
14.3	 72.3	 -0.012	 0.152
16.2	 72.3	 -0.047	 -0.339
18.0	 72.3	 -0.082	 -0.210
19.8	 72.3	 -0.058	 -0.234
21.6	 72.3	 -0.070	 -0.152
23.3	 72.3	 -0.058	 -0.210
25.2	 72.3	 -0.047	 -0.199
27.0	 72.3	 -0.035	 -0.257
28.8	 72.3	 0.012	 -0.187
30.6	 72.3	 0.093	 -0.187
32.3	 72.3	 0.058	 -0.058
34.2	 72.3	 0.000	 -0.117
35.8	 72.3	 0.070	 -0.117
37.7	 72.3	 0.058	 -0.152
39.5	 72.3	 0.082	 -0.199
41.3	 72.3	 0.047	 -0.140
43.1	 72.3	 0.082	 -0.128
44.8	 72.3	 0.058	 -0.128
46.7	 72.3	 0.058	 -0.128
48.5	 72.3	 0.093	 -0.012
50.3	 72.3	 0.082	 -0.047
52.1	 72.3	 0.164	 -0.093
53.8	 72.3	 0.175	 -0.047
55.7	 72.3	 0.093	 0.000
57.5	 72.3	 0.105	 -0.023
59.3	 72.3	 0.070	 -0.093
61.1	 72.3	 0.117	 -0.175
62.8	 72.3	 -0.012	 -0.280
64.6	 72.3	 -0.035	 -0.432
66.3	 72.3	 -0.012	 -0.070
68.2	 72.3	 -0.012	 0.000
-3.5	 74.1	 0.000	 0.000
-1.7	 74.1	 0.000	 0.000
0.1	 74.1	 0.000	 0.000
1.8	 74.1	 -0.093	 -0.385
3.7	 74.1	 -0.093	 -0.420
5.5	 74.1	 -0.012	 -0.257
7.2	 74.1	 -0.023	 -0.420
9.0	 74.1	 -0.058	 -0.117
10.8	 74.1	 0.035	 -0.082
12.6	 74.1	 -0.035	 -0.420
14.3	 74.1	 -0.023	 -0.420
16.2	 74.1	 -0.012	 -0.327
18.0	 74.1	 -0.058	 -0.023
19.8	 74.1	 -0.023	 -0.035
21.6	 74.1	 -0.058	 -0.128
23.3	 74.1	 -0.070	 -0.082
25.2	 74.1	 -0.058	 -0.245
27.0	 74.1	 0.035	 -0.164
28.8	 74.1	 -0.012	 -0.187
30.6	 74.1	 0.093	 -0.093
32.3	 74.1	 0.117	 -0.140
34.2	 74.1	 0.023	 -0.105
35.8	 74.1	 0.035	 -0.082
37.7	 74.1	 0.035	 -0.152
39.5	 74.1	 0.047	 -0.152
41.3	 74.1	 0.070	 -0.187
43.1	 74.1	 0.117	 -0.152
44.8	 74.1	 0.000	 -0.082
46.7	 74.1	 0.082	 -0.058
48.5	 74.1	 0.128	 -0.035
50.3	 74.1	 0.058	 -0.023
52.1	 74.1	 0.152	 -0.023
53.8	 74.1	 0.082	 -0.035
55.7	 74.1	 0.093	 -0.012
57.5	 74.1	 0.117	 -0.023
59.3	 74.1	 0.047	 -0.058
61.1	 74.1	 0.082	 -0.152
62.8	 74.1	 0.035	 -0.222
64.6	 74.1	 -0.047	 -0.397
66.3	 74.1	 -0.023	 -0.642
68.2	 74.1	 0.000	 0.000
-3.5	 75.9	 0.000	 0.000
-1.7	 75.9	 0.000	 0.000
0.1	 75.9	 0.000	 0.000
1.8	 75.9	 -0.023	 -0.304
3.7	 75.9	 -0.023	 -0.374
5.5	 75.9	 0.000	 -0.339
7.2	 75.9	 -0.082	 -0.222
9.0	 75.9	 -0.023	 -0.117
10.8	 75.9	 0.105	 -0.093
12.6	 75.9	 -0.012	 -0.245
14.3	 75.9	 -0.058	 -0.105
16.2	 75.9	 0.000	 -0.082
18.0	 75.9	 -0.047	 -0.292
19.8	 75.9	 -0.070	 0.023
21.6	 75.9	 -0.210	 -0.012
23.3	 75.9	 -0.199	 0.070
25.2	 75.9	 0.000	 -0.058
27.0	 75.9	 0.082	 0.047
28.8	 75.9	 0.012	 -0.058
30.6	 75.9	 0.070	 0.000
32.3	 75.9	 0.117	 -0.047
34.2	 75.9	 0.023	 -0.164
35.8	 75.9	 0.093	 -0.105
37.7	 75.9	 0.152	 -0.152
39.5	 75.9	 0.164	 -0.152
41.3	 75.9	 0.000	 -0.280
43.1	 75.9	 0.047	 -0.105
44.8	 75.9	 0.000	 -0.187
46.7	 75.9	 0.012	 -0.082
48.5	 75.9	 0.105	 -0.058
50.3	 75.9	 0.140	 -0.058
52.1	 75.9	 0.070	 -0.070
53.8	 75.9	 0.093	 -0.058
55.7	 75.9	 0.082	 0.012
57.5	 75.9	 0.035	 -0.082
59.3	 75.9	 0.035	 -0.012
61.1	 75.9	 0.035	 -0.082
62.8	 75.9	 -0.035	 -0.234
64.6	 75.9	 0.047	 -0.315
66.3	 75.9	 0.023	 -0.584
68.2	 75.9	 0.000	 0.000
-3.5	 77.6	 0.000	 0.000
-1.7	 77.6	 0.000	 0.000
0.1	 77.6	 0.000	 0.000
1.8	 77.6	 -0.012	 -0.350
3.7	 77.6	 -0.023	 -0.304
5.5	 77.6	 0.000	 -0.327
7.2	 77.6	 -0.082	 -0.327
9.0	 77.6	 0.035	 -0.175
10.8	 77.6	 0.000	 -0.117
12.6	 77.6	 -0.105	 0.035
14.3	 77.6	 -0.047	 -0.234
16.2	 77.6	 0.000	 0.000
18.0	 77.6	 -0.128	 0.152
19.8	 77.6	 -0.105	 0.128
21.6	 77.6	 -0.047	 -0.105
23.3	 77.6	 -0.035	 -0.117
25.2	 77.6	 0.082	 0.105
27.0	 77.6	 0.070	 0.128
28.8	 77.6	 -0.012	 -0.012
30.6	 77.6	 0.058	 -0.058
32.3	 77.6	 0.070	 0.012
34.2	 77.6	 0.093	 -0.035
35.8	 77.6	 0.082	 -0.128
37.7	 77.6	 0.117	 -0.128
39.5	 77.6	 0.140	 -0.187
41.3	 77.6	 0.082	 -0.164
43.1	 77.6	 0.047	 -0.082
44.8	 77.6	 0.082	 -0.105
46.7	 77.6	 0.093	 -0.058
48.5	 77.6	 0.035	 -0.012
50.3	 77.6	 0.105	 0.023
52.1	 77.6	 0.070	 0.000
53.8	 77.6	 0.093	 -0.012
55.7	 77.6	 0.000	 0.070
57.5	 77.6	 0.058	 -0.012
59.3	 77.6	 0.000	 -0.058
61.1	 77.6	 0.047	 -0.105
62.8	 77.6	 0.023	 -0.164
64.6	 77.6	 -0.023	 -0.339
66.3	 77.6	 0.000	 0.000
68.2	 77.6	 0.000	 0.000
-3.5	 79.4	 0.000	 0.000
-1.7	 79.4	 0.000	 0.000
0.1	 79.4	 0.000	 0.000
1.8	 79.4	 -0.070	 -0.257
3.7	 79.4	 -0.093	 -0.292
5.5	 79.4	 0.000	 -0.222
7.2	 79.4	 -0.070	 -0.152
9.0	 79.4	 -0.047	 -0.152
10.8	 79.4	 -0.047	 -0.280
12.6	 79.4	 -0.082	 -0.128
14.3	 79.4	 -0.035	 -0.222
16.2	 79.4	 0.035	 -0.082
18.0	 79.4	 -0.082	 0.152
19.8	 79.4	 0.035	 0.199
21.6	 79.4	 -0.070	 0.070
23.3	 79.4	 0.035	 0.152
25.2	 79.4	 0.082	 0.128
27.0	 79.4	 0.082	 0.105
28.8	 79.4	 -0.023	 -0.058
30.6	 79.4	 0.047	 0.128
32.3	 79.4	 0.070	 -0.012
34.2	 79.4	 0.047	 -0.105
35.8	 79.4	 0.035	 -0.187
37.7	 79.4	 0.128	 -0.105
39.5	 79.4	 0.164	 -0.082
41.3	 79.4	 0.070	 -0.093
43.1	 79.4	 0.023	 -0.093
44.8	 79.4	 0.058	 -0.047
46.7	 79.4	 0.047	 -0.047
48.5	 79.4	 0.023	 -0.047
50.3	 79.4	 0.047	 0.012
52.1	 79.4	 0.023	 0.012
53.8	 79.4	 0.058	 0.023
55.7	 79.4	 0.035	 0.023
57.5	 79.4	 0.047	 0.012
59.3	 79.4	 -0.058	 -0.058
61.1	 79.4	 -0.023	 -0.093
62.8	 79.4	 0.035	 -0.105
64.6	 79.4	 -0.035	 -0.280
66.3	 79.4	 0.000	 0.000
68.2	 79.4	 0.000	 0.000
-3.5	 81.3	 0.000	 0.000
-1.7	 81.3	 0.000	 0.000
0.1	 81.3	 0.000	 0.000
1.8	 81.3	 0.012	 -0.234
3.7	 81.3	 0.012	 -0.128
5.5	 81.3	 -0.093	 -0.339
7.2	 81.3	 0.035	 -0.140
9.0	 81.3	 0.047	 -0.105
10.8	 81.3	 0.152	 -0.222
12.6	 81.3	 0.023	 -0.222
14.3	 81.3	 0.000	 -0.070
16.2	 81.3	 0.105	 0.000
18.0	 81.3	 0.012	 -0.140
19.8	 81.3	 0.058	 -0.117
21.6	 81.3	 0.000	 -0.187
23.3	 81.3	 0.012	 -0.152
25.2	 81.3	 -0.070	 -0.117
27.0	 81.3	 -0.093	 -0.234
28.8	 81.3	 0.012	 -0.070
30.6	 81.3	 0.023	 0.082
32.3	 81.3	 0.047	 0.035
34.2	 81.3	 0.082	 -0.070
35.8	 81.3	 0.012	 -0.082
37.7	 81.3	 0.140	 -0.035
39.5	 81.3	 0.082	 -0.070
41.3	 81.3	 0.105	 -0.035
43.1	 81.3	 0.058	 -0.058
44.8	 81.3	 0.093	 -0.047
46.7	 81.3	 0.058	 -0.023
48.5	 81.3	 0.093	 -0.035
50.3	 81.3	 0.058	 0.047
52.1	 81.3	 0.047	 -0.012
53.8	 81.3	 0.070	 0.000
55.7	 81.3	 0.058	 0.023
57.5	 81.3	 0.035	 0.012
59.3	 81.3	 0.023	 0.023
61.1	 81.3	 0.012	 -0.012
62.8	 81.3	 -0.023	 -0.164
64.6	 81.3	 -0.058	 -0.222
66.3	 81.3	 -0.023	 -0.619
68.2	 81.3	 0.000	 0.000
-3.5	 83.1	 0.000	 0.000
-1.7	 83.1	 0.000	 0.000
0.1	 83.1	 0.000	 0.000
1.8	 83.1	 -0.047	 -0.374
3.7	 83.1	 0.128	 -0.199
5.5	 83.1	 0.012	 -0.385
7.2	 83.1	 0.035	 -0.199
9.0	 83.1	 0.070	 -0.128
10.8	 83.1	 0.117	 -0.210
12.6	 83.1	 -0.023	 -0.164
14.3	 83.1	 -0.012	 -0.012
16.2	 83.1	 -0.070	 -0.187
18.0	 83.1	 0.023	 -0.093
19.8	 83.1	 0.058	 -0.140
21.6	 83.1	 -0.035	 0.128
23.3	 83.1	 0.000	 -0.210
25.2	 83.1	 0.023	 -0.093
27.0	 83.1	 -0.023	 -0.105
28.8	 83.1	 0.058	 0.035
30.6	 83.1	 0.000	 -0.117
32.3	 83.1	 0.023	 -0.093
34.2	 83.1	 0.023	 -0.128
35.8	 83.1	 -0.012	 -0.082
37.7	 83.1	 -0.012	 -0.105
39.5	 83.1	 0.058	 -0.093
41.3	 83.1	 0.058	 -0.093
43.1	 83.1	 0.035	 -0.023
44.8	 83.1	 0.128	 -0.012
46.7	 83.1	 0.070	 0.047
48.5	 83.1	 0.093	 -0.023
50.3	 83.1	 0.047	 0.000
52.1	 83.1	 0.082	 -0.012
53.8	 83.1	 0.023	 0.047
55.7	 83.1	 0.023	 0.023
57.5	 83.1	 0.000	 -0.047
59.3	 83.1	 0.023	 -0.070
61.1	 83.1	 -0.012	 -0.105
62.8	 83.1	 -0.012	 -0.105
64.6	 83.1	 0.012	 -0.152
66.3	 83.1	 0.000	 -0.526
68.2	 83.1	 0.000	 0.000
-3.5	 84.9	 0.000	 0.000
-1.7	 84.9	 0.000	 0.000
0.1	 84.9	 0.000	 0.000
1.8	 84.9	 0.000	 -0.245
3.7	 84.9	 0.047	 -0.152
5.5	 84.9	 0.023	 -0.327
7.2	 84.9	 0.035	 -0.455
9.0	 84.9	 -0.093	 -0.222
10.8	 84.9	 0.023	 -0.199
12.6	 84.9	 0.000	 -0.012
14.3	 84.9	 0.023	 -0.175
16.2	 84.9	 -0.035	 -0.245
18.0	 84.9	 0.093	 -0.199
19.8	 84.9	 0.000	 -0.105
21.6	 84.9	 0.047	 0.082
23.3	 84.9	 -0.023	 -0.012
25.2	 84.9	 0.023	 -0.058
27.0	 84.9	 0.128	 -0.128
28.8	 84.9	 0.058	 -0.117
30.6	 84.9	 -0.012	 -0.175
32.3	 84.9	 -0.012	 -0.105
34.2	 84.9	 -0.012	 -0.128
35.8	 84.9	 0.128	 -0.140
37.7	 84.9	 0.187	 -0.082
39.5	 84.9	 0.164	 -0.093
41.3	 84.9	 0.093	 -0.070
43.1	 84.9	 0.023	 -0.070
44.8	 84.9	 0.140	 0.035
46.7	 84.9	 0.070	 0.058
48.5	 84.9	 0.035	 0.012
50.3	 84.9	 0.035	 0.035
52.1	 84.9	 0.035	 0.023
53.8	 84.9	 0.023	 0.082
55.7	 84.9	 0.012	 0.000
57.5	 84.9	 -0.058	 -0.070
59.3	 84.9	 -0.047	 0.012
61.1	 84.9	 0.070	 0.000
62.8	 84.9	 -0.023	 -0.128
64.6	 84.9	 -0.047	 -0.187
66.3	 84.9	 -0.012	 -0.467
68.2	 84.9	 -0.023	 0.537
-3.5	 86.6	 0.000	 0.000
-1.7	 86.6	 0.000	 0.000
0.1	 86.6	 0.000	 0.000
1.8	 86.6	 -0.082	 -0.047
3.7	 86.6	 0.000	 -0.210
5.5	 86.6	 0.035	 -0.455
7.2	 86.6	 -0.012	 -0.257
9.0	 86.6	 -0.070	 -0.315
10.8	 86.6	 0.257	 -0.164
12.6	 86.6	 0.187	 -0.140
14.3	 86.6	 0.023	 -0.117
16.2	 86.6	 -0.012	 -0.164
18.0	 86.6	 0.082	 -0.128
19.8	 86.6	 -0.012	 -0.175
21.6	 86.6	 -0.035	 -0.210
23.3	 86.6	 -0.058	 0.070
25.2	 86.6	 -0.058	 0.023
27.0	 86.6	 0.128	 0.012
28.8	 86.6	 0.093	 0.117
30.6	 86.6	 0.012	 -0.164
32.3	 86.6	 0.035	 -0.210
34.2	 86.6	 0.140	 0.047
35.8	 86.6	 0.012	 -0.047
37.7	 86.6	 0.152	 -0.128
39.5	 86.6	 0.187	 -0.105
41.3	 86.6	 0.082	 -0.047
43.1	 86.6	 0.035	 -0.093
44.8	 86.6	 0.093	 0.023
46.7	 86.6	 0.035	 0.012
48.5	 86.6	 0.023	 -0.012
50.3	 86.6	 0.058	 0.035
52.1	 86.6	 0.058	 0.082
53.8	 86.6	 -0.012	 0.093
55.7	 86.6	 0.047	 0.000
57.5	 86.6	 0.023	 0.000
59.3	 86.6	 0.000	 0.035
61.1	 86.6	 -0.128	 -0.035
62.8	 86.6	 0.035	 -0.175
64.6	 86.6	 0.000	 -0.257
66.3	 86.6	 -0.023	 -0.502
68.2	 86.6	 0.000	 0.000
-3.5	 88.4	 0.000	 0.000
-1.7	 88.4	 0.000	 0.000
0.1	 88.4	 0.000	 0.000
1.8	 88.4	 -0.117	 -0.058
3.7	 88.4	 -0.058	 -0.245
5.5	 88.4	 0.012	 -0.304
7.2	 88.4	 0.082	 -0.280
9.0	 88.4	 0.105	 -0.234
10.8	 88.4	 0.000	 -0.257
12.6	 88.4	 0.012	 -0.210
14.3	 88.4	 0.000	 -0.082
16.2	 88.4	 0.117	 -0.128
18.0	 88.4	 0.199	 0.000
19.8	 88.4	 0.187	 -0.035
21.6	 88.4	 0.082	 -0.117
23.3	 88.4	 -0.023	 -0.093
25.2	 88.4	 -0.023	 -0.070
27.0	 88.4	 -0.012	 -0.070
28.8	 88.4	 0.035	 -0.117
30.6	 88.4	 0.269	 0.023
32.3	 88.4	 0.199	 0.000
34.2	 88.4	 0.047	 -0.023
35.8	 88.4	 -0.023	 -0.047
37.7	 88.4	 0.117	 -0.070
39.5	 88.4	 0.058	 -0.047
41.3	 88.4	 0.000	 0.035
43.1	 88.4	 0.035	 0.012
44.8	 88.4	 0.058	 -0.035
46.7	 88.4	 0.012	 0.047
48.5	 88.4	 -0.012	 0.105
50.3	 88.4	 -0.035	 0.035
52.1	 88.4	 0.023	 0.070
53.8	 88.4	 -0.047	 0.035
55.7	 88.4	 0.012	 0.000
57.5	 88.4	 0.012	 -0.012
59.3	 88.4	 -0.023	 -0.023
61.1	 88.4	 -0.023	 0.000
62.8	 88.4	 0.023	 -0.082
64.6	 88.4	 0.023	 -0.140
66.3	 88.4	 0.035	 -0.339
68.2	 88.4	 0.000	 0.000
-3.5	 90.3	 0.000	 0.000
-1.7	 90.3	 0.000	 0.000
0.1	 90.3	 0.000	 0.000
1.8	 90.3	 -0.058	 -0.257
3.7	 90.3	 -0.012	 -0.350
5.5	 90.3	 0.023	 -0.339
7.2	 90.3	 0.012	 -0.140
9.0	 90.3	 0.012	 -0.327
10.8	 90.3	 0.000	 -0.269
12.6	 90.3	 0.199	 -0.222
14.3	 90.3	 0.117	 -0.058
16.2	 90.3	 0.035	 -0.128
18.0	 90.3	 0.164	 0.023
19.8	 90.3	 0.070	 -0.058
21.6	 90.3	 0.012	 -0.187
23.3	 90.3	 0.035	 0.140
25.2	 90.3	 0.210	 -0.047
27.0	 90.3	 0.058	 0.000
28.8	 90.3	 0.152	 -0.058
30.6	 90.3	 0.175	 -0.117
32.3	 90.3	 0.164	 -0.012
34.2	 90.3	 0.070	 0.058
35.8	 90.3	 0.012	 -0.070
37.7	 90.3	 0.105	 0.000
39.5	 90.3	 0.105	 -0.012
41.3	 90.3	 0.012	 0.000
43.1	 90.3	 0.000	 0.047
44.8	 90.3	 0.047	 0.047
46.7	 90.3	 0.093	 -0.023
48.5	 90.3	 0.035	 0.093
50.3	 90.3	 -0.070	 0.070
52.1	 90.3	 0.000	 0.175
53.8	 90.3	 0.000	 0.035
55.7	 90.3	 -0.035	 0.035
57.5	 90.3	 0.047	 0.023
59.3	 90.3	 0.012	 -0.058
61.1	 90.3	 0.058	 -0.070
62.8	 90.3	 0.058	 -0.070
64.6	 90.3	 0.012	 -0.164
66.3	 90.3	 0.035	 -0.467
68.2	 90.3	 0.000	 0.000
-3.5	 91.9	 0.000	 0.000
-1.7	 91.9	 0.000	 0.000
0.1	 91.9	 0.000	 0.000
1.8	 91.9	 0.070	 -0.397
3.7	 91.9	 0.035	 -0.385
5.5	 91.9	 -0.058	 -0.257
7.2	 91.9	 -0.012	 -0.350
9.0	 91.9	 0.023	 -0.350
10.8	 91.9	 0.000	 -0.245
12.6	 91.9	 0.117	 -0.257
14.3	 91.9	 0.082	 -0.164
16.2	 91.9	 0.023	 -0.339
18.0	 91.9	 0.082	 -0.105
19.8	 91.9	 0.105	 0.058
21.6	 91.9	 -0.023	 -0.082
23.3	 91.9	 0.023	 -0.082
25.2	 91.9	 0.105	 -0.047
27.0	 91.9	 0.152	 -0.187
28.8	 91.9	 0.117	 -0.128
30.6	 91.9	 0.210	 -0.070
32.3	 91.9	 0.164	 -0.035
34.2	 91.9	 0.199	 -0.035
35.8	 91.9	 0.140	 -0.023
37.7	 91.9	 0.082	 -0.070
39.5	 91.9	 0.140	 0.070
41.3	 91.9	 0.058	 0.058
43.1	 91.9	 0.035	 0.105
44.8	 91.9	 0.047	 0.023
46.7	 91.9	 0.128	 -0.035
48.5	 91.9	 0.058	 0.035
50.3	 91.9	 -0.012	 0.105
52.1	 91.9	 0.000	 0.070
53.8	 91.9	 0.023	 0.093
55.7	 91.9	 0.023	 0.047
57.5	 91.9	 -0.035	 0.035
59.3	 91.9	 0.058	 -0.023
61.1	 91.9	 -0.012	 -0.128
62.8	 91.9	 0.012	 -0.093
64.6	 91.9	 0.000	 -0.164
66.3	 91.9	 0.047	 -0.257
68.2	 91.9	 0.000	 0.000
-3.5	 93.8	 0.000	 0.000
-1.7	 93.8	 0.000	 0.000
0.1	 93.8	 0.000	 0.000
1.8	 93.8	 0.070	 -0.432
3.7	 93.8	 0.199	 -0.444
5.5	 93.8	 -0.117	 -0.304
7.2	 93.8	 -0.093	 -0.245
9.0	 93.8	 -0.047	 -0.257
10.8	 93.8	 0.035	 -0.467
12.6	 93.8	 0.023	 -0.479
14.3	 93.8	 0.000	 -0.280
16.2	 93.8	 0.035	 -0.245
18.0	 93.8	 0.082	 -0.374
19.8	 93.8	 0.140	 -0.035
21.6	 93.8	 -0.058	 -0.164
23.3	 93.8	 0.140	 -0.117
25.2	 93.8	 0.117	 -0.070
27.0	 93.8	 0.058	 -0.105
28.8	 93.8	 -0.070	 -0.152
30.6	 93.8	 0.082	 0.000
32.3	 93.8	 0.023	 0.000
34.2	 93.8	 0.164	 -0.058
35.8	 93.8	 0.105	 -0.047
37.7	 93.8	 0.047	 -0.012
39.5	 93.8	 0.128	 0.070
41.3	 93.8	 0.140	 0.047
43.1	 93.8	 0.058	 0.023
44.8	 93.8	 0.082	 0.047
46.7	 93.8	 0.047	 0.047
48.5	 93.8	 0.000	 0.093
50.3	 93.8	 -0.012	 0.140
52.1	 93.8	 -0.012	 0.105
53.8	 93.8	 0.023	 0.105
55.7	 93.8	 0.023	 0.070
57.5	 93.8	 0.035	 0.000
59.3	 93.8	 0.012	 0.070
61.1	 93.8	 -0.058	 -0.093
62.8	 93.8	 -0.058	 -0.105
64.6	 93.8	 0.035	 -0.093
66.3	 93.8	 0.023	 -0.128
68.2	 93.8	 0.000	 0.000
-3.5	 95.6	 0.000	 0.000
-1.7	 95.6	 0.000	 0.000
0.1	 95.6	 0.000	 0.000
1.8	 95.6	 0.000	 -0.479
3.7	 95.6	 -0.047	 -0.245
5.5	 95.6	 -0.128	 -0.362
7.2	 95.6	 -0.210	 -0.479
9.0	 95.6	 -0.035	 -0.339
10.8	 95.6	 -0.012	 -0.210
12.6	 95.6	 0.082	 -0.292
14.3	 95.6	 -0.070	 -0.234
16.2	 95.6	 0.047	 -0.199
18.0	 95.6	 0.210	 -0.140
19.8	 95.6	 0.023	 -0.199
21.6	 95.6	 0.000	 -0.152
23.3	 95.6	 0.058	 -0.093
25.2	 95.6	 0.152	 -0.047
27.0	 95.6	 -0.012	 0.000
28.8	 95.6	 0.152	 -0.012
30.6	 95.6	 0.035	 -0.128
32.3	 95.6	 0.012	 0.035
34.2	 95.6	 0.105	 -0.012
35.8	 95.6	 0.023	 -0.070
37.7	 95.6	 0.047	 -0.058
39.5	 95.6	 0.023	 -0.035
41.3	 95.6	 0.023	 0.070
43.1	 95.6	 0.035	 0.128
44.8	 95.6	 0.070	 0.082
46.7	 95.6	 -0.070	 0.117
48.5	 95.6	 -0.070	 0.128
50.3	 95.6	 -0.058	 0.023
52.1	 95.6	 -0.012	 0.023
53.8	 95.6	 0.035	 0.093
55.7	 95.6	 -0.047	 0.058
57.5	 95.6	 -0.035	 -0.012
59.3	 95.6	 0.047	 0.012
61.1	 95.6	 -0.035	 -0.023
62.8	 95.6	 -0.047	 -0.082
64.6	 95.6	 0.058	 -0.210
66.3	 95.6	 0.012	 -0.269
68.2	 95.6	 0.000	 0.000
-3.5	 97.4	 0.000	 0.000
-1.7	 97.4	 0.000	 0.000
0.1	 97.4	 0.000	 0.000
1.8	 97.4	 -0.023	 -0.257
3.7	 97.4	 -0.070	 -0.409
5.5	 97.4	 -0.164	 -0.420
7.2	 97.4	 -0.234	 -0.409
9.0	 97.4	 -0.035	 -0.350
10.8	 97.4	 -0.058	 -0.350
12.6	 97.4	 0.117	 -0.385
14.3	 97.4	 0.035	 -0.164
16.2	 97.4	 0.035	 -0.175
18.0	 97.4	 0.047	 0.000
19.8	 97.4	 0.035	 -0.152
21.6	 97.4	 0.012	 -0.117
23.3	 97.4	 -0.012	 -0.152
25.2	 97.4	 0.047	 -0.012
27.0	 97.4	 0.023	 -0.152
28.8	 97.4	 0.152	 -0.012
30.6	 97.4	 0.035	 -0.023
32.3	 97.4	 -0.058	 0.117
34.2	 97.4	 0.140	 -0.012
35.8	 97.4	 0.058	 -0.023
37.7	 97.4	 0.070	 0.070
39.5	 97.4	 0.035	 -0.012
41.3	 97.4	 0.035	 0.000
43.1	 97.4	 0.093	 0.000
44.8	 97.4	 -0.012	 0.070
46.7	 97.4	 -0.082	 0.164
48.5	 97.4	 0.012	 0.105
50.3	 97.4	 0.023	 0.035
52.1	 97.4	 0.000	 0.058
53.8	 97.4	 0.058	 0.012
55.7	 97.4	 0.000	 0.035
57.5	 97.4	 -0.047	 0.023
59.3	 97.4	 0.140	 0.000
61.1	 97.4	 -0.082	 0.023
62.8	 97.4	 -0.082	 -0.035
64.6	 97.4	 0.070	 -0.082
66.3	 97.4	 0.023	 -0.234
68.2	 97.4	 0.000	 0.000
-3.5	 99.1	 0.000	 0.000
-1.7	 99.1	 0.000	 0.000
0.1	 99.1	 0.000	 0.000
1.8	 99.1	 -0.012	 -0.210
3.7	 99.1	 -0.093	 -0.467
5.5	 99.1	 0.000	 -0.304
7.2	 99.1	 -0.070	 -0.327
9.0	 99.1	 -0.035	 -0.572
10.8	 99.1	 -0.128	 -0.362
12.6	 99.1	 -0.070	 -0.315
14.3	 99.1	 -0.047	 -0.280
16.2	 99.1	 -0.058	 -0.304
18.0	 99.1	 -0.058	 -0.292
19.8	 99.1	 -0.047	 -0.222
21.6	 99.1	 -0.047	 -0.210
23.3	 99.1	 0.058	 0.117
25.2	 99.1	 0.199	 0.140
27.0	 99.1	 0.000	 -0.023
28.8	 99.1	 0.012	 0.023
30.6	 99.1	 0.035	 -0.058
32.3	 99.1	 0.012	 0.023
34.2	 99.1	 0.152	 0.012
35.8	 99.1	 0.070	 -0.012
37.7	 99.1	 0.012	 0.070
39.5	 99.1	 0.035	 0.035
41.3	 99.1	 0.035	 0.105
43.1	 99.1	 0.058	 0.105
44.8	 99.1	 -0.035	 0.117
46.7	 99.1	 -0.023	 0.105
48.5	 99.1	 -0.047	 0.105
50.3	 99.1	 -0.070	 0.082
52.1	 99.1	 -0.058	 0.152
53.8	 99.1	 -0.012	 0.093
55.7	 99.1	 0.023	 0.035
57.5	 99.1	 0.058	 0.012
59.3	 99.1	 0.070	 -0.070
61.1	 99.1	 -0.070	 -0.012
62.8	 99.1	 0.000	 -0.047
64.6	 99.1	 0.035	 -0.140
66.3	 99.1	 0.047	 -0.187
68.2	 99.1	 0.000	 0.000
-3.5	 100.9	 0.000	 0.000
-1.7	 100.9	 0.000	 0.000
0.1	 100.9	 0.000	 0.000
1.8	 100.9	 0.023	 -0.479
3.7	 100.9	 -0.058	 -0.467
5.5	 100.9	 -0.058	 -0.537
7.2	 100.9	 -0.234	 -0.350
9.0	 100.9	 0.164	 -0.175
10.8	 100.9	 -0.093	 -0.245
12.6	 100.9	 0.047	 -0.128
14.3	 100.9	 -0.012	 -0.152
16.2	 100.9	 -0.012	 -0.234
18.0	 100.9	 -0.023	 -0.128
19.8	 100.9	 -0.035	 -0.117
21.6	 100.9	 0.000	 0.000
23.3	 100.9	 0.000	 -0.128
25.2	 100.9	 0.175	 -0.058
27.0	 100.9	 -0.012	 -0.012
28.8	 100.9	 -0.164	 -0.058
30.6	 100.9	 0.012	 -0.035
32.3	 100.9	 -0.012	 0.058
34.2	 100.9	 0.105	 0.000
35.8	 100.9	 -0.082	 0.012
37.7	 100.9	 -0.023	 0.023
39.5	 100.9	 -0.023	 0.000
41.3	 100.9	 0.035	 0.105
43.1	 100.9	 -0.035	 0.152
44.8	 100.9	 0.023	 0.140
46.7	 100.9	 0.035	 0.105
48.5	 100.9	 -0.105	 0.152
50.3	 100.9	 -0.058	 0.128
52.1	 100.9	 -0.082	 0.117
53.8	 100.9	 -0.023	 0.105
55.7	 100.9	 -0.035	 0.093
57.5	 100.9	 -0.047	 -0.023
59.3	 100.9	 0.047	 0.000
61.1	 100.9	 -0.082	 -0.047
62.8	 100.9	 -0.058	 -0.117
64.6	 100.9	 -0.012	 -0.269
66.3	 100.9	 0.012	 -0.199
68.2	 100.9	 0.000	 0.000
-3.5	 102.8	 0.000	 0.000
-1.7	 102.8	 0.000	 0.000
0.1	 102.8	 0.000	 0.000
1.8	 102.8	 0.023	 -0.432
3.7	 102.8	 0.047	 -0.549
5.5	 102.8	 -0.047	 -0.584
7.2	 102.8	 -0.164	 -0.280
9.0	 102.8	 0.187	 -0.280
10.8	 102.8	 -0.082	 -0.315
12.6	 102.8	 0.117	 -0.175
14.3	 102.8	 -0.012	 -0.164
16.2	 102.8	 0.105	 0.058
18.0	 102.8	 0.164	 -0.012
19.8	 102.8	 0.117	 -0.164
21.6	 102.8	 0.035	 0.093
23.3	 102.8	 0.152	 0.035
25.2	 102.8	 0.234	 0.035
27.0	 102.8	 0.000	 0.000
28.8	 102.8	 -0.012	 0.000
30.6	 102.8	 0.128	 0.164
32.3	 102.8	 0.082	 -0.012
34.2	 102.8	 0.070	 0.093
35.8	 102.8	 0.082	 0.105
37.7	 102.8	 0.023	 0.047
39.5	 102.8	 0.023	 0.093
41.3	 102.8	 0.000	 0.140
43.1	 102.8	 -0.035	 0.175
44.8	 102.8	 -0.023	 0.140
46.7	 102.8	 -0.058	 0.105
48.5	 102.8	 -0.093	 0.222
50.3	 102.8	 -0.023	 0.082
52.1	 102.8	 -0.047	 0.035
53.8	 102.8	 0.000	 0.058
55.7	 102.8	 0.058	 0.058
57.5	 102.8	 -0.070	 -0.128
59.3	 102.8	 -0.035	 -0.093
61.1	 102.8	 -0.047	 -0.035
62.8	 102.8	 -0.058	 -0.128
64.6	 102.8	 0.070	 -0.117
66.3	 102.8	 -0.012	 -0.070
68.2	 102.8	 0.012	 -0.631
-3.5	 104.6	 0.000	 0.000
-1.7	 104.6	 0.000	 0.000
0.1	 104.6	 0.000	 0.000
1.8	 104.6	 -0.222	 -0.420
3.7	 104.6	 -0.117	 -0.304
5.5	 104.6	 -0.140	 -0.269
7.2	 104.6	 -0.023	 -0.152
9.0	 104.6	 0.035	 -0.269
10.8	 104.6	 -0.070	 -0.187
12.6	 104.6	 -0.023	 -0.164
14.3	 104.6	 -0.105	 -0.070
16.2	 104.6	 -0.012	 -0.140
18.0	 104.6	 -0.140	 -0.257
19.8	 104.6	 -0.047	 -0.117
21.6	 104.6	 -0.105	 0.023
23.3	 104.6	 0.058	 0.164
25.2	 104.6	 0.070	 0.047
27.0	 104.6	 0.000	 0.000
28.8	 104.6	 0.070	 0.047
30.6	 104.6	 -0.012	 0.012
32.3	 104.6	 0.058	 0.070
34.2	 104.6	 0.070	 0.199
35.8	 104.6	 0.000	 0.047
37.7	 104.6	 -0.012	 -0.012
39.5	 104.6	 0.000	 0.105
41.3	 104.6	 -0.047	 0.128
43.1	 104.6	 -0.117	 0.385
44.8	 104.6	 -0.047	 0.058
46.7	 104.6	 -0.105	 0.058
48.5	 104.6	 -0.047	 0.117
50.3	 104.6	 -0.035	 0.105
52.1	 104.6	 -0.070	 0.012
53.8	 104.6	 -0.070	 0.117
55.7	 104.6	 0.012	 0.047
57.5	 104.6	 0.058	 -0.058
59.3	 104.6	 -0.047	 0.000
61.1	 104.6	 0.000	 -0.047
62.8	 104.6	 0.012	 -0.093
64.6	 104.6	 0.035	 -0.222
66.3	 104.6	 -0.058	 -0.327
68.2	 104.6	 0.000	 -0.712
-3.5	 106.4	 0.000	 0.000
-1.7	 106.4	 0.000	 0.000
0.1	 106.4	 0.000	 0.000
1.8	 106.4	 -0.035	 -0.292
3.7	 106.4	 -0.035	 -0.292
5.5	 106.4	 -0.023	 -0.257
7.2	 106.4	 -0.082	 -0.152
9.0	 106.4	 0.023	 -0.257
10.8	 106.4	 -0.035	 -0.315
12.6	 106.4	 -0.070	 -0.222
14.3	 106.4	 0.140	 -0.047
16.2	 106.4	 0.070	 0.047
18.0	 106.4	 -0.047	 -0.269
19.8	 106.4	 -0.058	 -0.117
21.6	 106.4	 -0.175	 0.047
23.3	 106.4	 -0.070	 0.047
25.2	 106.4	 -0.082	 0.035
27.0	 106.4	 -0.023	 -0.047
28.8	 106.4	 -0.058	 -0.012
30.6	 106.4	 -0.093	 0.082
32.3	 106.4	 -0.023	 0.128
34.2	 106.4	 0.012	 0.012
35.8	 106.4	 0.012	 0.023
37.7	 106.4	 -0.023	 0.047
39.5	 106.4	 -0.035	 0.140
41.3	 106.4	 -0.035	 0.117
43.1	 106.4	 -0.140	 0.327
44.8	 106.4	 -0.070	 0.128
46.7	 106.4	 -0.035	 0.093
48.5	 106.4	 -0.058	 0.257
50.3	 106.4	 -0.012	 0.339
52.1	 106.4	 -0.093	 0.128
53.8	 106.4	 -0.035	 0.058
55.7	 106.4	 0.035	 0.047
57.5	 106.4	 -0.012	 -0.070
59.3	 106.4	 -0.023	 -0.058
61.1	 106.4	 -0.023	 -0.093
62.8	 106.4	 -0.058	 -0.082
64.6	 106.4	 0.012	 -0.117
66.3	 106.4	 -0.035	 -0.175
68.2	 106.4	 0.000	 0.000
-3.5	 108.1	 0.000	 0.000
-1.7	 108.1	 0.000	 0.000
0.1	 108.1	 0.000	 0.000
1.8	 108.1	 0.047	 -0.245
3.7	 108.1	 0.012	 -0.467
5.5	 108.1	 -0.012	 -0.432
7.2	 108.1	 0.023	 -0.374
9.0	 108.1	 -0.012	 -0.304
10.8	 108.1	 -0.058	 -0.362
12.6	 108.1	 -0.012	 -0.362
14.3	 108.1	 0.128	 -0.117
16.2	 108.1	 0.082	 -0.152
18.0	 108.1	 -0.058	 -0.175
19.8	 108.1	 0.023	 0.058
21.6	 108.1	 -0.105	 -0.035
23.3	 108.1	 -0.047	 -0.105
25.2	 108.1	 0.023	 0.292
27.0	 108.1	 -0.012	 0.269
28.8	 108.1	 -0.058	 0.047
30.6	 108.1	 -0.047	 0.070
32.3	 108.1	 -0.058	 0.047
34.2	 108.1	 0.000	 0.082
35.8	 108.1	 0.012	 0.082
37.7	 108.1	 -0.012	 0.093
39.5	 108.1	 -0.035	 0.199
41.3	 108.1	 -0.012	 0.105
43.1	 108.1	 -0.012	 0.152
44.8	 108.1	 0.035	 0.210
46.7	 108.1	 0.012	 0.152
48.5	 108.1	 -0.117	 0.012
50.3	 108.1	 -0.023	 0.105
52.1	 108.1	 -0.012	 0.082
53.8	 108.1	 0.023	 0.058
55.7	 108.1	 -0.035	 0.035
57.5	 108.1	 -0.128	 -0.047
59.3	 108.1	 -0.012	 -0.023
61.1	 108.1	 0.000	 -0.257
62.8	 108.1	 0.023	 -0.070
64.6	 108.1	 -0.023	 -0.082
66.3	 108.1	 -0.023	 -0.140
68.2	 108.1	 -0.047	 0.537
-3.5	 109.9	 0.000	 0.000
-1.7	 109.9	 0.000	 0.000
0.1	 109.9	 0.000	 0.000
1.8	 109.9	 0.000	 -0.350
3.7	 109.9	 0.000	 -0.280
5.5	 109.9	 0.012	 -0.339
7.2	 109.9	 -0.012	 -0.280
9.0	 109.9	 -0.047	 -0.374
10.8	 109.9	 -0.152	 -0.222
12.6	 109.9	 -0.023	 -0.164
14.3	 109.9	 0.000	 0.000
16.2	 109.9	 -0.058	 -0.187
18.0	 109.9	 -0.164	 -0.023
19.8	 109.9	 -0.047	 -0.117
21.6	 109.9	 0.023	 -0.012
23.3	 109.9	 0.023	 -0.047
25.2	 109.9	 0.000	 0.093
27.0	 109.9	 -0.058	 0.140
28.8	 109.9	 -0.047	 0.023
30.6	 109.9	 0.000	 0.164
32.3	 109.9	 -0.047	 0.152
34.2	 109.9	 0.012	 0.093
35.8	 109.9	 0.012	 0.058
37.7	 109.9	 -0.035	 0.082
39.5	 109.9	 -0.117	 0.128
41.3	 109.9	 -0.082	 0.210
43.1	 109.9	 -0.093	 0.222
44.8	 109.9	 -0.023	 0.280
46.7	 109.9	 -0.023	 0.222
48.5	 109.9	 -0.023	 0.012
50.3	 109.9	 -0.047	 0.023
52.1	 109.9	 -0.093	 0.035
53.8	 109.9	 -0.082	 0.152
55.7	 109.9	 -0.047	 0.000
57.5	 109.9	 -0.023	 -0.035
59.3	 109.9	 0.023	 -0.047
61.1	 109.9	 -0.070	 -0.093
62.8	 109.9	 -0.035	 -0.117
64.6	 109.9	 -0.035	 -0.152
66.3	 109.9	 0.000	 -0.140
68.2	 109.9	 0.035	 -0.455
-3.5	 111.8	 0.000	 0.000
-1.7	 111.8	 0.000	 0.000
0.1	 111.8	 -0.035	 -0.654
1.8	 111.8	 -0.047	 -0.269
3.7	 111.8	 -0.023	 -0.374
5.5	 111.8	 -0.047	 -0.327
7.2	 111.8	 -0.035	 -0.234
9.0	 111.8	 -0.023	 -0.269
10.8	 111.8	 -0.140	 -0.164
12.6	 111.8	 -0.128	 -0.082
14.3	 111.8	 0.023	 -0.023
16.2	 111.8	 0.000	 -0.047
18.0	 111.8	 0.175	 -0.058
19.8	 111.8	 0.128	 -0.047
21.6	 111.8	 -0.047	 -0.105
23.3	 111.8	 -0.070	 -0.152
25.2	 111.8	 -0.035	 -0.012
27.0	 111.8	 0.035	 -0.047
28.8	 111.8	 0.105	 0.035
30.6	 111.8	 -0.082	 0.105
32.3	 111.8	 -0.082	 0.000
34.2	 111.8	 0.023	 0.070
35.8	 111.8	 -0.012	 0.023
37.7	 111.8	 -0.012	 0.023
39.5	 111.8	 0.058	 0.082
41.3	 111.8	 -0.023	 0.374
43.1	 111.8	 -0.070	 0.362
44.8	 111.8	 -0.128	 0.257
46.7	 111.8	 -0.117	 0.245
48.5	 111.8	 0.000	 -0.058
50.3	 111.8	 -0.023	 0.035
52.1	 111.8	 -0.058	 0.082
53.8	 111.8	 0.035	 0.000
55.7	 111.8	 -0.023	 -0.058
57.5	 111.8	 -0.058	 -0.058
59.3	 111.8	 0.047	 -0.035
61.1	 111.8	 0.047	 -0.012
62.8	 111.8	 -0.035	 -0.023
64.6	 111.8	 -0.012	 -0.105
66.3	 111.8	 0.012	 -0.164
68.2	 111.8	 0.000	 0.000
-3.5	 113.6	 0.000	 0.000
-1.7	 113.6	 0.000	 0.000
0.1	 113.6	 0.000	 0.000
1.8	 113.6	 0.035	 -0.362
3.7	 113.6	 -0.117	 -0.257
5.5	 113.6	 -0.117	 -0.304
7.2	 113.6	 -0.070	 -0.339
9.0	 113.6	 -0.023	 -0.175
10.8	 113.6	 -0.058	 -0.093
12.6	 113.6	 0.012	 -0.070
14.3	 113.6	 0.000	 0.000
16.2	 113.6	 0.035	 -0.047
18.0	 113.6	 0.082	 -0.035
19.8	 113.6	 -0.058	 0.000
21.6	 113.6	 -0.082	 -0.093
23.3	 113.6	 -0.012	 -0.047
25.2	 113.6	 -0.058	 -0.117
27.0	 113.6	 -0.070	 -0.058
28.8	 113.6	 -0.035	 0.012
30.6	 113.6	 -0.082	 0.199
32.3	 113.6	 -0.199	 0.152
34.2	 113.6	 0.070	 -0.035
35.8	 113.6	 -0.093	 0.152
37.7	 113.6	 -0.070	 0.199
39.5	 113.6	 -0.152	 0.164
41.3	 113.6	 0.023	 0.140
43.1	 113.6	 0.023	 0.269
44.8	 113.6	 -0.023	 0.269
46.7	 113.6	 -0.012	 0.058
48.5	 113.6	 -0.105	 0.164
50.3	 113.6	 -0.058	 0.117
52.1	 113.6	 -0.117	 0.082
53.8	 113.6	 0.012	 -0.023
55.7	 113.6	 0.000	 0.000
57.5	 113.6	 -0.082	 -0.058
59.3	 113.6	 -0.070	 -0.175
61.1	 113.6	 0.070	 -0.035
62.8	 113.6	 0.012	 -0.093
64.6	 113.6	 -0.035	 -0.105
66.3	 113.6	 0.012	 -0.070
68.2	 113.6	 0.047	 -0.619
-3.5	 115.4	 0.000	 0.000
-1.7	 115.4	 0.000	 0.000
0.1	 115.4	 0.000	 0.000
1.8	 115.4	 0.047	 -0.467
3.7	 115.4	 -0.070	 -0.374
5.5	 115.4	 -0.058	 -0.280
7.2	 115.4	 -0.082	 -0.175
9.0	 115.4	 -0.012	 -0.199
10.8	 115.4	 0.070	 -0.245
12.6	 115.4	 -0.269	 -0.082
14.3	 115.4	 -0.035	 -0.187
16.2	 115.4	 -0.070	 -0.140
18.0	 115.4	 -0.082	 -0.164
19.8	 115.4	 -0.058	 -0.140
21.6	 115.4	 -0.070	 -0.128
23.3	 115.4	 -0.023	 -0.105
25.2	 115.4	 0.012	 0.000
27.0	 115.4	 -0.070	 0.012
28.8	 115.4	 0.082	 0.093
30.6	 115.4	 -0.070	 -0.128
32.3	 115.4	 -0.047	 -0.082
34.2	 115.4	 -0.070	 0.058
35.8	 115.4	 -0.093	 0.128
37.7	 115.4	 -0.117	 0.210
39.5	 115.4	 -0.117	 0.210
41.3	 115.4	 -0.082	 0.105
43.1	 115.4	 -0.012	 0.117
44.8	 115.4	 0.012	 0.210
46.7	 115.4	 -0.128	 0.128
48.5	 115.4	 -0.058	 -0.117
50.3	 115.4	 -0.035	 -0.023
52.1	 115.4	 -0.058	 -0.035
53.8	 115.4	 0.000	 0.035
55.7	 115.4	 -0.082	 0.047
57.5	 115.4	 -0.152	 0.058
59.3	 115.4	 -0.082	 -0.035
61.1	 115.4	 0.047	 -0.117
62.8	 115.4	 0.047	 -0.128
64.6	 115.4	 0.000	 -0.175
66.3	 115.4	 0.093	 -0.128
68.2	 115.4	 0.035	 -0.374
-3.5	 117.1	 0.000	 0.000
-1.7	 117.1	 0.000	 0.000
0.1	 117.1	 0.000	 0.000
1.8	 117.1	 0.093	 -0.327
3.7	 117.1	 -0.128	 -0.374
5.5	 117.1	 -0.082	 -0.432
7.2	 117.1	 -0.128	 -0.280
9.0	 117.1	 -0.047	 -0.327
10.8	 117.1	 0.093	 -0.304
12.6	 117.1	 -0.152	 -0.152
14.3	 117.1	 -0.035	 -0.164
16.2	 117.1	 -0.070	 -0.128
18.0	 117.1	 -0.082	 -0.140
19.8	 117.1	 0.000	 0.000
21.6	 117.1	 0.000	 0.000
23.3	 117.1	 -0.035	 0.023
25.2	 117.1	 0.047	 -0.070
27.0	 117.1	 0.093	 -0.105
28.8	 117.1	 0.058	 -0.047
30.6	 117.1	 0.047	 0.234
32.3	 117.1	 -0.070	 0.047
34.2	 117.1	 -0.140	 0.164
35.8	 117.1	 -0.082	 0.187
37.7	 117.1	 -0.117	 0.070
39.5	 117.1	 -0.012	 0.047
41.3	 117.1	 -0.105	 0.128
43.1	 117.1	 -0.058	 0.000
44.8	 117.1	 -0.012	 0.035
46.7	 117.1	 0.012	 0.093
48.5	 117.1	 0.035	 0.035
50.3	 117.1	 -0.023	 0.093
52.1	 117.1	 -0.012	 0.000
53.8	 117.1	 -0.082	 0.047
55.7	 117.1	 -0.058	 0.012
57.5	 117.1	 -0.093	 -0.082
59.3	 117.1	 -0.280	 -0.105
61.1	 117.1	 -0.117	 -0.070
62.8	 117.1	 -0.047	 -0.128
64.6	 117.1	 0.000	 -0.152
66.3	 117.1	 -0.082	 -0.152
68.2	 117.1	 0.000	 0.000
-3.5	 118.9	 0.000	 0.000
-1.7	 118.9	 0.000	 0.000
0.1	 118.9	 0.000	 0.000
1.8	 118.9	 -0.012	 -0.175
3.7	 118.9	 -0.058	 -0.350
5.5	 118.9	 -0.140	 -0.350
7.2	 118.9	 -0.105	 -0.257
9.0	 118.9	 -0.023	 -0.257
10.8	 118.9	 0.023	 -0.257
12.6	 118.9	 -0.105	 -0.210
14.3	 118.9	 -0.128	 -0.128
16.2	 118.9	 -0.117	 -0.105
18.0	 118.9	 -0.047	 -0.199
19.8	 118.9	 0.082	 -0.047
21.6	 118.9	 0.000	 -0.093
23.3	 118.9	 -0.023	 -0.012
25.2	 118.9	 0.082	 -0.035
27.0	 118.9	 0.152	 -0.105
28.8	 118.9	 0.128	 -0.047
30.6	 118.9	 -0.070	 0.058
32.3	 118.9	 -0.164	 0.164
34.2	 118.9	 -0.187	 0.105
35.8	 118.9	 -0.117	 0.082
37.7	 118.9	 -0.047	 0.140
39.5	 118.9	 0.012	 0.152
41.3	 118.9	 0.199	 0.467
43.1	 118.9	 -0.047	 0.105
44.8	 118.9	 -0.023	 0.128
46.7	 118.9	 0.152	 0.128
48.5	 118.9	 0.000	 0.105
50.3	 118.9	 -0.012	 0.047
52.1	 118.9	 -0.035	 0.012
53.8	 118.9	 -0.117	 0.035
55.7	 118.9	 -0.012	 0.012
57.5	 118.9	 0.000	 -0.023
59.3	 118.9	 0.047	 -0.070
61.1	 118.9	 0.000	 -0.175
62.8	 118.9	 0.023	 -0.187
64.6	 118.9	 0.023	 -0.140
66.3	 118.9	 -0.105	 -0.175
68.2	 118.9	 0.000	 0.000
-3.5	 120.6	 0.000	 0.000
-1.7	 120.6	 0.000	 0.000
0.1	 120.6	 0.000	 0.000
1.8	 120.6	 -0.012	 -0.152
3.7	 120.6	 0.000	 -0.397
5.5	 120.6	 0.012	 -0.315
7.2	 120.6	 -0.023	 -0.070
9.0	 120.6	 -0.058	 -0.222
10.8	 120.6	 -0.164	 -0.327
12.6	 120.6	 -0.187	 -0.350
14.3	 120.6	 -0.175	 -0.093
16.2	 120.6	 -0.082	 -0.128
18.0	 120.6	 -0.035	 -0.175
19.8	 120.6	 0.047	 -0.140
21.6	 120.6	 -0.012	 -0.082
23.3	 120.6	 0.000	 0.000
25.2	 120.6	 0.035	 0.000
27.0	 120.6	 -0.105	 0.152
28.8	 120.6	 -0.093	 0.012
30.6	 120.6	 -0.210	 0.292
32.3	 120.6	 -0.199	 0.269
34.2	 120.6	 -0.140	 0.128
35.8	 120.6	 -0.082	 0.105
37.7	 120.6	 -0.082	 0.175
39.5	 120.6	 0.012	 0.210
41.3	 120.6	 0.000	 0.304
43.1	 120.6	 -0.140	 0.222
44.8	 120.6	 -0.222	 0.140
46.7	 120.6	 -0.187	 -0.035
48.5	 120.6	 -0.012	 0.093
50.3	 120.6	 -0.012	 0.023
52.1	 120.6	 -0.035	 0.047
53.8	 120.6	 0.070	 0.000
55.7	 120.6	 0.128	 0.012
57.5	 120.6	 0.012	 -0.058
59.3	 120.6	 0.035	 -0.082
61.1	 120.6	 0.047	 -0.117
62.8	 120.6	 -0.035	 -0.128
64.6	 120.6	 0.035	 -0.082
66.3	 120.6	 -0.023	 -0.128
68.2	 120.6	 0.047	 -0.269
-3.5	 122.4	 0.000	 0.000
-1.7	 122.4	 0.000	 0.000
0.1	 122.4	 0.000	 0.000
1.8	 122.4	 0.058	 -0.292
3.7	 122.4	 -0.070	 -0.280
5.5	 122.4	 -0.058	 -0.245
7.2	 122.4	 0.035	 -0.152
9.0	 122.4	 -0.164	 -0.128
10.8	 122.4	 -0.128	 -0.140
12.6	 122.4	 -0.128	 -0.140
14.3	 122.4	 -0.012	 -0.070
16.2	 122.4	 -0.070	 -0.140
18.0	 122.4	 -0.070	 -0.128
19.8	 122.4	 0.175	 -0.257
21.6	 122.4	 0.023	 -0.117
23.3	 122.4	 -0.023	 0.023
25.2	 122.4	 -0.035	 0.035
27.0	 122.4	 0.000	 -0.012
28.8	 122.4	 0.058	 -0.035
30.6	 122.4	 0.000	 0.245
32.3	 122.4	 -0.175	 0.070
34.2	 122.4	 -0.128	 0.047
35.8	 122.4	 -0.117	 0.035
37.7	 122.4	 -0.058	 0.152
39.5	 122.4	 -0.280	 0.128
41.3	 122.4	 -0.047	 0.187
43.1	 122.4	 -0.058	 0.304
44.8	 122.4	 -0.140	 0.164
46.7	 122.4	 -0.047	 0.199
48.5	 122.4	 -0.187	 0.105
50.3	 122.4	 -0.047	 0.058
52.1	 122.4	 -0.023	 0.012
53.8	 122.4	 0.082	 0.023
55.7	 122.4	 0.000	 -0.047
57.5	 122.4	 -0.035	 0.000
59.3	 122.4	 0.000	 0.012
61.1	 122.4	 0.023	 -0.012
62.8	 122.4	 -0.082	 0.012
64.6	 122.4	 -0.035	 -0.128
66.3	 122.4	 -0.012	 -0.245
68.2	 122.4	 0.000	 -0.584
-3.5	 124.3	 0.000	 0.000
-1.7	 124.3	 0.000	 0.000
0.1	 124.3	 0.000	 0.000
1.8	 124.3	 0.082	 -0.304
3.7	 124.3	 -0.128	 -0.385
5.5	 124.3	 -0.023	 -0.350
7.2	 124.3	 -0.175	 -0.117
9.0	 124.3	 -0.058	 -0.140
10.8	 124.3	 -0.082	 -0.175
12.6	 124.3	 -0.140	 -0.082
14.3	 124.3	 -0.070	 -0.140
16.2	 124.3	 -0.035	 -0.105
18.0	 124.3	 -0.093	 -0.093
19.8	 124.3	 0.175	 -0.012
21.6	 124.3	 0.012	 0.199
23.3	 124.3	 -0.047	 0.035
25.2	 124.3	 -0.152	 0.234
27.0	 124.3	 -0.128	 0.199
28.8	 124.3	 0.023	 -0.093
30.6	 124.3	 -0.070	 0.152
32.3	 124.3	 -0.093	 0.012
34.2	 124.3	 -0.082	 0.047
35.8	 124.3	 -0.058	 0.292
37.7	 124.3	 -0.058	 0.304
39.5	 124.3	 -0.280	 0.128
41.3	 124.3	 -0.070	 0.245
43.1	 124.3	 -0.035	 0.222
44.8	 124.3	 -0.035	 0.128
46.7	 124.3	 -0.117	 0.164
48.5	 124.3	 -0.140	 0.105
50.3	 124.3	 -0.070	 0.117
52.1	 124.3	 0.000	 0.175
53.8	 124.3	 0.023	 0.047
55.7	 124.3	 -0.058	 -0.035
57.5	 124.3	 -0.105	 0.000
59.3	 124.3	 -0.012	 0.070
61.1	 124.3	 0.012	 -0.012
62.8	 124.3	 0.035	 -0.070
64.6	 124.3	 -0.012	 -0.128
66.3	 124.3	 -0.035	 -0.105
68.2	 124.3	 -0.012	 -0.455
