-1.7	 50.8	 0.000	 0.000
0.0	 50.8	 0.000	 0.000
1.9	 50.8	 -0.362	 0.175
3.6	 50.8	 -0.012	 0.327
5.5	 50.8	 -0.047	 0.502
7.3	 50.8	 -0.023	 0.444
9.0	 50.8	 -0.012	 0.572
10.8	 50.8	 -0.023	 0.642
12.5	 50.8	 -0.023	 0.712
14.4	 50.8	 -0.047	 0.736
16.1	 50.8	 -0.070	 0.724
18.0	 50.8	 -0.070	 0.736
19.8	 50.8	 -0.070	 0.771
21.5	 50.8	 -0.070	 0.923
23.4	 50.8	 -0.164	 1.425
25.1	 50.8	 -0.117	 1.682
27.0	 50.8	 -0.035	 1.448
28.8	 50.8	 -0.432	 1.822
30.5	 50.8	 -0.409	 1.857
32.4	 50.8	 -0.105	 1.600
34.1	 50.8	 -0.245	 1.775
36.0	 50.8	 -0.035	 1.834
37.6	 50.8	 -0.117	 1.752
39.5	 50.8	 0.023	 1.764
41.3	 50.8	 -0.093	 1.682
43.0	 50.8	 0.070	 1.845
44.9	 50.8	 0.012	 1.460
46.6	 50.8	 -0.093	 1.156
48.5	 50.8	 0.012	 1.355
50.3	 50.8	 -0.012	 1.425
52.0	 50.8	 0.093	 0.853
53.9	 50.8	 0.128	 0.829
55.6	 50.8	 0.105	 0.806
57.5	 50.8	 0.128	 0.747
59.3	 50.8	 -0.035	 0.689
61.0	 50.8	 0.245	 0.818
62.9	 50.8	 0.047	 0.689
64.6	 50.8	 0.047	 0.537
66.4	 50.8	 0.105	 0.467
68.1	 50.8	 0.128	 -0.853
70.0	 50.8	 0.000	 0.000
-1.7	 52.6	 0.000	 0.000
0.0	 52.6	 -0.035	 0.841
1.9	 52.6	 -0.058	 0.409
3.6	 52.6	 -0.035	 0.339
5.5	 52.6	 -0.035	 0.397
7.3	 52.6	 -0.012	 0.572
9.0	 52.6	 -0.012	 0.607
10.8	 52.6	 -0.035	 0.736
12.5	 52.6	 -0.035	 0.701
14.4	 52.6	 -0.070	 0.724
16.1	 52.6	 -0.058	 0.736
18.0	 52.6	 -0.047	 0.818
19.8	 52.6	 -0.117	 0.829
21.5	 52.6	 0.187	 1.273
23.4	 52.6	 0.152	 1.250
25.1	 52.6	 -0.035	 1.658
27.0	 52.6	 0.234	 1.495
28.8	 52.6	 -0.257	 1.857
30.5	 52.6	 -0.292	 1.892
32.4	 52.6	 -0.047	 1.728
34.1	 52.6	 0.000	 1.635
36.0	 52.6	 -0.175	 2.044
37.6	 52.6	 0.199	 1.834
39.5	 52.6	 0.164	 1.705
41.3	 52.6	 0.140	 1.425
43.0	 52.6	 0.000	 1.635
44.9	 52.6	 0.012	 1.530
46.6	 52.6	 0.000	 1.553
48.5	 52.6	 0.058	 1.250
50.3	 52.6	 0.175	 0.923
52.0	 52.6	 0.117	 0.864
53.9	 52.6	 -0.047	 0.888
55.6	 52.6	 0.023	 0.864
57.5	 52.6	 0.082	 0.712
59.3	 52.6	 0.245	 0.864
61.0	 52.6	 0.304	 0.864
62.9	 52.6	 0.070	 0.724
64.6	 52.6	 0.058	 0.432
66.4	 52.6	 0.047	 0.292
68.1	 52.6	 0.152	 0.981
70.0	 52.6	 0.000	 0.000
-1.7	 54.4	 0.000	 0.000
0.0	 54.4	 0.000	 0.000
1.9	 54.4	 -0.012	 0.432
3.6	 54.4	 -0.058	 0.561
5.5	 54.4	 -0.023	 0.642
7.3	 54.4	 0.000	 0.549
9.0	 54.4	 -0.023	 0.666
10.8	 54.4	 -0.058	 0.794
12.5	 54.4	 -0.023	 0.736
14.4	 54.4	 -0.047	 0.747
16.1	 54.4	 -0.035	 0.782
18.0	 54.4	 -0.047	 0.946
19.8	 54.4	 -0.105	 1.004
21.5	 54.4	 0.047	 1.425
23.4	 54.4	 0.000	 1.507
25.1	 54.4	 -0.269	 1.413
27.0	 54.4	 -0.012	 1.437
28.8	 54.4	 -0.023	 1.693
30.5	 54.4	 0.210	 1.717
32.4	 54.4	 0.000	 0.000
34.1	 54.4	 -0.152	 1.740
36.0	 54.4	 -0.082	 1.623
37.6	 54.4	 -0.093	 1.623
39.5	 54.4	 0.164	 1.728
41.3	 54.4	 0.047	 1.717
43.0	 54.4	 0.152	 1.670
44.9	 54.4	 0.128	 1.215
46.6	 54.4	 -0.012	 1.074
48.5	 54.4	 0.035	 1.203
50.3	 54.4	 0.257	 1.180
52.0	 54.4	 0.012	 0.934
53.9	 54.4	 -0.035	 0.853
55.6	 54.4	 0.093	 0.911
57.5	 54.4	 0.093	 0.747
59.3	 54.4	 0.210	 0.864
61.0	 54.4	 0.117	 0.712
62.9	 54.4	 0.035	 0.631
64.6	 54.4	 0.058	 0.409
66.4	 54.4	 0.012	 0.304
68.1	 54.4	 0.093	 -1.074
70.0	 54.4	 0.000	 0.000
-1.7	 56.1	 0.000	 0.000
0.0	 56.1	 0.000	 0.000
1.9	 56.1	 -0.117	 0.455
3.6	 56.1	 -0.058	 0.526
5.5	 56.1	 -0.070	 0.736
7.3	 56.1	 -0.023	 0.561
9.0	 56.1	 -0.023	 0.677
10.8	 56.1	 -0.047	 0.689
12.5	 56.1	 -0.058	 0.829
14.4	 56.1	 -0.070	 0.736
16.1	 56.1	 -0.082	 0.747
18.0	 56.1	 -0.140	 1.063
19.8	 56.1	 -0.058	 0.829
21.5	 56.1	 -0.105	 0.841
23.4	 56.1	 -0.175	 1.039
25.1	 56.1	 -0.782	 1.997
27.0	 56.1	 -0.280	 1.401
28.8	 56.1	 -0.292	 2.020
30.5	 56.1	 -0.140	 1.927
32.4	 56.1	 -0.023	 2.067
34.1	 56.1	 -0.128	 2.020
36.0	 56.1	 -0.152	 1.939
37.6	 56.1	 0.257	 1.775
39.5	 56.1	 0.222	 1.740
41.3	 56.1	 0.152	 1.799
43.0	 56.1	 0.140	 1.518
44.9	 56.1	 0.257	 1.437
46.6	 56.1	 0.187	 1.413
48.5	 56.1	 0.093	 0.969
50.3	 56.1	 0.152	 1.051
52.0	 56.1	 0.315	 1.145
53.9	 56.1	 0.140	 1.226
55.6	 56.1	 0.082	 0.888
57.5	 56.1	 0.082	 0.923
59.3	 56.1	 0.140	 0.841
61.0	 56.1	 0.128	 0.888
62.9	 56.1	 0.269	 0.736
64.6	 56.1	 0.012	 0.502
66.4	 56.1	 0.035	 0.537
68.1	 56.1	 0.000	 0.000
70.0	 56.1	 0.000	 0.000
-1.7	 57.9	 0.000	 0.000
0.0	 57.9	 -0.047	 0.969
1.9	 57.9	 0.023	 0.409
3.6	 57.9	 -0.023	 0.537
5.5	 57.9	 -0.082	 0.619
7.3	 57.9	 -0.047	 0.607
9.0	 57.9	 -0.047	 0.689
10.8	 57.9	 -0.070	 0.747
12.5	 57.9	 -0.105	 0.911
14.4	 57.9	 -0.082	 0.747
16.1	 57.9	 -0.093	 0.747
18.0	 57.9	 0.023	 0.818
19.8	 57.9	 0.012	 0.853
21.5	 57.9	 -0.093	 0.806
23.4	 57.9	 -0.876	 1.974
25.1	 57.9	 -0.561	 1.939
27.0	 57.9	 -0.058	 1.740
28.8	 57.9	 0.023	 1.728
30.5	 57.9	 0.304	 1.600
32.4	 57.9	 0.210	 1.728
34.1	 57.9	 -0.152	 2.091
36.0	 57.9	 0.269	 1.915
37.6	 57.9	 -0.047	 2.114
39.5	 57.9	 0.164	 1.915
41.3	 57.9	 0.304	 1.728
43.0	 57.9	 0.058	 1.799
44.9	 57.9	 0.152	 1.565
46.6	 57.9	 0.561	 1.425
48.5	 57.9	 0.222	 1.238
50.3	 57.9	 0.187	 1.145
52.0	 57.9	 0.245	 1.180
53.9	 57.9	 0.035	 1.331
55.6	 57.9	 0.128	 1.051
57.5	 57.9	 0.140	 1.203
59.3	 57.9	 0.164	 0.771
61.0	 57.9	 0.093	 0.806
62.9	 57.9	 0.105	 0.771
64.6	 57.9	 0.023	 0.526
66.4	 57.9	 0.012	 0.677
68.1	 57.9	 0.093	 0.841
70.0	 57.9	 0.000	 0.000
-1.7	 59.8	 0.000	 0.000
0.0	 59.8	 0.000	 0.000
1.9	 59.8	 -0.023	 0.222
3.6	 59.8	 -0.140	 0.502
5.5	 59.8	 -0.093	 0.572
7.3	 59.8	 -0.058	 0.619
9.0	 59.8	 -0.070	 0.701
10.8	 59.8	 -0.082	 0.782
12.5	 59.8	 -0.128	 0.958
14.4	 59.8	 -0.093	 0.818
16.1	 59.8	 -0.082	 0.759
18.0	 59.8	 -0.082	 0.782
19.8	 59.8	 -0.269	 1.320
21.5	 59.8	 -0.093	 0.829
23.4	 59.8	 -0.152	 1.215
25.1	 59.8	 -0.164	 1.553
27.0	 59.8	 0.035	 1.799
28.8	 59.8	 0.070	 2.102
30.5	 59.8	 0.292	 1.834
32.4	 59.8	 -0.105	 1.565
34.1	 59.8	 -0.140	 1.752
36.0	 59.8	 0.000	 1.682
37.6	 59.8	 0.082	 1.635
39.5	 59.8	 0.105	 1.658
41.3	 59.8	 0.304	 1.553
43.0	 59.8	 0.245	 1.600
44.9	 59.8	 0.117	 1.366
46.6	 59.8	 0.315	 1.320
48.5	 59.8	 0.409	 1.507
50.3	 59.8	 0.491	 1.518
52.0	 59.8	 0.128	 1.086
53.9	 59.8	 -0.093	 1.086
55.6	 59.8	 0.164	 1.121
57.5	 59.8	 0.210	 1.203
59.3	 59.8	 0.199	 0.899
61.0	 59.8	 0.164	 0.759
62.9	 59.8	 0.070	 0.607
64.6	 59.8	 0.000	 0.257
66.4	 59.8	 0.023	 0.677
68.1	 59.8	 0.105	 0.853
70.0	 59.8	 0.000	 0.000
-1.7	 61.4	 0.000	 0.000
0.0	 61.4	 0.000	 0.000
1.9	 61.4	 -0.093	 0.642
3.6	 61.4	 -0.035	 0.537
5.5	 61.4	 -0.269	 0.701
7.3	 61.4	 -0.269	 0.689
9.0	 61.4	 -0.058	 0.724
10.8	 61.4	 -0.035	 0.794
12.5	 61.4	 -0.082	 0.794
14.4	 61.4	 -0.070	 0.794
16.1	 61.4	 -0.105	 0.818
18.0	 61.4	 -0.128	 0.782
19.8	 61.4	 -0.140	 0.818
21.5	 61.4	 -0.164	 0.946
23.4	 61.4	 -0.035	 1.121
25.1	 61.4	 -0.245	 1.950
27.0	 61.4	 -0.199	 2.102
28.8	 61.4	 -0.397	 1.693
30.5	 61.4	 -0.035	 1.530
32.4	 61.4	 0.047	 1.577
34.1	 61.4	 -0.105	 1.542
36.0	 61.4	 0.047	 2.044
37.6	 61.4	 0.047	 1.950
39.5	 61.4	 0.012	 1.950
41.3	 61.4	 0.420	 1.717
43.0	 61.4	 0.502	 1.670
44.9	 61.4	 0.339	 1.472
46.6	 61.4	 0.140	 1.612
48.5	 61.4	 0.128	 1.413
50.3	 61.4	 0.234	 1.285
52.0	 61.4	 0.222	 1.250
53.9	 61.4	 0.397	 1.437
55.6	 61.4	 0.175	 1.074
57.5	 61.4	 0.117	 1.039
59.3	 61.4	 -0.058	 0.911
61.0	 61.4	 0.152	 0.993
62.9	 61.4	 0.012	 0.806
64.6	 61.4	 -0.047	 0.607
66.4	 61.4	 0.035	 0.467
68.1	 61.4	 0.000	 0.000
70.0	 61.4	 0.000	 0.000
-1.7	 63.3	 0.000	 0.000
0.0	 63.3	 0.000	 0.000
1.9	 63.3	 -0.012	 0.677
3.6	 63.3	 -0.105	 0.759
5.5	 63.3	 -0.093	 0.794
7.3	 63.3	 -0.035	 0.701
9.0	 63.3	 -0.117	 0.736
10.8	 63.3	 -0.058	 0.759
12.5	 63.3	 0.000	 0.899
14.4	 63.3	 0.023	 0.876
16.1	 63.3	 -0.093	 0.794
18.0	 63.3	 -0.105	 0.759
19.8	 63.3	 -0.058	 0.794
21.5	 63.3	 -0.140	 0.993
23.4	 63.3	 -0.117	 0.876
25.1	 63.3	 -0.152	 1.390
27.0	 63.3	 0.070	 1.261
28.8	 63.3	 0.000	 0.000
30.5	 63.3	 0.000	 0.000
32.4	 63.3	 0.023	 1.728
34.1	 63.3	 -0.012	 1.460
36.0	 63.3	 0.035	 1.612
37.6	 63.3	 -0.047	 2.009
39.5	 63.3	 0.082	 1.834
41.3	 63.3	 0.327	 1.740
43.0	 63.3	 0.467	 1.752
44.9	 63.3	 0.537	 1.728
46.6	 63.3	 0.385	 1.705
48.5	 63.3	 0.245	 1.507
50.3	 63.3	 -0.058	 1.109
52.0	 63.3	 0.362	 1.261
53.9	 63.3	 0.210	 0.911
55.6	 63.3	 0.140	 0.981
57.5	 63.3	 0.245	 1.121
59.3	 63.3	 0.035	 1.098
61.0	 63.3	 0.082	 0.818
62.9	 63.3	 0.140	 0.829
64.6	 63.3	 -0.117	 0.444
66.4	 63.3	 -0.047	 0.444
68.1	 63.3	 0.000	 0.000
70.0	 63.3	 0.000	 0.000
-1.7	 65.1	 0.000	 0.000
0.0	 65.1	 -0.047	 0.911
1.9	 65.1	 -0.035	 0.642
3.6	 65.1	 0.000	 0.736
5.5	 65.1	 -0.012	 0.561
7.3	 65.1	 -0.035	 0.549
9.0	 65.1	 -0.117	 0.724
10.8	 65.1	 -0.035	 0.794
12.5	 65.1	 -0.047	 0.876
14.4	 65.1	 -0.047	 0.829
16.1	 65.1	 -0.199	 0.747
18.0	 65.1	 -0.128	 0.888
19.8	 65.1	 -0.128	 1.028
21.5	 65.1	 -0.082	 0.876
23.4	 65.1	 -0.082	 0.899
25.1	 65.1	 -0.058	 1.425
27.0	 65.1	 -0.280	 1.437
28.8	 65.1	 -0.140	 1.764
30.5	 65.1	 0.012	 1.612
32.4	 65.1	 -0.082	 1.565
34.1	 65.1	 0.234	 1.822
36.0	 65.1	 0.199	 1.577
37.6	 65.1	 0.058	 1.752
39.5	 65.1	 0.269	 1.822
41.3	 65.1	 0.315	 1.752
43.0	 65.1	 0.152	 1.600
44.9	 65.1	 0.082	 1.857
46.6	 65.1	 0.315	 1.553
48.5	 65.1	 0.245	 1.612
50.3	 65.1	 0.128	 1.437
52.0	 65.1	 0.350	 1.133
53.9	 65.1	 0.409	 1.460
55.6	 65.1	 0.152	 1.448
57.5	 65.1	 0.222	 1.028
59.3	 65.1	 0.070	 0.934
61.0	 65.1	 0.164	 0.981
62.9	 65.1	 0.128	 0.958
64.6	 65.1	 0.105	 0.677
66.4	 65.1	 -0.058	 0.467
68.1	 65.1	 0.000	 0.000
70.0	 65.1	 0.000	 0.000
-1.7	 66.9	 0.000	 0.000
0.0	 66.9	 0.000	 0.000
1.9	 66.9	 -0.152	 0.654
3.6	 66.9	 -0.082	 0.689
5.5	 66.9	 -0.047	 0.619
7.3	 66.9	 -0.058	 0.561
9.0	 66.9	 -0.047	 0.689
10.8	 66.9	 -0.058	 0.806
12.5	 66.9	 -0.082	 0.701
14.4	 66.9	 -0.058	 0.888
16.1	 66.9	 -0.035	 0.923
18.0	 66.9	 -0.199	 0.888
19.8	 66.9	 -0.152	 1.028
21.5	 66.9	 -0.023	 1.028
23.4	 66.9	 -0.058	 0.806
25.1	 66.9	 -0.093	 0.934
27.0	 66.9	 -0.140	 1.366
28.8	 66.9	 -0.222	 1.518
30.5	 66.9	 0.000	 0.000
32.4	 66.9	 0.047	 1.261
34.1	 66.9	 0.140	 1.834
36.0	 66.9	 0.000	 1.565
37.6	 66.9	 0.210	 1.483
39.5	 66.9	 0.175	 1.331
41.3	 66.9	 0.245	 1.577
43.0	 66.9	 0.210	 1.612
44.9	 66.9	 -0.058	 1.869
46.6	 66.9	 0.245	 1.658
48.5	 66.9	 0.128	 1.612
50.3	 66.9	 0.128	 1.355
52.0	 66.9	 -0.164	 1.039
53.9	 66.9	 0.164	 1.250
55.6	 66.9	 0.222	 1.448
57.5	 66.9	 0.128	 0.969
59.3	 66.9	 -0.023	 0.853
61.0	 66.9	 0.023	 0.701
62.9	 66.9	 0.058	 0.514
64.6	 66.9	 0.058	 0.596
66.4	 66.9	 0.047	 0.549
68.1	 66.9	 0.000	 0.000
70.0	 66.9	 0.000	 0.000
-1.7	 68.6	 0.000	 0.000
0.0	 68.6	 0.000	 0.000
1.9	 68.6	 -0.023	 0.771
3.6	 68.6	 0.035	 0.736
5.5	 68.6	 -0.222	 0.666
7.3	 68.6	 -0.058	 0.596
9.0	 68.6	 -0.093	 0.619
10.8	 68.6	 -0.047	 0.888
12.5	 68.6	 -0.047	 0.818
14.4	 68.6	 -0.070	 0.946
16.1	 68.6	 -0.012	 0.888
18.0	 68.6	 -0.117	 1.191
19.8	 68.6	 -0.222	 0.958
21.5	 68.6	 0.222	 1.086
23.4	 68.6	 -0.280	 0.899
25.1	 68.6	 -0.105	 0.969
27.0	 68.6	 -0.082	 1.028
28.8	 68.6	 -0.128	 1.250
30.5	 68.6	 0.047	 1.051
32.4	 68.6	 0.093	 1.390
34.1	 68.6	 -0.035	 1.495
36.0	 68.6	 0.058	 1.997
37.6	 68.6	 -0.058	 1.577
39.5	 68.6	 0.000	 1.647
41.3	 68.6	 0.269	 1.635
43.0	 68.6	 0.292	 1.623
44.9	 68.6	 0.070	 1.460
46.6	 68.6	 0.117	 1.845
48.5	 68.6	 0.222	 1.658
50.3	 68.6	 0.280	 1.366
52.0	 68.6	 0.093	 1.378
53.9	 68.6	 0.047	 1.121
55.6	 68.6	 0.350	 1.215
57.5	 68.6	 0.035	 0.911
59.3	 68.6	 -0.012	 0.759
61.0	 68.6	 0.023	 0.759
62.9	 68.6	 0.012	 0.736
64.6	 68.6	 -0.023	 0.666
66.4	 68.6	 0.000	 0.584
68.1	 68.6	 0.000	 0.000
70.0	 68.6	 0.000	 0.000
-1.7	 70.4	 0.000	 0.000
0.0	 70.4	 0.000	 0.000
1.9	 70.4	 -0.058	 0.782
3.6	 70.4	 -0.023	 0.724
5.5	 70.4	 0.058	 0.747
7.3	 70.4	 0.105	 0.724
9.0	 70.4	 0.000	 0.771
10.8	 70.4	 0.012	 0.829
12.5	 70.4	 -0.234	 0.934
14.4	 70.4	 -0.128	 0.981
16.1	 70.4	 0.023	 1.016
18.0	 70.4	 -0.035	 0.946
19.8	 70.4	 -0.117	 0.806
21.5	 70.4	 -0.187	 0.934
23.4	 70.4	 -0.327	 1.168
25.1	 70.4	 -0.187	 1.296
27.0	 70.4	 -0.117	 1.355
28.8	 70.4	 -0.117	 1.483
30.5	 70.4	 -0.140	 1.588
32.4	 70.4	 -0.444	 1.845
34.1	 70.4	 0.023	 1.682
36.0	 70.4	 0.152	 1.378
37.6	 70.4	 -0.023	 1.553
39.5	 70.4	 0.222	 1.623
41.3	 70.4	 0.199	 1.577
43.0	 70.4	 0.327	 1.530
44.9	 70.4	 0.023	 1.448
46.6	 70.4	 0.199	 1.448
48.5	 70.4	 0.269	 1.390
50.3	 70.4	 0.140	 1.063
52.0	 70.4	 0.339	 1.226
53.9	 70.4	 -0.058	 1.039
55.6	 70.4	 0.000	 0.934
57.5	 70.4	 -0.035	 0.782
59.3	 70.4	 0.058	 0.782
61.0	 70.4	 0.000	 0.829
62.9	 70.4	 -0.012	 0.818
64.6	 70.4	 0.012	 0.689
66.4	 70.4	 -0.012	 0.666
68.1	 70.4	 0.000	 0.000
70.0	 70.4	 0.000	 0.000
-1.7	 72.3	 0.000	 0.000
0.0	 72.3	 0.000	 -1.623
1.9	 72.3	 -0.093	 0.747
3.6	 72.3	 -0.047	 0.584
5.5	 72.3	 -0.093	 0.853
7.3	 72.3	 -0.093	 0.794
9.0	 72.3	 -0.023	 0.806
10.8	 72.3	 -0.023	 0.853
12.5	 72.3	 -0.047	 0.677
14.4	 72.3	 -0.070	 1.004
16.1	 72.3	 0.012	 0.946
18.0	 72.3	 -0.070	 0.818
19.8	 72.3	 -0.117	 0.782
21.5	 72.3	 -0.269	 0.934
23.4	 72.3	 -0.257	 0.782
25.1	 72.3	 -0.012	 0.946
27.0	 72.3	 -0.093	 1.308
28.8	 72.3	 -0.140	 1.775
30.5	 72.3	 -0.105	 1.728
32.4	 72.3	 -0.280	 1.670
34.1	 72.3	 -0.152	 1.693
36.0	 72.3	 -0.058	 1.425
37.6	 72.3	 0.140	 1.507
39.5	 72.3	 0.292	 1.542
41.3	 72.3	 0.187	 1.682
43.0	 72.3	 0.082	 1.764
44.9	 72.3	 -0.070	 1.413
46.6	 72.3	 0.128	 1.425
48.5	 72.3	 0.058	 1.507
50.3	 72.3	 0.164	 1.495
52.0	 72.3	 0.105	 1.437
53.9	 72.3	 0.070	 1.600
55.6	 72.3	 0.093	 1.074
57.5	 72.3	 0.012	 1.074
59.3	 72.3	 0.140	 0.934
61.0	 72.3	 0.117	 0.888
62.9	 72.3	 0.000	 0.596
64.6	 72.3	 0.035	 0.502
66.4	 72.3	 0.047	 0.491
68.1	 72.3	 0.000	 0.000
70.0	 72.3	 0.000	 0.000
-1.7	 74.1	 0.000	 0.000
0.0	 74.1	 0.000	 0.000
1.9	 74.1	 -0.082	 0.853
3.6	 74.1	 -0.012	 0.666
5.5	 74.1	 -0.035	 0.677
7.3	 74.1	 -0.152	 0.934
9.0	 74.1	 -0.047	 1.016
10.8	 74.1	 -0.058	 1.028
12.5	 74.1	 -0.082	 0.876
14.4	 74.1	 -0.058	 0.899
16.1	 74.1	 -0.152	 1.390
18.0	 74.1	 -0.047	 0.923
19.8	 74.1	 -0.047	 0.876
21.5	 74.1	 -0.164	 0.923
23.4	 74.1	 -0.175	 0.934
25.1	 74.1	 -0.117	 1.238
27.0	 74.1	 -0.070	 0.829
28.8	 74.1	 -0.642	 1.296
30.5	 74.1	 0.000	 0.000
32.4	 74.1	 -0.432	 1.752
34.1	 74.1	 -0.128	 1.460
36.0	 74.1	 0.117	 1.670
37.6	 74.1	 0.000	 1.764
39.5	 74.1	 -0.082	 1.448
41.3	 74.1	 0.047	 1.530
43.0	 74.1	 0.058	 1.413
44.9	 74.1	 0.164	 1.437
46.6	 74.1	 -0.012	 1.577
48.5	 74.1	 0.164	 1.355
50.3	 74.1	 -0.023	 1.203
52.0	 74.1	 0.140	 1.051
53.9	 74.1	 0.012	 0.958
55.6	 74.1	 0.023	 0.958
57.5	 74.1	 0.058	 0.923
59.3	 74.1	 0.035	 0.958
61.0	 74.1	 -0.023	 0.876
62.9	 74.1	 0.023	 0.829
64.6	 74.1	 0.105	 0.654
66.4	 74.1	 0.175	 0.712
68.1	 74.1	 0.105	 1.016
70.0	 74.1	 0.000	 0.000
-1.7	 75.9	 0.000	 0.000
0.0	 75.9	 0.000	 0.000
1.9	 75.9	 -0.070	 0.736
3.6	 75.9	 -0.047	 0.642
5.5	 75.9	 0.023	 0.759
7.3	 75.9	 -0.070	 0.946
9.0	 75.9	 -0.140	 0.911
10.8	 75.9	 -0.047	 0.993
12.5	 75.9	 -0.105	 0.911
14.4	 75.9	 -0.128	 0.969
16.1	 75.9	 -0.164	 0.981
18.0	 75.9	 -0.012	 1.016
19.8	 75.9	 -0.327	 1.308
21.5	 75.9	 -0.666	 0.782
23.4	 75.9	 -0.210	 1.051
25.1	 75.9	 -0.093	 0.993
27.0	 75.9	 -0.140	 1.226
28.8	 75.9	 -0.280	 1.518
30.5	 75.9	 -0.502	 1.355
32.4	 75.9	 -0.269	 1.553
34.1	 75.9	 -0.164	 1.203
36.0	 75.9	 -0.257	 1.180
37.6	 75.9	 -0.222	 1.180
39.5	 75.9	 0.152	 1.296
41.3	 75.9	 0.047	 1.308
43.0	 75.9	 0.023	 1.320
44.9	 75.9	 0.000	 1.343
46.6	 75.9	 -0.047	 1.495
48.5	 75.9	 0.222	 1.226
50.3	 75.9	 0.023	 1.121
52.0	 75.9	 0.210	 1.320
53.9	 75.9	 0.023	 0.969
55.6	 75.9	 -0.070	 0.712
57.5	 75.9	 -0.070	 0.899
59.3	 75.9	 0.035	 0.888
61.0	 75.9	 0.012	 0.759
62.9	 75.9	 0.128	 0.876
64.6	 75.9	 0.128	 0.806
66.4	 75.9	 0.047	 0.759
68.1	 75.9	 0.093	 0.888
70.0	 75.9	 0.000	 0.000
-1.7	 77.6	 0.000	 0.000
0.0	 77.6	 0.000	 0.000
1.9	 77.6	 -0.012	 0.736
3.6	 77.6	 0.035	 0.736
5.5	 77.6	 0.058	 0.818
7.3	 77.6	 -0.152	 0.969
9.0	 77.6	 -0.035	 0.806
10.8	 77.6	 -0.047	 0.993
12.5	 77.6	 -0.140	 0.969
14.4	 77.6	 0.070	 0.946
16.1	 77.6	 0.140	 1.039
18.0	 77.6	 0.175	 0.981
19.8	 77.6	 -0.058	 0.958
21.5	 77.6	 -0.140	 1.437
23.4	 77.6	 -0.047	 1.401
25.1	 77.6	 -0.210	 1.051
27.0	 77.6	 -0.362	 1.168
28.8	 77.6	 -0.315	 1.682
30.5	 77.6	 -0.187	 1.588
32.4	 77.6	 -0.047	 1.658
34.1	 77.6	 0.000	 0.000
36.0	 77.6	 -0.561	 1.939
37.6	 77.6	 -0.199	 1.261
39.5	 77.6	 0.047	 1.180
41.3	 77.6	 -0.093	 1.764
43.0	 77.6	 -0.222	 1.413
44.9	 77.6	 -0.280	 1.145
46.6	 77.6	 -0.117	 1.168
48.5	 77.6	 0.023	 1.366
50.3	 77.6	 0.152	 1.168
52.0	 77.6	 0.164	 1.051
53.9	 77.6	 0.245	 0.923
55.6	 77.6	 -0.012	 0.876
57.5	 77.6	 -0.070	 0.853
59.3	 77.6	 0.000	 0.829
61.0	 77.6	 0.058	 0.818
62.9	 77.6	 0.070	 0.771
64.6	 77.6	 -0.012	 0.759
66.4	 77.6	 0.093	 0.689
68.1	 77.6	 0.070	 0.771
70.0	 77.6	 0.000	 0.000
-1.7	 79.4	 0.000	 0.000
0.0	 79.4	 0.000	 0.000
1.9	 79.4	 -0.012	 0.911
3.6	 79.4	 0.058	 0.794
5.5	 79.4	 0.023	 0.794
7.3	 79.4	 -0.012	 0.759
9.0	 79.4	 -0.012	 0.549
10.8	 79.4	 -0.058	 0.502
12.5	 79.4	 -0.093	 1.051
14.4	 79.4	 -0.023	 0.899
16.1	 79.4	 -0.280	 1.261
18.0	 79.4	 -0.210	 1.215
19.8	 79.4	 -0.035	 1.098
21.5	 79.4	 -0.012	 1.039
23.4	 79.4	 -0.070	 0.759
25.1	 79.4	 -0.128	 0.899
27.0	 79.4	 -0.035	 0.724
28.8	 79.4	 -0.257	 1.121
30.5	 79.4	 -0.234	 0.829
32.4	 79.4	 -0.070	 0.969
34.1	 79.4	 -0.280	 1.273
36.0	 79.4	 -0.070	 1.705
37.6	 79.4	 -0.187	 1.507
39.5	 79.4	 -0.152	 1.507
41.3	 79.4	 -0.035	 1.285
43.0	 79.4	 -0.070	 1.460
44.9	 79.4	 -0.023	 1.203
46.6	 79.4	 0.023	 1.250
48.5	 79.4	 0.128	 1.425
50.3	 79.4	 0.093	 1.086
52.0	 79.4	 0.199	 0.981
53.9	 79.4	 0.140	 1.051
55.6	 79.4	 -0.117	 1.074
57.5	 79.4	 -0.082	 0.958
59.3	 79.4	 -0.070	 0.923
61.0	 79.4	 -0.012	 0.946
62.9	 79.4	 0.047	 0.923
64.6	 79.4	 0.012	 0.829
66.4	 79.4	 0.058	 0.747
68.1	 79.4	 0.105	 0.934
70.0	 79.4	 0.000	 0.000
-1.7	 81.3	 0.000	 0.000
0.0	 81.3	 0.000	 0.000
1.9	 81.3	 -0.093	 0.876
3.6	 81.3	 -0.222	 0.864
5.5	 81.3	 -0.105	 0.782
7.3	 81.3	 0.058	 0.864
9.0	 81.3	 -0.058	 0.736
10.8	 81.3	 0.035	 0.712
12.5	 81.3	 -0.047	 1.028
14.4	 81.3	 -0.117	 1.273
16.1	 81.3	 -0.047	 1.039
18.0	 81.3	 -0.023	 1.390
19.8	 81.3	 -0.082	 0.876
21.5	 81.3	 -0.047	 1.016
23.4	 81.3	 -0.082	 1.121
25.1	 81.3	 -0.327	 1.191
27.0	 81.3	 -0.035	 1.051
28.8	 81.3	 -0.070	 1.296
30.5	 81.3	 -0.234	 1.542
32.4	 81.3	 -0.199	 1.401
34.1	 81.3	 0.000	 1.109
36.0	 81.3	 -0.047	 1.098
37.6	 81.3	 -0.047	 1.413
39.5	 81.3	 0.035	 1.121
41.3	 81.3	 -0.023	 0.981
43.0	 81.3	 0.012	 0.782
44.9	 81.3	 -0.152	 1.320
46.6	 81.3	 -0.023	 1.308
48.5	 81.3	 0.082	 1.168
50.3	 81.3	 0.082	 1.296
52.0	 81.3	 -0.117	 0.969
53.9	 81.3	 0.093	 1.250
55.6	 81.3	 -0.117	 1.074
57.5	 81.3	 -0.128	 0.934
59.3	 81.3	 -0.093	 0.888
61.0	 81.3	 -0.023	 0.946
62.9	 81.3	 0.058	 0.946
64.6	 81.3	 0.035	 0.981
66.4	 81.3	 0.035	 0.853
68.1	 81.3	 0.070	 0.876
70.0	 81.3	 0.000	 0.000
-1.7	 83.1	 0.000	 0.000
0.0	 83.1	 0.000	 0.000
1.9	 83.1	 -0.292	 0.934
3.6	 83.1	 -0.093	 0.759
5.5	 83.1	 -0.140	 0.864
7.3	 83.1	 -0.093	 0.981
9.0	 83.1	 -0.070	 0.946
10.8	 83.1	 -0.187	 0.993
12.5	 83.1	 -0.164	 0.958
14.4	 83.1	 -0.339	 1.016
16.1	 83.1	 -0.444	 1.483
18.0	 83.1	 -0.128	 1.261
19.8	 83.1	 0.152	 1.086
21.5	 83.1	 -0.140	 1.145
23.4	 83.1	 0.000	 1.156
25.1	 83.1	 -0.187	 1.320
27.0	 83.1	 0.023	 1.261
28.8	 83.1	 -0.164	 1.448
30.5	 83.1	 -0.058	 1.472
32.4	 83.1	 -0.280	 1.004
34.1	 83.1	 -0.257	 1.098
36.0	 83.1	 0.058	 1.401
37.6	 83.1	 -0.047	 1.028
39.5	 83.1	 0.012	 1.074
41.3	 83.1	 -0.199	 0.864
43.0	 83.1	 -0.187	 1.250
44.9	 83.1	 -0.105	 1.203
46.6	 83.1	 0.152	 1.156
48.5	 83.1	 0.187	 1.191
50.3	 83.1	 0.070	 1.320
52.0	 83.1	 -0.047	 1.238
53.9	 83.1	 0.128	 1.121
55.6	 83.1	 0.105	 1.180
57.5	 83.1	 0.035	 1.215
59.3	 83.1	 -0.128	 0.888
61.0	 83.1	 0.035	 0.876
62.9	 83.1	 0.047	 0.934
64.6	 83.1	 0.175	 0.841
66.4	 83.1	 0.035	 0.969
68.1	 83.1	 -0.035	 0.911
70.0	 83.1	 0.000	 0.000
-1.7	 84.9	 0.000	 0.000
0.0	 84.9	 0.000	 -0.981
1.9	 84.9	 0.023	 0.841
3.6	 84.9	 0.105	 0.747
5.5	 84.9	 0.105	 0.666
7.3	 84.9	 0.152	 0.794
9.0	 84.9	 -0.128	 0.876
10.8	 84.9	 -0.047	 0.888
12.5	 84.9	 -0.082	 1.098
14.4	 84.9	 -0.304	 0.946
16.1	 84.9	 -0.257	 0.934
18.0	 84.9	 -0.117	 1.028
19.8	 84.9	 0.012	 1.250
21.5	 84.9	 -0.362	 1.226
23.4	 84.9	 -0.117	 1.366
25.1	 84.9	 -0.280	 1.238
27.0	 84.9	 -0.058	 1.016
28.8	 84.9	 0.000	 0.000
30.5	 84.9	 -0.128	 1.004
32.4	 84.9	 -0.082	 1.156
34.1	 84.9	 0.093	 1.285
36.0	 84.9	 -0.374	 1.331
37.6	 84.9	 -0.187	 1.074
39.5	 84.9	 -0.070	 1.109
41.3	 84.9	 -0.035	 1.098
43.0	 84.9	 -0.105	 1.215
44.9	 84.9	 -0.012	 0.993
46.6	 84.9	 0.093	 1.063
48.5	 84.9	 0.093	 0.806
50.3	 84.9	 0.012	 0.864
52.0	 84.9	 -0.058	 1.028
53.9	 84.9	 0.058	 0.969
55.6	 84.9	 0.117	 1.191
57.5	 84.9	 0.012	 0.923
59.3	 84.9	 0.012	 0.841
61.0	 84.9	 -0.058	 0.899
62.9	 84.9	 0.023	 0.853
64.6	 84.9	 0.070	 0.876
66.4	 84.9	 -0.012	 0.888
68.1	 84.9	 0.140	 0.969
70.0	 84.9	 0.000	 0.000
-1.7	 86.6	 0.000	 0.000
0.0	 86.6	 0.000	 0.000
1.9	 86.6	 -0.012	 0.853
3.6	 86.6	 -0.093	 0.724
5.5	 86.6	 0.082	 0.864
7.3	 86.6	 0.070	 0.981
9.0	 86.6	 0.058	 0.747
10.8	 86.6	 0.035	 0.864
12.5	 86.6	 -0.491	 0.934
14.4	 86.6	 -0.187	 1.226
16.1	 86.6	 -0.093	 1.156
18.0	 86.6	 -0.070	 1.203
19.8	 86.6	 -0.070	 1.121
21.5	 86.6	 -0.327	 0.934
23.4	 86.6	 -0.327	 0.923
25.1	 86.6	 -0.093	 0.946
27.0	 86.6	 -0.117	 0.899
28.8	 86.6	 -0.058	 1.273
30.5	 86.6	 -0.047	 1.203
32.4	 86.6	 -0.105	 1.156
34.1	 86.6	 -0.105	 1.098
36.0	 86.6	 -0.537	 1.226
37.6	 86.6	 -0.339	 1.448
39.5	 86.6	 -0.245	 1.285
41.3	 86.6	 -0.047	 1.261
43.0	 86.6	 0.047	 1.074
44.9	 86.6	 0.000	 1.191
46.6	 86.6	 0.047	 1.156
48.5	 86.6	 0.082	 1.226
50.3	 86.6	 -0.058	 1.285
52.0	 86.6	 0.035	 1.051
53.9	 86.6	 0.047	 1.063
55.6	 86.6	 -0.035	 1.156
57.5	 86.6	 0.117	 0.911
59.3	 86.6	 0.047	 0.958
61.0	 86.6	 -0.082	 0.888
62.9	 86.6	 -0.082	 0.888
64.6	 86.6	 -0.047	 1.016
66.4	 86.6	 -0.047	 0.911
68.1	 86.6	 0.058	 0.911
70.0	 86.6	 0.000	 0.000
-1.7	 88.4	 0.000	 0.000
0.0	 88.4	 0.047	 -1.285
1.9	 88.4	 -0.023	 0.993
3.6	 88.4	 0.093	 0.677
5.5	 88.4	 -0.023	 0.899
7.3	 88.4	 0.023	 0.969
9.0	 88.4	 -0.175	 1.074
10.8	 88.4	 0.000	 0.000
12.5	 88.4	 -0.584	 1.261
14.4	 88.4	 -0.152	 1.308
16.1	 88.4	 -0.058	 1.074
18.0	 88.4	 -0.047	 1.074
19.8	 88.4	 -0.128	 1.273
21.5	 88.4	 0.000	 0.000
23.4	 88.4	 0.000	 0.000
25.1	 88.4	 -0.280	 1.004
27.0	 88.4	 0.000	 0.000
28.8	 88.4	 -0.058	 0.934
30.5	 88.4	 0.000	 1.343
32.4	 88.4	 -0.023	 1.203
34.1	 88.4	 -0.140	 0.841
36.0	 88.4	 -0.070	 1.063
37.6	 88.4	 -0.093	 1.448
39.5	 88.4	 0.012	 1.109
41.3	 88.4	 -0.093	 1.460
43.0	 88.4	 0.000	 1.028
44.9	 88.4	 0.082	 1.016
46.6	 88.4	 0.058	 1.016
48.5	 88.4	 0.093	 1.063
50.3	 88.4	 -0.070	 1.016
52.0	 88.4	 0.000	 0.771
53.9	 88.4	 0.199	 0.876
55.6	 88.4	 0.199	 1.098
57.5	 88.4	 0.035	 0.806
59.3	 88.4	 0.035	 0.888
61.0	 88.4	 0.070	 0.888
62.9	 88.4	 0.058	 0.782
64.6	 88.4	 -0.082	 0.631
66.4	 88.4	 -0.082	 0.782
68.1	 88.4	 0.082	 0.958
70.0	 88.4	 0.000	 0.000
-1.7	 90.3	 0.000	 0.000
0.0	 90.3	 0.000	 0.000
1.9	 90.3	 0.070	 1.355
3.6	 90.3	 0.000	 0.771
5.5	 90.3	 -0.117	 1.051
7.3	 90.3	 -0.152	 0.888
9.0	 90.3	 -0.432	 1.378
10.8	 90.3	 -0.234	 1.460
12.5	 90.3	 -0.093	 1.086
14.4	 90.3	 -0.455	 0.806
16.1	 90.3	 -0.911	 1.285
18.0	 90.3	 0.000	 0.000
19.8	 90.3	 -0.222	 1.238
21.5	 90.3	 -0.175	 1.191
23.4	 90.3	 -0.175	 1.156
25.1	 90.3	 -0.304	 1.343
27.0	 90.3	 -0.374	 1.390
28.8	 90.3	 -0.234	 1.250
30.5	 90.3	 0.000	 0.000
32.4	 90.3	 -0.070	 1.145
34.1	 90.3	 -0.093	 1.086
36.0	 90.3	 -0.105	 1.226
37.6	 90.3	 -0.105	 0.876
39.5	 90.3	 -0.093	 0.771
41.3	 90.3	 -0.047	 0.876
43.0	 90.3	 0.000	 1.180
44.9	 90.3	 0.035	 1.051
46.6	 90.3	 0.140	 0.993
48.5	 90.3	 0.070	 1.320
50.3	 90.3	 0.023	 1.063
52.0	 90.3	 -0.023	 0.888
53.9	 90.3	 0.047	 0.923
55.6	 90.3	 0.058	 1.016
57.5	 90.3	 0.140	 1.028
59.3	 90.3	 0.093	 0.993
61.0	 90.3	 -0.023	 0.993
62.9	 90.3	 -0.058	 0.829
64.6	 90.3	 0.035	 0.771
66.4	 90.3	 0.035	 0.794
68.1	 90.3	 0.117	 0.841
70.0	 90.3	 0.000	 0.000
-1.7	 91.9	 0.000	 0.000
0.0	 91.9	 0.093	 -1.565
1.9	 91.9	 -0.105	 0.642
3.6	 91.9	 -0.175	 0.701
5.5	 91.9	 -0.140	 0.806
7.3	 91.9	 -0.140	 1.086
9.0	 91.9	 -0.339	 1.296
10.8	 91.9	 -0.117	 1.226
12.5	 91.9	 -0.128	 1.016
14.4	 91.9	 -0.140	 1.180
16.1	 91.9	 -0.899	 1.880
18.0	 91.9	 -0.128	 1.413
19.8	 91.9	 -0.093	 1.215
21.5	 91.9	 -0.105	 1.180
23.4	 91.9	 -0.210	 1.180
25.1	 91.9	 -0.397	 1.308
27.0	 91.9	 -0.245	 1.098
28.8	 91.9	 -0.304	 1.518
30.5	 91.9	 -0.175	 1.250
32.4	 91.9	 -0.164	 1.051
34.1	 91.9	 -0.374	 1.285
36.0	 91.9	 -0.374	 1.004
37.6	 91.9	 -0.257	 0.806
39.5	 91.9	 0.012	 0.923
41.3	 91.9	 0.035	 1.145
43.0	 91.9	 -0.035	 1.039
44.9	 91.9	 0.000	 1.215
46.6	 91.9	 0.152	 1.063
48.5	 91.9	 0.070	 1.086
50.3	 91.9	 0.117	 1.109
52.0	 91.9	 0.117	 0.946
53.9	 91.9	 0.023	 0.876
55.6	 91.9	 0.093	 0.899
57.5	 91.9	 0.164	 0.946
59.3	 91.9	 0.117	 0.747
61.0	 91.9	 0.058	 0.888
62.9	 91.9	 0.012	 0.596
64.6	 91.9	 0.140	 0.806
66.4	 91.9	 0.070	 0.689
68.1	 91.9	 0.152	 0.876
70.0	 91.9	 0.000	 0.000
-1.7	 93.8	 0.000	 0.000
0.0	 93.8	 0.058	 -1.437
1.9	 93.8	 0.000	 0.000
3.6	 93.8	 -0.070	 0.712
5.5	 93.8	 -0.023	 0.677
7.3	 93.8	 -0.164	 1.180
9.0	 93.8	 -0.070	 1.109
10.8	 93.8	 0.000	 0.000
12.5	 93.8	 -0.105	 1.261
14.4	 93.8	 0.000	 1.460
16.1	 93.8	 -0.187	 1.320
18.0	 93.8	 0.023	 1.086
19.8	 93.8	 -0.128	 0.969
21.5	 93.8	 -0.222	 1.238
23.4	 93.8	 -0.584	 1.565
25.1	 93.8	 -0.234	 1.063
27.0	 93.8	 -0.152	 1.191
28.8	 93.8	 -0.222	 1.460
30.5	 93.8	 -0.070	 0.829
32.4	 93.8	 0.000	 0.000
34.1	 93.8	 -0.012	 1.191
36.0	 93.8	 -0.105	 1.039
37.6	 93.8	 -0.175	 0.876
39.5	 93.8	 0.047	 0.934
41.3	 93.8	 -0.082	 0.981
43.0	 93.8	 -0.058	 0.911
44.9	 93.8	 0.047	 0.923
46.6	 93.8	 0.047	 1.074
48.5	 93.8	 0.012	 0.958
50.3	 93.8	 0.023	 0.899
52.0	 93.8	 0.047	 1.063
53.9	 93.8	 -0.012	 0.853
55.6	 93.8	 0.058	 1.039
57.5	 93.8	 0.082	 0.934
59.3	 93.8	 0.035	 1.028
61.0	 93.8	 0.023	 0.911
62.9	 93.8	 0.070	 0.853
64.6	 93.8	 0.000	 0.794
66.4	 93.8	 0.000	 0.689
68.1	 93.8	 0.128	 0.782
70.0	 93.8	 0.000	 0.000
-1.7	 95.6	 0.000	 0.000
0.0	 95.6	 0.000	 0.000
1.9	 95.6	 0.000	 0.000
3.6	 95.6	 0.070	 0.596
5.5	 95.6	 0.023	 1.028
7.3	 95.6	 -0.187	 1.180
9.0	 95.6	 -0.058	 0.993
10.8	 95.6	 -0.093	 1.296
12.5	 95.6	 -0.140	 1.285
14.4	 95.6	 0.000	 0.000
16.1	 95.6	 -0.654	 1.600
18.0	 95.6	 -0.467	 1.530
19.8	 95.6	 -0.082	 1.518
21.5	 95.6	 -0.128	 1.413
23.4	 95.6	 -0.175	 1.343
25.1	 95.6	 -0.572	 1.728
27.0	 95.6	 -0.269	 1.215
28.8	 95.6	 -0.327	 1.250
30.5	 95.6	 -0.023	 1.810
32.4	 95.6	 -0.128	 1.273
34.1	 95.6	 -0.164	 0.759
36.0	 95.6	 -0.105	 1.156
37.6	 95.6	 -0.304	 1.285
39.5	 95.6	 0.035	 0.969
41.3	 95.6	 0.000	 0.818
43.0	 95.6	 -0.082	 0.818
44.9	 95.6	 -0.093	 0.876
46.6	 95.6	 -0.070	 0.853
48.5	 95.6	 0.035	 0.806
50.3	 95.6	 0.117	 0.782
52.0	 95.6	 0.047	 0.642
53.9	 95.6	 -0.047	 0.876
55.6	 95.6	 0.023	 1.063
57.5	 95.6	 0.000	 1.039
59.3	 95.6	 0.012	 0.689
61.0	 95.6	 0.023	 0.934
62.9	 95.6	 0.152	 1.180
64.6	 95.6	 -0.058	 0.747
66.4	 95.6	 0.187	 0.677
68.1	 95.6	 0.210	 0.841
70.0	 95.6	 0.000	 0.000
-1.7	 97.4	 0.000	 0.000
0.0	 97.4	 -0.035	 -1.098
1.9	 97.4	 -0.023	 0.736
3.6	 97.4	 0.093	 0.923
5.5	 97.4	 -0.128	 1.121
7.3	 97.4	 0.035	 1.004
9.0	 97.4	 -0.199	 1.051
10.8	 97.4	 0.000	 0.000
12.5	 97.4	 -0.082	 1.285
14.4	 97.4	 0.000	 0.000
16.1	 97.4	 0.000	 0.000
18.0	 97.4	 -0.210	 0.888
19.8	 97.4	 -0.035	 1.250
21.5	 97.4	 -0.012	 1.191
23.4	 97.4	 -0.257	 1.553
25.1	 97.4	 -0.304	 1.320
27.0	 97.4	 0.000	 0.000
28.8	 97.4	 -0.234	 1.285
30.5	 97.4	 -0.187	 1.016
32.4	 97.4	 -0.117	 0.899
34.1	 97.4	 0.035	 1.063
36.0	 97.4	 -0.210	 1.623
37.6	 97.4	 0.000	 0.000
39.5	 97.4	 -0.164	 1.203
41.3	 97.4	 -0.082	 0.969
43.0	 97.4	 0.152	 1.168
44.9	 97.4	 -0.082	 0.934
46.6	 97.4	 -0.070	 0.794
48.5	 97.4	 -0.012	 0.654
50.3	 97.4	 0.047	 1.086
52.0	 97.4	 0.105	 1.004
53.9	 97.4	 0.012	 0.911
55.6	 97.4	 0.058	 0.864
57.5	 97.4	 0.199	 0.993
59.3	 97.4	 0.187	 0.736
61.0	 97.4	 0.152	 0.969
62.9	 97.4	 0.187	 0.736
64.6	 97.4	 0.047	 0.736
66.4	 97.4	 0.199	 0.923
68.1	 97.4	 0.140	 0.864
70.0	 97.4	 0.000	 0.000
-1.7	 99.1	 0.000	 0.000
0.0	 99.1	 0.000	 0.000
1.9	 99.1	 0.093	 0.864
3.6	 99.1	 0.128	 0.455
5.5	 99.1	 0.000	 0.000
7.3	 99.1	 0.000	 0.000
9.0	 99.1	 0.000	 0.899
10.8	 99.1	 0.000	 0.000
12.5	 99.1	 -0.070	 1.273
14.4	 99.1	 -0.082	 1.121
16.1	 99.1	 -0.058	 1.320
18.0	 99.1	 -0.549	 1.121
19.8	 99.1	 -0.105	 1.098
21.5	 99.1	 -0.070	 0.864
23.4	 99.1	 -0.304	 1.004
25.1	 99.1	 0.000	 0.000
27.0	 99.1	 -0.280	 1.063
28.8	 99.1	 -0.070	 1.016
30.5	 99.1	 -0.175	 1.565
32.4	 99.1	 0.023	 0.794
34.1	 99.1	 0.082	 0.619
36.0	 99.1	 0.117	 1.296
37.6	 99.1	 -0.315	 1.039
39.5	 99.1	 -0.140	 1.273
41.3	 99.1	 -0.222	 1.273
43.0	 99.1	 0.035	 1.355
44.9	 99.1	 0.152	 0.841
46.6	 99.1	 0.152	 0.911
48.5	 99.1	 0.023	 0.899
50.3	 99.1	 -0.023	 1.191
52.0	 99.1	 -0.012	 0.724
53.9	 99.1	 0.000	 0.969
55.6	 99.1	 -0.093	 0.958
57.5	 99.1	 0.222	 0.981
59.3	 99.1	 0.023	 0.946
61.0	 99.1	 0.047	 0.981
62.9	 99.1	 -0.023	 0.934
64.6	 99.1	 0.082	 0.958
66.4	 99.1	 -0.140	 0.934
68.1	 99.1	 0.058	 0.841
70.0	 99.1	 0.000	 0.000
-1.7	 100.9	 0.000	 0.000
0.0	 100.9	 0.012	 -0.981
1.9	 100.9	 -0.058	 1.051
3.6	 100.9	 0.082	 0.923
5.5	 100.9	 -0.175	 1.261
7.3	 100.9	 0.105	 1.109
9.0	 100.9	 -0.187	 1.238
10.8	 100.9	 -0.642	 1.156
12.5	 100.9	 0.035	 1.343
14.4	 100.9	 -0.105	 1.390
16.1	 100.9	 0.105	 1.495
18.0	 100.9	 -0.269	 1.273
19.8	 100.9	 -0.164	 1.331
21.5	 100.9	 -0.012	 1.483
23.4	 100.9	 -0.350	 1.308
25.1	 100.9	 -0.269	 1.460
27.0	 100.9	 -0.140	 1.226
28.8	 100.9	 -0.537	 1.390
30.5	 100.9	 0.000	 0.000
32.4	 100.9	 -0.070	 0.864
34.1	 100.9	 -0.023	 1.366
36.0	 100.9	 -0.128	 1.366
37.6	 100.9	 0.000	 1.320
39.5	 100.9	 0.000	 0.000
41.3	 100.9	 0.164	 1.121
43.0	 100.9	 0.035	 0.864
44.9	 100.9	 0.082	 1.145
46.6	 100.9	 0.023	 1.016
48.5	 100.9	 0.023	 0.864
50.3	 100.9	 -0.140	 1.238
52.0	 100.9	 0.082	 0.911
53.9	 100.9	 -0.035	 0.969
55.6	 100.9	 -0.047	 0.689
57.5	 100.9	 0.023	 0.864
59.3	 100.9	 -0.058	 0.876
61.0	 100.9	 0.012	 0.736
62.9	 100.9	 0.117	 0.969
64.6	 100.9	 -0.093	 0.864
66.4	 100.9	 0.070	 0.631
68.1	 100.9	 0.070	 0.759
70.0	 100.9	 0.000	 0.000
-1.7	 102.8	 0.000	 0.000
0.0	 102.8	 0.000	 0.000
1.9	 102.8	 0.093	 1.156
3.6	 102.8	 0.140	 1.086
5.5	 102.8	 -0.012	 1.156
7.3	 102.8	 -0.175	 1.074
9.0	 102.8	 -0.152	 1.285
10.8	 102.8	 -0.047	 1.039
12.5	 102.8	 -0.023	 1.016
14.4	 102.8	 0.000	 0.000
16.1	 102.8	 -0.035	 1.448
18.0	 102.8	 0.000	 0.000
19.8	 102.8	 -0.339	 1.191
21.5	 102.8	 -0.105	 1.215
23.4	 102.8	 0.093	 1.004
25.1	 102.8	 0.000	 0.000
27.0	 102.8	 0.070	 1.180
28.8	 102.8	 -0.257	 1.109
30.5	 102.8	 -0.339	 1.180
32.4	 102.8	 -0.152	 1.028
34.1	 102.8	 -0.245	 1.273
36.0	 102.8	 -0.058	 1.401
37.6	 102.8	 0.093	 1.109
39.5	 102.8	 -0.093	 1.261
41.3	 102.8	 -0.082	 1.215
43.0	 102.8	 -0.012	 0.806
44.9	 102.8	 0.000	 0.000
46.6	 102.8	 0.035	 0.969
48.5	 102.8	 0.222	 0.818
50.3	 102.8	 0.128	 1.098
52.0	 102.8	 -0.117	 0.864
53.9	 102.8	 0.058	 0.736
55.6	 102.8	 0.058	 1.133
57.5	 102.8	 0.082	 0.829
59.3	 102.8	 0.047	 0.794
61.0	 102.8	 0.152	 0.958
62.9	 102.8	 0.210	 0.666
64.6	 102.8	 -0.035	 0.911
66.4	 102.8	 0.047	 0.818
68.1	 102.8	 0.128	 0.537
70.0	 102.8	 0.000	 0.000
-1.7	 104.6	 0.000	 0.000
0.0	 104.6	 -0.058	 -1.051
1.9	 104.6	 0.000	 0.000
3.6	 104.6	 -0.023	 1.098
5.5	 104.6	 -0.164	 1.121
7.3	 104.6	 0.058	 1.028
9.0	 104.6	 0.152	 0.818
10.8	 104.6	 0.549	 0.806
12.5	 104.6	 -0.292	 1.401
14.4	 104.6	 -0.105	 1.226
16.1	 104.6	 -0.047	 1.238
18.0	 104.6	 -0.012	 0.724
19.8	 104.6	 0.082	 1.156
21.5	 104.6	 -0.315	 1.448
23.4	 104.6	 -0.164	 1.495
25.1	 104.6	 -0.012	 1.320
27.0	 104.6	 -0.374	 1.413
28.8	 104.6	 -0.234	 0.946
30.5	 104.6	 -0.082	 1.191
32.4	 104.6	 0.105	 1.331
34.1	 104.6	 -0.047	 1.215
36.0	 104.6	 0.035	 1.168
37.6	 104.6	 0.140	 0.934
39.5	 104.6	 0.117	 1.273
41.3	 104.6	 -0.117	 1.191
43.0	 104.6	 -0.093	 0.747
44.9	 104.6	 -0.035	 0.829
46.6	 104.6	 0.070	 0.864
48.5	 104.6	 -0.023	 1.261
50.3	 104.6	 0.339	 1.296
52.0	 104.6	 0.292	 1.355
53.9	 104.6	 -0.140	 0.841
55.6	 104.6	 0.117	 0.888
57.5	 104.6	 0.012	 0.993
59.3	 104.6	 -0.012	 0.759
61.0	 104.6	 0.058	 0.782
62.9	 104.6	 0.047	 0.794
64.6	 104.6	 -0.035	 0.853
66.4	 104.6	 0.000	 0.923
68.1	 104.6	 0.000	 0.000
70.0	 104.6	 0.000	 0.000
-1.7	 106.4	 0.000	 0.000
0.0	 106.4	 -0.035	 -1.016
1.9	 106.4	 0.023	 1.238
3.6	 106.4	 0.093	 1.168
5.5	 106.4	 -0.128	 1.074
7.3	 106.4	 0.070	 0.818
9.0	 106.4	 0.199	 0.362
10.8	 106.4	 -0.082	 1.191
12.5	 106.4	 0.000	 0.000
14.4	 106.4	 0.152	 1.016
16.1	 106.4	 0.000	 1.226
18.0	 106.4	 -0.070	 1.250
19.8	 106.4	 -0.082	 1.273
21.5	 106.4	 -0.140	 1.343
23.4	 106.4	 0.093	 1.331
25.1	 106.4	 0.047	 1.320
27.0	 106.4	 -0.269	 1.600
28.8	 106.4	 0.128	 1.612
30.5	 106.4	 0.012	 1.121
32.4	 106.4	 -0.117	 1.028
34.1	 106.4	 -0.117	 1.109
36.0	 106.4	 0.035	 1.203
37.6	 106.4	 0.070	 1.121
39.5	 106.4	 -0.117	 1.635
41.3	 106.4	 0.047	 0.946
43.0	 106.4	 -0.093	 1.191
44.9	 106.4	 -0.164	 0.911
46.6	 106.4	 0.000	 0.829
48.5	 106.4	 -0.047	 0.969
50.3	 106.4	 0.210	 1.542
52.0	 106.4	 0.175	 1.261
53.9	 106.4	 0.082	 0.864
55.6	 106.4	 0.234	 0.829
57.5	 106.4	 0.152	 0.701
59.3	 106.4	 0.082	 0.806
61.0	 106.4	 -0.035	 1.039
62.9	 106.4	 -0.047	 1.355
64.6	 106.4	 0.047	 0.969
66.4	 106.4	 -0.047	 0.607
68.1	 106.4	 0.000	 0.000
70.0	 106.4	 0.000	 0.000
-1.7	 108.1	 0.000	 0.000
0.0	 108.1	 0.000	 0.000
1.9	 108.1	 0.082	 1.098
3.6	 108.1	 0.035	 0.876
5.5	 108.1	 -0.023	 0.993
7.3	 108.1	 0.000	 0.000
9.0	 108.1	 -0.058	 1.168
10.8	 108.1	 -0.035	 1.261
12.5	 108.1	 0.023	 1.296
14.4	 108.1	 0.093	 1.168
16.1	 108.1	 -0.514	 1.612
18.0	 108.1	 -0.339	 1.425
19.8	 108.1	 0.280	 1.623
21.5	 108.1	 0.000	 0.000
23.4	 108.1	 0.152	 1.612
25.1	 108.1	 -0.128	 1.425
27.0	 108.1	 -0.152	 1.658
28.8	 108.1	 -0.409	 2.067
30.5	 108.1	 -0.187	 1.787
32.4	 108.1	 -0.082	 1.472
34.1	 108.1	 0.000	 0.000
36.0	 108.1	 0.047	 1.530
37.6	 108.1	 0.012	 1.331
39.5	 108.1	 0.035	 1.086
41.3	 108.1	 0.082	 0.911
43.0	 108.1	 0.128	 1.145
44.9	 108.1	 -0.164	 1.437
46.6	 108.1	 0.035	 1.401
48.5	 108.1	 0.023	 1.483
50.3	 108.1	 0.000	 0.000
52.0	 108.1	 0.070	 0.549
53.9	 108.1	 -0.058	 0.899
55.6	 108.1	 0.058	 1.016
57.5	 108.1	 0.491	 1.542
59.3	 108.1	 0.140	 0.654
61.0	 108.1	 0.012	 0.981
62.9	 108.1	 -0.047	 0.759
64.6	 108.1	 0.187	 0.771
66.4	 108.1	 0.222	 0.958
68.1	 108.1	 0.257	 0.969
70.0	 108.1	 0.000	 0.000
-1.7	 109.9	 0.000	 0.000
0.0	 109.9	 0.000	 0.000
1.9	 109.9	 0.058	 1.495
3.6	 109.9	 0.152	 1.250
5.5	 109.9	 0.000	 0.759
7.3	 109.9	 0.140	 0.596
9.0	 109.9	 -0.012	 1.098
10.8	 109.9	 -0.152	 1.191
12.5	 109.9	 0.047	 1.238
14.4	 109.9	 0.140	 1.168
16.1	 109.9	 0.058	 1.425
18.0	 109.9	 0.035	 1.074
19.8	 109.9	 0.000	 0.000
21.5	 109.9	 0.105	 1.121
23.4	 109.9	 -0.117	 0.841
25.1	 109.9	 -0.105	 1.401
27.0	 109.9	 0.035	 1.437
28.8	 109.9	 0.000	 1.378
30.5	 109.9	 0.047	 1.180
32.4	 109.9	 0.000	 0.000
34.1	 109.9	 -0.070	 1.285
36.0	 109.9	 0.164	 1.670
37.6	 109.9	 0.093	 1.051
39.5	 109.9	 0.315	 1.226
41.3	 109.9	 -0.047	 1.413
43.0	 109.9	 0.070	 1.308
44.9	 109.9	 0.175	 0.888
46.6	 109.9	 0.140	 1.016
48.5	 109.9	 0.058	 1.215
50.3	 109.9	 -0.093	 0.782
52.0	 109.9	 -0.035	 1.238
53.9	 109.9	 0.093	 0.993
55.6	 109.9	 0.222	 0.958
57.5	 109.9	 0.047	 0.712
59.3	 109.9	 0.105	 1.191
61.0	 109.9	 0.222	 1.086
62.9	 109.9	 0.023	 0.689
64.6	 109.9	 0.105	 0.701
66.4	 109.9	 0.187	 0.689
68.1	 109.9	 0.000	 0.000
70.0	 109.9	 0.000	 0.000
-1.7	 111.8	 0.000	 0.000
0.0	 111.8	 0.000	 0.000
1.9	 111.8	 0.035	 1.226
3.6	 111.8	 0.000	 0.000
5.5	 111.8	 0.000	 0.000
7.3	 111.8	 -0.035	 0.549
9.0	 111.8	 -0.234	 1.004
10.8	 111.8	 -0.082	 1.331
12.5	 111.8	 0.012	 1.308
14.4	 111.8	 0.128	 0.969
16.1	 111.8	 0.117	 1.156
18.0	 111.8	 0.058	 1.565
19.8	 111.8	 0.105	 1.507
21.5	 111.8	 -0.128	 1.273
23.4	 111.8	 -0.082	 1.612
25.1	 111.8	 0.199	 1.238
27.0	 111.8	 0.000	 0.000
28.8	 111.8	 0.140	 1.472
30.5	 111.8	 -0.023	 1.413
32.4	 111.8	 0.012	 1.693
34.1	 111.8	 0.175	 1.378
36.0	 111.8	 0.070	 1.320
37.6	 111.8	 0.140	 0.981
39.5	 111.8	 0.304	 1.098
41.3	 111.8	 -0.047	 1.226
43.0	 111.8	 0.023	 1.215
44.9	 111.8	 0.058	 0.923
46.6	 111.8	 0.152	 0.631
48.5	 111.8	 0.444	 1.448
50.3	 111.8	 0.128	 0.853
52.0	 111.8	 -0.012	 0.853
53.9	 111.8	 0.140	 0.911
55.6	 111.8	 0.187	 0.736
57.5	 111.8	 0.035	 0.829
59.3	 111.8	 0.269	 0.923
61.0	 111.8	 0.234	 0.537
62.9	 111.8	 -0.058	 0.771
64.6	 111.8	 -0.070	 0.701
66.4	 111.8	 0.128	 0.806
68.1	 111.8	 0.000	 0.000
70.0	 111.8	 0.023	 0.035
-1.7	 113.6	 0.000	 0.000
0.0	 113.6	 0.000	 0.000
1.9	 113.6	 0.023	 1.296
3.6	 113.6	 -0.012	 1.226
5.5	 113.6	 0.000	 0.000
7.3	 113.6	 -0.093	 0.853
9.0	 113.6	 -0.093	 0.923
10.8	 113.6	 0.000	 1.343
12.5	 113.6	 0.000	 0.000
14.4	 113.6	 -0.093	 0.864
16.1	 113.6	 1.366	 -0.385
18.0	 113.6	 0.210	 0.911
19.8	 113.6	 0.000	 0.000
21.5	 113.6	 -0.093	 1.145
23.4	 113.6	 0.012	 1.261
25.1	 113.6	 0.187	 0.759
27.0	 113.6	 0.187	 1.343
28.8	 113.6	 0.187	 1.728
30.5	 113.6	 -0.023	 1.285
32.4	 113.6	 0.000	 1.530
34.1	 113.6	 0.257	 1.343
36.0	 113.6	 0.128	 1.016
37.6	 113.6	 0.304	 1.191
39.5	 113.6	 0.035	 0.993
41.3	 113.6	 0.047	 1.063
43.0	 113.6	 0.012	 1.250
44.9	 113.6	 0.105	 1.180
46.6	 113.6	 0.245	 0.794
48.5	 113.6	 0.304	 0.806
50.3	 113.6	 0.000	 0.000
52.0	 113.6	 0.164	 0.747
53.9	 113.6	 0.000	 0.000
55.6	 113.6	 0.000	 0.000
57.5	 113.6	 -0.023	 0.841
59.3	 113.6	 0.677	 1.390
61.0	 113.6	 0.000	 0.000
62.9	 113.6	 -0.105	 0.701
64.6	 113.6	 -0.047	 0.864
66.4	 113.6	 -0.222	 1.168
68.1	 113.6	 0.000	 0.000
70.0	 113.6	 0.000	 0.000
-1.7	 115.4	 0.000	 0.000
0.0	 115.4	 0.000	 0.000
1.9	 115.4	 0.047	 1.437
3.6	 115.4	 -0.023	 1.028
5.5	 115.4	 0.000	 0.000
7.3	 115.4	 0.023	 1.086
9.0	 115.4	 0.012	 1.191
10.8	 115.4	 -0.047	 1.647
12.5	 115.4	 -0.035	 1.693
14.4	 115.4	 0.561	 0.584
16.1	 115.4	 0.782	 0.222
18.0	 115.4	 0.292	 0.794
19.8	 115.4	 0.000	 0.000
21.5	 115.4	 -0.035	 1.460
23.4	 115.4	 -0.035	 1.495
25.1	 115.4	 0.070	 1.133
27.0	 115.4	 0.000	 0.000
28.8	 115.4	 0.093	 1.250
30.5	 115.4	 0.000	 0.000
32.4	 115.4	 -0.152	 1.542
34.1	 115.4	 -0.362	 1.612
36.0	 115.4	 0.105	 0.712
37.6	 115.4	 0.117	 0.946
39.5	 115.4	 0.269	 1.238
41.3	 115.4	 0.210	 1.063
43.0	 115.4	 -0.140	 0.782
44.9	 115.4	 -0.047	 0.782
46.6	 115.4	 0.222	 0.806
48.5	 115.4	 0.292	 0.958
50.3	 115.4	 0.093	 0.958
52.0	 115.4	 0.152	 0.841
53.9	 115.4	 0.000	 0.000
55.6	 115.4	 0.093	 0.736
57.5	 115.4	 0.000	 0.841
59.3	 115.4	 0.082	 -0.724
61.0	 115.4	 0.000	 0.853
62.9	 115.4	 0.035	 0.958
64.6	 115.4	 -0.187	 0.771
66.4	 115.4	 0.000	 0.677
68.1	 115.4	 0.035	 0.677
70.0	 115.4	 0.000	 0.000
-1.7	 117.1	 0.000	 0.000
0.0	 117.1	 0.000	 0.000
1.9	 117.1	 0.000	 0.000
3.6	 117.1	 0.058	 1.308
5.5	 117.1	 0.128	 1.308
7.3	 117.1	 0.000	 0.000
9.0	 117.1	 0.000	 0.000
10.8	 117.1	 -0.128	 1.401
12.5	 117.1	 -0.023	 1.343
14.4	 117.1	 -0.058	 1.343
16.1	 117.1	 -0.035	 1.483
18.0	 117.1	 -0.105	 1.518
19.8	 117.1	 -0.304	 1.495
21.5	 117.1	 -0.128	 1.460
23.4	 117.1	 0.012	 1.285
25.1	 117.1	 0.023	 1.191
27.0	 117.1	 0.000	 0.000
28.8	 117.1	 0.000	 0.000
30.5	 117.1	 -0.070	 1.074
32.4	 117.1	 0.175	 1.623
34.1	 117.1	 0.023	 1.109
36.0	 117.1	 0.023	 0.771
37.6	 117.1	 0.000	 0.000
39.5	 117.1	 0.350	 0.946
41.3	 117.1	 0.280	 1.074
43.0	 117.1	 0.000	 0.000
44.9	 117.1	 0.105	 0.981
46.6	 117.1	 0.047	 0.946
48.5	 117.1	 0.000	 0.000
50.3	 117.1	 -0.047	 1.086
52.0	 117.1	 0.304	 0.747
53.9	 117.1	 0.000	 0.000
55.6	 117.1	 0.035	 0.899
57.5	 117.1	 0.070	 0.864
59.3	 117.1	 0.000	 0.853
61.0	 117.1	 0.117	 0.993
62.9	 117.1	 0.245	 0.969
64.6	 117.1	 0.164	 0.958
66.4	 117.1	 -0.035	 0.642
68.1	 117.1	 0.128	 0.631
70.0	 117.1	 0.000	 0.000
-1.7	 118.9	 0.000	 0.000
0.0	 118.9	 0.000	 0.000
1.9	 118.9	 0.023	 0.993
3.6	 118.9	 0.000	 0.000
5.5	 118.9	 -0.035	 1.296
7.3	 118.9	 0.000	 1.285
9.0	 118.9	 0.152	 1.285
10.8	 118.9	 0.070	 1.063
12.5	 118.9	 -0.199	 1.156
14.4	 118.9	 -0.047	 1.261
16.1	 118.9	 -0.058	 1.285
18.0	 118.9	 -0.210	 1.472
19.8	 118.9	 0.117	 1.133
21.5	 118.9	 -0.117	 1.016
23.4	 118.9	 -0.082	 1.296
25.1	 118.9	 0.000	 1.004
27.0	 118.9	 -0.023	 0.923
28.8	 118.9	 -0.035	 0.958
30.5	 118.9	 0.292	 0.923
32.4	 118.9	 0.000	 0.000
34.1	 118.9	 0.082	 1.331
36.0	 118.9	 0.012	 0.993
37.6	 118.9	 0.128	 0.806
39.5	 118.9	 0.234	 0.747
41.3	 118.9	 0.117	 0.853
43.0	 118.9	 -0.023	 1.168
44.9	 118.9	 0.000	 0.000
46.6	 118.9	 0.911	 1.355
48.5	 118.9	 0.222	 1.413
50.3	 118.9	 0.164	 1.366
52.0	 118.9	 0.035	 0.911
53.9	 118.9	 -0.058	 0.829
55.6	 118.9	 -0.082	 0.853
57.5	 118.9	 -0.058	 0.911
59.3	 118.9	 0.152	 0.969
61.0	 118.9	 0.105	 0.934
62.9	 118.9	 0.000	 0.000
64.6	 118.9	 -0.012	 0.923
66.4	 118.9	 -0.280	 0.631
68.1	 118.9	 0.222	 0.934
70.0	 118.9	 0.000	 0.000
-1.7	 120.6	 0.000	 0.000
0.0	 120.6	 -0.117	 -1.623
1.9	 120.6	 0.047	 1.296
3.6	 120.6	 0.012	 1.273
5.5	 120.6	 0.000	 0.000
7.3	 120.6	 0.000	 1.180
9.0	 120.6	 -0.035	 1.051
10.8	 120.6	 0.000	 0.000
12.5	 120.6	 0.000	 0.000
14.4	 120.6	 0.047	 1.156
16.1	 120.6	 0.000	 0.000
18.0	 120.6	 -0.222	 1.109
19.8	 120.6	 0.093	 0.934
21.5	 120.6	 -0.047	 1.063
23.4	 120.6	 0.187	 1.799
25.1	 120.6	 0.374	 1.425
27.0	 120.6	 0.222	 1.308
28.8	 120.6	 0.117	 0.747
30.5	 120.6	 0.175	 0.853
32.4	 120.6	 0.000	 0.000
34.1	 120.6	 0.000	 0.000
36.0	 120.6	 0.000	 0.000
37.6	 120.6	 0.000	 1.472
39.5	 120.6	 0.023	 1.285
41.3	 120.6	 -0.105	 1.086
43.0	 120.6	 -0.082	 0.993
44.9	 120.6	 0.164	 0.829
46.6	 120.6	 0.350	 0.934
48.5	 120.6	 0.420	 1.600
50.3	 120.6	 0.058	 0.911
52.0	 120.6	 0.269	 0.491
53.9	 120.6	 -0.152	 0.677
55.6	 120.6	 -0.105	 0.829
57.5	 120.6	 -0.280	 0.736
59.3	 120.6	 0.000	 0.923
61.0	 120.6	 -0.117	 0.958
62.9	 120.6	 -0.128	 0.993
64.6	 120.6	 0.000	 0.000
66.4	 120.6	 0.164	 0.677
68.1	 120.6	 0.000	 0.000
70.0	 120.6	 0.000	 0.000
-1.7	 122.4	 0.000	 0.000
0.0	 122.4	 0.000	 0.000
1.9	 122.4	 0.012	 0.724
3.6	 122.4	 -0.175	 1.308
5.5	 122.4	 -0.047	 1.261
7.3	 122.4	 -0.105	 0.969
9.0	 122.4	 0.199	 0.818
10.8	 122.4	 0.000	 0.000
12.5	 122.4	 -0.128	 1.612
14.4	 122.4	 -0.082	 1.016
16.1	 122.4	 -0.152	 1.542
18.0	 122.4	 -0.023	 1.390
19.8	 122.4	 0.035	 1.390
21.5	 122.4	 -0.035	 1.764
23.4	 122.4	 0.000	 1.366
25.1	 122.4	 -0.012	 1.226
27.0	 122.4	 0.012	 1.215
28.8	 122.4	 0.000	 0.000
30.5	 122.4	 0.222	 1.109
32.4	 122.4	 0.000	 0.000
34.1	 122.4	 0.000	 0.000
36.0	 122.4	 0.117	 1.799
37.6	 122.4	 0.000	 0.000
39.5	 122.4	 0.012	 0.934
41.3	 122.4	 0.012	 1.168
43.0	 122.4	 -0.175	 1.331
44.9	 122.4	 0.047	 0.934
46.6	 122.4	 0.023	 0.981
48.5	 122.4	 -0.093	 1.098
50.3	 122.4	 -0.058	 0.934
52.0	 122.4	 0.923	 1.483
53.9	 122.4	 0.210	 1.483
55.6	 122.4	 0.245	 1.588
57.5	 122.4	 -0.175	 0.385
59.3	 122.4	 -0.117	 0.689
61.0	 122.4	 -0.140	 0.981
62.9	 122.4	 0.000	 0.000
64.6	 122.4	 0.140	 0.794
66.4	 122.4	 0.070	 0.818
68.1	 122.4	 -0.012	 0.829
70.0	 122.4	 0.000	 0.000
-1.7	 124.3	 0.000	 0.000
0.0	 124.3	 -0.105	 1.425
1.9	 124.3	 0.058	 1.063
3.6	 124.3	 0.070	 1.133
5.5	 124.3	 -0.140	 1.086
7.3	 124.3	 -0.292	 0.911
9.0	 124.3	 0.234	 0.969
10.8	 124.3	 -0.093	 1.250
12.5	 124.3	 -0.082	 0.864
14.4	 124.3	 -0.058	 1.343
16.1	 124.3	 -0.152	 1.565
18.0	 124.3	 0.000	 0.000
19.8	 124.3	 0.105	 1.682
21.5	 124.3	 0.023	 1.588
23.4	 124.3	 0.000	 0.000
25.1	 124.3	 0.199	 1.308
27.0	 124.3	 0.164	 1.530
28.8	 124.3	 0.280	 1.483
30.5	 124.3	 0.082	 1.775
32.4	 124.3	 -0.117	 1.039
34.1	 124.3	 0.000	 0.000
36.0	 124.3	 0.304	 0.911
37.6	 124.3	 0.526	 1.600
39.5	 124.3	 0.140	 1.215
41.3	 124.3	 0.269	 1.074
43.0	 124.3	 0.023	 1.296
44.9	 124.3	 0.479	 1.612
46.6	 124.3	 0.070	 1.261
48.5	 124.3	 -0.105	 1.215
50.3	 124.3	 0.385	 1.460
52.0	 124.3	 0.701	 2.091
53.9	 124.3	 0.082	 1.098
55.6	 124.3	 0.117	 0.829
57.5	 124.3	 0.012	 1.051
59.3	 124.3	 -0.105	 0.759
61.0	 124.3	 -0.128	 0.712
62.9	 124.3	 0.000	 0.000
64.6	 124.3	 0.000	 0.000
66.4	 124.3	 0.035	 0.888
68.1	 124.3	 0.035	 0.888
70.0	 124.3	 0.000	 0.000
