-1.7	 50.8	 0.000	 0.000
0.0	 50.8	 0.000	 0.000
1.9	 50.8	 -0.012	 -0.537
3.6	 50.8	 -0.012	 -0.549
5.5	 50.8	 0.000	 -0.561
7.3	 50.8	 0.000	 -0.537
9.0	 50.8	 0.000	 -0.514
10.8	 50.8	 -0.035	 -0.444
12.5	 50.8	 -0.012	 -0.467
14.4	 50.8	 0.012	 -0.467
16.1	 50.8	 -0.012	 -0.455
18.0	 50.8	 -0.023	 -0.479
19.8	 50.8	 -0.023	 -0.444
21.5	 50.8	 -0.023	 -0.362
23.4	 50.8	 -0.023	 -0.222
25.1	 50.8	 -0.047	 -0.175
27.0	 50.8	 -0.035	 -0.164
28.8	 50.8	 -0.012	 -0.164
30.5	 50.8	 -0.035	 -0.117
32.4	 50.8	 -0.093	 -0.164
34.1	 50.8	 -0.070	 -0.222
36.0	 50.8	 -0.070	 -0.280
37.6	 50.8	 0.000	 0.000
39.5	 50.8	 -0.023	 -0.222
41.3	 50.8	 0.000	 0.035
43.0	 50.8	 0.035	 -0.058
44.9	 50.8	 0.023	 -0.093
46.6	 50.8	 0.012	 0.082
48.5	 50.8	 0.035	 0.012
50.3	 50.8	 0.012	 0.047
52.0	 50.8	 0.012	 0.023
53.9	 50.8	 0.035	 0.093
55.6	 50.8	 -0.058	 0.023
57.5	 50.8	 0.058	 0.058
59.3	 50.8	 -0.210	 0.082
61.0	 50.8	 0.117	 -0.385
62.9	 50.8	 -0.210	 -0.152
64.6	 50.8	 -0.292	 -0.164
66.4	 50.8	 0.187	 0.689
68.1	 50.8	 0.187	 0.666
70.0	 50.8	 0.000	 0.000
-1.7	 52.6	 0.000	 0.000
0.0	 52.6	 0.000	 0.000
1.9	 52.6	 0.000	 -0.537
3.6	 52.6	 0.012	 -0.549
5.5	 52.6	 0.012	 -0.561
7.3	 52.6	 0.000	 -0.549
9.0	 52.6	 -0.012	 -0.455
10.8	 52.6	 0.000	 -0.455
12.5	 52.6	 -0.012	 -0.491
14.4	 52.6	 -0.012	 -0.491
16.1	 52.6	 -0.012	 -0.362
18.0	 52.6	 -0.012	 -0.409
19.8	 52.6	 -0.035	 -0.420
21.5	 52.6	 -0.047	 -0.374
23.4	 52.6	 -0.035	 -0.187
25.1	 52.6	 -0.035	 -0.152
27.0	 52.6	 -0.035	 -0.164
28.8	 52.6	 -0.047	 -0.140
30.5	 52.6	 -0.058	 -0.152
32.4	 52.6	 -0.047	 -0.117
34.1	 52.6	 -0.023	 -0.105
36.0	 52.6	 0.012	 -0.175
37.6	 52.6	 0.023	 -0.164
39.5	 52.6	 -0.070	 0.093
41.3	 52.6	 -0.117	 -0.058
43.0	 52.6	 -0.047	 -0.070
44.9	 52.6	 -0.012	 -0.023
46.6	 52.6	 -0.023	 0.012
48.5	 52.6	 0.000	 0.070
50.3	 52.6	 0.035	 0.000
52.0	 52.6	 0.012	 0.012
53.9	 52.6	 0.012	 0.023
55.6	 52.6	 -0.093	 0.058
57.5	 52.6	 0.000	 0.082
59.3	 52.6	 0.269	 -0.117
61.0	 52.6	 0.164	 -0.152
62.9	 52.6	 0.023	 0.000
64.6	 52.6	 -0.047	 -0.455
66.4	 52.6	 0.093	 -0.526
68.1	 52.6	 0.000	 0.000
70.0	 52.6	 0.000	 0.000
-1.7	 54.4	 0.000	 0.000
0.0	 54.4	 0.000	 0.000
1.9	 54.4	 -0.012	 -0.549
3.6	 54.4	 0.035	 -0.526
5.5	 54.4	 0.000	 -0.537
7.3	 54.4	 0.000	 -0.502
9.0	 54.4	 0.012	 -0.455
10.8	 54.4	 0.012	 -0.420
12.5	 54.4	 0.000	 -0.467
14.4	 54.4	 0.012	 -0.467
16.1	 54.4	 -0.023	 -0.385
18.0	 54.4	 -0.023	 -0.432
19.8	 54.4	 -0.058	 -0.432
21.5	 54.4	 0.000	 -0.315
23.4	 54.4	 -0.035	 -0.187
25.1	 54.4	 -0.047	 -0.140
27.0	 54.4	 -0.070	 -0.152
28.8	 54.4	 -0.058	 -0.128
30.5	 54.4	 -0.058	 -0.117
32.4	 54.4	 -0.035	 -0.128
34.1	 54.4	 -0.058	 -0.082
36.0	 54.4	 -0.058	 -0.140
37.6	 54.4	 -0.035	 -0.140
39.5	 54.4	 -0.035	 -0.023
41.3	 54.4	 -0.058	 -0.140
43.0	 54.4	 0.047	 -0.023
44.9	 54.4	 -0.035	 -0.023
46.6	 54.4	 0.035	 -0.012
48.5	 54.4	 0.000	 0.023
50.3	 54.4	 -0.012	 0.047
52.0	 54.4	 -0.070	 0.105
53.9	 54.4	 0.000	 0.082
55.6	 54.4	 -0.210	 0.257
57.5	 54.4	 -0.023	 -0.012
59.3	 54.4	 -0.070	 0.000
61.0	 54.4	 -0.152	 -0.047
62.9	 54.4	 0.128	 0.000
64.6	 54.4	 0.082	 -0.070
66.4	 54.4	 -0.105	 -0.420
68.1	 54.4	 0.000	 0.000
70.0	 54.4	 0.000	 0.000
-1.7	 56.1	 0.000	 0.000
0.0	 56.1	 0.000	 0.000
1.9	 56.1	 0.000	 -0.502
3.6	 56.1	 0.012	 -0.526
5.5	 56.1	 0.012	 -0.514
7.3	 56.1	 -0.023	 -0.339
9.0	 56.1	 0.012	 -0.397
10.8	 56.1	 0.012	 -0.455
12.5	 56.1	 -0.012	 -0.397
14.4	 56.1	 0.023	 -0.420
16.1	 56.1	 -0.035	 -0.374
18.0	 56.1	 -0.012	 -0.385
19.8	 56.1	 0.000	 -0.409
21.5	 56.1	 -0.035	 -0.280
23.4	 56.1	 -0.058	 -0.187
25.1	 56.1	 -0.058	 -0.140
27.0	 56.1	 -0.047	 -0.105
28.8	 56.1	 -0.047	 -0.117
30.5	 56.1	 -0.058	 -0.093
32.4	 56.1	 -0.035	 -0.082
34.1	 56.1	 -0.035	 -0.070
36.0	 56.1	 -0.023	 -0.047
37.6	 56.1	 -0.012	 -0.035
39.5	 56.1	 -0.023	 0.023
41.3	 56.1	 -0.012	 0.105
43.0	 56.1	 0.000	 0.000
44.9	 56.1	 -0.012	 0.023
46.6	 56.1	 -0.012	 0.023
48.5	 56.1	 0.012	 0.047
50.3	 56.1	 0.023	 0.093
52.0	 56.1	 -0.023	 0.058
53.9	 56.1	 -0.070	 0.012
55.6	 56.1	 0.035	 -0.012
57.5	 56.1	 -0.012	 0.093
59.3	 56.1	 -0.070	 -0.035
61.0	 56.1	 -0.070	 -0.105
62.9	 56.1	 0.105	 -0.269
64.6	 56.1	 -0.023	 0.012
66.4	 56.1	 0.023	 -0.164
68.1	 56.1	 0.000	 0.000
70.0	 56.1	 0.000	 0.000
-1.7	 57.9	 0.000	 0.000
0.0	 57.9	 0.000	 0.000
1.9	 57.9	 0.012	 -0.526
3.6	 57.9	 -0.012	 -0.502
5.5	 57.9	 -0.012	 -0.491
7.3	 57.9	 -0.012	 -0.315
9.0	 57.9	 -0.023	 -0.362
10.8	 57.9	 -0.023	 -0.350
12.5	 57.9	 -0.012	 -0.304
14.4	 57.9	 -0.035	 -0.350
16.1	 57.9	 0.012	 -0.339
18.0	 57.9	 0.000	 -0.327
19.8	 57.9	 -0.023	 -0.339
21.5	 57.9	 -0.047	 -0.245
23.4	 57.9	 -0.047	 -0.187
25.1	 57.9	 -0.047	 -0.117
27.0	 57.9	 -0.035	 -0.128
28.8	 57.9	 -0.023	 -0.093
30.5	 57.9	 -0.035	 -0.058
32.4	 57.9	 -0.035	 -0.082
34.1	 57.9	 -0.023	 -0.047
36.0	 57.9	 -0.012	 -0.058
37.6	 57.9	 -0.012	 -0.058
39.5	 57.9	 -0.047	 0.012
41.3	 57.9	 -0.047	 -0.012
43.0	 57.9	 -0.023	 0.047
44.9	 57.9	 -0.035	 0.070
46.6	 57.9	 -0.035	 0.023
48.5	 57.9	 0.035	 0.140
50.3	 57.9	 0.023	 0.070
52.0	 57.9	 0.047	 -0.012
53.9	 57.9	 -0.070	 0.035
55.6	 57.9	 -0.093	 0.000
57.5	 57.9	 0.023	 -0.047
59.3	 57.9	 0.035	 -0.047
61.0	 57.9	 0.175	 -0.023
62.9	 57.9	 0.257	 -0.070
64.6	 57.9	 0.070	 0.070
66.4	 57.9	 0.187	 -0.280
68.1	 57.9	 0.000	 0.000
70.0	 57.9	 0.000	 0.000
-1.7	 59.8	 0.000	 0.000
0.0	 59.8	 0.000	 0.000
1.9	 59.8	 -0.023	 -0.502
3.6	 59.8	 -0.012	 -0.455
5.5	 59.8	 0.000	 -0.502
7.3	 59.8	 0.023	 -0.420
9.0	 59.8	 -0.012	 -0.315
10.8	 59.8	 -0.012	 -0.350
12.5	 59.8	 -0.023	 -0.327
14.4	 59.8	 -0.023	 -0.292
16.1	 59.8	 -0.023	 -0.245
18.0	 59.8	 -0.012	 -0.327
19.8	 59.8	 -0.023	 -0.257
21.5	 59.8	 -0.047	 -0.210
23.4	 59.8	 -0.035	 -0.187
25.1	 59.8	 -0.047	 -0.117
27.0	 59.8	 -0.035	 -0.105
28.8	 59.8	 -0.035	 -0.093
30.5	 59.8	 -0.035	 -0.082
32.4	 59.8	 -0.047	 -0.082
34.1	 59.8	 -0.035	 -0.035
36.0	 59.8	 -0.012	 -0.012
37.6	 59.8	 -0.023	 -0.023
39.5	 59.8	 -0.070	 0.023
41.3	 59.8	 -0.012	 0.035
43.0	 59.8	 -0.035	 0.047
44.9	 59.8	 -0.093	 0.012
46.6	 59.8	 -0.058	 0.082
48.5	 59.8	 0.000	 0.047
50.3	 59.8	 -0.012	 0.047
52.0	 59.8	 -0.058	 0.128
53.9	 59.8	 0.000	 0.082
55.6	 59.8	 0.012	 0.058
57.5	 59.8	 0.012	 -0.023
59.3	 59.8	 -0.023	 -0.012
61.0	 59.8	 -0.012	 -0.082
62.9	 59.8	 0.070	 -0.199
64.6	 59.8	 0.128	 -0.175
66.4	 59.8	 0.128	 -0.269
68.1	 59.8	 0.000	 0.000
70.0	 59.8	 0.000	 0.000
-1.7	 61.4	 0.000	 0.000
0.0	 61.4	 0.000	 0.000
1.9	 61.4	 -0.012	 -0.455
3.6	 61.4	 0.000	 -0.467
5.5	 61.4	 0.035	 -0.397
7.3	 61.4	 -0.023	 -0.315
9.0	 61.4	 -0.023	 -0.327
10.8	 61.4	 -0.035	 -0.339
12.5	 61.4	 -0.012	 -0.222
14.4	 61.4	 0.012	 -0.199
16.1	 61.4	 -0.058	 -0.257
18.0	 61.4	 -0.047	 -0.234
19.8	 61.4	 -0.047	 -0.234
21.5	 61.4	 -0.047	 -0.187
23.4	 61.4	 -0.023	 -0.128
25.1	 61.4	 -0.082	 -0.093
27.0	 61.4	 -0.047	 -0.082
28.8	 61.4	 -0.058	 -0.093
30.5	 61.4	 -0.070	 -0.093
32.4	 61.4	 -0.047	 -0.070
34.1	 61.4	 -0.035	 -0.058
36.0	 61.4	 -0.035	 -0.047
37.6	 61.4	 -0.023	 0.012
39.5	 61.4	 -0.058	 0.023
41.3	 61.4	 -0.012	 0.035
43.0	 61.4	 -0.023	 0.000
44.9	 61.4	 -0.058	 -0.023
46.6	 61.4	 -0.105	 0.047
48.5	 61.4	 -0.058	 0.023
50.3	 61.4	 -0.047	 0.047
52.0	 61.4	 0.035	 0.117
53.9	 61.4	 -0.035	 0.070
55.6	 61.4	 0.023	 0.082
57.5	 61.4	 0.012	 0.070
59.3	 61.4	 -0.140	 0.058
61.0	 61.4	 0.023	 -0.035
62.9	 61.4	 -0.117	 -0.105
64.6	 61.4	 0.082	 -0.070
66.4	 61.4	 -0.023	 -0.339
68.1	 61.4	 0.000	 0.000
70.0	 61.4	 0.000	 0.000
-1.7	 63.3	 0.000	 0.000
0.0	 63.3	 0.000	 0.000
1.9	 63.3	 -0.012	 -0.432
3.6	 63.3	 -0.012	 -0.432
5.5	 63.3	 -0.035	 -0.362
7.3	 63.3	 -0.058	 -0.222
9.0	 63.3	 -0.012	 -0.292
10.8	 63.3	 0.000	 -0.210
12.5	 63.3	 -0.023	 -0.234
14.4	 63.3	 -0.023	 -0.234
16.1	 63.3	 -0.012	 -0.292
18.0	 63.3	 0.000	 -0.280
19.8	 63.3	 -0.035	 -0.210
21.5	 63.3	 -0.058	 -0.175
23.4	 63.3	 -0.047	 -0.128
25.1	 63.3	 -0.070	 -0.117
27.0	 63.3	 -0.070	 -0.093
28.8	 63.3	 -0.047	 -0.082
30.5	 63.3	 -0.058	 -0.082
32.4	 63.3	 -0.035	 -0.093
34.1	 63.3	 -0.023	 -0.035
36.0	 63.3	 -0.012	 -0.023
37.6	 63.3	 -0.035	 0.023
39.5	 63.3	 -0.035	 0.035
41.3	 63.3	 -0.012	 0.047
43.0	 63.3	 -0.047	 0.082
44.9	 63.3	 0.000	 0.070
46.6	 63.3	 -0.070	 0.058
48.5	 63.3	 -0.082	 0.128
50.3	 63.3	 -0.082	 0.093
52.0	 63.3	 -0.035	 0.093
53.9	 63.3	 0.047	 0.000
55.6	 63.3	 -0.023	 0.035
57.5	 63.3	 0.070	 0.035
59.3	 63.3	 -0.035	 0.012
61.0	 63.3	 -0.058	 -0.047
62.9	 63.3	 0.023	 -0.035
64.6	 63.3	 0.105	 -0.023
66.4	 63.3	 0.035	 -0.339
68.1	 63.3	 0.000	 0.000
70.0	 63.3	 0.000	 0.000
-1.7	 65.1	 0.000	 0.000
0.0	 65.1	 0.000	 0.000
1.9	 65.1	 0.023	 -0.350
3.6	 65.1	 0.000	 -0.397
5.5	 65.1	 0.000	 -0.350
7.3	 65.1	 0.023	 -0.175
9.0	 65.1	 0.035	 -0.234
10.8	 65.1	 -0.023	 -0.245
12.5	 65.1	 -0.082	 -0.210
14.4	 65.1	 -0.035	 -0.199
16.1	 65.1	 -0.035	 -0.175
18.0	 65.1	 -0.035	 -0.210
19.8	 65.1	 0.000	 -0.187
21.5	 65.1	 -0.023	 -0.093
23.4	 65.1	 -0.047	 -0.117
25.1	 65.1	 -0.035	 -0.117
27.0	 65.1	 -0.070	 -0.117
28.8	 65.1	 -0.058	 -0.070
30.5	 65.1	 -0.035	 -0.070
32.4	 65.1	 0.000	 -0.070
34.1	 65.1	 -0.023	 -0.012
36.0	 65.1	 -0.035	 0.000
37.6	 65.1	 -0.058	 0.000
39.5	 65.1	 -0.058	 0.000
41.3	 65.1	 -0.023	 0.023
43.0	 65.1	 -0.070	 0.047
44.9	 65.1	 -0.012	 0.093
46.6	 65.1	 -0.047	 0.070
48.5	 65.1	 -0.023	 0.093
50.3	 65.1	 -0.047	 0.070
52.0	 65.1	 -0.047	 0.058
53.9	 65.1	 0.000	 0.082
55.6	 65.1	 -0.058	 0.105
57.5	 65.1	 0.105	 0.093
59.3	 65.1	 -0.035	 0.023
61.0	 65.1	 -0.023	 -0.070
62.9	 65.1	 0.023	 -0.047
64.6	 65.1	 -0.058	 0.047
66.4	 65.1	 -0.035	 -0.152
68.1	 65.1	 0.000	 0.000
70.0	 65.1	 0.000	 0.000
-1.7	 66.9	 0.000	 0.000
0.0	 66.9	 0.000	 0.000
1.9	 66.9	 -0.023	 -0.280
3.6	 66.9	 -0.023	 -0.269
5.5	 66.9	 0.000	 -0.339
7.3	 66.9	 -0.012	 -0.280
9.0	 66.9	 -0.012	 -0.280
10.8	 66.9	 -0.058	 -0.257
12.5	 66.9	 -0.047	 -0.175
14.4	 66.9	 -0.035	 -0.140
16.1	 66.9	 -0.023	 -0.152
18.0	 66.9	 -0.047	 -0.187
19.8	 66.9	 -0.023	 -0.152
21.5	 66.9	 -0.047	 -0.164
23.4	 66.9	 -0.070	 -0.128
25.1	 66.9	 -0.012	 -0.093
27.0	 66.9	 -0.047	 -0.093
28.8	 66.9	 -0.012	 -0.058
30.5	 66.9	 -0.047	 -0.058
32.4	 66.9	 -0.035	 -0.070
34.1	 66.9	 -0.035	 -0.012
36.0	 66.9	 -0.023	 0.000
37.6	 66.9	 -0.012	 -0.035
39.5	 66.9	 -0.035	 -0.035
41.3	 66.9	 -0.023	 0.012
43.0	 66.9	 -0.023	 0.047
44.9	 66.9	 -0.012	 0.070
46.6	 66.9	 -0.070	 0.105
48.5	 66.9	 0.023	 0.093
50.3	 66.9	 -0.012	 0.082
52.0	 66.9	 -0.058	 0.070
53.9	 66.9	 -0.012	 0.070
55.6	 66.9	 -0.023	 0.070
57.5	 66.9	 0.023	 0.082
59.3	 66.9	 -0.058	 0.012
61.0	 66.9	 -0.023	 0.023
62.9	 66.9	 -0.023	 -0.082
64.6	 66.9	 0.082	 -0.128
66.4	 66.9	 -0.093	 -0.234
68.1	 66.9	 0.000	 0.000
70.0	 66.9	 0.000	 0.000
-1.7	 68.6	 0.000	 0.000
0.0	 68.6	 0.000	 0.000
1.9	 68.6	 -0.152	 -0.257
3.6	 68.6	 -0.035	 -0.128
5.5	 68.6	 0.035	 -0.257
7.3	 68.6	 0.105	 -0.093
9.0	 68.6	 -0.012	 -0.187
10.8	 68.6	 -0.012	 -0.222
12.5	 68.6	 -0.023	 -0.199
14.4	 68.6	 -0.012	 -0.199
16.1	 68.6	 0.000	 -0.245
18.0	 68.6	 -0.012	 -0.175
19.8	 68.6	 -0.058	 -0.175
21.5	 68.6	 -0.035	 -0.152
23.4	 68.6	 -0.047	 -0.128
25.1	 68.6	 -0.035	 -0.093
27.0	 68.6	 -0.035	 -0.070
28.8	 68.6	 -0.012	 -0.058
30.5	 68.6	 -0.047	 -0.047
32.4	 68.6	 -0.012	 -0.047
34.1	 68.6	 -0.035	 -0.035
36.0	 68.6	 -0.012	 -0.023
37.6	 68.6	 0.000	 -0.035
39.5	 68.6	 -0.047	 0.012
41.3	 68.6	 -0.047	 0.047
43.0	 68.6	 -0.023	 0.012
44.9	 68.6	 -0.023	 0.047
46.6	 68.6	 -0.058	 0.082
48.5	 68.6	 -0.023	 0.070
50.3	 68.6	 0.000	 0.070
52.0	 68.6	 -0.023	 0.093
53.9	 68.6	 0.000	 0.035
55.6	 68.6	 0.035	 0.023
57.5	 68.6	 0.000	 0.012
59.3	 68.6	 0.012	 -0.082
61.0	 68.6	 0.012	 -0.012
62.9	 68.6	 -0.058	 -0.047
64.6	 68.6	 0.047	 -0.175
66.4	 68.6	 -0.152	 -0.327
68.1	 68.6	 0.000	 0.000
70.0	 68.6	 0.000	 0.000
-1.7	 70.4	 0.000	 0.000
0.0	 70.4	 0.000	 0.000
1.9	 70.4	 0.023	 -0.093
3.6	 70.4	 0.012	 -0.152
5.5	 70.4	 0.000	 -0.140
7.3	 70.4	 0.012	 -0.058
9.0	 70.4	 0.023	 -0.070
10.8	 70.4	 0.000	 -0.140
12.5	 70.4	 -0.035	 -0.199
14.4	 70.4	 -0.047	 -0.210
16.1	 70.4	 -0.047	 -0.199
18.0	 70.4	 -0.035	 -0.210
19.8	 70.4	 -0.035	 -0.140
21.5	 70.4	 -0.047	 -0.105
23.4	 70.4	 -0.070	 -0.082
25.1	 70.4	 -0.070	 -0.117
27.0	 70.4	 -0.035	 -0.093
28.8	 70.4	 -0.058	 -0.047
30.5	 70.4	 -0.047	 -0.047
32.4	 70.4	 -0.035	 -0.047
34.1	 70.4	 -0.035	 -0.035
36.0	 70.4	 -0.035	 0.000
37.6	 70.4	 -0.047	 -0.035
39.5	 70.4	 -0.023	 0.012
41.3	 70.4	 -0.035	 0.023
43.0	 70.4	 -0.023	 -0.012
44.9	 70.4	 -0.035	 0.070
46.6	 70.4	 -0.023	 0.035
48.5	 70.4	 -0.023	 0.047
50.3	 70.4	 0.047	 0.093
52.0	 70.4	 0.047	 0.105
53.9	 70.4	 -0.035	 0.035
55.6	 70.4	 0.058	 0.023
57.5	 70.4	 -0.035	 0.023
59.3	 70.4	 0.000	 0.047
61.0	 70.4	 0.000	 0.000
62.9	 70.4	 -0.035	 -0.082
64.6	 70.4	 -0.023	 -0.175
66.4	 70.4	 -0.082	 -0.257
68.1	 70.4	 0.082	 -0.689
70.0	 70.4	 0.000	 0.000
-1.7	 72.3	 0.000	 0.000
0.0	 72.3	 0.000	 0.000
1.9	 72.3	 0.070	 -0.187
3.6	 72.3	 -0.035	 -0.070
5.5	 72.3	 -0.047	 -0.035
7.3	 72.3	 0.047	 0.082
9.0	 72.3	 0.047	 0.035
10.8	 72.3	 0.000	 -0.222
12.5	 72.3	 -0.035	 -0.187
14.4	 72.3	 -0.012	 -0.105
16.1	 72.3	 -0.012	 -0.164
18.0	 72.3	 0.035	 -0.128
19.8	 72.3	 0.000	 -0.093
21.5	 72.3	 -0.058	 -0.105
23.4	 72.3	 -0.070	 -0.117
25.1	 72.3	 -0.105	 -0.117
27.0	 72.3	 -0.047	 -0.093
28.8	 72.3	 0.000	 -0.082
30.5	 72.3	 -0.023	 -0.058
32.4	 72.3	 -0.023	 -0.093
34.1	 72.3	 0.000	 -0.047
36.0	 72.3	 -0.047	 0.012
37.6	 72.3	 -0.035	 0.012
39.5	 72.3	 0.023	 0.035
41.3	 72.3	 -0.023	 0.023
43.0	 72.3	 0.000	 0.012
44.9	 72.3	 -0.047	 0.047
46.6	 72.3	 -0.023	 0.035
48.5	 72.3	 -0.023	 0.047
50.3	 72.3	 -0.058	 0.082
52.0	 72.3	 -0.023	 0.035
53.9	 72.3	 -0.070	 0.012
55.6	 72.3	 -0.023	 0.047
57.5	 72.3	 -0.012	 -0.047
59.3	 72.3	 -0.023	 -0.082
61.0	 72.3	 0.012	 -0.035
62.9	 72.3	 -0.082	 -0.058
64.6	 72.3	 -0.105	 -0.093
66.4	 72.3	 0.047	 -0.292
68.1	 72.3	 0.000	 0.000
70.0	 72.3	 0.000	 0.000
-1.7	 74.1	 0.000	 0.000
0.0	 74.1	 0.000	 0.000
1.9	 74.1	 -0.023	 -0.210
3.6	 74.1	 0.023	 -0.152
5.5	 74.1	 -0.035	 -0.082
7.3	 74.1	 0.035	 0.082
9.0	 74.1	 -0.012	 -0.012
10.8	 74.1	 -0.047	 -0.210
12.5	 74.1	 -0.012	 -0.164
14.4	 74.1	 0.012	 -0.117
16.1	 74.1	 -0.023	 -0.117
18.0	 74.1	 -0.023	 -0.128
19.8	 74.1	 -0.047	 -0.199
21.5	 74.1	 -0.082	 -0.128
23.4	 74.1	 -0.023	 -0.140
25.1	 74.1	 -0.035	 -0.117
27.0	 74.1	 0.035	 -0.140
28.8	 74.1	 -0.035	 -0.082
30.5	 74.1	 -0.012	 -0.117
32.4	 74.1	 -0.023	 -0.093
34.1	 74.1	 -0.035	 -0.035
36.0	 74.1	 -0.082	 -0.012
37.6	 74.1	 -0.070	 0.058
39.5	 74.1	 0.000	 0.023
41.3	 74.1	 -0.023	 0.035
43.0	 74.1	 -0.023	 -0.012
44.9	 74.1	 0.000	 -0.023
46.6	 74.1	 0.012	 0.000
48.5	 74.1	 0.000	 0.035
50.3	 74.1	 -0.035	 0.093
52.0	 74.1	 -0.070	 0.058
53.9	 74.1	 -0.047	 0.058
55.6	 74.1	 -0.058	 0.035
57.5	 74.1	 -0.047	 -0.093
59.3	 74.1	 -0.023	 -0.105
61.0	 74.1	 -0.047	 -0.035
62.9	 74.1	 -0.058	 -0.058
64.6	 74.1	 -0.023	 -0.164
66.4	 74.1	 0.210	 -0.234
68.1	 74.1	 0.000	 0.000
70.0	 74.1	 0.000	 0.000
-1.7	 75.9	 0.000	 0.000
0.0	 75.9	 0.000	 0.000
1.9	 75.9	 -0.070	 -0.292
3.6	 75.9	 0.082	 -0.234
5.5	 75.9	 0.047	 -0.187
7.3	 75.9	 0.023	 -0.093
9.0	 75.9	 -0.035	 -0.210
10.8	 75.9	 0.117	 0.000
12.5	 75.9	 0.035	 0.000
14.4	 75.9	 0.023	 -0.128
16.1	 75.9	 0.023	 -0.058
18.0	 75.9	 0.000	 -0.070
19.8	 75.9	 0.000	 -0.210
21.5	 75.9	 -0.070	 -0.093
23.4	 75.9	 -0.023	 -0.117
25.1	 75.9	 -0.047	 -0.070
27.0	 75.9	 -0.047	 -0.047
28.8	 75.9	 -0.082	 -0.093
30.5	 75.9	 -0.058	 -0.105
32.4	 75.9	 0.023	 -0.047
34.1	 75.9	 0.000	 -0.035
36.0	 75.9	 -0.047	 -0.023
37.6	 75.9	 -0.023	 0.023
39.5	 75.9	 -0.012	 0.035
41.3	 75.9	 0.012	 0.023
43.0	 75.9	 0.000	 -0.023
44.9	 75.9	 -0.047	 0.000
46.6	 75.9	 0.000	 0.082
48.5	 75.9	 -0.023	 -0.012
50.3	 75.9	 0.000	 -0.023
52.0	 75.9	 -0.012	 0.047
53.9	 75.9	 -0.035	 -0.023
55.6	 75.9	 -0.023	 -0.023
57.5	 75.9	 0.012	 -0.058
59.3	 75.9	 0.070	 -0.082
61.0	 75.9	 0.012	 -0.140
62.9	 75.9	 -0.058	 -0.093
64.6	 75.9	 -0.058	 -0.234
66.4	 75.9	 0.058	 -0.269
68.1	 75.9	 0.128	 -0.677
70.0	 75.9	 0.000	 0.000
-1.7	 77.6	 0.000	 0.000
0.0	 77.6	 0.000	 0.000
1.9	 77.6	 -0.012	 -0.432
3.6	 77.6	 -0.058	 -0.409
5.5	 77.6	 0.012	 -0.257
7.3	 77.6	 -0.023	 -0.070
9.0	 77.6	 -0.058	 -0.128
10.8	 77.6	 0.128	 -0.082
12.5	 77.6	 0.070	 -0.128
14.4	 77.6	 0.058	 -0.164
16.1	 77.6	 0.000	 -0.082
18.0	 77.6	 -0.035	 -0.070
19.8	 77.6	 -0.035	 -0.164
21.5	 77.6	 -0.093	 -0.164
23.4	 77.6	 -0.035	 -0.082
25.1	 77.6	 -0.035	 -0.093
27.0	 77.6	 -0.058	 -0.093
28.8	 77.6	 -0.058	 -0.058
30.5	 77.6	 -0.023	 -0.070
32.4	 77.6	 0.035	 -0.058
34.1	 77.6	 -0.047	 -0.035
36.0	 77.6	 -0.023	 -0.035
37.6	 77.6	 0.000	 0.023
39.5	 77.6	 -0.012	 0.058
41.3	 77.6	 -0.012	 -0.012
43.0	 77.6	 -0.035	 -0.023
44.9	 77.6	 0.023	 -0.058
46.6	 77.6	 0.000	 0.035
48.5	 77.6	 -0.012	 -0.023
50.3	 77.6	 -0.035	 0.023
52.0	 77.6	 -0.047	 0.023
53.9	 77.6	 -0.047	 -0.012
55.6	 77.6	 -0.047	 -0.023
57.5	 77.6	 -0.070	 -0.012
59.3	 77.6	 0.012	 0.012
61.0	 77.6	 -0.023	 -0.070
62.9	 77.6	 -0.070	 -0.128
64.6	 77.6	 -0.035	 -0.234
66.4	 77.6	 0.012	 -0.269
68.1	 77.6	 0.000	 0.000
70.0	 77.6	 0.000	 0.000
-1.7	 79.4	 0.000	 0.000
0.0	 79.4	 0.000	 0.000
1.9	 79.4	 0.023	 -0.199
3.6	 79.4	 -0.012	 -0.269
5.5	 79.4	 0.000	 -0.175
7.3	 79.4	 -0.023	 -0.035
9.0	 79.4	 -0.012	 -0.047
10.8	 79.4	 0.070	 -0.105
12.5	 79.4	 0.117	 -0.175
14.4	 79.4	 0.093	 -0.187
16.1	 79.4	 0.000	 -0.117
18.0	 79.4	 -0.047	 -0.070
19.8	 79.4	 -0.070	 -0.140
21.5	 79.4	 -0.058	 -0.140
23.4	 79.4	 -0.070	 -0.047
25.1	 79.4	 -0.058	 -0.047
27.0	 79.4	 -0.035	 -0.047
28.8	 79.4	 -0.035	 -0.047
30.5	 79.4	 -0.023	 -0.082
32.4	 79.4	 -0.047	 -0.058
34.1	 79.4	 -0.012	 -0.023
36.0	 79.4	 -0.023	 0.023
37.6	 79.4	 -0.035	 0.000
39.5	 79.4	 -0.012	 0.023
41.3	 79.4	 0.012	 0.012
43.0	 79.4	 -0.023	 0.000
44.9	 79.4	 0.000	 -0.035
46.6	 79.4	 -0.023	 0.035
48.5	 79.4	 -0.047	 0.012
50.3	 79.4	 -0.058	 -0.012
52.0	 79.4	 -0.012	 -0.023
53.9	 79.4	 -0.082	 0.012
55.6	 79.4	 -0.117	 0.023
57.5	 79.4	 -0.070	 0.035
59.3	 79.4	 0.000	 -0.082
61.0	 79.4	 -0.012	 -0.070
62.9	 79.4	 -0.082	 -0.187
64.6	 79.4	 0.058	 -0.140
66.4	 79.4	 0.047	 -0.164
68.1	 79.4	 0.000	 0.000
70.0	 79.4	 0.000	 0.000
-1.7	 81.3	 0.000	 0.000
0.0	 81.3	 0.000	 0.000
1.9	 81.3	 0.047	 -0.222
3.6	 81.3	 0.070	 -0.152
5.5	 81.3	 0.012	 -0.128
7.3	 81.3	 -0.058	 -0.117
9.0	 81.3	 -0.058	 -0.164
10.8	 81.3	 0.035	 -0.105
12.5	 81.3	 0.000	 -0.128
14.4	 81.3	 0.105	 -0.093
16.1	 81.3	 0.058	 -0.093
18.0	 81.3	 -0.035	 -0.070
19.8	 81.3	 -0.012	 -0.082
21.5	 81.3	 0.035	 -0.058
23.4	 81.3	 -0.012	 -0.012
25.1	 81.3	 -0.058	 -0.047
27.0	 81.3	 0.000	 -0.093
28.8	 81.3	 -0.082	 -0.023
30.5	 81.3	 0.012	 -0.047
32.4	 81.3	 -0.023	 -0.128
34.1	 81.3	 -0.012	 -0.047
36.0	 81.3	 -0.023	 0.023
37.6	 81.3	 -0.047	 0.000
39.5	 81.3	 0.035	 -0.012
41.3	 81.3	 0.012	 0.035
43.0	 81.3	 0.035	 0.012
44.9	 81.3	 -0.023	 0.000
46.6	 81.3	 -0.035	 0.012
48.5	 81.3	 -0.023	 0.023
50.3	 81.3	 -0.093	 -0.012
52.0	 81.3	 -0.058	 -0.023
53.9	 81.3	 -0.047	 -0.023
55.6	 81.3	 -0.070	 0.047
57.5	 81.3	 -0.035	 -0.035
59.3	 81.3	 -0.058	 -0.152
61.0	 81.3	 -0.047	 -0.117
62.9	 81.3	 -0.117	 -0.140
64.6	 81.3	 -0.070	 -0.187
66.4	 81.3	 0.035	 -0.199
68.1	 81.3	 0.117	 -0.584
70.0	 81.3	 0.000	 0.000
-1.7	 83.1	 0.000	 0.000
0.0	 83.1	 0.000	 0.000
1.9	 83.1	 -0.128	 -0.128
3.6	 83.1	 -0.058	 -0.117
5.5	 83.1	 -0.035	 -0.140
7.3	 83.1	 -0.058	 -0.187
9.0	 83.1	 0.117	 -0.117
10.8	 83.1	 0.082	 -0.339
12.5	 83.1	 0.000	 -0.164
14.4	 83.1	 0.128	 -0.058
16.1	 83.1	 -0.035	 -0.012
18.0	 83.1	 -0.012	 -0.058
19.8	 83.1	 0.012	 -0.058
21.5	 83.1	 -0.058	 -0.093
23.4	 83.1	 -0.035	 -0.047
25.1	 83.1	 -0.035	 -0.070
27.0	 83.1	 0.023	 -0.058
28.8	 83.1	 -0.070	 -0.023
30.5	 83.1	 -0.012	 -0.058
32.4	 83.1	 -0.012	 -0.105
34.1	 83.1	 0.012	 -0.012
36.0	 83.1	 0.012	 0.012
37.6	 83.1	 0.000	 0.023
39.5	 83.1	 -0.035	 0.058
41.3	 83.1	 0.047	 0.023
43.0	 83.1	 -0.035	 0.047
44.9	 83.1	 -0.047	 0.035
46.6	 83.1	 -0.082	 0.000
48.5	 83.1	 -0.047	 0.035
50.3	 83.1	 -0.082	 0.035
52.0	 83.1	 0.035	 -0.023
53.9	 83.1	 -0.058	 0.012
55.6	 83.1	 -0.105	 0.035
57.5	 83.1	 -0.047	 -0.023
59.3	 83.1	 -0.082	 -0.035
61.0	 83.1	 -0.093	 0.000
62.9	 83.1	 -0.105	 -0.152
64.6	 83.1	 -0.058	 -0.128
66.4	 83.1	 0.023	 -0.269
68.1	 83.1	 0.000	 0.000
70.0	 83.1	 0.000	 0.000
-1.7	 84.9	 0.000	 0.000
0.0	 84.9	 0.000	 0.000
1.9	 84.9	 0.000	 -0.339
3.6	 84.9	 0.000	 -0.257
5.5	 84.9	 -0.023	 -0.210
7.3	 84.9	 -0.035	 -0.269
9.0	 84.9	 0.093	 -0.140
10.8	 84.9	 0.082	 -0.164
12.5	 84.9	 0.023	 -0.222
14.4	 84.9	 0.058	 -0.047
16.1	 84.9	 0.000	 0.000
18.0	 84.9	 0.128	 -0.222
19.8	 84.9	 0.164	 -0.164
21.5	 84.9	 0.012	 -0.023
23.4	 84.9	 0.000	 0.012
25.1	 84.9	 -0.035	 -0.012
27.0	 84.9	 0.070	 -0.023
28.8	 84.9	 0.012	 -0.035
30.5	 84.9	 0.000	 -0.047
32.4	 84.9	 -0.058	 -0.035
34.1	 84.9	 -0.012	 -0.023
36.0	 84.9	 -0.023	 0.000
37.6	 84.9	 0.058	 -0.093
39.5	 84.9	 0.000	 -0.023
41.3	 84.9	 0.000	 0.093
43.0	 84.9	 -0.058	 0.047
44.9	 84.9	 -0.012	 0.012
46.6	 84.9	 -0.058	 0.012
48.5	 84.9	 -0.012	 0.047
50.3	 84.9	 0.035	 0.035
52.0	 84.9	 -0.012	 -0.070
53.9	 84.9	 -0.047	 -0.047
55.6	 84.9	 -0.047	 0.000
57.5	 84.9	 -0.035	 -0.070
59.3	 84.9	 -0.047	 -0.082
61.0	 84.9	 0.058	 -0.152
62.9	 84.9	 -0.012	 -0.164
64.6	 84.9	 -0.012	 -0.222
66.4	 84.9	 -0.047	 -0.385
68.1	 84.9	 0.000	 0.000
70.0	 84.9	 0.000	 0.000
-1.7	 86.6	 0.000	 0.000
0.0	 86.6	 0.000	 0.000
1.9	 86.6	 -0.058	 -0.502
3.6	 86.6	 0.012	 -0.280
5.5	 86.6	 -0.012	 -0.222
7.3	 86.6	 -0.023	 -0.164
9.0	 86.6	 0.082	 -0.047
10.8	 86.6	 0.093	 -0.105
12.5	 86.6	 0.035	 -0.128
14.4	 86.6	 0.222	 -0.082
16.1	 86.6	 0.093	 -0.128
18.0	 86.6	 0.105	 -0.035
19.8	 86.6	 0.117	 -0.012
21.5	 86.6	 0.012	 -0.082
23.4	 86.6	 0.012	 -0.070
25.1	 86.6	 0.047	 -0.117
27.0	 86.6	 0.047	 -0.035
28.8	 86.6	 -0.082	 -0.035
30.5	 86.6	 -0.012	 -0.012
32.4	 86.6	 -0.128	 -0.023
34.1	 86.6	 0.012	 -0.012
36.0	 86.6	 0.012	 -0.023
37.6	 86.6	 0.035	 -0.023
39.5	 86.6	 0.012	 -0.023
41.3	 86.6	 0.012	 0.058
43.0	 86.6	 -0.058	 0.035
44.9	 86.6	 -0.035	 0.047
46.6	 86.6	 0.023	 0.070
48.5	 86.6	 -0.023	 0.035
50.3	 86.6	 0.012	 0.035
52.0	 86.6	 -0.058	 0.000
53.9	 86.6	 -0.140	 0.012
55.6	 86.6	 -0.058	 -0.035
57.5	 86.6	 -0.070	 -0.093
59.3	 86.6	 -0.070	 0.000
61.0	 86.6	 -0.047	 -0.117
62.9	 86.6	 -0.105	 -0.187
64.6	 86.6	 -0.023	 -0.164
66.4	 86.6	 -0.082	 -0.304
68.1	 86.6	 0.000	 0.000
70.0	 86.6	 0.000	 0.000
-1.7	 88.4	 0.000	 0.000
0.0	 88.4	 0.000	 0.000
1.9	 88.4	 0.070	 -0.467
3.6	 88.4	 0.023	 -0.292
5.5	 88.4	 0.000	 -0.140
7.3	 88.4	 -0.047	 -0.175
9.0	 88.4	 0.047	 -0.140
10.8	 88.4	 0.058	 -0.152
12.5	 88.4	 0.023	 -0.093
14.4	 88.4	 0.117	 -0.105
16.1	 88.4	 0.012	 -0.257
18.0	 88.4	 0.128	 -0.140
19.8	 88.4	 -0.058	 -0.187
21.5	 88.4	 0.058	 -0.058
23.4	 88.4	 0.012	 -0.047
25.1	 88.4	 0.035	 -0.070
27.0	 88.4	 0.047	 0.012
28.8	 88.4	 0.012	 -0.035
30.5	 88.4	 0.012	 -0.058
32.4	 88.4	 -0.070	 -0.035
34.1	 88.4	 -0.058	 0.023
36.0	 88.4	 0.070	 -0.047
37.6	 88.4	 0.105	 -0.047
39.5	 88.4	 -0.035	 0.012
41.3	 88.4	 -0.070	 0.035
43.0	 88.4	 0.012	 0.035
44.9	 88.4	 0.058	 0.047
46.6	 88.4	 0.000	 0.023
48.5	 88.4	 -0.023	 0.000
50.3	 88.4	 0.035	 0.023
52.0	 88.4	 0.012	 -0.070
53.9	 88.4	 -0.012	 0.047
55.6	 88.4	 -0.070	 -0.012
57.5	 88.4	 -0.047	 -0.070
59.3	 88.4	 0.000	 -0.082
61.0	 88.4	 -0.070	 -0.140
62.9	 88.4	 -0.023	 -0.222
64.6	 88.4	 0.023	 -0.222
66.4	 88.4	 0.047	 -0.315
68.1	 88.4	 0.000	 0.000
70.0	 88.4	 0.000	 0.000
-1.7	 90.3	 0.000	 0.000
0.0	 90.3	 0.000	 0.000
1.9	 90.3	 0.047	 -0.385
3.6	 90.3	 0.000	 -0.327
5.5	 90.3	 0.012	 -0.234
7.3	 90.3	 -0.035	 -0.210
9.0	 90.3	 0.035	 -0.164
10.8	 90.3	 0.047	 -0.199
12.5	 90.3	 0.082	 -0.222
14.4	 90.3	 0.023	 -0.234
16.1	 90.3	 0.070	 -0.140
18.0	 90.3	 0.047	 -0.140
19.8	 90.3	 -0.047	 -0.128
21.5	 90.3	 0.023	 -0.164
23.4	 90.3	 0.070	 -0.047
25.1	 90.3	 0.058	 -0.058
27.0	 90.3	 0.058	 0.000
28.8	 90.3	 0.000	 0.000
30.5	 90.3	 0.140	 -0.012
32.4	 90.3	 -0.047	 -0.012
34.1	 90.3	 -0.117	 -0.012
36.0	 90.3	 0.105	 -0.047
37.6	 90.3	 0.093	 -0.047
39.5	 90.3	 0.012	 -0.023
41.3	 90.3	 -0.047	 -0.035
43.0	 90.3	 -0.035	 0.000
44.9	 90.3	 0.023	 -0.012
46.6	 90.3	 -0.012	 -0.023
48.5	 90.3	 -0.082	 -0.070
50.3	 90.3	 0.128	 -0.012
52.0	 90.3	 0.082	 0.012
53.9	 90.3	 -0.117	 -0.035
55.6	 90.3	 -0.070	 -0.105
57.5	 90.3	 -0.117	 -0.012
59.3	 90.3	 -0.035	 0.012
61.0	 90.3	 -0.070	 0.000
62.9	 90.3	 0.035	 -0.140
64.6	 90.3	 -0.093	 -0.199
66.4	 90.3	 -0.070	 -0.210
68.1	 90.3	 0.000	 0.000
70.0	 90.3	 0.000	 0.000
-1.7	 91.9	 0.000	 0.000
0.0	 91.9	 0.000	 0.000
1.9	 91.9	 0.000	 -0.175
3.6	 91.9	 0.058	 -0.234
5.5	 91.9	 -0.012	 -0.257
7.3	 91.9	 0.093	 -0.280
9.0	 91.9	 0.058	 -0.187
10.8	 91.9	 -0.012	 -0.140
12.5	 91.9	 0.257	 -0.280
14.4	 91.9	 0.140	 -0.327
16.1	 91.9	 0.047	 -0.187
18.0	 91.9	 0.058	 -0.187
19.8	 91.9	 0.047	 0.070
21.5	 91.9	 -0.012	 0.012
23.4	 91.9	 -0.023	 -0.082
25.1	 91.9	 0.012	 -0.058
27.0	 91.9	 0.058	 0.000
28.8	 91.9	 0.035	 -0.012
30.5	 91.9	 0.000	 0.023
32.4	 91.9	 0.082	 0.012
34.1	 91.9	 -0.035	 0.000
36.0	 91.9	 -0.105	 0.000
37.6	 91.9	 -0.128	 -0.035
39.5	 91.9	 0.023	 0.000
41.3	 91.9	 -0.023	 0.105
43.0	 91.9	 0.023	 -0.023
44.9	 91.9	 -0.023	 -0.035
46.6	 91.9	 0.000	 -0.047
48.5	 91.9	 -0.023	 0.047
50.3	 91.9	 0.093	 0.070
52.0	 91.9	 0.047	 0.012
53.9	 91.9	 0.023	 0.047
55.6	 91.9	 0.035	 -0.035
57.5	 91.9	 -0.012	 0.000
59.3	 91.9	 -0.035	 -0.035
61.0	 91.9	 -0.070	 -0.128
62.9	 91.9	 -0.047	 -0.140
64.6	 91.9	 -0.047	 -0.140
66.4	 91.9	 -0.012	 -0.222
68.1	 91.9	 0.000	 0.000
70.0	 91.9	 0.000	 0.000
-1.7	 93.8	 0.000	 0.000
0.0	 93.8	 0.000	 0.000
1.9	 93.8	 -0.047	 -0.164
3.6	 93.8	 0.047	 -0.245
5.5	 93.8	 -0.105	 -0.280
7.3	 93.8	 -0.012	 -0.175
9.0	 93.8	 0.023	 -0.257
10.8	 93.8	 -0.058	 -0.257
12.5	 93.8	 0.035	 -0.117
14.4	 93.8	 -0.012	 -0.187
16.1	 93.8	 0.047	 -0.187
18.0	 93.8	 0.058	 -0.117
19.8	 93.8	 0.082	 0.023
21.5	 93.8	 0.058	 0.000
23.4	 93.8	 0.093	 -0.035
25.1	 93.8	 0.187	 0.012
27.0	 93.8	 0.187	 0.070
28.8	 93.8	 0.093	 0.070
30.5	 93.8	 0.093	 0.000
32.4	 93.8	 0.012	 0.000
34.1	 93.8	 0.047	 0.082
36.0	 93.8	 0.164	 -0.035
37.6	 93.8	 0.035	 -0.047
39.5	 93.8	 0.058	 -0.023
41.3	 93.8	 0.035	 -0.023
43.0	 93.8	 -0.105	 0.152
44.9	 93.8	 -0.082	 -0.222
46.6	 93.8	 0.000	 -0.035
48.5	 93.8	 -0.058	 -0.047
50.3	 93.8	 0.000	 -0.012
52.0	 93.8	 0.012	 -0.012
53.9	 93.8	 0.023	 0.000
55.6	 93.8	 0.012	 0.023
57.5	 93.8	 -0.082	 -0.035
59.3	 93.8	 -0.023	 -0.117
61.0	 93.8	 -0.047	 -0.187
62.9	 93.8	 -0.058	 -0.187
64.6	 93.8	 -0.070	 -0.210
66.4	 93.8	 -0.047	 -0.339
68.1	 93.8	 0.128	 -0.572
70.0	 93.8	 0.000	 0.000
-1.7	 95.6	 0.000	 0.000
0.0	 95.6	 0.000	 0.000
1.9	 95.6	 -0.035	 -0.619
3.6	 95.6	 0.047	 -0.350
5.5	 95.6	 -0.070	 -0.327
7.3	 95.6	 -0.082	 -0.269
9.0	 95.6	 0.012	 -0.152
10.8	 95.6	 -0.012	 -0.304
12.5	 95.6	 -0.093	 -0.210
14.4	 95.6	 0.023	 -0.047
16.1	 95.6	 -0.012	 -0.327
18.0	 95.6	 0.070	 -0.105
19.8	 95.6	 0.070	 -0.058
21.5	 95.6	 0.128	 -0.082
23.4	 95.6	 0.035	 -0.164
25.1	 95.6	 0.117	 -0.117
27.0	 95.6	 -0.023	 -0.047
28.8	 95.6	 0.012	 -0.070
30.5	 95.6	 0.164	 0.000
32.4	 95.6	 0.082	 0.093
34.1	 95.6	 0.012	 0.023
36.0	 95.6	 0.117	 -0.093
37.6	 95.6	 0.012	 -0.012
39.5	 95.6	 0.035	 -0.035
41.3	 95.6	 0.000	 -0.058
43.0	 95.6	 0.012	 0.093
44.9	 95.6	 0.082	 -0.105
46.6	 95.6	 0.128	 0.047
48.5	 95.6	 0.082	 0.035
50.3	 95.6	 -0.012	 0.035
52.0	 95.6	 0.035	 0.012
53.9	 95.6	 0.023	 0.012
55.6	 95.6	 0.093	 0.000
57.5	 95.6	 -0.035	 -0.035
59.3	 95.6	 0.000	 -0.047
61.0	 95.6	 -0.012	 -0.023
62.9	 95.6	 -0.012	 -0.128
64.6	 95.6	 0.023	 -0.164
66.4	 95.6	 0.023	 -0.245
68.1	 95.6	 0.175	 -0.526
70.0	 95.6	 0.000	 0.000
-1.7	 97.4	 0.000	 0.000
0.0	 97.4	 0.000	 0.000
1.9	 97.4	 -0.012	 -0.128
3.6	 97.4	 -0.047	 -0.210
5.5	 97.4	 -0.070	 -0.304
7.3	 97.4	 -0.058	 -0.385
9.0	 97.4	 -0.058	 -0.105
10.8	 97.4	 -0.082	 -0.093
12.5	 97.4	 0.023	 -0.199
14.4	 97.4	 0.023	 -0.280
16.1	 97.4	 -0.058	 -0.269
18.0	 97.4	 0.035	 -0.280
19.8	 97.4	 0.058	 -0.222
21.5	 97.4	 0.117	 -0.128
23.4	 97.4	 0.000	 -0.105
25.1	 97.4	 0.093	 -0.105
27.0	 97.4	 0.058	 -0.152
28.8	 97.4	 0.023	 -0.070
30.5	 97.4	 0.070	 -0.012
32.4	 97.4	 0.093	 0.082
34.1	 97.4	 0.152	 0.047
36.0	 97.4	 -0.035	 0.023
37.6	 97.4	 0.000	 -0.093
39.5	 97.4	 0.000	 0.000
41.3	 97.4	 -0.117	 -0.023
43.0	 97.4	 -0.070	 -0.047
44.9	 97.4	 -0.023	 -0.093
46.6	 97.4	 0.105	 0.047
48.5	 97.4	 0.082	 0.187
50.3	 97.4	 0.047	 0.035
52.0	 97.4	 0.012	 0.012
53.9	 97.4	 0.012	 0.047
55.6	 97.4	 0.023	 0.047
57.5	 97.4	 -0.035	 -0.035
59.3	 97.4	 -0.035	 0.012
61.0	 97.4	 0.012	 -0.093
62.9	 97.4	 0.035	 -0.210
64.6	 97.4	 0.105	 -0.245
66.4	 97.4	 0.093	 -0.234
68.1	 97.4	 0.128	 -0.619
70.0	 97.4	 0.000	 0.000
-1.7	 99.1	 0.000	 0.000
0.0	 99.1	 0.000	 0.000
1.9	 99.1	 0.012	 -0.175
3.6	 99.1	 -0.023	 -0.175
5.5	 99.1	 -0.035	 -0.152
7.3	 99.1	 -0.070	 -0.234
9.0	 99.1	 -0.012	 -0.140
10.8	 99.1	 -0.105	 -0.269
12.5	 99.1	 0.012	 -0.315
14.4	 99.1	 0.012	 -0.152
16.1	 99.1	 -0.012	 -0.199
18.0	 99.1	 0.082	 -0.199
19.8	 99.1	 0.070	 -0.152
21.5	 99.1	 0.117	 -0.140
23.4	 99.1	 0.047	 -0.047
25.1	 99.1	 0.058	 -0.117
27.0	 99.1	 0.117	 -0.128
28.8	 99.1	 0.023	 -0.023
30.5	 99.1	 0.000	 -0.012
32.4	 99.1	 0.093	 -0.035
34.1	 99.1	 0.035	 -0.152
36.0	 99.1	 0.117	 0.000
37.6	 99.1	 -0.012	 0.047
39.5	 99.1	 0.070	 0.058
41.3	 99.1	 0.047	 0.000
43.0	 99.1	 0.082	 -0.023
44.9	 99.1	 -0.047	 0.058
46.6	 99.1	 0.070	 0.035
48.5	 99.1	 0.023	 0.047
50.3	 99.1	 0.047	 0.035
52.0	 99.1	 -0.035	 -0.035
53.9	 99.1	 0.012	 0.000
55.6	 99.1	 0.023	 -0.023
57.5	 99.1	 -0.012	 -0.082
59.3	 99.1	 -0.047	 -0.152
61.0	 99.1	 0.058	 -0.128
62.9	 99.1	 -0.012	 -0.199
64.6	 99.1	 0.035	 -0.175
66.4	 99.1	 0.070	 -0.222
68.1	 99.1	 0.082	 -0.234
70.0	 99.1	 0.000	 0.000
-1.7	 100.9	 0.000	 0.000
0.0	 100.9	 0.000	 0.000
1.9	 100.9	 0.012	 -0.292
3.6	 100.9	 -0.047	 -0.210
5.5	 100.9	 -0.047	 -0.164
7.3	 100.9	 -0.082	 -0.152
9.0	 100.9	 -0.128	 -0.199
10.8	 100.9	 -0.012	 -0.152
12.5	 100.9	 -0.012	 -0.105
14.4	 100.9	 0.035	 -0.105
16.1	 100.9	 -0.023	 -0.070
18.0	 100.9	 0.105	 -0.082
19.8	 100.9	 -0.093	 -0.023
21.5	 100.9	 0.035	 -0.199
23.4	 100.9	 0.082	 -0.269
25.1	 100.9	 0.105	 -0.082
27.0	 100.9	 0.082	 -0.047
28.8	 100.9	 0.105	 -0.058
30.5	 100.9	 -0.023	 -0.047
32.4	 100.9	 -0.047	 -0.058
34.1	 100.9	 -0.012	 0.047
36.0	 100.9	 0.093	 0.023
37.6	 100.9	 0.187	 -0.058
39.5	 100.9	 0.210	 -0.105
41.3	 100.9	 0.058	 0.012
43.0	 100.9	 0.105	 0.000
44.9	 100.9	 0.023	 0.082
46.6	 100.9	 0.035	 0.058
48.5	 100.9	 -0.047	 0.082
50.3	 100.9	 -0.082	 0.000
52.0	 100.9	 -0.093	 -0.023
53.9	 100.9	 -0.035	 0.000
55.6	 100.9	 -0.047	 0.012
57.5	 100.9	 0.023	 -0.058
59.3	 100.9	 0.000	 -0.093
61.0	 100.9	 -0.164	 -0.093
62.9	 100.9	 -0.082	 -0.093
64.6	 100.9	 -0.058	 -0.210
66.4	 100.9	 -0.082	 -0.362
68.1	 100.9	 0.070	 -0.584
70.0	 100.9	 0.000	 0.000
-1.7	 102.8	 0.000	 0.000
0.0	 102.8	 0.000	 0.000
1.9	 102.8	 -0.023	 -0.105
3.6	 102.8	 -0.047	 -0.105
5.5	 102.8	 -0.035	 -0.128
7.3	 102.8	 -0.128	 -0.140
9.0	 102.8	 -0.222	 -0.222
10.8	 102.8	 -0.023	 -0.257
12.5	 102.8	 -0.012	 -0.245
14.4	 102.8	 -0.105	 -0.350
16.1	 102.8	 0.047	 -0.409
18.0	 102.8	 -0.152	 -0.152
19.8	 102.8	 -0.035	 -0.093
21.5	 102.8	 -0.012	 -0.164
23.4	 102.8	 0.047	 -0.140
25.1	 102.8	 0.035	 -0.070
27.0	 102.8	 0.117	 -0.047
28.8	 102.8	 0.093	 0.012
30.5	 102.8	 0.047	 -0.082
32.4	 102.8	 0.105	 -0.082
34.1	 102.8	 0.199	 0.047
36.0	 102.8	 0.070	 -0.023
37.6	 102.8	 0.152	 0.047
39.5	 102.8	 0.175	 -0.164
41.3	 102.8	 0.012	 0.070
43.0	 102.8	 0.012	 0.093
44.9	 102.8	 0.128	 0.023
46.6	 102.8	 0.117	 0.023
48.5	 102.8	 0.047	 0.070
50.3	 102.8	 0.035	 0.047
52.0	 102.8	 -0.058	 0.012
53.9	 102.8	 -0.047	 -0.023
55.6	 102.8	 0.012	 -0.023
57.5	 102.8	 0.082	 -0.047
59.3	 102.8	 -0.023	 -0.035
61.0	 102.8	 0.012	 -0.187
62.9	 102.8	 -0.047	 -0.105
64.6	 102.8	 -0.093	 -0.047
66.4	 102.8	 -0.023	 -0.175
68.1	 102.8	 0.152	 -0.222
70.0	 102.8	 0.000	 0.000
-1.7	 104.6	 0.000	 0.000
0.0	 104.6	 0.000	 0.000
1.9	 104.6	 -0.082	 -0.269
3.6	 104.6	 -0.035	 -0.164
5.5	 104.6	 -0.035	 -0.128
7.3	 104.6	 0.012	 -0.128
9.0	 104.6	 0.000	 0.000
10.8	 104.6	 -0.152	 -0.164
12.5	 104.6	 -0.164	 -0.105
14.4	 104.6	 -0.035	 -0.175
16.1	 104.6	 -0.035	 -0.187
18.0	 104.6	 -0.105	 -0.093
19.8	 104.6	 0.000	 -0.210
21.5	 104.6	 0.070	 -0.210
23.4	 104.6	 -0.047	 -0.128
25.1	 104.6	 -0.047	 -0.152
27.0	 104.6	 0.152	 0.023
28.8	 104.6	 0.117	 0.035
30.5	 104.6	 0.128	 -0.012
32.4	 104.6	 0.058	 -0.128
34.1	 104.6	 0.175	 0.012
36.0	 104.6	 0.047	 -0.012
37.6	 104.6	 0.187	 0.000
39.5	 104.6	 0.105	 0.000
41.3	 104.6	 -0.047	 0.058
43.0	 104.6	 0.105	 0.140
44.9	 104.6	 0.093	 0.035
46.6	 104.6	 0.152	 0.012
48.5	 104.6	 0.105	 0.093
50.3	 104.6	 0.082	 0.035
52.0	 104.6	 0.093	 0.012
53.9	 104.6	 0.035	 -0.023
55.6	 104.6	 0.047	 -0.082
57.5	 104.6	 0.000	 -0.047
59.3	 104.6	 0.023	 -0.117
61.0	 104.6	 -0.058	 0.058
62.9	 104.6	 -0.035	 -0.117
64.6	 104.6	 0.082	 -0.187
66.4	 104.6	 0.105	 -0.350
68.1	 104.6	 0.105	 -0.572
70.0	 104.6	 0.000	 0.000
-1.7	 106.4	 0.000	 0.000
0.0	 106.4	 0.000	 0.000
1.9	 106.4	 0.000	 -0.117
3.6	 106.4	 -0.058	 -0.105
5.5	 106.4	 -0.047	 -0.105
7.3	 106.4	 -0.023	 -0.128
9.0	 106.4	 0.023	 -0.327
10.8	 106.4	 -0.093	 -0.128
12.5	 106.4	 -0.152	 -0.070
14.4	 106.4	 0.023	 -0.187
16.1	 106.4	 0.058	 -0.210
18.0	 106.4	 0.082	 -0.152
19.8	 106.4	 -0.023	 -0.234
21.5	 106.4	 0.023	 -0.210
23.4	 106.4	 0.023	 -0.128
25.1	 106.4	 0.023	 -0.117
27.0	 106.4	 0.047	 -0.105
28.8	 106.4	 0.105	 -0.234
30.5	 106.4	 0.058	 0.023
32.4	 106.4	 0.058	 -0.117
34.1	 106.4	 0.070	 0.000
36.0	 106.4	 0.012	 0.023
37.6	 106.4	 0.047	 0.035
39.5	 106.4	 0.047	 0.058
41.3	 106.4	 0.023	 0.047
43.0	 106.4	 -0.035	 0.047
44.9	 106.4	 0.093	 0.000
46.6	 106.4	 0.187	 0.082
48.5	 106.4	 0.093	 0.105
50.3	 106.4	 0.000	 0.000
52.0	 106.4	 0.000	 0.000
53.9	 106.4	 0.035	 0.093
55.6	 106.4	 -0.058	 -0.023
57.5	 106.4	 -0.058	 -0.070
59.3	 106.4	 0.035	 -0.035
61.0	 106.4	 0.047	 -0.093
62.9	 106.4	 0.012	 -0.082
64.6	 106.4	 0.012	 -0.128
66.4	 106.4	 0.058	 -0.164
68.1	 106.4	 0.000	 0.000
70.0	 106.4	 0.000	 0.000
-1.7	 108.1	 0.000	 0.000
0.0	 108.1	 0.000	 0.000
1.9	 108.1	 -0.023	 -0.199
3.6	 108.1	 -0.047	 -0.199
5.5	 108.1	 0.023	 -0.140
7.3	 108.1	 -0.035	 -0.164
9.0	 108.1	 0.023	 -0.234
10.8	 108.1	 -0.023	 -0.199
12.5	 108.1	 -0.140	 -0.199
14.4	 108.1	 -0.070	 -0.479
16.1	 108.1	 -0.023	 -0.234
18.0	 108.1	 -0.093	 -0.164
19.8	 108.1	 -0.023	 -0.093
21.5	 108.1	 0.035	 -0.222
23.4	 108.1	 0.000	 -0.164
25.1	 108.1	 0.093	 -0.070
27.0	 108.1	 0.012	 -0.152
28.8	 108.1	 0.047	 -0.082
30.5	 108.1	 0.047	 0.000
32.4	 108.1	 0.093	 -0.164
34.1	 108.1	 0.070	 -0.175
36.0	 108.1	 -0.035	 -0.070
37.6	 108.1	 0.187	 0.105
39.5	 108.1	 0.000	 0.082
41.3	 108.1	 0.012	 0.082
43.0	 108.1	 -0.035	 0.164
44.9	 108.1	 0.093	 0.035
46.6	 108.1	 0.082	 0.023
48.5	 108.1	 0.128	 0.023
50.3	 108.1	 0.012	 0.082
52.0	 108.1	 0.093	 0.012
53.9	 108.1	 -0.023	 0.082
55.6	 108.1	 -0.035	 -0.023
57.5	 108.1	 -0.047	 -0.047
59.3	 108.1	 -0.035	 -0.140
61.0	 108.1	 0.000	 0.000
62.9	 108.1	 -0.023	 -0.082
64.6	 108.1	 0.012	 -0.175
66.4	 108.1	 0.000	 -0.117
68.1	 108.1	 0.140	 -0.397
70.0	 108.1	 0.000	 0.000
-1.7	 109.9	 0.000	 0.000
0.0	 109.9	 0.000	 0.000
1.9	 109.9	 -0.012	 -0.257
3.6	 109.9	 0.047	 -0.175
5.5	 109.9	 0.035	 -0.199
7.3	 109.9	 -0.035	 -0.140
9.0	 109.9	 -0.047	 -0.128
10.8	 109.9	 -0.012	 0.000
12.5	 109.9	 -0.023	 -0.199
14.4	 109.9	 0.000	 -0.210
16.1	 109.9	 0.035	 -0.199
18.0	 109.9	 0.070	 -0.199
19.8	 109.9	 0.000	 -0.047
21.5	 109.9	 0.000	 -0.047
23.4	 109.9	 -0.012	 -0.093
25.1	 109.9	 0.222	 -0.070
27.0	 109.9	 0.047	 -0.093
28.8	 109.9	 -0.035	 -0.047
30.5	 109.9	 0.058	 -0.164
32.4	 109.9	 0.012	 -0.023
34.1	 109.9	 0.035	 0.023
36.0	 109.9	 -0.035	 0.035
37.6	 109.9	 0.082	 0.023
39.5	 109.9	 0.105	 -0.070
41.3	 109.9	 0.093	 -0.012
43.0	 109.9	 0.070	 0.000
44.9	 109.9	 0.175	 0.105
46.6	 109.9	 -0.047	 0.105
48.5	 109.9	 -0.058	 0.140
50.3	 109.9	 0.047	 0.023
52.0	 109.9	 0.000	 0.000
53.9	 109.9	 -0.082	 0.035
55.6	 109.9	 0.035	 0.012
57.5	 109.9	 -0.035	 -0.058
59.3	 109.9	 -0.105	 -0.117
61.0	 109.9	 -0.023	 -0.140
62.9	 109.9	 0.128	 -0.035
64.6	 109.9	 -0.023	 -0.093
66.4	 109.9	 -0.070	 -0.128
68.1	 109.9	 0.105	 -0.210
70.0	 109.9	 0.000	 0.000
-1.7	 111.8	 0.000	 0.000
0.0	 111.8	 0.000	 0.000
1.9	 111.8	 -0.058	 -0.128
3.6	 111.8	 -0.047	 -0.152
5.5	 111.8	 -0.047	 -0.105
7.3	 111.8	 -0.035	 -0.082
9.0	 111.8	 -0.093	 -0.117
10.8	 111.8	 -0.070	 -0.117
12.5	 111.8	 0.000	 -0.222
14.4	 111.8	 0.000	 -0.199
16.1	 111.8	 -0.023	 -0.152
18.0	 111.8	 -0.082	 -0.175
19.8	 111.8	 -0.023	 -0.234
21.5	 111.8	 0.023	 -0.175
23.4	 111.8	 0.047	 -0.105
25.1	 111.8	 0.023	 -0.222
27.0	 111.8	 0.023	 -0.152
28.8	 111.8	 0.035	 -0.140
30.5	 111.8	 0.047	 -0.023
32.4	 111.8	 -0.047	 0.140
34.1	 111.8	 -0.070	 -0.117
36.0	 111.8	 0.070	 -0.152
37.6	 111.8	 0.070	 0.047
39.5	 111.8	 -0.023	 -0.012
41.3	 111.8	 -0.023	 -0.012
43.0	 111.8	 0.070	 0.023
44.9	 111.8	 0.140	 0.257
46.6	 111.8	 0.058	 0.199
48.5	 111.8	 0.070	 0.152
50.3	 111.8	 0.023	 0.023
52.0	 111.8	 0.012	 0.023
53.9	 111.8	 0.035	 0.000
55.6	 111.8	 0.070	 0.012
57.5	 111.8	 0.000	 -0.012
59.3	 111.8	 0.012	 -0.035
61.0	 111.8	 -0.012	 -0.058
62.9	 111.8	 0.012	 -0.023
64.6	 111.8	 -0.117	 -0.105
66.4	 111.8	 -0.035	 -0.140
68.1	 111.8	 0.140	 -0.537
70.0	 111.8	 0.000	 0.000
-1.7	 113.6	 0.000	 0.000
0.0	 113.6	 0.000	 0.000
1.9	 113.6	 -0.035	 -0.292
3.6	 113.6	 -0.047	 -0.105
5.5	 113.6	 -0.082	 -0.117
7.3	 113.6	 -0.023	 -0.140
9.0	 113.6	 -0.070	 -0.140
10.8	 113.6	 -0.093	 -0.093
12.5	 113.6	 -0.012	 -0.070
14.4	 113.6	 0.000	 0.000
16.1	 113.6	 0.117	 -0.140
18.0	 113.6	 -0.140	 -0.292
19.8	 113.6	 -0.257	 -0.093
21.5	 113.6	 -0.105	 -0.105
23.4	 113.6	 -0.012	 -0.210
25.1	 113.6	 -0.070	 -0.257
27.0	 113.6	 -0.093	 -0.210
28.8	 113.6	 0.023	 -0.152
30.5	 113.6	 0.117	 0.035
32.4	 113.6	 0.152	 0.047
34.1	 113.6	 -0.023	 -0.117
36.0	 113.6	 -0.035	 -0.047
37.6	 113.6	 -0.058	 0.000
39.5	 113.6	 0.257	 0.012
41.3	 113.6	 0.047	 0.117
43.0	 113.6	 -0.105	 -0.023
44.9	 113.6	 0.023	 0.082
46.6	 113.6	 0.000	 0.210
48.5	 113.6	 0.058	 0.164
50.3	 113.6	 0.023	 0.047
52.0	 113.6	 0.047	 0.035
53.9	 113.6	 0.023	 0.012
55.6	 113.6	 0.058	 0.035
57.5	 113.6	 0.012	 0.012
59.3	 113.6	 -0.047	 -0.035
61.0	 113.6	 -0.058	 -0.058
62.9	 113.6	 -0.164	 -0.070
64.6	 113.6	 -0.035	 -0.245
66.4	 113.6	 0.000	 -0.222
68.1	 113.6	 0.082	 -0.432
70.0	 113.6	 0.000	 0.000
-1.7	 115.4	 0.000	 0.000
0.0	 115.4	 0.000	 0.000
1.9	 115.4	 -0.012	 -0.152
3.6	 115.4	 0.012	 -0.175
5.5	 115.4	 -0.128	 -0.035
7.3	 115.4	 -0.023	 -0.070
9.0	 115.4	 -0.140	 -0.058
10.8	 115.4	 0.000	 -0.140
12.5	 115.4	 0.000	 -0.117
14.4	 115.4	 -0.070	 -0.070
16.1	 115.4	 0.000	 -0.164
18.0	 115.4	 -0.117	 -0.234
19.8	 115.4	 -0.187	 -0.047
21.5	 115.4	 -0.070	 0.000
23.4	 115.4	 -0.082	 -0.093
25.1	 115.4	 -0.070	 -0.070
27.0	 115.4	 -0.058	 -0.105
28.8	 115.4	 0.023	 -0.140
30.5	 115.4	 0.140	 -0.152
32.4	 115.4	 0.023	 -0.105
34.1	 115.4	 -0.035	 0.000
36.0	 115.4	 0.152	 0.035
37.6	 115.4	 0.082	 0.000
39.5	 115.4	 0.152	 -0.058
41.3	 115.4	 0.117	 0.117
43.0	 115.4	 0.093	 0.140
44.9	 115.4	 0.023	 0.234
46.6	 115.4	 0.012	 0.128
48.5	 115.4	 0.035	 0.117
50.3	 115.4	 0.012	 0.245
52.0	 115.4	 0.070	 0.105
53.9	 115.4	 -0.070	 0.058
55.6	 115.4	 0.012	 0.023
57.5	 115.4	 0.023	 -0.117
59.3	 115.4	 -0.047	 -0.035
61.0	 115.4	 0.047	 0.012
62.9	 115.4	 -0.105	 -0.128
64.6	 115.4	 -0.023	 -0.175
66.4	 115.4	 0.035	 -0.128
68.1	 115.4	 0.058	 -0.128
70.0	 115.4	 0.000	 0.000
-1.7	 117.1	 0.000	 0.000
0.0	 117.1	 0.000	 0.000
1.9	 117.1	 0.023	 -0.210
3.6	 117.1	 -0.093	 -0.105
5.5	 117.1	 -0.023	 -0.093
7.3	 117.1	 -0.035	 -0.070
9.0	 117.1	 -0.164	 -0.047
10.8	 117.1	 0.012	 -0.140
12.5	 117.1	 -0.012	 -0.164
14.4	 117.1	 -0.082	 -0.082
16.1	 117.1	 0.000	 -0.199
18.0	 117.1	 -0.117	 -0.140
19.8	 117.1	 -0.047	 -0.140
21.5	 117.1	 0.012	 -0.245
23.4	 117.1	 0.000	 -0.152
25.1	 117.1	 -0.023	 -0.210
27.0	 117.1	 -0.058	 -0.047
28.8	 117.1	 0.035	 -0.152
30.5	 117.1	 0.093	 0.000
32.4	 117.1	 -0.082	 -0.105
34.1	 117.1	 -0.012	 -0.012
36.0	 117.1	 0.035	 0.047
37.6	 117.1	 0.082	 0.070
39.5	 117.1	 0.035	 0.187
41.3	 117.1	 -0.012	 0.105
43.0	 117.1	 0.035	 0.128
44.9	 117.1	 -0.047	 0.385
46.6	 117.1	 -0.315	 0.128
48.5	 117.1	 -0.012	 0.117
50.3	 117.1	 0.000	 0.128
52.0	 117.1	 0.082	 0.105
53.9	 117.1	 0.082	 0.070
55.6	 117.1	 0.035	 0.093
57.5	 117.1	 0.117	 0.012
59.3	 117.1	 0.035	 0.012
61.0	 117.1	 0.023	 -0.047
62.9	 117.1	 0.000	 -0.035
64.6	 117.1	 -0.047	 -0.140
66.4	 117.1	 0.012	 -0.140
68.1	 117.1	 0.164	 -0.117
70.0	 117.1	 0.000	 0.000
-1.7	 118.9	 0.000	 0.000
0.0	 118.9	 0.000	 0.000
1.9	 118.9	 -0.012	 -0.093
3.6	 118.9	 -0.058	 -0.093
5.5	 118.9	 -0.105	 -0.152
7.3	 118.9	 0.000	 -0.175
9.0	 118.9	 -0.070	 -0.105
10.8	 118.9	 -0.093	 -0.257
12.5	 118.9	 0.023	 -0.199
14.4	 118.9	 0.000	 0.000
16.1	 118.9	 -0.035	 -0.082
18.0	 118.9	 -0.047	 -0.058
19.8	 118.9	 -0.175	 -0.093
21.5	 118.9	 -0.117	 -0.105
23.4	 118.9	 -0.105	 -0.035
25.1	 118.9	 0.140	 0.047
27.0	 118.9	 -0.023	 0.105
28.8	 118.9	 -0.058	 0.012
30.5	 118.9	 -0.023	 0.023
32.4	 118.9	 0.000	 0.035
34.1	 118.9	 0.023	 0.047
36.0	 118.9	 0.070	 0.093
37.6	 118.9	 0.012	 0.093
39.5	 118.9	 -0.023	 0.070
41.3	 118.9	 -0.105	 0.082
43.0	 118.9	 0.012	 0.093
44.9	 118.9	 0.082	 0.023
46.6	 118.9	 -0.058	 0.058
48.5	 118.9	 0.012	 0.047
50.3	 118.9	 0.023	 0.105
52.0	 118.9	 0.000	 0.117
53.9	 118.9	 -0.012	 0.245
55.6	 118.9	 0.058	 0.093
57.5	 118.9	 0.047	 0.058
59.3	 118.9	 0.000	 -0.117
61.0	 118.9	 -0.023	 -0.035
62.9	 118.9	 0.093	 -0.070
64.6	 118.9	 -0.023	 -0.140
66.4	 118.9	 -0.047	 -0.164
68.1	 118.9	 0.058	 -0.222
70.0	 118.9	 0.000	 0.000
-1.7	 120.6	 0.000	 0.000
0.0	 120.6	 0.000	 0.000
1.9	 120.6	 -0.035	 -0.128
3.6	 120.6	 -0.047	 -0.257
5.5	 120.6	 -0.035	 -0.222
7.3	 120.6	 -0.012	 -0.257
9.0	 120.6	 -0.070	 -0.152
10.8	 120.6	 -0.035	 -0.070
12.5	 120.6	 0.012	 -0.093
14.4	 120.6	 -0.105	 -0.245
16.1	 120.6	 -0.082	 -0.035
18.0	 120.6	 -0.070	 -0.082
19.8	 120.6	 0.082	 -0.234
21.5	 120.6	 -0.105	 -0.105
23.4	 120.6	 -0.023	 -0.175
25.1	 120.6	 -0.012	 -0.187
27.0	 120.6	 -0.058	 -0.047
28.8	 120.6	 -0.023	 -0.035
30.5	 120.6	 0.023	 -0.152
32.4	 120.6	 0.000	 -0.164
34.1	 120.6	 -0.070	 0.012
36.0	 120.6	 0.058	 0.058
37.6	 120.6	 -0.023	 0.047
39.5	 120.6	 0.058	 0.128
41.3	 120.6	 0.070	 0.117
43.0	 120.6	 0.012	 0.105
44.9	 120.6	 -0.105	 0.152
46.6	 120.6	 0.000	 0.000
48.5	 120.6	 -0.082	 0.292
50.3	 120.6	 0.023	 0.164
52.0	 120.6	 0.000	 0.000
53.9	 120.6	 0.082	 0.012
55.6	 120.6	 0.082	 0.105
57.5	 120.6	 0.047	 0.117
59.3	 120.6	 0.140	 -0.023
61.0	 120.6	 0.023	 0.012
62.9	 120.6	 0.047	 -0.105
64.6	 120.6	 0.000	 -0.140
66.4	 120.6	 0.023	 -0.082
68.1	 120.6	 0.000	 -0.152
70.0	 120.6	 0.000	 0.000
-1.7	 122.4	 0.000	 0.000
0.0	 122.4	 0.000	 0.000
1.9	 122.4	 0.082	 -0.128
3.6	 122.4	 -0.023	 -0.152
5.5	 122.4	 0.000	 -0.140
7.3	 122.4	 -0.070	 -0.117
9.0	 122.4	 -0.093	 -0.117
10.8	 122.4	 -0.105	 -0.058
12.5	 122.4	 -0.035	 -0.140
14.4	 122.4	 -0.047	 -0.070
16.1	 122.4	 -0.035	 -0.128
18.0	 122.4	 0.199	 -0.245
19.8	 122.4	 0.012	 -0.117
21.5	 122.4	 -0.070	 -0.058
23.4	 122.4	 0.035	 -0.035
25.1	 122.4	 0.070	 -0.654
27.0	 122.4	 0.000	 -0.572
28.8	 122.4	 -0.023	 -0.093
30.5	 122.4	 0.082	 -0.058
32.4	 122.4	 -0.047	 -0.023
34.1	 122.4	 -0.128	 0.000
36.0	 122.4	 -0.012	 0.012
37.6	 122.4	 -0.035	 0.035
39.5	 122.4	 -0.023	 0.128
41.3	 122.4	 0.023	 0.117
43.0	 122.4	 -0.035	 0.210
44.9	 122.4	 -0.082	 0.222
46.6	 122.4	 -0.023	 0.093
48.5	 122.4	 0.070	 0.047
50.3	 122.4	 -0.023	 -0.023
52.0	 122.4	 -0.012	 0.035
53.9	 122.4	 0.000	 0.058
55.6	 122.4	 0.047	 0.070
57.5	 122.4	 -0.023	 0.012
59.3	 122.4	 0.070	 -0.012
61.0	 122.4	 0.000	 -0.070
62.9	 122.4	 0.047	 -0.152
64.6	 122.4	 -0.012	 -0.152
66.4	 122.4	 0.035	 -0.105
68.1	 122.4	 0.000	 0.000
70.0	 122.4	 0.000	 0.000
-1.7	 124.3	 0.000	 0.000
0.0	 124.3	 0.000	 0.000
1.9	 124.3	 0.070	 -0.199
3.6	 124.3	 0.093	 -0.187
5.5	 124.3	 0.117	 -0.128
7.3	 124.3	 0.093	 -0.105
9.0	 124.3	 0.000	 -0.128
10.8	 124.3	 0.035	 -0.199
12.5	 124.3	 0.058	 -0.128
14.4	 124.3	 0.012	 -0.070
16.1	 124.3	 0.000	 -0.199
18.0	 124.3	 0.117	 -0.222
19.8	 124.3	 -0.012	 -0.234
21.5	 124.3	 -0.082	 -0.280
23.4	 124.3	 -0.047	 -0.035
25.1	 124.3	 -0.070	 -0.339
27.0	 124.3	 0.058	 -0.596
28.8	 124.3	 -0.082	 -0.082
30.5	 124.3	 -0.105	 0.023
32.4	 124.3	 -0.047	 -0.023
34.1	 124.3	 -0.152	 -0.023
36.0	 124.3	 0.093	 0.105
37.6	 124.3	 -0.070	 0.175
39.5	 124.3	 -0.117	 0.140
41.3	 124.3	 -0.058	 -0.058
43.0	 124.3	 -0.070	 0.175
44.9	 124.3	 -0.047	 0.210
46.6	 124.3	 0.058	 0.152
48.5	 124.3	 0.023	 0.152
50.3	 124.3	 0.058	 0.023
52.0	 124.3	 -0.070	 0.082
53.9	 124.3	 0.093	 0.082
55.6	 124.3	 0.012	 -0.047
57.5	 124.3	 0.047	 0.000
59.3	 124.3	 0.023	 0.070
61.0	 124.3	 0.012	 -0.047
62.9	 124.3	 0.058	 -0.082
64.6	 124.3	 0.058	 -0.128
66.4	 124.3	 0.023	 -0.140
68.1	 124.3	 0.000	 0.000
70.0	 124.3	 0.000	 0.000
