-1.7	 50.8	 0.000	 0.000
0.0	 50.8	 0.000	 0.000
1.9	 50.8	 -0.164	 0.747
3.6	 50.8	 -0.117	 0.782
5.5	 50.8	 -0.210	 0.677
7.3	 50.8	 -0.047	 0.759
9.0	 50.8	 -0.128	 1.016
10.8	 50.8	 -0.105	 0.934
12.5	 50.8	 0.374	 2.172
14.4	 50.8	 -0.397	 1.425
16.1	 50.8	 0.000	 0.000
18.0	 50.8	 0.000	 0.000
19.8	 50.8	 0.280	 2.044
21.5	 50.8	 -1.145	 -3.515
23.4	 50.8	 0.000	 0.000
25.1	 50.8	 -0.140	 1.635
27.0	 50.8	 -0.280	 1.985
28.8	 50.8	 0.000	 0.000
30.5	 50.8	 0.000	 0.000
32.4	 50.8	 0.269	 2.312
34.1	 50.8	 -0.058	 1.004
36.0	 50.8	 0.105	 1.308
37.6	 50.8	 0.070	 1.028
39.5	 50.8	 -0.082	 0.981
41.3	 50.8	 -0.070	 1.460
43.0	 50.8	 0.187	 1.670
44.9	 50.8	 -0.047	 1.565
46.6	 50.8	 0.000	 0.000
48.5	 50.8	 -0.245	 1.425
50.3	 50.8	 -0.280	 1.273
52.0	 50.8	 0.047	 1.215
53.9	 50.8	 0.082	 1.226
55.6	 50.8	 0.047	 1.530
57.5	 50.8	 0.164	 1.401
59.3	 50.8	 0.199	 1.483
61.0	 50.8	 0.023	 1.145
62.9	 50.8	 0.117	 1.250
64.6	 50.8	 0.082	 1.086
66.4	 50.8	 0.140	 1.004
68.1	 50.8	 0.070	 0.537
70.0	 50.8	 0.000	 0.000
-1.7	 52.6	 0.000	 0.000
0.0	 52.6	 0.000	 0.000
1.9	 52.6	 -0.175	 0.362
3.6	 52.6	 -0.187	 0.666
5.5	 52.6	 0.023	 0.782
7.3	 52.6	 -0.140	 1.004
9.0	 52.6	 -0.549	 1.495
10.8	 52.6	 -0.572	 1.530
12.5	 52.6	 0.222	 1.670
14.4	 52.6	 0.000	 0.000
16.1	 52.6	 0.000	 0.000
18.0	 52.6	 0.280	 2.032
19.8	 52.6	 0.327	 2.196
21.5	 52.6	 0.269	 2.546
23.4	 52.6	 0.082	 2.616
25.1	 52.6	 0.035	 2.838
27.0	 52.6	 0.105	 2.277
28.8	 52.6	 0.070	 2.441
30.5	 52.6	 0.000	 0.000
32.4	 52.6	 0.000	 0.000
34.1	 52.6	 0.117	 1.378
36.0	 52.6	 -0.093	 1.366
37.6	 52.6	 -0.070	 1.238
39.5	 52.6	 -0.234	 1.682
41.3	 52.6	 -0.047	 1.588
43.0	 52.6	 0.187	 1.600
44.9	 52.6	 0.257	 1.635
46.6	 52.6	 -0.397	 1.495
48.5	 52.6	 -0.117	 1.460
50.3	 52.6	 -0.117	 1.203
52.0	 52.6	 -0.222	 1.098
53.9	 52.6	 -0.093	 1.390
55.6	 52.6	 0.070	 1.775
57.5	 52.6	 0.210	 1.495
59.3	 52.6	 0.257	 1.378
61.0	 52.6	 0.105	 1.588
62.9	 52.6	 0.070	 1.250
64.6	 52.6	 -0.023	 1.378
66.4	 52.6	 0.082	 1.250
68.1	 52.6	 0.000	 0.000
70.0	 52.6	 0.000	 0.000
-1.7	 54.4	 0.000	 0.000
0.0	 54.4	 0.000	 0.000
1.9	 54.4	 -0.152	 0.853
3.6	 54.4	 -1.565	 2.254
5.5	 54.4	 -0.070	 1.331
7.3	 54.4	 -0.070	 0.911
9.0	 54.4	 -0.070	 1.215
10.8	 54.4	 -0.374	 0.782
12.5	 54.4	 0.000	 0.000
14.4	 54.4	 0.000	 0.000
16.1	 54.4	 0.409	 1.530
18.0	 54.4	 -0.058	 2.254
19.8	 54.4	 0.058	 2.184
21.5	 54.4	 -0.012	 1.355
23.4	 54.4	 0.397	 1.331
25.1	 54.4	 0.152	 2.768
27.0	 54.4	 0.000	 0.000
28.8	 54.4	 0.187	 -1.530
30.5	 54.4	 0.666	 2.616
32.4	 54.4	 0.000	 0.000
34.1	 54.4	 -0.047	 2.091
36.0	 54.4	 -0.572	 2.161
37.6	 54.4	 -0.047	 1.109
39.5	 54.4	 0.047	 0.923
41.3	 54.4	 0.023	 1.226
43.0	 54.4	 0.140	 1.180
44.9	 54.4	 -0.082	 1.530
46.6	 54.4	 -0.210	 1.588
48.5	 54.4	 -0.269	 1.285
50.3	 54.4	 -0.210	 1.250
52.0	 54.4	 -0.164	 1.320
53.9	 54.4	 0.023	 1.355
55.6	 54.4	 0.058	 1.261
57.5	 54.4	 0.058	 1.740
59.3	 54.4	 -0.058	 1.109
61.0	 54.4	 -0.012	 1.787
62.9	 54.4	 -0.257	 0.876
64.6	 54.4	 0.105	 1.156
66.4	 54.4	 0.047	 1.074
68.1	 54.4	 0.000	 0.000
70.0	 54.4	 0.000	 0.000
-1.7	 56.1	 0.000	 0.000
0.0	 56.1	 0.000	 0.000
1.9	 56.1	 -0.117	 0.666
3.6	 56.1	 0.000	 0.514
5.5	 56.1	 0.035	 0.420
7.3	 56.1	 -0.105	 1.588
9.0	 56.1	 -0.164	 1.530
10.8	 56.1	 -0.070	 0.677
12.5	 56.1	 -0.023	 1.226
14.4	 56.1	 0.000	 0.000
16.1	 56.1	 0.315	 1.507
18.0	 56.1	 0.070	 2.020
19.8	 56.1	 -0.023	 2.184
21.5	 56.1	 0.047	 2.149
23.4	 56.1	 0.000	 0.000
25.1	 56.1	 -0.035	 2.114
27.0	 56.1	 0.000	 0.000
28.8	 56.1	 0.000	 0.000
30.5	 56.1	 0.000	 0.000
32.4	 56.1	 -0.058	 2.009
34.1	 56.1	 0.222	 1.425
36.0	 56.1	 0.000	 0.000
37.6	 56.1	 -0.199	 0.934
39.5	 56.1	 0.000	 0.000
41.3	 56.1	 0.000	 0.000
43.0	 56.1	 0.000	 0.000
44.9	 56.1	 -0.058	 1.378
46.6	 56.1	 -0.210	 1.448
48.5	 56.1	 -0.234	 1.366
50.3	 56.1	 0.117	 0.993
52.0	 56.1	 0.117	 1.051
53.9	 56.1	 0.012	 1.775
55.6	 56.1	 -0.035	 1.553
57.5	 56.1	 0.035	 1.425
59.3	 56.1	 -0.117	 1.495
61.0	 56.1	 -0.070	 1.623
62.9	 56.1	 -0.047	 1.507
64.6	 56.1	 0.128	 1.413
66.4	 56.1	 0.000	 1.074
68.1	 56.1	 0.058	 0.899
70.0	 56.1	 0.000	 0.000
-1.7	 57.9	 0.000	 0.000
0.0	 57.9	 0.000	 0.631
1.9	 57.9	 -0.093	 0.888
3.6	 57.9	 0.000	 0.000
5.5	 57.9	 0.000	 0.000
7.3	 57.9	 0.000	 0.000
9.0	 57.9	 0.000	 0.000
10.8	 57.9	 -0.222	 0.199
12.5	 57.9	 -0.304	 0.934
14.4	 57.9	 -0.339	 1.331
16.1	 57.9	 -3.072	 2.791
18.0	 57.9	 0.000	 0.000
19.8	 57.9	 0.000	 0.000
21.5	 57.9	 0.047	 2.604
23.4	 57.9	 0.315	 2.873
25.1	 57.9	 0.000	 0.000
27.0	 57.9	 0.000	 0.000
28.8	 57.9	 0.000	 0.000
30.5	 57.9	 0.000	 0.000
32.4	 57.9	 -0.105	 2.266
34.1	 57.9	 0.000	 0.000
36.0	 57.9	 -0.164	 0.993
37.6	 57.9	 -0.140	 1.109
39.5	 57.9	 -0.327	 1.273
41.3	 57.9	 -0.514	 1.472
43.0	 57.9	 0.000	 0.000
44.9	 57.9	 -0.012	 1.168
46.6	 57.9	 -0.362	 1.378
48.5	 57.9	 -0.455	 1.191
50.3	 57.9	 -0.023	 1.413
52.0	 57.9	 0.070	 1.495
53.9	 57.9	 0.070	 1.483
55.6	 57.9	 -0.093	 1.296
57.5	 57.9	 0.105	 1.378
59.3	 57.9	 0.128	 1.296
61.0	 57.9	 0.035	 1.320
62.9	 57.9	 0.093	 1.156
64.6	 57.9	 0.304	 1.285
66.4	 57.9	 0.012	 1.238
68.1	 57.9	 0.023	 0.969
70.0	 57.9	 0.000	 0.000
-1.7	 59.8	 0.000	 0.000
0.0	 59.8	 -0.023	 -1.623
1.9	 59.8	 -0.070	 0.841
3.6	 59.8	 0.117	 0.853
5.5	 59.8	 0.000	 0.000
7.3	 59.8	 0.000	 0.000
9.0	 59.8	 -0.128	 3.562
10.8	 59.8	 0.000	 0.000
12.5	 59.8	 -0.117	 0.736
14.4	 59.8	 0.035	 0.993
16.1	 59.8	 0.000	 0.000
18.0	 59.8	 0.000	 0.000
19.8	 59.8	 -0.070	 2.219
21.5	 59.8	 0.000	 0.000
23.4	 59.8	 -0.911	 1.623
25.1	 59.8	 0.257	 2.616
27.0	 59.8	 0.000	 0.000
28.8	 59.8	 0.152	 1.705
30.5	 59.8	 -0.035	 1.507
32.4	 59.8	 -0.175	 1.658
34.1	 59.8	 0.000	 0.000
36.0	 59.8	 0.000	 0.000
37.6	 59.8	 -0.175	 1.109
39.5	 59.8	 0.000	 0.000
41.3	 59.8	 -0.561	 1.215
43.0	 59.8	 -0.736	 1.331
44.9	 59.8	 0.035	 1.764
46.6	 59.8	 -0.362	 1.472
48.5	 59.8	 -0.175	 1.401
50.3	 59.8	 -0.082	 1.378
52.0	 59.8	 0.199	 1.378
53.9	 59.8	 0.502	 1.331
55.6	 59.8	 -0.105	 1.378
57.5	 59.8	 -0.140	 1.273
59.3	 59.8	 0.058	 1.028
61.0	 59.8	 0.187	 1.004
62.9	 59.8	 0.117	 1.308
64.6	 59.8	 0.175	 1.250
66.4	 59.8	 0.058	 1.051
68.1	 59.8	 0.105	 1.039
70.0	 59.8	 0.000	 0.000
-1.7	 61.4	 0.000	 0.000
0.0	 61.4	 0.000	 0.000
1.9	 61.4	 -0.012	 0.911
3.6	 61.4	 -0.047	 0.899
5.5	 61.4	 0.000	 0.000
7.3	 61.4	 -0.140	 1.366
9.0	 61.4	 0.012	 0.818
10.8	 61.4	 0.082	 0.841
12.5	 61.4	 -0.035	 1.109
14.4	 61.4	 0.000	 0.000
16.1	 61.4	 0.047	 1.226
18.0	 61.4	 0.000	 0.000
19.8	 61.4	 -0.572	 1.238
21.5	 61.4	 0.000	 0.000
23.4	 61.4	 0.339	 2.768
25.1	 61.4	 0.000	 0.000
27.0	 61.4	 0.304	 1.588
28.8	 61.4	 0.210	 1.495
30.5	 61.4	 0.047	 1.939
32.4	 61.4	 -0.467	 1.366
34.1	 61.4	 0.000	 0.000
36.0	 61.4	 -0.257	 1.355
37.6	 61.4	 -0.152	 1.495
39.5	 61.4	 -0.175	 1.845
41.3	 61.4	 -0.047	 1.588
43.0	 61.4	 -0.117	 1.623
44.9	 61.4	 -0.257	 1.705
46.6	 61.4	 0.000	 0.000
48.5	 61.4	 -0.105	 1.296
50.3	 61.4	 -0.035	 1.051
52.0	 61.4	 0.023	 1.331
53.9	 61.4	 0.117	 1.308
55.6	 61.4	 -0.035	 1.542
57.5	 61.4	 0.175	 1.238
59.3	 61.4	 0.070	 1.378
61.0	 61.4	 0.128	 1.273
62.9	 61.4	 0.093	 1.320
64.6	 61.4	 -0.082	 1.098
66.4	 61.4	 0.000	 1.109
68.1	 61.4	 0.140	 1.168
70.0	 61.4	 -1.413	 -2.990
-1.7	 63.3	 0.000	 0.000
0.0	 63.3	 -0.047	 1.004
1.9	 63.3	 -0.012	 1.028
3.6	 63.3	 0.058	 0.806
5.5	 63.3	 0.047	 0.782
7.3	 63.3	 -0.117	 1.320
9.0	 63.3	 -0.117	 0.946
10.8	 63.3	 -0.082	 1.623
12.5	 63.3	 0.070	 1.565
14.4	 63.3	 0.000	 0.000
16.1	 63.3	 -0.012	 1.063
18.0	 63.3	 -0.140	 0.946
19.8	 63.3	 0.000	 0.000
21.5	 63.3	 -0.047	 1.518
23.4	 63.3	 0.245	 2.815
25.1	 63.3	 0.117	 2.429
27.0	 63.3	 0.607	 2.850
28.8	 63.3	 0.000	 0.000
30.5	 63.3	 -0.479	 1.109
32.4	 63.3	 -0.747	 2.172
34.1	 63.3	 0.035	 0.853
36.0	 63.3	 -0.292	 1.285
37.6	 63.3	 -0.152	 1.191
39.5	 63.3	 -0.164	 1.098
41.3	 63.3	 0.023	 1.366
43.0	 63.3	 0.047	 1.693
44.9	 63.3	 0.000	 0.000
46.6	 63.3	 -0.257	 1.238
48.5	 63.3	 -0.315	 1.180
50.3	 63.3	 -0.444	 1.483
52.0	 63.3	 -0.070	 1.577
53.9	 63.3	 0.210	 1.658
55.6	 63.3	 -0.117	 1.647
57.5	 63.3	 0.012	 1.401
59.3	 63.3	 -0.128	 1.355
61.0	 63.3	 -0.070	 1.168
62.9	 63.3	 0.000	 1.226
64.6	 63.3	 -0.012	 1.273
66.4	 63.3	 0.012	 1.273
68.1	 63.3	 0.058	 1.343
70.0	 63.3	 0.000	 0.000
-1.7	 65.1	 0.000	 0.000
0.0	 65.1	 -0.070	 0.969
1.9	 65.1	 0.000	 0.000
3.6	 65.1	 0.000	 0.000
5.5	 65.1	 0.000	 0.000
7.3	 65.1	 0.362	 0.759
9.0	 65.1	 -0.093	 0.526
10.8	 65.1	 -0.093	 1.215
12.5	 65.1	 -0.012	 1.495
14.4	 65.1	 0.000	 0.000
16.1	 65.1	 -0.070	 0.958
18.0	 65.1	 -0.199	 0.981
19.8	 65.1	 0.023	 1.542
21.5	 65.1	 1.693	 -0.619
23.4	 65.1	 0.479	 2.756
25.1	 65.1	 0.000	 0.000
27.0	 65.1	 0.350	 3.072
28.8	 65.1	 -0.047	 2.651
30.5	 65.1	 -0.397	 1.507
32.4	 65.1	 0.000	 0.000
34.1	 65.1	 0.035	 0.864
36.0	 65.1	 0.000	 0.000
37.6	 65.1	 0.000	 0.000
39.5	 65.1	 0.000	 0.000
41.3	 65.1	 0.012	 1.693
43.0	 65.1	 0.000	 0.000
44.9	 65.1	 -0.152	 1.355
46.6	 65.1	 0.012	 1.448
48.5	 65.1	 0.035	 1.448
50.3	 65.1	 -0.222	 1.413
52.0	 65.1	 -0.105	 1.577
53.9	 65.1	 0.000	 0.000
55.6	 65.1	 0.035	 1.448
57.5	 65.1	 0.000	 1.180
59.3	 65.1	 -0.140	 1.366
61.0	 65.1	 -0.117	 1.390
62.9	 65.1	 -0.058	 1.320
64.6	 65.1	 0.093	 1.215
66.4	 65.1	 0.035	 1.226
68.1	 65.1	 0.035	 1.401
70.0	 65.1	 0.000	 0.000
-1.7	 66.9	 0.000	 0.000
0.0	 66.9	 0.000	 0.000
1.9	 66.9	 0.058	 0.853
3.6	 66.9	 -0.093	 1.401
5.5	 66.9	 -0.070	 1.460
7.3	 66.9	 -0.164	 1.401
9.0	 66.9	 -0.199	 1.039
10.8	 66.9	 -0.397	 0.923
12.5	 66.9	 -0.058	 1.343
14.4	 66.9	 0.175	 0.829
16.1	 66.9	 0.187	 0.899
18.0	 66.9	 0.000	 0.000
19.8	 66.9	 -0.047	 1.437
21.5	 66.9	 0.105	 1.355
23.4	 66.9	 0.491	 2.745
25.1	 66.9	 -0.455	 1.133
27.0	 66.9	 0.000	 0.000
28.8	 66.9	 0.000	 0.000
30.5	 66.9	 0.000	 0.000
32.4	 66.9	 0.000	 0.000
34.1	 66.9	 0.000	 0.000
36.0	 66.9	 -0.140	 0.888
37.6	 66.9	 -0.829	 1.600
39.5	 66.9	 -0.117	 1.215
41.3	 66.9	 -0.526	 1.460
43.0	 66.9	 -0.140	 1.098
44.9	 66.9	 -0.164	 1.156
46.6	 66.9	 -0.199	 1.623
48.5	 66.9	 -0.164	 1.495
50.3	 66.9	 -0.350	 1.250
52.0	 66.9	 -0.175	 1.004
53.9	 66.9	 -0.140	 1.109
55.6	 66.9	 -0.841	 1.016
57.5	 66.9	 -0.304	 1.308
59.3	 66.9	 -0.164	 1.401
61.0	 66.9	 -0.047	 1.250
62.9	 66.9	 -0.164	 1.308
64.6	 66.9	 -0.105	 1.156
66.4	 66.9	 -0.047	 1.098
68.1	 66.9	 0.000	 0.934
70.0	 66.9	 0.000	 0.000
-1.7	 68.6	 0.000	 0.000
0.0	 68.6	 -0.058	 -1.448
1.9	 68.6	 0.000	 0.000
3.6	 68.6	 0.023	 0.993
5.5	 68.6	 -0.093	 1.063
7.3	 68.6	 -0.327	 1.635
9.0	 68.6	 0.000	 0.000
10.8	 68.6	 0.000	 0.000
12.5	 68.6	 0.140	 0.981
14.4	 68.6	 0.012	 1.413
16.1	 68.6	 -0.199	 0.841
18.0	 68.6	 0.000	 0.000
19.8	 68.6	 -0.035	 1.939
21.5	 68.6	 0.000	 0.000
23.4	 68.6	 0.000	 0.000
25.1	 68.6	 0.199	 1.775
27.0	 68.6	 0.292	 2.604
28.8	 68.6	 0.000	 0.000
30.5	 68.6	 0.000	 0.000
32.4	 68.6	 -0.444	 1.051
34.1	 68.6	 0.117	 0.958
36.0	 68.6	 -0.164	 1.028
37.6	 68.6	 -0.047	 1.472
39.5	 68.6	 0.058	 2.067
41.3	 68.6	 0.245	 1.261
43.0	 68.6	 0.000	 0.000
44.9	 68.6	 -0.409	 0.806
46.6	 68.6	 -0.362	 1.518
48.5	 68.6	 -0.234	 1.401
50.3	 68.6	 -0.304	 1.378
52.0	 68.6	 -0.117	 1.437
53.9	 68.6	 -0.023	 1.121
55.6	 68.6	 0.175	 1.518
57.5	 68.6	 -0.035	 1.121
59.3	 68.6	 0.140	 1.238
61.0	 68.6	 0.257	 1.226
62.9	 68.6	 -0.070	 1.238
64.6	 68.6	 -0.023	 1.063
66.4	 68.6	 -0.070	 1.074
68.1	 68.6	 0.035	 0.818
70.0	 68.6	 0.000	 0.000
-1.7	 70.4	 0.000	 0.000
0.0	 70.4	 0.000	 0.000
1.9	 70.4	 0.047	 0.969
3.6	 70.4	 0.047	 0.946
5.5	 70.4	 -0.082	 0.993
7.3	 70.4	 -0.199	 1.495
9.0	 70.4	 0.409	 1.600
10.8	 70.4	 0.000	 0.000
12.5	 70.4	 0.000	 0.000
14.4	 70.4	 0.070	 1.437
16.1	 70.4	 -0.199	 0.724
18.0	 70.4	 0.000	 0.000
19.8	 70.4	 0.000	 0.000
21.5	 70.4	 0.362	 1.845
23.4	 70.4	 0.000	 0.000
25.1	 70.4	 0.000	 0.000
27.0	 70.4	 0.315	 1.366
28.8	 70.4	 0.491	 3.282
30.5	 70.4	 0.572	 2.663
32.4	 70.4	 0.491	 2.476
34.1	 70.4	 0.257	 0.911
36.0	 70.4	 -0.058	 1.238
37.6	 70.4	 -0.105	 1.378
39.5	 70.4	 -0.117	 1.565
41.3	 70.4	 -0.222	 1.215
43.0	 70.4	 -0.561	 1.296
44.9	 70.4	 -0.257	 1.437
46.6	 70.4	 0.000	 0.000
48.5	 70.4	 -0.012	 1.483
50.3	 70.4	 -0.105	 1.401
52.0	 70.4	 -0.070	 1.588
53.9	 70.4	 0.047	 1.448
55.6	 70.4	 0.093	 1.472
57.5	 70.4	 0.000	 1.600
59.3	 70.4	 0.047	 1.448
61.0	 70.4	 0.093	 1.191
62.9	 70.4	 -0.152	 1.028
64.6	 70.4	 0.093	 1.156
66.4	 70.4	 -0.128	 1.109
68.1	 70.4	 -0.012	 1.215
70.0	 70.4	 0.000	 0.000
-1.7	 72.3	 0.000	 0.000
0.0	 72.3	 -0.035	 2.885
1.9	 72.3	 -0.023	 1.203
3.6	 72.3	 0.012	 1.004
5.5	 72.3	 0.000	 0.000
7.3	 72.3	 0.035	 1.098
9.0	 72.3	 0.058	 1.121
10.8	 72.3	 0.000	 0.000
12.5	 72.3	 -0.023	 1.378
14.4	 72.3	 0.105	 2.149
16.1	 72.3	 0.000	 0.876
18.0	 72.3	 0.000	 1.950
19.8	 72.3	 0.432	 1.857
21.5	 72.3	 0.093	 1.261
23.4	 72.3	 0.023	 1.028
25.1	 72.3	 0.596	 3.095
27.0	 72.3	 0.164	 1.238
28.8	 72.3	 0.058	 1.133
30.5	 72.3	 0.374	 2.371
32.4	 72.3	 0.222	 1.308
34.1	 72.3	 0.105	 1.168
36.0	 72.3	 0.000	 0.000
37.6	 72.3	 -0.058	 1.390
39.5	 72.3	 -0.105	 1.565
41.3	 72.3	 -0.315	 0.771
43.0	 72.3	 -0.385	 0.269
44.9	 72.3	 -0.339	 1.378
46.6	 72.3	 -0.128	 1.355
48.5	 72.3	 -0.152	 1.273
50.3	 72.3	 -0.093	 1.647
52.0	 72.3	 -0.374	 2.289
53.9	 72.3	 0.257	 1.390
55.6	 72.3	 0.023	 1.448
57.5	 72.3	 -0.269	 1.553
59.3	 72.3	 -0.105	 1.378
61.0	 72.3	 0.035	 1.191
62.9	 72.3	 0.070	 1.180
64.6	 72.3	 -0.023	 1.028
66.4	 72.3	 0.070	 0.981
68.1	 72.3	 0.070	 0.923
70.0	 72.3	 0.000	 0.000
-1.7	 74.1	 0.000	 0.000
0.0	 74.1	 0.000	 0.000
1.9	 74.1	 -1.693	 0.969
3.6	 74.1	 0.000	 0.000
5.5	 74.1	 0.058	 1.098
7.3	 74.1	 0.012	 0.864
9.0	 74.1	 0.000	 0.000
10.8	 74.1	 0.245	 1.518
12.5	 74.1	 0.245	 1.063
14.4	 74.1	 0.105	 1.051
16.1	 74.1	 0.023	 0.736
18.0	 74.1	 0.000	 0.000
19.8	 74.1	 0.070	 2.137
21.5	 74.1	 0.023	 0.759
23.4	 74.1	 -0.035	 0.806
25.1	 74.1	 0.736	 2.464
27.0	 74.1	 -0.210	 1.565
28.8	 74.1	 0.000	 0.000
30.5	 74.1	 0.000	 0.000
32.4	 74.1	 0.000	 0.000
34.1	 74.1	 0.000	 0.000
36.0	 74.1	 -0.047	 1.448
37.6	 74.1	 -0.012	 1.495
39.5	 74.1	 -0.105	 1.203
41.3	 74.1	 0.164	 1.565
43.0	 74.1	 -0.023	 1.542
44.9	 74.1	 -0.105	 1.740
46.6	 74.1	 -0.164	 1.588
48.5	 74.1	 -0.012	 1.623
50.3	 74.1	 0.152	 1.250
52.0	 74.1	 0.047	 1.425
53.9	 74.1	 0.000	 0.000
55.6	 74.1	 0.000	 1.390
57.5	 74.1	 -0.117	 1.355
59.3	 74.1	 -0.082	 1.285
61.0	 74.1	 0.105	 1.273
62.9	 74.1	 0.058	 1.004
64.6	 74.1	 0.012	 1.191
66.4	 74.1	 0.000	 1.285
68.1	 74.1	 0.082	 1.226
70.0	 74.1	 0.000	 0.000
-1.7	 75.9	 0.000	 0.000
0.0	 75.9	 0.000	 0.000
1.9	 75.9	 0.012	 1.098
3.6	 75.9	 0.000	 0.000
5.5	 75.9	 0.035	 1.039
7.3	 75.9	 0.093	 1.109
9.0	 75.9	 0.012	 1.238
10.8	 75.9	 0.362	 1.074
12.5	 75.9	 0.210	 1.109
14.4	 75.9	 0.117	 1.133
16.1	 75.9	 0.000	 0.000
18.0	 75.9	 0.701	 2.604
19.8	 75.9	 0.818	 2.698
21.5	 75.9	 0.082	 1.366
23.4	 75.9	 0.128	 1.810
25.1	 75.9	 0.000	 0.000
27.0	 75.9	 0.000	 0.000
28.8	 75.9	 0.350	 1.682
30.5	 75.9	 0.934	 -3.877
32.4	 75.9	 0.082	 1.985
34.1	 75.9	 -0.210	 1.285
36.0	 75.9	 -0.164	 1.483
37.6	 75.9	 -0.012	 1.355
39.5	 75.9	 -0.128	 1.145
41.3	 75.9	 0.023	 1.203
43.0	 75.9	 -0.117	 1.425
44.9	 75.9	 -0.187	 1.261
46.6	 75.9	 -0.187	 1.483
48.5	 75.9	 0.000	 0.000
50.3	 75.9	 -0.023	 1.378
52.0	 75.9	 0.117	 1.156
53.9	 75.9	 -0.023	 1.331
55.6	 75.9	 -0.164	 1.413
57.5	 75.9	 -0.070	 1.273
59.3	 75.9	 -0.175	 1.109
61.0	 75.9	 0.023	 1.273
62.9	 75.9	 0.058	 1.180
64.6	 75.9	 -0.234	 1.063
66.4	 75.9	 -0.140	 1.203
68.1	 75.9	 -0.093	 1.145
70.0	 75.9	 0.000	 0.000
-1.7	 77.6	 0.000	 0.000
0.0	 77.6	 0.000	 0.000
1.9	 77.6	 0.047	 1.086
3.6	 77.6	 0.070	 1.156
5.5	 77.6	 0.058	 1.226
7.3	 77.6	 0.000	 0.000
9.0	 77.6	 -0.047	 1.904
10.8	 77.6	 0.000	 0.000
12.5	 77.6	 0.082	 1.401
14.4	 77.6	 0.035	 1.331
16.1	 77.6	 0.000	 0.000
18.0	 77.6	 0.362	 1.623
19.8	 77.6	 0.292	 2.453
21.5	 77.6	 0.327	 2.441
23.4	 77.6	 0.000	 0.000
25.1	 77.6	 0.467	 0.712
27.0	 77.6	 0.000	 0.000
28.8	 77.6	 0.269	 1.705
30.5	 77.6	 0.000	 0.000
32.4	 77.6	 0.619	 1.775
34.1	 77.6	 0.385	 1.180
36.0	 77.6	 -2.172	 -1.565
37.6	 77.6	 0.093	 1.133
39.5	 77.6	 -0.187	 1.004
41.3	 77.6	 -0.070	 1.051
43.0	 77.6	 -0.035	 0.864
44.9	 77.6	 -0.596	 1.635
46.6	 77.6	 -0.058	 1.366
48.5	 77.6	 -0.199	 1.448
50.3	 77.6	 0.082	 1.320
52.0	 77.6	 -0.047	 2.534
53.9	 77.6	 -0.023	 1.343
55.6	 77.6	 -0.070	 1.156
57.5	 77.6	 0.000	 1.378
59.3	 77.6	 0.047	 1.366
61.0	 77.6	 -0.222	 1.472
62.9	 77.6	 -0.245	 1.203
64.6	 77.6	 -0.292	 1.028
66.4	 77.6	 -0.117	 1.203
68.1	 77.6	 0.093	 1.004
70.0	 77.6	 0.000	 0.000
-1.7	 79.4	 0.000	 0.000
0.0	 79.4	 0.000	 0.000
1.9	 79.4	 -0.093	 1.390
3.6	 79.4	 0.012	 1.273
5.5	 79.4	 0.000	 0.000
7.3	 79.4	 0.093	 1.401
9.0	 79.4	 0.000	 0.000
10.8	 79.4	 0.117	 0.923
12.5	 79.4	 0.152	 0.701
14.4	 79.4	 0.000	 1.273
16.1	 79.4	 0.012	 0.888
18.0	 79.4	 0.187	 0.666
19.8	 79.4	 0.023	 1.051
21.5	 79.4	 0.502	 1.927
23.4	 79.4	 -0.058	 1.764
25.1	 79.4	 0.093	 1.507
27.0	 79.4	 0.315	 2.733
28.8	 79.4	 0.000	 0.000
30.5	 79.4	 0.152	 1.355
32.4	 79.4	 0.000	 0.000
34.1	 79.4	 0.105	 1.378
36.0	 79.4	 -0.047	 1.215
37.6	 79.4	 -0.047	 1.320
39.5	 79.4	 -0.035	 1.261
41.3	 79.4	 -0.222	 1.425
43.0	 79.4	 0.000	 1.460
44.9	 79.4	 -0.409	 1.401
46.6	 79.4	 -0.362	 1.460
48.5	 79.4	 -0.175	 1.133
50.3	 79.4	 -0.093	 1.378
52.0	 79.4	 0.000	 0.000
53.9	 79.4	 -0.093	 1.285
55.6	 79.4	 0.128	 1.028
57.5	 79.4	 0.105	 1.915
59.3	 79.4	 -0.023	 1.728
61.0	 79.4	 0.012	 1.460
62.9	 79.4	 -0.152	 1.168
64.6	 79.4	 0.047	 1.086
66.4	 79.4	 0.023	 1.191
68.1	 79.4	 0.093	 1.180
70.0	 79.4	 0.000	 0.000
-1.7	 81.3	 0.000	 0.000
0.0	 81.3	 0.000	 0.000
1.9	 81.3	 0.035	 1.425
3.6	 81.3	 0.128	 0.736
5.5	 81.3	 -0.023	 0.782
7.3	 81.3	 0.000	 0.000
9.0	 81.3	 -0.023	 1.355
10.8	 81.3	 0.105	 1.004
12.5	 81.3	 0.082	 1.145
14.4	 81.3	 0.631	 1.039
16.1	 81.3	 0.000	 0.000
18.0	 81.3	 -0.152	 1.296
19.8	 81.3	 0.000	 0.000
21.5	 81.3	 0.070	 2.651
23.4	 81.3	 -0.058	 0.934
25.1	 81.3	 -0.058	 1.063
27.0	 81.3	 0.000	 0.000
28.8	 81.3	 0.199	 1.086
30.5	 81.3	 -0.093	 1.355
32.4	 81.3	 0.000	 0.000
34.1	 81.3	 -0.012	 1.530
36.0	 81.3	 0.245	 1.273
37.6	 81.3	 0.000	 0.000
39.5	 81.3	 0.058	 1.156
41.3	 81.3	 0.082	 1.039
43.0	 81.3	 -0.806	 2.382
44.9	 81.3	 -0.047	 1.250
46.6	 81.3	 -0.222	 1.472
48.5	 81.3	 -0.023	 1.320
50.3	 81.3	 -0.023	 1.740
52.0	 81.3	 -0.047	 2.137
53.9	 81.3	 -0.093	 1.740
55.6	 81.3	 -0.199	 1.343
57.5	 81.3	 0.000	 1.343
59.3	 81.3	 0.047	 1.390
61.0	 81.3	 0.093	 1.074
62.9	 81.3	 0.070	 1.238
64.6	 81.3	 -0.047	 1.028
66.4	 81.3	 -0.047	 1.285
68.1	 81.3	 0.105	 1.285
70.0	 81.3	 0.000	 0.000
-1.7	 83.1	 0.000	 0.000
0.0	 83.1	 0.023	 -2.721
1.9	 83.1	 0.350	 1.273
3.6	 83.1	 0.035	 1.366
5.5	 83.1	 -0.058	 1.331
7.3	 83.1	 0.093	 1.588
9.0	 83.1	 -0.047	 1.320
10.8	 83.1	 -0.058	 1.180
12.5	 83.1	 0.000	 0.000
14.4	 83.1	 0.479	 0.292
16.1	 83.1	 0.000	 0.000
18.0	 83.1	 -0.093	 1.308
19.8	 83.1	 0.000	 0.000
21.5	 83.1	 0.000	 0.000
23.4	 83.1	 0.070	 0.864
25.1	 83.1	 0.000	 1.378
27.0	 83.1	 0.000	 0.000
28.8	 83.1	 0.257	 0.993
30.5	 83.1	 0.000	 0.000
32.4	 83.1	 -0.234	 1.063
34.1	 83.1	 0.000	 1.448
36.0	 83.1	 0.000	 0.000
37.6	 83.1	 1.156	 3.013
39.5	 83.1	 0.047	 1.425
41.3	 83.1	 0.012	 1.437
43.0	 83.1	 -0.035	 1.822
44.9	 83.1	 0.000	 0.000
46.6	 83.1	 -0.315	 1.542
48.5	 83.1	 -0.677	 2.966
50.3	 83.1	 0.000	 0.000
52.0	 83.1	 -0.292	 1.425
53.9	 83.1	 -0.047	 1.448
55.6	 83.1	 0.000	 1.600
57.5	 83.1	 -0.012	 1.355
59.3	 83.1	 -0.035	 1.250
61.0	 83.1	 0.093	 1.238
62.9	 83.1	 0.035	 1.203
64.6	 83.1	 0.070	 1.028
66.4	 83.1	 0.012	 0.923
68.1	 83.1	 -0.023	 0.899
70.0	 83.1	 0.000	 0.000
-1.7	 84.9	 0.000	 0.000
0.0	 84.9	 0.035	 -1.390
1.9	 84.9	 0.000	 0.000
3.6	 84.9	 0.000	 0.000
5.5	 84.9	 0.000	 0.000
7.3	 84.9	 0.000	 0.000
9.0	 84.9	 0.000	 0.000
10.8	 84.9	 0.047	 1.355
12.5	 84.9	 0.374	 0.841
14.4	 84.9	 0.327	 1.261
16.1	 84.9	 0.000	 0.000
18.0	 84.9	 0.023	 0.782
19.8	 84.9	 0.000	 0.000
21.5	 84.9	 0.455	 2.686
23.4	 84.9	 -0.035	 1.028
25.1	 84.9	 -0.047	 1.401
27.0	 84.9	 0.093	 1.682
28.8	 84.9	 0.047	 1.226
30.5	 84.9	 0.175	 1.273
32.4	 84.9	 -0.187	 1.390
34.1	 84.9	 -0.070	 1.437
36.0	 84.9	 0.058	 1.285
37.6	 84.9	 0.035	 1.390
39.5	 84.9	 0.012	 1.273
41.3	 84.9	 -0.035	 1.296
43.0	 84.9	 -0.093	 1.518
44.9	 84.9	 -0.374	 1.483
46.6	 84.9	 -0.234	 1.483
48.5	 84.9	 -0.140	 1.296
50.3	 84.9	 -0.199	 1.495
52.0	 84.9	 0.058	 1.401
53.9	 84.9	 0.128	 1.285
55.6	 84.9	 -0.128	 1.752
57.5	 84.9	 0.012	 1.320
59.3	 84.9	 0.082	 1.343
61.0	 84.9	 -0.012	 1.121
62.9	 84.9	 -0.023	 1.039
64.6	 84.9	 0.070	 1.121
66.4	 84.9	 -0.058	 1.215
68.1	 84.9	 0.140	 1.063
70.0	 84.9	 0.000	 0.000
-1.7	 86.6	 0.000	 0.000
0.0	 86.6	 0.000	 0.000
1.9	 86.6	 0.035	 1.460
3.6	 86.6	 -0.023	 1.378
5.5	 86.6	 0.093	 1.401
7.3	 86.6	 0.082	 1.495
9.0	 86.6	 -0.093	 1.401
10.8	 86.6	 0.070	 1.378
12.5	 86.6	 0.117	 0.958
14.4	 86.6	 0.187	 1.273
16.1	 86.6	 -0.035	 1.378
18.0	 86.6	 0.210	 1.390
19.8	 86.6	 0.000	 0.000
21.5	 86.6	 0.000	 0.000
23.4	 86.6	 -0.082	 1.133
25.1	 86.6	 -0.175	 0.981
27.0	 86.6	 0.012	 1.145
28.8	 86.6	 0.070	 1.331
30.5	 86.6	 0.269	 1.098
32.4	 86.6	 0.771	 3.083
34.1	 86.6	 0.117	 1.495
36.0	 86.6	 -0.035	 1.331
37.6	 86.6	 0.000	 1.390
39.5	 86.6	 0.152	 1.366
41.3	 86.6	 0.140	 1.343
43.0	 86.6	 -0.164	 1.472
44.9	 86.6	 -0.397	 1.518
46.6	 86.6	 -0.152	 1.518
48.5	 86.6	 0.035	 1.495
50.3	 86.6	 0.000	 0.000
52.0	 86.6	 -0.058	 1.507
53.9	 86.6	 0.070	 1.390
55.6	 86.6	 0.128	 1.238
57.5	 86.6	 0.000	 0.000
59.3	 86.6	 0.000	 0.000
61.0	 86.6	 -0.175	 1.343
62.9	 86.6	 -0.105	 1.226
64.6	 86.6	 -0.082	 1.156
66.4	 86.6	 -0.047	 1.285
68.1	 86.6	 0.047	 1.016
70.0	 86.6	 0.000	 0.000
-1.7	 88.4	 0.000	 0.000
0.0	 88.4	 0.000	 0.000
1.9	 88.4	 -0.035	 1.553
3.6	 88.4	 -0.047	 1.483
5.5	 88.4	 0.105	 1.647
7.3	 88.4	 0.350	 1.682
9.0	 88.4	 0.093	 1.542
10.8	 88.4	 0.000	 0.000
12.5	 88.4	 0.000	 0.000
14.4	 88.4	 0.140	 1.215
16.1	 88.4	 0.210	 1.016
18.0	 88.4	 0.070	 0.923
19.8	 88.4	 0.000	 0.000
21.5	 88.4	 0.070	 1.273
23.4	 88.4	 -0.666	 1.378
25.1	 88.4	 0.000	 0.000
27.0	 88.4	 0.000	 0.000
28.8	 88.4	 0.677	 2.978
30.5	 88.4	 -0.070	 1.296
32.4	 88.4	 0.047	 1.390
34.1	 88.4	 0.000	 0.000
36.0	 88.4	 -0.234	 0.876
37.6	 88.4	 0.035	 1.215
39.5	 88.4	 0.140	 1.413
41.3	 88.4	 0.012	 1.542
43.0	 88.4	 -0.082	 1.647
44.9	 88.4	 -0.245	 1.472
46.6	 88.4	 -0.023	 1.261
48.5	 88.4	 0.035	 1.425
50.3	 88.4	 0.047	 1.530
52.0	 88.4	 0.000	 0.000
53.9	 88.4	 0.000	 1.355
55.6	 88.4	 0.105	 1.168
57.5	 88.4	 -0.082	 1.028
59.3	 88.4	 -0.175	 1.074
61.0	 88.4	 -0.128	 1.647
62.9	 88.4	 -0.047	 1.787
64.6	 88.4	 -0.082	 1.378
66.4	 88.4	 0.210	 1.308
68.1	 88.4	 -0.047	 0.969
70.0	 88.4	 0.000	 0.000
-1.7	 90.3	 0.000	 0.000
0.0	 90.3	 0.000	 0.000
1.9	 90.3	 0.012	 1.647
3.6	 90.3	 -0.012	 1.670
5.5	 90.3	 0.000	 0.000
7.3	 90.3	 0.000	 0.000
9.0	 90.3	 0.000	 0.000
10.8	 90.3	 0.140	 1.156
12.5	 90.3	 0.000	 0.000
14.4	 90.3	 0.000	 0.000
16.1	 90.3	 0.327	 1.074
18.0	 90.3	 0.058	 0.958
19.8	 90.3	 -0.012	 1.028
21.5	 90.3	 -0.070	 1.004
23.4	 90.3	 -0.712	 1.343
25.1	 90.3	 0.000	 0.000
27.0	 90.3	 0.012	 1.343
28.8	 90.3	 -0.374	 -2.733
30.5	 90.3	 0.000	 0.000
32.4	 90.3	 -0.280	 0.794
34.1	 90.3	 -0.012	 1.285
36.0	 90.3	 -0.152	 1.285
37.6	 90.3	 0.012	 1.133
39.5	 90.3	 0.000	 0.000
41.3	 90.3	 0.000	 0.000
43.0	 90.3	 -0.128	 1.588
44.9	 90.3	 0.000	 0.000
46.6	 90.3	 0.023	 1.343
48.5	 90.3	 -0.736	 -1.553
50.3	 90.3	 -0.140	 1.285
52.0	 90.3	 -0.070	 1.390
53.9	 90.3	 -0.012	 1.507
55.6	 90.3	 0.105	 1.331
57.5	 90.3	 0.105	 1.343
59.3	 90.3	 -0.023	 0.993
61.0	 90.3	 0.000	 1.156
62.9	 90.3	 0.023	 1.530
64.6	 90.3	 0.058	 1.331
66.4	 90.3	 0.234	 1.226
68.1	 90.3	 0.058	 1.460
70.0	 90.3	 0.000	 0.000
-1.7	 91.9	 0.000	 0.000
0.0	 91.9	 0.000	 0.000
1.9	 91.9	 0.082	 1.168
3.6	 91.9	 0.222	 1.530
5.5	 91.9	 -0.035	 1.472
7.3	 91.9	 -0.128	 0.140
9.0	 91.9	 0.000	 1.495
10.8	 91.9	 0.152	 1.425
12.5	 91.9	 0.164	 1.413
14.4	 91.9	 0.222	 1.880
16.1	 91.9	 0.000	 0.000
18.0	 91.9	 0.000	 0.000
19.8	 91.9	 0.105	 0.736
21.5	 91.9	 0.000	 0.000
23.4	 91.9	 0.035	 1.787
25.1	 91.9	 -0.269	 1.810
27.0	 91.9	 -0.199	 1.226
28.8	 91.9	 -0.105	 0.853
30.5	 91.9	 -0.152	 0.736
32.4	 91.9	 -0.047	 0.864
34.1	 91.9	 0.000	 1.460
36.0	 91.9	 0.105	 1.647
37.6	 91.9	 0.000	 0.000
39.5	 91.9	 0.000	 0.000
41.3	 91.9	 -0.035	 1.425
43.0	 91.9	 -0.152	 1.588
44.9	 91.9	 0.000	 1.390
46.6	 91.9	 0.000	 0.000
48.5	 91.9	 0.117	 1.250
50.3	 91.9	 -0.479	 1.588
52.0	 91.9	 -0.070	 1.553
53.9	 91.9	 -0.070	 1.413
55.6	 91.9	 0.000	 0.000
57.5	 91.9	 0.304	 1.495
59.3	 91.9	 0.199	 1.401
61.0	 91.9	 -0.257	 1.226
62.9	 91.9	 0.000	 1.191
64.6	 91.9	 0.082	 1.320
66.4	 91.9	 0.093	 1.109
68.1	 91.9	 0.152	 1.028
70.0	 91.9	 0.000	 0.000
-1.7	 93.8	 0.000	 0.000
0.0	 93.8	 0.000	 0.000
1.9	 93.8	 0.105	 1.156
3.6	 93.8	 0.023	 1.507
5.5	 93.8	 0.058	 1.577
7.3	 93.8	 0.164	 1.308
9.0	 93.8	 0.444	 1.203
10.8	 93.8	 0.082	 1.600
12.5	 93.8	 -0.023	 1.542
14.4	 93.8	 -0.164	 1.390
16.1	 93.8	 0.000	 0.000
18.0	 93.8	 0.327	 1.308
19.8	 93.8	 0.187	 1.320
21.5	 93.8	 0.199	 0.958
23.4	 93.8	 -0.012	 1.273
25.1	 93.8	 0.164	 1.261
27.0	 93.8	 -0.012	 1.331
28.8	 93.8	 -0.023	 1.063
30.5	 93.8	 0.000	 1.180
32.4	 93.8	 0.058	 0.724
34.1	 93.8	 -0.070	 1.215
36.0	 93.8	 -0.012	 1.039
37.6	 93.8	 0.117	 1.156
39.5	 93.8	 -0.082	 1.063
41.3	 93.8	 -0.105	 1.285
43.0	 93.8	 -0.210	 1.565
44.9	 93.8	 0.432	 2.242
46.6	 93.8	 -0.012	 2.277
48.5	 93.8	 -0.093	 1.577
50.3	 93.8	 -0.023	 1.553
52.0	 93.8	 0.000	 0.000
53.9	 93.8	 0.023	 1.542
55.6	 93.8	 0.000	 0.000
57.5	 93.8	 0.304	 1.378
59.3	 93.8	 0.082	 1.355
61.0	 93.8	 0.000	 0.000
62.9	 93.8	 -0.035	 1.378
64.6	 93.8	 0.023	 1.401
66.4	 93.8	 0.000	 1.261
68.1	 93.8	 0.152	 1.145
70.0	 93.8	 0.000	 0.000
-1.7	 95.6	 0.000	 0.000
0.0	 95.6	 0.000	 0.000
1.9	 95.6	 -0.234	 1.542
3.6	 95.6	 -0.070	 1.530
5.5	 95.6	 0.128	 1.565
7.3	 95.6	 0.128	 1.588
9.0	 95.6	 0.128	 1.495
10.8	 95.6	 -0.023	 1.226
12.5	 95.6	 0.210	 1.390
14.4	 95.6	 0.339	 1.215
16.1	 95.6	 0.000	 0.000
18.0	 95.6	 0.000	 1.343
19.8	 95.6	 0.000	 0.000
21.5	 95.6	 0.000	 0.000
23.4	 95.6	 0.000	 0.000
25.1	 95.6	 0.082	 1.016
27.0	 95.6	 0.140	 1.320
28.8	 95.6	 0.000	 0.000
30.5	 95.6	 0.000	 0.000
32.4	 95.6	 0.082	 1.226
34.1	 95.6	 -0.047	 1.495
36.0	 95.6	 0.070	 1.331
37.6	 95.6	 0.000	 1.168
39.5	 95.6	 0.257	 1.507
41.3	 95.6	 0.082	 1.588
43.0	 95.6	 0.000	 0.000
44.9	 95.6	 -0.455	 1.915
46.6	 95.6	 -0.012	 1.705
48.5	 95.6	 0.012	 1.390
50.3	 95.6	 -0.315	 0.853
52.0	 95.6	 0.000	 0.000
53.9	 95.6	 0.000	 1.472
55.6	 95.6	 0.385	 1.542
57.5	 95.6	 -0.280	 1.203
59.3	 95.6	 0.082	 1.308
61.0	 95.6	 0.117	 1.145
62.9	 95.6	 -0.035	 1.215
64.6	 95.6	 -0.023	 1.261
66.4	 95.6	 0.128	 1.308
68.1	 95.6	 0.164	 1.320
70.0	 95.6	 0.000	 0.000
-1.7	 97.4	 0.000	 0.000
0.0	 97.4	 0.000	 0.000
1.9	 97.4	 -0.093	 1.507
3.6	 97.4	 -0.012	 1.390
5.5	 97.4	 0.000	 0.000
7.3	 97.4	 0.023	 1.612
9.0	 97.4	 -0.012	 1.285
10.8	 97.4	 -0.047	 1.273
12.5	 97.4	 0.000	 0.000
14.4	 97.4	 0.023	 0.047
16.1	 97.4	 0.479	 1.285
18.0	 97.4	 0.771	 1.600
19.8	 97.4	 0.000	 0.000
21.5	 97.4	 0.000	 0.000
23.4	 97.4	 0.000	 0.000
25.1	 97.4	 0.000	 0.000
27.0	 97.4	 0.280	 1.180
28.8	 97.4	 0.000	 0.000
30.5	 97.4	 0.397	 1.343
32.4	 97.4	 0.000	 0.000
34.1	 97.4	 0.012	 0.818
36.0	 97.4	 0.035	 1.413
37.6	 97.4	 0.023	 1.261
39.5	 97.4	 0.000	 0.000
41.3	 97.4	 -0.023	 0.993
43.0	 97.4	 0.000	 0.000
44.9	 97.4	 -0.467	 1.612
46.6	 97.4	 0.047	 1.413
48.5	 97.4	 -0.140	 1.366
50.3	 97.4	 0.000	 0.000
52.0	 97.4	 -0.058	 1.039
53.9	 97.4	 -0.023	 0.853
55.6	 97.4	 0.502	 1.483
57.5	 97.4	 0.175	 1.542
59.3	 97.4	 0.047	 1.553
61.0	 97.4	 0.058	 1.145
62.9	 97.4	 0.070	 1.180
64.6	 97.4	 0.234	 1.273
66.4	 97.4	 0.222	 1.168
68.1	 97.4	 0.000	 1.074
70.0	 97.4	 0.000	 0.000
-1.7	 99.1	 0.000	 0.000
0.0	 99.1	 0.000	 0.000
1.9	 99.1	 0.374	 1.343
3.6	 99.1	 0.000	 0.000
5.5	 99.1	 0.082	 1.647
7.3	 99.1	 -0.035	 1.530
9.0	 99.1	 0.058	 1.226
10.8	 99.1	 0.047	 1.156
12.5	 99.1	 -0.199	 1.530
14.4	 99.1	 0.000	 0.000
16.1	 99.1	 0.432	 1.460
18.0	 99.1	 0.000	 0.000
19.8	 99.1	 0.257	 1.401
21.5	 99.1	 0.000	 0.000
23.4	 99.1	 0.292	 1.437
25.1	 99.1	 0.000	 0.000
27.0	 99.1	 0.000	 0.000
28.8	 99.1	 0.000	 0.000
30.5	 99.1	 0.000	 0.000
32.4	 99.1	 0.070	 1.740
34.1	 99.1	 0.058	 1.542
36.0	 99.1	 0.128	 1.320
37.6	 99.1	 0.000	 0.000
39.5	 99.1	 0.000	 0.000
41.3	 99.1	 -0.058	 1.425
43.0	 99.1	 0.000	 0.000
44.9	 99.1	 0.000	 0.000
46.6	 99.1	 0.035	 1.378
48.5	 99.1	 -0.117	 1.320
50.3	 99.1	 0.000	 0.000
52.0	 99.1	 0.070	 1.542
53.9	 99.1	 -0.117	 1.051
55.6	 99.1	 0.000	 0.000
57.5	 99.1	 0.000	 0.000
59.3	 99.1	 0.000	 0.000
61.0	 99.1	 0.385	 1.226
62.9	 99.1	 0.000	 0.000
64.6	 99.1	 -0.117	 1.320
66.4	 99.1	 0.093	 1.215
68.1	 99.1	 0.000	 0.000
70.0	 99.1	 0.000	 0.000
-1.7	 100.9	 0.000	 0.000
0.0	 100.9	 0.000	 0.000
1.9	 100.9	 -0.117	 1.612
3.6	 100.9	 0.000	 0.000
5.5	 100.9	 0.012	 1.483
7.3	 100.9	 -0.023	 1.250
9.0	 100.9	 0.012	 1.296
10.8	 100.9	 -0.035	 1.448
12.5	 100.9	 0.315	 1.366
14.4	 100.9	 0.000	 0.000
16.1	 100.9	 -0.058	 1.401
18.0	 100.9	 -0.023	 1.273
19.8	 100.9	 1.460	 0.888
21.5	 100.9	 -0.140	 1.366
23.4	 100.9	 0.000	 0.000
25.1	 100.9	 0.117	 0.572
27.0	 100.9	 -0.035	 0.724
28.8	 100.9	 -0.164	 1.273
30.5	 100.9	 0.175	 2.067
32.4	 100.9	 0.000	 0.000
34.1	 100.9	 0.035	 1.670
36.0	 100.9	 0.502	 2.219
37.6	 100.9	 0.023	 1.507
39.5	 100.9	 0.117	 1.483
41.3	 100.9	 0.070	 1.320
43.0	 100.9	 -0.140	 1.343
44.9	 100.9	 0.000	 0.000
46.6	 100.9	 0.128	 1.308
48.5	 100.9	 0.140	 1.273
50.3	 100.9	 0.175	 1.215
52.0	 100.9	 0.082	 1.191
53.9	 100.9	 0.035	 1.448
55.6	 100.9	 0.385	 1.553
57.5	 100.9	 0.152	 1.658
59.3	 100.9	 -0.082	 1.577
61.0	 100.9	 -0.128	 1.180
62.9	 100.9	 -0.023	 1.401
64.6	 100.9	 -0.058	 1.320
66.4	 100.9	 -0.140	 1.086
68.1	 100.9	 0.047	 1.051
70.0	 100.9	 0.000	 0.000
-1.7	 102.8	 0.000	 0.000
0.0	 102.8	 0.000	 0.000
1.9	 102.8	 0.023	 1.577
3.6	 102.8	 0.023	 1.437
5.5	 102.8	 0.280	 1.331
7.3	 102.8	 0.000	 0.000
9.0	 102.8	 0.152	 1.285
10.8	 102.8	 -0.035	 1.261
12.5	 102.8	 0.327	 1.168
14.4	 102.8	 0.093	 1.343
16.1	 102.8	 0.105	 1.366
18.0	 102.8	 0.164	 1.483
19.8	 102.8	 0.000	 0.000
21.5	 102.8	 0.140	 1.530
23.4	 102.8	 0.187	 1.670
25.1	 102.8	 0.128	 1.437
27.0	 102.8	 -0.035	 0.747
28.8	 102.8	 -2.312	 1.764
30.5	 102.8	 -0.058	 1.261
32.4	 102.8	 0.000	 0.000
34.1	 102.8	 0.000	 0.000
36.0	 102.8	 -0.234	 1.623
37.6	 102.8	 -0.187	 1.495
39.5	 102.8	 0.000	 0.000
41.3	 102.8	 -0.117	 1.437
43.0	 102.8	 -0.152	 1.261
44.9	 102.8	 -0.140	 1.261
46.6	 102.8	 0.000	 0.000
48.5	 102.8	 0.000	 0.000
50.3	 102.8	 -0.747	 1.109
52.0	 102.8	 -0.747	 1.086
53.9	 102.8	 0.035	 1.460
55.6	 102.8	 0.117	 0.934
57.5	 102.8	 -0.070	 1.460
59.3	 102.8	 0.070	 1.296
61.0	 102.8	 -0.012	 1.226
62.9	 102.8	 0.000	 0.000
64.6	 102.8	 0.000	 0.000
66.4	 102.8	 0.000	 0.000
68.1	 102.8	 0.164	 1.285
70.0	 102.8	 0.000	 0.000
-1.7	 104.6	 0.000	 0.000
0.0	 104.6	 0.000	 0.000
1.9	 104.6	 0.082	 1.565
3.6	 104.6	 0.000	 0.000
5.5	 104.6	 0.140	 1.215
7.3	 104.6	 0.175	 1.320
9.0	 104.6	 0.175	 1.437
10.8	 104.6	 0.000	 0.000
12.5	 104.6	 0.000	 0.000
14.4	 104.6	 0.023	 1.425
16.1	 104.6	 0.000	 0.000
18.0	 104.6	 0.128	 1.343
19.8	 104.6	 0.000	 0.000
21.5	 104.6	 0.082	 2.336
23.4	 104.6	 0.140	 1.869
25.1	 104.6	 -0.280	 0.841
27.0	 104.6	 -0.280	 0.888
28.8	 104.6	 0.152	 1.717
30.5	 104.6	 0.315	 1.390
32.4	 104.6	 0.012	 1.612
34.1	 104.6	 0.105	 1.542
36.0	 104.6	 0.000	 0.000
37.6	 104.6	 0.000	 1.775
39.5	 104.6	 -0.117	 1.740
41.3	 104.6	 -0.012	 1.390
43.0	 104.6	 0.128	 0.946
44.9	 104.6	 0.234	 1.273
46.6	 104.6	 0.280	 1.285
48.5	 104.6	 0.269	 1.600
50.3	 104.6	 0.000	 0.000
52.0	 104.6	 -0.794	 0.841
53.9	 104.6	 0.187	 1.612
55.6	 104.6	 0.070	 1.623
57.5	 104.6	 -0.093	 1.530
59.3	 104.6	 0.140	 1.577
61.0	 104.6	 0.093	 1.985
62.9	 104.6	 0.455	 1.518
64.6	 104.6	 3.072	 2.137
66.4	 104.6	 0.093	 1.028
68.1	 104.6	 0.222	 1.238
70.0	 104.6	 0.000	 0.000
-1.7	 106.4	 0.000	 0.000
0.0	 106.4	 0.000	 0.000
1.9	 106.4	 0.000	 0.000
3.6	 106.4	 0.222	 1.472
5.5	 106.4	 0.257	 1.565
7.3	 106.4	 0.175	 1.285
9.0	 106.4	 0.082	 1.273
10.8	 106.4	 -0.152	 1.355
12.5	 106.4	 0.000	 0.000
14.4	 106.4	 0.000	 0.000
16.1	 106.4	 0.070	 1.600
18.0	 106.4	 0.128	 1.425
19.8	 106.4	 -1.670	 -2.336
21.5	 106.4	 0.012	 1.390
23.4	 106.4	 0.012	 1.390
25.1	 106.4	 -0.210	 1.168
27.0	 106.4	 -0.222	 1.191
28.8	 106.4	 0.035	 1.425
30.5	 106.4	 0.374	 1.320
32.4	 106.4	 0.409	 1.296
34.1	 106.4	 0.000	 0.000
36.0	 106.4	 0.526	 2.745
37.6	 106.4	 0.117	 1.483
39.5	 106.4	 -0.023	 1.880
41.3	 106.4	 -0.140	 1.448
43.0	 106.4	 -0.023	 1.530
44.9	 106.4	 -0.023	 1.401
46.6	 106.4	 0.000	 0.000
48.5	 106.4	 -0.175	 1.647
50.3	 106.4	 -0.269	 1.472
52.0	 106.4	 -0.093	 1.600
53.9	 106.4	 0.093	 1.518
55.6	 106.4	 -0.023	 1.635
57.5	 106.4	 0.327	 1.273
59.3	 106.4	 -0.210	 1.518
61.0	 106.4	 -0.012	 2.091
62.9	 106.4	 0.012	 1.355
64.6	 106.4	 -0.140	 1.448
66.4	 106.4	 -0.269	 0.689
68.1	 106.4	 0.280	 1.168
70.0	 106.4	 0.000	 0.000
-1.7	 108.1	 0.000	 0.000
0.0	 108.1	 0.000	 0.000
1.9	 108.1	 0.000	 0.000
3.6	 108.1	 0.187	 1.612
5.5	 108.1	 0.234	 1.647
7.3	 108.1	 0.070	 1.472
9.0	 108.1	 0.047	 1.518
10.8	 108.1	 0.000	 0.000
12.5	 108.1	 -0.164	 1.600
14.4	 108.1	 -0.047	 1.647
16.1	 108.1	 0.082	 1.542
18.0	 108.1	 0.128	 1.472
19.8	 108.1	 0.082	 1.238
21.5	 108.1	 -0.105	 2.289
23.4	 108.1	 -0.082	 1.390
25.1	 108.1	 0.000	 0.000
27.0	 108.1	 2.546	 -0.199
28.8	 108.1	 -0.140	 1.460
30.5	 108.1	 -0.152	 1.472
32.4	 108.1	 0.000	 0.000
34.1	 108.1	 0.479	 1.542
36.0	 108.1	 0.502	 1.530
37.6	 108.1	 0.000	 0.000
39.5	 108.1	 -0.047	 1.425
41.3	 108.1	 -0.035	 1.378
43.0	 108.1	 0.012	 0.946
44.9	 108.1	 0.000	 0.000
46.6	 108.1	 -0.035	 1.355
48.5	 108.1	 -0.012	 1.355
50.3	 108.1	 -0.175	 1.565
52.0	 108.1	 0.000	 0.000
53.9	 108.1	 0.070	 1.495
55.6	 108.1	 -0.047	 1.401
57.5	 108.1	 0.000	 0.000
59.3	 108.1	 0.000	 0.000
61.0	 108.1	 -0.082	 1.296
62.9	 108.1	 -0.339	 1.366
64.6	 108.1	 0.000	 0.000
66.4	 108.1	 -0.187	 1.226
68.1	 108.1	 0.234	 1.028
70.0	 108.1	 0.000	 0.000
-1.7	 109.9	 0.000	 0.000
0.0	 109.9	 0.000	 0.000
1.9	 109.9	 0.000	 0.000
3.6	 109.9	 0.117	 1.588
5.5	 109.9	 -0.058	 1.401
7.3	 109.9	 0.152	 1.495
9.0	 109.9	 0.152	 1.518
10.8	 109.9	 0.187	 1.682
12.5	 109.9	 0.047	 1.810
14.4	 109.9	 0.000	 0.000
16.1	 109.9	 0.000	 0.000
18.0	 109.9	 0.117	 1.145
19.8	 109.9	 0.000	 0.000
21.5	 109.9	 -0.385	 1.834
23.4	 109.9	 -1.822	 2.161
25.1	 109.9	 -0.047	 1.577
27.0	 109.9	 2.581	 -0.245
28.8	 109.9	 -0.199	 1.518
30.5	 109.9	 -0.023	 1.495
32.4	 109.9	 0.000	 1.472
34.1	 109.9	 0.222	 1.448
36.0	 109.9	 0.315	 1.483
37.6	 109.9	 0.000	 1.588
39.5	 109.9	 0.000	 0.000
41.3	 109.9	 0.000	 0.000
43.0	 109.9	 -0.455	 0.140
44.9	 109.9	 0.222	 1.250
46.6	 109.9	 0.070	 0.923
48.5	 109.9	 -0.012	 1.226
50.3	 109.9	 -0.093	 1.320
52.0	 109.9	 0.093	 1.413
53.9	 109.9	 0.000	 1.483
55.6	 109.9	 -0.105	 1.273
57.5	 109.9	 0.000	 0.000
59.3	 109.9	 0.012	 1.390
61.0	 109.9	 -0.304	 1.156
62.9	 109.9	 0.000	 0.000
64.6	 109.9	 0.070	 1.437
66.4	 109.9	 0.117	 1.378
68.1	 109.9	 0.000	 0.000
70.0	 109.9	 0.000	 0.000
-1.7	 111.8	 0.000	 0.000
0.0	 111.8	 0.000	 0.000
1.9	 111.8	 0.747	 2.838
3.6	 111.8	 0.455	 1.518
5.5	 111.8	 0.000	 0.000
7.3	 111.8	 -0.070	 1.518
9.0	 111.8	 -0.105	 1.460
10.8	 111.8	 0.000	 0.000
12.5	 111.8	 0.117	 1.822
14.4	 111.8	 0.000	 0.000
16.1	 111.8	 -0.093	 1.331
18.0	 111.8	 0.000	 0.000
19.8	 111.8	 0.023	 1.296
21.5	 111.8	 0.012	 1.331
23.4	 111.8	 0.128	 1.472
25.1	 111.8	 0.058	 1.670
27.0	 111.8	 0.000	 0.000
28.8	 111.8	 0.607	 0.082
30.5	 111.8	 -0.420	 1.507
32.4	 111.8	 0.000	 0.000
34.1	 111.8	 0.000	 0.000
36.0	 111.8	 0.000	 1.588
37.6	 111.8	 0.012	 1.577
39.5	 111.8	 0.000	 0.000
41.3	 111.8	 0.000	 0.000
43.0	 111.8	 -0.175	 1.448
44.9	 111.8	 0.105	 1.565
46.6	 111.8	 -0.093	 1.483
48.5	 111.8	 -0.128	 1.448
50.3	 111.8	 0.000	 0.000
52.0	 111.8	 0.082	 1.507
53.9	 111.8	 0.000	 0.000
55.6	 111.8	 -0.035	 1.495
57.5	 111.8	 0.000	 0.000
59.3	 111.8	 0.000	 0.000
61.0	 111.8	 0.012	 1.331
62.9	 111.8	 -0.199	 2.429
64.6	 111.8	 -0.082	 0.946
66.4	 111.8	 -0.105	 1.004
68.1	 111.8	 0.000	 0.000
70.0	 111.8	 -0.012	 0.070
-1.7	 113.6	 0.000	 0.000
0.0	 113.6	 0.000	 0.000
1.9	 113.6	 0.000	 0.000
3.6	 113.6	 0.000	 0.000
5.5	 113.6	 0.210	 1.425
7.3	 113.6	 -0.164	 1.460
9.0	 113.6	 -0.234	 1.518
10.8	 113.6	 0.479	 1.355
12.5	 113.6	 0.222	 1.483
14.4	 113.6	 0.070	 1.448
16.1	 113.6	 -0.175	 1.168
18.0	 113.6	 0.164	 1.635
19.8	 113.6	 0.000	 0.000
21.5	 113.6	 0.782	 -0.012
23.4	 113.6	 0.000	 1.109
25.1	 113.6	 0.000	 0.000
27.0	 113.6	 0.000	 0.000
28.8	 113.6	 0.432	 1.437
30.5	 113.6	 0.082	 1.460
32.4	 113.6	 0.000	 0.000
34.1	 113.6	 0.000	 0.000
36.0	 113.6	 0.152	 0.911
37.6	 113.6	 0.000	 0.000
39.5	 113.6	 -0.070	 1.588
41.3	 113.6	 -0.035	 1.483
43.0	 113.6	 0.000	 0.000
44.9	 113.6	 -0.140	 1.565
46.6	 113.6	 -0.164	 1.472
48.5	 113.6	 0.000	 0.000
50.3	 113.6	 0.000	 0.000
52.0	 113.6	 0.000	 0.000
53.9	 113.6	 -0.105	 1.390
55.6	 113.6	 0.175	 1.472
57.5	 113.6	 -0.070	 0.771
59.3	 113.6	 -0.070	 0.771
61.0	 113.6	 0.012	 1.343
62.9	 113.6	 0.082	 1.448
64.6	 113.6	 0.000	 1.203
66.4	 113.6	 -0.117	 1.437
68.1	 113.6	 -0.140	 1.460
70.0	 113.6	 0.000	 0.000
-1.7	 115.4	 0.000	 0.000
0.0	 115.4	 0.000	 0.000
1.9	 115.4	 0.070	 1.542
3.6	 115.4	 0.315	 1.588
5.5	 115.4	 0.572	 1.577
7.3	 115.4	 0.047	 1.577
9.0	 115.4	 0.082	 1.565
10.8	 115.4	 0.269	 1.226
12.5	 115.4	 0.000	 0.000
14.4	 115.4	 0.000	 0.000
16.1	 115.4	 -0.128	 1.273
18.0	 115.4	 0.164	 1.623
19.8	 115.4	 0.000	 0.000
21.5	 115.4	 0.000	 0.000
23.4	 115.4	 -0.584	 3.632
25.1	 115.4	 0.199	 1.483
27.0	 115.4	 0.140	 1.472
28.8	 115.4	 0.187	 1.378
30.5	 115.4	 -0.152	 1.530
32.4	 115.4	 -0.234	 1.658
34.1	 115.4	 0.082	 1.507
36.0	 115.4	 -0.047	 1.577
37.6	 115.4	 -0.070	 1.600
39.5	 115.4	 -0.012	 0.899
41.3	 115.4	 0.000	 0.000
43.0	 115.4	 0.105	 1.799
44.9	 115.4	 0.105	 1.822
46.6	 115.4	 -0.105	 1.530
48.5	 115.4	 -0.105	 1.483
50.3	 115.4	 -0.210	 1.530
52.0	 115.4	 -0.035	 1.530
53.9	 115.4	 0.000	 0.000
55.6	 115.4	 0.000	 0.000
57.5	 115.4	 -0.012	 1.226
59.3	 115.4	 -0.093	 1.250
61.0	 115.4	 0.000	 0.000
62.9	 115.4	 0.140	 1.472
64.6	 115.4	 0.140	 1.180
66.4	 115.4	 -0.035	 1.343
68.1	 115.4	 0.058	 1.215
70.0	 115.4	 0.000	 0.000
-1.7	 117.1	 0.000	 0.000
0.0	 117.1	 0.000	 0.000
1.9	 117.1	 0.000	 0.000
3.6	 117.1	 0.000	 0.000
5.5	 117.1	 -0.012	 1.764
7.3	 117.1	 0.000	 0.000
9.0	 117.1	 -1.355	 -2.301
10.8	 117.1	 0.117	 1.600
12.5	 117.1	 -0.327	 1.448
14.4	 117.1	 0.000	 0.000
16.1	 117.1	 0.584	 1.437
18.0	 117.1	 0.619	 1.133
19.8	 117.1	 0.140	 1.472
21.5	 117.1	 -0.105	 0.000
23.4	 117.1	 0.105	 1.483
25.1	 117.1	 0.222	 1.612
27.0	 117.1	 0.128	 1.530
28.8	 117.1	 0.058	 1.250
30.5	 117.1	 0.070	 1.577
32.4	 117.1	 0.152	 1.495
34.1	 117.1	 0.082	 1.542
36.0	 117.1	 0.000	 0.000
37.6	 117.1	 -0.199	 1.507
39.5	 117.1	 -0.093	 1.098
41.3	 117.1	 0.000	 0.000
43.0	 117.1	 0.105	 1.810
44.9	 117.1	 -0.058	 1.588
46.6	 117.1	 0.257	 1.448
48.5	 117.1	 -0.491	 1.401
50.3	 117.1	 -0.117	 1.530
52.0	 117.1	 -0.187	 1.448
53.9	 117.1	 0.000	 0.000
55.6	 117.1	 0.140	 1.658
57.5	 117.1	 0.222	 1.600
59.3	 117.1	 -0.023	 1.121
61.0	 117.1	 -0.047	 1.495
62.9	 117.1	 -0.140	 1.507
64.6	 117.1	 0.117	 1.472
66.4	 117.1	 -0.012	 1.366
68.1	 117.1	 0.035	 1.296
70.0	 117.1	 0.000	 0.000
-1.7	 118.9	 0.000	 0.000
0.0	 118.9	 0.000	 0.000
1.9	 118.9	 -0.012	 1.612
3.6	 118.9	 0.000	 0.000
5.5	 118.9	 0.000	 0.000
7.3	 118.9	 0.000	 0.000
9.0	 118.9	 -1.250	 -1.483
10.8	 118.9	 -0.035	 1.577
12.5	 118.9	 0.350	 1.553
14.4	 118.9	 0.023	 1.518
16.1	 118.9	 -0.537	 1.320
18.0	 118.9	 0.701	 0.747
19.8	 118.9	 -0.444	 1.472
21.5	 118.9	 -0.058	 1.261
23.4	 118.9	 -0.012	 1.600
25.1	 118.9	 0.000	 0.000
27.0	 118.9	 0.269	 1.507
28.8	 118.9	 0.234	 1.355
30.5	 118.9	 0.047	 1.495
32.4	 118.9	 0.035	 1.542
34.1	 118.9	 0.000	 0.000
36.0	 118.9	 0.000	 0.000
37.6	 118.9	 0.000	 0.000
39.5	 118.9	 -0.047	 1.717
41.3	 118.9	 0.000	 0.000
43.0	 118.9	 0.000	 0.000
44.9	 118.9	 -0.093	 1.203
46.6	 118.9	 0.000	 0.000
48.5	 118.9	 -0.315	 1.401
50.3	 118.9	 -0.012	 1.600
52.0	 118.9	 0.339	 1.331
53.9	 118.9	 -0.304	 1.775
55.6	 118.9	 -0.222	 1.495
57.5	 118.9	 -0.012	 1.542
59.3	 118.9	 0.093	 1.518
61.0	 118.9	 0.105	 1.588
62.9	 118.9	 0.012	 1.437
64.6	 118.9	 0.000	 0.000
66.4	 118.9	 0.128	 1.577
68.1	 118.9	 0.070	 1.588
70.0	 118.9	 0.000	 0.000
-1.7	 120.6	 0.000	 0.000
0.0	 120.6	 0.000	 0.000
1.9	 120.6	 -0.117	 1.483
3.6	 120.6	 0.000	 0.000
5.5	 120.6	 0.047	 1.483
7.3	 120.6	 0.000	 0.000
9.0	 120.6	 0.000	 0.000
10.8	 120.6	 0.023	 1.495
12.5	 120.6	 0.222	 1.518
14.4	 120.6	 0.199	 1.507
16.1	 120.6	 0.234	 1.343
18.0	 120.6	 0.175	 1.518
19.8	 120.6	 -0.315	 1.577
21.5	 120.6	 -0.537	 1.542
23.4	 120.6	 -0.012	 1.553
25.1	 120.6	 0.047	 1.518
27.0	 120.6	 0.000	 0.000
28.8	 120.6	 -0.093	 1.518
30.5	 120.6	 0.000	 0.000
32.4	 120.6	 0.093	 1.635
34.1	 120.6	 0.012	 1.588
36.0	 120.6	 0.000	 0.000
37.6	 120.6	 0.269	 1.390
39.5	 120.6	 -0.093	 1.495
41.3	 120.6	 0.128	 1.448
43.0	 120.6	 0.012	 1.518
44.9	 120.6	 -0.023	 1.542
46.6	 120.6	 0.397	 1.448
48.5	 120.6	 0.327	 1.343
50.3	 120.6	 0.420	 1.483
52.0	 120.6	 0.409	 0.771
53.9	 120.6	 0.199	 1.600
55.6	 120.6	 0.187	 1.472
57.5	 120.6	 0.269	 1.472
59.3	 120.6	 -0.187	 1.845
61.0	 120.6	 -0.082	 1.775
62.9	 120.6	 1.448	 2.943
64.6	 120.6	 -0.047	 1.401
66.4	 120.6	 0.444	 1.600
68.1	 120.6	 0.000	 0.000
70.0	 120.6	 2.429	 0.000
-1.7	 122.4	 0.000	 0.000
0.0	 122.4	 0.000	 0.000
1.9	 122.4	 0.000	 0.000
3.6	 122.4	 0.152	 1.495
5.5	 122.4	 0.000	 0.000
7.3	 122.4	 0.280	 1.343
9.0	 122.4	 0.339	 1.577
10.8	 122.4	 -0.023	 1.483
12.5	 122.4	 0.000	 0.000
14.4	 122.4	 0.257	 1.378
16.1	 122.4	 0.105	 1.518
18.0	 122.4	 0.000	 0.000
19.8	 122.4	 0.000	 0.000
21.5	 122.4	 3.130	 -2.126
23.4	 122.4	 0.000	 1.635
25.1	 122.4	 0.058	 1.507
27.0	 122.4	 -0.047	 1.437
28.8	 122.4	 -0.187	 1.378
30.5	 122.4	 -0.140	 1.682
32.4	 122.4	 0.000	 0.000
34.1	 122.4	 0.105	 1.483
36.0	 122.4	 0.000	 0.000
37.6	 122.4	 0.175	 1.565
39.5	 122.4	 -0.175	 1.553
41.3	 122.4	 0.327	 1.553
43.0	 122.4	 0.000	 0.000
44.9	 122.4	 -0.035	 1.542
46.6	 122.4	 0.420	 1.495
48.5	 122.4	 0.023	 1.495
50.3	 122.4	 -0.047	 0.152
52.0	 122.4	 0.000	 0.000
53.9	 122.4	 -0.128	 1.425
55.6	 122.4	 -0.187	 1.495
57.5	 122.4	 0.000	 0.000
59.3	 122.4	 -0.234	 1.799
61.0	 122.4	 -0.035	 1.705
62.9	 122.4	 -0.140	 1.518
64.6	 122.4	 0.058	 1.565
66.4	 122.4	 0.000	 0.000
68.1	 122.4	 0.000	 0.000
70.0	 122.4	 0.000	 0.000
-1.7	 124.3	 0.000	 0.000
0.0	 124.3	 0.000	 1.752
1.9	 124.3	 0.000	 0.000
3.6	 124.3	 0.023	 1.378
5.5	 124.3	 0.245	 1.425
7.3	 124.3	 0.117	 1.437
9.0	 124.3	 0.339	 1.051
10.8	 124.3	 -0.432	 1.530
12.5	 124.3	 0.035	 1.530
14.4	 124.3	 -0.292	 1.518
16.1	 124.3	 -0.292	 1.530
18.0	 124.3	 0.152	 1.553
19.8	 124.3	 -0.082	 1.834
21.5	 124.3	 -0.035	 1.507
23.4	 124.3	 -0.199	 1.437
25.1	 124.3	 -0.035	 1.448
27.0	 124.3	 -0.269	 1.740
28.8	 124.3	 -0.327	 1.553
30.5	 124.3	 0.070	 1.518
32.4	 124.3	 0.315	 1.507
34.1	 124.3	 0.000	 0.000
36.0	 124.3	 0.000	 0.000
37.6	 124.3	 0.000	 0.000
39.5	 124.3	 0.000	 0.000
41.3	 124.3	 -0.035	 1.390
43.0	 124.3	 0.093	 1.553
44.9	 124.3	 0.187	 1.530
46.6	 124.3	 0.000	 0.000
48.5	 124.3	 0.164	 1.495
50.3	 124.3	 -0.023	 1.822
52.0	 124.3	 0.000	 1.915
53.9	 124.3	 0.000	 0.000
55.6	 124.3	 -0.187	 1.612
57.5	 124.3	 -0.082	 1.472
59.3	 124.3	 0.164	 1.647
61.0	 124.3	 -0.199	 1.366
62.9	 124.3	 -0.047	 1.215
64.6	 124.3	 0.000	 0.000
66.4	 124.3	 0.000	 0.000
68.1	 124.3	 0.000	 0.000
70.0	 124.3	 0.000	 0.000
