Burst/rec/seq: 	0	13	13
Time stamp:  	25/06/13 	10:29:52:796
Elapsed time (ms): 	     200
0.8891521	65.8891525	0.0000000	0.0000000
2.6728802	65.8891525	0.0000000	0.0000000
4.4566083	65.8891525	0.1765147	0.0092903
6.2403364	65.8891525	0.3251587	0.5852857
8.0240641	65.8891525	0.0000000	0.0000000
9.8077927	65.8891525	0.0000000	0.0000000
11.5915203	65.8891525	0.0046451	1.0776690
13.3752489	65.8891525	0.0000000	0.0000000
15.1589766	65.8891525	0.0000000	0.0000000
16.9427032	65.8891525	0.0000000	0.0000000
18.7264328	65.8891525	0.0000000	0.0000000
20.5101604	65.8891525	-0.5063186	0.0696769
22.2938881	65.8891525	-0.6456724	0.0929025
24.0776157	65.8891525	0.0000000	0.0000000
25.8613453	65.8891525	0.0000000	0.0000000
27.6450729	65.8891525	-0.9011543	0.0510964
29.4288006	65.8891525	-0.7107041	0.5899309
31.2125282	65.8891525	-0.6921237	0.5852857
32.9962578	65.8891525	-0.5388345	0.0371610
34.7799835	65.8891525	0.6085114	0.0418061
36.5637131	65.8891525	0.0000000	0.0000000
38.3474426	65.8891525	-0.0836122	-0.1300635
40.1311722	65.8891525	-0.0139354	-0.1950953
41.9148979	65.8891525	0.2415465	-0.1021928
43.6986275	65.8891525	-0.0371610	0.0046451
45.4823532	65.8891525	-0.0278708	-0.0371610
47.2660828	65.8891525	-0.2276111	-0.4552222
49.0498085	65.8891525	-0.2461916	-0.5248991
50.8335381	65.8891525	-0.2879978	-0.5202540
52.6172676	65.8891525	-0.1439989	-0.5527699
54.4009972	65.8891525	-0.0929025	-0.4598674
56.1847229	65.8891525	-0.2183209	-0.0278708
57.9684486	65.8891525	0.0000000	0.0000000
59.7521782	65.8891525	0.0000000	0.0000000
61.5359077	65.8891525	0.0000000	0.0000000
63.3196297	65.8891525	0.0000000	0.0000000
65.1033630	65.8891525	-0.3948356	1.3006350
66.8870850	65.8891525	0.0000000	0.0000000
68.6708145	65.8891525	0.0000000	0.0000000
70.4545441	65.8891525	0.0000000	0.0000000
72.2382736	65.8891525	0.0000000	0.0000000
0.8891521	67.6728821	0.0000000	0.0000000
2.6728802	67.6728821	0.0000000	0.0000000
4.4566083	67.6728821	0.0000000	0.0000000
6.2403364	67.6728821	0.0000000	0.0000000
8.0240641	67.6728821	0.0000000	0.0000000
9.8077927	67.6728821	0.0000000	0.0000000
11.5915203	67.6728821	0.0000000	0.0000000
13.3752489	67.6728821	0.5713504	1.3238606
15.1589766	67.6728821	0.8314774	0.6085114
16.9427032	67.6728821	0.0418061	0.2879978
18.7264328	67.6728821	0.0000000	0.0000000
20.5101604	67.6728821	-0.5992211	0.4041259
22.2938881	67.6728821	-0.6317370	0.4552222
24.0776157	67.6728821	-0.8500579	0.3716100
25.8613453	67.6728821	0.0000000	0.0000000
27.6450729	67.6728821	-0.8732835	0.5202540
29.4288006	67.6728821	-0.7432200	0.5852857
31.2125282	67.6728821	-0.6270919	0.5620601
32.9962578	67.6728821	-0.3669649	0.5481247
34.7799835	67.6728821	0.0000000	0.0000000
36.5637131	67.6728821	0.0046451	-1.2495387
38.3474426	67.6728821	-0.1393538	-0.1254184
40.1311722	67.6728821	0.0000000	0.0000000
41.9148979	67.6728821	0.0000000	0.0000000
43.6986275	67.6728821	0.0464512	0.0325159
45.4823532	67.6728821	-0.1207732	0.0278708
47.2660828	67.6728821	-0.2647721	-0.3483844
49.0498085	67.6728821	-0.3437392	-0.6270919
50.8335381	67.6728821	-0.2740624	-0.5992211
52.6172676	67.6728821	-0.1811599	-0.6085114
54.4009972	67.6728821	-0.0603866	-0.2647721
56.1847229	67.6728821	-0.2043855	0.0510964
57.9684486	67.6728821	-0.2740624	1.1705714
59.7521782	67.6728821	-0.2461916	1.1752167
61.5359077	67.6728821	0.0000000	0.0000000
63.3196297	67.6728821	-0.2833526	0.9197348
65.1033630	67.6728821	0.0464512	0.6131565
66.8870850	67.6728821	-0.0650318	0.6085114
68.6708145	67.6728821	0.0000000	0.0000000
70.4545441	67.6728821	0.0000000	0.0000000
72.2382736	67.6728821	0.0000000	0.0000000
0.8891521	69.4566040	0.0000000	0.0000000
2.6728802	69.4566040	0.0000000	0.0000000
4.4566083	69.4566040	0.0000000	0.0000000
6.2403364	69.4566040	-0.4970284	0.0092903
8.0240641	69.4566040	0.0000000	0.0000000
9.8077927	69.4566040	0.0000000	0.0000000
11.5915203	69.4566040	0.2415465	1.1798618
13.3752489	69.4566040	0.0046451	0.6549626
15.1589766	69.4566040	-0.2090306	0.5156088
16.9427032	69.4566040	0.0000000	0.5156088
18.7264328	69.4566040	-0.3205136	0.5899309
20.5101604	69.4566040	0.0000000	0.0000000
22.2938881	69.4566040	-0.5295442	0.5992211
24.0776157	69.4566040	0.0000000	0.0000000
25.8613453	69.4566040	0.0000000	0.0000000
27.6450729	69.4566040	-0.9011543	0.5899309
29.4288006	69.4566040	0.0000000	0.0000000
31.2125282	69.4566040	-0.6642529	0.6085114
32.9962578	69.4566040	-0.3901905	0.5899309
34.7799835	69.4566040	0.0000000	0.0000000
36.5637131	69.4566040	-0.0046451	-1.2727642
38.3474426	69.4566040	0.0000000	0.0000000
40.1311722	69.4566040	0.0000000	0.0000000
41.9148979	69.4566040	0.3809003	-0.0325159
43.6986275	69.4566040	-0.2229660	0.1625794
45.4823532	69.4566040	-0.3530295	0.1300635
47.2660828	69.4566040	0.0650318	-0.2183209
49.0498085	69.4566040	-0.2972880	-0.6224468
50.8335381	69.4566040	-0.4598674	-0.6317370
52.6172676	69.4566040	-0.2322562	-0.5620601
54.4009972	69.4566040	-0.0929025	-0.1439989
56.1847229	69.4566040	0.0232256	0.1161281
57.9684486	69.4566040	-0.3158685	0.6735432
59.7521782	69.4566040	-0.0092903	0.5388345
61.5359077	69.4566040	-0.0232256	0.6085114
63.3196297	69.4566040	0.0000000	0.0000000
65.1033630	69.4566040	-0.2090306	0.8825737
66.8870850	69.4566040	-0.3065782	0.6735432
68.6708145	69.4566040	-0.0139354	1.0683788
70.4545441	69.4566040	0.0000000	0.0000000
72.2382736	69.4566040	0.0000000	0.0000000
0.8891521	71.2403336	0.0000000	0.0000000
2.6728802	71.2403336	0.0000000	0.0000000
4.4566083	71.2403336	0.0000000	0.0000000
6.2403364	71.2403336	-0.3483844	0.0185805
8.0240641	71.2403336	0.0000000	0.0000000
9.8077927	71.2403336	0.0000000	0.0000000
11.5915203	71.2403336	0.0000000	0.0000000
13.3752489	71.2403336	-0.2554819	0.6131565
15.1589766	71.2403336	-0.4738027	0.5620601
16.9427032	71.2403336	-0.3530295	0.5620601
18.7264328	71.2403336	-0.2183209	0.6456724
20.5101604	71.2403336	-0.3251587	0.7710907
22.2938881	71.2403336	-0.3251587	0.7432200
24.0776157	71.2403336	-0.3112234	0.6270919
25.8613453	71.2403336	0.0000000	0.0000000
27.6450729	71.2403336	0.0000000	0.0000000
29.4288006	71.2403336	-0.5852857	0.0092903
31.2125282	71.2403336	0.0000000	0.0000000
32.9962578	71.2403336	-0.3623197	0.6270919
34.7799835	71.2403336	0.0000000	0.0000000
36.5637131	71.2403336	0.3483844	0.0185805
38.3474426	71.2403336	0.3483844	-0.0975476
40.1311722	71.2403336	0.4087710	-0.0557415
41.9148979	71.2403336	0.5945760	-0.0046451
43.6986275	71.2403336	0.0975476	0.0929025
45.4823532	71.2403336	0.0650318	0.3205136
47.2660828	71.2403336	0.0836122	-0.2090306
49.0498085	71.2403336	-0.1254184	-0.5434796
50.8335381	71.2403336	-0.3855454	-0.3669649
52.6172676	71.2403336	-0.4041259	-0.2136758
54.4009972	71.2403336	-0.4041259	-0.0139354
56.1847229	71.2403336	0.0000000	0.0000000
57.9684486	71.2403336	0.0000000	0.0000000
59.7521782	71.2403336	-0.3019331	-0.0046451
61.5359077	71.2403336	-0.1207732	0.6456724
63.3196297	71.2403336	-0.6178016	0.5992211
65.1033630	71.2403336	-0.4598674	0.6363821
66.8870850	71.2403336	-0.2787075	0.6270919
68.6708145	71.2403336	0.0000000	0.7432200
70.4545441	71.2403336	0.0000000	0.0000000
72.2382736	71.2403336	0.0000000	0.0000000
0.8891521	73.0240631	0.0000000	0.0000000
2.6728802	73.0240631	0.0000000	0.0000000
4.4566083	73.0240631	0.0000000	0.0000000
6.2403364	73.0240631	0.0000000	0.0000000
8.0240641	73.0240631	0.0000000	0.0000000
9.8077927	73.0240631	0.0000000	0.0000000
11.5915203	73.0240631	0.0000000	0.0000000
13.3752489	73.0240631	-0.3762551	0.5713504
15.1589766	73.0240631	-0.5109637	0.5852857
16.9427032	73.0240631	-0.2647721	0.5388345
18.7264328	73.0240631	-0.2322562	0.6131565
20.5101604	73.0240631	-0.0418061	0.6410273
22.2938881	73.0240631	-0.1254184	0.6781883
24.0776157	73.0240631	0.0000000	0.0000000
25.8613453	73.0240631	0.2694173	-0.5713504
27.6450729	73.0240631	0.0000000	0.0000000
29.4288006	73.0240631	0.5527699	0.6178016
31.2125282	73.0240631	0.0000000	0.0000000
32.9962578	73.0240631	0.0232256	0.0836122
34.7799835	73.0240631	-0.0603866	-0.1579342
36.5637131	73.0240631	0.1254184	-0.0464512
38.3474426	73.0240631	0.3530295	-0.2136758
40.1311722	73.0240631	0.3158685	-0.3205136
41.9148979	73.0240631	0.3019331	-0.3251587
43.6986275	73.0240631	0.0185805	-0.0278708
45.4823532	73.0240631	0.0789671	0.2229660
47.2660828	73.0240631	0.0510964	-0.0464512
49.0498085	73.0240631	-0.0046451	-0.4738027
50.8335381	73.0240631	-0.2183209	-0.0603866
52.6172676	73.0240631	-0.3437392	-0.2229660
54.4009972	73.0240631	-0.3623197	-0.1579342
56.1847229	73.0240631	-0.2833526	-0.0046451
57.9684486	73.0240631	-0.0650318	0.0046451
59.7521782	73.0240631	-0.0975476	0.0325159
61.5359077	73.0240631	0.0000000	0.2926429
63.3196297	73.0240631	-0.1300635	0.4784479
65.1033630	73.0240631	0.0743220	0.5341894
66.8870850	73.0240631	0.2322562	0.3112234
68.6708145	73.0240631	0.0000000	0.0000000
70.4545441	73.0240631	0.0000000	0.0000000
72.2382736	73.0240631	0.0000000	0.0000000
0.8891521	74.8077927	0.0000000	0.0000000
2.6728802	74.8077927	0.0000000	0.0000000
4.4566083	74.8077927	0.0000000	0.0000000
6.2403364	74.8077927	-0.2322562	0.5945760
8.0240641	74.8077927	0.0000000	0.0000000
9.8077927	74.8077927	-0.5574150	1.1287653
11.5915203	74.8077927	-0.5109637	0.6085114
13.3752489	74.8077927	0.0000000	0.0000000
15.1589766	74.8077927	-0.3762551	0.5574150
16.9427032	74.8077927	-0.0836122	0.5713504
18.7264328	74.8077927	-0.2183209	0.5945760
20.5101604	74.8077927	-0.1254184	0.6456724
22.2938881	74.8077927	0.0000000	0.0000000
24.0776157	74.8077927	0.0000000	0.0000000
25.8613453	74.8077927	0.2787075	0.7246395
27.6450729	74.8077927	0.3205136	0.6085114
29.4288006	74.8077927	0.6410273	0.6085114
31.2125282	74.8077927	-0.0278708	-0.0418061
32.9962578	74.8077927	-0.1347086	-0.0743220
34.7799835	74.8077927	0.0325159	-0.3019331
36.5637131	74.8077927	0.1858050	-0.4087710
38.3474426	74.8077927	0.0603866	-0.2508368
40.1311722	74.8077927	0.1393538	-0.2322562
41.9148979	74.8077927	-0.1021928	0.0000000
43.6986275	74.8077927	-0.0464512	0.0603866
45.4823532	74.8077927	-0.0185805	0.2926429
47.2660828	74.8077927	0.0000000	0.0000000
49.0498085	74.8077927	-0.1161281	-0.5899309
50.8335381	74.8077927	-0.0975476	-0.0418061
52.6172676	74.8077927	-0.0046451	-0.2136758
54.4009972	74.8077927	-0.0464512	-0.1997404
56.1847229	74.8077927	0.0000000	0.0000000
57.9684486	74.8077927	0.0139354	-0.1114830
59.7521782	74.8077927	0.0185805	-0.0185805
61.5359077	74.8077927	0.0557415	0.1207732
63.3196297	74.8077927	0.0696769	0.2787075
65.1033630	74.8077927	0.2322562	0.3437392
66.8870850	74.8077927	0.3205136	0.2926429
68.6708145	74.8077927	0.1114830	0.3065782
70.4545441	74.8077927	0.0000000	0.0000000
72.2382736	74.8077927	0.0000000	0.0000000
0.8891521	76.5915222	0.0000000	0.0000000
2.6728802	76.5915222	0.0000000	0.0000000
4.4566083	76.5915222	0.0000000	0.0000000
6.2403364	76.5915222	0.0000000	0.0000000
8.0240641	76.5915222	-0.0325159	-0.0092903
9.8077927	76.5915222	-0.8314774	0.7153493
11.5915203	76.5915222	-0.7850261	0.6549626
13.3752489	76.5915222	0.0000000	0.0000000
15.1589766	76.5915222	-0.3483844	0.4970284
16.9427032	76.5915222	-0.0743220	0.5109637
18.7264328	76.5915222	-0.1254184	0.6038663
20.5101604	76.5915222	-0.1021928	0.6410273
22.2938881	76.5915222	0.0000000	0.0000000
24.0776157	76.5915222	0.1393538	0.9429604
25.8613453	76.5915222	0.2369014	0.6270919
27.6450729	76.5915222	0.6131565	0.6642529
29.4288006	76.5915222	0.7339298	0.7850261
31.2125282	76.5915222	-0.0185805	-0.0046451
32.9962578	76.5915222	-0.1486440	-0.0650318
34.7799835	76.5915222	0.0000000	0.0000000
36.5637131	76.5915222	-0.2879978	-0.1858050
38.3474426	76.5915222	-0.3112234	-0.1439989
40.1311722	76.5915222	0.0000000	0.0000000
41.9148979	76.5915222	-0.3158685	0.0371610
43.6986275	76.5915222	-0.0929025	0.0789671
45.4823532	76.5915222	-0.0510964	0.0510964
47.2660828	76.5915222	-0.2647721	-0.3948356
49.0498085	76.5915222	0.0000000	0.0000000
50.8335381	76.5915222	0.0510964	-0.3390941
52.6172676	76.5915222	0.2461916	-0.3855454
54.4009972	76.5915222	0.0000000	0.0000000
56.1847229	76.5915222	0.0000000	0.0000000
57.9684486	76.5915222	0.0232256	-0.2787075
59.7521782	76.5915222	0.0882574	-0.0696769
61.5359077	76.5915222	0.0092903	0.0789671
63.3196297	76.5915222	0.1254184	0.2879978
65.1033630	76.5915222	0.0000000	0.0000000
66.8870850	76.5915222	0.2601270	0.2879978
68.6708145	76.5915222	0.0000000	0.0000000
70.4545441	76.5915222	0.0000000	0.0000000
72.2382736	76.5915222	0.0000000	0.0000000
0.8891521	78.3752518	0.0000000	0.0000000
2.6728802	78.3752518	0.0000000	0.0000000
4.4566083	78.3752518	0.0000000	0.0000000
6.2403364	78.3752518	-0.9754763	0.5295442
8.0240641	78.3752518	-0.5434796	0.5899309
9.8077927	78.3752518	-0.8361225	0.6038663
11.5915203	78.3752518	-0.3390941	0.1254184
13.3752489	78.3752518	-0.2322562	0.0975476
15.1589766	78.3752518	-0.0789671	0.0464512
16.9427032	78.3752518	0.0185805	0.0325159
18.7264328	78.3752518	0.0650318	0.5667052
20.5101604	78.3752518	0.0185805	0.6688980
22.2938881	78.3752518	0.0000000	0.0000000
24.0776157	78.3752518	0.0278708	0.8407676
25.8613453	78.3752518	0.0000000	0.0000000
27.6450729	78.3752518	0.3762551	0.6270919
29.4288006	78.3752518	-0.0696769	0.1207732
31.2125282	78.3752518	-0.0418061	0.0464512
32.9962578	78.3752518	-0.1904501	-0.4552222
34.7799835	78.3752518	-0.0743220	-0.4552222
36.5637131	78.3752518	-0.3901905	-0.0650318
38.3474426	78.3752518	-0.3065782	-0.0557415
40.1311722	78.3752518	-0.5016735	-0.0418061
41.9148979	78.3752518	-0.5434796	-0.1021928
43.6986275	78.3752518	-0.2740624	0.0046451
45.4823532	78.3752518	1.1705714	-0.9197348
47.2660828	78.3752518	-0.2229660	-0.2833526
49.0498085	78.3752518	0.1393538	-0.1254184
50.8335381	78.3752518	0.1439989	-0.3576746
52.6172676	78.3752518	0.2601270	-0.3762551
54.4009972	78.3752518	0.0000000	0.0000000
56.1847229	78.3752518	0.2508368	-0.4412869
57.9684486	78.3752518	-0.0139354	-0.3251587
59.7521782	78.3752518	-0.0371610	-0.0185805
61.5359077	78.3752518	-0.0418061	0.0139354
63.3196297	78.3752518	-0.1114830	0.1114830
65.1033630	78.3752518	0.0000000	0.0000000
66.8870850	78.3752518	0.0000000	0.0418061
68.6708145	78.3752518	0.0232256	1.0776690
70.4545441	78.3752518	0.0000000	0.0000000
72.2382736	78.3752518	0.0000000	0.0000000
0.8891521	80.1589737	0.0000000	0.0000000
2.6728802	80.1589737	0.0000000	0.0000000
4.4566083	80.1589737	0.0000000	0.0000000
6.2403364	80.1589737	0.0000000	0.0000000
8.0240641	80.1589737	-0.5388345	0.0510964
9.8077927	80.1589737	0.0000000	0.0000000
11.5915203	80.1589737	0.0000000	0.0000000
13.3752489	80.1589737	-0.2508368	0.0232256
15.1589766	80.1589737	0.0325159	0.0371610
16.9427032	80.1589737	0.0882574	0.0232256
18.7264328	80.1589737	0.1997404	0.5852857
20.5101604	80.1589737	0.1161281	0.6178016
22.2938881	80.1589737	-0.0325159	0.6921237
24.0776157	80.1589737	0.0603866	1.1008946
25.8613453	80.1589737	0.0371610	1.1845069
27.6450729	80.1589737	0.0232256	0.3344490
29.4288006	80.1589737	-0.2415465	0.0092903
31.2125282	80.1589737	-0.2601270	0.0929025
32.9962578	80.1589737	-0.2740624	-0.3251587
34.7799835	80.1589737	-0.2601270	-0.2833526
36.5637131	80.1589737	-0.4691576	-0.0371610
38.3474426	80.1589737	-0.4041259	-0.0603866
40.1311722	80.1589737	0.0000000	0.0000000
41.9148979	80.1589737	-0.0882574	-0.4319966
43.6986275	80.1589737	0.0000000	0.0000000
45.4823532	80.1589737	-0.2926429	-0.3344490
47.2660828	80.1589737	-0.0278708	-0.4180613
49.0498085	80.1589737	0.0185805	-0.3251587
50.8335381	80.1589737	0.1532891	-0.3669649
52.6172676	80.1589737	0.1672245	-0.4738027
54.4009972	80.1589737	0.2694173	-0.5016735
56.1847229	80.1589737	0.0836122	-0.3948356
57.9684486	80.1589737	-0.1161281	-0.1486440
59.7521782	80.1589737	-0.2787075	-0.0325159
61.5359077	80.1589737	-0.3251587	0.1114830
63.3196297	80.1589737	-0.4784479	0.0836122
65.1033630	80.1589737	-0.1718696	0.0464512
66.8870850	80.1589737	-0.0325159	0.1579342
68.6708145	80.1589737	0.0000000	0.0000000
70.4545441	80.1589737	0.0000000	0.0000000
72.2382736	80.1589737	0.0000000	0.0000000
0.8891521	81.9427032	0.0000000	0.0000000
2.6728802	81.9427032	0.0000000	0.0000000
4.4566083	81.9427032	-0.3530295	0.0232256
6.2403364	81.9427032	0.0000000	0.0000000
8.0240641	81.9427032	-0.4830930	-1.2030873
9.8077927	81.9427032	-0.0696769	0.0510964
11.5915203	81.9427032	0.0000000	0.0000000
13.3752489	81.9427032	-0.0882574	-0.0092903
15.1589766	81.9427032	0.0139354	-0.0046451
16.9427032	81.9427032	0.0464512	-0.0092903
18.7264328	81.9427032	0.0000000	0.0000000
20.5101604	81.9427032	0.0510964	0.7385749
22.2938881	81.9427032	0.0000000	0.0000000
24.0776157	81.9427032	0.0000000	0.0000000
25.8613453	81.9427032	-0.0603866	0.4552222
27.6450729	81.9427032	-0.1858050	0.1811599
29.4288006	81.9427032	-0.2415465	0.0232256
31.2125282	81.9427032	-0.2694173	-0.0185805
32.9962578	81.9427032	-0.3530295	-0.3065782
34.7799835	81.9427032	-0.4366418	-0.3390941
36.5637131	81.9427032	-0.2601270	-0.0836122
38.3474426	81.9427032	-0.1858050	-0.1532891
40.1311722	81.9427032	-0.0696769	-0.2461916
41.9148979	81.9427032	-0.1254184	-0.2601270
43.6986275	81.9427032	-0.1486440	-0.1300635
45.4823532	81.9427032	-0.2415465	-0.3251587
47.2660828	81.9427032	-0.0743220	-0.2601270
49.0498085	81.9427032	-0.0464512	-0.3344490
50.8335381	81.9427032	0.0185805	-0.3344490
52.6172676	81.9427032	0.0510964	-0.5388345
54.4009972	81.9427032	0.2415465	-0.5202540
56.1847229	81.9427032	0.2554819	-0.3809003
57.9684486	81.9427032	0.0743220	-0.1904501
59.7521782	81.9427032	-0.2276111	-0.0557415
61.5359077	81.9427032	-0.4412869	0.1021928
63.3196297	81.9427032	-0.3437392	0.2369014
65.1033630	81.9427032	-0.2833526	0.0836122
66.8870850	81.9427032	-0.1207732	0.0510964
68.6708145	81.9427032	-0.0185805	0.2461916
70.4545441	81.9427032	0.0000000	0.0000000
72.2382736	81.9427032	0.0000000	0.0000000
0.8891521	83.7264252	0.0000000	0.0000000
2.6728802	83.7264252	0.0000000	0.0000000
4.4566083	83.7264252	0.0000000	0.0000000
6.2403364	83.7264252	-0.0278708	-0.0278708
8.0240641	83.7264252	-0.0278708	-0.0789671
9.8077927	83.7264252	0.0000000	0.0000000
11.5915203	83.7264252	0.0000000	0.0000000
13.3752489	83.7264252	-0.2601270	-0.0092903
15.1589766	83.7264252	-0.3065782	-0.0371610
16.9427032	83.7264252	0.0046451	-0.0232256
18.7264328	83.7264252	0.0000000	0.0000000
20.5101604	83.7264252	0.0000000	0.0000000
22.2938881	83.7264252	-0.2972880	0.4830930
24.0776157	83.7264252	-0.0789671	0.5992211
25.8613453	83.7264252	-0.3251587	0.4366418
27.6450729	83.7264252	-0.3901905	0.0046451
29.4288006	83.7264252	-0.0743220	0.0278708
31.2125282	83.7264252	0.0000000	0.0000000
32.9962578	83.7264252	-0.4087710	-0.2276111
34.7799835	83.7264252	-0.4552222	-0.3576746
36.5637131	83.7264252	0.0000000	0.0000000
38.3474426	83.7264252	-0.2322562	-0.1858050
40.1311722	83.7264252	0.0046451	0.0046451
41.9148979	83.7264252	-0.1765147	-0.1254184
43.6986275	83.7264252	-0.1300635	-0.2276111
45.4823532	83.7264252	-0.1950953	-0.2972880
47.2660828	83.7264252	-0.1997404	-0.3158685
49.0498085	83.7264252	-0.1579342	-0.2926429
50.8335381	83.7264252	-0.0325159	-0.4691576
52.6172676	83.7264252	0.0557415	-0.5109637
54.4009972	83.7264252	0.2369014	-0.4877381
56.1847229	83.7264252	0.3065782	-0.3112234
57.9684486	83.7264252	0.1300635	-0.0836122
59.7521782	83.7264252	-0.3483844	0.0325159
61.5359077	83.7264252	-0.4970284	0.0418061
63.3196297	83.7264252	-0.3251587	-0.0092903
65.1033630	83.7264252	-0.3762551	-0.0371610
66.8870850	83.7264252	-0.3158685	-0.3809003
68.6708145	83.7264252	0.0000000	0.0000000
70.4545441	83.7264252	0.0000000	0.0000000
72.2382736	83.7264252	0.0000000	0.0000000
0.8891521	85.5101547	0.0000000	0.0000000
2.6728802	85.5101547	0.0000000	0.0000000
4.4566083	85.5101547	0.0000000	0.0000000
6.2403364	85.5101547	-0.1300635	-0.0046451
8.0240641	85.5101547	-0.0325159	-0.0557415
9.8077927	85.5101547	-0.0325159	0.0000000
11.5915203	85.5101547	0.0000000	0.0000000
13.3752489	85.5101547	-0.2461916	-0.0092903
15.1589766	85.5101547	-0.2415465	-0.0371610
16.9427032	85.5101547	-0.1997404	-0.0185805
18.7264328	85.5101547	0.0000000	0.0000000
20.5101604	85.5101547	-0.3065782	0.6410273
22.2938881	85.5101547	-0.2926429	0.3623197
24.0776157	85.5101547	-0.3390941	0.4691576
25.8613453	85.5101547	-0.4645125	0.6131565
27.6450729	85.5101547	-0.2972880	-0.0232256
29.4288006	85.5101547	-0.6131565	-0.1765147
31.2125282	85.5101547	-0.5156088	0.0371610
32.9962578	85.5101547	0.0000000	0.0000000
34.7799835	85.5101547	-0.4459320	-0.3437392
36.5637131	85.5101547	0.0000000	0.0000000
38.3474426	85.5101547	-0.3298039	-0.1904501
40.1311722	85.5101547	-0.2554819	-0.1068379
41.9148979	85.5101547	-0.1858050	-0.0882574
43.6986275	85.5101547	0.0000000	0.0000000
45.4823532	85.5101547	-0.0929025	-0.3251587
47.2660828	85.5101547	-0.1114830	-0.3437392
49.0498085	85.5101547	-0.1068379	-0.3483844
50.8335381	85.5101547	-0.0650318	-0.4459320
52.6172676	85.5101547	-0.0185805	-0.5109637
54.4009972	85.5101547	0.1347086	-0.2601270
56.1847229	85.5101547	0.3112234	-0.1811599
57.9684486	85.5101547	0.2229660	-0.0371610
59.7521782	85.5101547	-0.5248991	0.0650318
61.5359077	85.5101547	-0.2322562	0.1765147
63.3196297	85.5101547	-0.4134161	-0.0046451
65.1033630	85.5101547	-0.2972880	-0.1021928
66.8870850	85.5101547	-0.1114830	-0.2787075
68.6708145	85.5101547	-0.0232256	-0.5388345
70.4545441	85.5101547	0.0000000	0.0000000
72.2382736	85.5101547	0.0000000	0.0000000
0.8891521	87.2938843	0.0000000	0.0000000
2.6728802	87.2938843	0.0000000	0.0000000
4.4566083	87.2938843	-0.1300635	0.0232256
6.2403364	87.2938843	-0.1904501	-0.0046451
8.0240641	87.2938843	-0.2043855	-0.0882574
9.8077927	87.2938843	-0.0975476	-0.0325159
11.5915203	87.2938843	0.0000000	0.0000000
13.3752489	87.2938843	0.0000000	0.0000000
15.1589766	87.2938843	-0.2833526	0.1021928
16.9427032	87.2938843	0.0000000	0.0000000
18.7264328	87.2938843	-0.5899309	0.5945760
20.5101604	87.2938843	-0.3158685	0.5806406
22.2938881	87.2938843	-0.5016735	0.3762551
24.0776157	87.2938843	-0.4691576	0.4134161
25.8613453	87.2938843	-0.3158685	0.1486440
27.6450729	87.2938843	-0.2554819	-0.0139354
29.4288006	87.2938843	-0.3019331	-0.0092903
31.2125282	87.2938843	-0.6549626	0.0232256
32.9962578	87.2938843	-0.7339298	0.0603866
34.7799835	87.2938843	-0.5388345	0.0000000
36.5637131	87.2938843	-0.5202540	-0.0278708
38.3474426	87.2938843	-0.3669649	-0.0278708
40.1311722	87.2938843	-0.3205136	-0.2043855
41.9148979	87.2938843	-0.3065782	-0.2554819
43.6986275	87.2938843	0.0000000	0.0000000
45.4823532	87.2938843	-0.1347086	-0.3623197
47.2660828	87.2938843	-0.1207732	-0.3251587
49.0498085	87.2938843	-0.1439989	-0.3205136
50.8335381	87.2938843	-0.1254184	-0.3530295
52.6172676	87.2938843	-0.0278708	-0.2601270
54.4009972	87.2938843	0.0418061	-0.2229660
56.1847229	87.2938843	-0.2276111	0.0139354
57.9684486	87.2938843	-0.6038663	0.0743220
59.7521782	87.2938843	-0.2740624	0.2833526
61.5359077	87.2938843	-0.2554819	0.2369014
63.3196297	87.2938843	-0.2322562	0.0232256
65.1033630	87.2938843	-0.0046451	-0.1347086
66.8870850	87.2938843	-0.0325159	-0.3344490
68.6708145	87.2938843	0.0000000	0.0000000
70.4545441	87.2938843	0.0000000	0.0000000
72.2382736	87.2938843	0.0000000	0.0000000
0.8891521	89.0776138	0.0000000	0.0000000
2.6728802	89.0776138	0.0000000	0.0000000
4.4566083	89.0776138	0.0000000	0.0000000
6.2403364	89.0776138	-0.2415465	0.0139354
8.0240641	89.0776138	-0.2926429	-0.0836122
9.8077927	89.0776138	0.0000000	0.0000000
11.5915203	89.0776138	0.0000000	0.0000000
13.3752489	89.0776138	-0.3251587	0.4784479
15.1589766	89.0776138	-0.2183209	0.2833526
16.9427032	89.0776138	-0.5899309	0.0975476
18.7264328	89.0776138	-0.4041259	0.5481247
20.5101604	89.0776138	-0.3437392	0.3855454
22.2938881	89.0776138	-0.3530295	0.3576746
24.0776157	89.0776138	-0.3019331	0.2229660
25.8613453	89.0776138	-0.1021928	0.0092903
27.6450729	89.0776138	-0.0789671	-0.0882574
29.4288006	89.0776138	-0.3855454	0.0278708
31.2125282	89.0776138	-0.5574150	0.0510964
32.9962578	89.0776138	-0.7664456	0.0650318
34.7799835	89.0776138	-0.5899309	0.0882574
36.5637131	89.0776138	-0.5574150	0.0232256
38.3474426	89.0776138	-0.4273515	-0.0139354
40.1311722	89.0776138	-0.3158685	-0.0836122
41.9148979	89.0776138	-0.2879978	-0.1021928
43.6986275	89.0776138	-0.2276111	-0.1904501
45.4823532	89.0776138	-0.1532891	-0.2415465
47.2660828	89.0776138	-0.0836122	-0.2369014
49.0498085	89.0776138	-0.1300635	-0.2601270
50.8335381	89.0776138	-0.0092903	-0.2740624
52.6172676	89.0776138	-0.1161281	-0.0696769
54.4009972	89.0776138	-0.2090306	-0.0092903
56.1847229	89.0776138	0.0000000	0.0000000
57.9684486	89.0776138	-0.5992211	0.0696769
59.7521782	89.0776138	-0.3251587	0.0743220
61.5359077	89.0776138	-0.1997404	0.1997404
63.3196297	89.0776138	-0.1765147	0.1161281
65.1033630	89.0776138	-0.0139354	-0.2554819
66.8870850	89.0776138	-0.0046451	-0.2833526
68.6708145	89.0776138	0.0000000	0.0000000
70.4545441	89.0776138	0.0000000	0.0000000
72.2382736	89.0776138	0.0000000	0.0000000
0.8891521	90.8613434	0.0000000	0.0000000
2.6728802	90.8613434	0.0000000	0.0000000
4.4566083	90.8613434	0.0000000	0.0000000
6.2403364	90.8613434	0.0000000	0.0000000
8.0240641	90.8613434	-0.3112234	0.0185805
9.8077927	90.8613434	0.0000000	0.0000000
11.5915203	90.8613434	-0.6270919	0.3762551
13.3752489	90.8613434	-0.6410273	0.4923832
15.1589766	90.8613434	-0.3205136	0.0464512
16.9427032	90.8613434	-0.2972880	0.1254184
18.7264328	90.8613434	-0.2276111	0.2461916
20.5101604	90.8613434	-0.3762551	0.2322562
22.2938881	90.8613434	-0.2694173	0.1393538
24.0776157	90.8613434	-0.1811599	0.1393538
25.8613453	90.8613434	-0.2322562	-0.0557415
27.6450729	90.8613434	-0.0882574	-0.4738027
29.4288006	90.8613434	-0.5667052	0.3901905
31.2125282	90.8613434	-0.5341894	0.0882574
32.9962578	90.8613434	0.0000000	0.0000000
34.7799835	90.8613434	-0.6270919	0.2090306
36.5637131	90.8613434	-0.5852857	0.0510964
38.3474426	90.8613434	-0.5016735	0.0092903
40.1311722	90.8613434	-0.4691576	0.0185805
41.9148979	90.8613434	-0.3251587	-0.0371610
43.6986275	90.8613434	-0.2415465	-0.0325159
45.4823532	90.8613434	-0.1904501	-0.0371610
47.2660828	90.8613434	-0.1254184	-0.1114830
49.0498085	90.8613434	-0.0139354	-0.1021928
50.8335381	90.8613434	0.0000000	-0.3205136
52.6172676	90.8613434	0.0464512	-0.0650318
54.4009972	90.8613434	-0.0232256	0.0232256
56.1847229	90.8613434	-0.6224468	0.3065782
57.9684486	90.8613434	-0.3623197	0.0232256
59.7521782	90.8613434	-0.3576746	0.0510964
61.5359077	90.8613434	-0.2369014	0.0418061
63.3196297	90.8613434	-0.1021928	-0.3344490
65.1033630	90.8613434	-0.0603866	-0.4505771
66.8870850	90.8613434	0.0000000	0.0000000
68.6708145	90.8613434	0.0000000	0.0000000
70.4545441	90.8613434	0.0000000	0.0000000
72.2382736	90.8613434	0.0000000	0.0000000
0.8891521	92.6450729	0.0000000	0.0000000
2.6728802	92.6450729	0.0000000	0.0000000
4.4566083	92.6450729	0.0650318	0.5667052
6.2403364	92.6450729	0.1858050	0.5063186
8.0240641	92.6450729	-0.1114830	0.3158685
9.8077927	92.6450729	-0.5806406	0.3019331
11.5915203	92.6450729	-0.8268322	0.4273515
13.3752489	92.6450729	-0.6131565	0.4227064
15.1589766	92.6450729	0.0510964	0.0510964
16.9427032	92.6450729	-0.1997404	0.1625794
18.7264328	92.6450729	-0.1997404	0.3065782
20.5101604	92.6450729	-0.4598674	0.0000000
22.2938881	92.6450729	-0.3298039	-0.0092903
24.0776157	92.6450729	-0.2508368	0.0418061
25.8613453	92.6450729	-0.2415465	-0.0371610
27.6450729	92.6450729	-0.3065782	0.0743220
29.4288006	92.6450729	-0.5016735	0.4830930
31.2125282	92.6450729	-0.5481247	0.4830930
32.9962578	92.6450729	-0.6224468	0.2554819
34.7799835	92.6450729	0.0000000	0.0000000
36.5637131	92.6450729	-0.5713504	0.1114830
38.3474426	92.6450729	-0.5481247	0.0882574
40.1311722	92.6450729	-0.4784479	0.0650318
41.9148979	92.6450729	-0.3623197	0.0418061
43.6986275	92.6450729	-0.2694173	0.0603866
45.4823532	92.6450729	-0.2136758	0.0418061
47.2660828	92.6450729	-0.1114830	-0.0418061
49.0498085	92.6450729	-0.0603866	-0.0929025
50.8335381	92.6450729	0.0092903	-0.1765147
52.6172676	92.6450729	0.1207732	-0.0603866
54.4009972	92.6450729	0.0650318	0.2229660
56.1847229	92.6450729	0.0092903	0.3019331
57.9684486	92.6450729	-0.0603866	0.0232256
59.7521782	92.6450729	0.0000000	0.0000000
61.5359077	92.6450729	0.0418061	-0.2461916
63.3196297	92.6450729	0.2090306	-0.0464512
65.1033630	92.6450729	-0.0418061	-0.5574150
66.8870850	92.6450729	0.0000000	0.0000000
68.6708145	92.6450729	0.0000000	0.0000000
70.4545441	92.6450729	0.0000000	0.0000000
72.2382736	92.6450729	0.0000000	0.0000000
0.8891521	94.4288025	0.0000000	0.0000000
2.6728802	94.4288025	0.0000000	0.0000000
4.4566083	94.4288025	0.0000000	0.0000000
6.2403364	94.4288025	0.2136758	0.5248991
8.0240641	94.4288025	0.0185805	0.5667052
9.8077927	94.4288025	0.0000000	0.0000000
11.5915203	94.4288025	-0.5481247	0.5341894
13.3752489	94.4288025	-0.0371610	0.2833526
15.1589766	94.4288025	0.1904501	0.0603866
16.9427032	94.4288025	0.0278708	0.0139354
18.7264328	94.4288025	-0.0464512	0.2183209
20.5101604	94.4288025	-0.2508368	0.0232256
22.2938881	94.4288025	-0.3716100	-0.1300635
24.0776157	94.4288025	-0.1718696	0.0046451
25.8613453	94.4288025	-0.1625794	-0.0092903
27.6450729	94.4288025	-0.3948356	0.0696769
29.4288006	94.4288025	-0.3948356	0.5481247
31.2125282	94.4288025	0.0000000	0.0000000
32.9962578	94.4288025	-0.5620601	0.1811599
34.7799835	94.4288025	-0.6224468	0.2136758
36.5637131	94.4288025	-0.5899309	0.2508368
38.3474426	94.4288025	-0.5202540	0.1858050
40.1311722	94.4288025	-0.4923832	0.0464512
41.9148979	94.4288025	-0.4505771	0.0046451
43.6986275	94.4288025	-0.3065782	0.1021928
45.4823532	94.4288025	-0.2926429	-0.0325159
47.2660828	94.4288025	-0.1300635	0.0325159
49.0498085	94.4288025	-0.1021928	0.0418061
50.8335381	94.4288025	-0.0278708	0.0510964
52.6172676	94.4288025	0.0185805	0.0789671
54.4009972	94.4288025	0.0789671	0.2322562
56.1847229	94.4288025	0.0882574	0.3437392
57.9684486	94.4288025	0.0464512	0.0185805
59.7521782	94.4288025	0.0603866	-0.0743220
61.5359077	94.4288025	0.0789671	-0.1904501
63.3196297	94.4288025	0.0789671	0.0139354
65.1033630	94.4288025	-0.0139354	-0.2740624
66.8870850	94.4288025	0.0325159	-0.4691576
68.6708145	94.4288025	0.0000000	0.0000000
70.4545441	94.4288025	0.0000000	0.0000000
72.2382736	94.4288025	0.0000000	0.0000000
0.8891521	96.2125320	0.0000000	0.0000000
2.6728802	96.2125320	0.0000000	0.0000000
4.4566083	96.2125320	0.1718696	0.5388345
6.2403364	96.2125320	0.0789671	0.5434796
8.0240641	96.2125320	0.0929025	0.5992211
9.8077927	96.2125320	-0.2879978	0.5713504
11.5915203	96.2125320	0.0000000	0.0000000
13.3752489	96.2125320	0.1068379	0.2833526
15.1589766	96.2125320	0.1625794	0.0743220
16.9427032	96.2125320	-0.0603866	0.3019331
18.7264328	96.2125320	-0.0882574	0.3437392
20.5101604	96.2125320	-0.2879978	0.1718696
22.2938881	96.2125320	-0.2787075	0.1300635
24.0776157	96.2125320	-0.2090306	-0.0092903
25.8613453	96.2125320	0.0000000	0.0000000
27.6450729	96.2125320	-0.4273515	0.1811599
29.4288006	96.2125320	-0.7664456	0.5527699
31.2125282	96.2125320	-0.3112234	0.0371610
32.9962578	96.2125320	-0.5295442	0.3019331
34.7799835	96.2125320	-0.5620601	0.3065782
36.5637131	96.2125320	-0.5341894	0.0975476
38.3474426	96.2125320	-0.2740624	0.1532891
40.1311722	96.2125320	-0.4041259	0.0929025
41.9148979	96.2125320	-0.4227064	0.0278708
43.6986275	96.2125320	-0.3483844	0.1765147
45.4823532	96.2125320	-0.2926429	-0.1300635
47.2660828	96.2125320	-0.1997404	0.0882574
49.0498085	96.2125320	-0.1161281	-0.0278708
50.8335381	96.2125320	-0.2554819	0.3065782
52.6172676	96.2125320	-0.2136758	0.0929025
54.4009972	96.2125320	-0.0789671	0.0185805
56.1847229	96.2125320	0.0000000	0.0000000
57.9684486	96.2125320	0.0278708	0.0139354
59.7521782	96.2125320	0.0882574	-0.0232256
61.5359077	96.2125320	0.0000000	0.0000000
63.3196297	96.2125320	0.0092903	-0.3530295
65.1033630	96.2125320	0.0696769	-0.3530295
66.8870850	96.2125320	0.0464512	-0.3530295
68.6708145	96.2125320	0.0232256	-0.5667052
70.4545441	96.2125320	0.0000000	0.0000000
72.2382736	96.2125320	0.0000000	0.0000000
0.8891521	97.9962540	0.0000000	0.0000000
2.6728802	97.9962540	0.0000000	0.0000000
4.4566083	97.9962540	0.0603866	0.5713504
6.2403364	97.9962540	0.1068379	0.6131565
8.0240641	97.9962540	0.1765147	0.7014139
9.8077927	97.9962540	0.1532891	0.6921237
11.5915203	97.9962540	0.1021928	0.4087710
13.3752489	97.9962540	0.2043855	0.2926429
15.1589766	97.9962540	0.0882574	0.1765147
16.9427032	97.9962540	-0.0185805	0.3809003
18.7264328	97.9962540	-0.0789671	0.4319966
20.5101604	97.9962540	-0.2136758	0.1347086
22.2938881	97.9962540	-0.1486440	0.1950953
24.0776157	97.9962540	-0.2136758	0.0046451
25.8613453	97.9962540	-0.1672245	-0.0232256
27.6450729	97.9962540	-0.3019331	0.2833526
29.4288006	97.9962540	-0.0650318	0.1300635
31.2125282	97.9962540	-0.3344490	0.2740624
32.9962578	97.9962540	-0.3298039	0.3298039
34.7799835	97.9962540	-0.7246395	0.0743220
36.5637131	97.9962540	-0.4830930	0.0464512
38.3474426	97.9962540	-0.3483844	0.0464512
40.1311722	97.9962540	-0.2647721	0.0650318
41.9148979	97.9962540	-0.4412869	-0.0185805
43.6986275	97.9962540	-0.5248991	-0.0046451
45.4823532	97.9962540	-0.2415465	0.1300635
47.2660828	97.9962540	-0.2461916	0.2415465
49.0498085	97.9962540	-0.3112234	0.2554819
50.8335381	97.9962540	-0.3437392	0.2461916
52.6172676	97.9962540	0.0000000	0.0000000
54.4009972	97.9962540	-0.1254184	0.1254184
56.1847229	97.9962540	-0.0789671	0.5202540
57.9684486	97.9962540	0.0464512	0.2229660
59.7521782	97.9962540	0.1068379	-0.1021928
61.5359077	97.9962540	0.1114830	-0.3158685
63.3196297	97.9962540	0.1068379	-0.4645125
65.1033630	97.9962540	0.2415465	-0.3344490
66.8870850	97.9962540	0.0696769	-0.3669649
68.6708145	97.9962540	-0.0185805	-0.4041259
70.4545441	97.9962540	0.0000000	0.0000000
72.2382736	97.9962540	0.0000000	0.0000000
0.8891521	99.7799835	0.0000000	0.0000000
2.6728802	99.7799835	0.0000000	0.0000000
4.4566083	99.7799835	0.0000000	0.0000000
6.2403364	99.7799835	-0.1672245	0.6317370
8.0240641	99.7799835	0.0836122	0.5945760
9.8077927	99.7799835	0.1347086	0.5574150
11.5915203	99.7799835	0.1718696	0.5620601
13.3752489	99.7799835	0.0557415	0.3716100
15.1589766	99.7799835	0.0232256	0.1950953
16.9427032	99.7799835	-0.0278708	0.1765147
18.7264328	99.7799835	-0.0603866	0.3251587
20.5101604	99.7799835	-0.0510964	0.4041259
22.2938881	99.7799835	-0.0557415	0.2369014
24.0776157	99.7799835	-0.2554819	0.0185805
25.8613453	99.7799835	-0.2183209	0.0046451
27.6450729	99.7799835	-0.2694173	0.2833526
29.4288006	99.7799835	-0.0836122	0.1858050
31.2125282	99.7799835	0.0000000	0.0000000
32.9962578	99.7799835	0.0000000	0.0000000
34.7799835	99.7799835	-0.6642529	0.0975476
36.5637131	99.7799835	-0.4830930	0.0510964
38.3474426	99.7799835	-0.4087710	0.0464512
40.1311722	99.7799835	-0.2879978	0.0743220
41.9148979	99.7799835	-0.3112234	0.0603866
43.6986275	99.7799835	-0.2601270	0.0882574
45.4823532	99.7799835	-0.2508368	0.0418061
47.2660828	99.7799835	-0.2972880	0.1765147
49.0498085	99.7799835	-0.0975476	0.4087710
50.8335381	99.7799835	-0.4412869	0.3576746
52.6172676	99.7799835	-0.4970284	0.0371610
54.4009972	99.7799835	-0.1950953	0.2601270
56.1847229	99.7799835	-0.1904501	0.4180613
57.9684486	99.7799835	0.0000000	0.0000000
59.7521782	99.7799835	0.0371610	-0.3437392
61.5359077	99.7799835	0.0464512	-0.4134161
63.3196297	99.7799835	0.0464512	-0.3762551
65.1033630	99.7799835	0.0232256	-0.2461916
66.8870850	99.7799835	-0.0092903	-0.3065782
68.6708145	99.7799835	0.0046451	-0.3809003
70.4545441	99.7799835	0.0000000	0.0000000
72.2382736	99.7799835	0.0000000	0.0000000
0.8891521	101.5637131	0.0000000	0.0000000
2.6728802	101.5637131	0.0000000	0.0000000
4.4566083	101.5637131	0.0000000	0.0000000
6.2403364	101.5637131	-0.2601270	0.5574150
8.0240641	101.5637131	-0.1439989	0.5713504
9.8077927	101.5637131	-0.0232256	0.6317370
11.5915203	101.5637131	0.0418061	0.5992211
13.3752489	101.5637131	0.0325159	0.4041259
15.1589766	101.5637131	-0.1254184	0.1486440
16.9427032	101.5637131	-0.2694173	0.0464512
18.7264328	101.5637131	-0.1161281	0.0371610
20.5101604	101.5637131	-0.0882574	0.3855454
22.2938881	101.5637131	-0.0696769	0.3948356
24.0776157	101.5637131	-0.0371610	0.4738027
25.8613453	101.5637131	-0.2694173	-0.0975476
27.6450729	101.5637131	-0.0139354	0.0000000
29.4288006	101.5637131	-0.1393538	0.3576746
31.2125282	101.5637131	-0.3994808	0.5202540
32.9962578	101.5637131	-0.3716100	0.5341894
34.7799835	101.5637131	-0.6735432	0.2043855
36.5637131	101.5637131	-0.5620601	0.0836122
38.3474426	101.5637131	-0.3855454	0.0789671
40.1311722	101.5637131	-0.2554819	0.0743220
41.9148979	101.5637131	-0.1300635	0.1021928
43.6986275	101.5637131	-0.0789671	0.1765147
45.4823532	101.5637131	-0.0510964	-0.0557415
47.2660828	101.5637131	-0.0743220	-0.0743220
49.0498085	101.5637131	-0.0418061	0.3576746
50.8335381	101.5637131	0.0882574	0.5434796
52.6172676	101.5637131	0.1811599	0.5156088
54.4009972	101.5637131	0.0000000	0.0000000
56.1847229	101.5637131	0.0000000	0.0000000
57.9684486	101.5637131	0.0139354	-0.2972880
59.7521782	101.5637131	0.0650318	-0.3530295
61.5359077	101.5637131	0.0464512	-0.4273515
63.3196297	101.5637131	0.0092903	-0.3298039
65.1033630	101.5637131	0.0789671	-0.2833526
66.8870850	101.5637131	0.2415465	-0.3205136
68.6708145	101.5637131	0.0696769	-0.3576746
70.4545441	101.5637131	0.0000000	0.0000000
72.2382736	101.5637131	0.0000000	0.0000000
0.8891521	103.3474426	0.0000000	0.0000000
2.6728802	103.3474426	0.0000000	0.0000000
4.4566083	103.3474426	0.0000000	0.0000000
6.2403364	103.3474426	-0.2508368	0.5574150
8.0240641	103.3474426	-0.2090306	0.5806406
9.8077927	103.3474426	-0.0696769	0.5992211
11.5915203	103.3474426	-0.0139354	0.5295442
13.3752489	103.3474426	-0.0232256	0.4180613
15.1589766	103.3474426	0.0000000	0.0000000
16.9427032	103.3474426	0.0139354	0.1811599
18.7264328	103.3474426	-0.1207732	0.2879978
20.5101604	103.3474426	-0.1347086	0.3298039
22.2938881	103.3474426	-0.1579342	0.3901905
24.0776157	103.3474426	0.0000000	0.0000000
25.8613453	103.3474426	0.0000000	0.0000000
27.6450729	103.3474426	-0.2740624	0.0232256
29.4288006	103.3474426	-0.2601270	0.5341894
31.2125282	103.3474426	-0.4645125	0.6410273
32.9962578	103.3474426	-0.2601270	0.5899309
34.7799835	103.3474426	-0.5713504	0.0650318
36.5637131	103.3474426	-0.5109637	0.0185805
38.3474426	103.3474426	-0.1904501	0.0882574
40.1311722	103.3474426	-0.1439989	0.0650318
41.9148979	103.3474426	-0.0650318	0.1161281
43.6986275	103.3474426	0.0139354	0.2322562
45.4823532	103.3474426	-0.2508368	0.0650318
47.2660828	103.3474426	-0.2926429	0.0418061
49.0498085	103.3474426	-0.2787075	0.0789671
50.8335381	103.3474426	0.1021928	0.2601270
52.6172676	103.3474426	0.2461916	0.4738027
54.4009972	103.3474426	0.1950953	0.3623197
56.1847229	103.3474426	0.0000000	0.0000000
57.9684486	103.3474426	0.0371610	-0.2879978
59.7521782	103.3474426	0.1021928	-0.3437392
61.5359077	103.3474426	0.0418061	-0.3065782
63.3196297	103.3474426	0.0464512	-0.2787075
65.1033630	103.3474426	0.1579342	-0.2369014
66.8870850	103.3474426	0.2601270	-0.3437392
68.6708145	103.3474426	0.0000000	0.0000000
70.4545441	103.3474426	0.0000000	0.0000000
72.2382736	103.3474426	0.0000000	0.0000000
0.8891521	105.1311722	0.0000000	0.0000000
2.6728802	105.1311722	0.0000000	0.0000000
4.4566083	105.1311722	0.0000000	0.0000000
6.2403364	105.1311722	-0.1579342	0.3437392
8.0240641	105.1311722	-0.0464512	0.3483844
9.8077927	105.1311722	-0.0418061	0.5341894
11.5915203	105.1311722	-0.1161281	0.5156088
13.3752489	105.1311722	-0.0557415	0.5156088
15.1589766	105.1311722	0.0046451	0.4552222
16.9427032	105.1311722	0.1811599	0.2554819
18.7264328	105.1311722	-0.0789671	0.3576746
20.5101604	105.1311722	0.0000000	0.0000000
22.2938881	105.1311722	0.0000000	0.0000000
24.0776157	105.1311722	-0.1997404	0.5434796
25.8613453	105.1311722	0.0000000	0.0000000
27.6450729	105.1311722	-0.1950953	0.0510964
29.4288006	105.1311722	-0.2787075	0.5759955
31.2125282	105.1311722	-0.3390941	0.5945760
32.9962578	105.1311722	0.0000000	0.0000000
34.7799835	105.1311722	-0.0092903	0.0232256
36.5637131	105.1311722	-0.0278708	-0.0139354
38.3474426	105.1311722	-0.0510964	0.0789671
40.1311722	105.1311722	-0.0139354	0.2276111
41.9148979	105.1311722	-0.0139354	0.1300635
43.6986275	105.1311722	0.0000000	0.2183209
45.4823532	105.1311722	0.0092903	0.1858050
47.2660828	105.1311722	-0.0882574	0.2369014
49.0498085	105.1311722	-0.2647721	0.1068379
50.8335381	105.1311722	-0.2601270	0.2415465
52.6172676	105.1311722	-0.1486440	0.3205136
54.4009972	105.1311722	0.1114830	0.2415465
56.1847229	105.1311722	0.0418061	-0.2926429
57.9684486	105.1311722	0.0000000	-0.3576746
59.7521782	105.1311722	0.0696769	-0.2415465
61.5359077	105.1311722	0.0510964	-0.2926429
63.3196297	105.1311722	0.1068379	-0.3576746
65.1033630	105.1311722	0.2043855	-0.2787075
66.8870850	105.1311722	0.3158685	-0.3762551
68.6708145	105.1311722	0.0000000	0.0000000
70.4545441	105.1311722	0.0000000	0.0000000
72.2382736	105.1311722	0.0000000	0.0000000
0.8891521	106.9149017	0.0000000	0.0000000
2.6728802	106.9149017	0.0000000	0.0000000
4.4566083	106.9149017	0.1439989	0.4645125
6.2403364	106.9149017	0.0000000	0.0000000
8.0240641	106.9149017	-0.0371610	0.3298039
9.8077927	106.9149017	0.0092903	0.3437392
11.5915203	106.9149017	-0.0789671	0.4645125
13.3752489	106.9149017	-0.0371610	0.5202540
15.1589766	106.9149017	0.0046451	0.4552222
16.9427032	106.9149017	-0.2787075	0.3065782
18.7264328	106.9149017	-0.1114830	0.4923832
20.5101604	106.9149017	-0.2740624	0.2461916
22.2938881	106.9149017	-0.2926429	0.2601270
24.0776157	106.9149017	-0.2183209	0.3390941
25.8613453	106.9149017	-0.2136758	0.2508368
27.6450729	106.9149017	-0.1114830	0.2879978
29.4288006	106.9149017	-0.0278708	0.4180613
31.2125282	106.9149017	-0.0046451	0.5156088
32.9962578	106.9149017	0.0000000	0.4830930
34.7799835	106.9149017	0.0092903	0.3112234
36.5637131	106.9149017	0.0000000	0.1718696
38.3474426	106.9149017	-0.0325159	0.0743220
40.1311722	106.9149017	-0.0836122	0.2229660
41.9148979	106.9149017	-0.0139354	0.1950953
43.6986275	106.9149017	-0.0325159	0.2136758
45.4823532	106.9149017	0.0092903	0.2369014
47.2660828	106.9149017	0.0185805	0.2136758
49.0498085	106.9149017	0.1718696	0.1207732
50.8335381	106.9149017	-0.0232256	0.0882574
52.6172676	106.9149017	-0.1532891	0.2787075
54.4009972	106.9149017	0.0650318	-0.2601270
56.1847229	106.9149017	0.0510964	-0.3205136
57.9684486	106.9149017	0.0418061	-0.2043855
59.7521782	106.9149017	0.0371610	-0.0929025
61.5359077	106.9149017	0.1207732	-0.2647721
63.3196297	106.9149017	0.2322562	-0.2601270
65.1033630	106.9149017	0.3205136	-0.2787075
66.8870850	106.9149017	0.3530295	-0.3112234
68.6708145	106.9149017	0.0418061	-0.4598674
70.4545441	106.9149017	0.0000000	0.0000000
72.2382736	106.9149017	0.0000000	0.0000000
0.8891521	108.6986237	0.0000000	0.0000000
2.6728802	108.6986237	0.0000000	0.0000000
4.4566083	108.6986237	0.0696769	0.2879978
6.2403364	108.6986237	0.0789671	0.5806406
8.0240641	108.6986237	0.2508368	0.4877381
9.8077927	108.6986237	0.0325159	0.3948356
11.5915203	108.6986237	0.1161281	0.4784479
13.3752489	108.6986237	0.2043855	0.4319966
15.1589766	108.6986237	0.2926429	0.2183209
16.9427032	108.6986237	-0.2554819	0.3762551
18.7264328	108.6986237	-0.2229660	0.5295442
20.5101604	108.6986237	-0.1161281	0.2972880
22.2938881	108.6986237	-0.1579342	0.3112234
24.0776157	108.6986237	-0.1858050	0.3065782
25.8613453	108.6986237	-0.2229660	0.3065782
27.6450729	108.6986237	-0.1579342	0.3019331
29.4288006	108.6986237	-0.0185805	0.3948356
31.2125282	108.6986237	-0.0092903	0.5759955
32.9962578	108.6986237	0.0696769	0.5063186
34.7799835	108.6986237	-0.0092903	0.3205136
36.5637131	108.6986237	0.0232256	0.2787075
38.3474426	108.6986237	0.0139354	0.1950953
40.1311722	108.6986237	0.0603866	0.1625794
41.9148979	108.6986237	0.2415465	0.2833526
43.6986275	108.6986237	-0.0371610	0.1858050
45.4823532	108.6986237	0.0371610	0.0696769
47.2660828	108.6986237	0.0325159	0.0789671
49.0498085	108.6986237	0.0325159	0.0418061
50.8335381	108.6986237	-0.0696769	-0.0139354
52.6172676	108.6986237	-0.0278708	-0.1068379
54.4009972	108.6986237	0.0836122	-0.1858050
56.1847229	108.6986237	0.0000000	-0.2369014
57.9684486	108.6986237	-0.0696769	-0.2043855
59.7521782	108.6986237	0.0371610	-0.1579342
61.5359077	108.6986237	0.1672245	-0.2229660
63.3196297	108.6986237	0.3019331	-0.2461916
65.1033630	108.6986237	0.3623197	-0.2229660
66.8870850	108.6986237	0.3390941	-0.1254184
68.6708145	108.6986237	0.0000000	0.0000000
70.4545441	108.6986237	0.0000000	0.0000000
72.2382736	108.6986237	0.0000000	0.0000000
0.8891521	110.4823532	0.0000000	0.0000000
2.6728802	110.4823532	0.0000000	0.0000000
4.4566083	110.4823532	0.0696769	0.4366418
6.2403364	110.4823532	0.1625794	0.4087710
8.0240641	110.4823532	0.2183209	0.3994808
9.8077927	110.4823532	0.3158685	0.1021928
11.5915203	110.4823532	0.3298039	0.1950953
13.3752489	110.4823532	0.3809003	0.5248991
15.1589766	110.4823532	0.2554819	0.4180613
16.9427032	110.4823532	0.3483844	0.4273515
18.7264328	110.4823532	-0.0650318	0.2229660
20.5101604	110.4823532	-0.0510964	0.1904501
22.2938881	110.4823532	-0.1393538	0.5063186
24.0776157	110.4823532	-0.1811599	0.3901905
25.8613453	110.4823532	-0.1672245	0.3623197
27.6450729	110.4823532	-0.1207732	0.3437392
29.4288006	110.4823532	-0.0418061	0.4412869
31.2125282	110.4823532	0.0510964	0.6038663
32.9962578	110.4823532	0.0975476	0.1718696
34.7799835	110.4823532	0.0092903	0.1161281
36.5637131	110.4823532	0.0000000	0.0000000
38.3474426	110.4823532	0.3716100	0.0464512
40.1311722	110.4823532	0.2833526	0.2136758
41.9148979	110.4823532	0.3065782	0.2926429
43.6986275	110.4823532	0.2461916	0.2276111
45.4823532	110.4823532	0.0836122	0.2322562
47.2660828	110.4823532	0.0882574	0.0278708
49.0498085	110.4823532	0.0232256	0.0092903
50.8335381	110.4823532	-0.0510964	0.0418061
52.6172676	110.4823532	-0.0139354	-0.0789671
54.4009972	110.4823532	-0.0743220	-0.1718696
56.1847229	110.4823532	-0.1254184	-0.1161281
57.9684486	110.4823532	-0.1207732	-0.0464512
59.7521782	110.4823532	0.0000000	-0.2043855
61.5359077	110.4823532	0.0510964	-0.2787075
63.3196297	110.4823532	0.0696769	-0.3112234
65.1033630	110.4823532	0.1161281	-0.2322562
66.8870850	110.4823532	0.0836122	-0.1718696
68.6708145	110.4823532	0.0000000	0.0000000
70.4545441	110.4823532	0.0000000	0.0000000
72.2382736	110.4823532	0.0000000	0.0000000
0.8891521	112.2660751	0.0000000	0.0000000
2.6728802	112.2660751	0.0000000	0.0000000
4.4566083	112.2660751	0.1207732	-0.0557415
6.2403364	112.2660751	0.1114830	-0.0836122
8.0240641	112.2660751	0.2136758	0.1021928
9.8077927	112.2660751	0.3019331	0.0696769
11.5915203	112.2660751	0.2694173	0.0325159
13.3752489	112.2660751	0.2694173	0.6456724
15.1589766	112.2660751	0.2090306	0.5202540
16.9427032	112.2660751	0.2554819	0.5434796
18.7264328	112.2660751	-0.0836122	0.4227064
20.5101604	112.2660751	-0.1579342	0.4041259
22.2938881	112.2660751	-0.3019331	0.5341894
24.0776157	112.2660751	-0.1765147	0.4041259
25.8613453	112.2660751	-0.1904501	0.4598674
27.6450729	112.2660751	-0.1950953	0.4552222
29.4288006	112.2660751	-0.0464512	0.4923832
31.2125282	112.2660751	0.0464512	0.5899309
32.9962578	112.2660751	0.0696769	0.5806406
34.7799835	112.2660751	0.0371610	0.2601270
36.5637131	112.2660751	0.3344490	0.5574150
38.3474426	112.2660751	0.5016735	0.1765147
40.1311722	112.2660751	0.3576746	0.2322562
41.9148979	112.2660751	0.3530295	0.3437392
43.6986275	112.2660751	0.3762551	0.3901905
45.4823532	112.2660751	0.5109637	0.3112234
47.2660828	112.2660751	0.2461916	0.0603866
49.0498085	112.2660751	0.1718696	0.0371610
50.8335381	112.2660751	0.3158685	0.0325159
52.6172676	112.2660751	0.0000000	-0.2694173
54.4009972	112.2660751	-0.1347086	-0.0232256
56.1847229	112.2660751	-0.1300635	-0.0371610
57.9684486	112.2660751	-0.1532891	-0.2276111
59.7521782	112.2660751	-0.0603866	-0.2554819
61.5359077	112.2660751	-0.0185805	-0.2369014
63.3196297	112.2660751	0.0510964	-0.2647721
65.1033630	112.2660751	0.0092903	-0.0975476
66.8870850	112.2660751	-0.1765147	-0.0929025
68.6708145	112.2660751	-0.0557415	-0.1393538
70.4545441	112.2660751	0.0000000	0.0000000
72.2382736	112.2660751	0.0000000	0.0000000
0.8891521	114.0498047	0.0000000	0.0000000
2.6728802	114.0498047	0.0000000	0.0000000
4.4566083	114.0498047	0.1114830	-0.0464512
6.2403364	114.0498047	0.2136758	-0.0092903
8.0240641	114.0498047	0.3158685	0.1021928
9.8077927	114.0498047	0.2415465	0.1904501
11.5915203	114.0498047	-0.0092903	0.3205136
13.3752489	114.0498047	0.1021928	0.6363821
15.1589766	114.0498047	0.0000000	0.0000000
16.9427032	114.0498047	0.0000000	0.0000000
18.7264328	114.0498047	0.0278708	0.5574150
20.5101604	114.0498047	-0.2369014	0.4319966
22.2938881	114.0498047	-0.3344490	0.5481247
24.0776157	114.0498047	-0.2972880	0.4970284
25.8613453	114.0498047	-0.1393538	0.4923832
27.6450729	114.0498047	-0.1021928	0.5388345
29.4288006	114.0498047	-0.0092903	0.4877381
31.2125282	114.0498047	0.1858050	0.4738027
32.9962578	114.0498047	0.1904501	0.5574150
34.7799835	114.0498047	0.0836122	0.4134161
36.5637131	114.0498047	0.1486440	0.4598674
38.3474426	114.0498047	0.3483844	0.2926429
40.1311722	114.0498047	0.4319966	0.2369014
41.9148979	114.0498047	0.4830930	0.3019331
43.6986275	114.0498047	0.4227064	0.3437392
45.4823532	114.0498047	0.3994808	0.2926429
47.2660828	114.0498047	0.3576746	0.1254184
49.0498085	114.0498047	0.3669649	0.0743220
50.8335381	114.0498047	0.1625794	0.0000000
52.6172676	114.0498047	-0.0371610	-0.0418061
54.4009972	114.0498047	-0.2601270	-0.0371610
56.1847229	114.0498047	-0.2972880	-0.0789671
57.9684486	114.0498047	-0.2322562	-0.2833526
59.7521782	114.0498047	-0.1950953	-0.3483844
61.5359077	114.0498047	-0.0650318	-0.2879978
63.3196297	114.0498047	0.0092903	-0.3019331
65.1033630	114.0498047	-0.0603866	-0.3205136
66.8870850	114.0498047	-0.2183209	-0.0371610
68.6708145	114.0498047	0.0000000	0.0000000
70.4545441	114.0498047	0.0000000	0.0000000
72.2382736	114.0498047	0.0000000	0.0000000
0.8891521	115.8335342	0.0000000	0.0000000
2.6728802	115.8335342	0.0000000	0.0000000
4.4566083	115.8335342	0.0929025	0.0000000
6.2403364	115.8335342	0.2183209	0.0464512
8.0240641	115.8335342	0.3019331	0.0418061
9.8077927	115.8335342	0.2833526	0.2276111
11.5915203	115.8335342	0.1718696	0.0789671
13.3752489	115.8335342	0.3019331	0.0418061
15.1589766	115.8335342	0.0325159	0.5156088
16.9427032	115.8335342	0.0139354	0.5527699
18.7264328	115.8335342	0.0464512	0.6456724
20.5101604	115.8335342	-0.0557415	0.5620601
22.2938881	115.8335342	-0.1904501	0.4041259
24.0776157	115.8335342	-0.2369014	0.1393538
25.8613453	115.8335342	-0.1300635	0.2833526
27.6450729	115.8335342	0.0092903	0.2972880
29.4288006	115.8335342	0.0185805	0.4227064
31.2125282	115.8335342	0.0046451	0.5481247
32.9962578	115.8335342	0.2508368	0.6503175
34.7799835	115.8335342	0.2601270	0.6456724
36.5637131	115.8335342	0.4412869	0.5992211
38.3474426	115.8335342	0.2879978	0.1997404
40.1311722	115.8335342	0.2601270	0.2601270
41.9148979	115.8335342	0.2461916	0.2136758
43.6986275	115.8335342	0.2787075	0.2090306
45.4823532	115.8335342	0.2136758	-0.0278708
47.2660828	115.8335342	0.2322562	0.0185805
49.0498085	115.8335342	0.3065782	0.1765147
50.8335381	115.8335342	0.0232256	0.1114830
52.6172676	115.8335342	-0.2369014	0.0000000
54.4009972	115.8335342	-0.2369014	-0.0836122
56.1847229	115.8335342	-0.1904501	-0.2090306
57.9684486	115.8335342	-0.1114830	-0.3298039
59.7521782	115.8335342	-0.0510964	-0.3437392
61.5359077	115.8335342	-0.0418061	-0.3019331
63.3196297	115.8335342	-0.0092903	-0.2415465
65.1033630	115.8335342	-0.0464512	-0.2415465
66.8870850	115.8335342	-0.1672245	-0.1114830
68.6708145	115.8335342	-0.0557415	0.0139354
70.4545441	115.8335342	0.0000000	0.0000000
72.2382736	115.8335342	0.0000000	0.0000000
0.8891521	117.6172638	0.0000000	0.0000000
2.6728802	117.6172638	0.0000000	0.0000000
4.4566083	117.6172638	0.0650318	-0.0418061
6.2403364	117.6172638	0.0603866	0.0232256
8.0240641	117.6172638	0.2972880	0.2415465
9.8077927	117.6172638	0.3390941	0.0743220
11.5915203	117.6172638	0.3530295	0.0743220
13.3752489	117.6172638	0.2787075	0.0603866
15.1589766	117.6172638	0.0371610	0.5992211
16.9427032	117.6172638	-0.0464512	0.6131565
18.7264328	117.6172638	0.0371610	0.6131565
20.5101604	117.6172638	-0.0418061	0.5759955
22.2938881	117.6172638	-0.0603866	0.4691576
24.0776157	117.6172638	-0.1254184	0.4134161
25.8613453	117.6172638	-0.0836122	0.4319966
27.6450729	117.6172638	-0.0278708	0.3390941
29.4288006	117.6172638	-0.0418061	0.4412869
31.2125282	117.6172638	-0.0232256	0.7199944
32.9962578	117.6172638	0.0603866	0.6874785
34.7799835	117.6172638	0.3576746	0.6642529
36.5637131	117.6172638	0.3112234	0.5295442
38.3474426	117.6172638	0.2229660	0.2833526
40.1311722	117.6172638	0.2787075	0.2694173
41.9148979	117.6172638	0.1579342	0.0325159
43.6986275	117.6172638	0.3251587	0.1068379
45.4823532	117.6172638	0.2694173	0.1254184
47.2660828	117.6172638	0.2369014	0.0696769
49.0498085	117.6172638	0.0418061	0.3251587
50.8335381	117.6172638	0.0278708	0.3344490
52.6172676	117.6172638	-0.0603866	-0.0278708
54.4009972	117.6172638	-0.0185805	-0.2136758
56.1847229	117.6172638	-0.0278708	-0.2415465
57.9684486	117.6172638	-0.0510964	-0.2833526
59.7521782	117.6172638	-0.0325159	-0.3112234
61.5359077	117.6172638	-0.0325159	-0.3065782
63.3196297	117.6172638	0.0325159	-0.2554819
65.1033630	117.6172638	-0.0232256	-0.2322562
66.8870850	117.6172638	0.0092903	-0.1532891
68.6708145	117.6172638	0.0000000	0.0000000
70.4545441	117.6172638	0.0000000	0.0000000
72.2382736	117.6172638	0.0000000	0.0000000
0.8891521	119.4009933	0.0000000	0.0000000
2.6728802	119.4009933	0.0000000	0.0000000
4.4566083	119.4009933	0.0046451	-0.0232256
6.2403364	119.4009933	0.1068379	0.0696769
8.0240641	119.4009933	0.2415465	0.1347086
9.8077927	119.4009933	0.3065782	0.0836122
11.5915203	119.4009933	0.3901905	0.0510964
13.3752489	119.4009933	0.2740624	0.1068379
15.1589766	119.4009933	0.0836122	0.5248991
16.9427032	119.4009933	0.1207732	0.3390941
18.7264328	119.4009933	0.3298039	0.2136758
20.5101604	119.4009933	0.1718696	0.5295442
22.2938881	119.4009933	0.0650318	0.5992211
24.0776157	119.4009933	-0.0743220	0.5481247
25.8613453	119.4009933	-0.0603866	0.3669649
27.6450729	119.4009933	-0.0371610	0.3390941
29.4288006	119.4009933	-0.0650318	0.5481247
31.2125282	119.4009933	-0.0046451	0.6874785
32.9962578	119.4009933	0.0743220	0.5434796
34.7799835	119.4009933	0.2833526	0.5806406
36.5637131	119.4009933	0.3112234	0.5248991
38.3474426	119.4009933	0.3576746	0.2229660
40.1311722	119.4009933	0.0929025	0.2415465
41.9148979	119.4009933	0.1858050	0.2276111
43.6986275	119.4009933	0.2833526	0.2694173
45.4823532	119.4009933	0.2879978	0.1858050
47.2660828	119.4009933	0.3390941	0.2461916
49.0498085	119.4009933	0.2879978	0.2833526
50.8335381	119.4009933	0.0650318	0.5899309
52.6172676	119.4009933	0.2972880	0.0464512
54.4009972	119.4009933	0.2694173	-0.1300635
56.1847229	119.4009933	0.2740624	-0.1300635
57.9684486	119.4009933	0.0510964	-0.2740624
59.7521782	119.4009933	-0.0278708	-0.3809003
61.5359077	119.4009933	-0.0046451	-0.3623197
63.3196297	119.4009933	0.0278708	-0.2554819
65.1033630	119.4009933	0.0046451	-0.0743220
66.8870850	119.4009933	0.0092903	-0.0371610
68.6708145	119.4009933	0.0046451	-0.0789671
70.4545441	119.4009933	0.0000000	0.0000000
72.2382736	119.4009933	0.0000000	0.0000000
0.8891521	121.1847229	0.0000000	0.0000000
2.6728802	121.1847229	0.0000000	0.0000000
4.4566083	121.1847229	-0.0325159	-0.2554819
6.2403364	121.1847229	0.1347086	-0.1114830
8.0240641	121.1847229	0.2508368	0.0139354
9.8077927	121.1847229	0.2554819	0.0325159
11.5915203	121.1847229	0.3112234	0.0557415
13.3752489	121.1847229	0.3437392	0.1254184
15.1589766	121.1847229	0.1439989	0.2508368
16.9427032	121.1847229	0.3019331	0.2647721
18.7264328	121.1847229	0.3065782	0.3019331
20.5101604	121.1847229	0.0371610	0.5527699
22.2938881	121.1847229	0.0325159	0.8268322
24.0776157	121.1847229	-0.0139354	0.6781883
25.8613453	121.1847229	0.0000000	0.0000000
27.6450729	121.1847229	-0.0650318	0.5156088
29.4288006	121.1847229	-0.0603866	0.5713504
31.2125282	121.1847229	0.0418061	0.5899309
32.9962578	121.1847229	0.1207732	0.5248991
34.7799835	121.1847229	0.2647721	0.5295442
36.5637131	121.1847229	0.2647721	0.3762551
38.3474426	121.1847229	0.3483844	0.2972880
40.1311722	121.1847229	0.1765147	0.2090306
41.9148979	121.1847229	0.2926429	0.0696769
43.6986275	121.1847229	0.2740624	0.0603866
45.4823532	121.1847229	0.3716100	0.0464512
47.2660828	121.1847229	0.4134161	0.0696769
49.0498085	121.1847229	0.2554819	0.2740624
50.8335381	121.1847229	0.2276111	0.2554819
52.6172676	121.1847229	0.3901905	-0.0557415
54.4009972	121.1847229	0.3994808	-0.1904501
56.1847229	121.1847229	0.2554819	-0.0557415
57.9684486	121.1847229	0.1672245	-0.2183209
59.7521782	121.1847229	0.0510964	-0.2508368
61.5359077	121.1847229	0.0325159	-0.2508368
63.3196297	121.1847229	0.0557415	-0.1997404
65.1033630	121.1847229	0.0464512	-0.0557415
66.8870850	121.1847229	0.0139354	-0.0325159
68.6708145	121.1847229	0.0046451	-0.0650318
70.4545441	121.1847229	0.0000000	0.0000000
72.2382736	121.1847229	0.0000000	0.0000000
0.8891521	122.9684525	0.0000000	0.0000000
2.6728802	122.9684525	-0.0185805	-0.3390941
4.4566083	122.9684525	-0.0464512	-0.2601270
6.2403364	122.9684525	0.0325159	-0.2369014
8.0240641	122.9684525	0.2229660	-0.0557415
9.8077927	122.9684525	0.2090306	0.0325159
11.5915203	122.9684525	0.2694173	0.1114830
13.3752489	122.9684525	0.2740624	0.2926429
15.1589766	122.9684525	0.2601270	0.3762551
16.9427032	122.9684525	0.1718696	0.3158685
18.7264328	122.9684525	0.0000000	0.4738027
20.5101604	122.9684525	-0.0464512	0.5713504
22.2938881	122.9684525	-0.0464512	0.5063186
24.0776157	122.9684525	-0.0325159	0.5806406
25.8613453	122.9684525	-0.0418061	0.5109637
27.6450729	122.9684525	0.0185805	0.3948356
29.4288006	122.9684525	0.1858050	0.5434796
31.2125282	122.9684525	0.0650318	0.5388345
32.9962578	122.9684525	0.0092903	0.5109637
34.7799835	122.9684525	-0.0185805	0.4598674
36.5637131	122.9684525	-0.0325159	0.2461916
38.3474426	122.9684525	-0.0650318	0.0743220
40.1311722	122.9684525	0.0789671	0.0603866
41.9148979	122.9684525	0.0603866	0.0836122
43.6986275	122.9684525	0.0557415	0.0278708
45.4823532	122.9684525	0.1393538	0.0371610
47.2660828	122.9684525	0.2136758	0.0557415
49.0498085	122.9684525	0.2508368	0.0975476
50.8335381	122.9684525	0.2787075	0.1486440
52.6172676	122.9684525	0.2740624	-0.0557415
54.4009972	122.9684525	0.1347086	-0.0557415
56.1847229	122.9684525	0.1950953	-0.0696769
57.9684486	122.9684525	0.1858050	-0.2508368
59.7521782	122.9684525	0.1765147	-0.1997404
61.5359077	122.9684525	0.1300635	-0.2415465
63.3196297	122.9684525	0.0743220	-0.2090306
65.1033630	122.9684525	0.0139354	-0.1161281
66.8870850	122.9684525	0.0278708	-0.0557415
68.6708145	122.9684525	-0.0092903	0.1625794
70.4545441	122.9684525	0.0000000	0.0000000
72.2382736	122.9684525	0.0000000	0.0000000
0.8891521	124.7521820	0.0000000	0.0000000
2.6728802	124.7521820	-0.0046451	-0.2833526
4.4566083	124.7521820	-0.0464512	-0.2879978
6.2403364	124.7521820	-0.0185805	-0.3065782
8.0240641	124.7521820	0.2229660	-0.0185805
9.8077927	124.7521820	0.2879978	0.0185805
11.5915203	124.7521820	0.2787075	0.1625794
13.3752489	124.7521820	0.2229660	0.2787075
15.1589766	124.7521820	0.2740624	0.3437392
16.9427032	124.7521820	0.2740624	0.3809003
18.7264328	124.7521820	-0.0092903	0.5434796
20.5101604	124.7521820	-0.1254184	0.5620601
22.2938881	124.7521820	-0.0929025	0.5527699
24.0776157	124.7521820	-0.1207732	0.5759955
25.8613453	124.7521820	-0.0371610	0.5620601
27.6450729	124.7521820	0.0139354	0.3298039
29.4288006	124.7521820	0.1439989	0.3437392
31.2125282	124.7521820	-0.0464512	0.5527699
32.9962578	124.7521820	-0.1068379	0.3809003
34.7799835	124.7521820	-0.0418061	0.4552222
36.5637131	124.7521820	-0.0836122	0.3112234
38.3474426	124.7521820	-0.2647721	0.0743220
40.1311722	124.7521820	-0.1904501	0.1161281
41.9148979	124.7521820	-0.1021928	-0.0092903
43.6986275	124.7521820	-0.0743220	-0.1114830
45.4823532	124.7521820	-0.0139354	-0.2090306
47.2660828	124.7521820	0.0929025	-0.0418061
49.0498085	124.7521820	0.2136758	0.0046451
50.8335381	124.7521820	0.2276111	0.0325159
52.6172676	124.7521820	0.0929025	0.0139354
54.4009972	124.7521820	0.1904501	-0.0650318
56.1847229	124.7521820	0.2740624	-0.1207732
57.9684486	124.7521820	0.3065782	-0.0789671
59.7521782	124.7521820	0.2740624	-0.1114830
61.5359077	124.7521820	0.0975476	-0.1950953
63.3196297	124.7521820	0.0139354	-0.0603866
65.1033630	124.7521820	0.0603866	-0.1068379
66.8870850	124.7521820	0.0696769	-0.1393538
68.6708145	124.7521820	-0.0232256	0.2229660
70.4545441	124.7521820	0.0000000	0.0000000
72.2382736	124.7521820	0.0000000	0.0000000
0.8891521	126.5359039	0.0000000	0.0000000
2.6728802	126.5359039	0.0000000	0.0000000
4.4566083	126.5359039	-0.0464512	-0.3158685
6.2403364	126.5359039	-0.0603866	-0.3205136
8.0240641	126.5359039	0.0836122	-0.1347086
9.8077927	126.5359039	0.2090306	0.0232256
11.5915203	126.5359039	0.2694173	0.0557415
13.3752489	126.5359039	0.2136758	0.2369014
15.1589766	126.5359039	0.2740624	0.4505771
16.9427032	126.5359039	0.0882574	0.5620601
18.7264328	126.5359039	-0.0882574	0.6735432
20.5101604	126.5359039	-0.1207732	0.6549626
22.2938881	126.5359039	-0.0464512	0.5295442
24.0776157	126.5359039	-0.1486440	0.3716100
25.8613453	126.5359039	-0.0789671	0.3576746
27.6450729	126.5359039	-0.0185805	0.3901905
29.4288006	126.5359039	0.0092903	0.3994808
31.2125282	126.5359039	0.1254184	0.4970284
32.9962578	126.5359039	0.2694173	0.3994808
34.7799835	126.5359039	0.0650318	0.4830930
36.5637131	126.5359039	0.0185805	0.3112234
38.3474426	126.5359039	0.0232256	0.1718696
40.1311722	126.5359039	-0.0139354	0.0510964
41.9148979	126.5359039	0.0464512	-0.0557415
43.6986275	126.5359039	-0.0232256	-0.0836122
45.4823532	126.5359039	0.0232256	-0.0929025
47.2660828	126.5359039	0.0046451	-0.0278708
49.0498085	126.5359039	-0.0092903	0.0185805
50.8335381	126.5359039	0.0046451	0.1161281
52.6172676	126.5359039	-0.0185805	-0.2554819
54.4009972	126.5359039	0.0696769	-0.2833526
56.1847229	126.5359039	0.2043855	-0.2694173
57.9684486	126.5359039	0.2369014	0.0185805
59.7521782	126.5359039	0.2229660	-0.0603866
61.5359077	126.5359039	0.1579342	-0.0836122
63.3196297	126.5359039	0.1904501	-0.0464512
65.1033630	126.5359039	0.1997404	-0.0696769
66.8870850	126.5359039	0.1486440	-0.0232256
68.6708145	126.5359039	-0.0046451	0.2461916
70.4545441	126.5359039	0.0000000	0.0000000
72.2382736	126.5359039	-0.0232256	0.0371610
0.8891521	128.3196411	0.0000000	0.0000000
2.6728802	128.3196411	0.0000000	0.0000000
4.4566083	128.3196411	-0.0139354	-0.2322562
6.2403364	128.3196411	-0.0789671	-0.2554819
8.0240641	128.3196411	-0.0325159	-0.1207732
9.8077927	128.3196411	-0.1207732	-0.0185805
11.5915203	128.3196411	-0.0278708	0.2554819
13.3752489	128.3196411	0.0325159	0.2647721
15.1589766	128.3196411	-0.2972880	0.5388345
16.9427032	128.3196411	-0.2276111	0.6038663
18.7264328	128.3196411	-0.1997404	0.5899309
20.5101604	128.3196411	-0.0603866	0.5759955
22.2938881	128.3196411	-0.2136758	0.4552222
24.0776157	128.3196411	-0.1858050	0.3437392
25.8613453	128.3196411	-0.1300635	0.2415465
27.6450729	128.3196411	0.0232256	0.2415465
29.4288006	128.3196411	0.1393538	0.3298039
31.2125282	128.3196411	0.1811599	0.4134161
32.9962578	128.3196411	0.2322562	0.3530295
34.7799835	128.3196411	0.3483844	0.4877381
36.5637131	128.3196411	0.1114830	0.2415465
38.3474426	128.3196411	0.1486440	0.3483844
40.1311722	128.3196411	0.1765147	0.2833526
41.9148979	128.3196411	0.1207732	-0.0975476
43.6986275	128.3196411	0.2229660	-0.0650318
45.4823532	128.3196411	0.2136758	-0.0975476
47.2660828	128.3196411	0.0139354	0.0092903
49.0498085	128.3196411	0.0046451	0.0929025
50.8335381	128.3196411	-0.0418061	0.1532891
52.6172676	128.3196411	-0.1021928	-0.3483844
54.4009972	128.3196411	0.0557415	-0.3437392
56.1847229	128.3196411	0.0882574	-0.2879978
57.9684486	128.3196411	0.0371610	0.0743220
59.7521782	128.3196411	0.0418061	0.0000000
61.5359077	128.3196411	0.1579342	-0.1672245
63.3196297	128.3196411	0.1858050	-0.1300635
65.1033630	128.3196411	0.2229660	-0.0046451
66.8870850	128.3196411	0.0185805	0.0139354
68.6708145	128.3196411	0.0000000	0.0325159
70.4545441	128.3196411	0.0000000	0.0000000
72.2382736	128.3196411	0.0000000	0.0000000
0.8891521	130.1033630	0.0000000	0.0000000
2.6728802	130.1033630	0.0000000	0.0000000
4.4566083	130.1033630	0.0046451	-0.1393538
6.2403364	130.1033630	-0.0882574	-0.2740624
8.0240641	130.1033630	-0.0789671	-0.0882574
9.8077927	130.1033630	-0.1765147	0.0278708
11.5915203	130.1033630	-0.1765147	0.2833526
13.3752489	130.1033630	-0.3669649	0.5899309
15.1589766	130.1033630	-0.2740624	0.5759955
16.9427032	130.1033630	-0.2090306	0.4923832
18.7264328	130.1033630	-0.2183209	0.4227064
20.5101604	130.1033630	-0.2276111	0.3669649
22.2938881	130.1033630	-0.2554819	0.3762551
24.0776157	130.1033630	-0.1625794	0.2833526
25.8613453	130.1033630	-0.0789671	0.2833526
27.6450729	130.1033630	-0.0185805	0.2554819
29.4288006	130.1033630	0.0278708	0.2879978
31.2125282	130.1033630	0.0464512	0.3437392
32.9962578	130.1033630	0.1300635	0.3112234
34.7799835	130.1033630	0.2322562	0.5156088
36.5637131	130.1033630	0.2879978	0.4923832
38.3474426	130.1033630	0.2740624	0.3623197
40.1311722	130.1033630	0.0371610	-0.1161281
41.9148979	130.1033630	0.1068379	-0.0696769
43.6986275	130.1033630	0.1765147	-0.1068379
45.4823532	130.1033630	0.2369014	-0.1254184
47.2660828	130.1033630	0.1114830	0.0000000
49.0498085	130.1033630	-0.0046451	0.2461916
50.8335381	130.1033630	0.0232256	0.2972880
52.6172676	130.1033630	0.1254184	-0.4087710
54.4009972	130.1033630	0.0325159	-0.4412869
56.1847229	130.1033630	0.0418061	-0.3390941
57.9684486	130.1033630	0.0278708	-0.1811599
59.7521782	130.1033630	0.0603866	0.0371610
61.5359077	130.1033630	0.0557415	-0.1114830
63.3196297	130.1033630	0.0000000	-0.0696769
65.1033630	130.1033630	-0.0325159	0.1718696
66.8870850	130.1033630	0.0325159	0.1254184
68.6708145	130.1033630	0.0278708	0.1021928
70.4545441	130.1033630	0.0000000	0.0000000
72.2382736	130.1033630	0.0000000	0.0000000
0.8891521	131.8871002	0.0000000	0.0000000
2.6728802	131.8871002	0.0000000	0.0000000
4.4566083	131.8871002	-0.0232256	-0.1300635
6.2403364	131.8871002	-0.0603866	-0.1114830
8.0240641	131.8871002	-0.1114830	-0.0603866
9.8077927	131.8871002	-0.1021928	0.0046451
11.5915203	131.8871002	-0.1532891	0.1207732
13.3752489	131.8871002	-0.3390941	0.4691576
15.1589766	131.8871002	-0.2787075	0.3158685
16.9427032	131.8871002	-0.3065782	0.3344490
18.7264328	131.8871002	-0.2787075	0.3855454
20.5101604	131.8871002	-0.2229660	0.3948356
22.2938881	131.8871002	-0.2043855	0.4180613
24.0776157	131.8871002	-0.2090306	0.4041259
25.8613453	131.8871002	-0.2276111	0.3251587
27.6450729	131.8871002	-0.1997404	0.2694173
29.4288006	131.8871002	-0.1161281	0.2647721
31.2125282	131.8871002	-0.0464512	0.3716100
32.9962578	131.8871002	-0.0092903	0.2879978
34.7799835	131.8871002	0.0278708	0.2926429
36.5637131	131.8871002	0.0418061	0.1347086
38.3474426	131.8871002	0.0464512	0.0464512
40.1311722	131.8871002	0.0696769	-0.0139354
41.9148979	131.8871002	0.0743220	-0.0232256
43.6986275	131.8871002	0.1207732	-0.0046451
45.4823532	131.8871002	0.0929025	0.0185805
47.2660828	131.8871002	0.0092903	-0.0464512
49.0498085	131.8871002	0.0139354	0.2136758
50.8335381	131.8871002	0.0325159	0.2740624
52.6172676	131.8871002	0.0650318	-0.2972880
54.4009972	131.8871002	0.0325159	-0.3251587
56.1847229	131.8871002	0.0510964	-0.3483844
57.9684486	131.8871002	0.0232256	-0.2694173
59.7521782	131.8871002	0.1718696	-0.0278708
61.5359077	131.8871002	0.0836122	0.0000000
63.3196297	131.8871002	0.0418061	0.0418061
65.1033630	131.8871002	0.0975476	0.1021928
66.8870850	131.8871002	0.0975476	0.1161281
68.6708145	131.8871002	0.0000000	0.0000000
70.4545441	131.8871002	0.0000000	0.0000000
72.2382736	131.8871002	0.0000000	0.0000000
0.8891521	133.6708221	0.0000000	0.0000000
2.6728802	133.6708221	0.0000000	0.0000000
4.4566083	133.6708221	-0.1021928	-0.0789671
6.2403364	133.6708221	-0.0510964	-0.0975476
8.0240641	133.6708221	-0.0836122	0.0185805
9.8077927	133.6708221	-0.1254184	0.0139354
11.5915203	133.6708221	-0.1393538	0.2601270
13.3752489	133.6708221	-0.2926429	0.3251587
15.1589766	133.6708221	-0.3390941	0.3994808
16.9427032	133.6708221	-0.3344490	0.5016735
18.7264328	133.6708221	-0.2415465	0.4691576
20.5101604	133.6708221	0.0000000	0.0000000
22.2938881	133.6708221	-0.1300635	0.5852857
24.0776157	133.6708221	-0.0975476	0.4830930
25.8613453	133.6708221	-0.1300635	0.3855454
27.6450729	133.6708221	-0.0650318	0.3530295
29.4288006	133.6708221	-0.0232256	0.3298039
31.2125282	133.6708221	-0.0557415	0.2508368
32.9962578	133.6708221	-0.0836122	0.2833526
34.7799835	133.6708221	-0.1347086	0.0603866
36.5637131	133.6708221	-0.0650318	0.1021928
38.3474426	133.6708221	-0.0789671	0.0975476
40.1311722	133.6708221	0.0139354	0.0371610
41.9148979	133.6708221	0.0418061	-0.0185805
43.6986275	133.6708221	0.0185805	0.0232256
45.4823532	133.6708221	0.0836122	0.0046451
47.2660828	133.6708221	0.0557415	-0.0836122
49.0498085	133.6708221	0.0650318	-0.0278708
50.8335381	133.6708221	0.1207732	0.0278708
52.6172676	133.6708221	0.2508368	-0.0743220
54.4009972	133.6708221	0.1021928	-0.3158685
56.1847229	133.6708221	0.0603866	-0.3205136
57.9684486	133.6708221	0.0650318	-0.2415465
59.7521782	133.6708221	0.1672245	-0.0185805
61.5359077	133.6708221	0.0882574	0.0743220
63.3196297	133.6708221	0.0418061	0.0882574
65.1033630	133.6708221	0.0371610	0.1950953
66.8870850	133.6708221	0.0650318	0.1858050
68.6708145	133.6708221	-0.0278708	1.0405080
70.4545441	133.6708221	0.0000000	0.0000000
72.2382736	133.6708221	0.0000000	0.0000000
0.8891521	135.4545441	0.0000000	0.0000000
2.6728802	135.4545441	0.0000000	0.0000000
4.4566083	135.4545441	-0.1439989	-0.0929025
6.2403364	135.4545441	-0.2554819	-0.1300635
8.0240641	135.4545441	-0.2415465	-0.0650318
9.8077927	135.4545441	-0.1765147	-0.0929025
11.5915203	135.4545441	-0.0696769	0.0650318
13.3752489	135.4545441	-0.0510964	0.2972880
15.1589766	135.4545441	-0.2554819	0.5109637
16.9427032	135.4545441	-0.2787075	0.4784479
18.7264328	135.4545441	-0.0371610	0.3344490
20.5101604	135.4545441	0.0139354	0.2694173
22.2938881	135.4545441	-0.0325159	0.6131565
24.0776157	135.4545441	-0.0185805	0.5759955
25.8613453	135.4545441	-0.0278708	0.3483844
27.6450729	135.4545441	-0.0185805	0.3390941
29.4288006	135.4545441	-0.0185805	0.3205136
31.2125282	135.4545441	-0.0232256	0.3298039
32.9962578	135.4545441	-0.1625794	0.1254184
34.7799835	135.4545441	-0.2322562	0.0975476
36.5637131	135.4545441	-0.1114830	0.1439989
38.3474426	135.4545441	-0.2136758	0.0882574
40.1311722	135.4545441	-0.0325159	0.0000000
41.9148979	135.4545441	0.0139354	-0.0557415
43.6986275	135.4545441	0.0278708	-0.0603866
45.4823532	135.4545441	0.0092903	-0.1300635
47.2660828	135.4545441	0.0464512	-0.1347086
49.0498085	135.4545441	0.1579342	-0.0882574
50.8335381	135.4545441	0.2090306	-0.0185805
52.6172676	135.4545441	0.2740624	-0.0510964
54.4009972	135.4545441	0.1068379	-0.2136758
56.1847229	135.4545441	0.1997404	-0.2369014
57.9684486	135.4545441	0.2183209	-0.2879978
59.7521782	135.4545441	0.1161281	-0.2461916
61.5359077	135.4545441	0.0464512	0.1625794
63.3196297	135.4545441	0.0603866	0.0650318
65.1033630	135.4545441	0.0510964	0.0371610
66.8870850	135.4545441	-0.1765147	0.0789671
68.6708145	135.4545441	0.0000000	0.0000000
70.4545441	135.4545441	0.0000000	0.0000000
72.2382736	135.4545441	0.0000000	0.0000000
0.8891521	137.2382813	0.0000000	0.0000000
2.6728802	137.2382813	0.0000000	0.0000000
4.4566083	137.2382813	-0.1718696	-0.0325159
6.2403364	137.2382813	-0.2647721	-0.1068379
8.0240641	137.2382813	-0.2833526	-0.1021928
9.8077927	137.2382813	-0.2229660	-0.0557415
11.5915203	137.2382813	-0.1672245	-0.0046451
13.3752489	137.2382813	-0.0278708	0.1904501
15.1589766	137.2382813	0.0371610	0.4180613
16.9427032	137.2382813	0.0789671	0.5574150
18.7264328	137.2382813	0.0929025	0.3344490
20.5101604	137.2382813	0.0975476	0.2740624
22.2938881	137.2382813	0.0929025	0.3669649
24.0776157	137.2382813	0.2136758	0.3065782
25.8613453	137.2382813	0.3344490	0.3483844
27.6450729	137.2382813	0.2136758	0.3762551
29.4288006	137.2382813	0.2043855	0.4598674
31.2125282	137.2382813	0.0743220	0.4134161
32.9962578	137.2382813	0.1439989	0.3530295
34.7799835	137.2382813	0.3019331	0.2601270
36.5637131	137.2382813	-0.0278708	0.2276111
38.3474426	137.2382813	-0.0325159	0.2090306
40.1311722	137.2382813	-0.0743220	0.1439989
41.9148979	137.2382813	0.0464512	-0.0185805
43.6986275	137.2382813	0.0371610	-0.0650318
45.4823532	137.2382813	0.0650318	-0.1532891
47.2660828	137.2382813	0.1718696	-0.2090306
49.0498085	137.2382813	0.2090306	-0.1950953
50.8335381	137.2382813	0.2972880	-0.1486440
52.6172676	137.2382813	0.3576746	-0.0789671
54.4009972	137.2382813	0.1997404	-0.0325159
56.1847229	137.2382813	0.3716100	-0.1161281
57.9684486	137.2382813	0.2833526	-0.2694173
59.7521782	137.2382813	0.1950953	-0.1904501
61.5359077	137.2382813	0.1347086	0.0696769
63.3196297	137.2382813	0.1393538	0.0789671
65.1033630	137.2382813	0.0882574	0.1161281
66.8870850	137.2382813	-0.1254184	0.1207732
68.6708145	137.2382813	-0.0046451	0.1393538
70.4545441	137.2382813	0.0000000	0.0000000
72.2382736	137.2382813	0.0000000	0.0000000
0.8891521	139.0220032	0.0000000	0.0000000
2.6728802	139.0220032	0.0000000	0.0000000
4.4566083	139.0220032	-0.1811599	0.0603866
6.2403364	139.0220032	-0.2647721	-0.0557415
8.0240641	139.0220032	-0.2740624	-0.1161281
9.8077927	139.0220032	-0.2647721	-0.0464512
11.5915203	139.0220032	-0.2136758	-0.0092903
13.3752489	139.0220032	-0.1718696	0.0139354
15.1589766	139.0220032	-0.0371610	0.0557415
16.9427032	139.0220032	0.1114830	0.3576746
18.7264328	139.0220032	0.2276111	0.3158685
20.5101604	139.0220032	0.3065782	0.2926429
22.2938881	139.0220032	0.2508368	0.2787075
24.0776157	139.0220032	0.3530295	0.1300635
25.8613453	139.0220032	0.3994808	0.2926429
27.6450729	139.0220032	0.4180613	0.4087710
29.4288006	139.0220032	0.3901905	0.4877381
31.2125282	139.0220032	0.2369014	0.5341894
32.9962578	139.0220032	0.1021928	0.3901905
34.7799835	139.0220032	0.2833526	0.3762551
36.5637131	139.0220032	0.2740624	0.3994808
38.3474426	139.0220032	-0.0092903	0.2415465
40.1311722	139.0220032	-0.0557415	0.1718696
41.9148979	139.0220032	0.0325159	0.0092903
43.6986275	139.0220032	0.0789671	-0.1950953
45.4823532	139.0220032	0.1207732	-0.1950953
47.2660828	139.0220032	0.2276111	-0.2229660
49.0498085	139.0220032	0.2415465	-0.2461916
50.8335381	139.0220032	0.2833526	-0.1718696
52.6172676	139.0220032	0.3809003	-0.0371610
54.4009972	139.0220032	0.2415465	0.0232256
56.1847229	139.0220032	0.2461916	-0.0603866
57.9684486	139.0220032	0.2229660	-0.2229660
59.7521782	139.0220032	0.1718696	-0.0975476
61.5359077	139.0220032	0.1950953	0.0836122
63.3196297	139.0220032	0.1114830	0.1439989
65.1033630	139.0220032	0.0418061	0.1068379
66.8870850	139.0220032	-0.0464512	0.0603866
68.6708145	139.0220032	0.0000000	0.1114830
70.4545441	139.0220032	0.0000000	0.0000000
72.2382736	139.0220032	0.0000000	0.0000000
