0.8891521	65.8716507	0.0000000	0.0000000
2.6728802	65.8716507	0.0000000	0.0000000
4.4566083	65.8716507	0.0000000	0.0000000
6.2403364	65.8716507	0.0000000	0.0000000
8.0240641	65.8716507	0.0000000	0.0000000
9.8077927	65.8716507	0.0000000	0.0000000
11.5915203	65.8716507	-1.8812757	-0.0580641
13.3752489	65.8716507	-1.5445042	-0.0696769
15.1589766	65.8716507	-1.6025681	0.1045153
16.9427032	65.8716507	-1.0103147	0.0929025
18.7264328	65.8716507	0.0000000	0.0000000
20.5101604	65.8716507	-0.0348384	-1.4980530
22.2938881	65.8716507	0.3019331	-1.5212786
24.0776157	65.8716507	0.4761253	-1.5793427
25.8613453	65.8716507	0.2322563	-1.4864402
27.6450729	65.8716507	-0.5574150	-0.1858050
29.4288006	65.8716507	0.0000000	0.0000000
31.2125282	65.8716507	-0.6735432	-0.2554819
32.9962578	65.8716507	-0.7083816	-0.1974178
34.7799835	65.8716507	-0.5109638	-0.0929025
36.5637131	65.8716507	-0.1277409	0.5922535
38.3474426	65.8716507	-0.4412869	-0.0696769
40.1311722	65.8716507	0.1509666	0.3483844
41.9148979	65.8716507	0.0000000	0.0000000
43.6986275	65.8716507	0.6154791	0.0464513
45.4823532	65.8716507	0.6154791	0.0580641
47.2660828	65.8716507	0.6038663	0.0929025
49.0498085	65.8716507	0.2787075	0.1625794
50.8335381	65.8716507	0.7432200	0.1974178
52.6172676	65.8716507	0.6387047	1.2541839
54.4009972	65.8716507	0.5922534	1.3238608
56.1847229	65.8716507	0.7083816	1.3122480
57.9684486	65.8716507	0.7780585	1.3122480
59.7521782	65.8716507	0.2090306	0.2090307
61.5359077	65.8716507	0.4064485	0.1974178
63.3196297	65.8716507	0.7548329	-0.1858050
65.1033630	65.8716507	0.7316072	0.0348384
66.8870850	65.8716507	0.0116128	-0.9290251
68.6708145	65.8716507	0.0000000	0.0000000
70.4545441	65.8716507	0.0000000	0.0000000
72.2382736	65.8716507	0.0000000	0.0000000
0.8891521	67.6553802	0.0000000	0.0000000
2.6728802	67.6553802	0.0000000	0.0000000
4.4566083	67.6553802	0.0000000	0.0000000
6.2403364	67.6553802	-0.4064485	-1.1496686
8.0240641	67.6553802	0.0000000	0.0000000
9.8077927	67.6553802	0.0000000	0.0000000
11.5915203	67.6553802	0.1858050	-0.0464513
13.3752489	67.6553802	-0.0464513	-0.2438691
15.1589766	67.6553802	-0.3019331	-0.1161281
16.9427032	67.6553802	-0.8825738	-0.0464513
18.7264328	67.6553802	0.0000000	0.0000000
20.5101604	67.6553802	-0.1393538	-1.4632145
22.2938881	67.6553802	0.2090306	-1.4283761
24.0776157	67.6553802	0.0000000	0.0000000
25.8613453	67.6553802	-0.0348384	-1.4399890
27.6450729	67.6553802	0.0000000	0.0000000
29.4288006	67.6553802	-0.0929025	-1.1380558
31.2125282	67.6553802	-0.6038663	-0.6967688
32.9962578	67.6553802	-0.6967688	-0.1393538
34.7799835	67.6553802	0.0000000	0.0000000
36.5637131	67.6553802	-0.6619303	0.5690279
38.3474426	67.6553802	-0.4993510	0.1741922
40.1311722	67.6553802	0.0000000	0.0000000
41.9148979	67.6553802	0.0464513	0.5922535
43.6986275	67.6553802	0.6038663	0.2554819
45.4823532	67.6553802	0.5341894	0.5458022
47.2660828	67.6553802	0.7548329	0.3599972
49.0498085	67.6553802	0.0000000	0.0000000
50.8335381	67.6553802	0.3599972	0.5922535
52.6172676	67.6553802	0.1277409	0.8825738
54.4009972	67.6553802	0.4180613	0.3135460
56.1847229	67.6553802	0.5225766	0.5458022
57.9684486	67.6553802	0.2438691	0.0580641
59.7521782	67.6553802	0.4180613	0.5690279
61.5359077	67.6553802	0.4528997	0.2554819
63.3196297	67.6553802	0.7548329	0.0348384
65.1033630	67.6553802	0.2438691	0.2903203
66.8870850	67.6553802	-0.4064485	0.0929025
68.6708145	67.6553802	0.0000000	0.0000000
70.4545441	67.6553802	0.0000000	0.0000000
72.2382736	67.6553802	0.0000000	0.0000000
0.8891521	69.4391022	0.0000000	0.0000000
2.6728802	69.4391022	0.0000000	0.0000000
4.4566083	69.4391022	-0.4412869	-1.4051505
6.2403364	69.4391022	-0.2670947	-1.3470864
8.0240641	69.4391022	-0.1509666	-1.3470864
9.8077927	69.4391022	0.0000000	0.0000000
11.5915203	69.4391022	-0.1393538	-1.4051505
13.3752489	69.4391022	-0.4877381	-1.2890223
15.1589766	69.4391022	-0.1625794	-0.9638636
16.9427032	69.4391022	0.0000000	0.0000000
18.7264328	69.4391022	0.0000000	0.0000000
20.5101604	69.4391022	-0.2090306	-1.2309582
22.2938881	69.4391022	0.1045153	-1.1496686
24.0776157	69.4391022	0.0000000	0.0000000
25.8613453	69.4391022	0.0000000	0.0000000
27.6450729	69.4391022	0.0000000	0.0000000
29.4288006	69.4391022	0.0000000	0.0000000
31.2125282	69.4391022	0.0000000	0.0000000
32.9962578	69.4391022	-0.5806407	-0.2090307
34.7799835	69.4391022	0.0000000	0.0000000
36.5637131	69.4391022	0.0000000	0.0000000
38.3474426	69.4391022	-0.5574150	0.2322563
40.1311722	69.4391022	0.0000000	0.0000000
41.9148979	69.4391022	-0.7199944	-0.0696769
43.6986275	69.4391022	0.0000000	0.0000000
45.4823532	69.4391022	0.1741922	0.4296741
47.2660828	69.4391022	-0.0464513	0.2322563
49.0498085	69.4391022	-0.0116128	0.0000000
50.8335381	69.4391022	0.0000000	0.0000000
52.6172676	69.4391022	0.0000000	0.0000000
54.4009972	69.4391022	0.1161281	0.4296741
56.1847229	69.4391022	0.2670947	0.2322563
57.9684486	69.4391022	0.3367716	0.0116128
59.7521782	69.4391022	0.6851560	0.7316073
61.5359077	69.4391022	0.7780585	0.0929025
63.3196297	69.4391022	0.3135459	0.3135460
65.1033630	69.4391022	0.5922534	0.0929025
66.8870850	69.4391022	0.3716100	-0.1045153
68.6708145	69.4391022	0.0000000	0.6851560
70.4545441	69.4391022	0.0000000	0.0000000
72.2382736	69.4391022	0.0000000	0.0000000
0.8891521	71.2228317	0.0000000	0.0000000
2.6728802	71.2228317	-0.0232256	1.4864402
4.4566083	71.2228317	-0.1045153	-1.2657967
6.2403364	71.2228317	-0.2438691	-1.2425711
8.0240641	71.2228317	-0.2787075	-1.3006351
9.8077927	71.2228317	-0.2090306	-1.3122480
11.5915203	71.2228317	0.0000000	0.0000000
13.3752489	71.2228317	0.0000000	0.0000000
15.1589766	71.2228317	0.0000000	-1.3122480
16.9427032	71.2228317	0.0000000	0.0000000
18.7264328	71.2228317	-0.4528997	-0.0929025
20.5101604	71.2228317	-0.1393538	-0.1858050
22.2938881	71.2228317	0.1161281	-0.1741922
24.0776157	71.2228317	-0.0464513	-0.0580641
25.8613453	71.2228317	0.0000000	0.0000000
27.6450729	71.2228317	0.0000000	0.0000000
29.4288006	71.2228317	0.0000000	0.0000000
31.2125282	71.2228317	0.0000000	0.0000000
32.9962578	71.2228317	-1.0916045	-0.0464513
34.7799835	71.2228317	-1.4283760	0.1509666
36.5637131	71.2228317	0.0000000	0.0000000
38.3474426	71.2228317	-0.3367716	0.3367716
40.1311722	71.2228317	-0.7548329	0.3367716
41.9148979	71.2228317	-1.0916045	0.2903203
43.6986275	71.2228317	0.0000000	0.0000000
45.4823532	71.2228317	-0.0232256	0.5109638
47.2660828	71.2228317	0.0812897	0.4296741
49.0498085	71.2228317	0.0000000	0.0000000
50.8335381	71.2228317	0.0000000	1.3586992
52.6172676	71.2228317	0.0000000	0.0000000
54.4009972	71.2228317	0.1161281	0.1858050
56.1847229	71.2228317	0.1974178	0.2670947
57.9684486	71.2228317	0.4528997	-0.0696769
59.7521782	71.2228317	0.8593482	0.3948357
61.5359077	71.2228317	0.7664456	0.0696769
63.3196297	71.2228317	0.1277409	0.5341895
65.1033630	71.2228317	0.0000000	0.0000000
66.8870850	71.2228317	0.2670947	-0.2090307
68.6708145	71.2228317	0.0000000	0.0000000
70.4545441	71.2228317	0.0000000	0.0000000
72.2382736	71.2228317	0.0000000	0.0000000
0.8891521	73.0065613	0.0000000	0.0000000
2.6728802	73.0065613	0.0000000	0.0000000
4.4566083	73.0065613	-0.1741922	-1.2774096
6.2403364	73.0065613	-0.2787075	-0.8825738
8.0240641	73.0065613	-0.4993510	-1.0683789
9.8077927	73.0065613	-0.1509666	-1.3238608
11.5915203	73.0065613	-0.1858050	-1.2774096
13.3752489	73.0065613	-0.4180613	-1.2774096
15.1589766	73.0065613	0.0000000	0.0000000
16.9427032	73.0065613	-0.1974178	-0.6503175
18.7264328	73.0065613	-0.2554819	-0.0464513
20.5101604	73.0065613	-0.1393538	0.1625794
22.2938881	73.0065613	0.0000000	0.0000000
24.0776157	73.0065613	0.0000000	0.0000000
25.8613453	73.0065613	0.0000000	0.0000000
27.6450729	73.0065613	0.0000000	0.0000000
29.4288006	73.0065613	-0.0929025	1.2890223
31.2125282	73.0065613	0.0000000	0.0000000
32.9962578	73.0065613	0.0000000	0.0000000
34.7799835	73.0065613	-1.5328913	0.4645126
36.5637131	73.0065613	-1.3122479	0.6038663
38.3474426	73.0065613	0.0000000	0.0000000
40.1311722	73.0065613	-1.0335404	0.4761254
41.9148979	73.0065613	-0.8709610	0.9406379
43.6986275	73.0065613	-0.1277409	1.3122480
45.4823532	73.0065613	0.0000000	0.0000000
47.2660828	73.0065613	0.0000000	0.0000000
49.0498085	73.0065613	0.5574150	0.0116128
50.8335381	73.0065613	0.0000000	0.0000000
52.6172676	73.0065613	0.0000000	0.0000000
54.4009972	73.0065613	0.0000000	0.0000000
56.1847229	73.0065613	0.2090306	-0.0812897
57.9684486	73.0065613	0.8012841	0.0580641
59.7521782	73.0065613	1.0103147	0.1509666
61.5359077	73.0065613	0.4528997	0.1277409
63.3196297	73.0065613	0.0000000	0.0000000
65.1033630	73.0065613	0.0000000	0.0000000
66.8870850	73.0065613	-0.0812897	0.0464513
68.6708145	73.0065613	0.0000000	0.0000000
70.4545441	73.0065613	0.0000000	0.0000000
72.2382736	73.0065613	0.0000000	0.0000000
0.8891521	74.7902908	0.0000000	0.0000000
2.6728802	74.7902908	0.0000000	0.0000000
4.4566083	74.7902908	-0.2554819	-0.9987020
6.2403364	74.7902908	-0.3367716	-0.9057995
8.0240641	74.7902908	-0.3251588	-0.1277409
9.8077927	74.7902908	-0.0812897	-0.4993510
11.5915203	74.7902908	-0.1741922	-0.6270919
13.3752489	74.7902908	0.0000000	0.0000000
15.1589766	74.7902908	0.0000000	0.0000000
16.9427032	74.7902908	0.0000000	0.0000000
18.7264328	74.7902908	-0.1625794	-0.0116128
20.5101604	74.7902908	-0.3716100	0.0232256
22.2938881	74.7902908	0.0000000	0.0000000
24.0776157	74.7902908	0.1974178	0.0232256
25.8613453	74.7902908	0.0000000	0.0000000
27.6450729	74.7902908	0.0000000	0.0000000
29.4288006	74.7902908	-0.1741922	0.0232256
31.2125282	74.7902908	-1.2774094	0.0348384
32.9962578	74.7902908	-0.9870891	0.0000000
34.7799835	74.7902908	-1.5445042	0.6270919
36.5637131	74.7902908	-1.1961198	0.2438691
38.3474426	74.7902908	0.0000000	0.0000000
40.1311722	74.7902908	0.0000000	0.0000000
41.9148979	74.7902908	0.0000000	0.0000000
43.6986275	74.7902908	0.0000000	0.0000000
45.4823532	74.7902908	0.0000000	0.0000000
47.2660828	74.7902908	0.0000000	0.0000000
49.0498085	74.7902908	0.0000000	0.0000000
50.8335381	74.7902908	0.0000000	0.0000000
52.6172676	74.7902908	0.0000000	0.0000000
54.4009972	74.7902908	0.0000000	0.0000000
56.1847229	74.7902908	0.1045153	0.2090307
57.9684486	74.7902908	0.2438691	0.7548329
59.7521782	74.7902908	0.2322563	0.7316073
61.5359077	74.7902908	0.1741922	0.6735432
63.3196297	74.7902908	0.3716100	0.2090307
65.1033630	74.7902908	0.6270919	0.1045153
66.8870850	74.7902908	0.0000000	0.0000000
68.6708145	74.7902908	0.0000000	0.0000000
70.4545441	74.7902908	0.0000000	0.0000000
72.2382736	74.7902908	0.0000000	0.0000000
0.8891521	76.5740204	0.0000000	0.0000000
2.6728802	76.5740204	0.0000000	0.0000000
4.4566083	76.5740204	-0.0464513	-1.2890223
6.2403364	76.5740204	0.0929025	-1.0799917
8.0240641	76.5740204	-0.4528997	-0.0348384
9.8077927	76.5740204	-0.1858050	-0.3367716
11.5915203	76.5740204	-0.1741922	-0.6735432
13.3752489	76.5740204	-0.4180613	-0.3019332
15.1589766	76.5740204	0.0000000	0.0000000
16.9427032	76.5740204	0.0000000	0.0000000
18.7264328	76.5740204	-1.3122479	-0.8245098
20.5101604	76.5740204	-1.0916045	-0.0580641
22.2938881	76.5740204	-0.6967688	-0.1625794
24.0776157	76.5740204	0.0000000	0.0000000
25.8613453	76.5740204	0.0000000	0.0000000
27.6450729	76.5740204	0.0000000	0.0000000
29.4288006	76.5740204	0.0000000	0.0000000
31.2125282	76.5740204	0.0000000	0.0000000
32.9962578	76.5740204	-1.4748273	0.5690279
34.7799835	76.5740204	-1.8464372	0.6735432
36.5637131	76.5740204	-2.1483705	0.1161281
38.3474426	76.5740204	0.0000000	0.0000000
40.1311722	76.5740204	0.0000000	0.0000000
41.9148979	76.5740204	0.0000000	0.0000000
43.6986275	76.5740204	0.0000000	0.0000000
45.4823532	76.5740204	0.0000000	0.0000000
47.2660828	76.5740204	0.0000000	0.0000000
49.0498085	76.5740204	0.0000000	0.0000000
50.8335381	76.5740204	0.0000000	0.0000000
52.6172676	76.5740204	0.0000000	0.0000000
54.4009972	76.5740204	0.0000000	0.0000000
56.1847229	76.5740204	0.1277409	-0.0464513
57.9684486	76.5740204	-0.2438691	0.0580641
59.7521782	76.5740204	0.1277409	0.9057995
61.5359077	76.5740204	0.0000000	0.9406379
63.3196297	76.5740204	-0.3716100	0.6735432
65.1033630	76.5740204	0.0000000	0.0000000
66.8870850	76.5740204	0.3367716	1.0451533
68.6708145	76.5740204	0.0000000	0.0000000
70.4545441	76.5740204	0.0000000	0.0000000
72.2382736	76.5740204	0.0000000	0.0000000
0.8891521	78.3577499	0.0000000	0.0000000
2.6728802	78.3577499	0.0000000	0.0000000
4.4566083	78.3577499	0.1161281	-1.3122480
6.2403364	78.3577499	0.0812897	-1.2309582
8.0240641	78.3577499	-0.7199944	-0.1045153
9.8077927	78.3577499	-0.5574150	-0.1509666
11.5915203	78.3577499	-0.6967688	-0.1277409
13.3752489	78.3577499	-0.2090306	-0.6967688
15.1589766	78.3577499	-0.6851560	-0.0580641
16.9427032	78.3577499	-0.4296741	-0.2322563
18.7264328	78.3577499	-0.0464513	0.0696769
20.5101604	78.3577499	-1.0799916	-0.0348384
22.2938881	78.3577499	-0.7896713	-0.0464513
24.0776157	78.3577499	0.0000000	0.0000000
25.8613453	78.3577499	-0.1625794	0.0000000
27.6450729	78.3577499	0.0000000	0.0000000
29.4288006	78.3577499	0.0000000	0.0000000
31.2125282	78.3577499	0.0000000	0.0000000
32.9962578	78.3577499	-1.5909554	0.8709611
34.7799835	78.3577499	-1.4051504	1.1380558
36.5637131	78.3577499	-1.2541838	1.2890223
38.3474426	78.3577499	0.0000000	0.0000000
40.1311722	78.3577499	-1.1032172	1.3122480
41.9148979	78.3577499	0.0000000	0.0000000
43.6986275	78.3577499	0.0000000	0.0000000
45.4823532	78.3577499	-0.7780585	0.3483844
47.2660828	78.3577499	0.0000000	0.0000000
49.0498085	78.3577499	0.0000000	0.0000000
50.8335381	78.3577499	0.0000000	0.0000000
52.6172676	78.3577499	0.0000000	0.0000000
54.4009972	78.3577499	1.1728941	1.4516017
56.1847229	78.3577499	0.4180613	0.6387048
57.9684486	78.3577499	0.1393538	0.6270919
59.7521782	78.3577499	0.0580641	0.9987020
61.5359077	78.3577499	0.0464513	0.7548329
63.3196297	78.3577499	-0.2670947	0.9870892
65.1033630	78.3577499	0.0000000	0.0000000
66.8870850	78.3577499	0.0929025	1.1845070
68.6708145	78.3577499	0.0116128	-1.4864402
70.4545441	78.3577499	0.0000000	0.0000000
72.2382736	78.3577499	0.0000000	0.0000000
0.8891521	80.1414719	0.0000000	0.0000000
2.6728802	80.1414719	0.0000000	0.0000000
4.4566083	80.1414719	0.0000000	0.0000000
6.2403364	80.1414719	-0.6387047	-0.1277409
8.0240641	80.1414719	-0.6619303	-0.1393538
9.8077927	80.1414719	-0.4645125	-0.0580641
11.5915203	80.1414719	-0.5109638	-0.0116128
13.3752489	80.1414719	-0.3019331	-0.0580641
15.1589766	80.1414719	0.0000000	0.0000000
16.9427032	80.1414719	-0.1393538	-0.1393538
18.7264328	80.1414719	-0.4296741	-0.0696769
20.5101604	80.1414719	-0.7664456	-0.0464513
22.2938881	80.1414719	-0.7432200	0.0580641
24.0776157	80.1414719	-0.7316072	0.0116128
25.8613453	80.1414719	-0.3135459	0.0000000
27.6450729	80.1414719	0.0000000	0.0000000
29.4288006	80.1414719	0.0000000	0.0000000
31.2125282	80.1414719	0.0000000	0.0000000
32.9962578	80.1414719	0.0000000	0.0000000
34.7799835	80.1414719	-0.6735432	0.4296741
36.5637131	80.1414719	-0.2554819	1.2657967
38.3474426	80.1414719	0.0000000	0.0000000
40.1311722	80.1414719	0.0000000	0.0000000
41.9148979	80.1414719	-0.4993510	0.0232256
43.6986275	80.1414719	0.0000000	0.0000000
45.4823532	80.1414719	0.0000000	0.0000000
47.2660828	80.1414719	0.0000000	0.0000000
49.0498085	80.1414719	-0.0348384	0.3135460
50.8335381	80.1414719	-0.0812897	0.2670947
52.6172676	80.1414719	0.9174122	0.2090307
54.4009972	80.1414719	2.0554678	1.3354737
56.1847229	80.1414719	0.1161281	1.2193455
57.9684486	80.1414719	0.2206434	1.3470864
59.7521782	80.1414719	-0.0696769	0.7664457
61.5359077	80.1414719	0.0000000	0.7896714
63.3196297	80.1414719	0.6038663	0.2787075
65.1033630	80.1414719	0.0232256	0.6851560
66.8870850	80.1414719	0.0232256	1.1612813
68.6708145	80.1414719	-0.0232256	-1.2657967
70.4545441	80.1414719	0.0000000	0.0000000
72.2382736	80.1414719	0.0000000	0.0000000
0.8891521	81.9252014	0.0000000	0.0000000
2.6728802	81.9252014	0.0000000	0.0000000
4.4566083	81.9252014	0.0000000	0.0000000
6.2403364	81.9252014	-0.6038663	-0.0812897
8.0240641	81.9252014	-0.4064485	-0.1974178
9.8077927	81.9252014	-0.5806407	-0.1625794
11.5915203	81.9252014	-0.3832228	-0.0812897
13.3752489	81.9252014	-0.1045153	-0.3716100
15.1589766	81.9252014	-0.0696769	-0.7316073
16.9427032	81.9252014	-0.0464513	-0.0116128
18.7264328	81.9252014	-0.2554819	-0.1509666
20.5101604	81.9252014	-0.2903203	-0.1741922
22.2938881	81.9252014	-0.1161281	0.1509666
24.0776157	81.9252014	-0.5806407	0.0812897
25.8613453	81.9252014	-0.3367716	0.1161281
27.6450729	81.9252014	0.0000000	0.0000000
29.4288006	81.9252014	0.0000000	0.0000000
31.2125282	81.9252014	0.0000000	0.0000000
32.9962578	81.9252014	0.0000000	0.0000000
34.7799835	81.9252014	-1.0103147	0.3135460
36.5637131	81.9252014	0.0000000	0.0000000
38.3474426	81.9252014	0.0000000	0.0000000
40.1311722	81.9252014	0.0000000	0.0000000
41.9148979	81.9252014	-0.4877381	0.0929025
43.6986275	81.9252014	0.0000000	0.0000000
45.4823532	81.9252014	0.0000000	0.0000000
47.2660828	81.9252014	0.0000000	0.0000000
49.0498085	81.9252014	-0.0812897	0.5225766
50.8335381	81.9252014	0.1161281	0.8593482
52.6172676	81.9252014	-0.2787075	-0.1277409
54.4009972	81.9252014	0.0000000	0.0000000
56.1847229	81.9252014	0.1974178	0.0232256
57.9684486	81.9252014	0.4296741	0.1393538
59.7521782	81.9252014	1.3238606	0.1393538
61.5359077	81.9252014	0.1393538	1.0219276
63.3196297	81.9252014	0.5922534	0.6851560
65.1033630	81.9252014	0.6735432	0.7432201
66.8870850	81.9252014	0.0000000	1.5793427
68.6708145	81.9252014	0.0232256	1.0335405
70.4545441	81.9252014	0.0000000	0.0000000
72.2382736	81.9252014	0.0000000	0.0000000
0.8891521	83.7089233	0.0000000	0.0000000
2.6728802	83.7089233	0.0000000	0.0000000
4.4566083	83.7089233	-0.0464513	-0.2206435
6.2403364	83.7089233	-0.0580641	-0.1045153
8.0240641	83.7089233	-0.1045153	-0.0116128
9.8077927	83.7089233	-0.0580641	-0.4761254
11.5915203	83.7089233	-0.0464513	-0.5574151
13.3752489	83.7089233	-0.1045153	-0.6038663
15.1589766	83.7089233	-0.1045153	-0.8012841
16.9427032	83.7089233	-0.0348384	-0.8012841
18.7264328	83.7089233	0.0000000	-0.3832228
20.5101604	83.7089233	-0.0696769	-0.1393538
22.2938881	83.7089233	0.0000000	0.1741922
24.0776157	83.7089233	0.1277409	0.1277409
25.8613453	83.7089233	-0.0232256	0.2322563
27.6450729	83.7089233	-0.0812897	0.2554819
29.4288006	83.7089233	0.2787075	0.0464513
31.2125282	83.7089233	0.0000000	0.0000000
32.9962578	83.7089233	-0.5690278	0.3251588
34.7799835	83.7089233	-0.7896713	0.4064485
36.5637131	83.7089233	-0.6270919	0.7548329
38.3474426	83.7089233	0.0000000	0.0000000
40.1311722	83.7089233	0.0696769	0.0000000
41.9148979	83.7089233	0.0000000	0.0000000
43.6986275	83.7089233	0.1393538	1.2890223
45.4823532	83.7089233	0.0348384	1.0799917
47.2660828	83.7089233	0.4180613	1.5445043
49.0498085	83.7089233	0.5806407	1.3006351
50.8335381	83.7089233	0.1974178	0.1741922
52.6172676	83.7089233	0.0812897	0.6851560
54.4009972	83.7089233	0.0000000	0.0000000
56.1847229	83.7089233	0.0000000	0.0000000
57.9684486	83.7089233	0.0000000	0.0000000
59.7521782	83.7089233	1.3354735	0.5806407
61.5359077	83.7089233	0.4993510	1.0683789
63.3196297	83.7089233	0.7896713	1.1148301
65.1033630	83.7089233	0.0000000	0.0000000
66.8870850	83.7089233	0.0696769	1.1845070
68.6708145	83.7089233	0.0000000	0.0000000
70.4545441	83.7089233	0.0000000	0.0000000
72.2382736	83.7089233	0.0000000	0.0000000
0.8891521	85.4926529	0.0000000	0.0000000
2.6728802	85.4926529	0.0000000	0.0000000
4.4566083	85.4926529	0.0000000	0.0000000
6.2403364	85.4926529	-0.0348384	-0.1625794
8.0240641	85.4926529	-0.0580641	0.0232256
9.8077927	85.4926529	-0.0580641	-0.2322563
11.5915203	85.4926529	-0.3135459	-0.7083817
13.3752489	85.4926529	-0.1625794	-1.1496686
15.1589766	85.4926529	-0.0348384	-1.1961198
16.9427032	85.4926529	-0.0464513	-1.0916045
18.7264328	85.4926529	0.0000000	0.0000000
20.5101604	85.4926529	0.0000000	0.0000000
22.2938881	85.4926529	0.0580641	0.5458022
24.0776157	85.4926529	0.1509666	0.5690279
25.8613453	85.4926529	-1.4980528	1.3238608
27.6450729	85.4926529	0.0000000	0.0000000
29.4288006	85.4926529	0.0000000	0.0000000
31.2125282	85.4926529	0.0000000	0.0000000
32.9962578	85.4926529	-0.6503175	0.1625794
34.7799835	85.4926529	-0.7664456	0.1045153
36.5637131	85.4926529	0.0000000	0.0000000
38.3474426	85.4926529	0.0000000	0.0000000
40.1311722	85.4926529	0.0000000	0.0000000
41.9148979	85.4926529	0.0000000	0.0000000
43.6986275	85.4926529	-0.0929025	1.3935376
45.4823532	85.4926529	-0.1161281	1.4632145
47.2660828	85.4926529	0.0000000	0.0000000
49.0498085	85.4926529	0.0000000	0.0000000
50.8335381	85.4926529	0.3135459	0.0696769
52.6172676	85.4926529	0.0000000	0.0000000
54.4009972	85.4926529	0.0000000	0.0000000
56.1847229	85.4926529	0.0000000	0.0000000
57.9684486	85.4926529	1.5793426	1.4980530
59.7521782	85.4926529	1.2890222	1.4399890
61.5359077	85.4926529	1.1264429	1.2541839
63.3196297	85.4926529	1.2774094	1.2077327
65.1033630	85.4926529	0.0696769	1.4748274
66.8870850	85.4926529	0.0000000	0.0000000
68.6708145	85.4926529	0.0000000	0.0000000
70.4545441	85.4926529	0.0000000	0.0000000
72.2382736	85.4926529	0.0000000	0.0000000
0.8891521	87.2763824	0.0000000	0.0000000
2.6728802	87.2763824	0.0000000	0.0000000
4.4566083	87.2763824	0.1974178	-0.2670947
6.2403364	87.2763824	0.1161281	-0.1393538
8.0240641	87.2763824	0.0348384	-0.1161281
9.8077927	87.2763824	0.0464513	-0.1393538
11.5915203	87.2763824	-0.2090306	-0.1277409
13.3752489	87.2763824	0.0000000	0.0000000
15.1589766	87.2763824	-0.2438691	-1.1612813
16.9427032	87.2763824	-0.1509666	-1.1380558
18.7264328	87.2763824	-0.7199944	-0.0696769
20.5101604	87.2763824	0.0000000	0.0000000
22.2938881	87.2763824	-0.9870891	0.1858050
24.0776157	87.2763824	-0.6270919	1.4399890
25.8613453	87.2763824	-1.1612813	1.2309582
27.6450729	87.2763824	-0.6967688	0.1625794
29.4288006	87.2763824	-1.5561169	1.3238608
31.2125282	87.2763824	0.0000000	0.0000000
32.9962578	87.2763824	-0.9406378	1.1264429
34.7799835	87.2763824	-1.1845069	0.8825738
36.5637131	87.2763824	0.0000000	0.0000000
38.3474426	87.2763824	0.0000000	0.0000000
40.1311722	87.2763824	0.0000000	0.0000000
41.9148979	87.2763824	0.0000000	0.0000000
43.6986275	87.2763824	-0.5922534	1.6606324
45.4823532	87.2763824	0.0000000	0.0000000
47.2660828	87.2763824	0.0000000	0.0000000
49.0498085	87.2763824	0.0000000	0.0000000
50.8335381	87.2763824	0.0000000	0.0000000
52.6172676	87.2763824	0.0000000	0.0000000
54.4009972	87.2763824	0.0000000	0.0000000
56.1847229	87.2763824	0.0000000	0.0000000
57.9684486	87.2763824	1.1728941	0.9638636
59.7521782	87.2763824	1.4632144	1.0567660
61.5359077	87.2763824	0.0232256	0.9290251
63.3196297	87.2763824	-0.0929025	1.0916045
65.1033630	87.2763824	0.5574150	1.5096658
66.8870850	87.2763824	0.0000000	0.0000000
68.6708145	87.2763824	0.0000000	0.0000000
70.4545441	87.2763824	0.0000000	0.0000000
72.2382736	87.2763824	-1.5677297	-0.0116128
0.8891521	89.0601120	0.0000000	0.0000000
2.6728802	89.0601120	0.0000000	0.0000000
4.4566083	89.0601120	0.0000000	0.0000000
6.2403364	89.0601120	0.0580641	-0.0464513
8.0240641	89.0601120	0.1045153	-0.0812897
9.8077927	89.0601120	0.0464513	-0.1858050
11.5915203	89.0601120	-0.1741922	-0.0929025
13.3752489	89.0601120	0.0000000	0.0000000
15.1589766	89.0601120	0.0000000	0.0000000
16.9427032	89.0601120	0.0000000	0.0000000
18.7264328	89.0601120	-0.5341894	-0.1509666
20.5101604	89.0601120	-0.5574150	-0.0929025
22.2938881	89.0601120	-0.8128969	0.5109638
24.0776157	89.0601120	-0.5458022	0.7199945
25.8613453	89.0601120	0.0000000	0.0000000
27.6450729	89.0601120	-0.9522507	1.3238608
29.4288006	89.0601120	0.5458022	0.0000000
31.2125282	89.0601120	-0.9522507	1.4632145
32.9962578	89.0601120	-1.0683788	1.2193455
34.7799835	89.0601120	-1.1380557	0.6387048
36.5637131	89.0601120	-0.2206434	0.3135460
38.3474426	89.0601120	-0.1161281	0.1625794
40.1311722	89.0601120	-0.3599972	0.0464513
41.9148979	89.0601120	0.0000000	0.0000000
43.6986275	89.0601120	-0.6154791	1.8696630
45.4823532	89.0601120	-0.7083816	2.0206296
47.2660828	89.0601120	1.9161141	1.4980530
49.0498085	89.0601120	0.0000000	0.0000000
50.8335381	89.0601120	0.0000000	0.0000000
52.6172676	89.0601120	0.0000000	0.0000000
54.4009972	89.0601120	0.0116128	1.5561171
56.1847229	89.0601120	0.5922534	1.1496686
57.9684486	89.0601120	0.5341894	1.1032174
59.7521782	89.0601120	1.2425710	1.1032174
61.5359077	89.0601120	0.0000000	0.0000000
63.3196297	89.0601120	-0.1509666	1.5328914
65.1033630	89.0601120	0.0232256	1.5561171
66.8870850	89.0601120	0.1625794	1.3470864
68.6708145	89.0601120	0.0000000	0.0000000
70.4545441	89.0601120	0.0000000	0.0000000
72.2382736	89.0601120	0.0000000	0.0000000
0.8891521	90.8438416	0.0000000	0.0000000
2.6728802	90.8438416	0.0000000	0.0000000
4.4566083	90.8438416	-0.0116128	-0.3367716
6.2403364	90.8438416	-0.0232256	-0.3135460
8.0240641	90.8438416	-0.0116128	-0.3716100
9.8077927	90.8438416	0.0232256	-0.3019332
11.5915203	90.8438416	0.0000000	-0.2206435
13.3752489	90.8438416	0.5109638	-0.1045153
15.1589766	90.8438416	0.0464513	-0.1277409
16.9427032	90.8438416	-0.0696769	-0.2903203
18.7264328	90.8438416	-0.4064485	-0.2670947
20.5101604	90.8438416	-0.4761253	-0.1741922
22.2938881	90.8438416	-0.7432200	0.1974178
24.0776157	90.8438416	0.0000000	0.0000000
25.8613453	90.8438416	0.0000000	0.0000000
27.6450729	90.8438416	-0.5341894	1.4399890
29.4288006	90.8438416	-0.3832228	0.0696769
31.2125282	90.8438416	-0.2438691	-2.9148164
32.9962578	90.8438416	-1.3006351	1.3819249
34.7799835	90.8438416	-1.3354735	0.3251588
36.5637131	90.8438416	-0.8477353	-0.1858050
38.3474426	90.8438416	-0.1741922	-0.1277409
40.1311722	90.8438416	-0.0812897	0.0232256
41.9148979	90.8438416	-0.1858050	0.0696769
43.6986275	90.8438416	-0.7316072	1.7651477
45.4823532	90.8438416	-0.6967688	1.9045014
47.2660828	90.8438416	-1.1380557	2.6244960
49.0498085	90.8438416	-1.2193453	2.1483705
50.8335381	90.8438416	0.0000000	0.0000000
52.6172676	90.8438416	0.1161281	1.5445043
54.4009972	90.8438416	0.1625794	1.5328914
56.1847229	90.8438416	0.1741922	1.7535349
57.9684486	90.8438416	-0.1161281	1.3354737
59.7521782	90.8438416	-0.7664456	1.7419221
61.5359077	90.8438416	-0.4761253	1.9509528
63.3196297	90.8438416	-0.1858050	1.8464375
65.1033630	90.8438416	-0.0696769	1.7303092
66.8870850	90.8438416	0.0580641	1.6374067
68.6708145	90.8438416	0.0000000	0.0000000
70.4545441	90.8438416	0.0000000	0.0000000
72.2382736	90.8438416	0.0000000	0.0000000
0.8891521	92.6275711	0.0000000	0.0000000
2.6728802	92.6275711	0.0000000	0.0000000
4.4566083	92.6275711	0.0000000	-0.0929025
6.2403364	92.6275711	0.0348384	-0.4296741
8.0240641	92.6275711	0.0929025	-0.5574151
9.8077927	92.6275711	0.1045153	-0.5109638
11.5915203	92.6275711	0.3019331	-0.2206435
13.3752489	92.6275711	0.1741922	-0.2322563
15.1589766	92.6275711	-0.0929025	-0.3483844
16.9427032	92.6275711	-0.0929025	-0.6154791
18.7264328	92.6275711	-0.1509666	-0.5341895
20.5101604	92.6275711	-0.4412869	0.3135460
22.2938881	92.6275711	-0.1625794	0.0232256
24.0776157	92.6275711	-0.5225766	0.1625794
25.8613453	92.6275711	-0.4412869	0.1045153
27.6450729	92.6275711	-0.9406378	1.1961198
29.4288006	92.6275711	-1.0683788	1.2890223
31.2125282	92.6275711	-1.4283760	1.4632145
32.9962578	92.6275711	-0.8709610	1.4399890
34.7799835	92.6275711	-1.0799916	1.2193455
36.5637131	92.6275711	-0.6619303	0.1858050
38.3474426	92.6275711	-0.0580641	0.0000000
40.1311722	92.6275711	0.3716100	0.1393538
41.9148979	92.6275711	0.0232256	0.2206435
43.6986275	92.6275711	-0.2903203	1.1032174
45.4823532	92.6275711	0.0000000	0.0000000
47.2660828	92.6275711	0.0000000	0.0000000
49.0498085	92.6275711	-1.5096657	2.6593344
50.8335381	92.6275711	-1.3006351	2.5199807
52.6172676	92.6275711	0.0348384	2.2644987
54.4009972	92.6275711	0.6851560	2.1599834
56.1847229	92.6275711	0.3367716	2.0322425
57.9684486	92.6275711	0.0348384	1.9741783
59.7521782	92.6275711	-0.7083816	1.9393399
61.5359077	92.6275711	0.0000000	0.0000000
63.3196297	92.6275711	-0.2670947	2.1483705
65.1033630	92.6275711	-0.0116128	2.1483705
66.8870850	92.6275711	0.0116128	1.4864402
68.6708145	92.6275711	0.0000000	0.0000000
70.4545441	92.6275711	0.0000000	0.0000000
72.2382736	92.6275711	0.0000000	0.0000000
0.8891521	94.4113007	0.0000000	0.0000000
2.6728802	94.4113007	0.0000000	0.0000000
4.4566083	94.4113007	0.0000000	0.0000000
6.2403364	94.4113007	-0.0929025	-0.4761254
8.0240641	94.4113007	-0.0116128	-0.4064485
9.8077927	94.4113007	-0.0116128	-0.0580641
11.5915203	94.4113007	-0.4412869	0.0232256
13.3752489	94.4113007	-0.1161281	-0.2903203
15.1589766	94.4113007	0.0348384	-0.6503175
16.9427032	94.4113007	-0.0348384	-0.6619304
18.7264328	94.4113007	-0.0696769	-0.4412869
20.5101604	94.4113007	-0.0929025	-0.0580641
22.2938881	94.4113007	-0.0232256	0.1045153
24.0776157	94.4113007	-0.2206434	-0.0232256
25.8613453	94.4113007	-0.3716100	0.1393538
27.6450729	94.4113007	-0.5806407	1.2774096
29.4288006	94.4113007	0.0000000	0.0000000
31.2125282	94.4113007	-1.3238606	1.5096658
32.9962578	94.4113007	-0.6967688	1.4167633
34.7799835	94.4113007	-0.6967688	1.3586992
36.5637131	94.4113007	0.0000000	0.0000000
38.3474426	94.4113007	0.4412869	0.0000000
40.1311722	94.4113007	0.6967688	0.0232256
41.9148979	94.4113007	0.4064485	0.2206435
43.6986275	94.4113007	-0.2438691	0.8245098
45.4823532	94.4113007	-1.5561169	2.6244960
47.2660828	94.4113007	-1.5445042	2.6012702
49.0498085	94.4113007	0.0000000	0.0000000
50.8335381	94.4113007	-1.5909554	2.8915906
52.6172676	94.4113007	0.0000000	0.0000000
54.4009972	94.4113007	0.0000000	0.0000000
56.1847229	94.4113007	-0.4064485	2.4851422
57.9684486	94.4113007	-0.5574150	2.2064347
59.7521782	94.4113007	-0.8477353	1.6954708
61.5359077	94.4113007	-0.6851560	1.9277271
63.3196297	94.4113007	-0.5574150	1.9741783
65.1033630	94.4113007	-0.3599972	1.6838580
66.8870850	94.4113007	0.0232256	2.3690140
68.6708145	94.4113007	0.0232256	-1.0916045
70.4545441	94.4113007	0.0000000	0.0000000
72.2382736	94.4113007	0.0000000	0.0000000
0.8891521	96.1950302	0.0000000	0.0000000
2.6728802	96.1950302	0.0000000	0.0000000
4.4566083	96.1950302	-0.1509666	-0.1277409
6.2403364	96.1950302	-0.0348384	-0.4877382
8.0240641	96.1950302	-0.0232256	-0.6270919
9.8077927	96.1950302	0.0000000	0.0000000
11.5915203	96.1950302	-0.0464513	-0.1625794
13.3752489	96.1950302	-0.0696769	-0.2090307
15.1589766	96.1950302	0.0464513	-0.2438691
16.9427032	96.1950302	0.0116128	-0.1858050
18.7264328	96.1950302	0.0000000	-0.2438691
20.5101604	96.1950302	-0.0232256	0.1161281
22.2938881	96.1950302	-0.0348384	-0.0348384
24.0776157	96.1950302	-0.4761253	-0.2438691
25.8613453	96.1950302	0.0000000	0.0000000
27.6450729	96.1950302	-0.7083816	1.2890223
29.4288006	96.1950302	0.0000000	0.0000000
31.2125282	96.1950302	0.0000000	0.0000000
32.9962578	96.1950302	-0.1509666	0.0232256
34.7799835	96.1950302	0.0116128	0.0232256
36.5637131	96.1950302	0.1045153	0.0812897
38.3474426	96.1950302	0.0000000	0.0000000
40.1311722	96.1950302	0.0000000	0.0000000
41.9148979	96.1950302	-0.5806407	0.1277409
43.6986275	96.1950302	-1.1496685	2.6593344
45.4823532	96.1950302	0.0000000	0.0000000
47.2660828	96.1950302	0.0000000	0.0000000
49.0498085	96.1950302	-1.3354735	2.4735293
50.8335381	96.1950302	-1.3122479	2.4386909
52.6172676	96.1950302	-0.8361225	2.4386909
54.4009972	96.1950302	-0.4877381	2.6941729
56.1847229	96.1950302	-0.4412869	2.8219137
57.9684486	96.1950302	-0.7548329	2.5432062
59.7521782	96.1950302	0.0000000	0.0000000
61.5359077	96.1950302	-0.2438691	1.5677298
63.3196297	96.1950302	-0.2787075	1.5561171
65.1033630	96.1950302	-0.3832228	1.7651477
66.8870850	96.1950302	-0.1161281	2.1948218
68.6708145	96.1950302	0.0000000	0.0000000
70.4545441	96.1950302	0.0000000	0.0000000
72.2382736	96.1950302	0.0000000	0.0000000
0.8891521	97.9787521	0.0000000	0.0000000
2.6728802	97.9787521	0.0000000	0.0000000
4.4566083	97.9787521	0.0000000	-0.4761254
6.2403364	97.9787521	-0.0580641	-0.3832228
8.0240641	97.9787521	-0.1625794	-0.4296741
9.8077927	97.9787521	0.0580641	-0.1974178
11.5915203	97.9787521	-0.1625794	-0.2670947
13.3752489	97.9787521	-0.0580641	-0.0580641
15.1589766	97.9787521	-0.0116128	-0.2206435
16.9427032	97.9787521	0.0116128	-0.3599972
18.7264328	97.9787521	0.2322563	-0.3716100
20.5101604	97.9787521	0.1741922	0.0348384
22.2938881	97.9787521	0.1741922	0.0464513
24.0776157	97.9787521	-0.3251588	0.0929025
25.8613453	97.9787521	-0.9754763	1.0335405
27.6450729	97.9787521	-0.7199944	1.8696630
29.4288006	97.9787521	-0.1045153	2.5083678
31.2125282	97.9787521	0.0000000	0.0000000
32.9962578	97.9787521	0.0000000	0.0000000
34.7799835	97.9787521	0.0000000	0.0000000
36.5637131	97.9787521	0.1045153	0.2206435
38.3474426	97.9787521	0.0000000	0.0000000
40.1311722	97.9787521	0.0000000	0.0000000
41.9148979	97.9787521	0.0000000	0.0000000
43.6986275	97.9787521	-1.2425710	0.1045153
45.4823532	97.9787521	0.0000000	0.0000000
47.2660828	97.9787521	-0.6503175	1.2657967
49.0498085	97.9787521	0.0000000	0.0000000
50.8335381	97.9787521	-1.4980528	2.6593344
52.6172676	97.9787521	-0.3019331	2.8683650
54.4009972	97.9787521	-0.2438691	2.9032035
56.1847229	97.9787521	-0.3251588	2.9380419
57.9684486	97.9787521	-0.6735432	2.9264290
59.7521782	97.9787521	0.0000000	0.0000000
61.5359077	97.9787521	-0.2787075	1.1728942
63.3196297	97.9787521	-0.2787075	1.3122480
65.1033630	97.9787521	-0.4877381	2.0670810
66.8870850	97.9787521	-0.1393538	2.2877243
68.6708145	97.9787521	0.0000000	0.0000000
70.4545441	97.9787521	0.0000000	0.0000000
72.2382736	97.9787521	0.0000000	0.0000000
0.8891521	99.7624817	0.0000000	0.0000000
2.6728802	99.7624817	0.0000000	0.0000000
4.4566083	99.7624817	-0.0116128	-0.2206435
6.2403364	99.7624817	-0.0116128	-0.1509666
8.0240641	99.7624817	0.0000000	0.0000000
9.8077927	99.7624817	-0.2322563	-0.3483844
11.5915203	99.7624817	-0.3483844	-0.3599972
13.3752489	99.7624817	-0.0348384	-0.1858050
15.1589766	99.7624817	-0.0348384	-0.1858050
16.9427032	99.7624817	0.0696769	-0.0580641
18.7264328	99.7624817	0.1974178	-0.0116128
20.5101604	99.7624817	0.2322563	0.0696769
22.2938881	99.7624817	0.1858050	0.0696769
24.0776157	99.7624817	0.0000000	0.0000000
25.8613453	99.7624817	-1.2541838	1.3703121
27.6450729	99.7624817	-0.6387047	1.6606324
29.4288006	99.7624817	0.0000000	0.0000000
31.2125282	99.7624817	0.0000000	0.0000000
32.9962578	99.7624817	0.0000000	0.0000000
34.7799835	99.7624817	0.0000000	0.0000000
36.5637131	99.7624817	0.3832228	0.5922535
38.3474426	99.7624817	0.0000000	0.0000000
40.1311722	99.7624817	0.0000000	0.0000000
41.9148979	99.7624817	0.0000000	0.0000000
43.6986275	99.7624817	-0.6503175	1.4748274
45.4823532	99.7624817	0.0000000	0.0000000
47.2660828	99.7624817	0.3948357	1.2425711
49.0498085	99.7624817	-0.2322563	1.6025683
50.8335381	99.7624817	-1.0451531	2.7173984
52.6172676	99.7624817	-0.6967688	0.1045153
54.4009972	99.7624817	0.0000000	0.0000000
56.1847229	99.7624817	0.0000000	0.0000000
57.9684486	99.7624817	-0.3251588	-0.0464513
59.7521782	99.7624817	-0.2554819	2.0554681
61.5359077	99.7624817	-0.2090306	1.0567660
63.3196297	99.7624817	-0.6270919	1.0103148
65.1033630	99.7624817	-0.0580641	0.5225766
66.8870850	99.7624817	0.0000000	0.0000000
68.6708145	99.7624817	0.0000000	0.0000000
70.4545441	99.7624817	0.0000000	0.0000000
72.2382736	99.7624817	0.0000000	0.0000000
0.8891521	101.5462112	0.0000000	0.0000000
2.6728802	101.5462112	0.0000000	0.0000000
4.4566083	101.5462112	0.0000000	-0.1393538
6.2403364	101.5462112	-0.2670947	-0.0812897
8.0240641	101.5462112	-0.1625794	-0.0580641
9.8077927	101.5462112	-0.1161281	-0.1741922
11.5915203	101.5462112	-0.2670947	-0.2554819
13.3752489	101.5462112	-0.1625794	-0.6270919
15.1589766	101.5462112	-0.3832228	-0.5225766
16.9427032	101.5462112	0.0000000	0.0000000
18.7264328	101.5462112	-0.6735432	-0.0348384
20.5101604	101.5462112	-0.0116128	0.0348384
22.2938881	101.5462112	-0.0232256	0.1858050
24.0776157	101.5462112	-0.6503175	0.7896714
25.8613453	101.5462112	-0.6387047	1.3354737
27.6450729	101.5462112	-0.4296741	1.4864402
29.4288006	101.5462112	-0.0348384	1.4516017
31.2125282	101.5462112	0.0232256	1.3703121
32.9962578	101.5462112	0.0000000	0.0000000
34.7799835	101.5462112	0.0000000	0.0000000
36.5637131	101.5462112	0.6038663	0.5806407
38.3474426	101.5462112	0.0000000	0.0000000
40.1311722	101.5462112	0.0000000	0.0000000
41.9148979	101.5462112	0.0000000	0.0000000
43.6986275	101.5462112	-0.6270919	1.4748274
45.4823532	101.5462112	0.0000000	0.0000000
47.2660828	101.5462112	-0.7199944	2.3922396
49.0498085	101.5462112	-0.6967688	1.7651477
50.8335381	101.5462112	-0.7664456	1.8928887
52.6172676	101.5462112	0.0000000	0.0000000
54.4009972	101.5462112	0.0000000	0.1161281
56.1847229	101.5462112	0.0000000	0.7316073
57.9684486	101.5462112	0.0000000	0.0000000
59.7521782	101.5462112	-0.0580641	0.8941867
61.5359077	101.5462112	-0.5109638	1.2541839
63.3196297	101.5462112	-0.2206434	1.9393399
65.1033630	101.5462112	0.0000000	0.0000000
66.8870850	101.5462112	-0.1625794	2.0786936
68.6708145	101.5462112	0.0116128	-1.1148301
70.4545441	101.5462112	0.0000000	0.0000000
72.2382736	101.5462112	0.0000000	0.0000000
0.8891521	103.3299408	0.0000000	0.0000000
2.6728802	103.3299408	0.0000000	0.0000000
4.4566083	103.3299408	0.0000000	0.0000000
6.2403364	103.3299408	0.0000000	0.0000000
8.0240641	103.3299408	-0.0580641	-0.0812897
9.8077927	103.3299408	-0.1393538	-0.0580641
11.5915203	103.3299408	-0.3832228	-0.3019332
13.3752489	103.3299408	-0.1741922	-0.4064485
15.1589766	103.3299408	-0.6038663	-0.2787075
16.9427032	103.3299408	-1.1961198	-0.3599972
18.7264328	103.3299408	-1.0335404	-0.3135460
20.5101604	103.3299408	-0.8245097	-0.1625794
22.2938881	103.3299408	-0.3599972	0.8012841
24.0776157	103.3299408	-0.5574150	0.7199945
25.8613453	103.3299408	-0.8012841	0.9522507
27.6450729	103.3299408	-0.4645125	1.4632145
29.4288006	103.3299408	-0.1741922	1.4516017
31.2125282	103.3299408	0.0929025	0.4296741
32.9962578	103.3299408	0.1625794	1.1148301
34.7799835	103.3299408	0.1045153	0.2438691
36.5637131	103.3299408	-0.1045153	-0.0580641
38.3474426	103.3299408	-0.1161281	-0.4877382
40.1311722	103.3299408	-1.1612813	0.1625794
41.9148979	103.3299408	-1.7883732	0.6851560
43.6986275	103.3299408	0.0000000	0.0000000
45.4823532	103.3299408	-0.8941866	2.4967549
47.2660828	103.3299408	-0.7664456	2.2412732
49.0498085	103.3299408	-0.8709610	2.0670810
50.8335381	103.3299408	-0.4528997	2.2180474
52.6172676	103.3299408	-1.2774094	2.8219137
54.4009972	103.3299408	-0.8941866	2.7406242
56.1847229	103.3299408	0.0000000	0.0000000
57.9684486	103.3299408	0.0812897	0.1858050
59.7521782	103.3299408	-0.2206434	1.2657967
61.5359077	103.3299408	-0.7199944	1.4399890
63.3196297	103.3299408	-0.0812897	-0.0929025
65.1033630	103.3299408	0.0000000	0.0000000
66.8870850	103.3299408	-0.1277409	2.6128831
68.6708145	103.3299408	-0.0348384	2.6825600
70.4545441	103.3299408	0.0000000	0.0000000
72.2382736	103.3299408	0.0000000	0.0000000
0.8891521	105.1136703	0.0000000	0.0000000
2.6728802	105.1136703	0.0000000	0.0000000
4.4566083	105.1136703	-0.2206434	-0.0812897
6.2403364	105.1136703	0.0000000	0.0000000
8.0240641	105.1136703	-0.1161281	-0.0696769
9.8077927	105.1136703	-0.2322563	-0.0812897
11.5915203	105.1136703	-0.3716100	-0.2322563
13.3752489	105.1136703	-0.1509666	-0.6038663
15.1589766	105.1136703	-0.7664456	-0.1741922
16.9427032	105.1136703	-0.9057994	-0.2438691
18.7264328	105.1136703	-1.0683788	-1.1032174
20.5101604	105.1136703	0.0000000	0.0000000
22.2938881	105.1136703	-0.7316072	0.2206435
24.0776157	105.1136703	0.0000000	0.0000000
25.8613453	105.1136703	-0.6270919	0.7548329
27.6450729	105.1136703	-0.6619303	1.1148301
29.4288006	105.1136703	-0.2322563	1.7883734
31.2125282	105.1136703	0.0000000	0.0000000
32.9962578	105.1136703	0.1161281	1.1845070
34.7799835	105.1136703	-0.0232256	0.3135460
36.5637131	105.1136703	-0.1741922	0.7316073
38.3474426	105.1136703	-0.2322563	0.6735432
40.1311722	105.1136703	-0.9406378	1.1264429
41.9148979	105.1136703	0.0000000	0.0000000
43.6986275	105.1136703	0.0000000	0.0000000
45.4823532	105.1136703	0.0000000	0.0000000
47.2660828	105.1136703	0.0000000	0.0000000
49.0498085	105.1136703	0.0000000	0.0000000
50.8335381	105.1136703	0.0000000	0.0000000
52.6172676	105.1136703	0.0000000	0.0000000
54.4009972	105.1136703	-0.9057994	1.5212786
56.1847229	105.1136703	0.0000000	0.0000000
57.9684486	105.1136703	0.0000000	0.0000000
59.7521782	105.1136703	-0.7664456	1.7883734
61.5359077	105.1136703	-0.2670947	1.4399890
63.3196297	105.1136703	0.0000000	0.0000000
65.1033630	105.1136703	0.0000000	0.0000000
66.8870850	105.1136703	0.0000000	0.0000000
68.6708145	105.1136703	0.0000000	0.0000000
70.4545441	105.1136703	0.0000000	0.0000000
72.2382736	105.1136703	0.0000000	0.0000000
0.8891521	106.8973999	0.0000000	0.0000000
2.6728802	106.8973999	0.0000000	0.0000000
4.4566083	106.8973999	-0.2438691	-0.0580641
6.2403364	106.8973999	0.0696769	0.6619304
8.0240641	106.8973999	-0.5225766	-0.2206435
9.8077927	106.8973999	-0.6270919	-0.1974178
11.5915203	106.8973999	-0.3135459	-0.2670947
13.3752489	106.8973999	-0.2438691	-0.6503175
15.1589766	106.8973999	-0.8477353	-0.1045153
16.9427032	106.8973999	-0.9638635	-0.0812897
18.7264328	106.8973999	-0.9290251	-0.8128970
20.5101604	106.8973999	-1.3238606	-0.0348384
22.2938881	106.8973999	0.0000000	0.0000000
24.0776157	106.8973999	0.0000000	0.0000000
25.8613453	106.8973999	-1.7999860	0.5922535
27.6450729	106.8973999	0.0000000	0.0000000
29.4288006	106.8973999	-0.1974178	1.3238608
31.2125282	106.8973999	-0.5109638	1.3470864
32.9962578	106.8973999	-0.0696769	0.9754764
34.7799835	106.8973999	-0.1045153	1.0335405
36.5637131	106.8973999	-0.6270919	1.1612813
38.3474426	106.8973999	-0.1161281	0.8709611
40.1311722	106.8973999	-0.6735432	-1.3703121
41.9148979	106.8973999	-0.5109638	0.0348384
43.6986275	106.8973999	0.0000000	0.0000000
45.4823532	106.8973999	-1.6838579	0.4064485
47.2660828	106.8973999	-0.0929025	0.2322563
49.0498085	106.8973999	0.0000000	0.0000000
50.8335381	106.8973999	0.0000000	0.0000000
52.6172676	106.8973999	-1.3354735	1.5909555
54.4009972	106.8973999	-1.1728941	1.5909555
56.1847229	106.8973999	0.0000000	0.0000000
57.9684486	106.8973999	-0.5225766	1.4167633
59.7521782	106.8973999	-0.2670947	1.3819249
61.5359077	106.8973999	-0.0464513	1.2193455
63.3196297	106.8973999	-0.0348384	0.6503175
65.1033630	106.8973999	-0.1277409	0.0929025
66.8870850	106.8973999	-0.0348384	0.9290251
68.6708145	106.8973999	0.0000000	0.0000000
70.4545441	106.8973999	0.0000000	0.0000000
72.2382736	106.8973999	0.0000000	0.0000000
0.8891521	108.6811218	0.0000000	0.0000000
2.6728802	108.6811218	0.0000000	0.0000000
4.4566083	108.6811218	-0.1858050	-0.1974178
6.2403364	108.6811218	-0.2787075	-0.0232256
8.0240641	108.6811218	-0.4993510	-0.2554819
9.8077927	108.6811218	-0.5922534	-0.2670947
11.5915203	108.6811218	-0.5341894	-0.3019332
13.3752489	108.6811218	-0.4877381	-0.1161281
15.1589766	108.6811218	-0.1974178	0.0580641
16.9427032	108.6811218	-0.6038663	0.0464513
18.7264328	108.6811218	-0.6270919	-0.0580641
20.5101604	108.6811218	-0.9870891	-0.2438691
22.2938881	108.6811218	-0.7780585	-0.7083817
24.0776157	108.6811218	-0.5574150	-0.7664457
25.8613453	108.6811218	-0.6735432	-0.2090307
27.6450729	108.6811218	-0.6270919	-0.0580641
29.4288006	108.6811218	-0.1161281	0.9870892
31.2125282	108.6811218	-0.1161281	1.1496686
32.9962578	108.6811218	-0.1045153	0.9987020
34.7799835	108.6811218	0.0000000	0.0000000
36.5637131	108.6811218	-0.8709610	1.4864402
38.3474426	108.6811218	-0.8825738	1.6374067
40.1311722	108.6811218	0.0000000	0.0000000
41.9148979	108.6811218	-1.5328913	0.7199945
43.6986275	108.6811218	-1.4283760	0.8012841
45.4823532	108.6811218	-1.4167632	0.6619304
47.2660828	108.6811218	-0.8012841	0.4296741
49.0498085	108.6811218	-0.3948357	0.0232256
50.8335381	108.6811218	0.0000000	0.0000000
52.6172676	108.6811218	0.0000000	0.0000000
54.4009972	108.6811218	-0.0696769	0.0116128
56.1847229	108.6811218	-1.4167632	0.0580641
57.9684486	108.6811218	-0.4412869	1.7767606
59.7521782	108.6811218	-0.3948357	1.3470864
61.5359077	108.6811218	0.0696769	0.6503175
63.3196297	108.6811218	-0.0232256	0.9522507
65.1033630	108.6811218	-0.0696769	2.9961059
66.8870850	108.6811218	0.0580641	3.4025545
68.6708145	108.6811218	0.0000000	0.0000000
70.4545441	108.6811218	0.0000000	0.0000000
72.2382736	108.6811218	0.0000000	0.0000000
0.8891521	110.4648514	0.0000000	0.0000000
2.6728802	110.4648514	0.0000000	0.0000000
4.4566083	110.4648514	-0.1741922	-0.1277409
6.2403364	110.4648514	-0.1509666	-0.1858050
8.0240641	110.4648514	-0.3716100	-0.0929025
9.8077927	110.4648514	-0.4993510	-0.4645126
11.5915203	110.4648514	-0.4296741	-0.2322563
13.3752489	110.4648514	-0.5341894	-0.0348384
15.1589766	110.4648514	-0.5690278	0.0116128
16.9427032	110.4648514	-0.4645125	-0.0929025
18.7264328	110.4648514	-0.7780585	0.0464513
20.5101604	110.4648514	-0.6503175	-0.0580641
22.2938881	110.4648514	-0.7432200	-0.5109638
24.0776157	110.4648514	-0.7199944	-0.6851560
25.8613453	110.4648514	-0.5109638	-0.3135460
27.6450729	110.4648514	-0.1858050	-0.0929025
29.4288006	110.4648514	-0.0696769	0.1161281
31.2125282	110.4648514	0.0232256	0.5225766
32.9962578	110.4648514	0.1974178	1.0683789
34.7799835	110.4648514	-0.1161281	1.3819249
36.5637131	110.4648514	0.0000000	0.0000000
38.3474426	110.4648514	0.2206434	0.0464513
40.1311722	110.4648514	-1.2077326	1.2193455
41.9148979	110.4648514	-1.1496685	0.7432201
43.6986275	110.4648514	-0.7548329	0.5574151
45.4823532	110.4648514	-0.7432200	0.6387048
47.2660828	110.4648514	-1.0451531	0.7664457
49.0498085	110.4648514	-0.6503175	0.8477354
50.8335381	110.4648514	-0.8593482	0.7780585
52.6172676	110.4648514	-0.5458022	0.6619304
54.4009972	110.4648514	-0.6270919	0.4296741
56.1847229	110.4648514	-0.2670947	0.6851560
57.9684486	110.4648514	0.0000000	0.0000000
59.7521782	110.4648514	-0.1741922	0.6038663
61.5359077	110.4648514	-0.6735432	0.2322563
63.3196297	110.4648514	-0.1974178	0.0929025
65.1033630	110.4648514	0.0000000	0.0000000
66.8870850	110.4648514	0.0000000	0.0000000
68.6708145	110.4648514	0.0000000	0.0000000
70.4545441	110.4648514	0.0000000	0.0000000
72.2382736	110.4648514	0.0000000	0.0000000
0.8891521	112.2485809	0.0000000	0.0000000
2.6728802	112.2485809	0.0000000	0.0000000
4.4566083	112.2485809	0.0000000	0.0000000
6.2403364	112.2485809	-0.2787075	-0.0464513
8.0240641	112.2485809	-0.4993510	-0.1509666
9.8077927	112.2485809	-0.4296741	-0.3367716
11.5915203	112.2485809	-0.6619303	-0.0812897
13.3752489	112.2485809	-0.6967688	0.0348384
15.1589766	112.2485809	-0.5574150	-0.0464513
16.9427032	112.2485809	-0.5806407	-0.1393538
18.7264328	112.2485809	-0.7432200	-0.3135460
20.5101604	112.2485809	-0.6851560	-0.1277409
22.2938881	112.2485809	0.0000000	0.0000000
24.0776157	112.2485809	-0.6619303	-0.6038663
25.8613453	112.2485809	-0.5341894	-0.1277409
27.6450729	112.2485809	-0.4412869	-0.1045153
29.4288006	112.2485809	0.0464513	0.0929025
31.2125282	112.2485809	-0.0116128	0.4412869
32.9962578	112.2485809	0.0348384	0.9174123
34.7799835	112.2485809	-0.0116128	1.0451533
36.5637131	112.2485809	0.0000000	0.0000000
38.3474426	112.2485809	-1.1380557	1.4399890
40.1311722	112.2485809	-0.6387047	0.7083817
41.9148979	112.2485809	-0.5806407	0.6387048
43.6986275	112.2485809	-0.4296741	0.3135460
45.4823532	112.2485809	-0.3948357	0.4528998
47.2660828	112.2485809	-0.6270919	0.4528998
49.0498085	112.2485809	-0.6154791	0.4296741
50.8335381	112.2485809	-0.8361225	0.2787075
52.6172676	112.2485809	-0.5341894	0.3483844
54.4009972	112.2485809	-0.2903203	0.3019332
56.1847229	112.2485809	-0.4180613	0.9638636
57.9684486	112.2485809	-0.5458022	1.1380558
59.7521782	112.2485809	-0.2090306	1.3470864
61.5359077	112.2485809	-0.0812897	1.0799917
63.3196297	112.2485809	-0.1509666	0.5225766
65.1033630	112.2485809	-0.4993510	-0.3599972
66.8870850	112.2485809	0.0000000	0.0000000
68.6708145	112.2485809	0.0000000	0.0000000
70.4545441	112.2485809	0.0000000	0.0000000
72.2382736	112.2485809	0.0000000	0.0000000
0.8891521	114.0323029	0.0000000	0.0000000
2.6728802	114.0323029	0.0000000	0.0000000
4.4566083	114.0323029	-0.0812897	0.0812897
6.2403364	114.0323029	-0.4993510	-0.0116128
8.0240641	114.0323029	-0.6154791	-0.0464513
9.8077927	114.0323029	-0.5690278	-0.1161281
11.5915203	114.0323029	-0.7548329	0.0348384
13.3752489	114.0323029	-0.6503175	0.0812897
15.1589766	114.0323029	-0.5341894	0.0580641
16.9427032	114.0323029	-0.5109638	0.0000000
18.7264328	114.0323029	-0.5806407	-0.0464513
20.5101604	114.0323029	-0.3716100	-0.0696769
22.2938881	114.0323029	-0.5922534	-0.0464513
24.0776157	114.0323029	-0.5574150	0.0348384
25.8613453	114.0323029	-0.4412869	-0.1741922
27.6450729	114.0323029	-0.3716100	-0.0812897
29.4288006	114.0323029	-0.4412869	0.0116128
31.2125282	114.0323029	-0.5574150	1.3819249
32.9962578	114.0323029	-0.3367716	1.3122480
34.7799835	114.0323029	0.0000000	0.0000000
36.5637131	114.0323029	0.0000000	0.0000000
38.3474426	114.0323029	-0.8361225	1.2077327
40.1311722	114.0323029	-0.6503175	0.6154791
41.9148979	114.0323029	-0.5922534	0.4645126
43.6986275	114.0323029	-0.6735432	0.2090307
45.4823532	114.0323029	-0.4180613	0.6154791
47.2660828	114.0323029	-0.4877381	0.6270919
49.0498085	114.0323029	-0.4761253	0.1858050
50.8335381	114.0323029	-0.5341894	0.0929025
52.6172676	114.0323029	-0.6270919	0.5806407
54.4009972	114.0323029	-0.1277409	0.2322563
56.1847229	114.0323029	0.1509666	0.0812897
57.9684486	114.0323029	-0.7316072	0.3599972
59.7521782	114.0323029	-0.2090306	1.5328914
61.5359077	114.0323029	0.0000000	0.0000000
63.3196297	114.0323029	-0.0232256	0.0696769
65.1033630	114.0323029	0.0232256	3.3328776
66.8870850	114.0323029	0.0232256	3.4373930
68.6708145	114.0323029	0.0000000	0.0000000
70.4545441	114.0323029	0.0000000	0.0000000
72.2382736	114.0323029	0.0000000	0.0000000
0.8891521	115.8160324	0.0000000	0.0000000
2.6728802	115.8160324	0.0000000	0.0000000
4.4566083	115.8160324	-0.2322563	-0.1045153
6.2403364	115.8160324	-0.3251588	0.0116128
8.0240641	115.8160324	-0.3251588	-0.0116128
9.8077927	115.8160324	-0.7316072	-0.0812897
11.5915203	115.8160324	-0.6619303	0.0580641
13.3752489	115.8160324	-0.7083816	0.1161281
15.1589766	115.8160324	-0.6851560	0.1277409
16.9427032	115.8160324	-0.7548329	0.1509666
18.7264328	115.8160324	-0.7432200	-0.0696769
20.5101604	115.8160324	-0.5109638	-0.1509666
22.2938881	115.8160324	-0.2554819	-0.2438691
24.0776157	115.8160324	-0.6154791	0.0464513
25.8613453	115.8160324	-0.2554819	-0.5341895
27.6450729	115.8160324	-0.3483844	-0.1858050
29.4288006	115.8160324	-0.3019331	0.0000000
31.2125282	115.8160324	0.0000000	0.0000000
32.9962578	115.8160324	-1.4283760	2.1715963
34.7799835	115.8160324	-1.5096657	1.7303092
36.5637131	115.8160324	-0.5574150	0.7316073
38.3474426	115.8160324	-0.6967688	1.1845070
40.1311722	115.8160324	-0.6038663	1.3703121
41.9148979	115.8160324	-0.5574150	0.9870892
43.6986275	115.8160324	-0.2554819	0.9638636
45.4823532	115.8160324	-0.1741922	0.6619304
47.2660828	115.8160324	-0.4993510	1.2425711
49.0498085	115.8160324	-0.5806407	0.0580641
50.8335381	115.8160324	-0.5690278	-0.1625794
52.6172676	115.8160324	-0.5574150	-0.1393538
54.4009972	115.8160324	-0.4180613	0.0580641
56.1847229	115.8160324	-0.3948357	0.1509666
57.9684486	115.8160324	-0.5341894	0.0116128
59.7521782	115.8160324	0.0000000	-0.0116128
61.5359077	115.8160324	-0.1858050	0.2322563
63.3196297	115.8160324	-0.6387047	1.9741783
65.1033630	115.8160324	-0.6851560	2.2296603
66.8870850	115.8160324	-0.1741922	0.2438691
68.6708145	115.8160324	-0.0116128	0.9057995
70.4545441	115.8160324	0.0000000	0.0000000
72.2382736	115.8160324	0.0000000	0.0000000
0.8891521	117.5997620	0.0000000	0.0000000
2.6728802	117.5997620	0.0000000	0.0000000
4.4566083	117.5997620	-0.1277409	-0.0696769
6.2403364	117.5997620	-0.3832228	-0.0812897
8.0240641	117.5997620	-0.1277409	-0.0929025
9.8077927	117.5997620	-0.6270919	0.0348384
11.5915203	117.5997620	-0.7316072	0.0232256
13.3752489	117.5997620	-0.6154791	0.0696769
15.1589766	117.5997620	-0.7199944	0.0232256
16.9427032	117.5997620	-0.8012841	0.2322563
18.7264328	117.5997620	-0.7548329	-0.1393538
20.5101604	117.5997620	-0.4296741	-0.1045153
22.2938881	117.5997620	-0.4412869	-0.0929025
24.0776157	117.5997620	-0.4180613	-0.2322563
25.8613453	117.5997620	-0.4877381	-0.1974178
27.6450729	117.5997620	-0.2090306	-0.1393538
29.4288006	117.5997620	-0.2090306	0.0116128
31.2125282	117.5997620	0.0000000	0.0000000
32.9962578	117.5997620	-1.3935375	2.0670810
34.7799835	117.5997620	-1.4980528	1.7999861
36.5637131	117.5997620	-0.9870891	1.5096658
38.3474426	117.5997620	-0.6967688	1.4399890
40.1311722	117.5997620	-0.6503175	1.6490196
41.9148979	117.5997620	-0.2554819	0.9987020
43.6986275	117.5997620	-0.1858050	1.4051505
45.4823532	117.5997620	-0.2090306	1.4283761
47.2660828	117.5997620	-0.7432200	0.7432201
49.0498085	117.5997620	-0.7316072	-0.0812897
50.8335381	117.5997620	-0.5690278	-0.3367716
52.6172676	117.5997620	-0.7896713	-0.2438691
54.4009972	117.5997620	-0.6038663	-0.6503175
56.1847229	117.5997620	-0.6619303	-0.6270919
57.9684486	117.5997620	0.0116128	0.0696769
59.7521782	117.5997620	0.0348384	-0.0580641
61.5359077	117.5997620	-0.2903203	1.5445043
63.3196297	117.5997620	-0.8012841	0.1161281
65.1033630	117.5997620	0.0000000	0.0000000
66.8870850	117.5997620	0.0000000	0.0000000
68.6708145	117.5997620	-0.0232256	0.9870892
70.4545441	117.5997620	0.0000000	0.0000000
72.2382736	117.5997620	0.0000000	0.0000000
0.8891521	119.3834915	0.0000000	0.0000000
2.6728802	119.3834915	0.0000000	0.0000000
4.4566083	119.3834915	-0.1858050	-0.0580641
6.2403364	119.3834915	0.0348384	-0.0116128
8.0240641	119.3834915	-0.2787075	-0.0464513
9.8077927	119.3834915	-0.5690278	0.1393538
11.5915203	119.3834915	-0.5341894	0.0232256
13.3752489	119.3834915	-0.6619303	0.0348384
15.1589766	119.3834915	-0.8128969	0.2206435
16.9427032	119.3834915	-0.7664456	0.4645126
18.7264328	119.3834915	-0.5225766	0.4877382
20.5101604	119.3834915	-0.2090306	-0.1161281
22.2938881	119.3834915	-0.4064485	-0.0116128
24.0776157	119.3834915	-0.4761253	-0.1393538
25.8613453	119.3834915	-0.5806407	-0.2787075
27.6450729	119.3834915	-0.4064485	-0.0232256
29.4288006	119.3834915	-0.4296741	0.1858050
31.2125282	119.3834915	-0.6503175	1.6374067
32.9962578	119.3834915	-0.6851560	1.8928887
34.7799835	119.3834915	-0.8825738	1.6490196
36.5637131	119.3834915	-0.1625794	1.6490196
38.3474426	119.3834915	-0.2903203	0.9754764
40.1311722	119.3834915	-0.2322563	0.7083817
41.9148979	119.3834915	-0.6270919	0.7199945
43.6986275	119.3834915	-0.0116128	0.0812897
45.4823532	119.3834915	-0.7432200	0.2438691
47.2660828	119.3834915	-1.0567660	-0.0348384
49.0498085	119.3834915	-0.8941866	-0.4761254
50.8335381	119.3834915	-0.8361225	-0.5690279
52.6172676	119.3834915	-0.6154791	-0.5806407
54.4009972	119.3834915	-0.6270919	-0.7432201
56.1847229	119.3834915	-0.4993510	-0.7664457
57.9684486	119.3834915	-0.5458022	-0.0348384
59.7521782	119.3834915	0.0000000	0.0000000
61.5359077	119.3834915	-0.5690278	1.5445043
63.3196297	119.3834915	-0.0232256	1.4283761
65.1033630	119.3834915	0.0000000	0.0000000
66.8870850	119.3834915	-0.3832228	1.7651477
68.6708145	119.3834915	0.0000000	0.0000000
70.4545441	119.3834915	0.0000000	0.0000000
72.2382736	119.3834915	0.0000000	0.0000000
0.8891521	121.1672211	0.0000000	0.0000000
2.6728802	121.1672211	-0.0464513	-0.0812897
4.4566083	121.1672211	-0.0929025	-0.0464513
6.2403364	121.1672211	-0.0929025	-0.0580641
8.0240641	121.1672211	-0.2903203	-0.1161281
9.8077927	121.1672211	-0.6503175	0.0929025
11.5915203	121.1672211	0.4761253	0.1858050
13.3752489	121.1672211	-0.3251588	0.0348384
15.1589766	121.1672211	-0.6735432	0.2206435
16.9427032	121.1672211	-0.4877381	0.3019332
18.7264328	121.1672211	-0.2438691	0.1509666
20.5101604	121.1672211	-0.4064485	-0.0348384
22.2938881	121.1672211	-0.2670947	-0.1045153
24.0776157	121.1672211	-0.4645125	-0.1161281
25.8613453	121.1672211	-0.4993510	-0.1858050
27.6450729	121.1672211	-0.6735432	0.4528998
29.4288006	121.1672211	-0.5341894	0.4180613
31.2125282	121.1672211	-0.4993510	1.0916045
32.9962578	121.1672211	-0.7432200	2.1715963
34.7799835	121.1672211	-0.6851560	1.9625655
36.5637131	121.1672211	-0.0812897	1.4748274
38.3474426	121.1672211	0.0000000	1.4051505
40.1311722	121.1672211	-0.5109638	0.7896714
41.9148979	121.1672211	0.0232256	0.2206435
43.6986275	121.1672211	-1.3354735	0.5574151
45.4823532	121.1672211	-1.1032172	0.1741922
47.2660828	121.1672211	-1.2890222	-0.1509666
49.0498085	121.1672211	-0.8012841	-0.5225766
50.8335381	121.1672211	-0.8128969	-0.5109638
52.6172676	121.1672211	-0.6503175	-0.7432201
54.4009972	121.1672211	-0.5690278	-0.7548329
56.1847229	121.1672211	-0.4528997	-0.5922535
57.9684486	121.1672211	-1.3238606	0.6967688
59.7521782	121.1672211	0.0000000	0.0000000
61.5359077	121.1672211	-0.8361225	2.0554681
63.3196297	121.1672211	0.0000000	0.0000000
65.1033630	121.1672211	0.0232256	0.6619304
66.8870850	121.1672211	-0.1161281	0.4645126
68.6708145	121.1672211	0.0000000	0.0000000
70.4545441	121.1672211	0.0000000	0.0000000
72.2382736	121.1672211	0.0000000	0.0000000
0.8891521	122.9509506	0.6735432	0.0000000
2.6728802	122.9509506	-0.0580641	-0.0348384
4.4566083	122.9509506	-0.0696769	-0.0348384
6.2403364	122.9509506	-0.2206434	-0.1277409
8.0240641	122.9509506	-0.2903203	-0.0696769
9.8077927	122.9509506	-0.2090306	0.0696769
11.5915203	122.9509506	0.0464513	2.6244960
13.3752489	122.9509506	0.0116128	2.3574011
15.1589766	122.9509506	-0.6503175	0.1509666
16.9427032	122.9509506	-0.6038663	0.1045153
18.7264328	122.9509506	-0.4761253	-0.1509666
20.5101604	122.9509506	-0.4645125	-0.1741922
22.2938881	122.9509506	-0.3251588	0.0232256
24.0776157	122.9509506	-0.4528997	-0.0580641
25.8613453	122.9509506	-0.2903203	-0.1161281
27.6450729	122.9509506	-0.5458022	0.0232256
29.4288006	122.9509506	-0.4877381	0.1277409
31.2125282	122.9509506	-0.5806407	0.5341895
32.9962578	122.9509506	-0.4064485	2.1135321
34.7799835	122.9509506	-0.4528997	1.7070837
36.5637131	122.9509506	-0.0464513	1.2657967
38.3474426	122.9509506	-0.1277409	0.9406379
40.1311722	122.9509506	-1.3819247	0.8941867
41.9148979	122.9509506	0.1625794	0.2322563
43.6986275	122.9509506	-1.4283760	0.6038663
45.4823532	122.9509506	-1.0683788	0.0580641
47.2660828	122.9509506	-1.3006351	-0.1393538
49.0498085	122.9509506	-0.8593482	-0.4412869
50.8335381	122.9509506	-0.8825738	-0.4645126
52.6172676	122.9509506	-0.8941866	-0.6503175
54.4009972	122.9509506	-0.8012841	-0.6387048
56.1847229	122.9509506	0.0000000	0.0000000
57.9684486	122.9509506	-0.4064485	0.3483844
59.7521782	122.9509506	0.0000000	0.0000000
61.5359077	122.9509506	0.0000000	0.0000000
63.3196297	122.9509506	0.0000000	0.0000000
65.1033630	122.9509506	0.1161281	-0.0232256
66.8870850	122.9509506	-0.4761253	1.1728942
68.6708145	122.9509506	0.0000000	0.0000000
70.4545441	122.9509506	0.0000000	0.0000000
72.2382736	122.9509506	0.0000000	0.0000000
0.8891521	124.7346802	0.0000000	0.0000000
2.6728802	124.7346802	-0.0348384	-0.0580641
4.4566083	124.7346802	-0.0348384	-0.0696769
6.2403364	124.7346802	-0.0580641	-0.0464513
8.0240641	124.7346802	-0.1741922	-0.0580641
9.8077927	124.7346802	-0.1858050	0.0348384
11.5915203	124.7346802	-0.5341894	0.0000000
13.3752489	124.7346802	-0.3135459	0.0580641
15.1589766	124.7346802	-0.4645125	-0.0348384
16.9427032	124.7346802	-0.2090306	-0.0812897
18.7264328	124.7346802	-0.1974178	-0.0464513
20.5101604	124.7346802	-0.5109638	0.0000000
22.2938881	124.7346802	-0.1277409	-0.1277409
24.0776157	124.7346802	-0.5109638	-0.2670947
25.8613453	124.7346802	-0.3948357	-0.0116128
27.6450729	124.7346802	-0.5225766	0.0464513
29.4288006	124.7346802	-0.4064485	0.0929025
31.2125282	124.7346802	-0.6851560	0.7896714
32.9962578	124.7346802	-0.8245097	0.9057995
34.7799835	124.7346802	-1.1845069	0.6503175
36.5637131	124.7346802	-2.0438552	1.3122480
38.3474426	124.7346802	-1.3703120	1.1728942
40.1311722	124.7346802	-1.7070835	0.9754764
41.9148979	124.7346802	-1.4632144	0.6270919
43.6986275	124.7346802	-1.3703120	0.8825738
45.4823532	124.7346802	-1.5328913	0.0696769
47.2660828	124.7346802	-1.2541838	0.1045153
49.0498085	124.7346802	-0.8245097	-0.1509666
50.8335381	124.7346802	-0.9406378	-0.1625794
52.6172676	124.7346802	-1.0219276	-0.3251588
54.4009972	124.7346802	-0.7664456	-0.0812897
56.1847229	124.7346802	0.0000000	0.0000000
57.9684486	124.7346802	-0.1625794	0.2670947
59.7521782	124.7346802	0.0000000	0.0000000
61.5359077	124.7346802	0.4528997	-0.0464513
63.3196297	124.7346802	0.0000000	0.0000000
65.1033630	124.7346802	-0.5690278	2.0786936
66.8870850	124.7346802	0.0000000	0.0000000
68.6708145	124.7346802	-0.0348384	0.6735432
70.4545441	124.7346802	0.0000000	0.0000000
72.2382736	124.7346802	0.0000000	0.0000000
0.8891521	126.5184021	0.0000000	0.0000000
2.6728802	126.5184021	-0.0348384	0.0116128
4.4566083	126.5184021	-0.0348384	-0.0232256
6.2403364	126.5184021	0.0464513	-0.0348384
8.0240641	126.5184021	0.0000000	0.0232256
9.8077927	126.5184021	0.1741922	0.1509666
11.5915203	126.5184021	0.1045153	0.0929025
13.3752489	126.5184021	-0.4528997	0.2090307
15.1589766	126.5184021	-0.4180613	0.0929025
16.9427032	126.5184021	-0.3135459	-0.0116128
18.7264328	126.5184021	-0.3251588	-0.0232256
20.5101604	126.5184021	-0.3251588	-0.1509666
22.2938881	126.5184021	-0.1974178	-0.0696769
24.0776157	126.5184021	-0.4064485	0.0116128
25.8613453	126.5184021	-0.3716100	0.0116128
27.6450729	126.5184021	-0.5806407	0.0580641
29.4288006	126.5184021	-0.4064485	0.1161281
31.2125282	126.5184021	-0.7432200	0.6851560
32.9962578	126.5184021	-0.4412869	0.8012841
34.7799835	126.5184021	-1.6257938	1.1032174
36.5637131	126.5184021	-2.1367576	1.2657967
38.3474426	126.5184021	-2.1135321	1.2425711
40.1311722	126.5184021	-1.6141810	1.0567660
41.9148979	126.5184021	0.0000000	0.0000000
43.6986275	126.5184021	-1.2774094	1.0567660
45.4823532	126.5184021	-0.9870891	1.3122480
47.2660828	126.5184021	-0.9754763	0.1974178
49.0498085	126.5184021	-0.7083816	0.1741922
50.8335381	126.5184021	-0.6154791	0.1045153
52.6172676	126.5184021	-0.8361225	-0.2322563
54.4009972	126.5184021	-1.0335404	-0.0348384
56.1847229	126.5184021	-0.9057994	-0.0580641
57.9684486	126.5184021	-0.6735432	0.2554819
59.7521782	126.5184021	-0.6503175	0.0580641
61.5359077	126.5184021	-0.0580641	1.3586992
63.3196297	126.5184021	0.0000000	0.0000000
65.1033630	126.5184021	0.0000000	0.0000000
66.8870850	126.5184021	0.0232256	0.3135460
68.6708145	126.5184021	0.0232256	0.0116128
70.4545441	126.5184021	-0.0116128	0.0348384
72.2382736	126.5184021	0.7780585	-1.4632145
0.8891521	128.3021240	0.0000000	0.0000000
2.6728802	128.3021240	-0.0696769	0.0000000
4.4566083	128.3021240	-0.0348384	0.0000000
6.2403364	128.3021240	-0.1161281	-0.0580641
8.0240641	128.3021240	0.1045153	0.0116128
9.8077927	128.3021240	0.2903203	0.1393538
11.5915203	128.3021240	0.4645125	0.1509666
13.3752489	128.3021240	-0.6270919	0.0929025
15.1589766	128.3021240	-0.1161281	0.0348384
16.9427032	128.3021240	-0.3599972	0.0464513
18.7264328	128.3021240	-0.6038663	-0.0464513
20.5101604	128.3021240	-0.7199944	-0.0580641
22.2938881	128.3021240	-0.5806407	-0.0116128
24.0776157	128.3021240	-0.4877381	0.0464513
25.8613453	128.3021240	-0.3716100	0.0000000
27.6450729	128.3021240	-0.6270919	0.1161281
29.4288006	128.3021240	-0.5225766	0.1741922
31.2125282	128.3021240	-0.6270919	0.4645126
32.9962578	128.3021240	0.0000000	0.0000000
34.7799835	128.3021240	-2.1483705	1.1961198
36.5637131	128.3021240	-2.0206294	1.0219276
38.3474426	128.3021240	-1.4980528	0.6619304
40.1311722	128.3021240	-1.3122479	0.8709611
41.9148979	128.3021240	-0.8941866	0.3019332
43.6986275	128.3021240	-1.3819247	1.0799917
45.4823532	128.3021240	-1.3819247	0.8709611
47.2660828	128.3021240	-1.1961198	0.7432201
49.0498085	128.3021240	-0.4180613	0.1393538
50.8335381	128.3021240	-0.3832228	0.1625794
52.6172676	128.3021240	-0.6270919	0.1045153
54.4009972	128.3021240	-0.8245097	-0.0696769
56.1847229	128.3021240	-0.9638635	0.0929025
57.9684486	128.3021240	-0.8012841	0.3367716
59.7521782	128.3021240	-0.8128969	0.2206435
61.5359077	128.3021240	0.0000000	0.0000000
63.3196297	128.3021240	-0.0812897	2.5896575
65.1033630	128.3021240	0.0000000	2.5083678
66.8870850	128.3021240	0.0696769	1.5328914
68.6708145	128.3021240	0.0232256	-0.0348384
70.4545441	128.3021240	0.0000000	0.0000000
72.2382736	128.3021240	0.0000000	0.0000000
0.8891521	130.0858612	0.0000000	0.0000000
2.6728802	130.0858612	-0.0580641	0.0929025
4.4566083	130.0858612	-0.1161281	-0.0116128
6.2403364	130.0858612	-0.0232256	-0.0812897
8.0240641	130.0858612	-0.0232256	-0.0464513
9.8077927	130.0858612	0.0000000	0.0000000
11.5915203	130.0858612	-0.7664456	0.4761254
13.3752489	130.0858612	-0.5109638	0.1045153
15.1589766	130.0858612	-0.1277409	0.1161281
16.9427032	130.0858612	-0.1625794	0.0580641
18.7264328	130.0858612	-0.5109638	0.0232256
20.5101604	130.0858612	-0.5458022	0.0464513
22.2938881	130.0858612	-0.5458022	0.0000000
24.0776157	130.0858612	-0.5225766	0.1161281
25.8613453	130.0858612	-0.4761253	0.1161281
27.6450729	130.0858612	-0.4180613	0.1045153
29.4288006	130.0858612	-0.3832228	0.1741922
31.2125282	130.0858612	-0.4761253	0.6387048
32.9962578	130.0858612	-0.6735432	1.1961198
34.7799835	130.0858612	-1.5096657	1.4516017
36.5637131	130.0858612	-0.6851560	0.6967688
38.3474426	130.0858612	0.0000000	0.0000000
40.1311722	130.0858612	-0.5574150	0.6038663
41.9148979	130.0858612	-0.7896713	0.4645126
43.6986275	130.0858612	0.0000000	0.0000000
45.4823532	130.0858612	0.0000000	0.0000000
47.2660828	130.0858612	0.0929025	0.8825738
49.0498085	130.0858612	-0.7432200	0.2787075
50.8335381	130.0858612	-0.7316072	0.5574151
52.6172676	130.0858612	-0.7199944	-0.0348384
54.4009972	130.0858612	-0.5806407	0.0232256
56.1847229	130.0858612	-0.6851560	0.0464513
57.9684486	130.0858612	-0.7780585	0.1858050
59.7521782	130.0858612	-0.7780585	0.5341895
61.5359077	130.0858612	-0.4528997	1.1845070
63.3196297	130.0858612	-0.2090306	1.2077327
65.1033630	130.0858612	-0.2438691	2.2644987
66.8870850	130.0858612	0.0232256	0.2903203
68.6708145	130.0858612	0.0000000	0.0000000
70.4545441	130.0858612	0.0000000	0.0000000
72.2382736	130.0858612	0.0000000	0.0000000
0.8891521	131.8695831	0.0000000	0.0000000
2.6728802	131.8695831	0.0116128	0.0696769
4.4566083	131.8695831	0.2438691	0.1045153
6.2403364	131.8695831	0.0464513	0.0812897
8.0240641	131.8695831	0.0348384	0.1741922
9.8077927	131.8695831	-0.0464513	0.2090307
11.5915203	131.8695831	0.0000000	0.0000000
13.3752489	131.8695831	0.0696769	0.1741922
15.1589766	131.8695831	-0.0696769	0.1858050
16.9427032	131.8695831	-0.1625794	0.0580641
18.7264328	131.8695831	-0.2554819	0.6038663
20.5101604	131.8695831	-0.4412869	0.1045153
22.2938881	131.8695831	-0.6038663	0.0348384
24.0776157	131.8695831	-0.5458022	0.0464513
25.8613453	131.8695831	-0.2206434	0.0464513
27.6450729	131.8695831	-0.2322563	0.1045153
29.4288006	131.8695831	-0.0812897	0.4064485
31.2125282	131.8695831	-0.1858050	0.6619304
32.9962578	131.8695831	-0.3251588	1.0103148
34.7799835	131.8695831	-0.1974178	1.4748274
36.5637131	131.8695831	-1.0219276	0.3019332
38.3474426	131.8695831	-0.1161281	1.0451533
40.1311722	131.8695831	-0.2670947	1.0103148
41.9148979	131.8695831	-0.6619303	0.9057995
43.6986275	131.8695831	-1.5561169	0.7780585
45.4823532	131.8695831	-1.3586991	0.2206435
47.2660828	131.8695831	0.0000000	0.0000000
49.0498085	131.8695831	-0.6735432	0.1741922
50.8335381	131.8695831	-0.5922534	0.7199945
52.6172676	131.8695831	-0.7896713	0.0929025
54.4009972	131.8695831	-0.5341894	-0.0232256
56.1847229	131.8695831	-0.7316072	0.0232256
57.9684486	131.8695831	-0.5690278	0.1741922
59.7521782	131.8695831	-0.7316072	0.4761254
61.5359077	131.8695831	0.0000000	0.0000000
63.3196297	131.8695831	-0.0348384	0.6503175
65.1033630	131.8695831	-0.1045153	1.3122480
66.8870850	131.8695831	0.0929025	1.4748274
68.6708145	131.8695831	0.0348384	1.2425711
70.4545441	131.8695831	0.0000000	0.0000000
72.2382736	131.8695831	0.0000000	0.0000000
0.8891521	133.6533203	0.0000000	0.0000000
2.6728802	133.6533203	0.0929025	0.0464513
4.4566083	133.6533203	0.2554819	0.0464513
6.2403364	133.6533203	0.0464513	0.1161281
8.0240641	133.6533203	0.0000000	0.1625794
9.8077927	133.6533203	0.0000000	0.0000000
11.5915203	133.6533203	0.3948357	0.6270919
13.3752489	133.6533203	0.5922534	0.6154791
15.1589766	133.6533203	0.5574150	0.2903203
16.9427032	133.6533203	-0.0929025	0.0348384
18.7264328	133.6533203	-0.1625794	0.0812897
20.5101604	133.6533203	-0.4877381	0.0580641
22.2938881	133.6533203	-0.5574150	0.0580641
24.0776157	133.6533203	-0.2206434	0.0464513
25.8613453	133.6533203	-0.3251588	0.2322563
27.6450729	133.6533203	-0.1393538	0.1625794
29.4288006	133.6533203	-0.1974178	0.6038663
31.2125282	133.6533203	-0.2554819	0.7432201
32.9962578	133.6533203	-0.4761253	0.7083817
34.7799835	133.6533203	-0.1161281	1.4632145
36.5637131	133.6533203	-0.9522507	1.2657967
38.3474426	133.6533203	0.0000000	0.0000000
40.1311722	133.6533203	-0.5690278	1.3006351
41.9148979	133.6533203	-0.6503175	1.2309582
43.6986275	133.6533203	-1.5212785	0.8825738
45.4823532	133.6533203	-1.7651476	0.7548329
47.2660828	133.6533203	-1.0219276	0.8825738
49.0498085	133.6533203	-0.6503175	0.8825738
50.8335381	133.6533203	-0.1741922	0.7083817
52.6172676	133.6533203	0.0000000	0.0000000
54.4009972	133.6533203	-0.3019331	-0.1277409
56.1847229	133.6533203	-0.5806407	-0.1741922
57.9684486	133.6533203	-0.7199944	1.1961198
59.7521782	133.6533203	-0.0232256	0.9987020
61.5359077	133.6533203	-0.6735432	0.9754764
63.3196297	133.6533203	0.0000000	0.0000000
65.1033630	133.6533203	-0.0929025	0.6270919
66.8870850	133.6533203	0.7432200	0.0929025
68.6708145	133.6533203	0.0812897	1.2657967
70.4545441	133.6533203	1.5212785	0.0116128
72.2382736	133.6533203	1.5793426	0.0116128
0.8891521	135.4370422	0.0000000	0.0000000
2.6728802	135.4370422	0.0000000	0.0000000
4.4566083	135.4370422	0.0000000	0.0000000
6.2403364	135.4370422	0.1741922	0.0000000
8.0240641	135.4370422	0.0116128	0.2438691
9.8077927	135.4370422	-0.3367716	0.7199945
11.5915203	135.4370422	-0.0696769	0.7664457
13.3752489	135.4370422	0.2787075	0.6154791
15.1589766	135.4370422	0.5458022	0.6735432
16.9427032	135.4370422	-0.0580641	0.1974178
18.7264328	135.4370422	-0.2090306	-0.0348384
20.5101604	135.4370422	-0.4993510	0.0812897
22.2938881	135.4370422	-0.4877381	0.1045153
24.0776157	135.4370422	-0.4180613	0.1625794
25.8613453	135.4370422	-0.3832228	0.1509666
27.6450729	135.4370422	-0.3948357	0.1393538
29.4288006	135.4370422	0.0000000	0.0000000
31.2125282	135.4370422	-0.1045153	0.7316073
32.9962578	135.4370422	-0.6503175	0.6967688
34.7799835	135.4370422	-0.4528997	1.3238608
36.5637131	135.4370422	-0.3832228	1.4051505
38.3474426	135.4370422	-0.6270919	1.5212786
40.1311722	135.4370422	-0.5341894	1.5328914
41.9148979	135.4370422	0.0000000	0.0000000
43.6986275	135.4370422	-0.9057994	1.5561171
45.4823532	135.4370422	-1.6606323	1.2309582
47.2660828	135.4370422	0.0000000	0.0000000
49.0498085	135.4370422	-0.2554819	0.9522507
50.8335381	135.4370422	-0.0464513	0.6967688
52.6172676	135.4370422	-0.0116128	0.6038663
54.4009972	135.4370422	-0.1858050	0.1045153
56.1847229	135.4370422	-0.1741922	0.1741922
57.9684486	135.4370422	-0.0812897	0.0000000
59.7521782	135.4370422	0.0580641	0.4528998
61.5359077	135.4370422	-0.8012841	0.1161281
63.3196297	135.4370422	-0.1161281	1.6025683
65.1033630	135.4370422	0.0232256	0.9406379
66.8870850	135.4370422	-0.0696769	0.6270919
68.6708145	135.4370422	0.0000000	0.0000000
70.4545441	135.4370422	0.0000000	0.0000000
72.2382736	135.4370422	0.0000000	0.0000000
0.8891521	137.2207642	0.0000000	0.0000000
2.6728802	137.2207642	0.0000000	0.0000000
4.4566083	137.2207642	0.3367716	0.0000000
6.2403364	137.2207642	0.2322563	0.0232256
8.0240641	137.2207642	0.1161281	0.2787075
9.8077927	137.2207642	-0.4180613	0.7780585
11.5915203	137.2207642	-0.0929025	1.0103148
13.3752489	137.2207642	0.2670947	0.6967688
15.1589766	137.2207642	0.4064485	0.7780585
16.9427032	137.2207642	0.0116128	0.4761254
18.7264328	137.2207642	0.0000000	0.0000000
20.5101604	137.2207642	0.0000000	0.0000000
22.2938881	137.2207642	-0.6038663	0.1277409
24.0776157	137.2207642	0.0000000	0.0000000
25.8613453	137.2207642	-0.4993510	0.4296741
27.6450729	137.2207642	-0.6270919	0.6154791
29.4288006	137.2207642	-2.9496546	1.4980530
31.2125282	137.2207642	-0.3483844	0.8709611
32.9962578	137.2207642	-0.8128969	1.3238608
34.7799835	137.2207642	-0.6735432	1.4748274
36.5637131	137.2207642	-0.1974178	0.7316073
38.3474426	137.2207642	-0.2090306	0.6735432
40.1311722	137.2207642	-0.6387047	1.6257939
41.9148979	137.2207642	0.0000000	0.0000000
43.6986275	137.2207642	-0.5922534	1.7070837
45.4823532	137.2207642	-0.9406378	1.5793427
47.2660828	137.2207642	-0.1393538	1.3586992
49.0498085	137.2207642	-0.1625794	1.2309582
50.8335381	137.2207642	-0.0812897	0.6270919
52.6172676	137.2207642	-0.0232256	0.3832228
54.4009972	137.2207642	-0.1161281	0.1741922
56.1847229	137.2207642	-0.0116128	0.3716100
57.9684486	137.2207642	0.0000000	0.2090307
59.7521782	137.2207642	0.0348384	0.1393538
61.5359077	137.2207642	0.0000000	0.0000000
63.3196297	137.2207642	-0.4877381	1.8928887
65.1033630	137.2207642	0.0000000	0.0000000
66.8870850	137.2207642	0.0000000	0.0000000
68.6708145	137.2207642	0.0000000	0.0000000
70.4545441	137.2207642	0.0000000	0.0000000
72.2382736	137.2207642	0.0000000	0.0000000
0.8891521	139.0045013	0.0000000	0.0000000
2.6728802	139.0045013	0.1045153	-0.0348384
4.4566083	139.0045013	0.1161281	0.0232256
6.2403364	139.0045013	0.1741922	0.1625794
8.0240641	139.0045013	0.1161281	0.3019332
9.8077927	139.0045013	-0.5574150	0.8477354
11.5915203	139.0045013	-0.0696769	1.2425711
13.3752489	139.0045013	-0.0348384	0.9057995
15.1589766	139.0045013	-0.1741922	0.7664457
16.9427032	139.0045013	-0.2322563	0.6270919
18.7264328	139.0045013	-0.5458022	0.1974178
20.5101604	139.0045013	-0.5225766	0.1974178
22.2938881	139.0045013	-0.5806407	0.1974178
24.0776157	139.0045013	-0.8825738	0.6851560
25.8613453	139.0045013	-0.7896713	0.2206435
27.6450729	139.0045013	-0.7316072	0.5109638
29.4288006	139.0045013	0.0000000	0.0000000
31.2125282	139.0045013	-1.3238606	1.2193455
32.9962578	139.0045013	-1.0567660	1.5677298
34.7799835	139.0045013	-0.7548329	1.5212786
36.5637131	139.0045013	-0.7316072	1.5445043
38.3474426	139.0045013	-0.2438691	1.5096658
40.1311722	139.0045013	-0.4877381	2.1483705
41.9148979	139.0045013	0.0000000	0.0000000
43.6986275	139.0045013	0.0000000	0.0000000
45.4823532	139.0045013	-0.1974178	1.4516017
47.2660828	139.0045013	0.4645125	1.1961198
49.0498085	139.0045013	-0.2670947	1.7303092
50.8335381	139.0045013	0.1625794	0.9870892
52.6172676	139.0045013	-0.0348384	0.4761254
54.4009972	139.0045013	-0.1509666	0.2322563
56.1847229	139.0045013	0.0812897	0.4296741
57.9684486	139.0045013	0.1277409	0.2903203
59.7521782	139.0045013	-0.1161281	0.3948357
61.5359077	139.0045013	0.2787075	0.8012841
63.3196297	139.0045013	-0.5458022	1.2890223
65.1033630	139.0045013	0.0000000	0.0000000
66.8870850	139.0045013	0.0000000	0.0000000
68.6708145	139.0045013	0.0000000	0.0000000
70.4545441	139.0045013	0.0000000	0.0000000
72.2382736	139.0045013	0.0000000	0.0000000
