0.8891521	65.8716507	0.0000000	0.0000000
2.6728802	65.8716507	0.0000000	0.0000000
4.4566083	65.8716507	0.0000000	0.0000000
6.2403364	65.8716507	0.0464513	0.0000000
8.0240641	65.8716507	0.0000000	0.0000000
9.8077927	65.8716507	-0.8128969	0.0116128
11.5915203	65.8716507	0.0000000	0.0000000
13.3752489	65.8716507	-2.1483705	1.4399890
15.1589766	65.8716507	0.0000000	0.0000000
16.9427032	65.8716507	-0.9406378	0.0812897
18.7264328	65.8716507	-0.3483844	0.0000000
20.5101604	65.8716507	-2.1367576	1.4632145
22.2938881	65.8716507	0.0000000	0.0000000
24.0776157	65.8716507	0.0000000	0.0000000
25.8613453	65.8716507	0.2322563	0.0580641
27.6450729	65.8716507	-2.1367576	1.4632145
29.4288006	65.8716507	0.0000000	0.0000000
31.2125282	65.8716507	0.0000000	0.0000000
32.9962578	65.8716507	0.0000000	0.0000000
34.7799835	65.8716507	-0.7083816	0.0000000
36.5637131	65.8716507	-0.5806407	1.3819249
38.3474426	65.8716507	-0.1974178	1.1264429
40.1311722	65.8716507	0.1277409	1.4051505
41.9148979	65.8716507	0.0000000	0.0000000
43.6986275	65.8716507	0.0000000	0.0000000
45.4823532	65.8716507	0.2554819	-0.2090307
47.2660828	65.8716507	0.0580641	-0.6387048
49.0498085	65.8716507	0.4412869	-0.2670947
50.8335381	65.8716507	0.4877381	-0.2903203
52.6172676	65.8716507	0.2438691	-0.3832228
54.4009972	65.8716507	0.0000000	0.0000000
56.1847229	65.8716507	0.5574150	1.4980530
57.9684486	65.8716507	0.0000000	0.0000000
59.7521782	65.8716507	0.0000000	0.0000000
61.5359077	65.8716507	0.0000000	0.0000000
63.3196297	65.8716507	0.0000000	0.0000000
65.1033630	65.8716507	0.0000000	0.0000000
66.8870850	65.8716507	0.0000000	0.0000000
68.6708145	65.8716507	0.0000000	0.0000000
70.4545441	65.8716507	0.0000000	0.0000000
72.2382736	65.8716507	0.0000000	0.0000000
0.8891521	67.6553802	0.0000000	0.0000000
2.6728802	67.6553802	0.0000000	0.0000000
4.4566083	67.6553802	0.0000000	0.0000000
6.2403364	67.6553802	-0.1161281	0.0696769
8.0240641	67.6553802	-0.3251588	0.0232256
9.8077927	67.6553802	0.0000000	0.0000000
11.5915203	67.6553802	0.0000000	0.0000000
13.3752489	67.6553802	0.0000000	0.0000000
15.1589766	67.6553802	-1.3354735	1.4516017
16.9427032	67.6553802	0.0000000	0.0000000
18.7264328	67.6553802	-1.7303091	0.7083817
20.5101604	67.6553802	-2.2528858	1.3703121
22.2938881	67.6553802	0.0000000	0.0000000
24.0776157	67.6553802	-1.6025681	3.1122341
25.8613453	67.6553802	0.0000000	0.0000000
27.6450729	67.6553802	0.0000000	0.0000000
29.4288006	67.6553802	-0.8709610	1.4167633
31.2125282	67.6553802	-1.3586991	1.3819249
32.9962578	67.6553802	0.0580641	1.3819249
34.7799835	67.6553802	-0.4761253	1.4283761
36.5637131	67.6553802	-0.4412869	1.5445043
38.3474426	67.6553802	-0.4761253	1.4399890
40.1311722	67.6553802	-0.0812897	1.4632145
41.9148979	67.6553802	0.0000000	0.0000000
43.6986275	67.6553802	0.3251588	-0.0580641
45.4823532	67.6553802	0.2554819	-0.1161281
47.2660828	67.6553802	0.4528997	-0.4180613
49.0498085	67.6553802	0.2090306	-0.6387048
50.8335381	67.6553802	0.4993510	-0.4296741
52.6172676	67.6553802	0.0348384	-0.2554819
54.4009972	67.6553802	0.0000000	0.0000000
56.1847229	67.6553802	0.3832228	1.4399890
57.9684486	67.6553802	0.3832228	1.7070837
59.7521782	67.6553802	0.0000000	0.0000000
61.5359077	67.6553802	0.0000000	0.0000000
63.3196297	67.6553802	0.0000000	0.0000000
65.1033630	67.6553802	-0.1741922	0.0580641
66.8870850	67.6553802	0.0000000	0.0000000
68.6708145	67.6553802	-0.0232256	-2.8799779
70.4545441	67.6553802	0.0000000	0.0000000
72.2382736	67.6553802	0.0000000	0.0000000
0.8891521	69.4391022	0.0000000	0.0000000
2.6728802	69.4391022	0.0000000	0.0000000
4.4566083	69.4391022	0.0000000	0.0000000
6.2403364	69.4391022	-0.1393538	0.0232256
8.0240641	69.4391022	-0.1858050	0.0348384
9.8077927	69.4391022	-0.0348384	-0.0348384
11.5915203	69.4391022	0.0000000	0.0000000
13.3752489	69.4391022	0.0000000	0.0000000
15.1589766	69.4391022	-0.8825738	0.0000000
16.9427032	69.4391022	0.0000000	0.0000000
18.7264328	69.4391022	0.0000000	0.0000000
20.5101604	69.4391022	0.0000000	0.0000000
22.2938881	69.4391022	-1.6838579	1.3935376
24.0776157	69.4391022	0.0000000	0.0000000
25.8613453	69.4391022	0.0000000	0.0000000
27.6450729	69.4391022	0.0000000	0.0000000
29.4288006	69.4391022	-0.5922534	2.7870753
31.2125282	69.4391022	-0.1741922	1.3703121
32.9962578	69.4391022	0.0000000	0.0000000
34.7799835	69.4391022	0.0000000	0.0000000
36.5637131	69.4391022	-0.2322563	1.4051505
38.3474426	69.4391022	0.0000000	0.0000000
40.1311722	69.4391022	-0.1625794	1.1728942
41.9148979	69.4391022	-0.0464513	0.4296741
43.6986275	69.4391022	0.5109638	0.6387048
45.4823532	69.4391022	0.7083816	0.2670947
47.2660828	69.4391022	0.3019331	-0.0929025
49.0498085	69.4391022	0.2090306	-0.6270919
50.8335381	69.4391022	0.2090306	-0.1045153
52.6172676	69.4391022	0.0580641	-0.0232256
54.4009972	69.4391022	0.0929025	0.1974178
56.1847229	69.4391022	0.5806407	0.1858050
57.9684486	69.4391022	0.0000000	0.0000000
59.7521782	69.4391022	-2.0786936	-2.9380419
61.5359077	69.4391022	0.0000000	0.0000000
63.3196297	69.4391022	0.0580641	1.3703121
65.1033630	69.4391022	0.0000000	0.0000000
66.8870850	69.4391022	0.0232256	0.7432201
68.6708145	69.4391022	0.0000000	0.0000000
70.4545441	69.4391022	0.0000000	0.0000000
72.2382736	69.4391022	0.0000000	0.0000000
0.8891521	71.2228317	0.0000000	0.0000000
2.6728802	71.2228317	0.0000000	0.0000000
4.4566083	71.2228317	0.0000000	0.0000000
6.2403364	71.2228317	0.0000000	0.0000000
8.0240641	71.2228317	0.0000000	0.0000000
9.8077927	71.2228317	-0.0232256	-1.4516017
11.5915203	71.2228317	0.0000000	0.0000000
13.3752489	71.2228317	0.0000000	0.0000000
15.1589766	71.2228317	0.0000000	0.0000000
16.9427032	71.2228317	-2.2877243	1.5328914
18.7264328	71.2228317	0.0000000	0.0000000
20.5101604	71.2228317	-2.1948216	1.5677298
22.2938881	71.2228317	-2.2180474	1.5561171
24.0776157	71.2228317	0.0000000	0.0000000
25.8613453	71.2228317	0.0000000	0.0000000
27.6450729	71.2228317	0.0000000	0.0000000
29.4288006	71.2228317	0.0000000	0.0000000
31.2125282	71.2228317	-0.2670947	1.5677298
32.9962578	71.2228317	0.0000000	0.0000000
34.7799835	71.2228317	0.0000000	0.0000000
36.5637131	71.2228317	-0.3135459	0.3483844
38.3474426	71.2228317	-0.7083816	-0.0812897
40.1311722	71.2228317	0.0348384	-0.0232256
41.9148979	71.2228317	0.2903203	1.0451533
43.6986275	71.2228317	0.3483844	0.9987020
45.4823532	71.2228317	0.6735432	0.7199945
47.2660828	71.2228317	0.3948357	-0.3251588
49.0498085	71.2228317	0.0929025	-0.2670947
50.8335381	71.2228317	-0.0812897	0.0580641
52.6172676	71.2228317	0.0232256	0.0348384
54.4009972	71.2228317	0.2670947	0.1277409
56.1847229	71.2228317	0.0000000	0.0000000
57.9684486	71.2228317	0.0000000	0.0000000
59.7521782	71.2228317	-2.2877243	-2.9148164
61.5359077	71.2228317	0.0696769	0.0696769
63.3196297	71.2228317	0.0232256	1.3586992
65.1033630	71.2228317	0.0696769	0.1161281
66.8870850	71.2228317	-0.0348384	0.1393538
68.6708145	71.2228317	0.0000000	0.0000000
70.4545441	71.2228317	0.0000000	0.0000000
72.2382736	71.2228317	0.0000000	0.0000000
0.8891521	73.0065613	0.0000000	0.0000000
2.6728802	73.0065613	0.0000000	0.0000000
4.4566083	73.0065613	0.0000000	0.0000000
6.2403364	73.0065613	0.0000000	0.0000000
8.0240641	73.0065613	0.0000000	0.0000000
9.8077927	73.0065613	0.0000000	0.0000000
11.5915203	73.0065613	0.0000000	0.0000000
13.3752489	73.0065613	0.0000000	0.0000000
15.1589766	73.0065613	0.0000000	0.0000000
16.9427032	73.0065613	0.0000000	0.0000000
18.7264328	73.0065613	0.0000000	0.0000000
20.5101604	73.0065613	-1.6606323	1.5677298
22.2938881	73.0065613	0.0000000	0.0000000
24.0776157	73.0065613	0.0580641	0.0580641
25.8613453	73.0065613	-0.6038663	0.0348384
27.6450729	73.0065613	-0.1741922	0.0464513
29.4288006	73.0065613	0.0000000	0.0000000
31.2125282	73.0065613	0.0000000	0.0000000
32.9962578	73.0065613	-0.9870891	1.4864402
34.7799835	73.0065613	-0.5574150	1.3703121
36.5637131	73.0065613	-0.2903203	-0.0232256
38.3474426	73.0065613	-0.5922534	-0.1161281
40.1311722	73.0065613	0.6154791	0.0348384
41.9148979	73.0065613	0.6967688	1.1961198
43.6986275	73.0065613	1.1032172	0.7548329
45.4823532	73.0065613	0.9870891	0.8825738
47.2660828	73.0065613	0.5109638	-0.1858050
49.0498085	73.0065613	0.0464513	0.0464513
50.8335381	73.0065613	-0.0116128	0.1393538
52.6172676	73.0065613	0.3716100	0.0464513
54.4009972	73.0065613	0.4412869	0.0812897
56.1847229	73.0065613	0.3135459	0.0696769
57.9684486	73.0065613	0.1741922	1.4864402
59.7521782	73.0065613	0.0000000	0.0000000
61.5359077	73.0065613	-0.2554819	-0.0929025
63.3196297	73.0065613	-0.5109638	0.0464513
65.1033630	73.0065613	0.1045153	0.3367716
66.8870850	73.0065613	0.0000000	0.0000000
68.6708145	73.0065613	0.0000000	0.0000000
70.4545441	73.0065613	0.0000000	0.0000000
72.2382736	73.0065613	0.0000000	0.0000000
0.8891521	74.7902908	0.0000000	0.0000000
2.6728802	74.7902908	0.0000000	0.0000000
4.4566083	74.7902908	0.0000000	0.0000000
6.2403364	74.7902908	-0.2322563	0.0000000
8.0240641	74.7902908	-0.2787075	0.0232256
9.8077927	74.7902908	-0.7548329	-0.0232256
11.5915203	74.7902908	0.0000000	0.0000000
13.3752489	74.7902908	0.0000000	0.0000000
15.1589766	74.7902908	-2.6709471	2.9496548
16.9427032	74.7902908	0.0000000	0.0000000
18.7264328	74.7902908	0.0000000	0.0000000
20.5101604	74.7902908	-0.5806407	0.0348384
22.2938881	74.7902908	0.0000000	0.0000000
24.0776157	74.7902908	-0.1974178	-0.2670947
25.8613453	74.7902908	0.0000000	0.0000000
27.6450729	74.7902908	0.0000000	0.0000000
29.4288006	74.7902908	-0.2438691	1.7419221
31.2125282	74.7902908	0.0000000	0.0000000
32.9962578	74.7902908	0.0000000	0.0000000
34.7799835	74.7902908	0.0000000	0.0000000
36.5637131	74.7902908	-0.1161281	-0.0812897
38.3474426	74.7902908	-0.2903203	0.1509666
40.1311722	74.7902908	0.1161281	0.8593482
41.9148979	74.7902908	0.9754763	1.0567660
43.6986275	74.7902908	1.2425710	0.4296741
45.4823532	74.7902908	0.0000000	0.0000000
47.2660828	74.7902908	0.0000000	0.0000000
49.0498085	74.7902908	0.0580641	0.2438691
50.8335381	74.7902908	-0.0116128	0.2554819
52.6172676	74.7902908	0.4761253	0.1974178
54.4009972	74.7902908	-0.0348384	0.4993510
56.1847229	74.7902908	0.0000000	0.0000000
57.9684486	74.7902908	0.0000000	0.0000000
59.7521782	74.7902908	-0.7548329	0.1161281
61.5359077	74.7902908	0.0580641	-1.3354737
63.3196297	74.7902908	-0.6851560	0.0464513
65.1033630	74.7902908	-0.1161281	0.4528998
66.8870850	74.7902908	-0.1161281	0.6735432
68.6708145	74.7902908	0.0000000	0.0000000
70.4545441	74.7902908	0.0000000	0.0000000
72.2382736	74.7902908	0.0000000	0.0000000
0.8891521	76.5740204	0.0000000	0.0000000
2.6728802	76.5740204	0.0000000	0.0000000
4.4566083	76.5740204	0.0000000	0.0000000
6.2403364	76.5740204	0.0000000	0.0000000
8.0240641	76.5740204	0.0000000	0.0000000
9.8077927	76.5740204	-1.0799916	0.0000000
11.5915203	76.5740204	0.0000000	0.0000000
13.3752489	76.5740204	0.0000000	0.0000000
15.1589766	76.5740204	0.0000000	0.0000000
16.9427032	76.5740204	0.0000000	0.0000000
18.7264328	76.5740204	0.6387047	2.9380419
20.5101604	76.5740204	-0.4296741	0.0348384
22.2938881	76.5740204	-0.0696769	-0.1161281
24.0776157	76.5740204	0.2090306	-0.1858050
25.8613453	76.5740204	-2.8219135	0.0348384
27.6450729	76.5740204	-1.6490195	-0.0232256
29.4288006	76.5740204	-0.4296741	1.5793427
31.2125282	76.5740204	0.0000000	0.0000000
32.9962578	76.5740204	-0.9057994	0.2322563
34.7799835	76.5740204	-0.8128969	1.3006351
36.5637131	76.5740204	-0.9174122	2.9612675
38.3474426	76.5740204	-0.0348384	0.5109638
40.1311722	76.5740204	0.0696769	0.6154791
41.9148979	76.5740204	0.3135459	0.7664457
43.6986275	76.5740204	0.0812897	0.9057995
45.4823532	76.5740204	-0.0696769	0.9522507
47.2660828	76.5740204	-0.1858050	0.9638636
49.0498085	76.5740204	-0.0812897	0.3948357
50.8335381	76.5740204	0.4064485	0.1161281
52.6172676	76.5740204	0.0000000	0.0000000
54.4009972	76.5740204	-1.2425710	0.1277409
56.1847229	76.5740204	0.0000000	0.0000000
57.9684486	76.5740204	-0.2438691	0.0116128
59.7521782	76.5740204	0.0000000	0.0000000
61.5359077	76.5740204	-1.2774094	0.9174123
63.3196297	76.5740204	-0.6851560	0.0464513
65.1033630	76.5740204	-0.3948357	0.6154791
66.8870850	76.5740204	-0.0929025	0.7780585
68.6708145	76.5740204	0.0000000	0.0000000
70.4545441	76.5740204	0.0000000	0.0000000
72.2382736	76.5740204	0.0000000	0.0000000
0.8891521	78.3577499	0.0000000	0.0000000
2.6728802	78.3577499	0.0000000	0.0000000
4.4566083	78.3577499	0.0000000	0.0000000
6.2403364	78.3577499	0.1393538	-0.0348384
8.0240641	78.3577499	-0.3251588	0.0348384
9.8077927	78.3577499	-0.4064485	0.0232256
11.5915203	78.3577499	-0.0696769	0.1161281
13.3752489	78.3577499	0.0000000	0.0000000
15.1589766	78.3577499	0.0000000	0.0000000
16.9427032	78.3577499	0.0000000	0.0000000
18.7264328	78.3577499	0.8128969	0.0116128
20.5101604	78.3577499	0.0000000	0.0000000
22.2938881	78.3577499	0.1858050	-0.0812897
24.0776157	78.3577499	0.0000000	0.0000000
25.8613453	78.3577499	0.0000000	0.0000000
27.6450729	78.3577499	0.0000000	0.0000000
29.4288006	78.3577499	-1.3354735	1.4399890
31.2125282	78.3577499	0.0000000	0.0000000
32.9962578	78.3577499	-1.2890222	0.5922535
34.7799835	78.3577499	-0.9057994	0.0464513
36.5637131	78.3577499	0.0000000	0.0000000
38.3474426	78.3577499	-0.2090306	0.6270919
40.1311722	78.3577499	0.0929025	0.8477354
41.9148979	78.3577499	0.0580641	0.7548329
43.6986275	78.3577499	0.6851560	1.1728942
45.4823532	78.3577499	-0.0116128	1.0451533
47.2660828	78.3577499	-0.0812897	1.0799917
49.0498085	78.3577499	0.0000000	0.0000000
50.8335381	78.3577499	0.5458022	0.0929025
52.6172676	78.3577499	0.1277409	0.2090307
54.4009972	78.3577499	-1.4399889	0.8361226
56.1847229	78.3577499	-2.0090168	0.4528998
57.9684486	78.3577499	0.0000000	0.0000000
59.7521782	78.3577499	-1.7535348	0.7548329
61.5359077	78.3577499	-1.0683788	1.0219276
63.3196297	78.3577499	-0.7896713	0.6270919
65.1033630	78.3577499	-0.5574150	0.2090307
66.8870850	78.3577499	0.0232256	0.7548329
68.6708145	78.3577499	0.0000000	0.0000000
70.4545441	78.3577499	0.0000000	0.0000000
72.2382736	78.3577499	0.0000000	0.0000000
0.8891521	80.1414719	0.0000000	0.0000000
2.6728802	80.1414719	0.0000000	0.0000000
4.4566083	80.1414719	0.0000000	0.0000000
6.2403364	80.1414719	0.0000000	-0.0116128
8.0240641	80.1414719	0.0000000	0.0000000
9.8077927	80.1414719	-0.7548329	0.1509666
11.5915203	80.1414719	-0.1509666	0.3135460
13.3752489	80.1414719	0.0000000	0.0000000
15.1589766	80.1414719	0.0000000	0.0000000
16.9427032	80.1414719	-1.3586991	2.8219137
18.7264328	80.1414719	0.0000000	0.0000000
20.5101604	80.1414719	0.0929025	-0.0696769
22.2938881	80.1414719	-0.0116128	-0.0696769
24.0776157	80.1414719	-0.6038663	0.0348384
25.8613453	80.1414719	-0.6967688	0.6851560
27.6450729	80.1414719	-0.7664456	1.1728942
29.4288006	80.1414719	-0.2322563	1.4632145
31.2125282	80.1414719	-0.4761253	0.2090307
32.9962578	80.1414719	-0.4993510	-0.0116128
34.7799835	80.1414719	-0.3251588	-0.0812897
36.5637131	80.1414719	-0.5225766	-0.0116128
38.3474426	80.1414719	-0.6967688	0.1858050
40.1311722	80.1414719	-0.2903203	0.8477354
41.9148979	80.1414719	-0.6270919	0.2206435
43.6986275	80.1414719	0.4180613	1.3470864
45.4823532	80.1414719	0.1277409	1.2309582
47.2660828	80.1414719	-0.3367716	1.2657967
49.0498085	80.1414719	-0.7199944	1.3122480
50.8335381	80.1414719	0.7199944	0.0929025
52.6172676	80.1414719	-0.0929025	0.3367716
54.4009972	80.1414719	-1.3935375	0.3367716
56.1847229	80.1414719	-1.4864401	0.8012841
57.9684486	80.1414719	-1.2657967	0.4993510
59.7521782	80.1414719	-1.0916045	0.8825738
61.5359077	80.1414719	-1.1148300	0.8825738
63.3196297	80.1414719	-0.6503175	0.6851560
65.1033630	80.1414719	-0.6038663	0.1625794
66.8870850	80.1414719	-0.0116128	0.7432201
68.6708145	80.1414719	0.0000000	0.0000000
70.4545441	80.1414719	0.0000000	0.0000000
72.2382736	80.1414719	0.0000000	0.0000000
0.8891521	81.9252014	0.0000000	0.0000000
2.6728802	81.9252014	0.0000000	0.0000000
4.4566083	81.9252014	-0.0232256	-0.0464513
6.2403364	81.9252014	-0.2438691	-0.1161281
8.0240641	81.9252014	0.0000000	0.0000000
9.8077927	81.9252014	0.7316072	-2.2412732
11.5915203	81.9252014	-0.1161281	0.2787075
13.3752489	81.9252014	-1.6374066	2.1599834
15.1589766	81.9252014	-0.9057994	2.8219137
16.9427032	81.9252014	0.0000000	0.0000000
18.7264328	81.9252014	0.0000000	0.0000000
20.5101604	81.9252014	0.0232256	-0.0929025
22.2938881	81.9252014	-0.4528997	-0.0464513
24.0776157	81.9252014	-0.8593482	-0.1393538
25.8613453	81.9252014	-0.4761253	0.2438691
27.6450729	81.9252014	0.0000000	0.0000000
29.4288006	81.9252014	-0.5690278	0.6503175
31.2125282	81.9252014	-0.5341894	0.1974178
32.9962578	81.9252014	-0.5109638	0.0464513
34.7799835	81.9252014	-0.4528997	0.0000000
36.5637131	81.9252014	-0.1625794	0.5341895
38.3474426	81.9252014	-0.5341894	0.3599972
40.1311722	81.9252014	-0.1509666	0.8593482
41.9148979	81.9252014	-0.3135459	0.6503175
43.6986275	81.9252014	-0.1277409	0.6038663
45.4823532	81.9252014	-0.4645125	0.0348384
47.2660828	81.9252014	-0.5574150	0.3599972
49.0498085	81.9252014	-0.1161281	1.3703121
50.8335381	81.9252014	0.1741922	1.0683789
52.6172676	81.9252014	0.0696769	1.4167633
54.4009972	81.9252014	-0.0116128	1.4051505
56.1847229	81.9252014	-0.6619303	1.2077327
57.9684486	81.9252014	-0.8361225	0.8245098
59.7521782	81.9252014	-0.7432200	1.2193455
61.5359077	81.9252014	-0.6387047	1.3470864
63.3196297	81.9252014	-0.2670947	0.7896714
65.1033630	81.9252014	0.0000000	0.0000000
66.8870850	81.9252014	0.0000000	0.0000000
68.6708145	81.9252014	0.0000000	0.0000000
70.4545441	81.9252014	0.0000000	0.0000000
72.2382736	81.9252014	0.0000000	0.0000000
0.8891521	83.7089233	0.0000000	0.0000000
2.6728802	83.7089233	0.0000000	0.0000000
4.4566083	83.7089233	0.0464513	-0.0464513
6.2403364	83.7089233	-0.1277409	-0.3135460
8.0240641	83.7089233	-0.0812897	0.5574151
9.8077927	83.7089233	0.0000000	0.0000000
11.5915203	83.7089233	-0.1974178	0.0348384
13.3752489	83.7089233	0.0000000	0.0000000
15.1589766	83.7089233	-0.6619303	1.3935376
16.9427032	83.7089233	0.0000000	0.0000000
18.7264328	83.7089233	0.0000000	0.0000000
20.5101604	83.7089233	0.4296741	0.2206435
22.2938881	83.7089233	-0.6154791	0.2438691
24.0776157	83.7089233	-0.6387047	-0.0464513
25.8613453	83.7089233	-0.3251588	0.3483844
27.6450729	83.7089233	-0.6038663	0.3599972
29.4288006	83.7089233	0.0000000	0.0000000
31.2125282	83.7089233	-0.7199944	0.1393538
32.9962578	83.7089233	-0.6967688	0.0929025
34.7799835	83.7089233	-0.2206434	0.0812897
36.5637131	83.7089233	-0.3483844	0.1161281
38.3474426	83.7089233	-0.5458022	0.2090307
40.1311722	83.7089233	-0.2554819	1.2890223
41.9148979	83.7089233	0.0000000	0.8477354
43.6986275	83.7089233	0.0929025	0.6270919
45.4823532	83.7089233	-0.4993510	-0.1277409
47.2660828	83.7089233	0.1045153	1.1728942
49.0498085	83.7089233	0.0348384	1.2774096
50.8335381	83.7089233	0.1741922	1.3819249
52.6172676	83.7089233	-0.0116128	1.9625655
54.4009972	83.7089233	-0.0696769	1.1612813
56.1847229	83.7089233	-0.3599972	0.1741922
57.9684486	83.7089233	-0.6851560	1.2425711
59.7521782	83.7089233	-0.6619303	1.2657967
61.5359077	83.7089233	0.0000000	0.0000000
63.3196297	83.7089233	0.0000000	0.0000000
65.1033630	83.7089233	-0.0348384	0.2554819
66.8870850	83.7089233	0.0000000	0.0000000
68.6708145	83.7089233	0.0000000	0.0000000
70.4545441	83.7089233	0.0000000	0.0000000
72.2382736	83.7089233	0.0000000	0.0000000
0.8891521	85.4926529	0.0000000	0.0000000
2.6728802	85.4926529	0.0000000	0.0000000
4.4566083	85.4926529	0.0000000	0.0000000
6.2403364	85.4926529	-0.0696769	-0.4993510
8.0240641	85.4926529	0.0000000	0.0000000
9.8077927	85.4926529	0.0812897	0.0696769
11.5915203	85.4926529	-0.0464513	0.2090307
13.3752489	85.4926529	-0.6038663	1.3586992
15.1589766	85.4926529	-0.6851560	1.3819249
16.9427032	85.4926529	0.0000000	0.0000000
18.7264328	85.4926529	-0.0348384	0.6503175
20.5101604	85.4926529	-0.2787075	0.1393538
22.2938881	85.4926529	-0.3716100	-0.0812897
24.0776157	85.4926529	-0.2090306	-0.1625794
25.8613453	85.4926529	-0.1393538	0.8361226
27.6450729	85.4926529	-0.8477353	0.5109638
29.4288006	85.4926529	-1.3935375	0.5458022
31.2125282	85.4926529	-0.9522507	0.2438691
32.9962578	85.4926529	-0.7548329	-0.0812897
34.7799835	85.4926529	-0.3135459	-0.0580641
36.5637131	85.4926529	-0.1045153	0.0696769
38.3474426	85.4926529	-0.1858050	0.5458022
40.1311722	85.4926529	-0.2090306	1.4051505
41.9148979	85.4926529	-0.1045153	0.6387048
43.6986275	85.4926529	-0.1625794	0.6851560
45.4823532	85.4926529	-0.1858050	0.7548329
47.2660828	85.4926529	-0.0348384	1.3819249
49.0498085	85.4926529	0.0000000	1.3703121
50.8335381	85.4926529	0.1045153	1.0683789
52.6172676	85.4926529	-0.0929025	0.7664457
54.4009972	85.4926529	-0.0580641	0.3599972
56.1847229	85.4926529	-0.6619303	0.2090307
57.9684486	85.4926529	-0.0464513	0.2206435
59.7521782	85.4926529	0.0000000	0.0000000
61.5359077	85.4926529	0.0000000	0.0000000
63.3196297	85.4926529	0.2787075	1.1032174
65.1033630	85.4926529	-0.0232256	0.1974178
66.8870850	85.4926529	-0.0116128	0.6735432
68.6708145	85.4926529	0.0000000	0.0000000
70.4545441	85.4926529	0.0000000	0.0000000
72.2382736	85.4926529	0.0000000	0.0000000
0.8891521	87.2763824	0.0000000	0.0000000
2.6728802	87.2763824	0.0000000	0.0000000
4.4566083	87.2763824	0.0000000	0.0000000
6.2403364	87.2763824	0.2903203	-0.0696769
8.0240641	87.2763824	0.2670947	-0.0580641
9.8077927	87.2763824	0.1858050	0.0116128
11.5915203	87.2763824	0.0348384	0.0696769
13.3752489	87.2763824	0.1858050	0.2322563
15.1589766	87.2763824	0.0116128	0.1858050
16.9427032	87.2763824	0.1393538	0.1741922
18.7264328	87.2763824	0.0116128	0.5225766
20.5101604	87.2763824	-0.3019331	0.2322563
22.2938881	87.2763824	-0.7664456	-0.0348384
24.0776157	87.2763824	-0.7199944	0.0696769
25.8613453	87.2763824	-0.6619303	0.4412869
27.6450729	87.2763824	-0.7199944	0.8012841
29.4288006	87.2763824	-0.9754763	0.6503175
31.2125282	87.2763824	-0.8477353	0.0232256
32.9962578	87.2763824	-0.5690278	-0.0348384
34.7799835	87.2763824	-0.3019331	-0.0812897
36.5637131	87.2763824	-0.0348384	0.0696769
38.3474426	87.2763824	-0.0929025	0.2090307
40.1311722	87.2763824	-0.0696769	0.8012841
41.9148979	87.2763824	-0.3135459	0.3367716
43.6986275	87.2763824	-0.3135459	1.0567660
45.4823532	87.2763824	-0.1974178	0.8128970
47.2660828	87.2763824	-0.2787075	0.7432201
49.0498085	87.2763824	-0.1858050	1.0103148
50.8335381	87.2763824	-0.0348384	1.4283761
52.6172676	87.2763824	0.3367716	0.2090307
54.4009972	87.2763824	-0.0116128	0.9290251
56.1847229	87.2763824	0.0580641	1.0219276
57.9684486	87.2763824	0.1393538	1.2657967
59.7521782	87.2763824	0.0000000	0.0000000
61.5359077	87.2763824	-0.7780585	0.1161281
63.3196297	87.2763824	-0.1277409	0.2903203
65.1033630	87.2763824	0.0000000	0.0000000
66.8870850	87.2763824	-0.0232256	0.7896714
68.6708145	87.2763824	0.0000000	0.0000000
70.4545441	87.2763824	0.0000000	0.0000000
72.2382736	87.2763824	0.0000000	0.0000000
0.8891521	89.0601120	0.0000000	0.0000000
2.6728802	89.0601120	0.0000000	0.0000000
4.4566083	89.0601120	0.0000000	0.0000000
6.2403364	89.0601120	-1.4864401	-0.1974178
8.0240641	89.0601120	-0.7664456	-0.0232256
9.8077927	89.0601120	-0.5225766	0.0232256
11.5915203	89.0601120	-0.3948357	-0.0464513
13.3752489	89.0601120	0.0116128	0.1277409
15.1589766	89.0601120	0.0812897	0.1625794
16.9427032	89.0601120	0.1277409	0.2206435
18.7264328	89.0601120	-0.0232256	0.1974178
20.5101604	89.0601120	-0.6503175	2.0554681
22.2938881	89.0601120	-0.8012841	0.0929025
24.0776157	89.0601120	-0.8593482	0.1393538
25.8613453	89.0601120	-0.8012841	0.1974178
27.6450729	89.0601120	-0.4645125	0.3599972
29.4288006	89.0601120	-0.7432200	0.2206435
31.2125282	89.0601120	-0.5341894	0.0000000
32.9962578	89.0601120	-0.0696769	-0.3019332
34.7799835	89.0601120	-0.5341894	0.5574151
36.5637131	89.0601120	-0.1161281	0.0696769
38.3474426	89.0601120	0.0000000	0.0000000
40.1311722	89.0601120	-0.2903203	0.9174123
41.9148979	89.0601120	0.0000000	0.0000000
43.6986275	89.0601120	-0.0348384	1.4864402
45.4823532	89.0601120	-0.0232256	1.3586992
47.2660828	89.0601120	-0.0580641	1.3703121
49.0498085	89.0601120	0.0116128	1.2890223
50.8335381	89.0601120	0.0232256	1.4980530
52.6172676	89.0601120	0.0929025	1.3586992
54.4009972	89.0601120	0.1161281	1.2774096
56.1847229	89.0601120	-0.0348384	1.0799917
57.9684486	89.0601120	0.1974178	0.4993510
59.7521782	89.0601120	0.5458022	0.2787075
61.5359077	89.0601120	0.8012841	1.3470864
63.3196297	89.0601120	0.7780585	1.5561171
65.1033630	89.0601120	0.0929025	1.3238608
66.8870850	89.0601120	0.0000000	0.0000000
68.6708145	89.0601120	0.0000000	0.0000000
70.4545441	89.0601120	0.0000000	0.0000000
72.2382736	89.0601120	0.0000000	0.0000000
0.8891521	90.8438416	0.0000000	0.0000000
2.6728802	90.8438416	0.0000000	0.0000000
4.4566083	90.8438416	-0.5109638	-1.2657967
6.2403364	90.8438416	-0.9290251	-0.1974178
8.0240641	90.8438416	-1.0683788	-0.0348384
9.8077927	90.8438416	-0.8012841	-0.0464513
11.5915203	90.8438416	-0.6387047	-0.1393538
13.3752489	90.8438416	-0.2670947	-0.0348384
15.1589766	90.8438416	-0.1045153	-0.0580641
16.9427032	90.8438416	0.1277409	0.0580641
18.7264328	90.8438416	-0.0464513	1.1845070
20.5101604	90.8438416	0.1509666	1.2309582
22.2938881	90.8438416	-0.8245097	0.5341895
24.0776157	90.8438416	-0.9987019	0.2322563
25.8613453	90.8438416	-1.0103147	0.2438691
27.6450729	90.8438416	-0.8477353	0.8825738
29.4288006	90.8438416	-0.4993510	0.0929025
31.2125282	90.8438416	0.0116128	0.0000000
32.9962578	90.8438416	-0.0929025	-0.0696769
34.7799835	90.8438416	-0.0464513	0.4761254
36.5637131	90.8438416	-0.1974178	0.8825738
38.3474426	90.8438416	-0.3367716	1.1728942
40.1311722	90.8438416	-0.4645125	1.3122480
41.9148979	90.8438416	-0.3019331	1.2890223
43.6986275	90.8438416	-0.1741922	1.6141812
45.4823532	90.8438416	-0.2206434	1.4980530
47.2660828	90.8438416	-0.0812897	1.3703121
49.0498085	90.8438416	-0.0348384	1.5096658
50.8335381	90.8438416	-0.0348384	1.6374067
52.6172676	90.8438416	0.0116128	1.4632145
54.4009972	90.8438416	0.4064485	1.3238608
56.1847229	90.8438416	0.6387047	1.1612813
57.9684486	90.8438416	0.5225766	0.6154791
59.7521782	90.8438416	0.0116128	0.8245098
61.5359077	90.8438416	0.2438691	1.3819249
63.3196297	90.8438416	0.7199944	1.6954708
65.1033630	90.8438416	0.0929025	1.4748274
66.8870850	90.8438416	-0.0232256	1.1148301
68.6708145	90.8438416	0.0000000	0.0000000
70.4545441	90.8438416	0.0000000	0.0000000
72.2382736	90.8438416	0.0000000	0.0000000
0.8891521	92.6275711	0.0000000	0.0000000
2.6728802	92.6275711	0.0000000	0.0000000
4.4566083	92.6275711	-0.0116128	-1.1148301
6.2403364	92.6275711	-0.6038663	-0.6387048
8.0240641	92.6275711	-0.7664456	-0.1741922
9.8077927	92.6275711	-0.7316072	-0.1045153
11.5915203	92.6275711	-0.8012841	-0.0696769
13.3752489	92.6275711	-0.2787075	-0.3251588
15.1589766	92.6275711	-0.2554819	-0.2090307
16.9427032	92.6275711	0.1161281	0.0464513
18.7264328	92.6275711	0.0000000	1.3238608
20.5101604	92.6275711	-0.2090306	1.3238608
22.2938881	92.6275711	-0.7432200	0.7548329
24.0776157	92.6275711	-0.8245097	0.2903203
25.8613453	92.6275711	-0.7896713	0.0929025
27.6450729	92.6275711	-0.6967688	0.1277409
29.4288006	92.6275711	-0.4528997	0.0696769
31.2125282	92.6275711	-0.6851560	-0.0696769
32.9962578	92.6275711	-0.4877381	-0.0929025
34.7799835	92.6275711	-0.2322563	0.0812897
36.5637131	92.6275711	0.0000000	0.0000000
38.3474426	92.6275711	0.0000000	0.0000000
40.1311722	92.6275711	-0.4528997	1.4167633
41.9148979	92.6275711	-0.4064485	1.2774096
43.6986275	92.6275711	-0.4412869	1.6490196
45.4823532	92.6275711	-0.5225766	1.6954708
47.2660828	92.6275711	-0.3367716	1.4516017
49.0498085	92.6275711	-0.1625794	1.4632145
50.8335381	92.6275711	-0.1161281	1.4516017
52.6172676	92.6275711	0.1393538	1.4748274
54.4009972	92.6275711	0.3716100	1.5793427
56.1847229	92.6275711	0.8012841	1.4283761
57.9684486	92.6275711	0.3948357	1.2077327
59.7521782	92.6275711	-0.1393538	0.8825738
61.5359077	92.6275711	0.0000000	1.3935376
63.3196297	92.6275711	-0.1974178	1.4748274
65.1033630	92.6275711	-0.0116128	0.8477354
66.8870850	92.6275711	0.0232256	0.5690279
68.6708145	92.6275711	0.0000000	0.0000000
70.4545441	92.6275711	0.0000000	0.0000000
72.2382736	92.6275711	0.0000000	0.0000000
0.8891521	94.4113007	0.0000000	0.0000000
2.6728802	94.4113007	0.0000000	0.0000000
4.4566083	94.4113007	-0.3019331	-1.0683789
6.2403364	94.4113007	-0.6735432	-0.5922535
8.0240641	94.4113007	-0.7083816	-0.0929025
9.8077927	94.4113007	-0.6387047	-0.0116128
11.5915203	94.4113007	0.0812897	-1.1612813
13.3752489	94.4113007	-0.0348384	-0.8941867
15.1589766	94.4113007	0.4412869	-0.1045153
16.9427032	94.4113007	0.0000000	0.0000000
18.7264328	94.4113007	0.0000000	0.0000000
20.5101604	94.4113007	0.0000000	0.0000000
22.2938881	94.4113007	0.0000000	0.0000000
24.0776157	94.4113007	-0.7548329	0.0116128
25.8613453	94.4113007	-0.7316072	-0.0116128
27.6450729	94.4113007	-0.6967688	0.0000000
29.4288006	94.4113007	-0.4064485	0.0696769
31.2125282	94.4113007	-0.6154791	-0.0116128
32.9962578	94.4113007	-0.6387047	0.0232256
34.7799835	94.4113007	0.0000000	0.0000000
36.5637131	94.4113007	-0.3483844	1.4748274
38.3474426	94.4113007	-0.2554819	1.4632145
40.1311722	94.4113007	-0.3367716	1.5328914
41.9148979	94.4113007	-0.2438691	1.6954708
43.6986275	94.4113007	-0.3135459	1.4748274
45.4823532	94.4113007	-0.3367716	1.4167633
47.2660828	94.4113007	0.0000000	0.0000000
49.0498085	94.4113007	0.0000000	0.0000000
50.8335381	94.4113007	-0.0116128	1.5212786
52.6172676	94.4113007	0.1161281	1.6141812
54.4009972	94.4113007	-0.0580641	1.3586992
56.1847229	94.4113007	0.0000000	0.7199945
57.9684486	94.4113007	0.0696769	1.1496686
59.7521782	94.4113007	-0.7432200	0.7896714
61.5359077	94.4113007	0.0000000	0.0000000
63.3196297	94.4113007	-0.0348384	0.8709611
65.1033630	94.4113007	-0.4064485	-0.0812897
66.8870850	94.4113007	-0.1045153	0.2090307
68.6708145	94.4113007	0.0116128	0.6967688
70.4545441	94.4113007	0.0000000	0.0000000
72.2382736	94.4113007	0.0000000	0.0000000
0.8891521	96.1950302	0.0000000	0.0000000
2.6728802	96.1950302	0.0000000	0.0000000
4.4566083	96.1950302	-0.8128969	-0.1741922
6.2403364	96.1950302	-0.4645125	0.0116128
8.0240641	96.1950302	-0.1161281	0.0000000
9.8077927	96.1950302	-0.0232256	-0.0929025
11.5915203	96.1950302	-0.0929025	-0.5341895
13.3752489	96.1950302	0.0000000	0.0000000
15.1589766	96.1950302	-0.5109638	-0.0696769
16.9427032	96.1950302	0.0000000	0.0000000
18.7264328	96.1950302	0.0000000	0.0000000
20.5101604	96.1950302	-0.6387047	1.5212786
22.2938881	96.1950302	0.0000000	0.0000000
24.0776157	96.1950302	-0.5458022	-0.0348384
25.8613453	96.1950302	-0.5341894	-0.1161281
27.6450729	96.1950302	-0.7664456	-0.0696769
29.4288006	96.1950302	-1.0567660	0.0116128
31.2125282	96.1950302	-0.9638635	0.0116128
32.9962578	96.1950302	-0.7432200	0.2090307
34.7799835	96.1950302	-1.3586991	1.6257939
36.5637131	96.1950302	-0.9522507	1.8812759
38.3474426	96.1950302	-0.6967688	1.9857912
40.1311722	96.1950302	0.0000000	0.0000000
41.9148979	96.1950302	-0.1625794	1.3935376
43.6986275	96.1950302	-0.3135459	1.5328914
45.4823532	96.1950302	-0.3832228	1.4632145
47.2660828	96.1950302	0.0464513	1.4051505
49.0498085	96.1950302	-0.0116128	1.4516017
50.8335381	96.1950302	-0.0580641	0.9754764
52.6172676	96.1950302	-0.0116128	1.2309582
54.4009972	96.1950302	-0.1509666	1.2657967
56.1847229	96.1950302	-0.0929025	0.8709611
57.9684486	96.1950302	-0.0580641	0.7896714
59.7521782	96.1950302	-0.5109638	0.6038663
61.5359077	96.1950302	-0.2670947	1.8115990
63.3196297	96.1950302	-0.4645125	0.3019332
65.1033630	96.1950302	-0.0696769	0.0580641
66.8870850	96.1950302	-0.1277409	-0.0348384
68.6708145	96.1950302	0.0000000	0.0000000
70.4545441	96.1950302	0.0000000	0.0000000
72.2382736	96.1950302	0.0000000	0.0000000
0.8891521	97.9787521	0.0000000	0.0000000
2.6728802	97.9787521	0.0000000	0.0000000
4.4566083	97.9787521	-0.7083816	-0.2438691
6.2403364	97.9787521	-0.5458022	-0.1277409
8.0240641	97.9787521	0.0116128	1.2193455
9.8077927	97.9787521	-0.3251588	-0.2554819
11.5915203	97.9787521	-0.1974178	-0.7199945
13.3752489	97.9787521	0.0000000	-1.2774096
15.1589766	97.9787521	-0.9057994	0.3135460
16.9427032	97.9787521	-0.8361225	0.1974178
18.7264328	97.9787521	-0.3367716	1.4283761
20.5101604	97.9787521	0.0000000	0.0000000
22.2938881	97.9787521	0.1045153	1.3470864
24.0776157	97.9787521	-0.2787075	0.0348384
25.8613453	97.9787521	-0.1277409	-0.0232256
27.6450729	97.9787521	-0.4528997	0.1509666
29.4288006	97.9787521	-0.7780585	0.0464513
31.2125282	97.9787521	-1.3122479	0.1509666
32.9962578	97.9787521	-1.2425710	0.2206435
34.7799835	97.9787521	-0.6270919	0.1393538
36.5637131	97.9787521	0.0000000	0.0000000
38.3474426	97.9787521	-0.8941866	2.7406242
40.1311722	97.9787521	0.0000000	0.0000000
41.9148979	97.9787521	-0.5690278	2.1251450
43.6986275	97.9787521	-0.5574150	1.5793427
45.4823532	97.9787521	0.0000000	0.0000000
47.2660828	97.9787521	0.0232256	1.3470864
49.0498085	97.9787521	0.1974178	1.2657967
50.8335381	97.9787521	-0.1161281	1.3354737
52.6172676	97.9787521	-0.0812897	1.6722453
54.4009972	97.9787521	-0.0580641	0.1161281
56.1847229	97.9787521	-0.7083816	0.1393538
57.9684486	97.9787521	-0.3599972	1.2657967
59.7521782	97.9787521	0.5806407	0.1509666
61.5359077	97.9787521	-0.1045153	0.2787075
63.3196297	97.9787521	-0.5109638	0.6038663
65.1033630	97.9787521	-0.4296741	0.1277409
66.8870850	97.9787521	-0.3135459	0.1277409
68.6708145	97.9787521	0.0000000	-1.3586992
70.4545441	97.9787521	0.0000000	0.0000000
72.2382736	97.9787521	0.0000000	0.0000000
0.8891521	99.7624817	0.0000000	0.0000000
2.6728802	99.7624817	0.0000000	0.0000000
4.4566083	99.7624817	-0.9174122	-0.1393538
6.2403364	99.7624817	-0.7780585	-0.3135460
8.0240641	99.7624817	-0.7083816	-0.5806407
9.8077927	99.7624817	-0.6619303	-0.4296741
11.5915203	99.7624817	-0.7316072	-0.3019332
13.3752489	99.7624817	-0.9754763	0.1509666
15.1589766	99.7624817	-1.1612813	0.9290251
16.9427032	99.7624817	-0.8709610	1.2077327
18.7264328	99.7624817	-0.7896713	1.4864402
20.5101604	99.7624817	-0.5458022	1.4283761
22.2938881	99.7624817	0.0696769	0.1974178
24.0776157	99.7624817	-0.1277409	0.1858050
25.8613453	99.7624817	-0.2554819	0.2670947
27.6450729	99.7624817	-0.4296741	0.3367716
29.4288006	99.7624817	-0.4180613	0.2670947
31.2125282	99.7624817	0.0000000	0.0000000
32.9962578	99.7624817	-1.2774094	0.4412869
34.7799835	99.7624817	0.0000000	0.0000000
36.5637131	99.7624817	0.0000000	0.0000000
38.3474426	99.7624817	-0.9290251	2.7057858
40.1311722	99.7624817	0.0000000	0.0000000
41.9148979	99.7624817	-0.5922534	2.1483705
43.6986275	99.7624817	-0.3251588	1.4864402
45.4823532	99.7624817	0.0000000	1.7883734
47.2660828	99.7624817	0.1161281	1.6954708
49.0498085	99.7624817	0.1161281	1.4980530
50.8335381	99.7624817	-0.1974178	1.2657967
52.6172676	99.7624817	-0.6038663	1.4283761
54.4009972	99.7624817	-0.1509666	0.1509666
56.1847229	99.7624817	-0.7664456	0.1509666
57.9684486	99.7624817	0.0000000	0.0000000
59.7521782	99.7624817	0.0000000	0.0000000
61.5359077	99.7624817	-0.7896713	1.4632145
63.3196297	99.7624817	-0.4528997	1.0103148
65.1033630	99.7624817	0.0000000	0.0000000
66.8870850	99.7624817	0.0696769	0.0464513
68.6708145	99.7624817	0.0000000	0.0000000
70.4545441	99.7624817	0.0000000	0.0000000
72.2382736	99.7624817	0.0000000	0.0000000
0.8891521	101.5462112	0.0000000	0.0000000
2.6728802	101.5462112	0.0000000	0.0000000
4.4566083	101.5462112	-0.5225766	-0.3251588
6.2403364	101.5462112	-0.4180613	-0.1045153
8.0240641	101.5462112	-0.6735432	-0.3948357
9.8077927	101.5462112	-0.6387047	-0.3599972
11.5915203	101.5462112	-1.0451531	-0.0232256
13.3752489	101.5462112	-1.3703120	0.6851560
15.1589766	101.5462112	-1.1961198	1.1148301
16.9427032	101.5462112	-0.9754763	1.3238608
18.7264328	101.5462112	-0.6038663	1.4399890
20.5101604	101.5462112	0.0000000	0.0000000
22.2938881	101.5462112	0.0116128	0.3948357
24.0776157	101.5462112	0.2090306	0.4877382
25.8613453	101.5462112	0.0000000	0.0000000
27.6450729	101.5462112	-0.2787075	0.7199945
29.4288006	101.5462112	-0.5690278	0.6270919
31.2125282	101.5462112	-0.6967688	1.0451533
32.9962578	101.5462112	-0.9987019	1.0567660
34.7799835	101.5462112	0.0000000	0.0000000
36.5637131	101.5462112	-1.4283760	2.2064347
38.3474426	101.5462112	0.0000000	0.0000000
40.1311722	101.5462112	-0.0812897	1.4748274
41.9148979	101.5462112	-0.0232256	1.7767606
43.6986275	101.5462112	-0.0696769	2.7986882
45.4823532	101.5462112	-0.0464513	1.8812759
47.2660828	101.5462112	-0.2787075	1.9509528
49.0498085	101.5462112	-0.4761253	1.8348246
50.8335381	101.5462112	-0.1974178	1.6374067
52.6172676	101.5462112	-0.5341894	0.0580641
54.4009972	101.5462112	0.0000000	0.0000000
56.1847229	101.5462112	0.0000000	0.0000000
57.9684486	101.5462112	-0.4993510	1.3586992
59.7521782	101.5462112	0.0000000	0.0000000
61.5359077	101.5462112	-0.8825738	1.5096658
63.3196297	101.5462112	-0.2090306	0.7199945
65.1033630	101.5462112	0.0000000	0.0000000
66.8870850	101.5462112	-0.3251588	0.1741922
68.6708145	101.5462112	-0.0232256	1.4167633
70.4545441	101.5462112	0.0000000	0.0000000
72.2382736	101.5462112	0.0000000	0.0000000
0.8891521	103.3299408	0.0000000	0.0000000
2.6728802	103.3299408	0.0000000	0.0000000
4.4566083	103.3299408	-0.1161281	-0.2670947
6.2403364	103.3299408	-0.1045153	-0.0464513
8.0240641	103.3299408	-0.4761253	-0.1393538
9.8077927	103.3299408	-1.3470863	-0.0580641
11.5915203	103.3299408	-1.2425710	0.0929025
13.3752489	103.3299408	-1.1148300	0.2554819
15.1589766	103.3299408	-1.0683788	1.2657967
16.9427032	103.3299408	-1.1380557	1.3586992
18.7264328	103.3299408	-0.1509666	1.3703121
20.5101604	103.3299408	0.0000000	0.0000000
22.2938881	103.3299408	-0.5806407	0.1974178
24.0776157	103.3299408	-0.4064485	0.6387048
25.8613453	103.3299408	0.0000000	0.0000000
27.6450729	103.3299408	-0.4761253	0.6851560
29.4288006	103.3299408	-0.9174122	1.2425711
31.2125282	103.3299408	-0.7432200	1.3122480
32.9962578	103.3299408	-1.2193453	1.4167633
34.7799835	103.3299408	-0.8477353	1.5677298
36.5637131	103.3299408	-0.6387047	1.7535349
38.3474426	103.3299408	-1.0219276	1.3703121
40.1311722	103.3299408	-0.8012841	0.6735432
41.9148979	103.3299408	-0.6270919	2.2877243
43.6986275	103.3299408	-0.4528997	2.2761116
45.4823532	103.3299408	-0.5225766	2.4270780
47.2660828	103.3299408	-0.2322563	2.3109500
49.0498085	103.3299408	-0.4296741	1.9625655
50.8335381	103.3299408	-0.1741922	1.7419221
52.6172676	103.3299408	-0.0580641	2.0322425
54.4009972	103.3299408	-0.0929025	2.1599834
56.1847229	103.3299408	-0.3251588	1.8580502
57.9684486	103.3299408	0.5922534	1.3819249
59.7521782	103.3299408	0.5109638	1.4051505
61.5359077	103.3299408	-0.4761253	1.0219276
63.3196297	103.3299408	-0.3483844	1.1148301
65.1033630	103.3299408	-0.0580641	1.2657967
66.8870850	103.3299408	-0.2670947	0.6619304
68.6708145	103.3299408	0.0000000	0.0000000
70.4545441	103.3299408	0.0000000	0.0000000
72.2382736	103.3299408	0.0000000	0.0000000
0.8891521	105.1136703	0.0000000	0.0000000
2.6728802	105.1136703	0.0000000	0.0000000
4.4566083	105.1136703	-0.0929025	-0.5109638
6.2403364	105.1136703	-0.1161281	0.0929025
8.0240641	105.1136703	-0.2322563	0.0812897
9.8077927	105.1136703	-0.4993510	0.1858050
11.5915203	105.1136703	-1.0103147	0.4761254
13.3752489	105.1136703	-1.2774094	0.2322563
15.1589766	105.1136703	-1.2657967	0.7780585
16.9427032	105.1136703	-0.9290251	1.2193455
18.7264328	105.1136703	0.0000000	0.0000000
20.5101604	105.1136703	-0.9290251	0.0812897
22.2938881	105.1136703	-0.5458022	0.6619304
24.0776157	105.1136703	-0.7316072	0.7083817
25.8613453	105.1136703	0.0000000	0.0000000
27.6450729	105.1136703	-0.4296741	0.5341895
29.4288006	105.1136703	-0.5690278	0.9174123
31.2125282	105.1136703	-0.6619303	1.4399890
32.9962578	105.1136703	-0.7780585	1.5212786
34.7799835	105.1136703	-1.2425710	1.6374067
36.5637131	105.1136703	-0.9290251	1.3819249
38.3474426	105.1136703	-0.7199944	0.8245098
40.1311722	105.1136703	-0.8128969	0.8941867
41.9148979	105.1136703	-0.2090306	0.0696769
43.6986275	105.1136703	-0.2090306	0.0696769
45.4823532	105.1136703	-0.5690278	2.6941729
47.2660828	105.1136703	0.0000000	0.0000000
49.0498085	105.1136703	-0.1509666	2.2761116
50.8335381	105.1136703	0.0116128	2.3574011
52.6172676	105.1136703	0.2322563	2.0903065
54.4009972	105.1136703	0.3251588	2.0903065
56.1847229	105.1136703	0.0000000	0.0000000
57.9684486	105.1136703	0.3716100	1.5793427
59.7521782	105.1136703	0.4180613	1.6141812
61.5359077	105.1136703	-0.5806407	0.7316073
63.3196297	105.1136703	-0.4296741	0.7664457
65.1033630	105.1136703	-0.1045153	0.7316073
66.8870850	105.1136703	0.0116128	0.9870892
68.6708145	105.1136703	0.0000000	0.0000000
70.4545441	105.1136703	0.0000000	0.0000000
72.2382736	105.1136703	0.0000000	0.0000000
0.8891521	106.8973999	0.0000000	0.0000000
2.6728802	106.8973999	0.0000000	0.0000000
4.4566083	106.8973999	-0.0232256	-0.6503175
6.2403364	106.8973999	-0.2206434	-0.0696769
8.0240641	106.8973999	-0.3599972	-0.1509666
9.8077927	106.8973999	-0.4412869	0.1741922
11.5915203	106.8973999	-0.6851560	0.3367716
13.3752489	106.8973999	-0.7780585	0.1277409
15.1589766	106.8973999	-0.6387047	0.0696769
16.9427032	106.8973999	0.0000000	0.0000000
18.7264328	106.8973999	0.1045153	-0.1161281
20.5101604	106.8973999	-1.1728941	1.3122480
22.2938881	106.8973999	-0.5225766	0.2903203
24.0776157	106.8973999	-0.8361225	1.1728942
25.8613453	106.8973999	-0.8941866	0.9406379
27.6450729	106.8973999	-0.4412869	1.1380558
29.4288006	106.8973999	-0.1625794	0.9870892
31.2125282	106.8973999	-0.2670947	1.1612813
32.9962578	106.8973999	-0.3948357	1.6141812
34.7799835	106.8973999	-0.5690278	1.5212786
36.5637131	106.8973999	-0.0929025	0.9522507
38.3474426	106.8973999	-1.1148300	0.8245098
40.1311722	106.8973999	-0.7199944	1.2774096
41.9148979	106.8973999	-1.0916045	2.7870753
43.6986275	106.8973999	-0.8245097	2.8219137
45.4823532	106.8973999	-0.2554819	2.3690140
47.2660828	106.8973999	0.0000000	0.0000000
49.0498085	106.8973999	-0.2322563	2.8683650
50.8335381	106.8973999	0.0464513	2.5432062
52.6172676	106.8973999	0.2670947	2.2877243
54.4009972	106.8973999	0.4412869	2.8103011
56.1847229	106.8973999	0.0812897	2.3457885
57.9684486	106.8973999	0.1045153	1.8812759
59.7521782	106.8973999	-0.4993510	0.2438691
61.5359077	106.8973999	-0.5806407	0.0348384
63.3196297	106.8973999	-0.3716100	0.1741922
65.1033630	106.8973999	-0.2206434	0.2787075
66.8870850	106.8973999	0.0696769	0.7199945
68.6708145	106.8973999	0.0348384	-0.7780585
70.4545441	106.8973999	0.0000000	0.0000000
72.2382736	106.8973999	0.0000000	0.0000000
0.8891521	108.6811218	0.0000000	0.0000000
2.6728802	108.6811218	0.0000000	0.0000000
4.4566083	108.6811218	-0.0464513	-0.6967688
6.2403364	108.6811218	0.1045153	-0.2206435
8.0240641	108.6811218	0.0000000	-0.5922535
9.8077927	108.6811218	-0.0464513	-0.1277409
11.5915203	108.6811218	-0.1974178	0.1509666
13.3752489	108.6811218	-0.3367716	0.1045153
15.1589766	108.6811218	-0.9290251	0.7083817
16.9427032	108.6811218	-1.5445042	1.2425711
18.7264328	108.6811218	-0.5690278	0.1858050
20.5101604	108.6811218	-0.7432200	0.2903203
22.2938881	108.6811218	-0.7664456	1.2890223
24.0776157	108.6811218	-1.1496685	1.3354737
25.8613453	108.6811218	-0.7199944	0.2670947
27.6450729	108.6811218	-0.7896713	0.4993510
29.4288006	108.6811218	-0.1161281	1.1264429
31.2125282	108.6811218	-0.0580641	0.7896714
32.9962578	108.6811218	-0.3832228	1.5212786
34.7799835	108.6811218	-0.3367716	1.5096658
36.5637131	108.6811218	-0.2322563	1.5677298
38.3474426	108.6811218	-0.3599972	1.1148301
40.1311722	108.6811218	-0.4877381	1.2193455
41.9148979	108.6811218	-0.6851560	2.8335266
43.6986275	108.6811218	-0.8245097	2.8451395
45.4823532	108.6811218	-0.1858050	3.2399750
47.2660828	108.6811218	-0.6967688	1.9625655
49.0498085	108.6811218	-0.5690278	3.1935239
50.8335381	108.6811218	-0.1625794	3.1586854
52.6172676	108.6811218	0.0812897	2.7638497
54.4009972	108.6811218	0.1974178	2.7986882
56.1847229	108.6811218	0.0000000	0.0000000
57.9684486	108.6811218	0.0000000	0.0000000
59.7521782	108.6811218	0.0696769	-0.1393538
61.5359077	108.6811218	0.0000000	0.0348384
63.3196297	108.6811218	-0.1393538	0.3135460
65.1033630	108.6811218	0.0116128	0.4993510
66.8870850	108.6811218	0.1045153	0.3367716
68.6708145	108.6811218	0.0000000	0.0000000
70.4545441	108.6811218	0.0000000	0.0000000
72.2382736	108.6811218	0.0000000	0.0000000
0.8891521	110.4648514	0.0000000	0.0000000
2.6728802	110.4648514	-0.0696769	-1.0451533
4.4566083	110.4648514	-0.0812897	-0.7664457
6.2403364	110.4648514	0.0348384	-0.5690279
8.0240641	110.4648514	0.0696769	-0.6619304
9.8077927	110.4648514	-0.0116128	-0.5690279
11.5915203	110.4648514	-0.0348384	0.1625794
13.3752489	110.4648514	-0.1974178	0.1858050
15.1589766	110.4648514	-0.7896713	0.8825738
16.9427032	110.4648514	-0.7083816	0.3599972
18.7264328	110.4648514	-0.3948357	0.3716100
20.5101604	110.4648514	-0.3832228	0.7780585
22.2938881	110.4648514	-0.4877381	1.3354737
24.0776157	110.4648514	-1.2425710	1.7070837
25.8613453	110.4648514	-1.3586991	0.7199945
27.6450729	110.4648514	-1.5561169	0.7432201
29.4288006	110.4648514	-1.3586991	0.9290251
31.2125282	110.4648514	-1.1496685	1.0219276
32.9962578	110.4648514	-0.2090306	1.5909555
34.7799835	110.4648514	0.0116128	1.7303092
36.5637131	110.4648514	0.1161281	1.6025683
38.3474426	110.4648514	-0.1741922	1.4980530
40.1311722	110.4648514	-0.3367716	1.6257939
41.9148979	110.4648514	-0.0232256	1.6374067
43.6986275	110.4648514	-0.5458022	3.0193317
45.4823532	110.4648514	-0.8593482	2.6012702
47.2660828	110.4648514	-0.9290251	2.8219137
49.0498085	110.4648514	-0.6619303	3.1122341
50.8335381	110.4648514	-0.0696769	3.2632008
52.6172676	110.4648514	0.0348384	3.1586854
54.4009972	110.4648514	0.0580641	2.9844933
56.1847229	110.4648514	-0.5806407	2.2993371
57.9684486	110.4648514	0.0000000	0.0000000
59.7521782	110.4648514	-0.0232256	-0.0696769
61.5359077	110.4648514	-0.0348384	0.0929025
63.3196297	110.4648514	-0.0116128	0.2670947
65.1033630	110.4648514	0.0464513	0.1277409
66.8870850	110.4648514	0.0348384	0.0116128
68.6708145	110.4648514	0.0812897	0.3716100
70.4545441	110.4648514	0.0000000	0.0000000
72.2382736	110.4648514	0.0000000	0.0000000
0.8891521	112.2485809	0.0000000	0.0000000
2.6728802	112.2485809	0.0000000	0.0000000
4.4566083	112.2485809	-0.0464513	-0.6967688
6.2403364	112.2485809	0.0116128	-0.5922535
8.0240641	112.2485809	0.0116128	-0.6619304
9.8077927	112.2485809	-0.1045153	-0.4993510
11.5915203	112.2485809	-0.1741922	-0.0929025
13.3752489	112.2485809	-0.2090306	0.2322563
15.1589766	112.2485809	-0.5341894	0.1974178
16.9427032	112.2485809	-0.5341894	0.0000000
18.7264328	112.2485809	-0.6038663	-0.0232256
20.5101604	112.2485809	-0.6387047	-0.1509666
22.2938881	112.2485809	-0.6270919	1.4748274
24.0776157	112.2485809	-1.4632144	1.4980530
25.8613453	112.2485809	0.0000000	0.0000000
27.6450729	112.2485809	0.0000000	0.0000000
29.4288006	112.2485809	-1.0683788	0.8012841
31.2125282	112.2485809	-0.5225766	1.1032174
32.9962578	112.2485809	-0.6154791	1.1845070
34.7799835	112.2485809	0.0116128	1.4980530
36.5637131	112.2485809	-0.1045153	1.4748274
38.3474426	112.2485809	-0.0464513	1.5561171
40.1311722	112.2485809	-0.0116128	1.4167633
41.9148979	112.2485809	-0.7664456	3.1006212
43.6986275	112.2485809	-0.7199944	3.3561032
45.4823532	112.2485809	-0.3599972	1.4283761
47.2660828	112.2485809	-0.2438691	1.3122480
49.0498085	112.2485809	-0.9522507	2.6825600
50.8335381	112.2485809	-0.1625794	3.1470726
52.6172676	112.2485809	0.0696769	3.2051365
54.4009972	112.2485809	0.0464513	2.9844933
56.1847229	112.2485809	-0.3599972	2.3457885
57.9684486	112.2485809	0.0580641	0.3483844
59.7521782	112.2485809	0.1161281	0.0116128
61.5359077	112.2485809	0.0232256	0.2090307
63.3196297	112.2485809	0.0464513	0.3832228
65.1033630	112.2485809	0.1277409	-0.0116128
66.8870850	112.2485809	0.1393538	-0.0812897
68.6708145	112.2485809	0.0000000	0.0000000
70.4545441	112.2485809	0.0000000	0.0000000
72.2382736	112.2485809	0.0000000	0.0000000
0.8891521	114.0323029	0.0000000	0.0000000
2.6728802	114.0323029	0.0000000	0.0000000
4.4566083	114.0323029	0.0000000	0.0000000
6.2403364	114.0323029	-0.1741922	-0.0696769
8.0240641	114.0323029	-0.1045153	-0.1741922
9.8077927	114.0323029	-0.1277409	-0.7083817
11.5915203	114.0323029	-0.1625794	-0.5690279
13.3752489	114.0323029	-0.6619303	0.0929025
15.1589766	114.0323029	-0.6967688	0.0232256
16.9427032	114.0323029	-0.5690278	-0.0812897
18.7264328	114.0323029	-0.7199944	-0.0812897
20.5101604	114.0323029	-0.8012841	0.0464513
22.2938881	114.0323029	-1.0103147	2.0438552
24.0776157	114.0323029	-2.1135321	0.7664457
25.8613453	114.0323029	-1.4399889	0.5458022
27.6450729	114.0323029	-1.3238606	0.5574151
29.4288006	114.0323029	-0.5690278	1.3354737
31.2125282	114.0323029	-0.5574150	1.3006351
32.9962578	114.0323029	-1.0451531	1.1961198
34.7799835	114.0323029	0.0000000	1.1380558
36.5637131	114.0323029	-0.6619303	1.4051505
38.3474426	114.0323029	0.0000000	0.0000000
40.1311722	114.0323029	0.0000000	0.0000000
41.9148979	114.0323029	-0.7316072	3.6696491
43.6986275	114.0323029	-0.5341894	3.6812620
45.4823532	114.0323029	-0.0580641	3.2399750
47.2660828	114.0323029	-0.1045153	2.3574011
49.0498085	114.0323029	0.0232256	2.5432062
50.8335381	114.0323029	0.1277409	3.2515879
52.6172676	114.0323029	-0.0696769	3.4373930
54.4009972	114.0323029	-0.1161281	3.4490058
56.1847229	114.0323029	-0.2787075	1.8464375
57.9684486	114.0323029	0.1858050	0.6851560
59.7521782	114.0323029	0.1161281	0.0580641
61.5359077	114.0323029	0.0348384	0.0580641
63.3196297	114.0323029	0.0348384	0.0232256
65.1033630	114.0323029	0.0116128	-0.0232256
66.8870850	114.0323029	-0.0812897	0.7664457
68.6708145	114.0323029	0.0000000	0.0000000
70.4545441	114.0323029	0.0000000	0.0000000
72.2382736	114.0323029	0.0000000	0.0000000
0.8891521	115.8160324	0.0000000	0.0000000
2.6728802	115.8160324	0.0000000	0.0000000
4.4566083	115.8160324	-1.1845069	-0.0929025
6.2403364	115.8160324	-0.8012841	-0.2670947
8.0240641	115.8160324	-0.3948357	-0.3367716
9.8077927	115.8160324	-0.1161281	-0.4761254
11.5915203	115.8160324	0.0000000	-0.1393538
13.3752489	115.8160324	-0.1277409	0.3367716
15.1589766	115.8160324	-0.4645125	0.1045153
16.9427032	115.8160324	-0.7316072	0.0000000
18.7264328	115.8160324	-0.7548329	-0.0812897
20.5101604	115.8160324	-0.8825738	1.4864402
22.2938881	115.8160324	-1.5793426	-0.4993510
24.0776157	115.8160324	-2.0206294	0.9290251
25.8613453	115.8160324	-1.5561169	0.9870892
27.6450729	115.8160324	-1.3703120	0.3367716
29.4288006	115.8160324	-0.8709610	0.3599972
31.2125282	115.8160324	-0.8825738	1.1496686
32.9962578	115.8160324	-1.3006351	1.3935376
34.7799835	115.8160324	-1.4516016	1.8232118
36.5637131	115.8160324	-1.3122479	1.9161143
38.3474426	115.8160324	-1.0335404	-0.0348384
40.1311722	115.8160324	0.0000000	0.0000000
41.9148979	115.8160324	0.1045153	0.3832228
43.6986275	115.8160324	-1.6838579	0.2787075
45.4823532	115.8160324	-0.0348384	3.6812620
47.2660828	115.8160324	0.0000000	3.3909416
49.0498085	115.8160324	0.2206434	2.9148164
50.8335381	115.8160324	0.1858050	1.9974040
52.6172676	115.8160324	-0.7199944	1.4864402
54.4009972	115.8160324	-0.3019331	1.7419221
56.1847229	115.8160324	-0.0464513	1.6257939
57.9684486	115.8160324	0.1509666	1.0335405
59.7521782	115.8160324	0.0348384	-0.0348384
61.5359077	115.8160324	0.0580641	-0.1277409
63.3196297	115.8160324	0.0929025	-0.1625794
65.1033630	115.8160324	0.0929025	-0.1277409
66.8870850	115.8160324	0.1161281	-0.1161281
68.6708145	115.8160324	0.0000000	0.0000000
70.4545441	115.8160324	0.0000000	0.0000000
72.2382736	115.8160324	0.0000000	0.0000000
0.8891521	117.5997620	0.0000000	0.0000000
2.6728802	117.5997620	0.0000000	0.0000000
4.4566083	117.5997620	-0.2903203	-0.0348384
6.2403364	117.5997620	-0.4180613	-0.1741922
8.0240641	117.5997620	-0.0464513	-0.3019332
9.8077927	117.5997620	0.0348384	-0.3251588
11.5915203	117.5997620	0.0580641	0.1509666
13.3752489	117.5997620	0.0929025	0.5341895
15.1589766	117.5997620	0.1045153	0.6270919
16.9427032	117.5997620	-0.7083816	-0.0696769
18.7264328	117.5997620	-0.7316072	-0.0348384
20.5101604	117.5997620	-0.8128969	0.1625794
22.2938881	117.5997620	-0.6038663	1.6257939
24.0776157	117.5997620	-1.9161141	1.2774096
25.8613453	117.5997620	-1.3935375	0.6270919
27.6450729	117.5997620	-1.2309582	0.5109638
29.4288006	117.5997620	-1.0799916	0.9870892
31.2125282	117.5997620	-1.1728941	1.6025683
32.9962578	117.5997620	-1.0916045	1.3819249
34.7799835	117.5997620	-1.0219276	1.6838580
36.5637131	117.5997620	-0.7316072	1.6954708
38.3474426	117.5997620	-0.7780585	1.4051505
40.1311722	117.5997620	0.0000000	0.0000000
41.9148979	117.5997620	0.0000000	0.0000000
43.6986275	117.5997620	-0.5225766	3.8786798
45.4823532	117.5997620	-0.4761253	3.5070698
47.2660828	117.5997620	-0.5690278	2.7986882
49.0498085	117.5997620	0.0000000	0.0000000
50.8335381	117.5997620	-0.6967688	1.9161143
52.6172676	117.5997620	-0.6038663	1.7999861
54.4009972	117.5997620	-0.6387047	2.0438552
56.1847229	117.5997620	0.1509666	0.5225766
57.9684486	117.5997620	0.1509666	0.4064485
59.7521782	117.5997620	0.1625794	-0.0580641
61.5359077	117.5997620	0.1509666	-0.1277409
63.3196297	117.5997620	0.1277409	-0.0580641
65.1033630	117.5997620	0.2322563	-0.0464513
66.8870850	117.5997620	0.6270919	0.6851560
68.6708145	117.5997620	-0.0116128	-1.4632145
70.4545441	117.5997620	0.0000000	0.0000000
72.2382736	117.5997620	0.0000000	0.0000000
0.8891521	119.3834915	0.0000000	0.0000000
2.6728802	119.3834915	-0.0812897	0.2670947
4.4566083	119.3834915	-0.1625794	0.1858050
6.2403364	119.3834915	-0.0232256	0.0696769
8.0240641	119.3834915	-0.0348384	0.0000000
9.8077927	119.3834915	0.0000000	0.1277409
11.5915203	119.3834915	0.0000000	0.3483844
13.3752489	119.3834915	0.1045153	0.5574151
15.1589766	119.3834915	0.1509666	0.7548329
16.9427032	119.3834915	-0.2670947	0.5806407
18.7264328	119.3834915	-0.7664456	0.4180613
20.5101604	119.3834915	-1.1612813	0.4993510
22.2938881	119.3834915	-1.3935375	0.9754764
24.0776157	119.3834915	-1.0335404	1.5328914
25.8613453	119.3834915	0.0000000	0.0000000
27.6450729	119.3834915	-0.9057994	0.4412869
29.4288006	119.3834915	-1.2774094	1.3006351
31.2125282	119.3834915	-1.2077326	1.4516017
32.9962578	119.3834915	-1.3006351	1.5677298
34.7799835	119.3834915	-0.9754763	1.8928887
36.5637131	119.3834915	-0.7432200	1.7883734
38.3474426	119.3834915	-0.8709610	1.4516017
40.1311722	119.3834915	-0.6503175	1.9974040
41.9148979	119.3834915	-0.4645125	3.6115851
43.6986275	119.3834915	-0.7316072	3.6812620
45.4823532	119.3834915	0.0000000	0.0000000
47.2660828	119.3834915	-1.1380557	2.6941729
49.0498085	119.3834915	-0.9870891	2.8451395
50.8335381	119.3834915	0.0000000	0.0000000
52.6172676	119.3834915	-0.8361225	2.1367579
54.4009972	119.3834915	-0.5458022	0.6619304
56.1847229	119.3834915	-0.1974178	0.1625794
57.9684486	119.3834915	-0.0696769	0.2438691
59.7521782	119.3834915	0.3019331	-0.0464513
61.5359077	119.3834915	0.2554819	-0.0696769
63.3196297	119.3834915	0.1858050	0.0812897
65.1033630	119.3834915	0.4296741	-0.0464513
66.8870850	119.3834915	0.6503175	0.7199945
68.6708145	119.3834915	0.4064485	-0.1277409
70.4545441	119.3834915	0.0000000	0.0000000
72.2382736	119.3834915	0.0000000	0.0000000
0.8891521	121.1672211	0.0000000	0.0000000
2.6728802	121.1672211	0.0116128	0.3019332
4.4566083	121.1672211	-0.0929025	0.2090307
6.2403364	121.1672211	-0.0580641	0.1974178
8.0240641	121.1672211	0.0348384	0.1277409
9.8077927	121.1672211	0.0232256	0.4412869
11.5915203	121.1672211	0.1277409	0.4993510
13.3752489	121.1672211	0.1393538	0.7083817
15.1589766	121.1672211	0.2322563	0.6387048
16.9427032	121.1672211	-0.2438691	0.9522507
18.7264328	121.1672211	-0.2787075	0.9522507
20.5101604	121.1672211	-1.3586991	0.7664457
22.2938881	121.1672211	-1.2774094	0.5574151
24.0776157	121.1672211	-1.3238606	1.0799917
25.8613453	121.1672211	-1.1845069	1.3586992
27.6450729	121.1672211	-0.8825738	0.5806407
29.4288006	121.1672211	-0.6851560	0.8128970
31.2125282	121.1672211	-0.8128969	1.3238608
32.9962578	121.1672211	-0.1393538	1.5212786
34.7799835	121.1672211	-0.7780585	1.7535349
36.5637131	121.1672211	-0.5806407	1.0799917
38.3474426	121.1672211	-0.8941866	1.2890223
40.1311722	121.1672211	-0.6735432	-0.0464513
41.9148979	121.1672211	-0.7896713	3.4490058
43.6986275	121.1672211	-1.1961198	3.5070698
45.4823532	121.1672211	-1.7070835	2.9032035
47.2660828	121.1672211	0.0000000	0.0000000
49.0498085	121.1672211	-1.3006351	2.2877243
50.8335381	121.1672211	-0.2438691	2.1019194
52.6172676	121.1672211	-0.5109638	2.5896575
54.4009972	121.1672211	0.0000000	0.0000000
56.1847229	121.1672211	0.1277409	-0.0812897
57.9684486	121.1672211	0.1625794	-0.1393538
59.7521782	121.1672211	0.3483844	-0.1509666
61.5359077	121.1672211	0.4412869	-0.0696769
63.3196297	121.1672211	0.2090306	-0.0348384
65.1033630	121.1672211	0.1858050	-0.0348384
66.8870850	121.1672211	0.0929025	-0.1393538
68.6708145	121.1672211	0.0000000	0.0000000
70.4545441	121.1672211	0.0000000	0.0000000
72.2382736	121.1672211	0.0000000	0.0000000
0.8891521	122.9509506	0.0000000	0.0000000
2.6728802	122.9509506	0.0000000	0.6967688
4.4566083	122.9509506	0.0580641	0.4761254
6.2403364	122.9509506	-0.0348384	0.0696769
8.0240641	122.9509506	-0.1858050	0.1509666
9.8077927	122.9509506	0.0000000	0.6270919
11.5915203	122.9509506	0.0696769	0.5341895
13.3752489	122.9509506	-0.3599972	0.3251588
15.1589766	122.9509506	-0.2438691	0.2787075
16.9427032	122.9509506	-0.3251588	0.7316073
18.7264328	122.9509506	-0.1625794	1.2077327
20.5101604	122.9509506	-0.7316072	0.0464513
22.2938881	122.9509506	-0.4761253	0.2903203
24.0776157	122.9509506	-0.8245097	0.8941867
25.8613453	122.9509506	-0.5341894	0.8128970
27.6450729	122.9509506	-0.5922534	0.1393538
29.4288006	122.9509506	-0.7316072	0.4064485
31.2125282	122.9509506	-0.9870891	1.6606324
32.9962578	122.9509506	-0.8361225	2.1715963
34.7799835	122.9509506	-0.9057994	1.6606324
36.5637131	122.9509506	-0.7664456	1.4516017
38.3474426	122.9509506	-0.6735432	1.4980530
40.1311722	122.9509506	-0.7896713	2.1251450
41.9148979	122.9509506	-0.7548329	2.9844933
43.6986275	122.9509506	-0.9406378	3.4490058
45.4823532	122.9509506	-1.0451531	3.2748134
47.2660828	122.9509506	0.0000000	0.0000000
49.0498085	122.9509506	-0.7432200	2.0903065
50.8335381	122.9509506	-0.4296741	2.1135321
52.6172676	122.9509506	-0.0812897	2.0090168
54.4009972	122.9509506	-0.0232256	2.1135321
56.1847229	122.9509506	0.1741922	0.3251588
57.9684486	122.9509506	0.5690278	-0.0348384
59.7521782	122.9509506	0.4180613	-0.1393538
61.5359077	122.9509506	0.3832228	-0.1045153
63.3196297	122.9509506	0.0000000	0.0000000
65.1033630	122.9509506	0.1277409	-0.0116128
66.8870850	122.9509506	0.1161281	0.0116128
68.6708145	122.9509506	0.0000000	0.0000000
70.4545441	122.9509506	0.0000000	0.0000000
72.2382736	122.9509506	0.0000000	0.0000000
0.8891521	124.7346802	0.0000000	0.0000000
2.6728802	124.7346802	0.0696769	0.9638636
4.4566083	124.7346802	0.1161281	0.8593482
6.2403364	124.7346802	-0.3716100	0.0580641
8.0240641	124.7346802	-0.7432200	0.1625794
9.8077927	124.7346802	-0.3716100	0.8941867
11.5915203	124.7346802	-0.0696769	0.6851560
13.3752489	124.7346802	-0.3716100	0.1277409
15.1589766	124.7346802	0.0580641	0.6387048
16.9427032	124.7346802	0.2090306	0.4412869
18.7264328	124.7346802	0.1045153	0.6387048
20.5101604	124.7346802	0.2090306	0.2670947
22.2938881	124.7346802	0.1277409	0.1509666
24.0776157	124.7346802	-0.0464513	0.1741922
25.8613453	124.7346802	-0.3019331	0.3135460
27.6450729	124.7346802	-0.6851560	0.2787075
29.4288006	124.7346802	-0.5806407	0.4761254
31.2125282	124.7346802	-1.4167632	2.1483705
32.9962578	124.7346802	-1.3238606	2.3109500
34.7799835	124.7346802	-1.3238606	2.1832089
36.5637131	124.7346802	0.0000000	0.0000000
38.3474426	124.7346802	-0.5690278	1.7070837
40.1311722	124.7346802	-0.7083816	2.0903065
41.9148979	124.7346802	-0.4761253	2.3574011
43.6986275	124.7346802	-0.6503175	2.9728804
45.4823532	124.7346802	0.0000000	0.0000000
47.2660828	124.7346802	-0.7083816	2.3457885
49.0498085	124.7346802	-0.6967688	2.3341756
50.8335381	124.7346802	-0.5341894	2.1483705
52.6172676	124.7346802	-0.3019331	1.8696630
54.4009972	124.7346802	0.0232256	1.6606324
56.1847229	124.7346802	0.0812897	1.3122480
57.9684486	124.7346802	0.6387047	-0.0116128
59.7521782	124.7346802	0.4645125	-0.0696769
61.5359077	124.7346802	0.3483844	-0.0348384
63.3196297	124.7346802	0.1741922	0.0812897
65.1033630	124.7346802	0.1277409	0.0580641
66.8870850	124.7346802	-0.1393538	0.1045153
68.6708145	124.7346802	0.0000000	0.0000000
70.4545441	124.7346802	0.0000000	0.0000000
72.2382736	124.7346802	0.0000000	0.0000000
0.8891521	126.5184021	0.0000000	0.0000000
2.6728802	126.5184021	0.0696769	1.1148301
4.4566083	126.5184021	0.1045153	1.0103148
6.2403364	126.5184021	-0.5922534	0.1858050
8.0240641	126.5184021	-0.8245097	0.1393538
9.8077927	126.5184021	-0.7664456	0.5574151
11.5915203	126.5184021	-0.5109638	0.7199945
13.3752489	126.5184021	-0.0580641	0.5922535
15.1589766	126.5184021	0.1625794	0.5690279
16.9427032	126.5184021	0.5922534	0.2206435
18.7264328	126.5184021	0.3948357	0.4761254
20.5101604	126.5184021	0.3832228	0.6503175
22.2938881	126.5184021	0.2903203	0.5225766
24.0776157	126.5184021	0.0696769	0.2206435
25.8613453	126.5184021	-0.1741922	0.2090307
27.6450729	126.5184021	-0.3483844	0.1393538
29.4288006	126.5184021	-0.6967688	0.5690279
31.2125282	126.5184021	0.0000000	0.0000000
32.9962578	126.5184021	-1.1845069	2.2528858
34.7799835	126.5184021	-1.2890222	1.7883734
36.5637131	126.5184021	-1.4632144	1.8115990
38.3474426	126.5184021	-1.4399889	1.9277271
40.1311722	126.5184021	-0.8709610	1.7186965
41.9148979	126.5184021	-0.7083816	1.6025683
43.6986275	126.5184021	-0.3599972	2.9728804
45.4823532	126.5184021	-0.0580641	3.2632008
47.2660828	126.5184021	-0.5458022	2.9380419
49.0498085	126.5184021	-0.4412869	1.3935376
50.8335381	126.5184021	-0.2903203	2.0554681
52.6172676	126.5184021	0.0116128	1.1961198
54.4009972	126.5184021	0.2090306	1.5445043
56.1847229	126.5184021	0.5806407	0.1161281
57.9684486	126.5184021	0.6503175	0.0464513
59.7521782	126.5184021	0.5574150	-0.0116128
61.5359077	126.5184021	0.3599972	0.0812897
63.3196297	126.5184021	0.3948357	0.0580641
65.1033630	126.5184021	-0.0116128	0.1393538
66.8870850	126.5184021	-0.0696769	0.1509666
68.6708145	126.5184021	0.0000000	0.0000000
70.4545441	126.5184021	0.0232256	0.0000000
72.2382736	126.5184021	0.0000000	0.0000000
0.8891521	128.3021240	0.0000000	0.0000000
2.6728802	128.3021240	0.0116128	1.3354737
4.4566083	128.3021240	0.2322563	1.3703121
6.2403364	128.3021240	0.2322563	1.4864402
8.0240641	128.3021240	-0.5806407	0.5574151
9.8077927	128.3021240	-0.7432200	0.6387048
11.5915203	128.3021240	-0.6619303	0.6154791
13.3752489	128.3021240	-0.4296741	0.5225766
15.1589766	128.3021240	-0.2322563	0.6503175
16.9427032	128.3021240	0.1393538	0.5341895
18.7264328	128.3021240	0.2670947	0.4064485
20.5101604	128.3021240	0.1625794	0.2787075
22.2938881	128.3021240	0.0696769	0.4645126
24.0776157	128.3021240	0.0232256	0.2090307
25.8613453	128.3021240	-0.1509666	0.3251588
27.6450729	128.3021240	-0.1741922	0.1625794
29.4288006	128.3021240	-0.6503175	1.0567660
31.2125282	128.3021240	-1.3122479	1.9393399
32.9962578	128.3021240	-1.2425710	2.1599834
34.7799835	128.3021240	-1.5212785	2.0554681
36.5637131	128.3021240	-1.5909554	1.8696630
38.3474426	128.3021240	3.1702979	-0.3251588
40.1311722	128.3021240	-0.7548329	1.5561171
41.9148979	128.3021240	-0.7896713	2.0322425
43.6986275	128.3021240	-0.5225766	3.3328776
45.4823532	128.3021240	-0.5225766	3.4722314
47.2660828	128.3021240	0.0000000	0.0000000
49.0498085	128.3021240	0.2322563	1.6141812
50.8335381	128.3021240	0.1858050	2.2528858
52.6172676	128.3021240	0.1858050	1.2541839
54.4009972	128.3021240	0.7083816	0.7199945
56.1847229	128.3021240	0.7896713	0.1741922
57.9684486	128.3021240	0.6503175	0.1974178
59.7521782	128.3021240	0.6038663	0.0232256
61.5359077	128.3021240	0.2438691	0.0696769
63.3196297	128.3021240	0.0000000	0.0000000
65.1033630	128.3021240	0.3135459	-0.0696769
66.8870850	128.3021240	0.0000000	0.0000000
68.6708145	128.3021240	0.0000000	0.0000000
70.4545441	128.3021240	0.0000000	0.0000000
72.2382736	128.3021240	0.0000000	0.0000000
0.8891521	130.0858612	0.0000000	0.0000000
2.6728802	130.0858612	0.0464513	1.4283761
4.4566083	130.0858612	0.0580641	1.3586992
6.2403364	130.0858612	0.2554819	1.2309582
8.0240641	130.0858612	-0.1277409	0.7664457
9.8077927	130.0858612	-0.2090306	0.6503175
11.5915203	130.0858612	-0.5574150	0.6270919
13.3752489	130.0858612	-0.5341894	0.6038663
15.1589766	130.0858612	-0.1741922	0.6154791
16.9427032	130.0858612	0.0232256	0.5574151
18.7264328	130.0858612	-0.1045153	0.3599972
20.5101604	130.0858612	-0.1741922	0.3251588
22.2938881	130.0858612	-0.0348384	0.3599972
24.0776157	130.0858612	0.0348384	0.2787075
25.8613453	130.0858612	0.0000000	0.2206435
27.6450729	130.0858612	-0.2322563	0.4645126
29.4288006	130.0858612	-0.8593482	1.2541839
31.2125282	130.0858612	0.0000000	0.0000000
32.9962578	130.0858612	-0.6387047	1.3238608
34.7799835	130.0858612	-0.7896713	1.5677298
36.5637131	130.0858612	0.0000000	0.0000000
38.3474426	130.0858612	0.0000000	0.0000000
40.1311722	130.0858612	-0.7083816	1.9625655
41.9148979	130.0858612	-0.7083816	2.5432062
43.6986275	130.0858612	-0.6387047	2.3341756
45.4823532	130.0858612	-0.6735432	2.7522368
47.2660828	130.0858612	0.0000000	0.0000000
49.0498085	130.0858612	0.0696769	1.5212786
50.8335381	130.0858612	0.1161281	1.7070837
52.6172676	130.0858612	0.2554819	1.5212786
54.4009972	130.0858612	0.6851560	0.7780585
56.1847229	130.0858612	0.6503175	0.2322563
57.9684486	130.0858612	0.4412869	0.1161281
59.7521782	130.0858612	0.3367716	0.0929025
61.5359077	130.0858612	0.4877381	0.1045153
63.3196297	130.0858612	0.4412869	0.1161281
65.1033630	130.0858612	0.1741922	0.1045153
66.8870850	130.0858612	-0.0116128	0.0000000
68.6708145	130.0858612	0.0000000	0.0000000
70.4545441	130.0858612	0.0000000	0.0000000
72.2382736	130.0858612	0.0000000	0.0000000
0.8891521	131.8695831	0.0000000	0.0000000
2.6728802	131.8695831	0.1161281	1.5096658
4.4566083	131.8695831	0.1277409	1.5096658
6.2403364	131.8695831	-0.1393538	1.3470864
8.0240641	131.8695831	-0.0929025	0.8825738
9.8077927	131.8695831	-0.0929025	0.6503175
11.5915203	131.8695831	-0.1974178	0.7780585
13.3752489	131.8695831	-0.1393538	0.8825738
15.1589766	131.8695831	-0.0348384	0.8012841
16.9427032	131.8695831	-0.0696769	0.7780585
18.7264328	131.8695831	-0.2787075	0.1974178
20.5101604	131.8695831	-0.1741922	0.2554819
22.2938881	131.8695831	0.0116128	0.2670947
24.0776157	131.8695831	0.0929025	0.4645126
25.8613453	131.8695831	0.0580641	0.5458022
27.6450729	131.8695831	-0.1161281	0.7199945
29.4288006	131.8695831	-0.1741922	0.7896714
31.2125282	131.8695831	-0.2787075	0.6967688
32.9962578	131.8695831	-0.0929025	0.8593482
34.7799835	131.8695831	-0.2206434	1.2425711
36.5637131	131.8695831	-0.1741922	1.3935376
38.3474426	131.8695831	-0.1625794	1.3354737
40.1311722	131.8695831	-1.1612813	1.6141812
41.9148979	131.8695831	0.0116128	0.8709611
43.6986275	131.8695831	-0.6619303	0.1393538
45.4823532	131.8695831	0.0000000	0.8941867
47.2660828	131.8695831	0.5922534	0.7083817
49.0498085	131.8695831	0.5806407	0.6619304
50.8335381	131.8695831	0.7083816	1.1845070
52.6172676	131.8695831	0.3832228	0.7199945
54.4009972	131.8695831	0.6619303	0.6851560
56.1847229	131.8695831	0.6270919	0.3135460
57.9684486	131.8695831	0.3019331	0.1509666
59.7521782	131.8695831	0.0000000	0.0000000
61.5359077	131.8695831	0.4645125	-0.0116128
63.3196297	131.8695831	0.2787075	0.1393538
65.1033630	131.8695831	0.0000000	0.0116128
66.8870850	131.8695831	0.1161281	0.1858050
68.6708145	131.8695831	0.0000000	0.0000000
70.4545441	131.8695831	0.0000000	0.0000000
72.2382736	131.8695831	0.0000000	0.0000000
0.8891521	133.6533203	0.0000000	0.0000000
2.6728802	133.6533203	0.0348384	1.5793427
4.4566083	133.6533203	0.0116128	1.5561171
6.2403364	133.6533203	-0.1045153	1.2657967
8.0240641	133.6533203	-0.0580641	0.6735432
9.8077927	133.6533203	-0.0580641	0.5574151
11.5915203	133.6533203	-0.0812897	0.6154791
13.3752489	133.6533203	-0.1741922	0.7083817
15.1589766	133.6533203	-0.0812897	0.7316073
16.9427032	133.6533203	0.0348384	0.6038663
18.7264328	133.6533203	-0.0116128	0.2670947
20.5101604	133.6533203	-0.1045153	0.5458022
22.2938881	133.6533203	-0.0580641	0.5690279
24.0776157	133.6533203	0.0812897	0.4993510
25.8613453	133.6533203	-0.0116128	0.7432201
27.6450729	133.6533203	0.0000000	0.8245098
29.4288006	133.6533203	0.0464513	0.7316073
31.2125282	133.6533203	-0.0464513	0.6038663
32.9962578	133.6533203	-0.0696769	0.7780585
34.7799835	133.6533203	0.0000000	0.0000000
36.5637131	133.6533203	-0.1393538	1.3819249
38.3474426	133.6533203	-0.0696769	1.2309582
40.1311722	133.6533203	0.0348384	1.0916045
41.9148979	133.6533203	0.4645125	0.7316073
43.6986275	133.6533203	0.0000000	0.0000000
45.4823532	133.6533203	0.0696769	1.5909555
47.2660828	133.6533203	0.5458022	0.5458022
49.0498085	133.6533203	0.1161281	0.9754764
50.8335381	133.6533203	0.4064485	0.8593482
52.6172676	133.6533203	0.8128969	0.9754764
54.4009972	133.6533203	0.7896713	0.5225766
56.1847229	133.6533203	0.6038663	0.2670947
57.9684486	133.6533203	0.4761253	0.3135460
59.7521782	133.6533203	0.4064485	0.1974178
61.5359077	133.6533203	0.2554819	0.0464513
63.3196297	133.6533203	0.4412869	0.1045153
65.1033630	133.6533203	0.1277409	0.0580641
66.8870850	133.6533203	0.0348384	0.1974178
68.6708145	133.6533203	0.0000000	0.0000000
70.4545441	133.6533203	0.0000000	0.0000000
72.2382736	133.6533203	0.0000000	0.0000000
0.8891521	135.4370422	0.0000000	0.0000000
2.6728802	135.4370422	-0.1393538	1.5677298
4.4566083	135.4370422	-0.0812897	1.2193455
6.2403364	135.4370422	-0.0580641	1.0451533
8.0240641	135.4370422	-0.0116128	0.7664457
9.8077927	135.4370422	0.0000000	0.6154791
11.5915203	135.4370422	0.0580641	0.6967688
13.3752489	135.4370422	-0.1509666	0.7896714
15.1589766	135.4370422	0.0232256	0.8477354
16.9427032	135.4370422	0.2206434	0.6735432
18.7264328	135.4370422	0.1974178	0.3948357
20.5101604	135.4370422	-0.0232256	0.6503175
22.2938881	135.4370422	-0.0116128	0.4877382
24.0776157	135.4370422	0.0116128	0.6619304
25.8613453	135.4370422	-0.0696769	0.5690279
27.6450729	135.4370422	0.0464513	0.6619304
29.4288006	135.4370422	0.1277409	0.7664457
31.2125282	135.4370422	0.1161281	0.6851560
32.9962578	135.4370422	-0.0116128	0.1161281
34.7799835	135.4370422	0.1161281	0.8012841
36.5637131	135.4370422	-0.1741922	0.8825738
38.3474426	135.4370422	-0.1625794	1.6490196
40.1311722	135.4370422	0.0000000	0.0000000
41.9148979	135.4370422	0.0000000	0.0000000
43.6986275	135.4370422	0.0929025	1.0567660
45.4823532	135.4370422	0.0000000	0.0000000
47.2660828	135.4370422	0.0000000	0.0000000
49.0498085	135.4370422	0.0348384	0.7316073
50.8335381	135.4370422	0.2090306	0.8361226
52.6172676	135.4370422	0.5574150	0.3948357
54.4009972	135.4370422	0.4993510	0.3483844
56.1847229	135.4370422	0.2090306	0.5458022
57.9684486	135.4370422	0.3832228	0.3367716
59.7521782	135.4370422	0.4064485	0.1974178
61.5359077	135.4370422	0.2322563	0.1161281
63.3196297	135.4370422	0.1858050	0.1393538
65.1033630	135.4370422	0.2090306	0.1858050
66.8870850	135.4370422	0.1625794	0.0696769
68.6708145	135.4370422	0.5574150	0.0464513
70.4545441	135.4370422	0.0000000	0.0000000
72.2382736	135.4370422	0.0000000	0.0000000
0.8891521	137.2207642	0.0000000	0.0000000
2.6728802	137.2207642	-0.0580641	1.6606324
4.4566083	137.2207642	0.0464513	0.8245098
6.2403364	137.2207642	0.0232256	0.9987020
8.0240641	137.2207642	0.0348384	0.8245098
9.8077927	137.2207642	0.0580641	0.6735432
11.5915203	137.2207642	0.0580641	0.6735432
13.3752489	137.2207642	0.0232256	0.6851560
15.1589766	137.2207642	0.0464513	0.7664457
16.9427032	137.2207642	0.1509666	0.7316073
18.7264328	137.2207642	0.0929025	0.5806407
20.5101604	137.2207642	-0.0232256	0.7432201
22.2938881	137.2207642	0.0348384	0.7083817
24.0776157	137.2207642	0.1045153	0.8477354
25.8613453	137.2207642	0.0929025	0.6619304
27.6450729	137.2207642	0.1277409	0.6387048
29.4288006	137.2207642	0.1161281	0.5690279
31.2125282	137.2207642	0.1393538	1.0103148
32.9962578	137.2207642	0.1277409	1.0335405
34.7799835	137.2207642	0.1045153	0.8593482
36.5637131	137.2207642	-0.1393538	0.7083817
38.3474426	137.2207642	-0.0929025	0.0464513
40.1311722	137.2207642	0.0000000	0.0000000
41.9148979	137.2207642	0.2206434	0.0929025
43.6986275	137.2207642	0.0000000	0.0000000
45.4823532	137.2207642	-0.0232256	0.0580641
47.2660828	137.2207642	-0.9057994	3.1702981
49.0498085	137.2207642	0.2322563	0.3599972
50.8335381	137.2207642	0.0696769	0.6270919
52.6172676	137.2207642	0.0929025	0.6735432
54.4009972	137.2207642	0.1045153	0.7083817
56.1847229	137.2207642	0.5341894	0.1974178
57.9684486	137.2207642	0.4761253	0.1393538
59.7521782	137.2207642	0.3019331	0.1161281
61.5359077	137.2207642	0.2787075	0.1277409
63.3196297	137.2207642	0.3135459	0.0929025
65.1033630	137.2207642	0.3251588	0.1277409
66.8870850	137.2207642	-0.0232256	0.4877382
68.6708145	137.2207642	0.0000000	0.0000000
70.4545441	137.2207642	0.0000000	0.0000000
72.2382736	137.2207642	0.0000000	0.0000000
0.8891521	139.0045013	0.0000000	0.0000000
2.6728802	139.0045013	0.0000000	0.0000000
4.4566083	139.0045013	0.0464513	1.3819249
6.2403364	139.0045013	0.0929025	1.2077327
8.0240641	139.0045013	0.0580641	0.7432201
9.8077927	139.0045013	0.1045153	0.5574151
11.5915203	139.0045013	0.0580641	0.6270919
13.3752489	139.0045013	0.0232256	0.6735432
15.1589766	139.0045013	-0.0232256	0.6503175
16.9427032	139.0045013	-0.0116128	0.8245098
18.7264328	139.0045013	-0.0348384	0.8825738
20.5101604	139.0045013	-0.0348384	0.8593482
22.2938881	139.0045013	-0.0232256	0.8825738
24.0776157	139.0045013	0.0696769	0.8128970
25.8613453	139.0045013	0.1741922	0.6967688
27.6450729	139.0045013	0.1625794	0.6503175
29.4288006	139.0045013	0.0000000	0.0000000
31.2125282	139.0045013	0.0000000	0.0000000
32.9962578	139.0045013	0.0000000	0.0000000
34.7799835	139.0045013	0.0000000	0.0000000
36.5637131	139.0045013	0.0580641	0.7548329
38.3474426	139.0045013	0.0000000	0.0000000
40.1311722	139.0045013	0.0000000	0.0000000
41.9148979	139.0045013	0.0000000	0.0000000
43.6986275	139.0045013	0.0116128	1.2774096
45.4823532	139.0045013	0.0116128	1.2774096
47.2660828	139.0045013	0.0000000	0.0000000
49.0498085	139.0045013	0.1741922	1.3935376
50.8335381	139.0045013	0.1509666	0.0812897
52.6172676	139.0045013	0.1509666	0.4993510
54.4009972	139.0045013	0.2090306	0.3135460
56.1847229	139.0045013	0.3832228	0.3251588
57.9684486	139.0045013	0.3367716	0.1393538
59.7521782	139.0045013	0.3019331	0.1858050
61.5359077	139.0045013	0.1393538	0.1393538
63.3196297	139.0045013	0.2090306	0.1277409
65.1033630	139.0045013	0.2554819	0.1393538
66.8870850	139.0045013	0.3019331	0.2090307
68.6708145	139.0045013	-0.0116128	0.0580641
70.4545441	139.0045013	0.0000000	0.0000000
72.2382736	139.0045013	0.0000000	0.0000000
