0.9	65.9	0.000	0.000
2.7	65.9	-0.023	2.706
4.5	65.9	0.139	2.230
6.2	65.9	0.720	2.508
8.0	65.9	0.917	2.497
9.8	65.9	1.080	2.334
11.6	65.9	0.000	0.000
13.4	65.9	0.000	0.000
15.2	65.9	0.000	0.000
16.9	65.9	0.000	0.000
18.7	65.9	0.000	0.000
20.5	65.9	0.000	0.000
22.3	65.9	0.000	0.000
24.1	65.9	0.000	0.000
25.9	65.9	0.000	0.000
27.6	65.9	0.000	0.000
29.4	65.9	0.000	0.000
31.2	65.9	0.000	0.000
33.0	65.9	0.000	0.000
34.8	65.9	0.000	0.000
36.6	65.9	0.000	0.000
38.3	65.9	0.000	0.000
40.1	65.9	0.000	0.000
41.9	65.9	0.000	0.000
43.7	65.9	0.000	0.000
45.5	65.9	0.000	0.000
47.3	65.9	0.000	0.000
49.0	65.9	0.000	0.000
50.8	65.9	0.000	0.000
52.6	65.9	-1.359	3.588
54.4	65.9	-1.846	3.449
56.2	65.9	0.000	0.000
58.0	65.9	-0.952	3.879
59.8	65.9	-0.615	3.588
61.5	65.9	-0.290	3.728
63.3	65.9	0.000	0.000
65.1	65.9	0.348	3.681
66.9	65.9	-0.650	0.453
68.7	65.9	0.000	0.000
70.5	65.9	0.000	0.000
72.2	65.9	0.000	0.000
0.9	67.7	0.000	0.000
2.7	67.7	0.000	0.000
4.5	67.7	1.579	-0.221
6.2	67.7	0.000	0.000
8.0	67.7	0.000	0.000
9.8	67.7	0.000	0.000
11.6	67.7	1.335	2.961
13.4	67.7	0.000	0.000
15.2	67.7	0.000	0.000
16.9	67.7	0.000	0.000
18.7	67.7	0.000	0.000
20.5	67.7	0.000	0.000
22.3	67.7	0.000	0.000
24.1	67.7	0.000	0.000
25.9	67.7	0.000	0.000
27.6	67.7	0.000	0.000
29.4	67.7	0.000	0.000
31.2	67.7	0.000	0.000
33.0	67.7	0.000	0.000
34.8	67.7	0.000	0.000
36.6	67.7	0.000	0.000
38.3	67.7	0.000	0.000
40.1	67.7	0.000	0.000
41.9	67.7	0.000	0.000
43.7	67.7	0.000	0.000
45.5	67.7	0.000	0.000
47.3	67.7	0.000	0.000
49.0	67.7	0.000	0.000
50.8	67.7	0.000	0.000
52.6	67.7	0.000	0.000
54.4	67.7	0.813	1.486
56.2	67.7	0.000	0.000
58.0	67.7	1.475	-2.439
59.8	67.7	-0.848	3.286
61.5	67.7	0.000	0.000
63.3	67.7	0.000	0.000
65.1	67.7	-0.035	3.693
66.9	67.7	0.511	0.209
68.7	67.7	0.000	0.000
70.5	67.7	0.000	0.000
72.2	67.7	0.000	0.000
0.9	69.4	0.000	0.000
2.7	69.4	0.000	0.000
4.5	69.4	0.000	0.000
6.2	69.4	0.000	0.000
8.0	69.4	0.000	0.000
9.8	69.4	0.000	0.000
11.6	69.4	0.000	0.000
13.4	69.4	0.000	0.000
15.2	69.4	0.000	0.000
16.9	69.4	0.000	0.000
18.7	69.4	0.000	0.000
20.5	69.4	0.000	0.000
22.3	69.4	0.000	0.000
24.1	69.4	0.000	0.000
25.9	69.4	0.000	0.000
27.6	69.4	0.000	0.000
29.4	69.4	0.000	0.000
31.2	69.4	0.000	0.000
33.0	69.4	0.000	0.000
34.8	69.4	0.000	0.000
36.6	69.4	0.000	0.000
38.3	69.4	0.000	0.000
40.1	69.4	0.000	0.000
41.9	69.4	0.000	0.000
43.7	69.4	0.000	0.000
45.5	69.4	0.000	0.000
47.3	69.4	0.000	0.000
49.0	69.4	0.000	0.000
50.8	69.4	0.000	0.000
52.6	69.4	0.000	0.000
54.4	69.4	-1.359	4.436
56.2	69.4	-1.057	3.902
58.0	69.4	-0.848	3.739
59.8	69.4	0.000	0.000
61.5	69.4	-0.174	4.064
63.3	69.4	0.000	0.000
65.1	69.4	0.000	0.000
66.9	69.4	0.000	0.000
68.7	69.4	0.093	3.704
70.5	69.4	0.000	0.000
72.2	69.4	0.000	0.000
0.9	71.2	0.000	0.000
2.7	71.2	0.000	0.000
4.5	71.2	0.000	0.000
6.2	71.2	0.000	0.000
8.0	71.2	0.000	0.000
9.8	71.2	0.000	0.000
11.6	71.2	0.000	0.000
13.4	71.2	0.000	0.000
15.2	71.2	0.000	0.000
16.9	71.2	0.000	0.000
18.7	71.2	0.000	0.000
20.5	71.2	0.000	0.000
22.3	71.2	0.000	0.000
24.1	71.2	0.000	0.000
25.9	71.2	0.000	0.000
27.6	71.2	0.000	0.000
29.4	71.2	0.000	0.000
31.2	71.2	0.000	0.000
33.0	71.2	0.000	0.000
34.8	71.2	0.000	0.000
36.6	71.2	0.000	0.000
38.3	71.2	0.000	0.000
40.1	71.2	0.000	0.000
41.9	71.2	0.000	0.000
43.7	71.2	0.000	0.000
45.5	71.2	0.000	0.000
47.3	71.2	0.000	0.000
49.0	71.2	0.000	0.000
50.8	71.2	0.000	0.000
52.6	71.2	0.000	0.000
54.4	71.2	0.000	0.000
56.2	71.2	0.000	0.000
58.0	71.2	-1.545	0.128
59.8	71.2	0.000	0.000
61.5	71.2	0.000	0.000
63.3	71.2	0.000	0.000
65.1	71.2	0.000	0.000
66.9	71.2	0.000	0.000
68.7	71.2	0.000	0.000
70.5	71.2	0.000	0.000
72.2	71.2	0.000	0.000
0.9	73.0	0.000	0.000
2.7	73.0	0.000	0.000
4.5	73.0	0.000	0.000
6.2	73.0	0.000	0.000
8.0	73.0	0.000	0.000
9.8	73.0	0.000	0.000
11.6	73.0	0.000	0.000
13.4	73.0	0.000	0.000
15.2	73.0	0.000	0.000
16.9	73.0	0.000	0.000
18.7	73.0	0.000	0.000
20.5	73.0	0.000	0.000
22.3	73.0	0.000	0.000
24.1	73.0	0.000	0.000
25.9	73.0	0.000	0.000
27.6	73.0	0.000	0.000
29.4	73.0	0.000	0.000
31.2	73.0	0.000	0.000
33.0	73.0	0.000	0.000
34.8	73.0	0.000	0.000
36.6	73.0	0.000	0.000
38.3	73.0	0.000	0.000
40.1	73.0	0.000	0.000
41.9	73.0	0.000	0.000
43.7	73.0	0.000	0.000
45.5	73.0	0.000	0.000
47.3	73.0	0.000	0.000
49.0	73.0	0.000	0.000
50.8	73.0	0.000	0.000
52.6	73.0	0.000	0.000
54.4	73.0	0.000	0.000
56.2	73.0	0.000	0.000
58.0	73.0	0.000	0.000
59.8	73.0	0.000	0.000
61.5	73.0	0.000	0.000
63.3	73.0	-0.116	2.973
65.1	73.0	0.000	0.000
66.9	73.0	0.000	0.000
68.7	73.0	0.000	0.000
70.5	73.0	0.000	0.000
72.2	73.0	0.000	0.000
0.9	74.8	0.000	0.000
2.7	74.8	0.000	0.000
4.5	74.8	0.000	0.000
6.2	74.8	0.000	0.000
8.0	74.8	0.000	0.000
9.8	74.8	0.000	0.000
11.6	74.8	0.000	0.000
13.4	74.8	0.000	0.000
15.2	74.8	0.000	0.000
16.9	74.8	0.000	0.000
18.7	74.8	0.000	0.000
20.5	74.8	0.000	0.000
22.3	74.8	0.000	0.000
24.1	74.8	0.000	0.000
25.9	74.8	0.000	0.000
27.6	74.8	0.000	0.000
29.4	74.8	0.000	0.000
31.2	74.8	0.000	0.000
33.0	74.8	0.000	0.000
34.8	74.8	0.000	0.000
36.6	74.8	0.000	0.000
38.3	74.8	0.000	0.000
40.1	74.8	0.000	0.000
41.9	74.8	0.000	0.000
43.7	74.8	0.000	0.000
45.5	74.8	0.000	0.000
47.3	74.8	0.000	0.000
49.0	74.8	0.000	0.000
50.8	74.8	0.000	0.000
52.6	74.8	0.000	0.000
54.4	74.8	0.000	0.000
56.2	74.8	0.000	0.000
58.0	74.8	-0.662	4.471
59.8	74.8	-0.662	4.459
61.5	74.8	-0.314	2.764
63.3	74.8	-0.255	2.741
65.1	74.8	0.000	0.000
66.9	74.8	0.000	0.000
68.7	74.8	0.000	0.000
70.5	74.8	0.000	0.000
72.2	74.8	0.000	0.000
0.9	76.6	0.000	0.000
2.7	76.6	0.000	0.000
4.5	76.6	0.000	0.000
6.2	76.6	0.000	0.000
8.0	76.6	0.000	0.000
9.8	76.6	0.000	0.000
11.6	76.6	0.000	0.000
13.4	76.6	0.000	0.000
15.2	76.6	0.000	0.000
16.9	76.6	0.000	0.000
18.7	76.6	0.000	0.000
20.5	76.6	0.000	0.000
22.3	76.6	0.000	0.000
24.1	76.6	0.000	0.000
25.9	76.6	0.000	0.000
27.6	76.6	0.000	0.000
29.4	76.6	0.000	0.000
31.2	76.6	0.000	0.000
33.0	76.6	0.000	0.000
34.8	76.6	0.000	0.000
36.6	76.6	0.000	0.000
38.3	76.6	0.000	0.000
40.1	76.6	0.000	0.000
41.9	76.6	0.000	0.000
43.7	76.6	0.000	0.000
45.5	76.6	0.000	0.000
47.3	76.6	0.000	0.000
49.0	76.6	0.000	0.000
50.8	76.6	0.000	0.000
52.6	76.6	0.000	0.000
54.4	76.6	0.000	0.000
56.2	76.6	0.000	0.000
58.0	76.6	0.000	0.000
59.8	76.6	0.000	0.000
61.5	76.6	0.000	0.000
63.3	76.6	0.000	0.000
65.1	76.6	0.000	0.000
66.9	76.6	0.000	0.000
68.7	76.6	0.000	0.000
70.5	76.6	0.000	0.000
72.2	76.6	0.000	0.000
0.9	78.4	0.000	0.000
2.7	78.4	0.000	0.000
4.5	78.4	0.000	0.000
6.2	78.4	0.000	0.000
8.0	78.4	0.000	0.000
9.8	78.4	0.000	0.000
11.6	78.4	0.000	0.000
13.4	78.4	0.000	0.000
15.2	78.4	0.000	0.000
16.9	78.4	0.000	0.000
18.7	78.4	0.000	0.000
20.5	78.4	0.000	0.000
22.3	78.4	0.000	0.000
24.1	78.4	0.000	0.000
25.9	78.4	0.000	0.000
27.6	78.4	0.000	0.000
29.4	78.4	0.000	0.000
31.2	78.4	0.000	0.000
33.0	78.4	0.000	0.000
34.8	78.4	0.000	0.000
36.6	78.4	0.000	0.000
38.3	78.4	0.000	0.000
40.1	78.4	0.000	0.000
41.9	78.4	0.000	0.000
43.7	78.4	0.000	0.000
45.5	78.4	0.000	0.000
47.3	78.4	0.000	0.000
49.0	78.4	0.000	0.000
50.8	78.4	0.000	0.000
52.6	78.4	0.000	0.000
54.4	78.4	0.000	0.000
56.2	78.4	0.000	0.000
58.0	78.4	0.000	0.000
59.8	78.4	-0.592	3.600
61.5	78.4	-0.790	3.240
63.3	78.4	0.000	0.000
65.1	78.4	0.000	0.000
66.9	78.4	0.000	0.000
68.7	78.4	0.000	0.000
70.5	78.4	0.000	0.000
72.2	78.4	0.000	0.000
0.9	80.1	0.000	0.000
2.7	80.1	0.000	0.000
4.5	80.1	0.000	0.000
6.2	80.1	0.000	0.000
8.0	80.1	0.000	0.000
9.8	80.1	0.000	0.000
11.6	80.1	0.000	0.000
13.4	80.1	0.000	0.000
15.2	80.1	0.000	0.000
16.9	80.1	0.000	0.000
18.7	80.1	0.000	0.000
20.5	80.1	0.000	0.000
22.3	80.1	0.000	0.000
24.1	80.1	0.000	0.000
25.9	80.1	0.000	0.000
27.6	80.1	0.000	0.000
29.4	80.1	0.000	0.000
31.2	80.1	0.000	0.000
33.0	80.1	0.000	0.000
34.8	80.1	0.000	0.000
36.6	80.1	0.000	0.000
38.3	80.1	0.000	0.000
40.1	80.1	0.000	0.000
41.9	80.1	0.000	0.000
43.7	80.1	0.000	0.000
45.5	80.1	0.000	0.000
47.3	80.1	0.000	0.000
49.0	80.1	0.000	0.000
50.8	80.1	0.000	0.000
52.6	80.1	0.000	0.000
54.4	80.1	0.000	0.000
56.2	80.1	0.000	0.000
58.0	80.1	0.000	0.000
59.8	80.1	0.000	0.000
61.5	80.1	0.000	0.000
63.3	80.1	0.000	0.000
65.1	80.1	0.000	0.000
66.9	80.1	0.000	0.000
68.7	80.1	0.000	0.000
70.5	80.1	0.000	0.000
72.2	80.1	0.000	0.000
0.9	81.9	0.000	0.000
2.7	81.9	0.000	0.000
4.5	81.9	0.000	0.000
6.2	81.9	0.000	0.000
8.0	81.9	0.000	0.000
9.8	81.9	0.000	0.000
11.6	81.9	0.000	0.000
13.4	81.9	0.000	0.000
15.2	81.9	0.000	0.000
16.9	81.9	0.000	0.000
18.7	81.9	0.000	0.000
20.5	81.9	0.000	0.000
22.3	81.9	0.000	0.000
24.1	81.9	0.000	0.000
25.9	81.9	0.000	0.000
27.6	81.9	0.000	0.000
29.4	81.9	0.000	0.000
31.2	81.9	0.000	0.000
33.0	81.9	0.000	0.000
34.8	81.9	0.000	0.000
36.6	81.9	0.000	0.000
38.3	81.9	0.000	0.000
40.1	81.9	0.000	0.000
41.9	81.9	0.000	0.000
43.7	81.9	0.000	0.000
45.5	81.9	0.000	0.000
47.3	81.9	0.000	0.000
49.0	81.9	0.000	0.000
50.8	81.9	0.000	0.000
52.6	81.9	0.000	0.000
54.4	81.9	0.000	0.000
56.2	81.9	0.000	0.000
58.0	81.9	0.000	0.000
59.8	81.9	0.000	0.000
61.5	81.9	0.000	0.000
63.3	81.9	0.000	0.000
65.1	81.9	0.000	0.000
66.9	81.9	0.000	0.000
68.7	81.9	0.000	0.000
70.5	81.9	0.000	0.000
72.2	81.9	0.000	0.000
0.9	83.7	0.000	0.000
2.7	83.7	0.000	0.000
4.5	83.7	0.000	0.000
6.2	83.7	0.000	0.000
8.0	83.7	0.000	0.000
9.8	83.7	0.000	0.000
11.6	83.7	0.000	0.000
13.4	83.7	0.000	0.000
15.2	83.7	0.000	0.000
16.9	83.7	0.000	0.000
18.7	83.7	0.000	0.000
20.5	83.7	0.000	0.000
22.3	83.7	0.000	0.000
24.1	83.7	0.000	0.000
25.9	83.7	0.000	0.000
27.6	83.7	0.000	0.000
29.4	83.7	0.000	0.000
31.2	83.7	0.000	0.000
33.0	83.7	0.000	0.000
34.8	83.7	0.000	0.000
36.6	83.7	0.000	0.000
38.3	83.7	0.000	0.000
40.1	83.7	0.000	0.000
41.9	83.7	0.000	0.000
43.7	83.7	0.000	0.000
45.5	83.7	0.000	0.000
47.3	83.7	0.000	0.000
49.0	83.7	0.000	0.000
50.8	83.7	0.000	0.000
52.6	83.7	0.000	0.000
54.4	83.7	0.000	0.000
56.2	83.7	0.000	0.000
58.0	83.7	0.000	0.000
59.8	83.7	0.000	0.000
61.5	83.7	0.000	0.000
63.3	83.7	0.000	0.000
65.1	83.7	0.000	0.000
66.9	83.7	0.000	0.000
68.7	83.7	0.000	0.000
70.5	83.7	0.000	0.000
72.2	83.7	0.000	0.000
0.9	85.5	0.000	0.000
2.7	85.5	0.000	0.000
4.5	85.5	0.000	0.000
6.2	85.5	0.000	0.000
8.0	85.5	0.000	0.000
9.8	85.5	0.000	0.000
11.6	85.5	0.000	0.000
13.4	85.5	0.000	0.000
15.2	85.5	0.000	0.000
16.9	85.5	0.000	0.000
18.7	85.5	0.000	0.000
20.5	85.5	0.000	0.000
22.3	85.5	0.000	0.000
24.1	85.5	0.000	0.000
25.9	85.5	0.000	0.000
27.6	85.5	0.000	0.000
29.4	85.5	0.000	0.000
31.2	85.5	0.000	0.000
33.0	85.5	0.000	0.000
34.8	85.5	0.000	0.000
36.6	85.5	0.000	0.000
38.3	85.5	0.000	0.000
40.1	85.5	0.000	0.000
41.9	85.5	0.000	0.000
43.7	85.5	0.000	0.000
45.5	85.5	0.000	0.000
47.3	85.5	0.000	0.000
49.0	85.5	0.000	0.000
50.8	85.5	0.000	0.000
52.6	85.5	0.000	0.000
54.4	85.5	0.000	0.000
56.2	85.5	0.000	0.000
58.0	85.5	0.000	0.000
59.8	85.5	0.000	0.000
61.5	85.5	0.000	0.000
63.3	85.5	0.000	0.000
65.1	85.5	0.000	0.000
66.9	85.5	0.000	0.000
68.7	85.5	0.000	0.000
70.5	85.5	0.000	0.000
72.2	85.5	0.000	0.000
0.9	87.3	0.000	0.000
2.7	87.3	0.000	0.000
4.5	87.3	0.000	0.000
6.2	87.3	0.000	0.000
8.0	87.3	0.000	0.000
9.8	87.3	0.000	0.000
11.6	87.3	0.000	0.000
13.4	87.3	0.000	0.000
15.2	87.3	0.000	0.000
16.9	87.3	0.000	0.000
18.7	87.3	0.000	0.000
20.5	87.3	0.000	0.000
22.3	87.3	0.000	0.000
24.1	87.3	0.000	0.000
25.9	87.3	0.000	0.000
27.6	87.3	0.000	0.000
29.4	87.3	0.000	0.000
31.2	87.3	0.000	0.000
33.0	87.3	0.000	0.000
34.8	87.3	0.000	0.000
36.6	87.3	0.000	0.000
38.3	87.3	0.000	0.000
40.1	87.3	0.000	0.000
41.9	87.3	0.000	0.000
43.7	87.3	0.000	0.000
45.5	87.3	0.000	0.000
47.3	87.3	0.000	0.000
49.0	87.3	0.000	0.000
50.8	87.3	0.000	0.000
52.6	87.3	0.000	0.000
54.4	87.3	0.000	0.000
56.2	87.3	0.000	0.000
58.0	87.3	0.000	0.000
59.8	87.3	0.000	0.000
61.5	87.3	0.000	0.000
63.3	87.3	0.000	0.000
65.1	87.3	0.000	0.000
66.9	87.3	0.000	0.000
68.7	87.3	0.000	0.000
70.5	87.3	0.000	0.000
72.2	87.3	0.000	0.000
0.9	89.1	0.000	0.000
2.7	89.1	0.000	0.000
4.5	89.1	0.000	0.000
6.2	89.1	0.000	0.000
8.0	89.1	0.000	0.000
9.8	89.1	0.000	0.000
11.6	89.1	0.000	0.000
13.4	89.1	0.000	0.000
15.2	89.1	0.000	0.000
16.9	89.1	0.000	0.000
18.7	89.1	0.000	0.000
20.5	89.1	0.000	0.000
22.3	89.1	0.000	0.000
24.1	89.1	0.000	0.000
25.9	89.1	0.000	0.000
27.6	89.1	0.000	0.000
29.4	89.1	0.000	0.000
31.2	89.1	0.000	0.000
33.0	89.1	0.000	0.000
34.8	89.1	0.000	0.000
36.6	89.1	0.000	0.000
38.3	89.1	0.000	0.000
40.1	89.1	0.000	0.000
41.9	89.1	0.000	0.000
43.7	89.1	0.000	0.000
45.5	89.1	0.000	0.000
47.3	89.1	0.000	0.000
49.0	89.1	0.000	0.000
50.8	89.1	0.000	0.000
52.6	89.1	0.000	0.000
54.4	89.1	0.000	0.000
56.2	89.1	0.000	0.000
58.0	89.1	0.000	0.000
59.8	89.1	0.000	0.000
61.5	89.1	0.000	0.000
63.3	89.1	0.000	0.000
65.1	89.1	0.000	0.000
66.9	89.1	0.000	0.000
68.7	89.1	0.000	0.000
70.5	89.1	0.000	0.000
72.2	89.1	0.000	0.000
0.9	90.8	0.000	0.000
2.7	90.8	0.000	0.000
4.5	90.8	0.000	0.000
6.2	90.8	0.000	0.000
8.0	90.8	0.000	0.000
9.8	90.8	0.000	0.000
11.6	90.8	0.000	0.000
13.4	90.8	0.000	0.000
15.2	90.8	0.000	0.000
16.9	90.8	0.000	0.000
18.7	90.8	0.000	0.000
20.5	90.8	0.000	0.000
22.3	90.8	0.000	0.000
24.1	90.8	0.000	0.000
25.9	90.8	0.000	0.000
27.6	90.8	0.000	0.000
29.4	90.8	0.000	0.000
31.2	90.8	0.000	0.000
33.0	90.8	0.000	0.000
34.8	90.8	0.000	0.000
36.6	90.8	0.000	0.000
38.3	90.8	0.000	0.000
40.1	90.8	0.000	0.000
41.9	90.8	0.000	0.000
43.7	90.8	0.000	0.000
45.5	90.8	0.000	0.000
47.3	90.8	0.000	0.000
49.0	90.8	0.000	0.000
50.8	90.8	0.000	0.000
52.6	90.8	0.000	0.000
54.4	90.8	0.000	0.000
56.2	90.8	0.000	0.000
58.0	90.8	0.000	0.000
59.8	90.8	0.000	0.000
61.5	90.8	0.000	0.000
63.3	90.8	0.000	0.000
65.1	90.8	0.000	0.000
66.9	90.8	0.000	0.000
68.7	90.8	0.000	0.000
70.5	90.8	0.000	0.000
72.2	90.8	0.000	0.000
0.9	92.6	0.000	0.000
2.7	92.6	0.000	0.000
4.5	92.6	0.000	0.000
6.2	92.6	0.000	0.000
8.0	92.6	0.000	0.000
9.8	92.6	0.000	0.000
11.6	92.6	0.000	0.000
13.4	92.6	0.000	0.000
15.2	92.6	0.000	0.000
16.9	92.6	0.000	0.000
18.7	92.6	0.000	0.000
20.5	92.6	0.000	0.000
22.3	92.6	0.000	0.000
24.1	92.6	0.000	0.000
25.9	92.6	0.000	0.000
27.6	92.6	0.000	0.000
29.4	92.6	0.000	0.000
31.2	92.6	0.000	0.000
33.0	92.6	0.000	0.000
34.8	92.6	0.000	0.000
36.6	92.6	0.000	0.000
38.3	92.6	0.000	0.000
40.1	92.6	0.000	0.000
41.9	92.6	0.000	0.000
43.7	92.6	0.000	0.000
45.5	92.6	0.000	0.000
47.3	92.6	0.000	0.000
49.0	92.6	0.000	0.000
50.8	92.6	0.000	0.000
52.6	92.6	1.080	0.000
54.4	92.6	0.000	0.000
56.2	92.6	0.000	0.000
58.0	92.6	0.000	0.000
59.8	92.6	0.000	0.000
61.5	92.6	0.000	0.000
63.3	92.6	0.000	0.000
65.1	92.6	0.000	0.000
66.9	92.6	0.000	0.000
68.7	92.6	0.000	0.000
70.5	92.6	0.000	0.000
72.2	92.6	0.000	0.000
0.9	94.4	0.000	0.000
2.7	94.4	0.000	0.000
4.5	94.4	0.000	0.000
6.2	94.4	0.000	0.000
8.0	94.4	0.000	0.000
9.8	94.4	0.000	0.000
11.6	94.4	0.000	0.000
13.4	94.4	0.000	0.000
15.2	94.4	0.000	0.000
16.9	94.4	0.000	0.000
18.7	94.4	0.000	0.000
20.5	94.4	0.000	0.000
22.3	94.4	0.000	0.000
24.1	94.4	0.000	0.000
25.9	94.4	0.000	0.000
27.6	94.4	0.000	0.000
29.4	94.4	0.000	0.000
31.2	94.4	0.000	0.000
33.0	94.4	0.000	0.000
34.8	94.4	0.000	0.000
36.6	94.4	0.000	0.000
38.3	94.4	0.000	0.000
40.1	94.4	0.000	0.000
41.9	94.4	0.000	0.000
43.7	94.4	0.000	0.000
45.5	94.4	0.000	0.000
47.3	94.4	0.000	0.000
49.0	94.4	0.000	0.000
50.8	94.4	0.000	0.000
52.6	94.4	0.000	0.000
54.4	94.4	0.000	0.000
56.2	94.4	0.000	0.000
58.0	94.4	0.000	0.000
59.8	94.4	0.000	0.000
61.5	94.4	0.000	0.000
63.3	94.4	0.000	0.000
65.1	94.4	0.000	0.000
66.9	94.4	0.000	0.000
68.7	94.4	0.000	0.000
70.5	94.4	0.000	0.000
72.2	94.4	0.000	0.000
0.9	96.2	0.000	0.000
2.7	96.2	0.000	0.000
4.5	96.2	0.000	0.000
6.2	96.2	0.000	0.000
8.0	96.2	0.000	0.000
9.8	96.2	0.000	0.000
11.6	96.2	0.000	0.000
13.4	96.2	0.000	0.000
15.2	96.2	0.000	0.000
16.9	96.2	0.000	0.000
18.7	96.2	0.000	0.000
20.5	96.2	0.000	0.000
22.3	96.2	0.000	0.000
24.1	96.2	0.000	0.000
25.9	96.2	0.000	0.000
27.6	96.2	0.000	0.000
29.4	96.2	0.000	0.000
31.2	96.2	0.000	0.000
33.0	96.2	0.000	0.000
34.8	96.2	0.000	0.000
36.6	96.2	0.000	0.000
38.3	96.2	0.000	0.000
40.1	96.2	0.000	0.000
41.9	96.2	0.000	0.000
43.7	96.2	0.000	0.000
45.5	96.2	0.000	0.000
47.3	96.2	0.000	0.000
49.0	96.2	0.000	0.000
50.8	96.2	0.000	0.000
52.6	96.2	0.000	0.000
54.4	96.2	0.000	0.000
56.2	96.2	0.000	0.000
58.0	96.2	0.000	0.000
59.8	96.2	0.000	0.000
61.5	96.2	0.000	0.000
63.3	96.2	0.000	0.000
65.1	96.2	0.000	0.000
66.9	96.2	0.000	0.000
68.7	96.2	0.000	0.000
70.5	96.2	0.000	0.000
72.2	96.2	0.000	0.000
0.9	98.0	0.000	0.000
2.7	98.0	0.000	0.000
4.5	98.0	0.000	0.000
6.2	98.0	0.000	0.000
8.0	98.0	0.000	0.000
9.8	98.0	0.000	0.000
11.6	98.0	0.000	0.000
13.4	98.0	0.000	0.000
15.2	98.0	0.000	0.000
16.9	98.0	0.000	0.000
18.7	98.0	0.000	0.000
20.5	98.0	0.000	0.000
22.3	98.0	0.000	0.000
24.1	98.0	0.000	0.000
25.9	98.0	0.000	0.000
27.6	98.0	0.000	0.000
29.4	98.0	0.000	0.000
31.2	98.0	0.000	0.000
33.0	98.0	0.000	0.000
34.8	98.0	0.000	0.000
36.6	98.0	0.000	0.000
38.3	98.0	0.000	0.000
40.1	98.0	0.000	0.000
41.9	98.0	0.000	0.000
43.7	98.0	0.000	0.000
45.5	98.0	0.000	0.000
47.3	98.0	0.000	0.000
49.0	98.0	0.000	0.000
50.8	98.0	0.000	0.000
52.6	98.0	0.000	0.000
54.4	98.0	0.000	0.000
56.2	98.0	0.000	0.000
58.0	98.0	0.000	0.000
59.8	98.0	0.000	0.000
61.5	98.0	0.000	0.000
63.3	98.0	0.000	0.000
65.1	98.0	0.000	0.000
66.9	98.0	0.000	0.000
68.7	98.0	0.000	0.000
70.5	98.0	0.000	0.000
72.2	98.0	0.000	0.000
0.9	99.8	0.000	0.000
2.7	99.8	0.000	0.000
4.5	99.8	0.000	0.000
6.2	99.8	0.000	0.000
8.0	99.8	0.000	0.000
9.8	99.8	0.000	0.000
11.6	99.8	0.000	0.000
13.4	99.8	0.000	0.000
15.2	99.8	0.000	0.000
16.9	99.8	0.000	0.000
18.7	99.8	0.000	0.000
20.5	99.8	0.000	0.000
22.3	99.8	0.000	0.000
24.1	99.8	0.000	0.000
25.9	99.8	0.000	0.000
27.6	99.8	0.000	0.000
29.4	99.8	0.000	0.000
31.2	99.8	0.000	0.000
33.0	99.8	0.000	0.000
34.8	99.8	0.000	0.000
36.6	99.8	0.000	0.000
38.3	99.8	0.000	0.000
40.1	99.8	0.000	0.000
41.9	99.8	0.000	0.000
43.7	99.8	0.000	0.000
45.5	99.8	0.000	0.000
47.3	99.8	0.000	0.000
49.0	99.8	0.000	0.000
50.8	99.8	0.000	0.000
52.6	99.8	0.000	0.000
54.4	99.8	0.000	0.000
56.2	99.8	0.000	0.000
58.0	99.8	0.000	0.000
59.8	99.8	0.000	0.000
61.5	99.8	0.000	0.000
63.3	99.8	0.000	0.000
65.1	99.8	0.000	0.000
66.9	99.8	0.000	0.000
68.7	99.8	0.000	0.000
70.5	99.8	0.000	0.000
72.2	99.8	0.000	0.000
0.9	101.5	0.000	0.000
2.7	101.5	0.000	0.000
4.5	101.5	0.000	0.000
6.2	101.5	0.000	0.000
8.0	101.5	0.000	0.000
9.8	101.5	0.000	0.000
11.6	101.5	0.000	0.000
13.4	101.5	0.000	0.000
15.2	101.5	0.000	0.000
16.9	101.5	0.000	0.000
18.7	101.5	0.000	0.000
20.5	101.5	0.000	0.000
22.3	101.5	0.000	0.000
24.1	101.5	0.000	0.000
25.9	101.5	0.000	0.000
27.6	101.5	0.000	0.000
29.4	101.5	0.000	0.000
31.2	101.5	0.000	0.000
33.0	101.5	0.000	0.000
34.8	101.5	0.000	0.000
36.6	101.5	0.000	0.000
38.3	101.5	0.000	0.000
40.1	101.5	0.000	0.000
41.9	101.5	0.000	0.000
43.7	101.5	0.000	0.000
45.5	101.5	0.000	0.000
47.3	101.5	0.000	0.000
49.0	101.5	0.000	0.000
50.8	101.5	0.000	0.000
52.6	101.5	0.000	0.000
54.4	101.5	0.000	0.000
56.2	101.5	0.000	0.000
58.0	101.5	0.000	0.000
59.8	101.5	0.000	0.000
61.5	101.5	0.000	0.000
63.3	101.5	0.000	0.000
65.1	101.5	0.000	0.000
66.9	101.5	0.000	0.000
68.7	101.5	0.000	0.000
70.5	101.5	0.000	0.000
72.2	101.5	0.000	0.000
0.9	103.3	0.000	0.000
2.7	103.3	0.000	0.000
4.5	103.3	0.000	0.000
6.2	103.3	0.000	0.000
8.0	103.3	0.000	0.000
9.8	103.3	0.000	0.000
11.6	103.3	0.000	0.000
13.4	103.3	0.000	0.000
15.2	103.3	0.000	0.000
16.9	103.3	0.000	0.000
18.7	103.3	0.000	0.000
20.5	103.3	0.000	0.000
22.3	103.3	0.000	0.000
24.1	103.3	0.000	0.000
25.9	103.3	0.000	0.000
27.6	103.3	0.000	0.000
29.4	103.3	0.000	0.000
31.2	103.3	0.000	0.000
33.0	103.3	0.000	0.000
34.8	103.3	0.000	0.000
36.6	103.3	0.000	0.000
38.3	103.3	0.000	0.000
40.1	103.3	0.000	0.000
41.9	103.3	0.000	0.000
43.7	103.3	0.000	0.000
45.5	103.3	0.000	0.000
47.3	103.3	0.000	0.000
49.0	103.3	0.000	0.000
50.8	103.3	0.000	0.000
52.6	103.3	0.000	0.000
54.4	103.3	0.000	0.000
56.2	103.3	0.000	0.000
58.0	103.3	0.000	0.000
59.8	103.3	0.000	0.000
61.5	103.3	0.000	0.000
63.3	103.3	0.000	0.000
65.1	103.3	0.000	0.000
66.9	103.3	0.000	0.000
68.7	103.3	0.000	0.000
70.5	103.3	0.000	0.000
72.2	103.3	0.000	0.000
0.9	105.1	0.000	0.000
2.7	105.1	0.000	0.000
4.5	105.1	0.000	0.000
6.2	105.1	0.000	0.000
8.0	105.1	0.000	0.000
9.8	105.1	0.000	0.000
11.6	105.1	0.000	0.000
13.4	105.1	0.000	0.000
15.2	105.1	0.000	0.000
16.9	105.1	0.000	0.000
18.7	105.1	0.000	0.000
20.5	105.1	0.000	0.000
22.3	105.1	0.000	0.000
24.1	105.1	0.000	0.000
25.9	105.1	0.000	0.000
27.6	105.1	0.000	0.000
29.4	105.1	0.000	0.000
31.2	105.1	0.000	0.000
33.0	105.1	0.000	0.000
34.8	105.1	0.000	0.000
36.6	105.1	0.000	0.000
38.3	105.1	0.000	0.000
40.1	105.1	0.000	0.000
41.9	105.1	0.000	0.000
43.7	105.1	0.000	0.000
45.5	105.1	0.000	0.000
47.3	105.1	0.000	0.000
49.0	105.1	0.000	0.000
50.8	105.1	0.000	0.000
52.6	105.1	0.000	0.000
54.4	105.1	0.000	0.000
56.2	105.1	0.000	0.000
58.0	105.1	0.000	0.000
59.8	105.1	0.000	0.000
61.5	105.1	0.000	0.000
63.3	105.1	0.000	0.000
65.1	105.1	0.000	0.000
66.9	105.1	0.000	0.000
68.7	105.1	0.000	0.000
70.5	105.1	0.000	0.000
72.2	105.1	0.000	0.000
0.9	106.9	0.000	0.000
2.7	106.9	0.000	0.000
4.5	106.9	0.000	0.000
6.2	106.9	0.000	0.000
8.0	106.9	0.000	0.000
9.8	106.9	0.000	0.000
11.6	106.9	0.000	0.000
13.4	106.9	0.000	0.000
15.2	106.9	0.000	0.000
16.9	106.9	0.000	0.000
18.7	106.9	0.000	0.000
20.5	106.9	0.000	0.000
22.3	106.9	0.000	0.000
24.1	106.9	0.000	0.000
25.9	106.9	0.000	0.000
27.6	106.9	0.000	0.000
29.4	106.9	0.000	0.000
31.2	106.9	0.000	0.000
33.0	106.9	0.000	0.000
34.8	106.9	0.000	0.000
36.6	106.9	0.000	0.000
38.3	106.9	0.000	0.000
40.1	106.9	0.000	0.000
41.9	106.9	0.000	0.000
43.7	106.9	0.000	0.000
45.5	106.9	0.000	0.000
47.3	106.9	0.000	0.000
49.0	106.9	0.000	0.000
50.8	106.9	0.000	0.000
52.6	106.9	0.000	0.000
54.4	106.9	0.000	0.000
56.2	106.9	0.000	0.000
58.0	106.9	0.000	0.000
59.8	106.9	0.000	0.000
61.5	106.9	0.000	0.000
63.3	106.9	0.000	0.000
65.1	106.9	0.000	0.000
66.9	106.9	0.000	0.000
68.7	106.9	0.000	0.000
70.5	106.9	0.000	0.000
72.2	106.9	0.000	0.000
0.9	108.7	0.000	0.000
2.7	108.7	0.000	0.000
4.5	108.7	0.000	0.000
6.2	108.7	0.000	0.000
8.0	108.7	0.000	0.000
9.8	108.7	0.000	0.000
11.6	108.7	0.000	0.000
13.4	108.7	0.000	0.000
15.2	108.7	0.000	0.000
16.9	108.7	0.000	0.000
18.7	108.7	0.000	0.000
20.5	108.7	0.000	0.000
22.3	108.7	0.000	0.000
24.1	108.7	0.000	0.000
25.9	108.7	0.000	0.000
27.6	108.7	0.000	0.000
29.4	108.7	0.000	0.000
31.2	108.7	0.000	0.000
33.0	108.7	0.000	0.000
34.8	108.7	0.000	0.000
36.6	108.7	0.000	0.000
38.3	108.7	0.000	0.000
40.1	108.7	0.000	0.000
41.9	108.7	0.000	0.000
43.7	108.7	0.000	0.000
45.5	108.7	0.000	0.000
47.3	108.7	0.000	0.000
49.0	108.7	0.000	0.000
50.8	108.7	0.000	0.000
52.6	108.7	0.000	0.000
54.4	108.7	0.000	0.000
56.2	108.7	0.000	0.000
58.0	108.7	0.000	0.000
59.8	108.7	0.000	0.000
61.5	108.7	0.000	0.000
63.3	108.7	0.000	0.000
65.1	108.7	0.000	0.000
66.9	108.7	0.000	0.000
68.7	108.7	0.000	0.000
70.5	108.7	0.000	0.000
72.2	108.7	0.000	0.000
0.9	110.5	0.000	0.000
2.7	110.5	0.000	0.000
4.5	110.5	0.000	0.000
6.2	110.5	1.115	0.000
8.0	110.5	0.000	0.000
9.8	110.5	0.000	0.000
11.6	110.5	0.000	0.000
13.4	110.5	0.000	0.000
15.2	110.5	0.000	0.000
16.9	110.5	0.000	0.000
18.7	110.5	0.000	0.000
20.5	110.5	0.000	0.000
22.3	110.5	0.000	0.000
24.1	110.5	0.000	0.000
25.9	110.5	0.000	0.000
27.6	110.5	0.000	0.000
29.4	110.5	0.000	0.000
31.2	110.5	0.000	0.000
33.0	110.5	0.000	0.000
34.8	110.5	0.000	0.000
36.6	110.5	0.000	0.000
38.3	110.5	0.000	0.000
40.1	110.5	0.000	0.000
41.9	110.5	0.000	0.000
43.7	110.5	0.000	0.000
45.5	110.5	0.000	0.000
47.3	110.5	0.000	0.000
49.0	110.5	0.000	0.000
50.8	110.5	0.000	0.000
52.6	110.5	0.000	0.000
54.4	110.5	0.000	0.000
56.2	110.5	0.000	0.000
58.0	110.5	0.000	0.000
59.8	110.5	0.000	0.000
61.5	110.5	0.000	0.000
63.3	110.5	0.000	0.000
65.1	110.5	0.000	0.000
66.9	110.5	0.000	0.000
68.7	110.5	0.000	0.000
70.5	110.5	0.000	0.000
72.2	110.5	0.000	0.000
0.9	112.2	0.000	0.000
2.7	112.2	0.000	0.000
4.5	112.2	0.000	0.000
6.2	112.2	0.000	0.000
8.0	112.2	0.000	0.000
9.8	112.2	0.000	0.000
11.6	112.2	0.000	0.000
13.4	112.2	0.000	0.000
15.2	112.2	0.000	0.000
16.9	112.2	0.000	0.000
18.7	112.2	0.000	0.000
20.5	112.2	0.000	0.000
22.3	112.2	0.000	0.000
24.1	112.2	0.000	0.000
25.9	112.2	0.000	0.000
27.6	112.2	0.000	0.000
29.4	112.2	0.000	0.000
31.2	112.2	0.000	0.000
33.0	112.2	0.000	0.000
34.8	112.2	0.000	0.000
36.6	112.2	0.000	0.000
38.3	112.2	0.000	0.000
40.1	112.2	0.000	0.000
41.9	112.2	0.000	0.000
43.7	112.2	0.000	0.000
45.5	112.2	0.000	0.000
47.3	112.2	0.000	0.000
49.0	112.2	0.000	0.000
50.8	112.2	0.000	0.000
52.6	112.2	0.000	0.000
54.4	112.2	0.000	0.000
56.2	112.2	0.000	0.000
58.0	112.2	0.000	0.000
59.8	112.2	0.000	0.000
61.5	112.2	0.000	0.000
63.3	112.2	0.000	0.000
65.1	112.2	0.000	0.000
66.9	112.2	0.000	0.000
68.7	112.2	0.000	0.000
70.5	112.2	0.000	0.000
72.2	112.2	0.000	0.000
0.9	114.0	0.000	0.000
2.7	114.0	0.000	0.000
4.5	114.0	0.000	0.000
6.2	114.0	0.000	0.000
8.0	114.0	0.000	0.000
9.8	114.0	0.000	0.000
11.6	114.0	0.000	0.000
13.4	114.0	0.000	0.000
15.2	114.0	0.000	0.000
16.9	114.0	0.000	0.000
18.7	114.0	0.000	0.000
20.5	114.0	0.000	0.000
22.3	114.0	0.000	0.000
24.1	114.0	0.000	0.000
25.9	114.0	0.000	0.000
27.6	114.0	0.000	0.000
29.4	114.0	0.000	0.000
31.2	114.0	0.000	0.000
33.0	114.0	0.000	0.000
34.8	114.0	0.000	0.000
36.6	114.0	0.000	0.000
38.3	114.0	0.000	0.000
40.1	114.0	0.000	0.000
41.9	114.0	0.000	0.000
43.7	114.0	0.000	0.000
45.5	114.0	0.000	0.000
47.3	114.0	0.000	0.000
49.0	114.0	0.000	0.000
50.8	114.0	0.000	0.000
52.6	114.0	0.000	0.000
54.4	114.0	0.000	0.000
56.2	114.0	0.000	0.000
58.0	114.0	0.000	0.000
59.8	114.0	0.000	0.000
61.5	114.0	0.000	0.000
63.3	114.0	0.000	0.000
65.1	114.0	0.000	0.000
66.9	114.0	0.000	0.000
68.7	114.0	0.000	0.000
70.5	114.0	0.000	0.000
72.2	114.0	0.000	0.000
0.9	115.8	0.000	0.000
2.7	115.8	0.000	0.000
4.5	115.8	0.000	0.000
6.2	115.8	0.000	0.000
8.0	115.8	0.000	0.000
9.8	115.8	0.000	0.000
11.6	115.8	0.000	0.000
13.4	115.8	0.000	0.000
15.2	115.8	0.000	0.000
16.9	115.8	0.000	0.000
18.7	115.8	0.000	0.000
20.5	115.8	0.000	0.000
22.3	115.8	0.000	0.000
24.1	115.8	0.000	0.000
25.9	115.8	0.000	0.000
27.6	115.8	0.000	0.000
29.4	115.8	0.000	0.000
31.2	115.8	0.000	0.000
33.0	115.8	0.000	0.000
34.8	115.8	0.000	0.000
36.6	115.8	0.000	0.000
38.3	115.8	0.000	0.000
40.1	115.8	0.000	0.000
41.9	115.8	0.000	0.000
43.7	115.8	0.000	0.000
45.5	115.8	0.000	0.000
47.3	115.8	0.000	0.000
49.0	115.8	0.000	0.000
50.8	115.8	0.000	0.000
52.6	115.8	0.000	0.000
54.4	115.8	0.000	0.000
56.2	115.8	0.000	0.000
58.0	115.8	0.000	0.000
59.8	115.8	0.000	0.000
61.5	115.8	0.000	0.000
63.3	115.8	0.000	0.000
65.1	115.8	0.000	0.000
66.9	115.8	0.000	0.000
68.7	115.8	0.000	0.000
70.5	115.8	0.000	0.000
72.2	115.8	0.000	0.000
0.9	117.6	0.000	0.000
2.7	117.6	0.000	0.000
4.5	117.6	0.000	0.000
6.2	117.6	0.000	0.000
8.0	117.6	0.000	0.000
9.8	117.6	0.000	0.000
11.6	117.6	0.000	0.000
13.4	117.6	0.000	0.000
15.2	117.6	0.000	0.000
16.9	117.6	0.000	0.000
18.7	117.6	0.000	0.000
20.5	117.6	0.000	0.000
22.3	117.6	0.000	0.000
24.1	117.6	0.000	0.000
25.9	117.6	0.000	0.000
27.6	117.6	0.000	0.000
29.4	117.6	0.000	0.000
31.2	117.6	0.000	0.000
33.0	117.6	0.000	0.000
34.8	117.6	0.000	0.000
36.6	117.6	0.000	0.000
38.3	117.6	0.000	0.000
40.1	117.6	0.000	0.000
41.9	117.6	0.000	0.000
43.7	117.6	0.000	0.000
45.5	117.6	0.000	0.000
47.3	117.6	0.000	0.000
49.0	117.6	0.000	0.000
50.8	117.6	0.000	0.000
52.6	117.6	0.000	0.000
54.4	117.6	0.000	0.000
56.2	117.6	0.000	0.000
58.0	117.6	0.000	0.000
59.8	117.6	0.000	0.000
61.5	117.6	0.000	0.000
63.3	117.6	0.000	0.000
65.1	117.6	0.000	0.000
66.9	117.6	0.000	0.000
68.7	117.6	0.000	0.000
70.5	117.6	0.000	0.000
72.2	117.6	0.000	0.000
0.9	119.4	0.000	0.000
2.7	119.4	0.000	0.000
4.5	119.4	0.000	0.000
6.2	119.4	0.000	0.000
8.0	119.4	0.000	0.000
9.8	119.4	0.000	0.000
11.6	119.4	0.000	0.000
13.4	119.4	0.000	0.000
15.2	119.4	0.000	0.000
16.9	119.4	0.000	0.000
18.7	119.4	0.000	0.000
20.5	119.4	0.000	0.000
22.3	119.4	0.000	0.000
24.1	119.4	0.000	0.000
25.9	119.4	0.000	0.000
27.6	119.4	0.000	0.000
29.4	119.4	0.000	0.000
31.2	119.4	0.000	0.000
33.0	119.4	0.000	0.000
34.8	119.4	0.000	0.000
36.6	119.4	0.000	0.000
38.3	119.4	0.000	0.000
40.1	119.4	0.000	0.000
41.9	119.4	0.000	0.000
43.7	119.4	0.000	0.000
45.5	119.4	0.000	0.000
47.3	119.4	0.000	0.000
49.0	119.4	0.000	0.000
50.8	119.4	0.000	0.000
52.6	119.4	0.000	0.000
54.4	119.4	0.000	0.000
56.2	119.4	0.000	0.000
58.0	119.4	0.000	0.000
59.8	119.4	0.000	0.000
61.5	119.4	0.000	0.000
63.3	119.4	0.000	0.000
65.1	119.4	0.000	0.000
66.9	119.4	0.000	0.000
68.7	119.4	0.000	0.000
70.5	119.4	0.000	0.000
72.2	119.4	0.000	0.000
0.9	121.2	0.000	0.000
2.7	121.2	0.000	0.000
4.5	121.2	0.000	0.000
6.2	121.2	0.000	0.000
8.0	121.2	0.000	0.000
9.8	121.2	0.000	0.000
11.6	121.2	0.000	0.000
13.4	121.2	0.000	0.000
15.2	121.2	0.000	0.000
16.9	121.2	0.000	0.000
18.7	121.2	0.000	0.000
20.5	121.2	0.000	0.000
22.3	121.2	0.000	0.000
24.1	121.2	0.000	0.000
25.9	121.2	0.000	0.000
27.6	121.2	0.000	0.000
29.4	121.2	0.000	0.000
31.2	121.2	0.000	0.000
33.0	121.2	0.000	0.000
34.8	121.2	0.000	0.000
36.6	121.2	0.000	0.000
38.3	121.2	0.000	0.000
40.1	121.2	0.000	0.000
41.9	121.2	0.000	0.000
43.7	121.2	0.000	0.000
45.5	121.2	0.000	0.000
47.3	121.2	0.000	0.000
49.0	121.2	0.000	0.000
50.8	121.2	0.000	0.000
52.6	121.2	0.000	0.000
54.4	121.2	0.000	0.000
56.2	121.2	0.000	0.000
58.0	121.2	0.000	0.000
59.8	121.2	0.000	0.000
61.5	121.2	0.000	0.000
63.3	121.2	0.000	0.000
65.1	121.2	0.000	0.000
66.9	121.2	0.000	0.000
68.7	121.2	0.000	0.000
70.5	121.2	0.000	0.000
72.2	121.2	0.000	0.000
0.9	123.0	0.000	0.000
2.7	123.0	0.000	0.000
4.5	123.0	0.000	0.000
6.2	123.0	0.000	0.000
8.0	123.0	0.000	0.000
9.8	123.0	0.000	0.000
11.6	123.0	0.000	0.000
13.4	123.0	0.000	0.000
15.2	123.0	0.000	0.000
16.9	123.0	0.000	0.000
18.7	123.0	0.000	0.000
20.5	123.0	0.000	0.000
22.3	123.0	0.000	0.000
24.1	123.0	0.000	0.000
25.9	123.0	0.000	0.000
27.6	123.0	0.000	0.000
29.4	123.0	0.000	0.000
31.2	123.0	0.000	0.000
33.0	123.0	0.000	0.000
34.8	123.0	0.000	0.000
36.6	123.0	0.000	0.000
38.3	123.0	0.000	0.000
40.1	123.0	0.000	0.000
41.9	123.0	0.000	0.000
43.7	123.0	0.000	0.000
45.5	123.0	0.000	0.000
47.3	123.0	0.000	0.000
49.0	123.0	0.000	0.000
50.8	123.0	0.000	0.000
52.6	123.0	0.000	0.000
54.4	123.0	0.000	0.000
56.2	123.0	0.000	0.000
58.0	123.0	0.000	0.000
59.8	123.0	0.000	0.000
61.5	123.0	0.000	0.000
63.3	123.0	0.000	0.000
65.1	123.0	0.000	0.000
66.9	123.0	0.000	0.000
68.7	123.0	0.000	0.000
70.5	123.0	0.000	0.000
72.2	123.0	0.000	0.000
0.9	124.7	0.000	0.000
2.7	124.7	0.000	0.000
4.5	124.7	0.000	0.000
6.2	124.7	0.000	0.000
8.0	124.7	0.000	0.000
9.8	124.7	0.000	0.000
11.6	124.7	0.000	0.000
13.4	124.7	0.000	0.000
15.2	124.7	0.000	0.000
16.9	124.7	0.000	0.000
18.7	124.7	0.000	0.000
20.5	124.7	0.000	0.000
22.3	124.7	0.000	0.000
24.1	124.7	0.000	0.000
25.9	124.7	0.000	0.000
27.6	124.7	0.000	0.000
29.4	124.7	0.000	0.000
31.2	124.7	0.000	0.000
33.0	124.7	0.000	0.000
34.8	124.7	0.000	0.000
36.6	124.7	0.000	0.000
38.3	124.7	0.000	0.000
40.1	124.7	0.000	0.000
41.9	124.7	0.000	0.000
43.7	124.7	0.000	0.000
45.5	124.7	0.000	0.000
47.3	124.7	0.000	0.000
49.0	124.7	0.000	0.000
50.8	124.7	0.000	0.000
52.6	124.7	0.000	0.000
54.4	124.7	0.000	0.000
56.2	124.7	0.000	0.000
58.0	124.7	0.000	0.000
59.8	124.7	0.000	0.000
61.5	124.7	0.000	0.000
63.3	124.7	0.000	0.000
65.1	124.7	0.000	0.000
66.9	124.7	0.000	0.000
68.7	124.7	0.000	0.000
70.5	124.7	0.000	0.000
72.2	124.7	0.000	0.000
0.9	126.5	0.000	0.000
2.7	126.5	0.000	0.000
4.5	126.5	0.000	0.000
6.2	126.5	0.000	0.000
8.0	126.5	0.000	0.000
9.8	126.5	0.000	0.000
11.6	126.5	0.000	0.000
13.4	126.5	0.000	0.000
15.2	126.5	0.000	0.000
16.9	126.5	0.000	0.000
18.7	126.5	0.000	0.000
20.5	126.5	0.000	0.000
22.3	126.5	0.000	0.000
24.1	126.5	0.000	0.000
25.9	126.5	0.000	0.000
27.6	126.5	0.000	0.000
29.4	126.5	0.000	0.000
31.2	126.5	0.000	0.000
33.0	126.5	0.000	0.000
34.8	126.5	0.000	0.000
36.6	126.5	1.115	0.000
38.3	126.5	0.000	0.000
40.1	126.5	0.000	0.000
41.9	126.5	0.000	0.000
43.7	126.5	0.000	0.000
45.5	126.5	0.000	0.000
47.3	126.5	0.000	0.000
49.0	126.5	0.000	0.000
50.8	126.5	0.000	0.000
52.6	126.5	0.000	0.000
54.4	126.5	0.000	0.000
56.2	126.5	0.000	0.000
58.0	126.5	0.000	0.000
59.8	126.5	0.000	0.000
61.5	126.5	0.000	0.000
63.3	126.5	0.000	0.000
65.1	126.5	0.000	0.000
66.9	126.5	0.000	0.000
68.7	126.5	0.000	0.000
70.5	126.5	0.000	0.000
72.2	126.5	-0.174	0.023
0.9	128.3	0.000	0.000
2.7	128.3	0.000	0.000
4.5	128.3	0.000	0.000
6.2	128.3	0.000	0.000
8.0	128.3	0.000	0.000
9.8	128.3	0.000	0.000
11.6	128.3	0.000	0.000
13.4	128.3	0.000	0.000
15.2	128.3	0.000	0.000
16.9	128.3	0.000	0.000
18.7	128.3	0.000	0.000
20.5	128.3	0.000	0.000
22.3	128.3	0.000	0.000
24.1	128.3	0.000	0.000
25.9	128.3	0.000	0.000
27.6	128.3	0.000	0.000
29.4	128.3	0.000	0.000
31.2	128.3	0.000	0.000
33.0	128.3	0.000	0.000
34.8	128.3	0.000	0.000
36.6	128.3	0.000	0.000
38.3	128.3	0.000	0.000
40.1	128.3	0.000	0.000
41.9	128.3	0.000	0.000
43.7	128.3	0.000	0.000
45.5	128.3	0.000	0.000
47.3	128.3	0.000	0.000
49.0	128.3	0.000	0.000
50.8	128.3	0.000	0.000
52.6	128.3	0.000	0.000
54.4	128.3	0.000	0.000
56.2	128.3	0.000	0.000
58.0	128.3	0.000	0.000
59.8	128.3	0.000	0.000
61.5	128.3	0.000	0.000
63.3	128.3	0.000	0.000
65.1	128.3	0.000	0.000
66.9	128.3	-0.035	-0.012
68.7	128.3	0.000	0.000
70.5	128.3	0.000	0.000
72.2	128.3	0.000	0.000
0.9	130.1	0.000	0.000
2.7	130.1	0.000	0.000
4.5	130.1	0.000	0.000
6.2	130.1	0.000	0.000
8.0	130.1	0.000	0.000
9.8	130.1	0.000	0.000
11.6	130.1	0.000	0.000
13.4	130.1	0.000	0.000
15.2	130.1	0.000	0.000
16.9	130.1	0.000	0.000
18.7	130.1	0.000	0.000
20.5	130.1	0.000	0.000
22.3	130.1	0.000	0.000
24.1	130.1	0.000	0.000
25.9	130.1	0.000	0.000
27.6	130.1	0.000	0.000
29.4	130.1	0.000	0.000
31.2	130.1	0.000	0.000
33.0	130.1	0.000	0.000
34.8	130.1	0.000	0.000
36.6	130.1	0.000	0.000
38.3	130.1	0.000	0.000
40.1	130.1	0.000	0.000
41.9	130.1	0.000	0.000
43.7	130.1	0.000	0.000
45.5	130.1	0.000	0.000
47.3	130.1	0.000	0.000
49.0	130.1	0.000	0.000
50.8	130.1	0.000	0.000
52.6	130.1	0.000	0.000
54.4	130.1	0.000	0.000
56.2	130.1	0.000	0.000
58.0	130.1	0.000	0.000
59.8	130.1	0.000	0.000
61.5	130.1	0.000	0.000
63.3	130.1	0.000	0.000
65.1	130.1	0.000	0.000
66.9	130.1	0.000	0.000
68.7	130.1	0.000	0.000
70.5	130.1	0.000	0.000
72.2	130.1	0.000	0.000
0.9	131.9	0.000	0.000
2.7	131.9	0.000	0.000
4.5	131.9	0.000	0.000
6.2	131.9	0.000	0.000
8.0	131.9	0.000	0.000
9.8	131.9	0.000	0.000
11.6	131.9	0.000	0.000
13.4	131.9	0.000	0.000
15.2	131.9	0.000	0.000
16.9	131.9	0.000	0.000
18.7	131.9	0.000	0.000
20.5	131.9	0.000	0.000
22.3	131.9	0.000	0.000
24.1	131.9	0.000	0.000
25.9	131.9	0.000	0.000
27.6	131.9	0.000	0.000
29.4	131.9	1.277	0.000
31.2	131.9	0.000	0.000
33.0	131.9	2.299	0.000
34.8	131.9	0.000	0.000
36.6	131.9	0.000	0.000
38.3	131.9	0.000	0.000
40.1	131.9	0.000	0.000
41.9	131.9	0.000	0.000
43.7	131.9	0.000	0.000
45.5	131.9	0.000	0.000
47.3	131.9	0.000	0.000
49.0	131.9	0.000	0.000
50.8	131.9	0.000	0.000
52.6	131.9	0.000	0.000
54.4	131.9	0.000	0.000
56.2	131.9	0.000	0.000
58.0	131.9	0.000	0.000
59.8	131.9	0.000	0.000
61.5	131.9	0.000	0.000
63.3	131.9	0.000	0.000
65.1	131.9	0.000	0.000
66.9	131.9	0.000	0.000
68.7	131.9	0.000	0.000
70.5	131.9	0.000	0.000
72.2	131.9	0.000	0.000
0.9	133.7	0.000	0.000
2.7	133.7	0.000	0.000
4.5	133.7	0.000	0.000
6.2	133.7	0.000	0.000
8.0	133.7	0.000	0.000
9.8	133.7	0.000	0.000
11.6	133.7	0.000	0.000
13.4	133.7	0.000	0.000
15.2	133.7	0.000	0.000
16.9	133.7	0.000	0.000
18.7	133.7	2.508	-1.486
20.5	133.7	0.000	0.000
22.3	133.7	0.000	0.000
24.1	133.7	0.000	0.000
25.9	133.7	0.000	0.000
27.6	133.7	0.000	0.000
29.4	133.7	0.000	0.000
31.2	133.7	0.000	0.000
33.0	133.7	0.000	0.000
34.8	133.7	0.000	0.000
36.6	133.7	0.000	0.000
38.3	133.7	0.000	0.000
40.1	133.7	0.000	0.000
41.9	133.7	0.000	0.000
43.7	133.7	0.000	0.000
45.5	133.7	0.000	0.000
47.3	133.7	0.000	0.000
49.0	133.7	0.000	0.000
50.8	133.7	0.000	0.000
52.6	133.7	0.000	0.000
54.4	133.7	0.000	0.000
56.2	133.7	0.000	0.000
58.0	133.7	0.000	0.000
59.8	133.7	0.000	0.000
61.5	133.7	0.000	0.000
63.3	133.7	0.000	0.000
65.1	133.7	0.000	0.000
66.9	133.7	0.000	0.000
68.7	133.7	0.000	0.000
70.5	133.7	0.000	0.000
72.2	133.7	0.000	0.000
0.9	135.4	0.000	0.000
2.7	135.4	0.000	0.000
4.5	135.4	0.000	0.000
6.2	135.4	0.000	0.000
8.0	135.4	0.000	0.000
9.8	135.4	0.000	0.000
11.6	135.4	0.000	0.000
13.4	135.4	0.000	0.000
15.2	135.4	0.000	0.000
16.9	135.4	0.000	0.000
18.7	135.4	0.000	0.000
20.5	135.4	0.000	0.000
22.3	135.4	0.000	0.000
24.1	135.4	0.000	0.000
25.9	135.4	0.000	0.000
27.6	135.4	0.000	0.000
29.4	135.4	0.000	0.000
31.2	135.4	0.000	0.000
33.0	135.4	0.000	0.000
34.8	135.4	0.000	0.000
36.6	135.4	0.000	0.000
38.3	135.4	0.000	0.000
40.1	135.4	0.000	0.000
41.9	135.4	0.000	0.000
43.7	135.4	0.000	0.000
45.5	135.4	0.000	0.000
47.3	135.4	0.000	0.000
49.0	135.4	0.000	0.000
50.8	135.4	0.000	0.000
52.6	135.4	0.000	0.000
54.4	135.4	0.000	0.000
56.2	135.4	0.000	0.000
58.0	135.4	0.000	0.000
59.8	135.4	0.000	0.000
61.5	135.4	0.000	0.000
63.3	135.4	0.000	0.000
65.1	135.4	0.000	0.000
66.9	135.4	0.000	0.000
68.7	135.4	0.000	0.000
70.5	135.4	0.000	0.000
72.2	135.4	0.000	0.000
0.9	137.2	0.000	0.000
2.7	137.2	0.000	0.000
4.5	137.2	0.000	0.000
6.2	137.2	0.000	0.000
8.0	137.2	0.000	0.000
9.8	137.2	0.000	0.000
11.6	137.2	0.000	0.000
13.4	137.2	0.000	0.000
15.2	137.2	0.000	0.000
16.9	137.2	0.000	0.000
18.7	137.2	0.000	0.000
20.5	137.2	0.000	0.000
22.3	137.2	0.000	0.000
24.1	137.2	0.000	0.000
25.9	137.2	0.000	0.000
27.6	137.2	0.000	0.000
29.4	137.2	0.000	0.000
31.2	137.2	0.000	0.000
33.0	137.2	0.000	0.000
34.8	137.2	0.000	0.000
36.6	137.2	0.000	0.000
38.3	137.2	0.000	0.000
40.1	137.2	0.000	0.000
41.9	137.2	0.000	0.000
43.7	137.2	0.000	0.000
45.5	137.2	0.000	0.000
47.3	137.2	0.000	0.000
49.0	137.2	1.312	-1.486
50.8	137.2	0.000	0.000
52.6	137.2	0.000	0.000
54.4	137.2	0.000	0.000
56.2	137.2	0.000	0.000
58.0	137.2	0.000	0.000
59.8	137.2	0.000	0.000
61.5	137.2	0.000	0.000
63.3	137.2	0.000	0.000
65.1	137.2	0.000	0.000
66.9	137.2	0.000	0.000
68.7	137.2	0.000	0.000
70.5	137.2	0.000	0.000
72.2	137.2	0.000	0.000
0.9	139.0	0.000	0.000
2.7	139.0	0.000	0.000
4.5	139.0	0.000	0.000
6.2	139.0	0.000	0.000
8.0	139.0	0.000	0.000
9.8	139.0	0.000	0.000
11.6	139.0	0.000	0.000
13.4	139.0	0.000	0.000
15.2	139.0	0.000	0.000
16.9	139.0	0.000	0.000
18.7	139.0	0.000	0.000
20.5	139.0	0.000	0.000
22.3	139.0	0.000	0.000
24.1	139.0	0.000	0.000
25.9	139.0	0.000	0.000
27.6	139.0	0.000	0.000
29.4	139.0	0.000	0.000
31.2	139.0	0.000	0.000
33.0	139.0	0.000	0.000
34.8	139.0	0.000	0.000
36.6	139.0	0.000	0.000
38.3	139.0	0.000	0.000
40.1	139.0	0.000	0.000
41.9	139.0	0.000	0.000
43.7	139.0	0.000	0.000
45.5	139.0	0.000	0.000
47.3	139.0	0.000	0.000
49.0	139.0	0.000	0.000
50.8	139.0	0.000	0.000
52.6	139.0	0.000	0.000
54.4	139.0	0.000	0.000
56.2	139.0	0.000	0.000
58.0	139.0	0.000	0.000
59.8	139.0	0.000	0.000
61.5	139.0	0.000	0.000
63.3	139.0	0.000	0.000
65.1	139.0	0.000	0.000
66.9	139.0	0.000	0.000
68.7	139.0	0.000	0.000
70.5	139.0	0.000	0.000
72.2	139.0	0.000	0.000
