0.8891521	65.8891525	0.0000000	0.0000000
2.6728802	65.8891525	0.0000000	0.0000000
4.4566083	65.8891525	-0.0116128	0.4993510
6.2403364	65.8891525	0.4064485	0.0348384
8.0240641	65.8891525	-0.8825738	-0.0116128
9.8077927	65.8891525	0.9290251	0.0000000
11.5915203	65.8891525	0.7896713	0.0116128
13.3752489	65.8891525	1.4516016	1.3238608
15.1589766	65.8891525	1.3935375	1.3354737
16.9427032	65.8891525	0.8245097	0.0116128
18.7264328	65.8891525	0.6270919	0.0464513
20.5101604	65.8891525	0.4993510	-0.0232256
22.2938881	65.8891525	0.4645125	-0.0232256
24.0776157	65.8891525	-0.3019331	0.0232256
25.8613453	65.8891525	-0.8825738	0.0232256
27.6450729	65.8891525	-1.9974039	-0.1741922
29.4288006	65.8891525	0.1741922	0.1509666
31.2125282	65.8891525	0.3251588	-0.0116128
32.9962578	65.8891525	0.4064485	0.0812897
34.7799835	65.8891525	0.7199944	0.5690279
36.5637131	65.8891525	1.1496685	0.1509666
38.3474426	65.8891525	1.4399889	1.4516017
40.1311722	65.8891525	0.8128969	2.9032035
41.9148979	65.8891525	0.0000000	0.0000000
43.6986275	65.8891525	0.3019331	0.2322563
45.4823532	65.8891525	0.5225766	0.2554819
47.2660828	65.8891525	0.5574150	-0.0116128
49.0498085	65.8891525	0.0696769	-1.0799917
50.8335381	65.8891525	-0.3483844	-0.9987020
52.6172676	65.8891525	-0.4528997	-0.9406379
54.4009972	65.8891525	0.3367716	-0.7780585
56.1847229	65.8891525	0.3483844	-0.2206435
57.9684486	65.8891525	0.3832228	-0.1045153
59.7521782	65.8891525	-1.3006351	1.6025683
61.5359077	65.8891525	0.0580641	1.6606324
63.3196297	65.8891525	0.0116128	1.8348246
65.1033630	65.8891525	0.0000000	0.0000000
66.8870850	65.8891525	-0.0464513	1.6722453
68.6708145	65.8891525	0.0000000	0.0000000
70.4545441	65.8891525	0.0000000	0.0000000
72.2382736	65.8891525	0.0000000	0.0000000
0.8891521	67.6728821	0.0000000	0.0000000
2.6728802	67.6728821	0.0000000	0.0000000
4.4566083	67.6728821	0.0000000	0.0000000
6.2403364	67.6728821	-0.5806407	-0.0464513
8.0240641	67.6728821	-0.2322563	-0.0116128
9.8077927	67.6728821	-0.1509666	0.0000000
11.5915203	67.6728821	-0.2206434	0.0000000
13.3752489	67.6728821	1.5096657	0.0348384
15.1589766	67.6728821	0.3599972	0.0232256
16.9427032	67.6728821	0.4528997	0.0232256
18.7264328	67.6728821	1.6025681	1.4516017
20.5101604	67.6728821	0.5458022	-0.0580641
22.2938881	67.6728821	0.2438691	0.0348384
24.0776157	67.6728821	-0.5225766	0.0232256
25.8613453	67.6728821	0.9406378	0.0348384
27.6450729	67.6728821	0.6270919	1.2425711
29.4288006	67.6728821	0.7432200	0.8825738
31.2125282	67.6728821	0.6154791	-0.0812897
32.9962578	67.6728821	-0.1625794	0.1161281
34.7799835	67.6728821	1.1612813	0.0348384
36.5637131	67.6728821	0.7548329	1.4399890
38.3474426	67.6728821	1.3586991	1.4748274
40.1311722	67.6728821	0.4180613	1.4632145
41.9148979	67.6728821	0.5109638	1.2425711
43.6986275	67.6728821	-0.0580641	0.2787075
45.4823532	67.6728821	-0.0464513	0.3135460
47.2660828	67.6728821	0.5806407	0.2206435
49.0498085	67.6728821	0.0696769	-0.7199945
50.8335381	67.6728821	0.0000000	0.0000000
52.6172676	67.6728821	-0.5690278	-0.6735432
54.4009972	67.6728821	-0.4761253	-0.1974178
56.1847229	67.6728821	-0.6967688	0.0812897
57.9684486	67.6728821	-0.6967688	1.9393399
59.7521782	67.6728821	-1.5096657	1.5328914
61.5359077	67.6728821	0.0000000	0.0000000
63.3196297	67.6728821	-0.0812897	2.1599834
65.1033630	67.6728821	0.0812897	1.7303092
66.8870850	67.6728821	0.0929025	1.6025683
68.6708145	67.6728821	0.0000000	0.0000000
70.4545441	67.6728821	0.0000000	0.0000000
72.2382736	67.6728821	0.0000000	0.0000000
0.8891521	69.4566040	-0.1393538	-2.9728804
2.6728802	69.4566040	0.0000000	0.0000000
4.4566083	69.4566040	-0.0580641	1.2890223
6.2403364	69.4566040	-0.7664456	-0.0696769
8.0240641	69.4566040	-0.4645125	-0.0696769
9.8077927	69.4566040	-0.6038663	-0.0929025
11.5915203	69.4566040	-0.5341894	-0.0812897
13.3752489	69.4566040	-0.1393538	-0.0232256
15.1589766	69.4566040	0.5225766	0.0116128
16.9427032	69.4566040	0.6967688	0.0116128
18.7264328	69.4566040	1.1264429	0.0348384
20.5101604	69.4566040	0.7548329	-0.0116128
22.2938881	69.4566040	0.7664456	0.0929025
24.0776157	69.4566040	-0.0232256	0.1161281
25.8613453	69.4566040	0.1858050	1.3354737
27.6450729	69.4566040	0.3716100	0.1161281
29.4288006	69.4566040	0.2903203	0.1741922
31.2125282	69.4566040	-0.4180613	0.0232256
32.9962578	69.4566040	-0.7664456	0.0580641
34.7799835	69.4566040	0.6154791	1.4283761
36.5637131	69.4566040	0.6735432	1.4980530
38.3474426	69.4566040	-0.1625794	-1.1496686
40.1311722	69.4566040	0.0000000	0.0000000
41.9148979	69.4566040	0.4761253	0.2554819
43.6986275	69.4566040	1.3238606	0.2322563
45.4823532	69.4566040	0.0000000	0.0000000
47.2660828	69.4566040	0.0580641	0.0116128
49.0498085	69.4566040	0.1393538	-0.0812897
50.8335381	69.4566040	-0.1625794	-0.0116128
52.6172676	69.4566040	-0.4064485	0.0464513
54.4009972	69.4566040	-0.4180613	-0.1741922
56.1847229	69.4566040	-0.6967688	0.0232256
57.9684486	69.4566040	-0.3948357	0.0116128
59.7521782	69.4566040	-0.0580641	-0.0929025
61.5359077	69.4566040	0.0000000	0.0000000
63.3196297	69.4566040	-0.3367716	1.6722453
65.1033630	69.4566040	-0.5690278	1.6141812
66.8870850	69.4566040	0.0116128	0.0232256
68.6708145	69.4566040	0.0000000	0.0000000
70.4545441	69.4566040	0.0000000	0.0000000
72.2382736	69.4566040	0.0000000	0.0000000
0.8891521	71.2403336	0.0000000	0.0000000
2.6728802	71.2403336	0.0000000	0.0000000
4.4566083	71.2403336	0.0000000	0.0000000
6.2403364	71.2403336	-0.6387047	-0.0464513
8.0240641	71.2403336	-0.6735432	-0.0696769
9.8077927	71.2403336	-0.6851560	-0.1625794
11.5915203	71.2403336	-0.3948357	-0.0696769
13.3752489	71.2403336	-0.2554819	-0.1393538
15.1589766	71.2403336	0.0464513	-0.0580641
16.9427032	71.2403336	0.1741922	-0.1625794
18.7264328	71.2403336	0.2787075	-0.1625794
20.5101604	71.2403336	0.7780585	-0.0116128
22.2938881	71.2403336	0.8593482	0.0812897
24.0776157	71.2403336	0.4993510	0.0232256
25.8613453	71.2403336	0.1741922	1.4167633
27.6450729	71.2403336	0.3599972	1.3238608
29.4288006	71.2403336	-0.1509666	0.0929025
31.2125282	71.2403336	-0.8128969	0.0232256
32.9962578	71.2403336	-0.9290251	0.0000000
34.7799835	71.2403336	-1.1032172	0.0580641
36.5637131	71.2403336	0.0116128	0.0464513
38.3474426	71.2403336	0.0000000	0.0000000
40.1311722	71.2403336	0.2322563	0.0696769
41.9148979	71.2403336	0.6851560	0.0929025
43.6986275	71.2403336	1.0219276	0.9290251
45.4823532	71.2403336	0.4528997	0.0812897
47.2660828	71.2403336	0.4761253	0.1277409
49.0498085	71.2403336	1.2890222	-0.0116128
50.8335381	71.2403336	0.8477353	-0.0812897
52.6172676	71.2403336	0.5806407	0.0116128
54.4009972	71.2403336	0.1277409	-0.1974178
56.1847229	71.2403336	0.0232256	-0.0929025
57.9684486	71.2403336	-0.1509666	-0.1625794
59.7521782	71.2403336	-0.0696769	0.0116128
61.5359077	71.2403336	-0.6851560	0.2787075
63.3196297	71.2403336	-1.0451531	0.1277409
65.1033630	71.2403336	-0.1161281	1.2309582
66.8870850	71.2403336	0.0000000	0.7199945
68.6708145	71.2403336	-0.0348384	1.0683789
70.4545441	71.2403336	0.0000000	0.0000000
72.2382736	71.2403336	0.0000000	0.0000000
0.8891521	73.0240631	-0.0348384	-2.9728804
2.6728802	73.0240631	0.0000000	0.0000000
4.4566083	73.0240631	0.0000000	0.0000000
6.2403364	73.0240631	-0.7083816	-0.1045153
8.0240641	73.0240631	-0.7664456	-0.1974178
9.8077927	73.0240631	-0.5109638	-0.1974178
11.5915203	73.0240631	-0.1277409	-0.1277409
13.3752489	73.0240631	-0.1509666	-0.0580641
15.1589766	73.0240631	0.0000000	0.0000000
16.9427032	73.0240631	0.2322563	-0.2090307
18.7264328	73.0240631	0.2903203	-0.1393538
20.5101604	73.0240631	0.5341894	0.0000000
22.2938881	73.0240631	0.5341894	0.0696769
24.0776157	73.0240631	0.0464513	1.2657967
25.8613453	73.0240631	0.2322563	1.3935376
27.6450729	73.0240631	0.4296741	1.3470864
29.4288006	73.0240631	0.0116128	0.1509666
31.2125282	73.0240631	0.4528997	1.3703121
32.9962578	73.0240631	0.0812897	0.1161281
34.7799835	73.0240631	0.0000000	0.0000000
36.5637131	73.0240631	-0.2322563	2.8451395
38.3474426	73.0240631	0.2554819	0.6387048
40.1311722	73.0240631	0.5574150	0.2903203
41.9148979	73.0240631	0.8361225	0.5690279
43.6986275	73.0240631	0.7548329	1.1264429
45.4823532	73.0240631	0.0812897	0.7199945
47.2660828	73.0240631	0.2090306	0.6735432
49.0498085	73.0240631	0.0000000	0.0000000
50.8335381	73.0240631	0.9174122	-0.0812897
52.6172676	73.0240631	0.6154791	0.0929025
54.4009972	73.0240631	0.7896713	-0.1277409
56.1847229	73.0240631	0.6387047	-0.0580641
57.9684486	73.0240631	-0.0232256	-0.0812897
59.7521782	73.0240631	0.3251588	0.0232256
61.5359077	73.0240631	-0.6503175	1.1845070
63.3196297	73.0240631	0.0000000	0.0000000
65.1033630	73.0240631	-0.0580641	0.1858050
66.8870850	73.0240631	-0.0116128	0.0696769
68.6708145	73.0240631	0.0000000	0.0000000
70.4545441	73.0240631	0.0000000	0.0000000
72.2382736	73.0240631	0.0000000	0.0000000
0.8891521	74.8077927	-0.6619303	-2.9728804
2.6728802	74.8077927	0.0000000	0.0000000
4.4566083	74.8077927	0.0000000	0.0000000
6.2403364	74.8077927	-0.9987019	-0.0464513
8.0240641	74.8077927	-0.0812897	-0.0232256
9.8077927	74.8077927	-0.4761253	-0.0812897
11.5915203	74.8077927	-0.4296741	-0.2438691
13.3752489	74.8077927	-0.4064485	-0.0464513
15.1589766	74.8077927	-0.3483844	0.0232256
16.9427032	74.8077927	-0.4645125	0.0116128
18.7264328	74.8077927	0.2322563	0.2438691
20.5101604	74.8077927	0.4993510	0.1393538
22.2938881	74.8077927	0.5574150	0.1045153
24.0776157	74.8077927	-0.0812897	1.1612813
25.8613453	74.8077927	0.5574150	1.3703121
27.6450729	74.8077927	1.0219276	0.9290251
29.4288006	74.8077927	1.1845069	0.3019332
31.2125282	74.8077927	0.4412869	1.4516017
32.9962578	74.8077927	0.2438691	1.5096658
34.7799835	74.8077927	0.0000000	0.0000000
36.5637131	74.8077927	-0.7664456	0.3367716
38.3474426	74.8077927	0.2670947	0.6387048
40.1311722	74.8077927	0.4412869	0.5341895
41.9148979	74.8077927	0.7664456	0.3716100
43.6986275	74.8077927	0.3599972	1.2425711
45.4823532	74.8077927	0.1161281	1.2774096
47.2660828	74.8077927	1.7303091	1.5561171
49.0498085	74.8077927	0.2090306	-0.0348384
50.8335381	74.8077927	0.4064485	-0.0580641
52.6172676	74.8077927	0.7780585	0.2903203
54.4009972	74.8077927	0.0000000	0.0000000
56.1847229	74.8077927	0.2438691	-2.9496548
57.9684486	74.8077927	0.0116128	0.0348384
59.7521782	74.8077927	0.0696769	0.5458022
61.5359077	74.8077927	0.7199944	0.2090307
63.3196297	74.8077927	0.6851560	-0.1161281
65.1033630	74.8077927	-0.0232256	0.2322563
66.8870850	74.8077927	0.0116128	-0.0116128
68.6708145	74.8077927	0.0000000	0.0000000
70.4545441	74.8077927	0.0000000	0.0000000
72.2382736	74.8077927	0.0000000	0.0000000
0.8891521	76.5915222	0.0000000	0.0000000
2.6728802	76.5915222	0.0000000	0.0000000
4.4566083	76.5915222	0.0000000	0.0000000
6.2403364	76.5915222	-0.8245097	-0.0116128
8.0240641	76.5915222	0.0000000	0.0000000
9.8077927	76.5915222	-0.1161281	-0.2322563
11.5915203	76.5915222	-0.1509666	-0.1161281
13.3752489	76.5915222	-0.2903203	-0.0232256
15.1589766	76.5915222	-0.2787075	0.0580641
16.9427032	76.5915222	-0.0116128	0.2322563
18.7264328	76.5915222	0.0000000	1.1264429
20.5101604	76.5915222	0.6154791	0.1741922
22.2938881	76.5915222	0.7432200	0.1393538
24.0776157	76.5915222	0.8245097	0.1741922
25.8613453	76.5915222	0.9406378	0.1741922
27.6450729	76.5915222	0.1277409	1.2890223
29.4288006	76.5915222	0.9406378	0.4993510
31.2125282	76.5915222	0.2903203	1.3470864
32.9962578	76.5915222	0.0000000	0.0000000
34.7799835	76.5915222	-0.6154791	1.4980530
36.5637131	76.5915222	0.0116128	1.2193455
38.3474426	76.5915222	0.1974178	0.8593482
40.1311722	76.5915222	0.2787075	0.4296741
41.9148979	76.5915222	0.6503175	0.5690279
43.6986275	76.5915222	0.6154791	1.2309582
45.4823532	76.5915222	0.6503175	1.3703121
47.2660828	76.5915222	0.6851560	0.2322563
49.0498085	76.5915222	0.4761253	0.1974178
50.8335381	76.5915222	0.3251588	0.0580641
52.6172676	76.5915222	0.0000000	0.0000000
54.4009972	76.5915222	0.9754763	0.0812897
56.1847229	76.5915222	0.6038663	0.0348384
57.9684486	76.5915222	0.6154791	0.0464513
59.7521782	76.5915222	0.2670947	0.0812897
61.5359077	76.5915222	0.4993510	-0.0348384
63.3196297	76.5915222	0.6503175	-0.0348384
65.1033630	76.5915222	0.8128969	0.2554819
66.8870850	76.5915222	0.5690278	0.0464513
68.6708145	76.5915222	0.0000000	0.0000000
70.4545441	76.5915222	0.0000000	0.0000000
72.2382736	76.5915222	0.0000000	0.0000000
0.8891521	78.3752518	0.0000000	0.0000000
2.6728802	78.3752518	0.0000000	0.0000000
4.4566083	78.3752518	0.0000000	0.0000000
6.2403364	78.3752518	-0.6038663	-0.6851560
8.0240641	78.3752518	-0.4412869	-0.8361226
9.8077927	78.3752518	-0.2206434	-0.1858050
11.5915203	78.3752518	-0.1625794	-0.0116128
13.3752489	78.3752518	-0.2554819	-0.0116128
15.1589766	78.3752518	0.0348384	0.0580641
16.9427032	78.3752518	-0.1625794	-0.0580641
18.7264328	78.3752518	-0.1509666	1.1961198
20.5101604	78.3752518	0.1974178	0.6387048
22.2938881	78.3752518	0.6851560	0.3367716
24.0776157	78.3752518	1.1148300	0.1625794
25.8613453	78.3752518	0.1393538	1.4051505
27.6450729	78.3752518	-0.0580641	1.3586992
29.4288006	78.3752518	0.9174122	0.1393538
31.2125282	78.3752518	-0.0232256	1.5677298
32.9962578	78.3752518	0.0000000	0.0000000
34.7799835	78.3752518	-0.1858050	1.3006351
36.5637131	78.3752518	-0.1161281	1.2774096
38.3474426	78.3752518	-0.0464513	0.1741922
40.1311722	78.3752518	0.0000000	0.0000000
41.9148979	78.3752518	0.0000000	0.2438691
43.6986275	78.3752518	0.5690278	0.3135460
45.4823532	78.3752518	0.4180613	0.8245098
47.2660828	78.3752518	0.5341894	0.4296741
49.0498085	78.3752518	0.6154791	0.7316073
50.8335381	78.3752518	0.3019331	0.7896714
52.6172676	78.3752518	0.0000000	0.0000000
54.4009972	78.3752518	0.7432200	0.0464513
56.1847229	78.3752518	0.0812897	0.2322563
57.9684486	78.3752518	-0.5341894	0.0812897
59.7521782	78.3752518	-0.1974178	0.1161281
61.5359077	78.3752518	0.0232256	0.0000000
63.3196297	78.3752518	0.4412869	0.0116128
65.1033630	78.3752518	0.6270919	0.2438691
66.8870850	78.3752518	0.4645125	0.1161281
68.6708145	78.3752518	-0.0348384	-2.7057858
70.4545441	78.3752518	0.0000000	0.0000000
72.2382736	78.3752518	0.0000000	0.0000000
0.8891521	80.1589737	0.0000000	0.0000000
2.6728802	80.1589737	0.0000000	0.0000000
4.4566083	80.1589737	0.0000000	0.0000000
6.2403364	80.1589737	-0.5806407	-0.0464513
8.0240641	80.1589737	-0.4528997	-0.4877382
9.8077927	80.1589737	-0.0696769	-0.1393538
11.5915203	80.1589737	-0.1625794	0.0116128
13.3752489	80.1589737	-0.0464513	0.1045153
15.1589766	80.1589737	0.0812897	0.1045153
16.9427032	80.1589737	-0.2322563	0.3367716
18.7264328	80.1589737	0.0116128	1.1264429
20.5101604	80.1589737	0.0464513	1.3354737
22.2938881	80.1589737	0.0000000	1.4516017
24.0776157	80.1589737	-0.2090306	1.4051505
25.8613453	80.1589737	-0.0348384	1.4632145
27.6450729	80.1589737	1.4283760	-0.0812897
29.4288006	80.1589737	-0.3716100	1.4516017
31.2125282	80.1589737	0.0000000	0.0000000
32.9962578	80.1589737	-1.1728941	2.2761116
34.7799835	80.1589737	-0.1974178	0.3483844
36.5637131	80.1589737	-1.4399889	0.6735432
38.3474426	80.1589737	-0.8361225	0.1741922
40.1311722	80.1589737	-0.6154791	-0.0116128
41.9148979	80.1589737	-0.2090306	0.4180613
43.6986275	80.1589737	-0.6619303	1.0799917
45.4823532	80.1589737	-0.7083816	1.6141812
47.2660828	80.1589737	-0.8012841	0.8593482
49.0498085	80.1589737	0.0116128	0.7664457
50.8335381	80.1589737	0.0464513	1.1845070
52.6172676	80.1589737	0.2670947	0.5574151
54.4009972	80.1589737	0.3483844	0.0696769
56.1847229	80.1589737	0.0464513	0.3251588
57.9684486	80.1589737	-0.2090306	0.2903203
59.7521782	80.1589737	-0.1161281	0.0812897
61.5359077	80.1589737	0.0929025	0.0000000
63.3196297	80.1589737	0.2090306	0.0696769
65.1033630	80.1589737	0.7896713	-0.1045153
66.8870850	80.1589737	-0.0929025	1.2425711
68.6708145	80.1589737	0.0000000	0.0000000
70.4545441	80.1589737	0.0000000	0.0000000
72.2382736	80.1589737	0.0000000	-2.9844933
0.8891521	81.9427032	0.0000000	0.0000000
2.6728802	81.9427032	0.0000000	0.0000000
4.4566083	81.9427032	0.0000000	0.0000000
6.2403364	81.9427032	-0.0348384	-0.0116128
8.0240641	81.9427032	0.0000000	-0.0929025
9.8077927	81.9427032	-0.1625794	-0.2090307
11.5915203	81.9427032	-0.1277409	-0.0696769
13.3752489	81.9427032	0.1625794	0.0580641
15.1589766	81.9427032	0.1045153	0.0348384
16.9427032	81.9427032	-0.0929025	0.6270919
18.7264328	81.9427032	0.1161281	1.2541839
20.5101604	81.9427032	0.0000000	0.0929025
22.2938881	81.9427032	-0.6735432	1.4051505
24.0776157	81.9427032	-0.6038663	1.4516017
25.8613453	81.9427032	-0.1045153	1.4864402
27.6450729	81.9427032	-0.1974178	1.5212786
29.4288006	81.9427032	-0.8825738	1.4980530
31.2125282	81.9427032	-0.9987019	1.7419221
32.9962578	81.9427032	-0.4064485	1.4864402
34.7799835	81.9427032	-1.5793426	0.2322563
36.5637131	81.9427032	-1.3470863	0.7199945
38.3474426	81.9427032	-0.7896713	0.0696769
40.1311722	81.9427032	-0.7548329	-0.1045153
41.9148979	81.9427032	-0.2554819	0.3251588
43.6986275	81.9427032	-0.7199944	1.1728942
45.4823532	81.9427032	-0.8128969	1.3935376
47.2660828	81.9427032	-0.3948357	1.1728942
49.0498085	81.9427032	0.0232256	0.1741922
50.8335381	81.9427032	0.4877381	0.0116128
52.6172676	81.9427032	0.2090306	0.0232256
54.4009972	81.9427032	0.0929025	0.1741922
56.1847229	81.9427032	0.5458022	0.2090307
57.9684486	81.9427032	0.9638635	0.1741922
59.7521782	81.9427032	0.0000000	0.0000000
61.5359077	81.9427032	0.3019331	-0.0929025
63.3196297	81.9427032	0.1741922	-0.0116128
65.1033630	81.9427032	0.6038663	-0.0116128
66.8870850	81.9427032	-0.0348384	0.7664457
68.6708145	81.9427032	0.0000000	0.0000000
70.4545441	81.9427032	0.0000000	0.0000000
72.2382736	81.9427032	0.0000000	0.0000000
0.8891521	83.7264252	0.0000000	0.0000000
2.6728802	83.7264252	0.0000000	0.0000000
4.4566083	83.7264252	0.0000000	0.0000000
6.2403364	83.7264252	-0.1045153	-0.0464513
8.0240641	83.7264252	-0.3483844	-0.3251588
9.8077927	83.7264252	-0.5574150	-0.2787075
11.5915203	83.7264252	-0.1393538	-0.3251588
13.3752489	83.7264252	0.0696769	-0.0580641
15.1589766	83.7264252	0.1741922	0.3251588
16.9427032	83.7264252	0.1161281	1.1961198
18.7264328	83.7264252	0.1161281	1.2657967
20.5101604	83.7264252	-0.0116128	1.5096658
22.2938881	83.7264252	-0.5341894	1.6141812
24.0776157	83.7264252	-0.7199944	1.5328914
25.8613453	83.7264252	-0.5341894	2.2993371
27.6450729	83.7264252	-0.4296741	2.5315933
29.4288006	83.7264252	0.0000000	0.0000000
31.2125282	83.7264252	-1.0219276	2.0903065
32.9962578	83.7264252	-0.6038663	1.9045014
34.7799835	83.7264252	-0.6503175	1.4748274
36.5637131	83.7264252	-0.2322563	-0.0116128
38.3474426	83.7264252	-1.0916045	0.1161281
40.1311722	83.7264252	-0.7432200	0.1509666
41.9148979	83.7264252	-1.0567660	0.1625794
43.6986275	83.7264252	-1.1148300	1.1264429
45.4823532	83.7264252	0.0000000	0.0000000
47.2660828	83.7264252	0.2554819	-0.1509666
49.0498085	83.7264252	0.1277409	-0.6735432
50.8335381	83.7264252	0.1161281	-0.0696769
52.6172676	83.7264252	0.0812897	0.3135460
54.4009972	83.7264252	0.2670947	0.2322563
56.1847229	83.7264252	0.7199944	0.1858050
57.9684486	83.7264252	0.8245097	0.2670947
59.7521782	83.7264252	-0.0464513	0.2670947
61.5359077	83.7264252	0.0464513	-0.0116128
63.3196297	83.7264252	0.1858050	0.0696769
65.1033630	83.7264252	-0.1741922	0.4761254
66.8870850	83.7264252	0.0000000	0.5922535
68.6708145	83.7264252	0.0000000	0.0000000
70.4545441	83.7264252	0.0000000	0.0000000
72.2382736	83.7264252	0.0000000	0.0000000
0.8891521	85.5101547	0.0000000	0.0000000
2.6728802	85.5101547	0.0000000	0.0000000
4.4566083	85.5101547	0.7316072	-0.0348384
6.2403364	85.5101547	-0.1625794	0.0464513
8.0240641	85.5101547	-0.6154791	-0.0464513
9.8077927	85.5101547	-0.5109638	-0.1393538
11.5915203	85.5101547	-0.3716100	-0.1277409
13.3752489	85.5101547	0.0000000	0.0000000
15.1589766	85.5101547	-0.0232256	1.5212786
16.9427032	85.5101547	0.0580641	1.4748274
18.7264328	85.5101547	-0.0580641	1.5328914
20.5101604	85.5101547	-0.4761253	1.3703121
22.2938881	85.5101547	-0.6735432	1.6025683
24.0776157	85.5101547	-0.8012841	2.3109500
25.8613453	85.5101547	-0.8361225	2.3922396
27.6450729	85.5101547	-0.6619303	2.5896575
29.4288006	85.5101547	-0.5690278	2.3922396
31.2125282	85.5101547	-0.0929025	2.4038525
32.9962578	85.5101547	-0.1625794	1.8696630
34.7799835	85.5101547	0.0812897	-0.6967688
36.5637131	85.5101547	-0.4180613	1.5561171
38.3474426	85.5101547	-1.1148300	0.7780585
40.1311722	85.5101547	-0.8825738	0.3019332
41.9148979	85.5101547	-0.6038663	0.1858050
43.6986275	85.5101547	-1.3819247	1.0451533
45.4823532	85.5101547	0.1045153	0.4412869
47.2660828	85.5101547	0.3135459	-0.0580641
49.0498085	85.5101547	0.3832228	-0.7083817
50.8335381	85.5101547	-0.0464513	0.0000000
52.6172676	85.5101547	0.0929025	0.1858050
54.4009972	85.5101547	0.2438691	0.1858050
56.1847229	85.5101547	0.2090306	0.5922535
57.9684486	85.5101547	0.1509666	0.6270919
59.7521782	85.5101547	-0.1045153	0.5341895
61.5359077	85.5101547	-0.0348384	0.1161281
63.3196297	85.5101547	0.0232256	0.1509666
65.1033630	85.5101547	-0.3019331	0.7780585
66.8870850	85.5101547	-0.0232256	0.8709611
68.6708145	85.5101547	0.0000000	0.0000000
70.4545441	85.5101547	0.0000000	0.0000000
72.2382736	85.5101547	0.0000000	0.0000000
0.8891521	87.2938843	0.0000000	0.0000000
2.6728802	87.2938843	0.0000000	0.0000000
4.4566083	87.2938843	0.0000000	0.0000000
6.2403364	87.2938843	-0.6967688	0.1045153
8.0240641	87.2938843	-0.4412869	0.0232256
9.8077927	87.2938843	-0.5341894	0.0000000
11.5915203	87.2938843	-0.2090306	0.2090307
13.3752489	87.2938843	-0.2670947	1.4051505
15.1589766	87.2938843	0.0000000	1.4516017
16.9427032	87.2938843	-0.0812897	1.6606324
18.7264328	87.2938843	-0.1509666	1.8696630
20.5101604	87.2938843	-0.2090306	2.0670810
22.2938881	87.2938843	-1.4516016	1.7535349
24.0776157	87.2938843	0.0000000	0.0000000
25.8613453	87.2938843	-1.5328913	2.0438552
27.6450729	87.2938843	-1.4167632	1.9509528
29.4288006	87.2938843	-0.5225766	2.2180474
31.2125282	87.2938843	-0.7199944	2.2180474
32.9962578	87.2938843	-0.1974178	2.7986882
34.7799835	87.2938843	0.0116128	2.9380419
36.5637131	87.2938843	0.0000000	0.0000000
38.3474426	87.2938843	-0.7432200	0.2554819
40.1311722	87.2938843	-0.7780585	0.5225766
41.9148979	87.2938843	-0.5574150	0.2670947
43.6986275	87.2938843	-0.0812897	0.1161281
45.4823532	87.2938843	-0.0580641	0.1974178
47.2660828	87.2938843	0.0232256	0.0232256
49.0498085	87.2938843	0.1045153	-0.0812897
50.8335381	87.2938843	0.0000000	-0.0116128
52.6172676	87.2938843	0.0116128	0.7199945
54.4009972	87.2938843	0.2206434	0.3367716
56.1847229	87.2938843	0.0696769	0.4528998
57.9684486	87.2938843	0.0232256	0.7780585
59.7521782	87.2938843	0.1161281	0.6270919
61.5359077	87.2938843	-0.0116128	0.6735432
63.3196297	87.2938843	-0.0232256	0.6619304
65.1033630	87.2938843	-0.1509666	0.8012841
66.8870850	87.2938843	0.0348384	0.7432201
68.6708145	87.2938843	-0.0232256	-2.1832089
70.4545441	87.2938843	0.0000000	0.0000000
72.2382736	87.2938843	0.0000000	0.0000000
0.8891521	89.0776138	0.0000000	0.0000000
2.6728802	89.0776138	0.0000000	0.0000000
4.4566083	89.0776138	-0.1161281	0.8941867
6.2403364	89.0776138	-1.2193453	0.2554819
8.0240641	89.0776138	-0.9057994	0.1625794
9.8077927	89.0776138	-0.6967688	-0.0348384
11.5915203	89.0776138	-0.6038663	0.0580641
13.3752489	89.0776138	-0.5341894	1.1380558
15.1589766	89.0776138	-0.9638635	1.5561171
16.9427032	89.0776138	-0.5922534	1.9741783
18.7264328	89.0776138	-0.2206434	2.1367579
20.5101604	89.0776138	0.0696769	2.2644987
22.2938881	89.0776138	-1.4167632	1.4864402
24.0776157	89.0776138	-1.9857910	2.0438552
25.8613453	89.0776138	-1.6374066	2.0786936
27.6450729	89.0776138	-2.1832089	1.3238608
29.4288006	89.0776138	0.0000000	0.0000000
31.2125282	89.0776138	0.0000000	0.0000000
32.9962578	89.0776138	-0.9057994	1.3819249
34.7799835	89.0776138	-0.5458022	1.5561171
36.5637131	89.0776138	0.1509666	0.0116128
38.3474426	89.0776138	-0.0580641	0.0464513
40.1311722	89.0776138	-0.6270919	0.1858050
41.9148979	89.0776138	-0.6619303	0.2787075
43.6986275	89.0776138	0.0000000	0.0000000
45.4823532	89.0776138	0.5225766	0.1509666
47.2660828	89.0776138	0.4761253	0.0580641
49.0498085	89.0776138	0.4180613	0.4296741
50.8335381	89.0776138	0.2787075	0.3483844
52.6172676	89.0776138	0.1161281	0.2787075
54.4009972	89.0776138	0.6851560	0.2322563
56.1847229	89.0776138	0.2322563	0.5458022
57.9684486	89.0776138	0.4180613	0.6735432
59.7521782	89.0776138	0.4296741	0.6619304
61.5359077	89.0776138	0.0464513	0.6851560
63.3196297	89.0776138	0.0232256	0.6619304
65.1033630	89.0776138	-0.1161281	0.6735432
66.8870850	89.0776138	-0.0232256	1.3819249
68.6708145	89.0776138	0.0000000	0.0000000
70.4545441	89.0776138	0.6735432	-2.9728804
72.2382736	89.0776138	0.0000000	0.0000000
0.8891521	90.8613434	0.0000000	0.0000000
2.6728802	90.8613434	0.0000000	0.0000000
4.4566083	90.8613434	-0.1277409	0.0696769
6.2403364	90.8613434	-1.4283760	0.1741922
8.0240641	90.8613434	-1.3354735	0.3019332
9.8077927	90.8613434	-0.7316072	0.2090307
11.5915203	90.8613434	-0.6503175	0.2554819
13.3752489	90.8613434	-1.1845069	1.4632145
15.1589766	90.8613434	-1.3354735	1.6722453
16.9427032	90.8613434	-0.8361225	2.1483705
18.7264328	90.8613434	0.0000000	0.0000000
20.5101604	90.8613434	0.0000000	0.0000000
22.2938881	90.8613434	0.0000000	0.0000000
24.0776157	90.8613434	-1.9277270	2.2644987
25.8613453	90.8613434	-2.1832089	1.4516017
27.6450729	90.8613434	-1.5909554	1.1264429
29.4288006	90.8613434	-1.6606323	1.2541839
31.2125282	90.8613434	-1.4283760	1.4980530
32.9962578	90.8613434	-1.1961198	1.6141812
34.7799835	90.8613434	-0.6154791	1.5212786
36.5637131	90.8613434	-0.6619303	1.4283761
38.3474426	90.8613434	-0.6967688	0.9754764
40.1311722	90.8613434	-0.7199944	0.7664457
41.9148979	90.8613434	-0.6387047	0.0464513
43.6986275	90.8613434	0.0116128	1.1728942
45.4823532	90.8613434	0.6154791	0.0696769
47.2660828	90.8613434	0.6503175	0.1509666
49.0498085	90.8613434	0.5690278	0.4877382
50.8335381	90.8613434	0.5922534	0.4761254
52.6172676	90.8613434	0.1741922	0.4180613
54.4009972	90.8613434	0.8012841	0.1161281
56.1847229	90.8613434	0.6619303	0.5458022
57.9684486	90.8613434	0.2090306	0.3019332
59.7521782	90.8613434	0.0000000	0.6619304
61.5359077	90.8613434	-0.0232256	0.9406379
63.3196297	90.8613434	0.1509666	1.2774096
65.1033630	90.8613434	-0.0580641	0.8012841
66.8870850	90.8613434	-0.0696769	1.4051505
68.6708145	90.8613434	0.0000000	0.0000000
70.4545441	90.8613434	0.0000000	0.0000000
72.2382736	90.8613434	0.0000000	0.0000000
0.8891521	92.6450729	0.0000000	0.0000000
2.6728802	92.6450729	0.0000000	0.0000000
4.4566083	92.6450729	0.0000000	0.0000000
6.2403364	92.6450729	-1.3703120	0.6735432
8.0240641	92.6450729	-1.2425710	0.6038663
9.8077927	92.6450729	-0.9057994	0.2322563
11.5915203	92.6450729	-0.8012841	0.0580641
13.3752489	92.6450729	-0.1858050	0.1277409
15.1589766	92.6450729	-1.2774094	1.5212786
16.9427032	92.6450729	0.0000000	0.0000000
18.7264328	92.6450729	-1.5793426	2.5199807
20.5101604	92.6450729	0.0000000	0.0000000
22.2938881	92.6450729	-1.8464372	2.1251450
24.0776157	92.6450729	-1.6606323	2.1483705
25.8613453	92.6450729	-1.8812757	1.5677298
27.6450729	92.6450729	-1.2774094	0.8245098
29.4288006	92.6450729	-1.1961198	0.7199945
31.2125282	92.6450729	-1.3819247	1.0103148
32.9962578	92.6450729	-1.0567660	1.2309582
34.7799835	92.6450729	-0.6387047	0.9406379
36.5637131	92.6450729	-0.7316072	0.3135460
38.3474426	92.6450729	-0.8245097	0.1741922
40.1311722	92.6450729	-0.2090306	0.1277409
41.9148979	92.6450729	-0.5690278	0.0696769
43.6986275	92.6450729	-0.1509666	0.3019332
45.4823532	92.6450729	-0.0348384	0.6503175
47.2660828	92.6450729	0.4645125	0.2438691
49.0498085	92.6450729	0.8245097	0.0464513
50.8335381	92.6450729	0.5690278	0.5574151
52.6172676	92.6450729	0.4645125	0.8128970
54.4009972	92.6450729	0.2787075	1.2774096
56.1847229	92.6450729	0.7896713	0.8477354
57.9684486	92.6450729	0.3251588	0.1393538
59.7521782	92.6450729	0.0464513	0.6735432
61.5359077	92.6450729	-0.0348384	0.8941867
63.3196297	92.6450729	-0.1277409	1.2657967
65.1033630	92.6450729	-0.2206434	1.1845070
66.8870850	92.6450729	-0.0464513	1.0219276
68.6708145	92.6450729	0.0000000	0.0000000
70.4545441	92.6450729	-0.0580641	-2.9728804
72.2382736	92.6450729	0.0000000	0.0000000
0.8891521	94.4288025	0.0000000	0.0000000
2.6728802	94.4288025	0.0000000	0.0000000
4.4566083	94.4288025	-0.1277409	1.4167633
6.2403364	94.4288025	-1.2890222	0.9638636
8.0240641	94.4288025	-1.3238606	0.5341895
9.8077927	94.4288025	-0.3019331	0.6387048
11.5915203	94.4288025	-0.9870891	0.3599972
13.3752489	94.4288025	-0.0812897	-0.0580641
15.1589766	94.4288025	-1.5793426	2.2180474
16.9427032	94.4288025	-1.6606323	2.4386909
18.7264328	94.4288025	-1.9857910	2.1599834
20.5101604	94.4288025	0.0000000	0.0000000
22.2938881	94.4288025	0.0000000	0.0000000
24.0776157	94.4288025	-1.8928885	2.0786936
25.8613453	94.4288025	-1.3470863	1.6490196
27.6450729	94.4288025	-1.2193453	1.4283761
29.4288006	94.4288025	-1.0567660	0.6619304
31.2125282	94.4288025	-1.2890222	0.8245098
32.9962578	94.4288025	-0.6270919	1.3470864
34.7799835	94.4288025	-0.7199944	1.1148301
36.5637131	94.4288025	-0.9754763	-0.0464513
38.3474426	94.4288025	-0.5109638	0.0116128
40.1311722	94.4288025	-0.7548329	0.1509666
41.9148979	94.4288025	-0.2438691	0.2090307
43.6986275	94.4288025	-0.1741922	0.6967688
45.4823532	94.4288025	0.1045153	0.6270919
47.2660828	94.4288025	0.1625794	0.3483844
49.0498085	94.4288025	0.7083816	0.2206435
50.8335381	94.4288025	0.8593482	0.2903203
52.6172676	94.4288025	0.7664456	1.2541839
54.4009972	94.4288025	0.1045153	1.3354737
56.1847229	94.4288025	0.6154791	1.3703121
57.9684486	94.4288025	0.4528997	1.3819249
59.7521782	94.4288025	0.0116128	1.2193455
61.5359077	94.4288025	0.0464513	1.3006351
63.3196297	94.4288025	-0.0929025	1.3006351
65.1033630	94.4288025	0.1161281	0.8477354
66.8870850	94.4288025	0.0812897	1.4399890
68.6708145	94.4288025	0.0000000	0.0000000
70.4545441	94.4288025	0.0000000	0.0000000
72.2382736	94.4288025	0.0000000	0.0000000
0.8891521	96.2125320	0.0000000	0.0000000
2.6728802	96.2125320	0.0000000	0.0000000
4.4566083	96.2125320	0.0000000	0.0000000
6.2403364	96.2125320	-1.1148300	1.3354737
8.0240641	96.2125320	-1.0683788	1.2541839
9.8077927	96.2125320	-0.2787075	1.0567660
11.5915203	96.2125320	-1.0799916	0.5574151
13.3752489	96.2125320	-1.3354735	1.6954708
15.1589766	96.2125320	-1.4632144	1.6838580
16.9427032	96.2125320	-0.1161281	0.1625794
18.7264328	96.2125320	-0.7780585	1.5909555
20.5101604	96.2125320	-0.8593482	1.6025683
22.2938881	96.2125320	-1.8812757	1.8464375
24.0776157	96.2125320	-1.3819247	1.7999861
25.8613453	96.2125320	-1.3354735	1.9393399
27.6450729	96.2125320	-0.7548329	1.1032174
29.4288006	96.2125320	-1.1032172	0.7199945
31.2125282	96.2125320	-0.9057994	0.7083817
32.9962578	96.2125320	-0.7548329	1.3703121
34.7799835	96.2125320	-0.9290251	0.1858050
36.5637131	96.2125320	-0.9522507	-0.1045153
38.3474426	96.2125320	-0.6619303	-0.1045153
40.1311722	96.2125320	-0.4528997	0.0000000
41.9148979	96.2125320	-0.0812897	0.4412869
43.6986275	96.2125320	-0.0116128	0.7548329
45.4823532	96.2125320	-0.0812897	0.3948357
47.2660828	96.2125320	-0.0116128	0.4761254
49.0498085	96.2125320	0.6851560	0.6270919
50.8335381	96.2125320	1.2541838	0.8825738
52.6172676	96.2125320	0.7083816	1.4051505
54.4009972	96.2125320	0.1277409	1.6025683
56.1847229	96.2125320	0.3367716	1.4748274
57.9684486	96.2125320	0.2438691	1.3122480
59.7521782	96.2125320	0.2903203	1.1380558
61.5359077	96.2125320	0.3716100	1.4748274
63.3196297	96.2125320	-0.0580641	1.6954708
65.1033630	96.2125320	0.2554819	0.8593482
66.8870850	96.2125320	0.0348384	0.7780585
68.6708145	96.2125320	-0.0464513	0.9870892
70.4545441	96.2125320	0.0000000	0.0000000
72.2382736	96.2125320	0.0000000	0.0000000
0.8891521	97.9962540	0.0000000	0.0000000
2.6728802	97.9962540	0.0000000	0.0000000
4.4566083	97.9962540	0.0000000	0.0000000
6.2403364	97.9962540	-0.8361225	1.5096658
8.0240641	97.9962540	-0.9870891	0.2090307
9.8077927	97.9962540	-0.5341894	1.2657967
11.5915203	97.9962540	-1.5909554	1.2077327
13.3752489	97.9962540	-1.2890222	1.4516017
15.1589766	97.9962540	-1.3703120	1.3703121
16.9427032	97.9962540	-0.8477353	1.2774096
18.7264328	97.9962540	-0.7548329	1.5677298
20.5101604	97.9962540	-0.8245097	1.6722453
22.2938881	97.9962540	-0.2206434	1.0683789
24.0776157	97.9962540	-0.7896713	1.6490196
25.8613453	97.9962540	-0.9174122	1.8464375
27.6450729	97.9962540	-0.6735432	0.9870892
29.4288006	97.9962540	-0.6967688	0.7664457
31.2125282	97.9962540	-0.7664456	0.8477354
32.9962578	97.9962540	-0.6503175	1.0567660
34.7799835	97.9962540	-0.8709610	0.2670947
36.5637131	97.9962540	-0.8709610	0.2554819
38.3474426	97.9962540	-0.8245097	0.0464513
40.1311722	97.9962540	-0.2903203	0.1277409
41.9148979	97.9962540	0.0696769	-0.0580641
43.6986275	97.9962540	-0.1509666	0.8709611
45.4823532	97.9962540	-0.1741922	0.7548329
47.2660828	97.9962540	-0.1509666	0.3019332
49.0498085	97.9962540	-0.0929025	-0.1858050
50.8335381	97.9962540	0.2554819	1.4864402
52.6172676	97.9962540	0.3716100	1.6141812
54.4009972	97.9962540	0.1045153	1.7419221
56.1847229	97.9962540	0.2322563	1.5096658
57.9684486	97.9962540	0.3019331	1.6257939
59.7521782	97.9962540	0.7548329	1.2425711
61.5359077	97.9962540	-0.3367716	0.2670947
63.3196297	97.9962540	0.0000000	1.0916045
65.1033630	97.9962540	0.0116128	1.1728942
66.8870850	97.9962540	0.0696769	1.2890223
68.6708145	97.9962540	0.0000000	0.0000000
70.4545441	97.9962540	0.0000000	0.0000000
72.2382736	97.9962540	0.0000000	0.0000000
0.8891521	99.7799835	0.0000000	0.0000000
2.6728802	99.7799835	0.0000000	0.0000000
4.4566083	99.7799835	0.0000000	0.0000000
6.2403364	99.7799835	-1.2425710	1.4748274
8.0240641	99.7799835	-1.0103147	1.4632145
9.8077927	99.7799835	-0.7316072	1.3819249
11.5915203	99.7799835	-0.9057994	1.3470864
13.3752489	99.7799835	-0.9406378	1.0683789
15.1589766	99.7799835	-1.1728941	1.2774096
16.9427032	99.7799835	-1.0103147	1.2774096
18.7264328	99.7799835	-0.5458022	1.6490196
20.5101604	99.7799835	-0.6503175	1.8580502
22.2938881	99.7799835	-0.0580641	1.3122480
24.0776157	99.7799835	-0.1974178	1.5445043
25.8613453	99.7799835	-0.6851560	1.7767606
27.6450729	99.7799835	-0.6503175	1.2541839
29.4288006	99.7799835	-0.6735432	1.1496686
31.2125282	99.7799835	-0.3135459	0.9870892
32.9962578	99.7799835	-0.0696769	0.9754764
34.7799835	99.7799835	-0.2438691	0.8941867
36.5637131	99.7799835	-0.5922534	0.4064485
38.3474426	99.7799835	-1.0219276	0.2438691
40.1311722	99.7799835	-0.5458022	0.1625794
41.9148979	99.7799835	-0.1974178	0.4761254
43.6986275	99.7799835	-0.2206434	1.1845070
45.4823532	99.7799835	-0.2903203	0.9638636
47.2660828	99.7799835	-0.0812897	0.8245098
49.0498085	99.7799835	-0.1045153	1.0683789
50.8335381	99.7799835	-0.0348384	1.6490196
52.6172676	99.7799835	-0.0116128	1.8812759
54.4009972	99.7799835	0.1161281	2.0206296
56.1847229	99.7799835	0.1045153	1.6606324
57.9684486	99.7799835	0.1509666	1.5445043
59.7521782	99.7799835	0.6503175	1.4167633
61.5359077	99.7799835	0.6851560	1.3006351
63.3196297	99.7799835	0.0232256	1.3935376
65.1033630	99.7799835	0.1509666	1.4167633
66.8870850	99.7799835	0.0929025	1.3819249
68.6708145	99.7799835	0.0116128	-1.1148301
70.4545441	99.7799835	0.0000000	0.0000000
72.2382736	99.7799835	0.0000000	0.0000000
0.8891521	101.5637131	0.0000000	0.0000000
2.6728802	101.5637131	0.0000000	0.0000000
4.4566083	101.5637131	-0.2322563	0.0232256
6.2403364	101.5637131	-0.8709610	1.4051505
8.0240641	101.5637131	-0.9638635	1.5561171
9.8077927	101.5637131	-0.9406378	1.4051505
11.5915203	101.5637131	-0.8593482	1.4632145
13.3752489	101.5637131	-0.9174122	1.4283761
15.1589766	101.5637131	-1.1380557	1.3470864
16.9427032	101.5637131	0.0000000	0.0000000
18.7264328	101.5637131	-0.0929025	1.4632145
20.5101604	101.5637131	-0.8941866	1.5561171
22.2938881	101.5637131	-0.8361225	1.8464375
24.0776157	101.5637131	-0.7432200	1.9857912
25.8613453	101.5637131	-0.6038663	1.6606324
27.6450729	101.5637131	-0.3483844	1.3354737
29.4288006	101.5637131	0.0580641	0.6851560
31.2125282	101.5637131	-0.1045153	0.7548329
32.9962578	101.5637131	-0.0464513	0.9057995
34.7799835	101.5637131	-0.1509666	0.8593482
36.5637131	101.5637131	-0.5922534	0.7664457
38.3474426	101.5637131	-1.0335404	0.6270919
40.1311722	101.5637131	-0.8361225	0.2670947
41.9148979	101.5637131	-0.5341894	0.6154791
43.6986275	101.5637131	-0.1509666	1.2774096
45.4823532	101.5637131	-0.4180613	1.4167633
47.2660828	101.5637131	-0.3019331	1.4864402
49.0498085	101.5637131	0.1509666	1.6490196
50.8335381	101.5637131	0.3599972	1.4399890
52.6172676	101.5637131	0.3019331	1.5909555
54.4009972	101.5637131	0.4296741	1.4748274
56.1847229	101.5637131	0.2206434	1.6838580
57.9684486	101.5637131	-0.2670947	0.1161281
59.7521782	101.5637131	0.1393538	1.4980530
61.5359077	101.5637131	0.2903203	1.4748274
63.3196297	101.5637131	0.1161281	1.4980530
65.1033630	101.5637131	0.1974178	1.5328914
66.8870850	101.5637131	-0.0348384	1.3703121
68.6708145	101.5637131	0.0000000	0.0000000
70.4545441	101.5637131	0.0000000	0.0000000
72.2382736	101.5637131	0.0000000	0.0000000
0.8891521	103.3474426	0.0000000	0.0000000
2.6728802	103.3474426	0.0000000	0.0000000
4.4566083	103.3474426	-0.1161281	0.8593482
6.2403364	103.3474426	-0.7896713	1.0219276
8.0240641	103.3474426	-0.6735432	1.3354737
9.8077927	103.3474426	-1.1961198	1.5212786
11.5915203	103.3474426	-0.8825738	1.3935376
13.3752489	103.3474426	-0.9987019	1.4516017
15.1589766	103.3474426	-1.4748273	1.3238608
16.9427032	103.3474426	-1.3238606	1.1032174
18.7264328	103.3474426	-0.8593482	1.1380558
20.5101604	103.3474426	-0.9638635	1.5096658
22.2938881	103.3474426	-0.8361225	1.5212786
24.0776157	103.3474426	-0.7316072	2.0438552
25.8613453	103.3474426	-0.6154791	1.8812759
27.6450729	103.3474426	-0.0464513	0.9638636
29.4288006	103.3474426	-0.1974178	0.4528998
31.2125282	103.3474426	-0.0580641	0.3135460
32.9962578	103.3474426	-0.2090306	0.7780585
34.7799835	103.3474426	-0.2438691	0.9174123
36.5637131	103.3474426	-0.2787075	0.7780585
38.3474426	103.3474426	-1.3819247	0.7664457
40.1311722	103.3474426	-0.8477353	0.6735432
41.9148979	103.3474426	-0.6038663	0.7780585
43.6986275	103.3474426	-0.1393538	1.4864402
45.4823532	103.3474426	-0.1741922	2.0554681
47.2660828	103.3474426	-0.5806407	0.2903203
49.0498085	103.3474426	0.7432200	1.7303092
50.8335381	103.3474426	0.8593482	1.7767606
52.6172676	103.3474426	-0.0232256	0.0929025
54.4009972	103.3474426	0.6619303	1.5096658
56.1847229	103.3474426	0.5341894	1.5561171
57.9684486	103.3474426	-0.0232256	1.5328914
59.7521782	103.3474426	0.0696769	1.5909555
61.5359077	103.3474426	0.4761253	1.6490196
63.3196297	103.3474426	0.0812897	1.9741783
65.1033630	103.3474426	0.2554819	1.8696630
66.8870850	103.3474426	-0.0812897	1.7186965
68.6708145	103.3474426	0.0000000	0.0000000
70.4545441	103.3474426	0.0000000	0.0000000
72.2382736	103.3474426	0.0000000	0.0000000
0.8891521	105.1311722	0.0000000	0.0000000
2.6728802	105.1311722	0.0000000	0.0000000
4.4566083	105.1311722	-0.0464513	0.7316073
6.2403364	105.1311722	-0.1393538	0.5806407
8.0240641	105.1311722	-0.4761253	1.1845070
9.8077927	105.1311722	-1.2077326	1.7419221
11.5915203	105.1311722	-0.9174122	1.6141812
13.3752489	105.1311722	-0.8245097	1.4399890
15.1589766	105.1311722	-0.1045153	0.8593482
16.9427032	105.1311722	-0.2322563	0.9406379
18.7264328	105.1311722	-0.7199944	1.3122480
20.5101604	105.1311722	-0.9522507	1.4167633
22.2938881	105.1311722	-0.3483844	0.0580641
24.0776157	105.1311722	-0.8128969	0.1509666
25.8613453	105.1311722	-0.7896713	0.9987020
27.6450729	105.1311722	-0.3019331	0.8128970
29.4288006	105.1311722	-0.4180613	0.1625794
31.2125282	105.1311722	-0.3019331	0.5806407
32.9962578	105.1311722	-0.1741922	1.0451533
34.7799835	105.1311722	-0.2787075	0.9406379
36.5637131	105.1311722	-0.6851560	1.1148301
38.3474426	105.1311722	-0.8245097	1.2541839
40.1311722	105.1311722	-0.4761253	0.8477354
41.9148979	105.1311722	-0.6038663	0.9870892
43.6986275	105.1311722	-0.2670947	1.5212786
45.4823532	105.1311722	0.1625794	2.2412732
47.2660828	105.1311722	0.5458022	2.1948218
49.0498085	105.1311722	0.0232256	1.0683789
50.8335381	105.1311722	0.1277409	1.5096658
52.6172676	105.1311722	0.6154791	1.9277271
54.4009972	105.1311722	0.6270919	1.6141812
56.1847229	105.1311722	0.4180613	1.3586992
57.9684486	105.1311722	0.4296741	1.4748274
59.7521782	105.1311722	0.3483844	1.5096658
61.5359077	105.1311722	0.2322563	1.9625655
63.3196297	105.1311722	0.2787075	2.0322425
65.1033630	105.1311722	0.0580641	1.7535349
66.8870850	105.1311722	0.0580641	1.6141812
68.6708145	105.1311722	0.0000000	0.0000000
70.4545441	105.1311722	0.0000000	0.0000000
72.2382736	105.1311722	0.0000000	0.0000000
0.8891521	106.9149017	0.0000000	0.0000000
2.6728802	106.9149017	0.0000000	0.0000000
4.4566083	106.9149017	-0.1045153	0.5341895
6.2403364	106.9149017	-0.1974178	0.4761254
8.0240641	106.9149017	-0.4528997	1.4167633
9.8077927	106.9149017	-0.8361225	2.0206296
11.5915203	106.9149017	-0.8245097	2.1251450
13.3752489	106.9149017	-0.6735432	1.4167633
15.1589766	106.9149017	-0.1277409	1.3819249
16.9427032	106.9149017	-0.1509666	0.9987020
18.7264328	106.9149017	-0.7316072	1.7651477
20.5101604	106.9149017	-1.4516016	0.8477354
22.2938881	106.9149017	-1.3354735	0.9174123
24.0776157	106.9149017	-1.3122479	0.7664457
25.8613453	106.9149017	-0.8012841	0.7780585
27.6450729	106.9149017	-0.8128969	0.0116128
29.4288006	106.9149017	-0.6619303	0.0116128
31.2125282	106.9149017	-0.3367716	0.1974178
32.9962578	106.9149017	-0.3367716	0.8245098
34.7799835	106.9149017	-0.7316072	1.5096658
36.5637131	106.9149017	-0.7432200	1.3586992
38.3474426	106.9149017	-0.8128969	1.3006351
40.1311722	106.9149017	-0.6503175	1.1612813
41.9148979	106.9149017	-0.5922534	1.2077327
43.6986275	106.9149017	-0.4064485	1.6490196
45.4823532	106.9149017	-0.2903203	2.1251450
47.2660828	106.9149017	0.0116128	1.9741783
49.0498085	106.9149017	-0.2206434	1.6722453
50.8335381	106.9149017	-0.6503175	1.4051505
52.6172676	106.9149017	-0.3483844	1.5212786
54.4009972	106.9149017	-0.2670947	1.6490196
56.1847229	106.9149017	-0.4412869	1.6606324
57.9684486	106.9149017	-0.0929025	1.5445043
59.7521782	106.9149017	0.5225766	1.5212786
61.5359077	106.9149017	0.0000000	2.1483705
63.3196297	106.9149017	0.1625794	2.0090168
65.1033630	106.9149017	0.0696769	2.1251450
66.8870850	106.9149017	0.0348384	2.1251450
68.6708145	106.9149017	0.0000000	0.0000000
70.4545441	106.9149017	0.0000000	0.0000000
72.2382736	106.9149017	0.0000000	0.0000000
0.8891521	108.6986237	0.0000000	0.0000000
2.6728802	108.6986237	-0.0116128	-1.6722453
4.4566083	108.6986237	-0.0580641	0.3135460
6.2403364	108.6986237	-0.7780585	1.3238608
8.0240641	108.6986237	-0.5341894	1.4864402
9.8077927	108.6986237	-0.5806407	1.7303092
11.5915203	108.6986237	-0.5458022	1.5445043
13.3752489	108.6986237	-0.8012841	1.1496686
15.1589766	108.6986237	-0.7316072	1.4399890
16.9427032	108.6986237	-0.6851560	2.3922396
18.7264328	108.6986237	-0.8245097	2.2761116
20.5101604	108.6986237	-1.4864401	0.8128970
22.2938881	108.6986237	-1.3238606	0.8128970
24.0776157	108.6986237	-1.2657967	0.4877382
25.8613453	108.6986237	-0.9522507	0.4877382
27.6450729	108.6986237	-1.0335404	0.2554819
29.4288006	108.6986237	-0.6154791	0.4877382
31.2125282	108.6986237	-0.5225766	0.6851560
32.9962578	108.6986237	-0.6967688	0.8477354
34.7799835	108.6986237	-0.7664456	0.8245098
36.5637131	108.6986237	-0.2438691	1.3470864
38.3474426	108.6986237	-0.6503175	1.3006351
40.1311722	108.6986237	-0.5225766	1.4399890
41.9148979	108.6986237	-0.7316072	1.4516017
43.6986275	108.6986237	-0.4180613	1.5212786
45.4823532	108.6986237	-0.2206434	2.3457885
47.2660828	108.6986237	0.1741922	2.2761116
49.0498085	108.6986237	0.0232256	1.9625655
50.8335381	108.6986237	-0.8477353	0.5574151
52.6172676	108.6986237	-0.5109638	1.7767606
54.4009972	108.6986237	-0.5574150	1.2774096
56.1847229	108.6986237	-0.3019331	2.0903065
57.9684486	108.6986237	-0.5225766	2.6477215
59.7521782	108.6986237	-0.1974178	2.9148164
61.5359077	108.6986237	0.5690278	2.5780447
63.3196297	108.6986237	0.4412869	2.3574011
65.1033630	108.6986237	-0.0348384	2.4735293
66.8870850	108.6986237	0.0348384	2.0322425
68.6708145	108.6986237	0.0232256	1.5793427
70.4545441	108.6986237	0.0000000	0.0000000
72.2382736	108.6986237	0.0000000	0.0000000
0.8891521	110.4823532	0.0000000	0.0000000
2.6728802	110.4823532	0.0000000	0.0000000
4.4566083	110.4823532	-0.2903203	0.4296741
6.2403364	110.4823532	-0.9057994	1.4167633
8.0240641	110.4823532	-0.7432200	1.2657967
9.8077927	110.4823532	-0.4761253	0.4528998
11.5915203	110.4823532	-1.0799916	1.4980530
13.3752489	110.4823532	-1.3006351	1.2193455
15.1589766	110.4823532	-1.4632144	1.4980530
16.9427032	110.4823532	-0.6735432	-0.3716100
18.7264328	110.4823532	-0.0696769	-0.4877382
20.5101604	110.4823532	-1.3819247	0.7664457
22.2938881	110.4823532	-1.5677297	0.6154791
24.0776157	110.4823532	-1.2890222	0.6038663
25.8613453	110.4823532	-1.3354735	0.5574151
27.6450729	110.4823532	-1.4516016	0.5225766
29.4288006	110.4823532	-0.9754763	0.6851560
31.2125282	110.4823532	-1.1845069	0.6619304
32.9962578	110.4823532	-1.1728941	0.3135460
34.7799835	110.4823532	-0.8245097	0.6619304
36.5637131	110.4823532	-0.6503175	1.2541839
38.3474426	110.4823532	-0.5806407	1.3354737
40.1311722	110.4823532	-0.6503175	1.5445043
41.9148979	110.4823532	-0.6387047	1.4516017
43.6986275	110.4823532	-0.3948357	1.6374067
45.4823532	110.4823532	-0.1393538	1.3703121
47.2660828	110.4823532	-0.0232256	1.2425711
49.0498085	110.4823532	0.1741922	1.8232118
50.8335381	110.4823532	-0.3135459	1.5677298
52.6172676	110.4823532	-0.5806407	1.4980530
54.4009972	110.4823532	-0.3716100	1.6606324
56.1847229	110.4823532	-0.0580641	2.2064347
57.9684486	110.4823532	-0.1741922	2.1251450
59.7521782	110.4823532	0.2670947	0.1741922
61.5359077	110.4823532	-0.2322563	0.0580641
63.3196297	110.4823532	0.4296741	2.7638497
65.1033630	110.4823532	0.1045153	2.3225627
66.8870850	110.4823532	-0.0116128	1.6722453
68.6708145	110.4823532	0.0000000	0.0000000
70.4545441	110.4823532	0.0000000	0.0000000
72.2382736	110.4823532	0.0000000	0.0000000
0.8891521	112.2660751	0.0000000	0.0000000
2.6728802	112.2660751	0.0000000	1.3586992
4.4566083	112.2660751	-0.0929025	1.2657967
6.2403364	112.2660751	-1.5212785	1.7303092
8.0240641	112.2660751	-1.4748273	1.7883734
9.8077927	112.2660751	-1.7767603	1.8812759
11.5915203	112.2660751	-1.3703120	1.9509528
13.3752489	112.2660751	-1.2890222	1.0916045
15.1589766	112.2660751	-1.2309582	1.4283761
16.9427032	112.2660751	-0.6967688	1.6257939
18.7264328	112.2660751	-0.9406378	1.4516017
20.5101604	112.2660751	-1.0103147	1.0335405
22.2938881	112.2660751	-1.3935375	0.7316073
24.0776157	112.2660751	-1.2774094	0.6619304
25.8613453	112.2660751	-1.4516016	0.6619304
27.6450729	112.2660751	-1.8464372	0.6387048
29.4288006	112.2660751	-1.5212785	1.2425711
31.2125282	112.2660751	-1.4283760	0.5574151
32.9962578	112.2660751	-1.2077326	0.2554819
34.7799835	112.2660751	-0.7664456	0.3599972
36.5637131	112.2660751	-0.6619303	0.9290251
38.3474426	112.2660751	-0.5225766	1.0799917
40.1311722	112.2660751	0.0000000	0.0000000
41.9148979	112.2660751	0.0232256	1.4980530
43.6986275	112.2660751	-0.0464513	1.5909555
45.4823532	112.2660751	-0.0812897	1.4748274
47.2660828	112.2660751	-0.1974178	1.4516017
49.0498085	112.2660751	-0.1277409	1.7419221
50.8335381	112.2660751	0.6619303	-0.1509666
52.6172676	112.2660751	-0.5458022	1.8696630
54.4009972	112.2660751	0.1858050	1.9509528
56.1847229	112.2660751	0.0464513	2.0670810
57.9684486	112.2660751	-0.0348384	0.4993510
59.7521782	112.2660751	-0.4528997	0.8941867
61.5359077	112.2660751	-0.2787075	0.8941867
63.3196297	112.2660751	-0.1045153	0.9174123
65.1033630	112.2660751	0.0580641	2.1367579
66.8870850	112.2660751	-0.0464513	1.6141812
68.6708145	112.2660751	0.0000000	0.0000000
70.4545441	112.2660751	0.0000000	0.0000000
72.2382736	112.2660751	0.0000000	0.0000000
0.8891521	114.0498047	0.0000000	0.0000000
2.6728802	114.0498047	0.0000000	0.0000000
4.4566083	114.0498047	-0.9290251	1.4864402
6.2403364	114.0498047	-1.5561169	2.0322425
8.0240641	114.0498047	-1.3122479	2.1483705
9.8077927	114.0498047	-1.3703120	1.6954708
11.5915203	114.0498047	-0.7548329	1.6838580
13.3752489	114.0498047	-1.0103147	1.5096658
15.1589766	114.0498047	-1.0916045	1.6954708
16.9427032	114.0498047	-0.9870891	1.3935376
18.7264328	114.0498047	-0.9057994	1.4748274
20.5101604	114.0498047	-1.3122479	1.2425711
22.2938881	114.0498047	-1.6025681	0.6387048
24.0776157	114.0498047	-1.6257938	0.3832228
25.8613453	114.0498047	-1.7883732	0.6735432
27.6450729	114.0498047	-2.0090168	0.7199945
29.4288006	114.0498047	-1.7070835	0.9406379
31.2125282	114.0498047	-1.5096657	0.5922535
32.9962578	114.0498047	-0.9057994	0.4412869
34.7799835	114.0498047	-0.8477353	0.7199945
36.5637131	114.0498047	-0.7083816	1.2309582
38.3474426	114.0498047	-0.5109638	1.4167633
40.1311722	114.0498047	-0.1277409	1.4283761
41.9148979	114.0498047	-0.3019331	1.6025683
43.6986275	114.0498047	-0.0232256	1.6722453
45.4823532	114.0498047	-0.1045153	1.7883734
47.2660828	114.0498047	-0.0696769	1.6954708
49.0498085	114.0498047	-0.0116128	1.6606324
50.8335381	114.0498047	-0.9987019	0.9754764
52.6172676	114.0498047	-0.7316072	1.2657967
54.4009972	114.0498047	-0.3367716	1.2890223
56.1847229	114.0498047	-0.2090306	2.3225627
57.9684486	114.0498047	-0.3251588	2.1251450
59.7521782	114.0498047	-0.2903203	1.2193455
61.5359077	114.0498047	-0.3367716	0.5806407
63.3196297	114.0498047	-0.1277409	0.8477354
65.1033630	114.0498047	-0.0348384	0.9638636
66.8870850	114.0498047	0.0000000	0.0000000
68.6708145	114.0498047	0.0000000	0.0000000
70.4545441	114.0498047	0.0000000	0.0000000
72.2382736	114.0498047	0.0000000	0.0000000
0.8891521	115.8335342	0.0000000	0.0000000
2.6728802	115.8335342	0.0000000	0.0000000
4.4566083	115.8335342	-0.7199944	1.6025683
6.2403364	115.8335342	-0.6967688	2.0090168
8.0240641	115.8335342	-0.7896713	1.6374067
9.8077927	115.8335342	-0.9870891	1.6490196
11.5915203	115.8335342	-0.8245097	1.7651477
13.3752489	115.8335342	-1.2077326	1.7186965
15.1589766	115.8335342	-0.8941866	1.6954708
16.9427032	115.8335342	-1.0451531	1.5445043
18.7264328	115.8335342	-1.2309582	1.8348246
20.5101604	115.8335342	-1.2193453	1.1961198
22.2938881	115.8335342	-1.4864401	1.3935376
24.0776157	115.8335342	-1.5445042	1.2425711
25.8613453	115.8335342	-1.5677297	1.0799917
27.6450729	115.8335342	-1.4399889	0.9870892
29.4288006	115.8335342	-1.4748273	0.8245098
31.2125282	115.8335342	-1.3470863	0.6967688
32.9962578	115.8335342	-1.3354735	0.6619304
34.7799835	115.8335342	-1.1612813	0.7083817
36.5637131	115.8335342	-1.0451531	0.9870892
38.3474426	115.8335342	-0.4296741	1.5212786
40.1311722	115.8335342	-0.1625794	2.0786936
41.9148979	115.8335342	-0.2554819	1.9045014
43.6986275	115.8335342	-0.2787075	1.3354737
45.4823532	115.8335342	-0.2903203	1.3006351
47.2660828	115.8335342	-0.0812897	1.5096658
49.0498085	115.8335342	0.1277409	2.0438552
50.8335381	115.8335342	-0.9406378	1.1148301
52.6172676	115.8335342	-0.6503175	1.6954708
54.4009972	115.8335342	-0.2903203	1.4399890
56.1847229	115.8335342	-0.0464513	0.7780585
57.9684486	115.8335342	-0.1161281	0.5225766
59.7521782	115.8335342	-0.1161281	0.7780585
61.5359077	115.8335342	-0.1045153	0.8941867
63.3196297	115.8335342	-0.0464513	0.7664457
65.1033630	115.8335342	0.0696769	0.7664457
66.8870850	115.8335342	0.0232256	1.1496686
68.6708145	115.8335342	0.0000000	0.0000000
70.4545441	115.8335342	0.0000000	0.0000000
72.2382736	115.8335342	0.0000000	0.0000000
0.8891521	117.6172638	0.0000000	0.0000000
2.6728802	117.6172638	0.0000000	0.0000000
4.4566083	117.6172638	-0.6038663	1.6490196
6.2403364	117.6172638	-0.6154791	1.7186965
8.0240641	117.6172638	-1.6374066	1.2774096
9.8077927	117.6172638	-1.4864401	1.3703121
11.5915203	117.6172638	-1.3586991	1.5677298
13.3752489	117.6172638	-1.4167632	2.0206296
15.1589766	117.6172638	-0.9987019	1.5328914
16.9427032	117.6172638	-1.0683788	1.7767606
18.7264328	117.6172638	-1.1845069	1.3354737
20.5101604	117.6172638	-0.9290251	1.5677298
22.2938881	117.6172638	-1.4399889	1.5677298
24.0776157	117.6172638	-1.3238606	1.5793427
25.8613453	117.6172638	-1.4748273	1.3703121
27.6450729	117.6172638	-1.3819247	1.0219276
29.4288006	117.6172638	-0.9987019	0.6967688
31.2125282	117.6172638	-0.8361225	0.8128970
32.9962578	117.6172638	-0.9174122	0.9174123
34.7799835	117.6172638	-0.8941866	0.6851560
36.5637131	117.6172638	-0.9870891	0.7896714
38.3474426	117.6172638	0.0000000	0.0000000
40.1311722	117.6172638	-1.4516016	1.5561171
41.9148979	117.6172638	-0.0232256	0.0580641
43.6986275	117.6172638	-0.4296741	1.2077327
45.4823532	117.6172638	-0.4877381	1.5096658
47.2660828	117.6172638	-0.1509666	1.4980530
49.0498085	117.6172638	0.2322563	1.6606324
50.8335381	117.6172638	0.8477353	2.2644987
52.6172676	117.6172638	-0.2903203	1.9045014
54.4009972	117.6172638	-0.4180613	1.3354737
56.1847229	117.6172638	-0.2787075	1.1380558
57.9684486	117.6172638	-0.2670947	0.6967688
59.7521782	117.6172638	-0.0929025	0.5225766
61.5359077	117.6172638	-0.1277409	0.7548329
63.3196297	117.6172638	-0.0464513	0.8709611
65.1033630	117.6172638	-0.1625794	0.8941867
66.8870850	117.6172638	-0.1277409	0.9754764
68.6708145	117.6172638	0.0000000	0.0000000
70.4545441	117.6172638	0.0000000	0.0000000
72.2382736	117.6172638	0.0000000	0.0000000
0.8891521	119.4009933	0.0000000	0.0000000
2.6728802	119.4009933	0.0000000	0.0000000
4.4566083	119.4009933	-0.6038663	1.6954708
6.2403364	119.4009933	-1.2657967	2.3225627
8.0240641	119.4009933	-1.4516016	1.7651477
9.8077927	119.4009933	-1.6025681	1.3238608
11.5915203	119.4009933	-0.6154791	1.2425711
13.3752489	119.4009933	-1.1612813	1.6490196
15.1589766	119.4009933	-1.0916045	1.5328914
16.9427032	119.4009933	-0.6967688	1.4399890
18.7264328	119.4009933	-1.1728941	1.2657967
20.5101604	119.4009933	-0.9406378	1.4864402
22.2938881	119.4009933	-1.2890222	1.7070837
24.0776157	119.4009933	-1.2193453	1.6257939
25.8613453	119.4009933	-1.3586991	1.3470864
27.6450729	119.4009933	-0.6154791	0.1277409
29.4288006	119.4009933	-1.3935375	0.5458022
31.2125282	119.4009933	-1.5096657	0.8709611
32.9962578	119.4009933	-1.3238606	0.8709611
34.7799835	119.4009933	-2.0786936	0.8128970
36.5637131	119.4009933	-2.1832089	1.4167633
38.3474426	119.4009933	-1.7767603	1.4399890
40.1311722	119.4009933	-1.3586991	1.6141812
41.9148979	119.4009933	-0.9290251	1.3819249
43.6986275	119.4009933	-0.9406378	1.4167633
45.4823532	119.4009933	-0.9290251	0.6851560
47.2660828	119.4009933	-0.5574150	0.5341895
49.0498085	119.4009933	-0.1161281	0.4761254
50.8335381	119.4009933	0.3019331	2.2761116
52.6172676	119.4009933	-0.0580641	2.2644987
54.4009972	119.4009933	-0.1161281	1.1380558
56.1847229	119.4009933	-0.2554819	1.0799917
57.9684486	119.4009933	-0.1161281	0.8593482
59.7521782	119.4009933	-0.1509666	0.6619304
61.5359077	119.4009933	-0.0696769	0.7316073
63.3196297	119.4009933	-0.1393538	0.7083817
65.1033630	119.4009933	-0.1741922	0.8245098
66.8870850	119.4009933	-0.1741922	0.8941867
68.6708145	119.4009933	-0.0348384	0.9870892
70.4545441	119.4009933	0.0000000	0.0000000
72.2382736	119.4009933	0.0000000	0.0000000
0.8891521	121.1847229	0.0000000	0.0000000
2.6728802	121.1847229	0.0232256	1.3935376
4.4566083	121.1847229	-0.9987019	1.6606324
6.2403364	121.1847229	-0.8941866	1.7767606
8.0240641	121.1847229	-0.6619303	1.1845070
9.8077927	121.1847229	-0.3019331	0.5690279
11.5915203	121.1847229	-0.2206434	1.3470864
13.3752489	121.1847229	-0.7199944	1.7419221
15.1589766	121.1847229	-0.7664456	1.4516017
16.9427032	121.1847229	-1.2657967	1.4980530
18.7264328	121.1847229	-1.4980528	1.5328914
20.5101604	121.1847229	-1.3238606	1.9277271
22.2938881	121.1847229	-1.3935375	1.9857912
24.0776157	121.1847229	-1.0451531	1.7535349
25.8613453	121.1847229	-0.8593482	1.6606324
27.6450729	121.1847229	-0.7664456	1.2425711
29.4288006	121.1847229	-1.5561169	0.9987020
31.2125282	121.1847229	-1.7651476	0.8593482
32.9962578	121.1847229	-1.7303091	1.0451533
34.7799835	121.1847229	-2.3109498	1.4399890
36.5637131	121.1847229	-2.1832089	1.2541839
38.3474426	121.1847229	-0.2903203	0.1509666
40.1311722	121.1847229	-0.1858050	0.1161281
41.9148979	121.1847229	-0.6735432	0.4877382
43.6986275	121.1847229	-0.7780585	0.7432201
45.4823532	121.1847229	-0.5109638	0.8825738
47.2660828	121.1847229	-0.1509666	0.3483844
49.0498085	121.1847229	-0.2438691	0.8128970
50.8335381	121.1847229	-0.1277409	1.3703121
52.6172676	121.1847229	0.1161281	1.3006351
54.4009972	121.1847229	0.2090306	0.2206435
56.1847229	121.1847229	-0.0580641	1.1961198
57.9684486	121.1847229	0.0232256	1.0103148
59.7521782	121.1847229	0.0580641	1.1380558
61.5359077	121.1847229	-0.3599972	0.6735432
63.3196297	121.1847229	-0.3019331	0.7896714
65.1033630	121.1847229	-0.4993510	0.9987020
66.8870850	121.1847229	-0.1509666	0.5690279
68.6708145	121.1847229	-0.0929025	0.5922535
70.4545441	121.1847229	0.0000000	0.0000000
72.2382736	121.1847229	0.0000000	0.0000000
0.8891521	122.9684525	0.0000000	0.0000000
2.6728802	122.9684525	-0.0232256	1.3586992
4.4566083	122.9684525	-0.3019331	1.5212786
6.2403364	122.9684525	-0.6503175	1.6374067
8.0240641	122.9684525	0.0000000	0.9987020
9.8077927	122.9684525	-0.1045153	0.7896714
11.5915203	122.9684525	-1.5212785	1.6606324
13.3752489	122.9684525	-1.4283760	1.8232118
15.1589766	122.9684525	-1.4283760	1.5561171
16.9427032	122.9684525	-1.9277270	1.9974040
18.7264328	122.9684525	-1.7303091	1.7767606
20.5101604	122.9684525	-1.3819247	1.5909555
22.2938881	122.9684525	-0.9987019	1.5096658
24.0776157	122.9684525	-1.0451531	1.7070837
25.8613453	122.9684525	-0.6735432	1.6490196
27.6450729	122.9684525	-0.8361225	1.5328914
29.4288006	122.9684525	-1.4632144	1.4051505
31.2125282	122.9684525	-1.5677297	1.1148301
32.9962578	122.9684525	-1.8812757	1.4283761
34.7799835	122.9684525	-1.7303091	1.3703121
36.5637131	122.9684525	-0.0696769	0.0464513
38.3474426	122.9684525	-0.1045153	0.0348384
40.1311722	122.9684525	-0.1858050	0.0348384
41.9148979	122.9684525	-0.1045153	0.0232256
43.6986275	122.9684525	-0.2438691	0.6154791
45.4823532	122.9684525	-0.3019331	0.6270919
47.2660828	122.9684525	-0.5574150	0.5109638
49.0498085	122.9684525	-0.5341894	0.4412869
50.8335381	122.9684525	-0.6619303	0.3599972
52.6172676	122.9684525	-0.6270919	0.1974178
54.4009972	122.9684525	0.0232256	0.7664457
56.1847229	122.9684525	-0.0464513	1.1961198
57.9684486	122.9684525	0.1045153	1.0219276
59.7521782	122.9684525	0.2670947	0.7199945
61.5359077	122.9684525	-0.4064485	0.4412869
63.3196297	122.9684525	-0.1741922	0.6270919
65.1033630	122.9684525	-0.2206434	0.1277409
66.8870850	122.9684525	0.0000000	0.0000000
68.6708145	122.9684525	0.0000000	0.0000000
70.4545441	122.9684525	0.0000000	0.0000000
72.2382736	122.9684525	0.0000000	0.0000000
0.8891521	124.7521820	0.0000000	0.0000000
2.6728802	124.7521820	0.0000000	1.3586992
4.4566083	124.7521820	-0.0696769	1.8232118
6.2403364	124.7521820	-0.0812897	1.1032174
8.0240641	124.7521820	0.0812897	0.8941867
9.8077927	124.7521820	-1.4980528	1.2541839
11.5915203	124.7521820	-1.6838579	1.3122480
13.3752489	124.7521820	-1.5909554	1.6141812
15.1589766	124.7521820	0.5109638	-0.0348384
16.9427032	124.7521820	-1.6025681	1.6141812
18.7264328	124.7521820	-1.4516016	1.3470864
20.5101604	124.7521820	-1.3238606	1.5445043
22.2938881	124.7521820	-0.9522507	1.8232118
24.0776157	124.7521820	-1.2077326	1.4632145
25.8613453	124.7521820	-1.5212785	1.5793427
27.6450729	124.7521820	-1.5677297	1.5793427
29.4288006	124.7521820	-1.1264429	0.9870892
31.2125282	124.7521820	-1.3006351	1.1496686
32.9962578	124.7521820	-0.9057994	0.8709611
34.7799835	124.7521820	-0.3716100	0.2787075
36.5637131	124.7521820	-0.2670947	0.1974178
38.3474426	124.7521820	-0.0580641	0.1741922
40.1311722	124.7521820	-0.3716100	0.1741922
41.9148979	124.7521820	-0.6038663	0.0580641
43.6986275	124.7521820	-1.5445042	-0.1045153
45.4823532	124.7521820	-1.3470863	-0.2670947
47.2660828	124.7521820	0.0000000	0.0000000
49.0498085	124.7521820	-0.6154791	0.0929025
50.8335381	124.7521820	-0.5922534	0.6735432
52.6172676	124.7521820	-0.5341894	0.8361226
54.4009972	124.7521820	-0.3367716	0.7083817
56.1847229	124.7521820	-0.1974178	0.5806407
57.9684486	124.7521820	-0.4993510	0.7316073
59.7521782	124.7521820	-0.1161281	0.9406379
61.5359077	124.7521820	-0.3019331	0.8245098
63.3196297	124.7521820	-0.1858050	0.8477354
65.1033630	124.7521820	-0.4064485	0.4296741
66.8870850	124.7521820	-0.1277409	0.5458022
68.6708145	124.7521820	0.0812897	0.8245098
70.4545441	124.7521820	0.0000000	0.0000000
72.2382736	124.7521820	0.0000000	0.0000000
0.8891521	126.5359039	0.0000000	0.0000000
2.6728802	126.5359039	-0.0580641	1.5677298
4.4566083	126.5359039	-0.1045153	2.1948218
6.2403364	126.5359039	-0.2438691	1.6606324
8.0240641	126.5359039	-0.9870891	1.1961198
9.8077927	126.5359039	-1.6722450	1.5212786
11.5915203	126.5359039	-1.5561169	1.5677298
13.3752489	126.5359039	-1.5212785	1.6257939
15.1589766	126.5359039	-1.3122479	1.2193455
16.9427032	126.5359039	-1.2890222	1.2309582
18.7264328	126.5359039	-0.9174122	1.5793427
20.5101604	126.5359039	-0.9290251	1.7767606
22.2938881	126.5359039	-0.8825738	2.1483705
24.0776157	126.5359039	-0.8128969	1.8928887
25.8613453	126.5359039	-1.4980528	1.6954708
27.6450729	126.5359039	-1.4980528	1.3470864
29.4288006	126.5359039	-0.6038663	1.0451533
31.2125282	126.5359039	-0.1974178	1.0683789
32.9962578	126.5359039	-0.5690278	0.8941867
34.7799835	126.5359039	-0.2554819	0.5109638
36.5637131	126.5359039	-0.2322563	0.5690279
38.3474426	126.5359039	-0.0580641	0.4761254
40.1311722	126.5359039	-0.1509666	0.5574151
41.9148979	126.5359039	-0.8361225	0.0232256
43.6986275	126.5359039	-1.2541838	0.0116128
45.4823532	126.5359039	-1.3354735	-0.3483844
47.2660828	126.5359039	-1.1845069	-0.4528998
49.0498085	126.5359039	-0.6619303	-0.1741922
50.8335381	126.5359039	-0.1277409	0.3483844
52.6172676	126.5359039	-0.3019331	0.7316073
54.4009972	126.5359039	-0.0580641	0.6387048
56.1847229	126.5359039	-0.1393538	0.5574151
57.9684486	126.5359039	-0.2206434	0.7432201
59.7521782	126.5359039	-0.2438691	0.7896714
61.5359077	126.5359039	-0.5574150	0.4064485
63.3196297	126.5359039	-0.6619303	0.4064485
65.1033630	126.5359039	-0.2206434	0.1277409
66.8870850	126.5359039	-0.0812897	0.1625794
68.6708145	126.5359039	0.0348384	0.5922535
70.4545441	126.5359039	0.0000000	0.0000000
72.2382736	126.5359039	-0.1974178	0.0000000
0.8891521	128.3196411	0.0000000	0.0000000
2.6728802	128.3196411	-0.0348384	1.5096658
4.4566083	128.3196411	0.1625794	1.6374067
6.2403364	128.3196411	0.0812897	1.6025683
8.0240641	128.3196411	-0.3832228	1.2890223
9.8077927	128.3196411	-0.8593482	1.3006351
11.5915203	128.3196411	-0.6038663	0.9870892
13.3752489	128.3196411	-0.2438691	0.7548329
15.1589766	128.3196411	-0.2206434	0.9754764
16.9427032	128.3196411	-0.0580641	0.9522507
18.7264328	128.3196411	-0.6270919	1.6954708
20.5101604	128.3196411	-0.9057994	1.8696630
22.2938881	128.3196411	-0.7664456	2.1019194
24.0776157	128.3196411	-0.8012841	2.2180474
25.8613453	128.3196411	-1.1264429	1.5793427
27.6450729	128.3196411	-1.0335404	1.3238608
29.4288006	128.3196411	0.1277409	1.0567660
31.2125282	128.3196411	-0.8012841	0.8593482
32.9962578	128.3196411	-0.8245097	0.8709611
34.7799835	128.3196411	-0.1161281	0.7432201
36.5637131	128.3196411	-0.0929025	0.6270919
38.3474426	128.3196411	0.0000000	0.4064485
40.1311722	128.3196411	0.0116128	0.0696769
41.9148979	128.3196411	-0.0929025	0.0696769
43.6986275	128.3196411	-1.1380557	0.0696769
45.4823532	128.3196411	-1.2657967	-0.0116128
47.2660828	128.3196411	-0.7664456	-0.1161281
49.0498085	128.3196411	-0.6270919	-0.1393538
50.8335381	128.3196411	-0.8477353	0.0232256
52.6172676	128.3196411	-0.4412869	0.1393538
54.4009972	128.3196411	-0.0580641	0.3832228
56.1847229	128.3196411	0.1974178	0.2206435
57.9684486	128.3196411	0.0000000	0.7432201
59.7521782	128.3196411	-0.1045153	0.8709611
61.5359077	128.3196411	-0.1277409	0.7780585
63.3196297	128.3196411	-0.1741922	0.7780585
65.1033630	128.3196411	0.0116128	0.5806407
66.8870850	128.3196411	0.0000000	0.5458022
68.6708145	128.3196411	0.1045153	0.7548329
70.4545441	128.3196411	0.0000000	0.0000000
72.2382736	128.3196411	0.0000000	0.0000000
0.8891521	130.1033630	0.0000000	0.0000000
2.6728802	130.1033630	0.0348384	1.3935376
4.4566083	130.1033630	0.1974178	1.4632145
6.2403364	130.1033630	0.0464513	1.5212786
8.0240641	130.1033630	-0.1045153	1.5096658
9.8077927	130.1033630	-0.1625794	1.3819249
11.5915203	130.1033630	-0.1625794	0.8709611
13.3752489	130.1033630	-0.0812897	0.7664457
15.1589766	130.1033630	0.0232256	0.9174123
16.9427032	130.1033630	0.0348384	1.0335405
18.7264328	130.1033630	-0.1393538	1.4051505
20.5101604	130.1033630	-0.8361225	1.5212786
22.2938881	130.1033630	-0.9174122	2.1135321
24.0776157	130.1033630	-0.9057994	2.4154654
25.8613453	130.1033630	-0.7199944	1.4632145
27.6450729	130.1033630	-1.3122479	1.4283761
29.4288006	130.1033630	-1.5096657	0.9290251
31.2125282	130.1033630	-1.1845069	0.7780585
32.9962578	130.1033630	-0.6270919	1.1728942
34.7799835	130.1033630	-0.2670947	1.0567660
36.5637131	130.1033630	-0.2322563	0.7199945
38.3474426	130.1033630	-0.0696769	0.1045153
40.1311722	130.1033630	0.0232256	0.0580641
41.9148979	130.1033630	0.0464513	0.0929025
43.6986275	130.1033630	0.0696769	0.1741922
45.4823532	130.1033630	-0.3135459	0.2670947
47.2660828	130.1033630	-0.7664456	0.0232256
49.0498085	130.1033630	-0.6851560	-0.0580641
50.8335381	130.1033630	-0.6270919	0.0000000
52.6172676	130.1033630	-0.8477353	0.0464513
54.4009972	130.1033630	-0.6503175	0.0696769
56.1847229	130.1033630	-0.4180613	0.5922535
57.9684486	130.1033630	-0.2903203	0.7083817
59.7521782	130.1033630	-0.0812897	0.8128970
61.5359077	130.1033630	-0.0696769	0.7780585
63.3196297	130.1033630	0.0000000	0.0000000
65.1033630	130.1033630	-0.0116128	0.6154791
66.8870850	130.1033630	0.1858050	0.3716100
68.6708145	130.1033630	0.0696769	0.1393538
70.4545441	130.1033630	0.0000000	0.0000000
72.2382736	130.1033630	0.0000000	0.0000000
0.8891521	131.8871002	0.0000000	0.0000000
2.6728802	131.8871002	0.0464513	1.0103148
4.4566083	131.8871002	0.0929025	0.6851560
6.2403364	131.8871002	-0.0464513	1.2309582
8.0240641	131.8871002	0.0348384	1.2890223
9.8077927	131.8871002	-0.0116128	1.1612813
11.5915203	131.8871002	-0.3483844	0.7780585
13.3752489	131.8871002	-0.3019331	0.7896714
15.1589766	131.8871002	-0.3367716	0.8709611
16.9427032	131.8871002	-0.3832228	1.4748274
18.7264328	131.8871002	-0.4761253	1.5909555
20.5101604	131.8871002	-0.7432200	1.5096658
22.2938881	131.8871002	-0.6735432	1.6141812
24.0776157	131.8871002	-0.7199944	2.1251450
25.8613453	131.8871002	-0.4645125	2.4619164
27.6450729	131.8871002	0.0116128	-0.0116128
29.4288006	131.8871002	-1.3470863	1.0219276
31.2125282	131.8871002	-1.4167632	0.8361226
32.9962578	131.8871002	-0.7664456	1.0451533
34.7799835	131.8871002	0.0000000	0.0000000
36.5637131	131.8871002	-0.0348384	0.4761254
38.3474426	131.8871002	-0.0348384	0.1161281
40.1311722	131.8871002	-0.0348384	0.0929025
41.9148979	131.8871002	0.0232256	0.0929025
43.6986275	131.8871002	0.0580641	0.0812897
45.4823532	131.8871002	0.0000000	0.2903203
47.2660828	131.8871002	-0.2206434	0.7548329
49.0498085	131.8871002	-0.5574150	0.2438691
50.8335381	131.8871002	-0.4645125	0.0232256
52.6172676	131.8871002	-0.4877381	0.2090307
54.4009972	131.8871002	-0.8361225	0.2322563
56.1847229	131.8871002	-0.5806407	0.3019332
57.9684486	131.8871002	-0.5225766	0.4877382
59.7521782	131.8871002	-0.1045153	0.6851560
61.5359077	131.8871002	-0.0116128	0.7780585
63.3196297	131.8871002	0.0696769	0.5690279
65.1033630	131.8871002	0.1625794	0.5574151
66.8870850	131.8871002	0.1277409	0.1858050
68.6708145	131.8871002	0.0000000	0.0000000
70.4545441	131.8871002	0.0000000	0.0000000
72.2382736	131.8871002	0.0000000	0.0000000
0.8891521	133.6708221	0.0000000	0.0000000
2.6728802	133.6708221	0.0000000	1.1148301
4.4566083	133.6708221	0.0464513	1.1728942
6.2403364	133.6708221	0.1741922	0.9754764
8.0240641	133.6708221	0.2554819	1.3122480
9.8077927	133.6708221	-0.0464513	1.2425711
11.5915203	133.6708221	-0.5690278	0.6619304
13.3752489	133.6708221	-0.4064485	0.6851560
15.1589766	133.6708221	-0.1045153	0.6503175
16.9427032	133.6708221	-0.8245097	1.4399890
18.7264328	133.6708221	-0.3599972	0.7780585
20.5101604	133.6708221	-0.2787075	0.5341895
22.2938881	133.6708221	-0.5922534	0.9522507
24.0776157	133.6708221	-0.4180613	0.7896714
25.8613453	133.6708221	0.0232256	2.4270780
27.6450729	133.6708221	0.5109638	2.8103011
29.4288006	133.6708221	-1.2193453	0.9987020
31.2125282	133.6708221	-0.7780585	1.0219276
32.9962578	133.6708221	-0.4877381	0.8245098
34.7799835	133.6708221	-0.2670947	0.6503175
36.5637131	133.6708221	0.0580641	0.2438691
38.3474426	133.6708221	0.0464513	0.2787075
40.1311722	133.6708221	-0.0232256	0.1858050
41.9148979	133.6708221	-0.0580641	0.0812897
43.6986275	133.6708221	-0.0929025	0.0000000
45.4823532	133.6708221	-0.2090306	0.6735432
47.2660828	133.6708221	-0.0232256	0.8825738
49.0498085	133.6708221	0.0000000	0.4645126
50.8335381	133.6708221	-0.3948357	0.2206435
52.6172676	133.6708221	-0.5225766	0.4180613
54.4009972	133.6708221	-0.7432200	0.3251588
56.1847229	133.6708221	-0.4064485	0.3251588
57.9684486	133.6708221	-0.3948357	0.3135460
59.7521782	133.6708221	-0.3483844	0.3832228
61.5359077	133.6708221	-0.1161281	0.4528998
63.3196297	133.6708221	-0.0464513	0.4877382
65.1033630	133.6708221	0.0696769	0.3832228
66.8870850	133.6708221	0.0464513	0.2670947
68.6708145	133.6708221	0.0580641	0.0348384
70.4545441	133.6708221	0.0000000	0.0000000
72.2382736	133.6708221	0.0000000	0.0000000
0.8891521	135.4545441	0.0000000	0.0000000
2.6728802	135.4545441	-0.0116128	1.0567660
4.4566083	135.4545441	0.0000000	1.0335405
6.2403364	135.4545441	0.1509666	0.9638636
8.0240641	135.4545441	0.0696769	1.2077327
9.8077927	135.4545441	-0.2438691	1.3819249
11.5915203	135.4545441	-0.1509666	0.6503175
13.3752489	135.4545441	-0.2090306	0.7432201
15.1589766	135.4545441	-0.0696769	0.8825738
16.9427032	135.4545441	-0.2670947	1.4516017
18.7264328	135.4545441	0.1045153	1.2077327
20.5101604	135.4545441	-0.0232256	0.8128970
22.2938881	135.4545441	-0.2554819	0.8361226
24.0776157	135.4545441	-0.7780585	0.7432201
25.8613453	135.4545441	0.1161281	2.5315933
27.6450729	135.4545441	0.0348384	2.6593344
29.4288006	135.4545441	-0.2206434	1.7767606
31.2125282	135.4545441	-0.0580641	0.8361226
32.9962578	135.4545441	0.1161281	0.6154791
34.7799835	135.4545441	0.2903203	0.6967688
36.5637131	135.4545441	0.3367716	0.6851560
38.3474426	135.4545441	0.0812897	0.5458022
40.1311722	135.4545441	-0.0232256	0.4180613
41.9148979	135.4545441	0.0116128	0.0929025
43.6986275	135.4545441	-0.0696769	0.0696769
45.4823532	135.4545441	-0.0580641	0.1509666
47.2660828	135.4545441	0.0696769	0.1974178
49.0498085	135.4545441	0.1625794	0.3716100
50.8335381	135.4545441	-0.0812897	0.3716100
52.6172676	135.4545441	-0.4761253	0.4877382
54.4009972	135.4545441	-0.7664456	0.3367716
56.1847229	135.4545441	-0.5922534	0.2903203
57.9684486	135.4545441	-0.2322563	0.2554819
59.7521782	135.4545441	-0.2438691	0.2206435
61.5359077	135.4545441	-0.1161281	0.1741922
63.3196297	135.4545441	0.0000000	0.2903203
65.1033630	135.4545441	-0.0812897	0.4761254
66.8870850	135.4545441	0.0929025	0.1625794
68.6708145	135.4545441	0.1161281	0.8128970
70.4545441	135.4545441	0.0000000	0.0000000
72.2382736	135.4545441	0.0000000	0.0000000
0.8891521	137.2382813	0.0000000	0.0000000
2.6728802	137.2382813	0.0116128	1.1148301
4.4566083	137.2382813	-0.4064485	1.3703121
6.2403364	137.2382813	-0.2787075	1.3470864
8.0240641	137.2382813	-0.1045153	1.3935376
9.8077927	137.2382813	-0.1277409	1.2077327
11.5915203	137.2382813	-0.0232256	0.8709611
13.3752489	137.2382813	-0.0232256	0.7548329
15.1589766	137.2382813	0.0696769	0.3135460
16.9427032	137.2382813	0.0580641	0.5225766
18.7264328	137.2382813	0.1393538	1.0103148
20.5101604	137.2382813	-0.0929025	0.7664457
22.2938881	137.2382813	-0.3599972	0.9870892
24.0776157	137.2382813	-0.9057994	1.4399890
25.8613453	137.2382813	-1.0683788	1.6954708
27.6450729	137.2382813	-0.6270919	2.2993371
29.4288006	137.2382813	-0.0812897	1.3935376
31.2125282	137.2382813	0.1858050	0.8012841
32.9962578	137.2382813	0.1277409	0.6038663
34.7799835	137.2382813	0.2090306	0.1161281
36.5637131	137.2382813	0.1625794	0.6851560
38.3474426	137.2382813	0.1277409	0.7199945
40.1311722	137.2382813	0.0116128	0.6270919
41.9148979	137.2382813	0.0116128	0.0580641
43.6986275	137.2382813	-0.0464513	0.2438691
45.4823532	137.2382813	0.1161281	-0.0696769
47.2660828	137.2382813	0.1393538	0.0696769
49.0498085	137.2382813	0.0929025	0.2787075
50.8335381	137.2382813	-0.0929025	0.6038663
52.6172676	137.2382813	-0.2903203	0.8128970
54.4009972	137.2382813	-0.6270919	0.7780585
56.1847229	137.2382813	-0.6154791	0.2090307
57.9684486	137.2382813	-0.4877381	0.0812897
59.7521782	137.2382813	-0.0929025	-0.0232256
61.5359077	137.2382813	-0.0580641	0.0696769
63.3196297	137.2382813	-0.0464513	0.1277409
65.1033630	137.2382813	-0.0116128	0.0464513
66.8870850	137.2382813	0.1393538	0.0348384
68.6708145	137.2382813	0.0000000	0.0000000
70.4545441	137.2382813	0.0000000	0.0000000
72.2382736	137.2382813	0.0000000	0.0000000
0.8891521	139.0220032	0.0000000	0.0000000
2.6728802	139.0220032	0.0000000	0.0000000
4.4566083	139.0220032	-0.3716100	1.4051505
6.2403364	139.0220032	-0.2438691	1.4283761
8.0240641	139.0220032	-0.1045153	1.3006351
9.8077927	139.0220032	-0.0580641	0.6967688
11.5915203	139.0220032	-0.0464513	0.8709611
13.3752489	139.0220032	-0.0232256	0.9406379
15.1589766	139.0220032	-0.6038663	0.3483844
16.9427032	139.0220032	-0.4296741	0.3832228
18.7264328	139.0220032	-0.0580641	1.1728942
20.5101604	139.0220032	-0.3599972	1.1264429
22.2938881	139.0220032	-0.5225766	1.2193455
24.0776157	139.0220032	-0.3367716	0.9522507
25.8613453	139.0220032	-0.5574150	1.1845070
27.6450729	139.0220032	-0.0696769	1.2541839
29.4288006	139.0220032	0.1161281	0.8012841
31.2125282	139.0220032	0.2787075	0.8012841
32.9962578	139.0220032	0.3599972	0.6270919
34.7799835	139.0220032	0.2206434	0.2438691
36.5637131	139.0220032	0.1509666	0.6038663
38.3474426	139.0220032	0.2554819	0.8593482
40.1311722	139.0220032	0.3251588	0.8245098
41.9148979	139.0220032	0.6967688	0.1277409
43.6986275	139.0220032	0.6967688	0.1858050
45.4823532	139.0220032	0.4296741	0.0000000
47.2660828	139.0220032	0.1858050	0.1045153
49.0498085	139.0220032	0.0464513	0.3367716
50.8335381	139.0220032	-0.1858050	0.7548329
52.6172676	139.0220032	-0.5225766	0.8477354
54.4009972	139.0220032	-0.5341894	0.6735432
56.1847229	139.0220032	-0.5225766	0.2438691
57.9684486	139.0220032	-0.1974178	0.0000000
59.7521782	139.0220032	-0.0348384	0.0000000
61.5359077	139.0220032	-0.0232256	0.0348384
63.3196297	139.0220032	-0.0812897	0.1509666
65.1033630	139.0220032	-0.1045153	0.0232256
66.8870850	139.0220032	0.0000000	0.1045153
68.6708145	139.0220032	0.0116128	0.2206435
70.4545441	139.0220032	0.0000000	0.0000000
72.2382736	139.0220032	0.0000000	0.0000000
