0.8891521	65.8716507	0.0000000	0.0000000
2.6728802	65.8716507	0.0000000	0.3716100
4.4566083	65.8716507	0.4877381	0.1974178
6.2403364	65.8716507	0.6154791	0.3135460
8.0240641	65.8716507	0.0000000	0.0000000
9.8077927	65.8716507	-0.8477353	0.9057995
11.5915203	65.8716507	-0.8012841	0.9638636
13.3752489	65.8716507	-0.7432200	1.2890223
15.1589766	65.8716507	-0.5922534	0.4528998
16.9427032	65.8716507	-0.5225766	0.1277409
18.7264328	65.8716507	-0.7199944	-0.6038663
20.5101604	65.8716507	-0.6270919	-0.2090307
22.2938881	65.8716507	-0.3367716	-0.0464513
24.0776157	65.8716507	-0.1045153	0.6270919
25.8613453	65.8716507	-0.7548329	0.3135460
27.6450729	65.8716507	0.4528997	-0.0116128
29.4288006	65.8716507	0.1045153	-1.0916045
31.2125282	65.8716507	0.1393538	-1.4748274
32.9962578	65.8716507	0.0116128	-1.2890223
34.7799835	65.8716507	-0.4761253	-0.6270919
36.5637131	65.8716507	-0.5109638	-0.7316073
38.3474426	65.8716507	-0.1161281	-0.2206435
40.1311722	65.8716507	0.0232256	-0.2090307
41.9148979	65.8716507	-0.1045153	-0.6387048
43.6986275	65.8716507	0.2322563	-0.8477354
45.4823532	65.8716507	0.4064485	-0.8709611
47.2660828	65.8716507	0.4645125	-0.5806407
49.0498085	65.8716507	0.4296741	-0.0696769
50.8335381	65.8716507	0.4645125	-0.0812897
52.6172676	65.8716507	0.3948357	-0.0116128
54.4009972	65.8716507	0.5574150	-0.0696769
56.1847229	65.8716507	0.6619303	0.0696769
57.9684486	65.8716507	0.6503175	0.1625794
59.7521782	65.8716507	0.4412869	0.2090307
61.5359077	65.8716507	1.4399889	1.3122480
63.3196297	65.8716507	1.1032172	0.4528998
65.1033630	65.8716507	0.0929025	0.4877382
66.8870850	65.8716507	-0.1045153	0.0812897
68.6708145	65.8716507	0.0000000	0.0000000
70.4545441	65.8716507	0.0000000	0.0000000
72.2382736	65.8716507	0.0000000	0.0000000
0.8891521	67.6553802	0.0000000	0.0000000
2.6728802	67.6553802	0.0000000	0.0000000
4.4566083	67.6553802	-0.0580641	0.8012841
6.2403364	67.6553802	0.3716100	1.1845070
8.0240641	67.6553802	0.0000000	0.0000000
9.8077927	67.6553802	-0.8245097	0.9406379
11.5915203	67.6553802	-0.8593482	0.9754764
13.3752489	67.6553802	-0.5109638	1.5212786
15.1589766	67.6553802	-0.4296741	1.4399890
16.9427032	67.6553802	-0.6619303	0.0232256
18.7264328	67.6553802	-0.5574150	-0.4064485
20.5101604	67.6553802	-0.1625794	-0.6851560
22.2938881	67.6553802	0.0000000	0.0000000
24.0776157	67.6553802	0.1509666	1.1961198
25.8613453	67.6553802	0.1625794	1.1380558
27.6450729	67.6553802	0.2554819	0.0580641
29.4288006	67.6553802	0.1509666	-1.3354737
31.2125282	67.6553802	0.5574150	-1.3006351
32.9962578	67.6553802	0.3832228	-1.2193455
34.7799835	67.6553802	0.3135459	-1.1264429
36.5637131	67.6553802	0.3483844	-1.1961198
38.3474426	67.6553802	-0.0580641	-0.8245098
40.1311722	67.6553802	0.0348384	-0.1741922
41.9148979	67.6553802	0.0000000	-0.7083817
43.6986275	67.6553802	0.2670947	-1.0335405
45.4823532	67.6553802	0.1277409	-0.6387048
47.2660828	67.6553802	-0.0812897	-0.1509666
49.0498085	67.6553802	0.2670947	-0.1741922
50.8335381	67.6553802	0.4412869	-0.1858050
52.6172676	67.6553802	0.1045153	-0.0696769
54.4009972	67.6553802	-0.0464513	0.0116128
56.1847229	67.6553802	0.1509666	0.0348384
57.9684486	67.6553802	-0.1858050	0.0348384
59.7521782	67.6553802	0.4296741	0.0812897
61.5359077	67.6553802	0.4761253	0.1858050
63.3196297	67.6553802	0.3599972	0.6503175
65.1033630	67.6553802	0.0348384	0.2090307
66.8870850	67.6553802	-0.1974178	-0.1393538
68.6708145	67.6553802	-0.0232256	2.0786936
70.4545441	67.6553802	-0.0580641	-1.4980530
72.2382736	67.6553802	0.0000000	0.0000000
0.8891521	69.4391022	0.0000000	0.0000000
2.6728802	69.4391022	0.0000000	0.0000000
4.4566083	69.4391022	-0.0348384	0.9057995
6.2403364	69.4391022	0.1277409	1.3122480
8.0240641	69.4391022	0.0348384	1.4980530
9.8077927	69.4391022	-0.4877381	1.4748274
11.5915203	69.4391022	-0.5341894	1.2657967
13.3752489	69.4391022	-0.4296741	0.5690279
15.1589766	69.4391022	-0.1509666	0.1741922
16.9427032	69.4391022	-0.2438691	0.1161281
18.7264328	69.4391022	-0.2903203	0.4877382
20.5101604	69.4391022	0.0000000	0.0000000
22.2938881	69.4391022	0.8012841	-0.1741922
24.0776157	69.4391022	0.1741922	0.0232256
25.8613453	69.4391022	0.7664456	0.1509666
27.6450729	69.4391022	1.1032172	0.0580641
29.4288006	69.4391022	0.0000000	0.0000000
31.2125282	69.4391022	0.7548329	-0.9290251
32.9962578	69.4391022	0.6387047	-0.9987020
34.7799835	69.4391022	0.6154791	-0.8709611
36.5637131	69.4391022	0.5690278	-1.2193455
38.3474426	69.4391022	0.1393538	-0.8128970
40.1311722	69.4391022	0.1161281	-0.7548329
41.9148979	69.4391022	-0.0464513	-0.5806407
43.6986275	69.4391022	-0.4180613	-0.1277409
45.4823532	69.4391022	-0.1393538	-0.5458022
47.2660828	69.4391022	0.0232256	-0.6387048
49.0498085	69.4391022	-0.2787075	-0.4645126
50.8335381	69.4391022	0.0000000	-0.5225766
52.6172676	69.4391022	-2.3574011	-0.0580641
54.4009972	69.4391022	0.0929025	-0.0232256
56.1847229	69.4391022	0.0000000	-0.0348384
57.9684486	69.4391022	-0.0812897	0.0812897
59.7521782	69.4391022	0.1625794	0.0116128
61.5359077	69.4391022	-0.1393538	0.4180613
63.3196297	69.4391022	0.1045153	0.8245098
65.1033630	69.4391022	-0.0348384	0.8941867
66.8870850	69.4391022	-0.0929025	0.2670947
68.6708145	69.4391022	0.0116128	0.9290251
70.4545441	69.4391022	0.0000000	0.0000000
72.2382736	69.4391022	-0.0812897	-1.5096658
0.8891521	71.2228317	0.0000000	0.0000000
2.6728802	71.2228317	0.0000000	0.0000000
4.4566083	71.2228317	0.0696769	1.2657967
6.2403364	71.2228317	0.0464513	1.2774096
8.0240641	71.2228317	-0.5806407	1.5328914
9.8077927	71.2228317	-0.6154791	1.4980530
11.5915203	71.2228317	-0.4761253	1.4283761
13.3752489	71.2228317	-0.1741922	0.1161281
15.1589766	71.2228317	-0.1393538	0.1045153
16.9427032	71.2228317	-0.1393538	0.2322563
18.7264328	71.2228317	-0.0580641	0.2090307
20.5101604	71.2228317	0.0000000	0.0000000
22.2938881	71.2228317	0.6851560	-0.1741922
24.0776157	71.2228317	0.3832228	-0.0116128
25.8613453	71.2228317	0.7896713	0.0580641
27.6450729	71.2228317	0.8245097	-0.0464513
29.4288006	71.2228317	0.7896713	-0.4993510
31.2125282	71.2228317	0.9057994	-0.5922535
32.9962578	71.2228317	0.9057994	-0.6387048
34.7799835	71.2228317	0.7316072	-0.7896714
36.5637131	71.2228317	0.8245097	-0.9174123
38.3474426	71.2228317	0.5922534	-0.7083817
40.1311722	71.2228317	0.3832228	-0.5458022
41.9148979	71.2228317	0.0232256	-0.4296741
43.6986275	71.2228317	-0.2903203	-0.1625794
45.4823532	71.2228317	-0.0232256	-0.2090307
47.2660828	71.2228317	-0.0116128	-0.1509666
49.0498085	71.2228317	-0.0348384	-0.1161281
50.8335381	71.2228317	-0.0348384	-0.2554819
52.6172676	71.2228317	0.0000000	0.0000000
54.4009972	71.2228317	0.1277409	0.0348384
56.1847229	71.2228317	0.0000000	-0.1974178
57.9684486	71.2228317	0.0696769	0.0116128
59.7521782	71.2228317	0.2903203	-0.0232256
61.5359077	71.2228317	0.0000000	0.0000000
63.3196297	71.2228317	0.0580641	0.8709611
65.1033630	71.2228317	0.0000000	0.0000000
66.8870850	71.2228317	0.1858050	0.7664457
68.6708145	71.2228317	0.0000000	0.0000000
70.4545441	71.2228317	0.0000000	0.0000000
72.2382736	71.2228317	0.0000000	0.0000000
0.8891521	73.0065613	0.0000000	0.0000000
2.6728802	73.0065613	0.0000000	0.0000000
4.4566083	73.0065613	0.0464513	1.1032174
6.2403364	73.0065613	0.0696769	1.0567660
8.0240641	73.0065613	0.4412869	1.7303092
9.8077927	73.0065613	0.4064485	1.7767606
11.5915203	73.0065613	0.0000000	0.0000000
13.3752489	73.0065613	0.1509666	0.0929025
15.1589766	73.0065613	0.0696769	0.1625794
16.9427032	73.0065613	0.0348384	0.7199945
18.7264328	73.0065613	-0.0812897	0.7896714
20.5101604	73.0065613	0.0000000	0.0000000
22.2938881	73.0065613	0.6503175	0.1161281
24.0776157	73.0065613	0.7548329	0.0464513
25.8613453	73.0065613	0.7199944	-0.0116128
27.6450729	73.0065613	0.4877381	-0.5109638
29.4288006	73.0065613	0.5109638	-0.6735432
31.2125282	73.0065613	0.8361225	-0.6967688
32.9962578	73.0065613	1.0219276	-0.6619304
34.7799835	73.0065613	0.8593482	-0.6735432
36.5637131	73.0065613	0.7432200	-0.7664457
38.3474426	73.0065613	0.7083816	-0.7664457
40.1311722	73.0065613	0.7199944	-0.5574151
41.9148979	73.0065613	0.5109638	-0.1741922
43.6986275	73.0065613	0.0000000	0.0000000
45.4823532	73.0065613	0.2090306	-0.1277409
47.2660828	73.0065613	0.1045153	-0.1509666
49.0498085	73.0065613	0.0580641	0.0000000
50.8335381	73.0065613	0.0000000	0.0348384
52.6172676	73.0065613	-0.0929025	0.2322563
54.4009972	73.0065613	0.3367716	0.0232256
56.1847229	73.0065613	0.6967688	0.2670947
57.9684486	73.0065613	0.0000000	0.0000000
59.7521782	73.0065613	0.0000000	0.0000000
61.5359077	73.0065613	0.0812897	0.6735432
63.3196297	73.0065613	0.0000000	0.7780585
65.1033630	73.0065613	-0.0116128	0.4645126
66.8870850	73.0065613	0.0000000	0.0000000
68.6708145	73.0065613	0.0000000	0.0000000
70.4545441	73.0065613	1.4748273	-1.4864402
72.2382736	73.0065613	0.0000000	0.0000000
0.8891521	74.7902908	0.0000000	0.0000000
2.6728802	74.7902908	0.0000000	1.4516017
4.4566083	74.7902908	0.2670947	1.3238608
6.2403364	74.7902908	0.1741922	1.3354737
8.0240641	74.7902908	-0.0116128	2.0322425
9.8077927	74.7902908	-0.0232256	2.0786936
11.5915203	74.7902908	0.0000000	0.0000000
13.3752489	74.7902908	0.1393538	0.3135460
15.1589766	74.7902908	0.2787075	0.6154791
16.9427032	74.7902908	0.0000000	0.0000000
18.7264328	74.7902908	0.7083816	1.3354737
20.5101604	74.7902908	-0.4180613	0.0000000
22.2938881	74.7902908	0.8128969	0.0232256
24.0776157	74.7902908	0.2206434	-0.0812897
25.8613453	74.7902908	0.5806407	0.0812897
27.6450729	74.7902908	0.4180613	-0.6735432
29.4288006	74.7902908	0.5574150	-0.5458022
31.2125282	74.7902908	0.0812897	-1.4632145
32.9962578	74.7902908	0.5574150	-0.5341895
34.7799835	74.7902908	0.5458022	-0.4761254
36.5637131	74.7902908	0.6967688	-0.6619304
38.3474426	74.7902908	0.8477353	-0.7548329
40.1311722	74.7902908	0.7780585	-0.5922535
41.9148979	74.7902908	0.6967688	-0.2322563
43.6986275	74.7902908	0.8012841	-0.1974178
45.4823532	74.7902908	0.2903203	-0.0464513
47.2660828	74.7902908	0.1045153	0.0812897
49.0498085	74.7902908	-0.1045153	0.1858050
50.8335381	74.7902908	0.4528997	0.0929025
52.6172676	74.7902908	0.1045153	0.0580641
54.4009972	74.7902908	0.0929025	0.0929025
56.1847229	74.7902908	0.0929025	0.4412869
57.9684486	74.7902908	0.4645125	0.4180613
59.7521782	74.7902908	0.6038663	0.2670947
61.5359077	74.7902908	0.3716100	0.4528998
63.3196297	74.7902908	0.0000000	0.0000000
65.1033630	74.7902908	2.4967549	0.7780585
66.8870850	74.7902908	0.1741922	0.6270919
68.6708145	74.7902908	0.0000000	0.0000000
70.4545441	74.7902908	0.0000000	0.0000000
72.2382736	74.7902908	0.0000000	0.0000000
0.8891521	76.5740204	0.0000000	0.0000000
2.6728802	76.5740204	0.0000000	0.0000000
4.4566083	76.5740204	0.0000000	0.0000000
6.2403364	76.5740204	0.4877381	1.2541839
8.0240641	76.5740204	0.0929025	1.4864402
9.8077927	76.5740204	0.4064485	2.7057858
11.5915203	76.5740204	-0.3135459	1.4980530
13.3752489	76.5740204	0.3251588	0.1858050
15.1589766	76.5740204	0.3135459	0.1974178
16.9427032	76.5740204	0.7896713	1.3703121
18.7264328	76.5740204	0.7664456	1.3703121
20.5101604	76.5740204	0.8477353	1.3935376
22.2938881	76.5740204	0.5458022	0.0232256
24.0776157	76.5740204	0.4645125	0.1858050
25.8613453	76.5740204	0.1509666	0.4528998
27.6450729	76.5740204	0.3948357	-0.7780585
29.4288006	76.5740204	-0.1045153	-1.3819249
31.2125282	76.5740204	0.2206434	-1.2657967
32.9962578	76.5740204	0.5109638	-0.7083817
34.7799835	76.5740204	0.5109638	-1.2425711
36.5637131	76.5740204	0.5458022	-1.0451533
38.3474426	76.5740204	0.1161281	-0.0348384
40.1311722	76.5740204	0.7432200	-0.1277409
41.9148979	76.5740204	0.4877381	-0.1858050
43.6986275	76.5740204	0.2903203	-0.1625794
45.4823532	76.5740204	0.1161281	-0.1045153
47.2660828	76.5740204	0.0348384	0.2090307
49.0498085	76.5740204	-0.0580641	0.1741922
50.8335381	76.5740204	0.0696769	0.2903203
52.6172676	76.5740204	-0.0116128	0.1161281
54.4009972	76.5740204	0.2438691	0.1741922
56.1847229	76.5740204	0.4993510	0.0580641
57.9684486	76.5740204	0.2438691	0.0464513
59.7521782	76.5740204	0.0232256	0.6619304
61.5359077	76.5740204	0.6619303	0.8012841
63.3196297	76.5740204	0.6154791	0.8128970
65.1033630	76.5740204	0.0000000	0.0000000
66.8870850	76.5740204	-0.0232256	0.9754764
68.6708145	76.5740204	0.0000000	0.0000000
70.4545441	76.5740204	0.0000000	0.0000000
72.2382736	76.5740204	0.0000000	0.0000000
0.8891521	78.3577499	0.0000000	0.0000000
2.6728802	78.3577499	0.0000000	0.0000000
4.4566083	78.3577499	0.5922534	1.2541839
6.2403364	78.3577499	0.3483844	1.6606324
8.0240641	78.3577499	0.0000000	1.5212786
9.8077927	78.3577499	0.6619303	2.2296603
11.5915203	78.3577499	-0.1625794	-0.2090307
13.3752489	78.3577499	0.4180613	1.2774096
15.1589766	78.3577499	0.5458022	0.3599972
16.9427032	78.3577499	0.3019331	0.9057995
18.7264328	78.3577499	0.0000000	0.0000000
20.5101604	78.3577499	0.0000000	0.0000000
22.2938881	78.3577499	0.7780585	0.1393538
24.0776157	78.3577499	0.6851560	0.3948357
25.8613453	78.3577499	0.4761253	-0.0929025
27.6450729	78.3577499	0.4412869	-0.7780585
29.4288006	78.3577499	0.1277409	-1.2657967
31.2125282	78.3577499	0.1974178	-1.2425711
32.9962578	78.3577499	0.1625794	-1.1032174
34.7799835	78.3577499	0.6851560	-0.3367716
36.5637131	78.3577499	0.6154791	-0.2322563
38.3474426	78.3577499	0.1974178	-0.1161281
40.1311722	78.3577499	0.7199944	-0.0464513
41.9148979	78.3577499	0.2554819	-0.0464513
43.6986275	78.3577499	-0.0232256	0.0929025
45.4823532	78.3577499	-0.1974178	0.0000000
47.2660828	78.3577499	-0.2787075	0.2206435
49.0498085	78.3577499	-0.2903203	0.2787075
50.8335381	78.3577499	-0.0812897	0.1625794
52.6172676	78.3577499	0.2554819	-0.0232256
54.4009972	78.3577499	-0.6851560	-1.2657967
56.1847229	78.3577499	0.0696769	0.2438691
57.9684486	78.3577499	0.0116128	0.2206435
59.7521782	78.3577499	0.0929025	0.1974178
61.5359077	78.3577499	0.6619303	1.0683789
63.3196297	78.3577499	0.0000000	0.0000000
65.1033630	78.3577499	0.8012841	0.8593482
66.8870850	78.3577499	0.3599972	0.9057995
68.6708145	78.3577499	0.0116128	-1.0683789
70.4545441	78.3577499	0.0000000	0.0000000
72.2382736	78.3577499	0.0000000	0.0000000
0.8891521	80.1414719	0.0000000	0.0000000
2.6728802	80.1414719	0.0000000	0.0000000
4.4566083	80.1414719	0.4761253	1.4632145
6.2403364	80.1414719	0.1858050	1.8115990
8.0240641	80.1414719	-0.2206434	2.0903065
9.8077927	80.1414719	0.0000000	0.0000000
11.5915203	80.1414719	0.0000000	0.0000000
13.3752489	80.1414719	0.6387047	0.2322563
15.1589766	80.1414719	0.5109638	0.5922535
16.9427032	80.1414719	0.2090306	0.8477354
18.7264328	80.1414719	0.0000000	0.0000000
20.5101604	80.1414719	0.6270919	1.2193455
22.2938881	80.1414719	0.5225766	0.1974178
24.0776157	80.1414719	0.6619303	0.5458022
25.8613453	80.1414719	0.4877381	0.0812897
27.6450729	80.1414719	0.0000000	0.0000000
29.4288006	80.1414719	0.2438691	-1.0799917
31.2125282	80.1414719	0.1045153	-0.9987020
32.9962578	80.1414719	-0.1161281	-1.1728942
34.7799835	80.1414719	0.0812897	-1.3006351
36.5637131	80.1414719	0.4412869	-0.3367716
38.3474426	80.1414719	0.1277409	-1.1264429
40.1311722	80.1414719	0.4528997	-0.0116128
41.9148979	80.1414719	0.1625794	-0.0812897
43.6986275	80.1414719	0.1045153	0.1161281
45.4823532	80.1414719	-0.4645125	0.0348384
47.2660828	80.1414719	-0.6154791	0.0696769
49.0498085	80.1414719	-0.4412869	0.0232256
50.8335381	80.1414719	-0.2903203	-0.0580641
52.6172676	80.1414719	0.0000000	0.0000000
54.4009972	80.1414719	-0.2438691	0.3367716
56.1847229	80.1414719	-0.2322563	0.3716100
57.9684486	80.1414719	0.0929025	0.0464513
59.7521782	80.1414719	0.0580641	0.1161281
61.5359077	80.1414719	0.6154791	1.1612813
63.3196297	80.1414719	0.3367716	1.3122480
65.1033630	80.1414719	0.8128969	0.8709611
66.8870850	80.1414719	0.4645125	0.7780585
68.6708145	80.1414719	0.0000000	0.0000000
70.4545441	80.1414719	0.0000000	0.0000000
72.2382736	80.1414719	0.0000000	0.0000000
0.8891521	81.9252014	0.0000000	0.0000000
2.6728802	81.9252014	0.0000000	1.4283761
4.4566083	81.9252014	0.1393538	1.4748274
6.2403364	81.9252014	0.5458022	1.9741783
8.0240641	81.9252014	0.4761253	2.1599834
9.8077927	81.9252014	0.1509666	1.5212786
11.5915203	81.9252014	0.4412869	2.8103011
13.3752489	81.9252014	0.4296741	0.7896714
15.1589766	81.9252014	0.4645125	0.7780585
16.9427032	81.9252014	0.4528997	1.3935376
18.7264328	81.9252014	0.0000000	0.0000000
20.5101604	81.9252014	0.6735432	0.8012841
22.2938881	81.9252014	0.5574150	1.1264429
24.0776157	81.9252014	0.7896713	0.7316073
25.8613453	81.9252014	0.6967688	0.1974178
27.6450729	81.9252014	-0.0580641	-0.0929025
29.4288006	81.9252014	0.1161281	-0.6503175
31.2125282	81.9252014	-0.1161281	-0.6967688
32.9962578	81.9252014	-0.2322563	-0.9057995
34.7799835	81.9252014	-0.1161281	-1.2309582
36.5637131	81.9252014	-0.0696769	-1.3006351
38.3474426	81.9252014	-0.1161281	-0.2438691
40.1311722	81.9252014	-0.4412869	0.0000000
41.9148979	81.9252014	-0.2554819	0.0580641
43.6986275	81.9252014	-0.0929025	0.0929025
45.4823532	81.9252014	-0.6270919	0.1393538
47.2660828	81.9252014	0.0000000	0.0000000
49.0498085	81.9252014	-0.4412869	0.0464513
50.8335381	81.9252014	-0.4645125	0.0812897
52.6172676	81.9252014	-0.0929025	0.3251588
54.4009972	81.9252014	-0.2090306	0.4993510
56.1847229	81.9252014	-0.0929025	0.1741922
57.9684486	81.9252014	0.0348384	0.1161281
59.7521782	81.9252014	-0.2206434	0.2670947
61.5359077	81.9252014	0.3367716	1.2541839
63.3196297	81.9252014	0.3716100	1.2077327
65.1033630	81.9252014	0.6387047	1.3354737
66.8870850	81.9252014	0.0464513	1.0916045
68.6708145	81.9252014	0.0000000	0.0000000
70.4545441	81.9252014	0.0000000	0.0000000
72.2382736	81.9252014	0.0000000	0.0000000
0.8891521	83.7089233	0.0000000	0.0000000
2.6728802	83.7089233	0.0000000	0.0000000
4.4566083	83.7089233	0.0696769	1.5096658
6.2403364	83.7089233	0.1858050	2.1715963
8.0240641	83.7089233	0.3716100	2.1832089
9.8077927	83.7089233	0.5922534	1.7186965
11.5915203	83.7089233	0.2438691	2.8219137
13.3752489	83.7089233	0.5458022	1.4167633
15.1589766	83.7089233	0.0000000	0.0000000
16.9427032	83.7089233	0.4528997	1.4632145
18.7264328	83.7089233	0.5922534	1.4283761
20.5101604	83.7089233	0.6387047	1.2077327
22.2938881	83.7089233	0.0000000	0.0000000
24.0776157	83.7089233	0.8012841	0.8941867
25.8613453	83.7089233	0.7896713	0.1509666
27.6450729	83.7089233	0.5225766	-0.0580641
29.4288006	83.7089233	0.0696769	-0.5458022
31.2125282	83.7089233	-0.2206434	-0.4877382
32.9962578	83.7089233	-0.0348384	-0.4761254
34.7799835	83.7089233	0.1858050	-0.2787075
36.5637131	83.7089233	0.1277409	-0.3367716
38.3474426	83.7089233	-0.5109638	-0.0232256
40.1311722	83.7089233	-0.5458022	0.1393538
41.9148979	83.7089233	-0.7083816	0.3019332
43.6986275	83.7089233	-0.6851560	0.3019332
45.4823532	83.7089233	-0.5574150	0.4993510
47.2660828	83.7089233	-0.3367716	0.5806407
49.0498085	83.7089233	-0.5574150	0.3135460
50.8335381	83.7089233	-0.5109638	0.3948357
52.6172676	83.7089233	-0.1858050	0.5109638
54.4009972	83.7089233	-0.0348384	0.6619304
56.1847229	83.7089233	-0.0348384	0.5690279
57.9684486	83.7089233	-0.0580641	0.2322563
59.7521782	83.7089233	-0.0812897	0.4180613
61.5359077	83.7089233	0.0232256	0.5690279
63.3196297	83.7089233	0.1509666	0.5341895
65.1033630	83.7089233	0.6038663	1.2309582
66.8870850	83.7089233	0.1277409	0.9057995
68.6708145	83.7089233	0.0000000	0.0000000
70.4545441	83.7089233	0.0000000	0.0000000
72.2382736	83.7089233	0.0000000	0.0000000
0.8891521	85.4926529	0.0000000	0.0000000
2.6728802	85.4926529	-0.0348384	1.4399890
4.4566083	85.4926529	0.0348384	1.6141812
6.2403364	85.4926529	0.2206434	2.0903065
8.0240641	85.4926529	0.3948357	2.1832089
9.8077927	85.4926529	0.4528997	2.0554681
11.5915203	85.4926529	0.5690278	2.2877243
13.3752489	85.4926529	0.8012841	1.8580502
15.1589766	85.4926529	0.6503175	1.7303092
16.9427032	85.4926529	-0.5109638	0.0812897
18.7264328	85.4926529	0.2787075	1.4864402
20.5101604	85.4926529	0.7664456	0.3599972
22.2938881	85.4926529	0.8128969	0.1974178
24.0776157	85.4926529	0.9638635	0.8709611
25.8613453	85.4926529	0.0929025	0.0580641
27.6450729	85.4926529	0.6503175	0.1277409
29.4288006	85.4926529	-0.0696769	-0.1393538
31.2125282	85.4926529	-0.0464513	-0.2670947
32.9962578	85.4926529	-0.1393538	-0.1625794
34.7799835	85.4926529	-0.0580641	-0.7548329
36.5637131	85.4926529	0.0116128	-0.7316073
38.3474426	85.4926529	-0.6967688	0.0000000
40.1311722	85.4926529	-0.7083816	0.2322563
41.9148979	85.4926529	-0.6619303	0.2322563
43.6986275	85.4926529	-0.4877381	0.6154791
45.4823532	85.4926529	-0.2670947	0.6503175
47.2660828	85.4926529	-0.5922534	0.7316073
49.0498085	85.4926529	-0.6387047	0.4645126
50.8335381	85.4926529	-0.5806407	0.6503175
52.6172676	85.4926529	-0.3019331	0.7083817
54.4009972	85.4926529	-0.1393538	0.6619304
56.1847229	85.4926529	0.0116128	0.6270919
57.9684486	85.4926529	0.0929025	0.4877382
59.7521782	85.4926529	-0.1625794	0.3251588
61.5359077	85.4926529	0.1509666	0.2670947
63.3196297	85.4926529	0.1045153	0.4412869
65.1033630	85.4926529	0.2787075	0.6851560
66.8870850	85.4926529	0.0929025	0.8825738
68.6708145	85.4926529	0.0000000	0.0000000
70.4545441	85.4926529	0.0000000	0.0000000
72.2382736	85.4926529	0.0000000	0.0000000
0.8891521	87.2763824	0.0000000	0.0000000
2.6728802	87.2763824	0.0000000	0.0000000
4.4566083	87.2763824	-0.0116128	2.4735293
6.2403364	87.2763824	0.0464513	2.6825600
8.0240641	87.2763824	0.2903203	2.0322425
9.8077927	87.2763824	0.1509666	1.5677298
11.5915203	87.2763824	0.5109638	1.9625655
13.3752489	87.2763824	0.7664456	2.0670810
15.1589766	87.2763824	0.1741922	1.7883734
16.9427032	87.2763824	0.3019331	1.1148301
18.7264328	87.2763824	0.2322563	1.3935376
20.5101604	87.2763824	0.4993510	0.4528998
22.2938881	87.2763824	0.8245097	0.1045153
24.0776157	87.2763824	0.5341894	1.1496686
25.8613453	87.2763824	0.0348384	0.0696769
27.6450729	87.2763824	0.6967688	0.2554819
29.4288006	87.2763824	-0.0696769	-0.0812897
31.2125282	87.2763824	-0.0348384	-0.1045153
32.9962578	87.2763824	-0.2670947	-0.1741922
34.7799835	87.2763824	-0.1974178	-0.7199945
36.5637131	87.2763824	-0.0464513	-0.5225766
38.3474426	87.2763824	-0.6270919	0.0348384
40.1311722	87.2763824	-0.6735432	0.1045153
41.9148979	87.2763824	-0.5574150	0.6851560
43.6986275	87.2763824	-0.7199944	0.6735432
45.4823532	87.2763824	-0.7316072	0.6619304
47.2660828	87.2763824	-0.6967688	0.6038663
49.0498085	87.2763824	-0.2206434	0.4993510
50.8335381	87.2763824	-0.4064485	0.4412869
52.6172676	87.2763824	-0.3135459	0.8709611
54.4009972	87.2763824	-0.2903203	1.2774096
56.1847229	87.2763824	-0.0696769	1.1380558
57.9684486	87.2763824	0.0232256	0.9870892
59.7521782	87.2763824	0.1393538	0.3019332
61.5359077	87.2763824	0.0580641	0.1161281
63.3196297	87.2763824	0.1625794	0.0696769
65.1033630	87.2763824	0.3948357	0.4761254
66.8870850	87.2763824	0.0232256	0.9174123
68.6708145	87.2763824	0.0000000	0.0000000
70.4545441	87.2763824	0.0000000	0.0000000
72.2382736	87.2763824	0.0000000	0.0000000
0.8891521	89.0601120	0.0000000	0.0000000
2.6728802	89.0601120	0.0000000	0.0000000
4.4566083	89.0601120	-0.1277409	-0.0464513
6.2403364	89.0601120	-0.0580641	0.4180613
8.0240641	89.0601120	0.0580641	0.8825738
9.8077927	89.0601120	0.2206434	0.9638636
11.5915203	89.0601120	0.4064485	1.4516017
13.3752489	89.0601120	0.6387047	2.1599834
15.1589766	89.0601120	0.3019331	1.7419221
16.9427032	89.0601120	0.7083816	1.5328914
18.7264328	89.0601120	0.1625794	1.4864402
20.5101604	89.0601120	0.4412869	1.3470864
22.2938881	89.0601120	0.7199944	0.0696769
24.0776157	89.0601120	0.8477353	0.7780585
25.8613453	89.0601120	0.0000000	0.0000000
27.6450729	89.0601120	0.5109638	0.0232256
29.4288006	89.0601120	0.6851560	-0.0348384
31.2125282	89.0601120	0.3367716	-0.0348384
32.9962578	89.0601120	0.0232256	-0.0464513
34.7799835	89.0601120	-0.5341894	-0.2670947
36.5637131	89.0601120	-0.7432200	-0.0116128
38.3474426	89.0601120	-0.9754763	0.3948357
40.1311722	89.0601120	-0.8941866	0.4064485
41.9148979	89.0601120	-0.8361225	0.0812897
43.6986275	89.0601120	-0.7548329	0.1161281
45.4823532	89.0601120	-0.7083816	0.1858050
47.2660828	89.0601120	0.0000000	0.0000000
49.0498085	89.0601120	0.0000000	0.0000000
50.8335381	89.0601120	0.0000000	0.0000000
52.6172676	89.0601120	-0.2903203	0.4180613
54.4009972	89.0601120	-0.2322563	0.8128970
56.1847229	89.0601120	-0.1045153	1.0103148
57.9684486	89.0601120	0.0232256	1.0219276
59.7521782	89.0601120	0.0348384	0.1858050
61.5359077	89.0601120	0.1277409	0.0464513
63.3196297	89.0601120	0.2670947	-0.0348384
65.1033630	89.0601120	0.0232256	0.4528998
66.8870850	89.0601120	0.1625794	0.7199945
68.6708145	89.0601120	0.0348384	0.8593482
70.4545441	89.0601120	0.0000000	0.0000000
72.2382736	89.0601120	0.0000000	0.0000000
0.8891521	90.8438416	0.0000000	0.0000000
2.6728802	90.8438416	0.0000000	0.0000000
4.4566083	90.8438416	-0.0464513	-0.1161281
6.2403364	90.8438416	-0.0464513	0.0696769
8.0240641	90.8438416	0.0580641	0.0929025
9.8077927	90.8438416	0.5458022	1.2774096
11.5915203	90.8438416	0.3948357	1.3470864
13.3752489	90.8438416	0.3135459	2.3109500
15.1589766	90.8438416	0.2206434	2.3574011
16.9427032	90.8438416	0.8477353	1.6025683
18.7264328	90.8438416	0.0000000	0.0000000
20.5101604	90.8438416	0.7432200	-1.4283761
22.2938881	90.8438416	1.1728941	0.0929025
24.0776157	90.8438416	1.0567660	0.1393538
25.8613453	90.8438416	0.0000000	0.0000000
27.6450729	90.8438416	0.6387047	-0.0116128
29.4288006	90.8438416	0.8825738	0.1393538
31.2125282	90.8438416	0.7432200	0.3599972
32.9962578	90.8438416	0.6038663	0.3019332
34.7799835	90.8438416	-0.2322563	-0.1393538
36.5637131	90.8438416	-0.4761253	0.0348384
38.3474426	90.8438416	-0.5806407	0.2322563
40.1311722	90.8438416	-0.9522507	0.4180613
41.9148979	90.8438416	-0.9638635	0.1625794
43.6986275	90.8438416	-0.7664456	0.0348384
45.4823532	90.8438416	-0.3599972	0.1277409
47.2660828	90.8438416	-0.1858050	0.5458022
49.0498085	90.8438416	-0.1741922	0.7083817
50.8335381	90.8438416	-0.1045153	0.4877382
52.6172676	90.8438416	-0.1858050	0.3483844
54.4009972	90.8438416	-0.1509666	0.6270919
56.1847229	90.8438416	-0.1277409	0.5806407
57.9684486	90.8438416	-0.0116128	0.9406379
59.7521782	90.8438416	-0.1974178	0.2554819
61.5359077	90.8438416	0.0116128	-0.1161281
63.3196297	90.8438416	-0.0812897	-0.0348384
65.1033630	90.8438416	-0.0116128	0.1161281
66.8870850	90.8438416	0.1045153	0.6387048
68.6708145	90.8438416	0.0000000	0.0000000
70.4545441	90.8438416	0.0000000	0.0000000
72.2382736	90.8438416	0.0000000	0.0000000
0.8891521	92.6275711	0.0000000	0.0000000
2.6728802	92.6275711	0.0000000	0.0000000
4.4566083	92.6275711	0.0348384	-0.1741922
6.2403364	92.6275711	0.0000000	-0.1045153
8.0240641	92.6275711	0.0696769	0.6735432
9.8077927	92.6275711	0.5341894	1.1264429
11.5915203	92.6275711	0.7432200	1.4399890
13.3752489	92.6275711	0.9638635	1.3935376
15.1589766	92.6275711	1.5793426	1.5561171
16.9427032	92.6275711	1.5793426	1.4748274
18.7264328	92.6275711	1.3006351	1.6257939
20.5101604	92.6275711	1.1612813	1.4980530
22.2938881	92.6275711	1.3122479	0.1625794
24.0776157	92.6275711	1.2193453	0.2903203
25.8613453	92.6275711	1.7070835	1.1496686
27.6450729	92.6275711	1.4167632	1.4167633
29.4288006	92.6275711	0.0000000	0.0000000
31.2125282	92.6275711	1.2425710	0.2903203
32.9962578	92.6275711	0.6619303	0.4528998
34.7799835	92.6275711	0.0812897	-0.1045153
36.5637131	92.6275711	-0.0580641	-0.3716100
38.3474426	92.6275711	0.0812897	-0.1509666
40.1311722	92.6275711	0.1161281	0.0000000
41.9148979	92.6275711	-0.0929025	-0.0580641
43.6986275	92.6275711	-0.0464513	-0.1858050
45.4823532	92.6275711	0.0929025	-0.0348384
47.2660828	92.6275711	0.0812897	0.5806407
49.0498085	92.6275711	-0.0116128	0.7548329
50.8335381	92.6275711	0.1858050	0.7548329
52.6172676	92.6275711	-0.0348384	0.5806407
54.4009972	92.6275711	-0.0232256	0.6503175
56.1847229	92.6275711	0.2554819	0.6503175
57.9684486	92.6275711	0.0929025	0.9870892
59.7521782	92.6275711	-0.5109638	0.0696769
61.5359077	92.6275711	-0.3367716	-0.1741922
63.3196297	92.6275711	-0.1161281	0.0348384
65.1033630	92.6275711	0.0116128	-0.0580641
66.8870850	92.6275711	0.0348384	-0.2903203
68.6708145	92.6275711	0.0000000	0.0000000
70.4545441	92.6275711	0.0000000	0.0000000
72.2382736	92.6275711	0.0000000	0.0000000
0.8891521	94.4113007	0.0000000	0.0000000
2.6728802	94.4113007	0.0000000	0.0000000
4.4566083	94.4113007	0.0000000	-0.3135460
6.2403364	94.4113007	-0.0348384	-0.0232256
8.0240641	94.4113007	-0.0464513	0.2903203
9.8077927	94.4113007	0.1277409	0.4993510
11.5915203	94.4113007	0.3599972	0.4761254
13.3752489	94.4113007	0.6851560	0.3832228
15.1589766	94.4113007	0.8012841	0.3716100
16.9427032	94.4113007	1.1148300	1.3586992
18.7264328	94.4113007	1.2193453	1.4399890
20.5101604	94.4113007	0.9638635	0.1625794
22.2938881	94.4113007	0.8361225	0.3135460
24.0776157	94.4113007	0.8128969	1.1380558
25.8613453	94.4113007	0.8361225	1.1612813
27.6450729	94.4113007	1.4516016	0.7199945
29.4288006	94.4113007	1.4283760	0.5574151
31.2125282	94.4113007	1.3122479	0.4180613
32.9962578	94.4113007	0.8361225	0.5574151
34.7799835	94.4113007	0.1509666	-0.1045153
36.5637131	94.4113007	0.0116128	-0.2903203
38.3474426	94.4113007	-0.0580641	-0.1858050
40.1311722	94.4113007	-0.2322563	1.3122480
41.9148979	94.4113007	0.0116128	-0.6735432
43.6986275	94.4113007	0.0348384	-0.6154791
45.4823532	94.4113007	0.0232256	0.0116128
47.2660828	94.4113007	0.3483844	0.2322563
49.0498085	94.4113007	0.6038663	0.1161281
50.8335381	94.4113007	0.4645125	0.2554819
52.6172676	94.4113007	0.0348384	0.5574151
54.4009972	94.4113007	0.0348384	0.6038663
56.1847229	94.4113007	-0.0464513	0.7083817
57.9684486	94.4113007	0.0929025	1.1148301
59.7521782	94.4113007	0.0000000	0.8593482
61.5359077	94.4113007	-0.1625794	0.1161281
63.3196297	94.4113007	-0.1277409	-0.0696769
65.1033630	94.4113007	-0.0116128	-0.5225766
66.8870850	94.4113007	0.0696769	-0.6503175
68.6708145	94.4113007	0.0000000	0.0000000
70.4545441	94.4113007	0.0000000	0.0000000
72.2382736	94.4113007	0.0000000	0.0000000
0.8891521	96.1950302	0.0000000	0.0000000
2.6728802	96.1950302	0.0000000	0.0000000
4.4566083	96.1950302	-0.0580641	-0.5922535
6.2403364	96.1950302	-0.0348384	-0.5574151
8.0240641	96.1950302	0.0580641	-0.1974178
9.8077927	96.1950302	0.0580641	0.6154791
11.5915203	96.1950302	0.2903203	0.6154791
13.3752489	96.1950302	0.5458022	0.3716100
15.1589766	96.1950302	0.6619303	0.4877382
16.9427032	96.1950302	0.7199944	0.8245098
18.7264328	96.1950302	0.8012841	0.6619304
20.5101604	96.1950302	0.9522507	0.2903203
22.2938881	96.1950302	0.7548329	0.1741922
24.0776157	96.1950302	0.4645125	0.2322563
25.8613453	96.1950302	0.4645125	0.1277409
27.6450729	96.1950302	0.8477353	0.2903203
29.4288006	96.1950302	1.0916045	0.4412869
31.2125282	96.1950302	0.8361225	0.3716100
32.9962578	96.1950302	0.4877381	0.6619304
34.7799835	96.1950302	0.4528997	0.1161281
36.5637131	96.1950302	0.4296741	-0.1858050
38.3474426	96.1950302	-0.0812897	0.1045153
40.1311722	96.1950302	-0.0580641	0.5574151
41.9148979	96.1950302	0.1393538	-0.5574151
43.6986275	96.1950302	0.0929025	-0.6387048
45.4823532	96.1950302	-0.1161281	0.4064485
47.2660828	96.1950302	-0.2903203	0.5225766
49.0498085	96.1950302	0.0580641	0.4877382
50.8335381	96.1950302	-0.2787075	0.7083817
52.6172676	96.1950302	-0.7548329	0.3251588
54.4009972	96.1950302	-0.8012841	0.5109638
56.1847229	96.1950302	-0.6967688	0.8361226
57.9684486	96.1950302	-0.1858050	0.8361226
59.7521782	96.1950302	-0.0232256	1.0451533
61.5359077	96.1950302	0.0580641	0.1741922
63.3196297	96.1950302	0.1277409	-0.1045153
65.1033630	96.1950302	0.1393538	-0.2554819
66.8870850	96.1950302	0.1509666	-0.2554819
68.6708145	96.1950302	0.0000000	0.0000000
70.4545441	96.1950302	0.0000000	0.0000000
72.2382736	96.1950302	0.0000000	0.0000000
0.8891521	97.9787521	0.0000000	0.0000000
2.6728802	97.9787521	0.0000000	0.0000000
4.4566083	97.9787521	-0.1741922	-0.6270919
6.2403364	97.9787521	-0.1858050	-0.5574151
8.0240641	97.9787521	0.0696769	-0.2206435
9.8077927	97.9787521	0.2206434	0.5574151
11.5915203	97.9787521	0.4645125	0.3832228
13.3752489	97.9787521	0.5109638	0.4645126
15.1589766	97.9787521	0.5458022	0.4180613
16.9427032	97.9787521	0.7316072	0.4528998
18.7264328	97.9787521	0.9057994	0.1974178
20.5101604	97.9787521	0.9290251	0.1277409
22.2938881	97.9787521	0.9174122	0.1625794
24.0776157	97.9787521	0.8709610	0.2322563
25.8613453	97.9787521	0.7316072	0.2090307
27.6450729	97.9787521	-0.0348384	0.1045153
29.4288006	97.9787521	0.0000000	0.0580641
31.2125282	97.9787521	0.0232256	0.2554819
32.9962578	97.9787521	0.1277409	0.2903203
34.7799835	97.9787521	0.2903203	0.3483844
36.5637131	97.9787521	0.1393538	-0.0812897
38.3474426	97.9787521	-0.2903203	0.2206435
40.1311722	97.9787521	-0.3251588	0.4180613
41.9148979	97.9787521	0.0348384	-0.1161281
43.6986275	97.9787521	0.0580641	0.0696769
45.4823532	97.9787521	-0.2206434	0.6387048
47.2660828	97.9787521	-0.3832228	0.5574151
49.0498085	97.9787521	-0.0348384	0.6503175
50.8335381	97.9787521	-0.1974178	0.7780585
52.6172676	97.9787521	-0.9174122	0.7664457
54.4009972	97.9787521	-1.0103147	0.9174123
56.1847229	97.9787521	0.0000000	0.0000000
57.9684486	97.9787521	-0.2554819	1.0451533
59.7521782	97.9787521	-0.1974178	0.6851560
61.5359077	97.9787521	-0.1045153	-0.0696769
63.3196297	97.9787521	0.1161281	-0.5922535
65.1033630	97.9787521	0.1161281	-0.5574151
66.8870850	97.9787521	0.0000000	-0.6851560
68.6708145	97.9787521	-0.0232256	-0.9522507
70.4545441	97.9787521	0.0000000	0.0000000
72.2382736	97.9787521	0.0000000	0.0000000
0.8891521	99.7624817	0.0000000	0.0000000
2.6728802	99.7624817	0.0000000	0.0000000
4.4566083	99.7624817	-0.1045153	-0.6038663
6.2403364	99.7624817	-0.1509666	-0.3367716
8.0240641	99.7624817	-0.0696769	-0.1974178
9.8077927	99.7624817	0.1858050	-0.0116128
11.5915203	99.7624817	0.3832228	0.1509666
13.3752489	99.7624817	0.4761253	0.2438691
15.1589766	99.7624817	0.4645125	0.1393538
16.9427032	99.7624817	0.7199944	0.2903203
18.7264328	99.7624817	0.8012841	0.2670947
20.5101604	99.7624817	0.9057994	0.1974178
22.2938881	99.7624817	0.8825738	0.1277409
24.0776157	99.7624817	0.9638635	0.2206435
25.8613453	99.7624817	0.8012841	0.4645126
27.6450729	99.7624817	0.6851560	0.1393538
29.4288006	99.7624817	-0.0116128	0.0696769
31.2125282	99.7624817	0.1277409	0.3019332
32.9962578	99.7624817	0.0929025	0.3251588
34.7799835	99.7624817	0.2090306	0.7083817
36.5637131	99.7624817	-0.0696769	-0.0696769
38.3474426	99.7624817	-0.4645125	0.5690279
40.1311722	99.7624817	-0.1393538	0.1858050
41.9148979	99.7624817	-0.1045153	-0.0116128
43.6986275	99.7624817	-0.2903203	0.2090307
45.4823532	99.7624817	-0.7083816	0.6851560
47.2660828	99.7624817	-0.4412869	0.5922535
49.0498085	99.7624817	-0.5341894	0.7548329
50.8335381	99.7624817	-0.5922534	0.7432201
52.6172676	99.7624817	-1.2541838	0.8709611
54.4009972	99.7624817	-1.2425710	0.7199945
56.1847229	99.7624817	-0.5574150	1.2890223
57.9684486	99.7624817	-0.1974178	0.9522507
59.7521782	99.7624817	-0.1393538	0.1509666
61.5359077	99.7624817	-0.1509666	-0.2670947
63.3196297	99.7624817	0.0929025	-0.1045153
65.1033630	99.7624817	-0.2903203	-0.6503175
66.8870850	99.7624817	-0.0116128	-0.7316073
68.6708145	99.7624817	-0.0464513	-0.9754764
70.4545441	99.7624817	0.0000000	0.0000000
72.2382736	99.7624817	0.0000000	0.0000000
0.8891521	101.5462112	0.0000000	0.0000000
2.6728802	101.5462112	0.0000000	0.0000000
4.4566083	101.5462112	-0.0812897	-0.5690279
6.2403364	101.5462112	-0.1393538	-0.2438691
8.0240641	101.5462112	-0.1858050	-0.2322563
9.8077927	101.5462112	0.0116128	-0.0929025
11.5915203	101.5462112	0.1741922	-0.0116128
13.3752489	101.5462112	0.3367716	-0.0580641
15.1589766	101.5462112	0.3019331	-0.2670947
16.9427032	101.5462112	0.4877381	-0.0116128
18.7264328	101.5462112	0.6967688	0.1161281
20.5101604	101.5462112	0.7199944	-0.1393538
22.2938881	101.5462112	1.0219276	-0.0580641
24.0776157	101.5462112	1.0799916	0.2322563
25.8613453	101.5462112	0.6038663	0.2090307
27.6450729	101.5462112	0.2670947	0.2787075
29.4288006	101.5462112	-0.1161281	0.1161281
31.2125282	101.5462112	-0.0348384	0.2554819
32.9962578	101.5462112	0.1625794	0.5806407
34.7799835	101.5462112	0.1974178	0.4761254
36.5637131	101.5462112	0.1974178	-0.1974178
38.3474426	101.5462112	-0.3251588	-0.1625794
40.1311722	101.5462112	-0.3483844	-0.0580641
41.9148979	101.5462112	-0.2206434	0.1045153
43.6986275	101.5462112	-0.8941866	0.7199945
45.4823532	101.5462112	-0.8477353	0.8245098
47.2660828	101.5462112	-0.7896713	0.7664457
49.0498085	101.5462112	-0.5922534	0.7896714
50.8335381	101.5462112	-0.5109638	0.8361226
52.6172676	101.5462112	-0.8709610	0.8245098
54.4009972	101.5462112	-0.3948357	0.8477354
56.1847229	101.5462112	-0.5109638	1.1612813
57.9684486	101.5462112	0.0000000	0.0000000
59.7521782	101.5462112	-0.0464513	-0.0580641
61.5359077	101.5462112	0.0580641	-0.1393538
63.3196297	101.5462112	0.0000000	0.0000000
65.1033630	101.5462112	-0.1858050	-0.7432201
66.8870850	101.5462112	0.0000000	0.0000000
68.6708145	101.5462112	-0.0116128	0.8709611
70.4545441	101.5462112	0.0000000	0.0000000
72.2382736	101.5462112	0.0000000	0.0000000
0.8891521	103.3299408	0.0000000	0.0000000
2.6728802	103.3299408	0.0000000	0.0000000
4.4566083	103.3299408	0.1045153	-0.4528998
6.2403364	103.3299408	0.1045153	-0.5225766
8.0240641	103.3299408	-0.0696769	-0.0929025
9.8077927	103.3299408	0.0000000	-0.0464513
11.5915203	103.3299408	0.1625794	0.0464513
13.3752489	103.3299408	0.3948357	-0.1161281
15.1589766	103.3299408	0.5806407	-0.1741922
16.9427032	103.3299408	0.6735432	-0.1161281
18.7264328	103.3299408	0.7432200	0.0232256
20.5101604	103.3299408	0.6619303	-0.2322563
22.2938881	103.3299408	0.7199944	0.0232256
24.0776157	103.3299408	0.7780585	0.3948357
25.8613453	103.3299408	0.5922534	0.2787075
27.6450729	103.3299408	0.1277409	0.4064485
29.4288006	103.3299408	0.4761253	-0.0116128
31.2125282	103.3299408	0.3716100	0.0464513
32.9962578	103.3299408	0.2206434	0.4877382
34.7799835	103.3299408	0.3716100	0.5225766
36.5637131	103.3299408	0.1393538	0.5806407
38.3474426	103.3299408	-0.0580641	-0.1277409
40.1311722	103.3299408	-0.2554819	0.0929025
41.9148979	103.3299408	-0.3367716	0.2090307
43.6986275	103.3299408	-0.7548329	0.5806407
45.4823532	103.3299408	-0.6503175	0.3019332
47.2660828	103.3299408	-0.6038663	0.5806407
49.0498085	103.3299408	-0.6851560	0.7199945
50.8335381	103.3299408	-0.6503175	1.0219276
52.6172676	103.3299408	-0.2090306	1.0335405
54.4009972	103.3299408	0.0232256	0.9522507
56.1847229	103.3299408	0.0464513	0.8012841
57.9684486	103.3299408	0.1045153	0.1974178
59.7521782	103.3299408	0.1625794	0.0812897
61.5359077	103.3299408	0.1393538	0.0464513
63.3196297	103.3299408	-0.0348384	-0.5690279
65.1033630	103.3299408	-0.3367716	-0.8128970
66.8870850	103.3299408	-0.0116128	-0.7199945
68.6708145	103.3299408	0.0000000	0.0000000
70.4545441	103.3299408	0.0000000	0.0000000
72.2382736	103.3299408	0.0000000	0.0000000
0.8891521	105.1136703	0.0000000	0.0000000
2.6728802	105.1136703	0.0000000	0.0000000
4.4566083	105.1136703	0.1741922	-0.5341895
6.2403364	105.1136703	0.1277409	-0.5341895
8.0240641	105.1136703	0.4180613	-0.1393538
9.8077927	105.1136703	0.2903203	-0.0812897
11.5915203	105.1136703	0.3135459	-0.0116128
13.3752489	105.1136703	0.5690278	-0.0580641
15.1589766	105.1136703	0.6967688	-0.0812897
16.9427032	105.1136703	0.6619303	-0.1393538
18.7264328	105.1136703	0.6967688	-0.2322563
20.5101604	105.1136703	0.6387047	-0.2670947
22.2938881	105.1136703	0.5922534	0.1625794
24.0776157	105.1136703	0.6967688	0.6270919
25.8613453	105.1136703	0.7083816	0.6270919
27.6450729	105.1136703	0.6154791	0.3716100
29.4288006	105.1136703	0.6851560	0.1858050
31.2125282	105.1136703	0.7083816	-0.1277409
32.9962578	105.1136703	0.6967688	0.1045153
34.7799835	105.1136703	0.7432200	0.3599972
36.5637131	105.1136703	0.6619303	0.3251588
38.3474426	105.1136703	0.4645125	0.1741922
40.1311722	105.1136703	0.1974178	-0.0116128
41.9148979	105.1136703	-0.2206434	0.6270919
43.6986275	105.1136703	-0.5922534	0.2554819
45.4823532	105.1136703	-0.5341894	0.3483844
47.2660828	105.1136703	-0.5109638	0.4877382
49.0498085	105.1136703	-0.6851560	0.7083817
50.8335381	105.1136703	-0.5225766	0.7664457
52.6172676	105.1136703	-0.3019331	0.7083817
54.4009972	105.1136703	-0.1277409	0.6270919
56.1847229	105.1136703	-0.0232256	0.4877382
57.9684486	105.1136703	0.1277409	0.4528998
59.7521782	105.1136703	0.0812897	0.0929025
61.5359077	105.1136703	0.0696769	0.0232256
63.3196297	105.1136703	-0.1277409	-0.2438691
65.1033630	105.1136703	-0.2903203	-0.7316073
66.8870850	105.1136703	-0.0812897	-0.6270919
68.6708145	105.1136703	0.0232256	-0.8128970
70.4545441	105.1136703	0.0000000	0.0000000
72.2382736	105.1136703	0.0000000	0.0000000
0.8891521	106.8973999	0.0000000	0.0000000
2.6728802	106.8973999	0.0000000	0.0000000
4.4566083	106.8973999	0.1974178	-0.4412869
6.2403364	106.8973999	0.2438691	-0.6851560
8.0240641	106.8973999	0.4528997	-0.2554819
9.8077927	106.8973999	0.2554819	-0.2090307
11.5915203	106.8973999	0.6503175	-0.1509666
13.3752489	106.8973999	0.5574150	-0.3948357
15.1589766	106.8973999	0.6967688	-0.2322563
16.9427032	106.8973999	0.5341894	-0.2438691
18.7264328	106.8973999	0.3483844	-0.1161281
20.5101604	106.8973999	0.1393538	-0.1161281
22.2938881	106.8973999	0.1393538	0.0929025
24.0776157	106.8973999	0.4180613	0.6851560
25.8613453	106.8973999	0.6270919	0.6503175
27.6450729	106.8973999	0.7664456	0.5458022
29.4288006	106.8973999	0.7432200	0.1974178
31.2125282	106.8973999	0.6619303	0.0232256
32.9962578	106.8973999	0.6503175	0.1393538
34.7799835	106.8973999	0.6967688	0.1741922
36.5637131	106.8973999	0.7548329	0.2206435
38.3474426	106.8973999	0.6619303	0.3599972
40.1311722	106.8973999	0.3135459	0.0929025
41.9148979	106.8973999	-0.3599972	0.5806407
43.6986275	106.8973999	-0.7432200	0.4180613
45.4823532	106.8973999	-0.4993510	0.2090307
47.2660828	106.8973999	-0.3251588	0.5341895
49.0498085	106.8973999	-0.4180613	0.5458022
50.8335381	106.8973999	-0.2090306	0.6270919
52.6172676	106.8973999	-0.1858050	0.5806407
54.4009972	106.8973999	-0.1974178	0.5341895
56.1847229	106.8973999	-0.1045153	0.0580641
57.9684486	106.8973999	0.0929025	-0.0116128
59.7521782	106.8973999	0.0812897	0.0464513
61.5359077	106.8973999	0.0348384	-0.0232256
63.3196297	106.8973999	0.0000000	0.0000000
65.1033630	106.8973999	-0.0348384	-0.1974178
66.8870850	106.8973999	-0.1045153	-0.5922535
68.6708145	106.8973999	0.0000000	0.0000000
70.4545441	106.8973999	0.0000000	0.0000000
72.2382736	106.8973999	0.0000000	0.0000000
0.8891521	108.6811218	0.0000000	0.0000000
2.6728802	108.6811218	0.0116128	-0.8477354
4.4566083	108.6811218	0.1277409	-0.7780585
6.2403364	108.6811218	0.2554819	-0.6619304
8.0240641	108.6811218	0.1858050	-0.8477354
9.8077927	108.6811218	0.2903203	-0.0929025
11.5915203	108.6811218	0.7780585	-0.2787075
13.3752489	108.6811218	0.6503175	-0.3251588
15.1589766	108.6811218	0.6270919	-0.1858050
16.9427032	108.6811218	0.3251588	-0.0696769
18.7264328	108.6811218	0.1509666	-0.2322563
20.5101604	108.6811218	0.0812897	-0.1045153
22.2938881	108.6811218	0.1045153	0.2090307
24.0776157	108.6811218	0.4412869	0.3251588
25.8613453	108.6811218	0.5690278	0.4412869
27.6450729	108.6811218	0.1974178	0.1509666
29.4288006	108.6811218	-0.0812897	0.1393538
31.2125282	108.6811218	-0.0696769	0.1277409
32.9962578	108.6811218	0.1509666	0.1161281
34.7799835	108.6811218	0.2670947	0.0696769
36.5637131	108.6811218	0.3716100	0.1393538
38.3474426	108.6811218	0.6503175	0.3948357
40.1311722	108.6811218	0.1277409	0.2322563
41.9148979	108.6811218	0.0116128	0.2090307
43.6986275	108.6811218	0.0464513	0.6735432
45.4823532	108.6811218	-0.3483844	0.4528998
47.2660828	108.6811218	-0.1974178	0.2438691
49.0498085	108.6811218	-0.3367716	0.6735432
50.8335381	108.6811218	-0.3135459	0.7199945
52.6172676	108.6811218	-0.1625794	0.7432201
54.4009972	108.6811218	-0.0696769	0.7316073
56.1847229	108.6811218	-0.0812897	-0.3483844
57.9684486	108.6811218	0.0580641	0.0116128
59.7521782	108.6811218	-0.0116128	0.0580641
61.5359077	108.6811218	0.0464513	-0.0464513
63.3196297	108.6811218	-0.0464513	0.0000000
65.1033630	108.6811218	-0.0580641	-0.1625794
66.8870850	108.6811218	0.0116128	-0.4064485
68.6708145	108.6811218	0.0000000	0.0000000
70.4545441	108.6811218	0.0000000	0.0000000
72.2382736	108.6811218	0.0000000	0.0000000
0.8891521	110.4648514	0.0000000	0.0000000
2.6728802	110.4648514	0.0000000	-1.0219276
4.4566083	110.4648514	-0.0232256	-1.0219276
6.2403364	110.4648514	0.1045153	-0.9870892
8.0240641	110.4648514	0.1509666	-0.6619304
9.8077927	110.4648514	0.1974178	-0.2438691
11.5915203	110.4648514	0.2090306	-0.2438691
13.3752489	110.4648514	0.5341894	-0.0812897
15.1589766	110.4648514	0.1045153	-0.1393538
16.9427032	110.4648514	0.0696769	-0.2554819
18.7264328	110.4648514	0.0696769	-0.3716100
20.5101604	110.4648514	-0.1045153	-0.0812897
22.2938881	110.4648514	-0.0348384	0.2787075
24.0776157	110.4648514	0.0116128	0.5341895
25.8613453	110.4648514	0.3599972	0.4645126
27.6450729	110.4648514	-0.0580641	0.1045153
29.4288006	110.4648514	-0.0116128	0.1974178
31.2125282	110.4648514	-0.0929025	0.4296741
32.9962578	110.4648514	0.2670947	0.1858050
34.7799835	110.4648514	0.6619303	0.0348384
36.5637131	110.4648514	0.3135459	0.2090307
38.3474426	110.4648514	0.2554819	0.5109638
40.1311722	110.4648514	0.4528997	0.1509666
41.9148979	110.4648514	0.3483844	0.3019332
43.6986275	110.4648514	0.2554819	0.7548329
45.4823532	110.4648514	-0.0116128	0.2787075
47.2660828	110.4648514	-0.1161281	0.0812897
49.0498085	110.4648514	-0.1393538	0.3599972
50.8335381	110.4648514	-0.0929025	0.5341895
52.6172676	110.4648514	0.0696769	0.4528998
54.4009972	110.4648514	0.1625794	0.1858050
56.1847229	110.4648514	0.2438691	-0.1277409
57.9684486	110.4648514	-0.0580641	0.4645126
59.7521782	110.4648514	0.0348384	0.5574151
61.5359077	110.4648514	0.1509666	0.1277409
63.3196297	110.4648514	0.0696769	0.0232256
65.1033630	110.4648514	-0.1277409	-0.0348384
66.8870850	110.4648514	-0.0232256	-0.4296741
68.6708145	110.4648514	0.0000000	0.0000000
70.4545441	110.4648514	0.0000000	0.0000000
72.2382736	110.4648514	0.0000000	0.0000000
0.8891521	112.2485809	0.0000000	0.0000000
2.6728802	112.2485809	-0.0232256	-1.1961198
4.4566083	112.2485809	-0.0580641	-0.9174123
6.2403364	112.2485809	-0.0232256	-1.1380558
8.0240641	112.2485809	0.0929025	-0.4064485
9.8077927	112.2485809	0.0580641	-0.8593482
11.5915203	112.2485809	0.0929025	-0.1393538
13.3752489	112.2485809	0.0348384	-0.2090307
15.1589766	112.2485809	0.0464513	-0.1045153
16.9427032	112.2485809	0.0000000	-0.0696769
18.7264328	112.2485809	-0.0232256	-0.0464513
20.5101604	112.2485809	-0.2322563	0.1045153
22.2938881	112.2485809	0.0929025	0.1509666
24.0776157	112.2485809	0.1509666	0.2787075
25.8613453	112.2485809	0.3948357	0.4296741
27.6450729	112.2485809	0.0232256	0.8128970
29.4288006	112.2485809	0.0812897	0.5458022
31.2125282	112.2485809	0.0000000	0.2903203
32.9962578	112.2485809	0.4761253	0.0696769
34.7799835	112.2485809	0.5458022	0.0580641
36.5637131	112.2485809	0.5109638	0.1161281
38.3474426	112.2485809	0.5458022	0.2090307
40.1311722	112.2485809	0.7664456	0.0929025
41.9148979	112.2485809	0.6387047	0.2670947
43.6986275	112.2485809	0.2438691	0.6619304
45.4823532	112.2485809	0.1858050	0.6270919
47.2660828	112.2485809	-0.0580641	0.3019332
49.0498085	112.2485809	0.0232256	0.1974178
50.8335381	112.2485809	0.3019331	0.3716100
52.6172676	112.2485809	0.1277409	0.5109638
54.4009972	112.2485809	0.1509666	0.3483844
56.1847229	112.2485809	-0.2554819	-0.1045153
57.9684486	112.2485809	-0.3019331	-0.1045153
59.7521782	112.2485809	-0.1858050	0.0116128
61.5359077	112.2485809	0.1393538	0.0696769
63.3196297	112.2485809	-0.0464513	0.0580641
65.1033630	112.2485809	-0.1045153	-0.0348384
66.8870850	112.2485809	-0.0232256	0.4064485
68.6708145	112.2485809	0.0464513	-1.5793427
70.4545441	112.2485809	0.0000000	0.0000000
72.2382736	112.2485809	0.0000000	0.0000000
0.8891521	114.0323029	0.0000000	0.0000000
2.6728802	114.0323029	-0.1161281	-1.2774096
4.4566083	114.0323029	-0.1277409	-1.0799917
6.2403364	114.0323029	-0.0812897	-1.0683789
8.0240641	114.0323029	-0.2438691	-0.1393538
9.8077927	114.0323029	0.0000000	0.1974178
11.5915203	114.0323029	0.0116128	-0.0348384
13.3752489	114.0323029	-0.0580641	-0.1974178
15.1589766	114.0323029	-0.0696769	-0.0348384
16.9427032	114.0323029	-0.1277409	0.0348384
18.7264328	114.0323029	-0.0580641	-0.0348384
20.5101604	114.0323029	0.1161281	-0.0696769
22.2938881	114.0323029	0.2903203	0.2903203
24.0776157	114.0323029	0.1509666	0.2670947
25.8613453	114.0323029	-0.2554819	0.7316073
27.6450729	114.0323029	0.0348384	0.7896714
29.4288006	114.0323029	0.2787075	0.6619304
31.2125282	114.0323029	0.5806407	0.2787075
32.9962578	114.0323029	0.1045153	0.1393538
34.7799835	114.0323029	0.4761253	0.2322563
36.5637131	114.0323029	0.7548329	-0.0696769
38.3474426	114.0323029	0.5690278	-0.2206435
40.1311722	114.0323029	0.8128969	0.0116128
41.9148979	114.0323029	0.6387047	0.3019332
43.6986275	114.0323029	0.3832228	0.5806407
45.4823532	114.0323029	0.1858050	1.4632145
47.2660828	114.0323029	0.8593482	0.3599972
49.0498085	114.0323029	0.3367716	0.4528998
50.8335381	114.0323029	0.3019331	0.5341895
52.6172676	114.0323029	0.0929025	0.3483844
54.4009972	114.0323029	-0.4528997	0.1161281
56.1847229	114.0323029	0.0348384	0.1045153
57.9684486	114.0323029	0.1045153	0.1509666
59.7521782	114.0323029	-0.0580641	-0.0696769
61.5359077	114.0323029	-0.0812897	-0.0812897
63.3196297	114.0323029	-0.4180613	-0.0116128
65.1033630	114.0323029	-0.1277409	0.1858050
66.8870850	114.0323029	0.0116128	-0.0116128
68.6708145	114.0323029	0.0000000	0.0000000
70.4545441	114.0323029	0.0000000	0.0000000
72.2382736	114.0323029	0.0000000	0.0000000
0.8891521	115.8160324	0.0000000	0.0000000
2.6728802	115.8160324	-0.1393538	-1.0451533
4.4566083	115.8160324	-0.1741922	-0.9870892
6.2403364	115.8160324	-0.4412869	-0.1045153
8.0240641	115.8160324	-0.3716100	-0.0232256
9.8077927	115.8160324	-0.1277409	-0.1045153
11.5915203	115.8160324	-0.2903203	-0.1509666
13.3752489	115.8160324	-0.2322563	-0.0696769
15.1589766	115.8160324	-0.1625794	0.1277409
16.9427032	115.8160324	-0.0232256	-0.0464513
18.7264328	115.8160324	0.0232256	-0.0812897
20.5101604	115.8160324	0.0232256	-0.0232256
22.2938881	115.8160324	-0.0696769	0.2206435
24.0776157	115.8160324	0.0348384	0.3251588
25.8613453	115.8160324	-0.2322563	0.7199945
27.6450729	115.8160324	0.0696769	0.8477354
29.4288006	115.8160324	0.5109638	0.6735432
31.2125282	115.8160324	0.5109638	0.5341895
32.9962578	115.8160324	0.0929025	0.1858050
34.7799835	115.8160324	0.4645125	0.1393538
36.5637131	115.8160324	0.1393538	0.0000000
38.3474426	115.8160324	0.1509666	-0.2554819
40.1311722	115.8160324	0.0696769	0.0116128
41.9148979	115.8160324	0.4877381	0.4993510
43.6986275	115.8160324	0.1858050	0.8012841
45.4823532	115.8160324	0.6619303	0.1277409
47.2660828	115.8160324	0.8825738	0.1277409
49.0498085	115.8160324	0.6735432	1.1728942
50.8335381	115.8160324	0.1858050	0.8941867
52.6172676	115.8160324	-0.5574150	0.3832228
54.4009972	115.8160324	-0.4180613	0.0580641
56.1847229	115.8160324	0.0116128	0.0464513
57.9684486	115.8160324	0.0929025	0.1625794
59.7521782	115.8160324	-0.0696769	0.0116128
61.5359077	115.8160324	-0.0812897	-0.0232256
63.3196297	115.8160324	-0.3019331	0.1045153
65.1033630	115.8160324	-0.2322563	0.1509666
66.8870850	115.8160324	0.0580641	-0.0580641
68.6708145	115.8160324	0.0348384	1.2425711
70.4545441	115.8160324	0.0000000	0.0000000
72.2382736	115.8160324	0.0000000	0.0000000
0.8891521	117.5997620	0.0000000	0.0000000
2.6728802	117.5997620	-0.1393538	-0.8593482
4.4566083	117.5997620	-0.1509666	-0.8361226
6.2403364	117.5997620	-0.8361225	-0.0580641
8.0240641	117.5997620	-0.6038663	-0.2206435
9.8077927	117.5997620	-0.3019331	-0.0464513
11.5915203	117.5997620	-0.5109638	0.0000000
13.3752489	117.5997620	-0.5225766	0.0116128
15.1589766	117.5997620	-0.5458022	0.0000000
16.9427032	117.5997620	-0.2670947	-0.0580641
18.7264328	117.5997620	-0.0812897	-0.0929025
20.5101604	117.5997620	-0.0116128	0.1277409
22.2938881	117.5997620	-0.0696769	0.2438691
24.0776157	117.5997620	-0.1277409	0.5225766
25.8613453	117.5997620	0.0232256	0.6619304
27.6450729	117.5997620	0.1045153	0.4180613
29.4288006	117.5997620	0.0929025	0.4528998
31.2125282	117.5997620	0.0580641	0.4645126
32.9962578	117.5997620	0.0812897	0.2090307
34.7799835	117.5997620	-0.1741922	0.0348384
36.5637131	117.5997620	0.0116128	0.0116128
38.3474426	117.5997620	-0.0116128	-0.0464513
40.1311722	117.5997620	-0.1741922	-0.0116128
41.9148979	117.5997620	-0.0464513	0.1161281
43.6986275	117.5997620	0.1509666	0.6270919
45.4823532	117.5997620	0.5922534	0.4296741
47.2660828	117.5997620	0.4645125	0.0580641
49.0498085	117.5997620	0.6503175	1.2541839
50.8335381	117.5997620	0.5806407	0.9870892
52.6172676	117.5997620	0.0000000	0.0000000
54.4009972	117.5997620	-0.1161281	-0.0464513
56.1847229	117.5997620	0.0348384	0.0348384
57.9684486	117.5997620	0.0000000	0.1625794
59.7521782	117.5997620	-0.1625794	0.0580641
61.5359077	117.5997620	-0.0464513	0.0580641
63.3196297	117.5997620	0.2090306	0.2322563
65.1033630	117.5997620	0.2787075	0.1161281
66.8870850	117.5997620	0.0580641	0.2670947
68.6708145	117.5997620	0.0348384	1.2541839
70.4545441	117.5997620	0.0000000	0.0000000
72.2382736	117.5997620	0.0000000	0.0000000
0.8891521	119.3834915	0.0000000	0.0000000
2.6728802	119.3834915	-0.3019331	-0.7199945
4.4566083	119.3834915	-0.3135459	-0.6967688
6.2403364	119.3834915	-0.7896713	0.0116128
8.0240641	119.3834915	-0.6851560	-0.2206435
9.8077927	119.3834915	-0.3483844	-0.0696769
11.5915203	119.3834915	-0.3483844	0.0580641
13.3752489	119.3834915	-0.2787075	0.0348384
15.1589766	119.3834915	-0.5458022	0.0580641
16.9427032	119.3834915	-0.5806407	-0.0348384
18.7264328	119.3834915	-0.5806407	-0.1509666
20.5101604	119.3834915	-0.0812897	0.1045153
22.2938881	119.3834915	-0.1625794	0.6038663
24.0776157	119.3834915	-0.5225766	0.7664457
25.8613453	119.3834915	-0.6387047	0.5806407
27.6450729	119.3834915	-0.2206434	0.3483844
29.4288006	119.3834915	-0.0348384	0.2438691
31.2125282	119.3834915	-0.0464513	0.1161281
32.9962578	119.3834915	-0.1161281	0.0000000
34.7799835	119.3834915	-0.1509666	-0.0696769
36.5637131	119.3834915	-0.1625794	-0.0116128
38.3474426	119.3834915	-0.0464513	0.0812897
40.1311722	119.3834915	-0.1045153	0.0000000
41.9148979	119.3834915	-0.0696769	0.0812897
43.6986275	119.3834915	0.0696769	0.0696769
45.4823532	119.3834915	0.1974178	0.2090307
47.2660828	119.3834915	0.0232256	0.4296741
49.0498085	119.3834915	0.0929025	0.5109638
50.8335381	119.3834915	0.0812897	0.9987020
52.6172676	119.3834915	0.0696769	0.7780585
54.4009972	119.3834915	0.3832228	0.4528998
56.1847229	119.3834915	0.0812897	0.2438691
57.9684486	119.3834915	-0.1509666	0.2438691
59.7521782	119.3834915	-0.0929025	0.1509666
61.5359077	119.3834915	-0.0464513	-0.0116128
63.3196297	119.3834915	-0.1045153	0.0696769
65.1033630	119.3834915	-0.0232256	0.2670947
66.8870850	119.3834915	-0.0232256	0.4993510
68.6708145	119.3834915	0.0464513	0.7780585
70.4545441	119.3834915	0.0000000	0.0000000
72.2382736	119.3834915	0.0000000	0.0000000
0.8891521	121.1672211	0.0000000	0.0000000
2.6728802	121.1672211	-0.2206434	-0.4180613
4.4566083	121.1672211	-0.4412869	-0.5690279
6.2403364	121.1672211	-0.6503175	0.1277409
8.0240641	121.1672211	-0.6503175	0.0000000
9.8077927	121.1672211	-0.1858050	0.0232256
11.5915203	121.1672211	-0.1045153	0.2554819
13.3752489	121.1672211	-0.5922534	0.2206435
15.1589766	121.1672211	-0.6154791	0.2206435
16.9427032	121.1672211	-0.6503175	-0.1741922
18.7264328	121.1672211	-0.6735432	-0.3135460
20.5101604	121.1672211	-0.6270919	-0.0812897
22.2938881	121.1672211	-0.4180613	0.6735432
24.0776157	121.1672211	-0.2206434	0.7199945
25.8613453	121.1672211	-0.1974178	0.6154791
27.6450729	121.1672211	-0.0696769	0.3716100
29.4288006	121.1672211	-0.0348384	0.1161281
31.2125282	121.1672211	-0.0348384	0.0116128
32.9962578	121.1672211	-0.0580641	0.1161281
34.7799835	121.1672211	-0.1161281	0.0812897
36.5637131	121.1672211	-0.1161281	-0.1625794
38.3474426	121.1672211	-0.2670947	0.0000000
40.1311722	121.1672211	-0.1045153	0.2206435
41.9148979	121.1672211	-0.0464513	0.4180613
43.6986275	121.1672211	-0.0348384	0.2670947
45.4823532	121.1672211	0.0464513	0.4180613
47.2660828	121.1672211	0.0464513	0.7780585
49.0498085	121.1672211	0.2206434	0.8593482
50.8335381	121.1672211	0.6503175	0.7780585
52.6172676	121.1672211	0.7780585	0.4993510
54.4009972	121.1672211	0.6270919	0.2322563
56.1847229	121.1672211	0.0696769	0.6270919
57.9684486	121.1672211	0.0000000	0.6387048
59.7521782	121.1672211	0.1045153	0.5806407
61.5359077	121.1672211	-0.0812897	0.1625794
63.3196297	121.1672211	-0.1741922	0.0929025
65.1033630	121.1672211	-0.0929025	0.2903203
66.8870850	121.1672211	-0.0232256	0.7664457
68.6708145	121.1672211	-0.0116128	1.0683789
70.4545441	121.1672211	0.0000000	0.0000000
72.2382736	121.1672211	0.0000000	0.0000000
0.8891521	122.9509506	0.0000000	0.0000000
2.6728802	122.9509506	0.1393538	-0.1161281
4.4566083	122.9509506	-0.2554819	-0.2090307
6.2403364	122.9509506	-0.5341894	0.0580641
8.0240641	122.9509506	-0.2787075	0.0929025
9.8077927	122.9509506	-0.0929025	-0.0232256
11.5915203	122.9509506	-0.1974178	0.0812897
13.3752489	122.9509506	-0.2670947	0.2206435
15.1589766	122.9509506	-0.3019331	0.3716100
16.9427032	122.9509506	-0.2322563	0.3716100
18.7264328	122.9509506	-0.4993510	-0.2903203
20.5101604	122.9509506	-0.5458022	-0.1509666
22.2938881	122.9509506	-0.7199944	0.2090307
24.0776157	122.9509506	-0.5225766	0.1509666
25.8613453	122.9509506	-0.1277409	0.1625794
27.6450729	122.9509506	0.0464513	0.0696769
29.4288006	122.9509506	0.0580641	0.0812897
31.2125282	122.9509506	0.3251588	0.0464513
32.9962578	122.9509506	-0.0348384	0.1741922
34.7799835	122.9509506	-0.0812897	0.1161281
36.5637131	122.9509506	-0.0812897	-0.0464513
38.3474426	122.9509506	-0.4064485	0.1509666
40.1311722	122.9509506	-0.1509666	0.2438691
41.9148979	122.9509506	-0.0348384	0.2903203
43.6986275	122.9509506	-0.0116128	0.4877382
45.4823532	122.9509506	0.0812897	0.4877382
47.2660828	122.9509506	0.0812897	0.8593482
49.0498085	122.9509506	0.3251588	1.0335405
50.8335381	122.9509506	0.4993510	0.6967688
52.6172676	122.9509506	0.5690278	0.6154791
54.4009972	122.9509506	0.1509666	0.4877382
56.1847229	122.9509506	0.0580641	0.8128970
57.9684486	122.9509506	0.0116128	0.8245098
59.7521782	122.9509506	0.0348384	0.3019332
61.5359077	122.9509506	-0.0232256	0.3599972
63.3196297	122.9509506	0.0464513	0.0929025
65.1033630	122.9509506	0.0116128	0.1741922
66.8870850	122.9509506	-0.0232256	0.7083817
68.6708145	122.9509506	0.0000000	0.0000000
70.4545441	122.9509506	0.0000000	0.0000000
72.2382736	122.9509506	0.0000000	0.0000000
0.8891521	124.7346802	0.0000000	0.0000000
2.6728802	124.7346802	0.0116128	-0.4296741
4.4566083	124.7346802	0.0464513	-0.2670947
6.2403364	124.7346802	-0.4064485	-0.0929025
8.0240641	124.7346802	-0.1741922	0.1045153
9.8077927	124.7346802	-0.1045153	0.0464513
11.5915203	124.7346802	-0.1277409	0.0464513
13.3752489	124.7346802	-0.2438691	0.2206435
15.1589766	124.7346802	-0.1393538	0.4645126
16.9427032	124.7346802	-0.0464513	0.6387048
18.7264328	124.7346802	-0.1741922	0.2206435
20.5101604	124.7346802	-0.4993510	0.1277409
22.2938881	124.7346802	-0.5341894	0.1858050
24.0776157	124.7346802	0.0116128	0.0116128
25.8613453	124.7346802	0.1741922	-0.0580641
27.6450729	124.7346802	0.2322563	0.0232256
29.4288006	124.7346802	0.1045153	0.1045153
31.2125282	124.7346802	-0.0348384	0.2322563
32.9962578	124.7346802	-0.0232256	0.8477354
34.7799835	124.7346802	0.0000000	0.0696769
36.5637131	124.7346802	-0.0464513	-0.0232256
38.3474426	124.7346802	-0.3367716	0.2903203
40.1311722	124.7346802	-0.1045153	0.2554819
41.9148979	124.7346802	0.0000000	0.0580641
43.6986275	124.7346802	-0.5806407	0.0000000
45.4823532	124.7346802	0.2206434	0.5806407
47.2660828	124.7346802	0.1974178	0.6387048
49.0498085	124.7346802	0.0696769	0.6503175
50.8335381	124.7346802	0.5341894	0.7083817
52.6172676	124.7346802	0.6851560	0.6735432
54.4009972	124.7346802	0.5690278	0.5574151
56.1847229	124.7346802	0.5458022	0.7432201
57.9684486	124.7346802	0.4180613	0.7199945
59.7521782	124.7346802	-0.0232256	0.2554819
61.5359077	124.7346802	-0.1277409	0.3251588
63.3196297	124.7346802	0.0116128	0.4180613
65.1033630	124.7346802	0.0232256	0.3367716
66.8870850	124.7346802	-0.0580641	0.1393538
68.6708145	124.7346802	0.0000000	0.0000000
70.4545441	124.7346802	0.0000000	0.0000000
72.2382736	124.7346802	0.0000000	0.0000000
0.8891521	126.5184021	0.0000000	0.0000000
2.6728802	126.5184021	0.0348384	-0.1161281
4.4566083	126.5184021	0.0232256	-0.1161281
6.2403364	126.5184021	-0.0348384	-0.0696769
8.0240641	126.5184021	-0.2322563	0.1974178
9.8077927	126.5184021	-0.1509666	0.2090307
11.5915203	126.5184021	-0.1858050	0.0929025
13.3752489	126.5184021	-0.0929025	-0.0696769
15.1589766	126.5184021	-0.0929025	0.1393538
16.9427032	126.5184021	-0.0812897	0.3599972
18.7264328	126.5184021	-0.0580641	0.2903203
20.5101604	126.5184021	0.0116128	0.3832228
22.2938881	126.5184021	0.0000000	0.2554819
24.0776157	126.5184021	0.1509666	0.0464513
25.8613453	126.5184021	0.1858050	-0.0348384
27.6450729	126.5184021	0.0464513	0.0580641
29.4288006	126.5184021	0.0580641	0.0929025
31.2125282	126.5184021	-0.0812897	0.3367716
32.9962578	126.5184021	0.0580641	0.6735432
34.7799835	126.5184021	0.0929025	0.0348384
36.5637131	126.5184021	-0.0116128	-0.0464513
38.3474426	126.5184021	-0.2090306	0.3019332
40.1311722	126.5184021	-0.1393538	0.2206435
41.9148979	126.5184021	0.0116128	0.0929025
43.6986275	126.5184021	-0.5574150	0.0232256
45.4823532	126.5184021	0.0000000	0.2206435
47.2660828	126.5184021	0.1974178	0.6154791
49.0498085	126.5184021	0.0696769	0.0929025
50.8335381	126.5184021	0.2903203	0.8941867
52.6172676	126.5184021	0.6038663	0.7432201
54.4009972	126.5184021	0.7083816	0.6851560
56.1847229	126.5184021	0.2670947	0.7896714
57.9684486	126.5184021	0.0000000	0.0000000
59.7521782	126.5184021	0.1509666	0.7316073
61.5359077	126.5184021	0.0812897	0.6270919
63.3196297	126.5184021	-0.0464513	0.0929025
65.1033630	126.5184021	0.0348384	0.1625794
66.8870850	126.5184021	0.1277409	0.4412869
68.6708145	126.5184021	0.0000000	0.0000000
70.4545441	126.5184021	0.0232256	0.0000000
72.2382736	126.5184021	0.0580641	0.0116128
0.8891521	128.3021240	0.0000000	0.0000000
2.6728802	128.3021240	-0.0929025	-0.5922535
4.4566083	128.3021240	-0.0232256	-0.1161281
6.2403364	128.3021240	-0.2787075	-0.0580641
8.0240641	128.3021240	-0.0580641	0.0580641
9.8077927	128.3021240	-0.5574150	0.0348384
11.5915203	128.3021240	-0.1858050	0.0348384
13.3752489	128.3021240	-0.2206434	0.1393538
15.1589766	128.3021240	-0.1741922	0.2322563
16.9427032	128.3021240	-0.0116128	0.2438691
18.7264328	128.3021240	0.0000000	0.5225766
20.5101604	128.3021240	0.0348384	0.6270919
22.2938881	128.3021240	0.1625794	0.2903203
24.0776157	128.3021240	0.0464513	0.1045153
25.8613453	128.3021240	0.0929025	0.2090307
27.6450729	128.3021240	0.1625794	0.1858050
29.4288006	128.3021240	0.0812897	0.4761254
31.2125282	128.3021240	0.0580641	0.2787075
32.9962578	128.3021240	0.5109638	0.1161281
34.7799835	128.3021240	0.3483844	0.1741922
36.5637131	128.3021240	0.2322563	0.1045153
38.3474426	128.3021240	0.1161281	0.2206435
40.1311722	128.3021240	0.1741922	0.1161281
41.9148979	128.3021240	0.0116128	0.0580641
43.6986275	128.3021240	-0.4761253	0.0348384
45.4823532	128.3021240	-0.3251588	0.0116128
47.2660828	128.3021240	0.0000000	0.2322563
49.0498085	128.3021240	0.0464513	-0.0116128
50.8335381	128.3021240	0.0929025	-0.2206435
52.6172676	128.3021240	0.0000000	0.8361226
54.4009972	128.3021240	-0.0116128	0.7316073
56.1847229	128.3021240	0.1974178	0.8128970
57.9684486	128.3021240	0.4296741	0.8361226
59.7521782	128.3021240	0.0464513	0.7896714
61.5359077	128.3021240	-0.1509666	0.3832228
63.3196297	128.3021240	-0.0232256	0.0232256
65.1033630	128.3021240	0.0000000	0.0000000
66.8870850	128.3021240	0.1161281	0.4064485
68.6708145	128.3021240	0.0464513	0.6503175
70.4545441	128.3021240	0.0000000	0.0000000
72.2382736	128.3021240	0.0000000	0.0000000
0.8891521	130.0858612	0.0000000	0.0000000
2.6728802	130.0858612	-0.1509666	-0.4645126
4.4566083	130.0858612	-0.1625794	0.0116128
6.2403364	130.0858612	-0.1625794	0.0000000
8.0240641	130.0858612	-0.1741922	-0.0580641
9.8077927	130.0858612	-0.2670947	-0.1393538
11.5915203	130.0858612	-0.1741922	-0.1393538
13.3752489	130.0858612	-0.2438691	0.2206435
15.1589766	130.0858612	-0.2206434	0.3948357
16.9427032	130.0858612	-0.0696769	0.3019332
18.7264328	130.0858612	-0.0116128	0.3832228
20.5101604	130.0858612	0.0000000	0.6270919
22.2938881	130.0858612	-0.1277409	0.3832228
24.0776157	130.0858612	-0.1393538	0.3251588
25.8613453	130.0858612	0.0232256	0.3251588
27.6450729	130.0858612	0.3251588	0.3019332
29.4288006	130.0858612	0.0929025	0.5922535
31.2125282	130.0858612	0.1045153	0.5690279
32.9962578	130.0858612	0.2554819	0.4064485
34.7799835	130.0858612	0.4761253	0.2438691
36.5637131	130.0858612	0.3251588	0.2206435
38.3474426	130.0858612	0.2206434	0.5225766
40.1311722	130.0858612	0.2322563	0.1974178
41.9148979	130.0858612	0.2206434	-0.0929025
43.6986275	130.0858612	0.5690278	-0.0348384
45.4823532	130.0858612	0.4645125	-0.0812897
47.2660828	130.0858612	0.4528997	-0.0116128
49.0498085	130.0858612	0.1858050	-0.0464513
50.8335381	130.0858612	0.1974178	-0.0232256
52.6172676	130.0858612	0.2090306	0.9754764
54.4009972	130.0858612	0.2554819	1.2193455
56.1847229	130.0858612	0.2670947	1.1961198
57.9684486	130.0858612	0.4296741	0.9406379
59.7521782	130.0858612	0.1858050	0.8477354
61.5359077	130.0858612	0.0464513	0.2206435
63.3196297	130.0858612	-0.0232256	0.1393538
65.1033630	130.0858612	-0.0116128	0.1045153
66.8870850	130.0858612	-0.0116128	0.7199945
68.6708145	130.0858612	0.0464513	0.8941867
70.4545441	130.0858612	0.0000000	0.0000000
72.2382736	130.0858612	0.0000000	0.0000000
0.8891521	131.8695831	0.0000000	0.0000000
2.6728802	131.8695831	-0.1974178	-0.1277409
4.4566083	131.8695831	-0.1741922	0.0000000
6.2403364	131.8695831	-0.1741922	-0.0232256
8.0240641	131.8695831	-0.3367716	-0.0348384
9.8077927	131.8695831	-0.4412869	-0.0464513
11.5915203	131.8695831	-0.4180613	-0.1625794
13.3752489	131.8695831	-0.3135459	-0.0929025
15.1589766	131.8695831	-0.1161281	0.5225766
16.9427032	131.8695831	-0.0116128	0.3251588
18.7264328	131.8695831	0.0232256	0.1161281
20.5101604	131.8695831	0.1393538	0.4877382
22.2938881	131.8695831	-0.3716100	0.3019332
24.0776157	131.8695831	-0.1974178	0.4064485
25.8613453	131.8695831	-0.1045153	0.3367716
27.6450729	131.8695831	-0.0580641	0.4761254
29.4288006	131.8695831	-0.0348384	0.4528998
31.2125282	131.8695831	0.0116128	0.3948357
32.9962578	131.8695831	0.1625794	0.4064485
34.7799835	131.8695831	0.4296741	0.5458022
36.5637131	131.8695831	0.2322563	0.5225766
38.3474426	131.8695831	0.4296741	0.7548329
40.1311722	131.8695831	0.2322563	0.1045153
41.9148979	131.8695831	0.2206434	-0.0116128
43.6986275	131.8695831	0.3367716	0.0116128
45.4823532	131.8695831	0.5225766	0.1277409
47.2660828	131.8695831	0.6387047	-0.0348384
49.0498085	131.8695831	0.5922534	-0.0580641
50.8335381	131.8695831	0.2322563	0.1161281
52.6172676	131.8695831	0.0929025	0.4528998
54.4009972	131.8695831	0.1858050	0.9754764
56.1847229	131.8695831	0.4412869	0.9522507
57.9684486	131.8695831	0.2090306	1.1496686
59.7521782	131.8695831	0.2206434	1.0335405
61.5359077	131.8695831	0.0929025	0.4180613
63.3196297	131.8695831	0.0000000	0.1625794
65.1033630	131.8695831	0.0000000	0.1974178
66.8870850	131.8695831	-0.1045153	0.8361226
68.6708145	131.8695831	0.0000000	0.0000000
70.4545441	131.8695831	0.0000000	0.0000000
72.2382736	131.8695831	0.0000000	0.0000000
0.8891521	133.6533203	0.0000000	0.0000000
2.6728802	133.6533203	-0.1974178	0.0232256
4.4566083	133.6533203	-0.5922534	0.0580641
6.2403364	133.6533203	-0.6270919	0.0000000
8.0240641	133.6533203	-0.5225766	-0.1045153
9.8077927	133.6533203	-0.3832228	-0.2090307
11.5915203	133.6533203	-0.1974178	-0.1858050
13.3752489	133.6533203	-0.2322563	-0.2322563
15.1589766	133.6533203	-0.0812897	-0.0696769
16.9427032	133.6533203	0.0696769	0.0929025
18.7264328	133.6533203	0.0348384	0.1277409
20.5101604	133.6533203	-0.0464513	0.4645126
22.2938881	133.6533203	-0.1741922	0.3832228
24.0776157	133.6533203	-0.1045153	0.5341895
25.8613453	133.6533203	-0.0812897	0.5690279
27.6450729	133.6533203	-0.0464513	0.4528998
29.4288006	133.6533203	-0.1277409	0.1509666
31.2125282	133.6533203	-0.0812897	0.0812897
32.9962578	133.6533203	0.0929025	0.3135460
34.7799835	133.6533203	0.0464513	0.5109638
36.5637131	133.6533203	-0.0232256	0.4877382
38.3474426	133.6533203	0.2090306	0.6735432
40.1311722	133.6533203	0.5341894	0.1974178
41.9148979	133.6533203	0.2438691	0.0812897
43.6986275	133.6533203	0.2903203	0.0812897
45.4823532	133.6533203	0.5225766	0.0464513
47.2660828	133.6533203	0.6038663	0.0696769
49.0498085	133.6533203	0.4296741	0.0348384
50.8335381	133.6533203	0.2206434	0.1974178
52.6172676	133.6533203	0.1277409	0.7083817
54.4009972	133.6533203	-0.3483844	1.1612813
56.1847229	133.6533203	-0.1045153	1.1264429
57.9684486	133.6533203	0.1858050	0.8245098
59.7521782	133.6533203	0.1858050	0.8825738
61.5359077	133.6533203	0.1277409	0.8709611
63.3196297	133.6533203	0.0580641	0.4645126
65.1033630	133.6533203	0.0696769	0.3251588
66.8870850	133.6533203	0.0580641	0.6619304
68.6708145	133.6533203	0.0000000	0.0000000
70.4545441	133.6533203	0.0000000	0.0000000
72.2382736	133.6533203	0.0000000	0.0000000
0.8891521	135.4370422	0.0000000	0.0000000
2.6728802	135.4370422	0.0000000	0.0000000
4.4566083	135.4370422	-0.7083816	0.0580641
6.2403364	135.4370422	-0.4528997	0.0000000
8.0240641	135.4370422	-0.4645125	-0.0580641
9.8077927	135.4370422	-0.1045153	-0.2670947
11.5915203	135.4370422	-0.0696769	-0.3135460
13.3752489	135.4370422	-0.1741922	-0.3367716
15.1589766	135.4370422	-0.1509666	-0.2787075
16.9427032	135.4370422	0.0000000	0.0348384
18.7264328	135.4370422	-0.0464513	0.4412869
20.5101604	135.4370422	0.0696769	0.5225766
22.2938881	135.4370422	0.0696769	0.5341895
24.0776157	135.4370422	0.1045153	0.4877382
25.8613453	135.4370422	-0.0464513	0.6154791
27.6450729	135.4370422	-0.0929025	0.6038663
29.4288006	135.4370422	-0.3716100	0.3832228
31.2125282	135.4370422	-0.2090306	0.1858050
32.9962578	135.4370422	-0.0929025	0.3483844
34.7799835	135.4370422	-0.1161281	0.2322563
36.5637131	135.4370422	-0.0232256	0.5225766
38.3474426	135.4370422	0.2090306	0.5458022
40.1311722	135.4370422	0.5109638	0.2554819
41.9148979	135.4370422	0.1509666	0.2670947
43.6986275	135.4370422	0.0580641	0.0580641
45.4823532	135.4370422	0.1741922	0.0929025
47.2660828	135.4370422	0.0696769	0.0232256
49.0498085	135.4370422	0.1277409	0.1277409
50.8335381	135.4370422	0.1045153	0.4180613
52.6172676	135.4370422	0.0580641	0.8941867
54.4009972	135.4370422	0.0348384	0.8825738
56.1847229	135.4370422	0.0580641	0.7432201
57.9684486	135.4370422	0.2322563	0.7896714
59.7521782	135.4370422	0.1509666	0.7316073
61.5359077	135.4370422	0.1625794	0.5690279
63.3196297	135.4370422	0.1509666	0.1974178
65.1033630	135.4370422	0.0812897	0.2903203
66.8870850	135.4370422	0.0464513	0.1161281
68.6708145	135.4370422	0.0464513	0.7664457
70.4545441	135.4370422	0.0000000	0.0000000
72.2382736	135.4370422	0.0000000	0.0000000
0.8891521	137.2207642	0.0000000	0.0000000
2.6728802	137.2207642	0.0000000	0.0000000
4.4566083	137.2207642	-0.1509666	-0.0464513
6.2403364	137.2207642	-0.1393538	-0.2206435
8.0240641	137.2207642	-0.0812897	-0.2903203
9.8077927	137.2207642	-0.0580641	-0.3832228
11.5915203	137.2207642	-0.2206434	-0.1858050
13.3752489	137.2207642	-0.2206434	-0.1625794
15.1589766	137.2207642	-0.2670947	-0.1974178
16.9427032	137.2207642	-0.1974178	0.0464513
18.7264328	137.2207642	-0.0812897	0.2787075
20.5101604	137.2207642	-0.0812897	0.2787075
22.2938881	137.2207642	-0.0348384	0.3832228
24.0776157	137.2207642	0.0812897	0.6387048
25.8613453	137.2207642	-0.0929025	0.7083817
27.6450729	137.2207642	-0.1741922	0.6619304
29.4288006	137.2207642	-0.1045153	0.6154791
31.2125282	137.2207642	-0.0929025	0.3948357
32.9962578	137.2207642	-0.1858050	0.6038663
34.7799835	137.2207642	-0.0464513	0.5574151
36.5637131	137.2207642	-0.0348384	0.6038663
38.3474426	137.2207642	0.0812897	0.3599972
40.1311722	137.2207642	0.2554819	0.1625794
41.9148979	137.2207642	0.1045153	0.4412869
43.6986275	137.2207642	-0.4412869	-0.0929025
45.4823532	137.2207642	-0.4064485	-0.1509666
47.2660828	137.2207642	-0.0929025	0.1393538
49.0498085	137.2207642	-0.0812897	0.0929025
50.8335381	137.2207642	0.0580641	0.5574151
52.6172676	137.2207642	-0.0348384	0.6387048
54.4009972	137.2207642	0.0232256	0.7199945
56.1847229	137.2207642	0.0116128	0.4528998
57.9684486	137.2207642	0.0464513	0.7083817
59.7521782	137.2207642	0.0580641	0.4761254
61.5359077	137.2207642	0.1161281	0.1277409
63.3196297	137.2207642	0.0464513	0.4064485
65.1033630	137.2207642	0.0232256	0.3716100
66.8870850	137.2207642	0.0116128	0.5922535
68.6708145	137.2207642	-0.0232256	1.1148301
70.4545441	137.2207642	0.0000000	0.0000000
72.2382736	137.2207642	0.0000000	0.0000000
0.8891521	139.0045013	0.0000000	0.0000000
2.6728802	139.0045013	-0.0464513	-0.0464513
4.4566083	139.0045013	-0.0696769	-0.0232256
6.2403364	139.0045013	0.0232256	-0.5574151
8.0240641	139.0045013	0.1161281	-0.5690279
9.8077927	139.0045013	0.0348384	-0.3483844
11.5915203	139.0045013	-0.0464513	-0.1045153
13.3752489	139.0045013	-0.2787075	-0.0929025
15.1589766	139.0045013	-0.1974178	-0.0116128
16.9427032	139.0045013	-0.3832228	0.3019332
18.7264328	139.0045013	-0.1741922	0.5225766
20.5101604	139.0045013	-0.0929025	0.6619304
22.2938881	139.0045013	-0.0580641	0.6154791
24.0776157	139.0045013	0.0696769	0.5806407
25.8613453	139.0045013	0.0000000	0.7083817
27.6450729	139.0045013	-0.0812897	0.6038663
29.4288006	139.0045013	-0.1277409	0.1393538
31.2125282	139.0045013	-0.1277409	0.3716100
32.9962578	139.0045013	-0.2090306	0.4064485
34.7799835	139.0045013	-0.0464513	0.8361226
36.5637131	139.0045013	0.0116128	0.7199945
38.3474426	139.0045013	0.0348384	0.4993510
40.1311722	139.0045013	0.2206434	0.6735432
41.9148979	139.0045013	0.0580641	0.4180613
43.6986275	139.0045013	-0.5806407	-0.0580641
45.4823532	139.0045013	-0.6038663	-0.0116128
47.2660828	139.0045013	-0.2206434	-0.1045153
49.0498085	139.0045013	-0.1625794	0.0000000
50.8335381	139.0045013	0.0696769	0.5109638
52.6172676	139.0045013	0.0232256	0.3832228
54.4009972	139.0045013	0.0812897	0.5341895
56.1847229	139.0045013	0.0812897	0.5109638
57.9684486	139.0045013	-0.1045153	0.3367716
59.7521782	139.0045013	0.0000000	0.1393538
61.5359077	139.0045013	0.1741922	0.1625794
63.3196297	139.0045013	-0.0348384	0.4993510
65.1033630	139.0045013	-0.0232256	0.3135460
66.8870850	139.0045013	-0.0348384	0.2322563
68.6708145	139.0045013	0.0464513	0.8128970
70.4545441	139.0045013	0.0000000	0.0000000
72.2382736	139.0045013	0.0000000	0.0000000
