0.8891521	65.8891525	0.0000000	0.0000000
2.6728802	65.8891525	0.0000000	0.0000000
4.4566083	65.8891525	0.0000000	0.0000000
6.2403364	65.8891525	0.0000000	0.0000000
8.0240641	65.8891525	0.0000000	0.0000000
9.8077927	65.8891525	0.5109638	0.8012841
11.5915203	65.8891525	0.0000000	0.0000000
13.3752489	65.8891525	0.0464513	-0.2090307
15.1589766	65.8891525	0.0696769	-0.1625794
16.9427032	65.8891525	0.2090306	-0.1277409
18.7264328	65.8891525	0.0929025	-0.0232256
20.5101604	65.8891525	0.0000000	0.0000000
22.2938881	65.8891525	1.0335404	0.6851560
24.0776157	65.8891525	0.0000000	0.0000000
25.8613453	65.8891525	0.0000000	0.0000000
27.6450729	65.8891525	0.0000000	0.0000000
29.4288006	65.8891525	0.0000000	0.0000000
31.2125282	65.8891525	0.0000000	0.0000000
32.9962578	65.8891525	0.0000000	0.0000000
34.7799835	65.8891525	0.0000000	0.0000000
36.5637131	65.8891525	0.0000000	0.0000000
38.3474426	65.8891525	0.0000000	0.0000000
40.1311722	65.8891525	-0.7432200	1.4167633
41.9148979	65.8891525	0.0000000	0.0000000
43.6986275	65.8891525	-0.5458022	1.7535349
45.4823532	65.8891525	0.0000000	0.0000000
47.2660828	65.8891525	0.0000000	0.0000000
49.0498085	65.8891525	-1.1032172	1.6025683
50.8335381	65.8891525	-0.8361225	2.6012702
52.6172676	65.8891525	-1.5212785	3.0541701
54.4009972	65.8891525	-0.9754763	3.0193317
56.1847229	65.8891525	-1.1845069	3.4606185
57.9684486	65.8891525	-1.1612813	3.7044876
59.7521782	65.8891525	0.0000000	0.0000000
61.5359077	65.8891525	0.0000000	0.0000000
63.3196297	65.8891525	-0.1045153	3.8090029
65.1033630	65.8891525	-0.0812897	3.9019055
66.8870850	65.8891525	0.0000000	0.0000000
68.6708145	65.8891525	0.0000000	0.0000000
70.4545441	65.8891525	0.0000000	0.0000000
72.2382736	65.8891525	0.0000000	0.0000000
0.8891521	67.6728821	0.0000000	0.0000000
2.6728802	67.6728821	0.0000000	0.0000000
4.4566083	67.6728821	-0.0116128	0.6967688
6.2403364	67.6728821	0.0000000	0.0000000
8.0240641	67.6728821	0.6967688	1.7070837
9.8077927	67.6728821	0.0000000	0.0000000
11.5915203	67.6728821	0.1509666	0.4993510
13.3752489	67.6728821	0.1045153	0.2206435
15.1589766	67.6728821	0.2438691	0.0812897
16.9427032	67.6728821	0.1161281	0.1625794
18.7264328	67.6728821	1.2890222	1.6141812
20.5101604	67.6728821	0.0000000	0.0000000
22.2938881	67.6728821	0.0000000	0.0000000
24.0776157	67.6728821	0.0000000	0.0000000
25.8613453	67.6728821	0.0000000	0.0000000
27.6450729	67.6728821	0.0000000	0.0000000
29.4288006	67.6728821	0.0000000	0.0000000
31.2125282	67.6728821	0.0000000	0.0000000
32.9962578	67.6728821	0.0000000	0.0000000
34.7799835	67.6728821	0.0000000	0.0000000
36.5637131	67.6728821	0.0000000	0.0000000
38.3474426	67.6728821	0.0000000	0.0000000
40.1311722	67.6728821	0.0000000	0.0000000
41.9148979	67.6728821	0.0000000	0.0000000
43.6986275	67.6728821	-0.2903203	1.9974040
45.4823532	67.6728821	0.0000000	0.0000000
47.2660828	67.6728821	0.0000000	0.0000000
49.0498085	67.6728821	0.0000000	0.0000000
50.8335381	67.6728821	0.0000000	0.0000000
52.6172676	67.6728821	-1.2193453	3.7044876
54.4009972	67.6728821	0.0000000	0.0000000
56.1847229	67.6728821	0.0000000	0.0000000
57.9684486	67.6728821	-0.6735432	3.5070698
59.7521782	67.6728821	-0.0696769	3.7161005
61.5359077	67.6728821	-0.1858050	3.8902926
63.3196297	67.6728821	0.0000000	0.0000000
65.1033630	67.6728821	0.0000000	0.0000000
66.8870850	67.6728821	0.0000000	0.0000000
68.6708145	67.6728821	0.0000000	0.0000000
70.4545441	67.6728821	0.0000000	0.0000000
72.2382736	67.6728821	0.0000000	0.0000000
0.8891521	69.4566040	0.0000000	0.0000000
2.6728802	69.4566040	0.0116128	1.0799917
4.4566083	69.4566040	-0.0696769	1.2541839
6.2403364	69.4566040	0.1161281	1.3703121
8.0240641	69.4566040	0.2438691	2.0322425
9.8077927	69.4566040	0.2670947	2.1483705
11.5915203	69.4566040	0.4180613	1.4167633
13.3752489	69.4566040	0.1741922	0.5922535
15.1589766	69.4566040	0.0000000	0.0000000
16.9427032	69.4566040	0.0000000	0.0000000
18.7264328	69.4566040	0.6619303	1.3354737
20.5101604	69.4566040	0.0000000	0.0000000
22.2938881	69.4566040	0.0000000	0.0000000
24.0776157	69.4566040	0.0000000	0.0000000
25.8613453	69.4566040	0.0000000	0.0000000
27.6450729	69.4566040	0.0000000	0.0000000
29.4288006	69.4566040	0.0000000	0.0000000
31.2125282	69.4566040	0.0000000	0.0000000
32.9962578	69.4566040	0.0000000	0.0000000
34.7799835	69.4566040	0.0000000	0.0000000
36.5637131	69.4566040	0.0000000	0.0000000
38.3474426	69.4566040	0.0000000	0.0000000
40.1311722	69.4566040	-0.4877381	2.3225627
41.9148979	69.4566040	-0.4877381	2.3225627
43.6986275	69.4566040	0.0000000	0.0000000
45.4823532	69.4566040	0.0000000	0.0000000
47.2660828	69.4566040	0.0000000	0.0000000
49.0498085	69.4566040	0.0000000	0.0000000
50.8335381	69.4566040	0.0000000	0.0000000
52.6172676	69.4566040	0.0000000	0.0000000
54.4009972	69.4566040	0.0000000	0.0000000
56.1847229	69.4566040	0.0000000	0.0000000
57.9684486	69.4566040	0.0000000	0.0000000
59.7521782	69.4566040	0.0000000	0.0000000
61.5359077	69.4566040	0.0000000	0.0000000
63.3196297	69.4566040	-0.3135459	3.9367440
65.1033630	69.4566040	0.0000000	0.0000000
66.8870850	69.4566040	0.0000000	0.0000000
68.6708145	69.4566040	0.0000000	0.0000000
70.4545441	69.4566040	0.0000000	0.0000000
72.2382736	69.4566040	0.0000000	0.0000000
0.8891521	71.2403336	0.0000000	0.0000000
2.6728802	71.2403336	-0.0116128	1.8348246
4.4566083	71.2403336	-0.0116128	1.4980530
6.2403364	71.2403336	-0.0116128	1.7186965
8.0240641	71.2403336	0.2090306	1.6606324
9.8077927	71.2403336	0.1625794	1.3703121
11.5915203	71.2403336	0.5458022	1.4051505
13.3752489	71.2403336	0.0000000	0.0000000
15.1589766	71.2403336	0.3367716	1.5793427
16.9427032	71.2403336	0.8012841	1.5909555
18.7264328	71.2403336	0.6735432	0.7316073
20.5101604	71.2403336	1.3006351	1.5212786
22.2938881	71.2403336	0.0000000	0.0000000
24.0776157	71.2403336	0.0000000	0.0000000
25.8613453	71.2403336	0.0000000	0.0000000
27.6450729	71.2403336	0.0000000	0.0000000
29.4288006	71.2403336	0.0000000	0.0000000
31.2125282	71.2403336	0.0000000	0.0000000
32.9962578	71.2403336	0.0000000	0.0000000
34.7799835	71.2403336	0.0000000	0.0000000
36.5637131	71.2403336	0.0000000	0.0000000
38.3474426	71.2403336	0.0000000	0.0000000
40.1311722	71.2403336	-0.4993510	2.1367579
41.9148979	71.2403336	0.0000000	0.0000000
43.6986275	71.2403336	0.0000000	0.0000000
45.4823532	71.2403336	-0.3832228	1.6025683
47.2660828	71.2403336	0.0000000	0.0000000
49.0498085	71.2403336	0.0000000	0.0000000
50.8335381	71.2403336	0.0000000	0.0000000
52.6172676	71.2403336	0.0000000	0.0000000
54.4009972	71.2403336	0.0000000	0.0000000
56.1847229	71.2403336	0.0000000	0.0000000
57.9684486	71.2403336	0.0000000	0.0000000
59.7521782	71.2403336	0.0000000	0.0000000
61.5359077	71.2403336	0.0000000	0.0000000
63.3196297	71.2403336	0.0000000	0.0000000
65.1033630	71.2403336	0.0000000	0.0000000
66.8870850	71.2403336	0.0000000	0.0000000
68.6708145	71.2403336	0.0000000	0.0000000
70.4545441	71.2403336	0.0000000	0.0000000
72.2382736	71.2403336	0.0000000	0.0000000
0.8891521	73.0240631	0.0000000	0.0000000
2.6728802	73.0240631	0.0000000	0.0000000
4.4566083	73.0240631	0.0348384	1.6374067
6.2403364	73.0240631	0.0464513	1.7999861
8.0240641	73.0240631	0.0000000	0.0000000
9.8077927	73.0240631	0.5341894	1.9393399
11.5915203	73.0240631	0.0000000	0.0000000
13.3752489	73.0240631	0.0000000	0.0000000
15.1589766	73.0240631	0.0000000	0.0000000
16.9427032	73.0240631	0.0000000	0.0000000
18.7264328	73.0240631	0.0000000	0.0000000
20.5101604	73.0240631	0.0000000	0.0000000
22.2938881	73.0240631	0.0000000	0.0000000
24.0776157	73.0240631	0.0000000	0.0000000
25.8613453	73.0240631	0.0000000	0.0000000
27.6450729	73.0240631	0.0000000	0.0000000
29.4288006	73.0240631	0.0000000	0.0000000
31.2125282	73.0240631	0.0000000	0.0000000
32.9962578	73.0240631	0.0000000	0.0000000
34.7799835	73.0240631	0.0000000	0.0000000
36.5637131	73.0240631	0.0000000	0.0000000
38.3474426	73.0240631	0.0000000	0.0000000
40.1311722	73.0240631	0.0000000	0.0000000
41.9148979	73.0240631	0.0000000	0.0000000
43.6986275	73.0240631	0.0000000	0.0000000
45.4823532	73.0240631	0.0000000	0.0000000
47.2660828	73.0240631	0.0000000	0.0000000
49.0498085	73.0240631	0.0000000	0.0000000
50.8335381	73.0240631	0.0000000	0.0000000
52.6172676	73.0240631	0.0000000	0.0000000
54.4009972	73.0240631	0.0000000	0.0000000
56.1847229	73.0240631	0.0000000	0.0000000
57.9684486	73.0240631	0.0000000	0.0000000
59.7521782	73.0240631	0.0000000	0.0000000
61.5359077	73.0240631	0.0000000	0.0000000
63.3196297	73.0240631	0.0000000	0.0000000
65.1033630	73.0240631	0.0000000	0.0000000
66.8870850	73.0240631	0.0000000	0.0000000
68.6708145	73.0240631	0.0000000	0.0000000
70.4545441	73.0240631	0.0000000	0.0000000
72.2382736	73.0240631	0.0000000	0.0000000
0.8891521	74.8077927	0.0000000	0.0000000
2.6728802	74.8077927	0.0000000	0.0000000
4.4566083	74.8077927	0.0000000	0.0000000
6.2403364	74.8077927	0.0464513	2.0786936
8.0240641	74.8077927	0.0580641	1.9857912
9.8077927	74.8077927	0.0000000	0.0000000
11.5915203	74.8077927	0.0000000	0.0000000
13.3752489	74.8077927	0.0000000	0.0000000
15.1589766	74.8077927	0.0000000	0.0000000
16.9427032	74.8077927	0.0000000	0.0000000
18.7264328	74.8077927	0.0000000	0.0000000
20.5101604	74.8077927	0.0000000	0.0000000
22.2938881	74.8077927	0.0000000	0.0000000
24.0776157	74.8077927	0.0000000	0.0000000
25.8613453	74.8077927	0.0000000	0.0000000
27.6450729	74.8077927	0.0000000	0.0000000
29.4288006	74.8077927	0.0000000	0.0000000
31.2125282	74.8077927	0.0000000	0.0000000
32.9962578	74.8077927	0.0000000	0.0000000
34.7799835	74.8077927	0.0000000	0.0000000
36.5637131	74.8077927	0.0000000	0.0000000
38.3474426	74.8077927	0.0000000	0.0000000
40.1311722	74.8077927	0.0000000	0.0000000
41.9148979	74.8077927	-0.2206434	2.9961059
43.6986275	74.8077927	0.0000000	0.0000000
45.4823532	74.8077927	0.0000000	0.0000000
47.2660828	74.8077927	0.0000000	0.0000000
49.0498085	74.8077927	0.0000000	0.0000000
50.8335381	74.8077927	0.0000000	0.0000000
52.6172676	74.8077927	0.0000000	0.0000000
54.4009972	74.8077927	0.0000000	0.0000000
56.1847229	74.8077927	0.0000000	0.0000000
57.9684486	74.8077927	0.0000000	0.0000000
59.7521782	74.8077927	0.0000000	0.0000000
61.5359077	74.8077927	0.0000000	0.0000000
63.3196297	74.8077927	0.0000000	0.0000000
65.1033630	74.8077927	0.0000000	0.0000000
66.8870850	74.8077927	0.0000000	0.0000000
68.6708145	74.8077927	0.0000000	0.0000000
70.4545441	74.8077927	0.0000000	0.0000000
72.2382736	74.8077927	0.0000000	0.0000000
0.8891521	76.5915222	0.0000000	0.0000000
2.6728802	76.5915222	0.0000000	0.0000000
4.4566083	76.5915222	-0.0464513	2.5896575
6.2403364	76.5915222	0.0000000	0.0000000
8.0240641	76.5915222	0.0000000	0.0000000
9.8077927	76.5915222	0.0000000	0.0000000
11.5915203	76.5915222	0.0000000	0.0000000
13.3752489	76.5915222	0.0000000	0.0000000
15.1589766	76.5915222	0.0000000	0.0000000
16.9427032	76.5915222	0.0000000	0.0000000
18.7264328	76.5915222	0.0000000	0.0000000
20.5101604	76.5915222	0.0000000	0.0000000
22.2938881	76.5915222	0.0000000	0.0000000
24.0776157	76.5915222	0.0000000	0.0000000
25.8613453	76.5915222	0.0000000	0.0000000
27.6450729	76.5915222	0.0000000	0.0000000
29.4288006	76.5915222	0.0000000	0.0000000
31.2125282	76.5915222	0.0000000	0.0000000
32.9962578	76.5915222	0.0000000	0.0000000
34.7799835	76.5915222	0.0000000	0.0000000
36.5637131	76.5915222	0.0000000	0.0000000
38.3474426	76.5915222	0.0000000	0.0000000
40.1311722	76.5915222	0.0000000	0.0000000
41.9148979	76.5915222	-0.2670947	2.9961059
43.6986275	76.5915222	0.0000000	0.0000000
45.4823532	76.5915222	0.0000000	0.0000000
47.2660828	76.5915222	0.0000000	0.0000000
49.0498085	76.5915222	0.0000000	0.0000000
50.8335381	76.5915222	0.0000000	0.0000000
52.6172676	76.5915222	0.0000000	0.0000000
54.4009972	76.5915222	0.0000000	0.0000000
56.1847229	76.5915222	0.0000000	0.0000000
57.9684486	76.5915222	0.0000000	0.0000000
59.7521782	76.5915222	0.0000000	0.0000000
61.5359077	76.5915222	0.0000000	0.0000000
63.3196297	76.5915222	0.0000000	0.0000000
65.1033630	76.5915222	0.0000000	0.0000000
66.8870850	76.5915222	0.0000000	0.0000000
68.6708145	76.5915222	0.0000000	0.0000000
70.4545441	76.5915222	0.0000000	0.0000000
72.2382736	76.5915222	0.0000000	0.0000000
0.8891521	78.3752518	0.0000000	0.0000000
2.6728802	78.3752518	0.0000000	0.0000000
4.4566083	78.3752518	0.0000000	0.0000000
6.2403364	78.3752518	0.0000000	0.0000000
8.0240641	78.3752518	0.0000000	0.0000000
9.8077927	78.3752518	0.0000000	0.0000000
11.5915203	78.3752518	0.0000000	0.0000000
13.3752489	78.3752518	0.0000000	0.0000000
15.1589766	78.3752518	0.0000000	0.0000000
16.9427032	78.3752518	0.0000000	0.0000000
18.7264328	78.3752518	0.0000000	0.0000000
20.5101604	78.3752518	0.0000000	0.0000000
22.2938881	78.3752518	0.0000000	0.0000000
24.0776157	78.3752518	0.0000000	0.0000000
25.8613453	78.3752518	0.0000000	0.0000000
27.6450729	78.3752518	0.0000000	0.0000000
29.4288006	78.3752518	0.0000000	0.0000000
31.2125282	78.3752518	0.0000000	0.0000000
32.9962578	78.3752518	0.0000000	0.0000000
34.7799835	78.3752518	0.0000000	0.0000000
36.5637131	78.3752518	0.0000000	0.0000000
38.3474426	78.3752518	0.0000000	0.0000000
40.1311722	78.3752518	0.0000000	0.0000000
41.9148979	78.3752518	0.0000000	0.0000000
43.6986275	78.3752518	0.0000000	0.0000000
45.4823532	78.3752518	0.0000000	0.0000000
47.2660828	78.3752518	0.0000000	0.0000000
49.0498085	78.3752518	0.0000000	0.0000000
50.8335381	78.3752518	0.0000000	0.0000000
52.6172676	78.3752518	0.0000000	0.0000000
54.4009972	78.3752518	0.0000000	0.0000000
56.1847229	78.3752518	0.0000000	0.0000000
57.9684486	78.3752518	0.0000000	0.0000000
59.7521782	78.3752518	0.0000000	0.0000000
61.5359077	78.3752518	0.0000000	0.0000000
63.3196297	78.3752518	0.0000000	0.0000000
65.1033630	78.3752518	0.0000000	0.0000000
66.8870850	78.3752518	0.0000000	0.0000000
68.6708145	78.3752518	0.0000000	0.0000000
70.4545441	78.3752518	0.0000000	0.0000000
72.2382736	78.3752518	0.0000000	0.0000000
0.8891521	80.1589737	0.0000000	0.0000000
2.6728802	80.1589737	0.0000000	0.0000000
4.4566083	80.1589737	0.0000000	0.0000000
6.2403364	80.1589737	0.0000000	0.0000000
8.0240641	80.1589737	0.0000000	0.0000000
9.8077927	80.1589737	0.0000000	0.0000000
11.5915203	80.1589737	0.0000000	0.0000000
13.3752489	80.1589737	0.0000000	0.0000000
15.1589766	80.1589737	0.0000000	0.0000000
16.9427032	80.1589737	0.0000000	0.0000000
18.7264328	80.1589737	0.0000000	0.0000000
20.5101604	80.1589737	0.0000000	0.0000000
22.2938881	80.1589737	0.0000000	0.0000000
24.0776157	80.1589737	0.0000000	0.0000000
25.8613453	80.1589737	0.0000000	0.0000000
27.6450729	80.1589737	0.0000000	0.0000000
29.4288006	80.1589737	0.0000000	0.0000000
31.2125282	80.1589737	0.0000000	0.0000000
32.9962578	80.1589737	0.0000000	0.0000000
34.7799835	80.1589737	0.0000000	0.0000000
36.5637131	80.1589737	0.0000000	0.0000000
38.3474426	80.1589737	0.0000000	0.0000000
40.1311722	80.1589737	0.0000000	0.0000000
41.9148979	80.1589737	0.0000000	0.0000000
43.6986275	80.1589737	0.0000000	0.0000000
45.4823532	80.1589737	0.0000000	0.0000000
47.2660828	80.1589737	0.0000000	0.0000000
49.0498085	80.1589737	1.1148300	0.0116128
50.8335381	80.1589737	0.0000000	0.0000000
52.6172676	80.1589737	0.0000000	0.0000000
54.4009972	80.1589737	0.0000000	0.0000000
56.1847229	80.1589737	0.0000000	0.0000000
57.9684486	80.1589737	0.0000000	0.0000000
59.7521782	80.1589737	0.0000000	0.0000000
61.5359077	80.1589737	0.0000000	0.0000000
63.3196297	80.1589737	0.0000000	0.0000000
65.1033630	80.1589737	0.0000000	0.0000000
66.8870850	80.1589737	0.0000000	0.0000000
68.6708145	80.1589737	0.0000000	0.0000000
70.4545441	80.1589737	0.0000000	0.0000000
72.2382736	80.1589737	0.0000000	0.0000000
0.8891521	81.9427032	0.0000000	0.0000000
2.6728802	81.9427032	0.0000000	0.0000000
4.4566083	81.9427032	0.0000000	0.0000000
6.2403364	81.9427032	0.0000000	0.0000000
8.0240641	81.9427032	0.0000000	0.0000000
9.8077927	81.9427032	0.0000000	0.0000000
11.5915203	81.9427032	0.0000000	0.0000000
13.3752489	81.9427032	0.0000000	0.0000000
15.1589766	81.9427032	0.0000000	0.0000000
16.9427032	81.9427032	0.0000000	0.0000000
18.7264328	81.9427032	0.0000000	0.0000000
20.5101604	81.9427032	0.0000000	0.0000000
22.2938881	81.9427032	0.0000000	0.0000000
24.0776157	81.9427032	0.0000000	0.0000000
25.8613453	81.9427032	0.0000000	0.0000000
27.6450729	81.9427032	0.0000000	0.0000000
29.4288006	81.9427032	0.0000000	0.0000000
31.2125282	81.9427032	0.0000000	0.0000000
32.9962578	81.9427032	0.0000000	0.0000000
34.7799835	81.9427032	0.0000000	0.0000000
36.5637131	81.9427032	0.0000000	0.0000000
38.3474426	81.9427032	0.0000000	0.0000000
40.1311722	81.9427032	0.0000000	0.0000000
41.9148979	81.9427032	0.0000000	0.0000000
43.6986275	81.9427032	0.0000000	0.0000000
45.4823532	81.9427032	0.0000000	0.0000000
47.2660828	81.9427032	0.0000000	0.0000000
49.0498085	81.9427032	0.0000000	0.0000000
50.8335381	81.9427032	0.0000000	0.0000000
52.6172676	81.9427032	0.0000000	0.0000000
54.4009972	81.9427032	0.0000000	0.0000000
56.1847229	81.9427032	0.0000000	0.0000000
57.9684486	81.9427032	0.0000000	0.0000000
59.7521782	81.9427032	0.0000000	0.0000000
61.5359077	81.9427032	0.0000000	0.0000000
63.3196297	81.9427032	0.0000000	0.0000000
65.1033630	81.9427032	0.0000000	0.0000000
66.8870850	81.9427032	0.0000000	0.0000000
68.6708145	81.9427032	0.0000000	0.0000000
70.4545441	81.9427032	0.0000000	0.0000000
72.2382736	81.9427032	0.0000000	0.0000000
0.8891521	83.7264252	0.0000000	0.0000000
2.6728802	83.7264252	0.0000000	0.0000000
4.4566083	83.7264252	0.0000000	0.0000000
6.2403364	83.7264252	0.0000000	0.0000000
8.0240641	83.7264252	0.0000000	0.0000000
9.8077927	83.7264252	0.0000000	0.0000000
11.5915203	83.7264252	0.0000000	0.0000000
13.3752489	83.7264252	0.0000000	0.0000000
15.1589766	83.7264252	0.0000000	0.0000000
16.9427032	83.7264252	0.0000000	0.0000000
18.7264328	83.7264252	0.0000000	0.0000000
20.5101604	83.7264252	0.0000000	0.0000000
22.2938881	83.7264252	0.0000000	0.0000000
24.0776157	83.7264252	0.0000000	0.0000000
25.8613453	83.7264252	0.0000000	0.0000000
27.6450729	83.7264252	0.0000000	0.0000000
29.4288006	83.7264252	0.0000000	0.0000000
31.2125282	83.7264252	0.0000000	0.0000000
32.9962578	83.7264252	0.0000000	0.0000000
34.7799835	83.7264252	0.0000000	0.0000000
36.5637131	83.7264252	0.0000000	0.0000000
38.3474426	83.7264252	0.0000000	0.0000000
40.1311722	83.7264252	0.0000000	0.0000000
41.9148979	83.7264252	0.0000000	0.0000000
43.6986275	83.7264252	0.0000000	0.0000000
45.4823532	83.7264252	0.0000000	0.0000000
47.2660828	83.7264252	0.0000000	0.0000000
49.0498085	83.7264252	0.0000000	0.0000000
50.8335381	83.7264252	0.0000000	0.0000000
52.6172676	83.7264252	0.0000000	0.0000000
54.4009972	83.7264252	0.0000000	0.0000000
56.1847229	83.7264252	0.0000000	0.0000000
57.9684486	83.7264252	0.0000000	0.0000000
59.7521782	83.7264252	0.0000000	0.0000000
61.5359077	83.7264252	0.0000000	0.0000000
63.3196297	83.7264252	0.0000000	0.0000000
65.1033630	83.7264252	0.0000000	0.0000000
66.8870850	83.7264252	0.0000000	0.0000000
68.6708145	83.7264252	0.0000000	0.0000000
70.4545441	83.7264252	0.0000000	0.0000000
72.2382736	83.7264252	0.0000000	0.0000000
0.8891521	85.5101547	0.0000000	0.0000000
2.6728802	85.5101547	0.0000000	0.0000000
4.4566083	85.5101547	0.0000000	0.0000000
6.2403364	85.5101547	0.0000000	0.0000000
8.0240641	85.5101547	0.0000000	0.0000000
9.8077927	85.5101547	0.0000000	0.0000000
11.5915203	85.5101547	0.0000000	0.0000000
13.3752489	85.5101547	0.0000000	0.0000000
15.1589766	85.5101547	0.0000000	0.0000000
16.9427032	85.5101547	0.0000000	0.0000000
18.7264328	85.5101547	0.0000000	0.0000000
20.5101604	85.5101547	0.0000000	0.0000000
22.2938881	85.5101547	1.0799916	0.0000000
24.0776157	85.5101547	0.0000000	0.0000000
25.8613453	85.5101547	0.0000000	0.0000000
27.6450729	85.5101547	0.0000000	0.0000000
29.4288006	85.5101547	0.0000000	0.0000000
31.2125282	85.5101547	0.0000000	0.0000000
32.9962578	85.5101547	0.0000000	0.0000000
34.7799835	85.5101547	0.0000000	0.0000000
36.5637131	85.5101547	0.0000000	0.0000000
38.3474426	85.5101547	1.7535348	0.0000000
40.1311722	85.5101547	0.0000000	0.0000000
41.9148979	85.5101547	0.0000000	0.0000000
43.6986275	85.5101547	0.0000000	0.0000000
45.4823532	85.5101547	0.0000000	0.0000000
47.2660828	85.5101547	0.0000000	0.0000000
49.0498085	85.5101547	0.0000000	0.0000000
50.8335381	85.5101547	0.0000000	0.0000000
52.6172676	85.5101547	0.0000000	0.0000000
54.4009972	85.5101547	0.0000000	0.0000000
56.1847229	85.5101547	0.0000000	0.0000000
57.9684486	85.5101547	0.0000000	0.0000000
59.7521782	85.5101547	0.0000000	0.0000000
61.5359077	85.5101547	0.0000000	0.0000000
63.3196297	85.5101547	0.0000000	0.0000000
65.1033630	85.5101547	0.0000000	0.0000000
66.8870850	85.5101547	0.0000000	0.0000000
68.6708145	85.5101547	0.0000000	0.0000000
70.4545441	85.5101547	0.0000000	0.0000000
72.2382736	85.5101547	0.0000000	0.0000000
0.8891521	87.2938843	0.0000000	0.0000000
2.6728802	87.2938843	0.0000000	0.0000000
4.4566083	87.2938843	0.0000000	0.0000000
6.2403364	87.2938843	0.0000000	0.0000000
8.0240641	87.2938843	0.0000000	0.0000000
9.8077927	87.2938843	0.0000000	0.0000000
11.5915203	87.2938843	0.0000000	0.0000000
13.3752489	87.2938843	0.0000000	0.0000000
15.1589766	87.2938843	0.0000000	0.0000000
16.9427032	87.2938843	0.0000000	0.0000000
18.7264328	87.2938843	0.0000000	0.0000000
20.5101604	87.2938843	0.0000000	0.0000000
22.2938881	87.2938843	0.0000000	0.0000000
24.0776157	87.2938843	0.0000000	0.0000000
25.8613453	87.2938843	0.0000000	0.0000000
27.6450729	87.2938843	0.0000000	0.0000000
29.4288006	87.2938843	0.0000000	0.0000000
31.2125282	87.2938843	0.0000000	0.0000000
32.9962578	87.2938843	0.0000000	0.0000000
34.7799835	87.2938843	0.0000000	0.0000000
36.5637131	87.2938843	0.0000000	0.0000000
38.3474426	87.2938843	0.0000000	0.0000000
40.1311722	87.2938843	0.0000000	0.0000000
41.9148979	87.2938843	0.0000000	0.0000000
43.6986275	87.2938843	0.0000000	0.0000000
45.4823532	87.2938843	0.0000000	0.0000000
47.2660828	87.2938843	0.0000000	0.0000000
49.0498085	87.2938843	0.0000000	0.0000000
50.8335381	87.2938843	0.0000000	0.0000000
52.6172676	87.2938843	0.0000000	0.0000000
54.4009972	87.2938843	0.0000000	0.0000000
56.1847229	87.2938843	0.0000000	0.0000000
57.9684486	87.2938843	0.0000000	0.0000000
59.7521782	87.2938843	0.0000000	0.0000000
61.5359077	87.2938843	0.0000000	0.0000000
63.3196297	87.2938843	0.0000000	0.0000000
65.1033630	87.2938843	0.0000000	0.0000000
66.8870850	87.2938843	0.0000000	0.0000000
68.6708145	87.2938843	0.0000000	0.0000000
70.4545441	87.2938843	0.0000000	0.0000000
72.2382736	87.2938843	0.0000000	0.0000000
0.8891521	89.0776138	0.0000000	0.0000000
2.6728802	89.0776138	0.0000000	0.0000000
4.4566083	89.0776138	0.0000000	0.0000000
6.2403364	89.0776138	0.0000000	0.0000000
8.0240641	89.0776138	0.0000000	0.0000000
9.8077927	89.0776138	0.0000000	0.0000000
11.5915203	89.0776138	0.0000000	0.0000000
13.3752489	89.0776138	0.0000000	0.0000000
15.1589766	89.0776138	0.0000000	0.0000000
16.9427032	89.0776138	0.0000000	0.0000000
18.7264328	89.0776138	0.0000000	0.0000000
20.5101604	89.0776138	0.0000000	0.0000000
22.2938881	89.0776138	0.0000000	0.0000000
24.0776157	89.0776138	0.0000000	0.0000000
25.8613453	89.0776138	0.0000000	0.0000000
27.6450729	89.0776138	0.0000000	0.0000000
29.4288006	89.0776138	0.0000000	0.0000000
31.2125282	89.0776138	0.0000000	0.0000000
32.9962578	89.0776138	0.0000000	0.0000000
34.7799835	89.0776138	0.0000000	0.0000000
36.5637131	89.0776138	0.0000000	0.0000000
38.3474426	89.0776138	0.0000000	0.0000000
40.1311722	89.0776138	0.0000000	0.0000000
41.9148979	89.0776138	0.0000000	0.0000000
43.6986275	89.0776138	0.0000000	0.0000000
45.4823532	89.0776138	0.0000000	0.0000000
47.2660828	89.0776138	0.0000000	0.0000000
49.0498085	89.0776138	0.0000000	0.0000000
50.8335381	89.0776138	0.0000000	0.0000000
52.6172676	89.0776138	0.0000000	0.0000000
54.4009972	89.0776138	0.0000000	0.0000000
56.1847229	89.0776138	0.0000000	0.0000000
57.9684486	89.0776138	0.0000000	0.0000000
59.7521782	89.0776138	0.0000000	0.0000000
61.5359077	89.0776138	0.0000000	0.0000000
63.3196297	89.0776138	0.0000000	0.0000000
65.1033630	89.0776138	0.0000000	0.0000000
66.8870850	89.0776138	0.0000000	0.0000000
68.6708145	89.0776138	0.0000000	0.0000000
70.4545441	89.0776138	0.0000000	0.0000000
72.2382736	89.0776138	0.0000000	0.0000000
0.8891521	90.8613434	0.0000000	0.0000000
2.6728802	90.8613434	0.0000000	0.0000000
4.4566083	90.8613434	0.0000000	0.0000000
6.2403364	90.8613434	0.0000000	0.0000000
8.0240641	90.8613434	0.0000000	0.0000000
9.8077927	90.8613434	0.0000000	0.0000000
11.5915203	90.8613434	0.0000000	0.0000000
13.3752489	90.8613434	0.0000000	0.0000000
15.1589766	90.8613434	0.0000000	0.0000000
16.9427032	90.8613434	0.0000000	0.0000000
18.7264328	90.8613434	0.0000000	0.0000000
20.5101604	90.8613434	0.0000000	0.0000000
22.2938881	90.8613434	0.0000000	0.0000000
24.0776157	90.8613434	0.0000000	0.0000000
25.8613453	90.8613434	0.0000000	0.0000000
27.6450729	90.8613434	0.0000000	0.0000000
29.4288006	90.8613434	0.0000000	0.0000000
31.2125282	90.8613434	0.0000000	0.0000000
32.9962578	90.8613434	2.1599832	0.0000000
34.7799835	90.8613434	0.0000000	0.0000000
36.5637131	90.8613434	0.0000000	0.0000000
38.3474426	90.8613434	0.0000000	0.0000000
40.1311722	90.8613434	0.0000000	0.0000000
41.9148979	90.8613434	0.0000000	0.0000000
43.6986275	90.8613434	0.0000000	0.0000000
45.4823532	90.8613434	0.0000000	0.0000000
47.2660828	90.8613434	0.0000000	0.0000000
49.0498085	90.8613434	0.0000000	0.0000000
50.8335381	90.8613434	0.0000000	0.0000000
52.6172676	90.8613434	0.0000000	0.0000000
54.4009972	90.8613434	0.0000000	0.0000000
56.1847229	90.8613434	0.0000000	0.0000000
57.9684486	90.8613434	0.0000000	0.0000000
59.7521782	90.8613434	0.0000000	0.0000000
61.5359077	90.8613434	0.0000000	0.0000000
63.3196297	90.8613434	0.0000000	0.0000000
65.1033630	90.8613434	0.0000000	0.0000000
66.8870850	90.8613434	0.0000000	0.0000000
68.6708145	90.8613434	0.0000000	0.0000000
70.4545441	90.8613434	0.0000000	0.0000000
72.2382736	90.8613434	0.0000000	0.0000000
0.8891521	92.6450729	0.0000000	0.0000000
2.6728802	92.6450729	0.0000000	0.0000000
4.4566083	92.6450729	0.0000000	0.0000000
6.2403364	92.6450729	0.0000000	0.0000000
8.0240641	92.6450729	0.0000000	0.0000000
9.8077927	92.6450729	0.0000000	0.0000000
11.5915203	92.6450729	0.0000000	0.0000000
13.3752489	92.6450729	0.0000000	0.0000000
15.1589766	92.6450729	0.0000000	0.0000000
16.9427032	92.6450729	0.0000000	0.0000000
18.7264328	92.6450729	0.0000000	0.0000000
20.5101604	92.6450729	0.0000000	0.0000000
22.2938881	92.6450729	0.0000000	0.0000000
24.0776157	92.6450729	0.0000000	0.0000000
25.8613453	92.6450729	0.0000000	0.0000000
27.6450729	92.6450729	0.0000000	0.0000000
29.4288006	92.6450729	0.0000000	0.0000000
31.2125282	92.6450729	0.0000000	0.0000000
32.9962578	92.6450729	0.0000000	0.0000000
34.7799835	92.6450729	0.0000000	0.0000000
36.5637131	92.6450729	0.0000000	0.0000000
38.3474426	92.6450729	0.0000000	0.0000000
40.1311722	92.6450729	0.0000000	0.0000000
41.9148979	92.6450729	0.0000000	0.0000000
43.6986275	92.6450729	0.0000000	0.0000000
45.4823532	92.6450729	0.0000000	0.0000000
47.2660828	92.6450729	0.0000000	0.0000000
49.0498085	92.6450729	0.0000000	0.0000000
50.8335381	92.6450729	0.0000000	0.0000000
52.6172676	92.6450729	0.0000000	0.0000000
54.4009972	92.6450729	0.0000000	0.0000000
56.1847229	92.6450729	0.0000000	0.0000000
57.9684486	92.6450729	0.0000000	0.0000000
59.7521782	92.6450729	0.0000000	0.0000000
61.5359077	92.6450729	0.0000000	0.0000000
63.3196297	92.6450729	0.0000000	0.0000000
65.1033630	92.6450729	0.0000000	0.0000000
66.8870850	92.6450729	0.0000000	0.0000000
68.6708145	92.6450729	0.0000000	0.0000000
70.4545441	92.6450729	0.0000000	0.0000000
72.2382736	92.6450729	0.0000000	0.0000000
0.8891521	94.4288025	0.0000000	0.0000000
2.6728802	94.4288025	0.0000000	0.0000000
4.4566083	94.4288025	0.0000000	0.0000000
6.2403364	94.4288025	0.0000000	0.0000000
8.0240641	94.4288025	0.0000000	0.0000000
9.8077927	94.4288025	0.0000000	0.0000000
11.5915203	94.4288025	0.0000000	0.0000000
13.3752489	94.4288025	0.0000000	0.0000000
15.1589766	94.4288025	0.0000000	0.0000000
16.9427032	94.4288025	0.0000000	0.0000000
18.7264328	94.4288025	0.0000000	0.0000000
20.5101604	94.4288025	0.0000000	0.0000000
22.2938881	94.4288025	0.0000000	0.0000000
24.0776157	94.4288025	0.0000000	0.0000000
25.8613453	94.4288025	0.0000000	0.0000000
27.6450729	94.4288025	0.0000000	0.0000000
29.4288006	94.4288025	0.0000000	0.0000000
31.2125282	94.4288025	0.0000000	0.0000000
32.9962578	94.4288025	0.0000000	0.0000000
34.7799835	94.4288025	0.0000000	0.0000000
36.5637131	94.4288025	0.0000000	0.0000000
38.3474426	94.4288025	0.0000000	0.0000000
40.1311722	94.4288025	0.0000000	0.0000000
41.9148979	94.4288025	0.0000000	0.0000000
43.6986275	94.4288025	0.0000000	0.0000000
45.4823532	94.4288025	0.0000000	0.0000000
47.2660828	94.4288025	0.0000000	0.0000000
49.0498085	94.4288025	0.0000000	0.0000000
50.8335381	94.4288025	0.0000000	0.0000000
52.6172676	94.4288025	0.0000000	0.0000000
54.4009972	94.4288025	0.0000000	0.0000000
56.1847229	94.4288025	0.0000000	0.0000000
57.9684486	94.4288025	0.0000000	0.0000000
59.7521782	94.4288025	0.0000000	0.0000000
61.5359077	94.4288025	0.0000000	0.0000000
63.3196297	94.4288025	0.0000000	0.0000000
65.1033630	94.4288025	0.0000000	0.0000000
66.8870850	94.4288025	0.0000000	0.0000000
68.6708145	94.4288025	0.0000000	0.0000000
70.4545441	94.4288025	0.0000000	0.0000000
72.2382736	94.4288025	0.0000000	0.0000000
0.8891521	96.2125320	0.0000000	0.0000000
2.6728802	96.2125320	0.0000000	0.0000000
4.4566083	96.2125320	0.0000000	0.0000000
6.2403364	96.2125320	0.0000000	0.0000000
8.0240641	96.2125320	0.0000000	0.0000000
9.8077927	96.2125320	0.0000000	0.0000000
11.5915203	96.2125320	0.0000000	0.0000000
13.3752489	96.2125320	0.0000000	0.0000000
15.1589766	96.2125320	0.0000000	0.0000000
16.9427032	96.2125320	0.0000000	0.0000000
18.7264328	96.2125320	0.0000000	0.0000000
20.5101604	96.2125320	0.0000000	0.0000000
22.2938881	96.2125320	0.0000000	0.0000000
24.0776157	96.2125320	0.0000000	0.0000000
25.8613453	96.2125320	0.0000000	0.0000000
27.6450729	96.2125320	0.0000000	0.0000000
29.4288006	96.2125320	0.0000000	0.0000000
31.2125282	96.2125320	0.0000000	0.0000000
32.9962578	96.2125320	0.0000000	0.0000000
34.7799835	96.2125320	0.0000000	0.0000000
36.5637131	96.2125320	0.0000000	0.0000000
38.3474426	96.2125320	0.0000000	0.0000000
40.1311722	96.2125320	0.0000000	0.0000000
41.9148979	96.2125320	0.0000000	0.0000000
43.6986275	96.2125320	0.0000000	0.0000000
45.4823532	96.2125320	0.0000000	0.0000000
47.2660828	96.2125320	0.0000000	0.0000000
49.0498085	96.2125320	0.0000000	0.0000000
50.8335381	96.2125320	0.0000000	0.0000000
52.6172676	96.2125320	0.0000000	0.0000000
54.4009972	96.2125320	0.0000000	0.0000000
56.1847229	96.2125320	0.0000000	0.0000000
57.9684486	96.2125320	0.0000000	0.0000000
59.7521782	96.2125320	0.0000000	0.0000000
61.5359077	96.2125320	0.0000000	0.0000000
63.3196297	96.2125320	0.0000000	0.0000000
65.1033630	96.2125320	0.0000000	0.0000000
66.8870850	96.2125320	0.0000000	0.0000000
68.6708145	96.2125320	0.0000000	0.0000000
70.4545441	96.2125320	0.0000000	0.0000000
72.2382736	96.2125320	0.0000000	0.0000000
0.8891521	97.9962540	0.0000000	0.0000000
2.6728802	97.9962540	0.0000000	0.0000000
4.4566083	97.9962540	0.0000000	0.0000000
6.2403364	97.9962540	0.0000000	0.0000000
8.0240641	97.9962540	0.0000000	0.0000000
9.8077927	97.9962540	0.0000000	0.0000000
11.5915203	97.9962540	0.0000000	0.0000000
13.3752489	97.9962540	0.0000000	0.0000000
15.1589766	97.9962540	0.0000000	0.0000000
16.9427032	97.9962540	0.0000000	0.0000000
18.7264328	97.9962540	0.0000000	0.0000000
20.5101604	97.9962540	0.0000000	0.0000000
22.2938881	97.9962540	0.0000000	0.0000000
24.0776157	97.9962540	0.0000000	0.0000000
25.8613453	97.9962540	0.0000000	0.0000000
27.6450729	97.9962540	0.0000000	0.0000000
29.4288006	97.9962540	0.0000000	0.0000000
31.2125282	97.9962540	0.0000000	0.0000000
32.9962578	97.9962540	0.0000000	0.0000000
34.7799835	97.9962540	0.0000000	0.0000000
36.5637131	97.9962540	0.0000000	0.0000000
38.3474426	97.9962540	0.0000000	0.0000000
40.1311722	97.9962540	0.0000000	0.0000000
41.9148979	97.9962540	0.0000000	0.0000000
43.6986275	97.9962540	0.0000000	0.0000000
45.4823532	97.9962540	0.0000000	0.0000000
47.2660828	97.9962540	0.0000000	0.0000000
49.0498085	97.9962540	0.0000000	0.0000000
50.8335381	97.9962540	0.0000000	0.0000000
52.6172676	97.9962540	0.0000000	0.0000000
54.4009972	97.9962540	0.0000000	0.0000000
56.1847229	97.9962540	0.0000000	0.0000000
57.9684486	97.9962540	0.0000000	0.0000000
59.7521782	97.9962540	0.0000000	0.0000000
61.5359077	97.9962540	0.0000000	0.0000000
63.3196297	97.9962540	0.0000000	0.0000000
65.1033630	97.9962540	0.0000000	0.0000000
66.8870850	97.9962540	0.0000000	0.0000000
68.6708145	97.9962540	0.0000000	0.0000000
70.4545441	97.9962540	0.0000000	0.0000000
72.2382736	97.9962540	0.0000000	0.0000000
0.8891521	99.7799835	0.0000000	0.0000000
2.6728802	99.7799835	0.0000000	0.0000000
4.4566083	99.7799835	0.0000000	0.0000000
6.2403364	99.7799835	0.0000000	0.0000000
8.0240641	99.7799835	0.0000000	0.0000000
9.8077927	99.7799835	0.0000000	0.0000000
11.5915203	99.7799835	0.0000000	0.0000000
13.3752489	99.7799835	0.0000000	0.0000000
15.1589766	99.7799835	0.0000000	0.0000000
16.9427032	99.7799835	0.0000000	0.0000000
18.7264328	99.7799835	0.0000000	0.0000000
20.5101604	99.7799835	0.0000000	0.0000000
22.2938881	99.7799835	0.0000000	0.0000000
24.0776157	99.7799835	0.0000000	0.0000000
25.8613453	99.7799835	0.0000000	0.0000000
27.6450729	99.7799835	0.0000000	0.0000000
29.4288006	99.7799835	0.0000000	0.0000000
31.2125282	99.7799835	0.0000000	0.0000000
32.9962578	99.7799835	0.0000000	0.0000000
34.7799835	99.7799835	0.0000000	0.0000000
36.5637131	99.7799835	1.5677297	-0.0116128
38.3474426	99.7799835	0.0000000	0.0000000
40.1311722	99.7799835	0.0000000	0.0000000
41.9148979	99.7799835	0.0000000	0.0000000
43.6986275	99.7799835	0.0000000	0.0000000
45.4823532	99.7799835	0.0000000	0.0000000
47.2660828	99.7799835	0.0000000	0.0000000
49.0498085	99.7799835	0.0000000	0.0000000
50.8335381	99.7799835	0.0000000	0.0000000
52.6172676	99.7799835	0.0000000	0.0000000
54.4009972	99.7799835	0.0000000	0.0000000
56.1847229	99.7799835	0.0000000	0.0000000
57.9684486	99.7799835	0.0000000	0.0000000
59.7521782	99.7799835	0.0000000	0.0000000
61.5359077	99.7799835	0.0000000	0.0000000
63.3196297	99.7799835	0.0000000	0.0000000
65.1033630	99.7799835	0.0000000	0.0000000
66.8870850	99.7799835	0.0000000	0.0000000
68.6708145	99.7799835	0.0000000	0.0000000
70.4545441	99.7799835	0.0000000	0.0000000
72.2382736	99.7799835	0.0000000	0.0000000
0.8891521	101.5637131	0.0000000	0.0000000
2.6728802	101.5637131	0.0000000	0.0000000
4.4566083	101.5637131	0.0000000	0.0000000
6.2403364	101.5637131	0.0000000	0.0000000
8.0240641	101.5637131	0.0000000	0.0000000
9.8077927	101.5637131	0.0000000	0.0000000
11.5915203	101.5637131	0.0000000	0.0000000
13.3752489	101.5637131	0.0000000	0.0000000
15.1589766	101.5637131	0.0000000	0.0000000
16.9427032	101.5637131	0.0000000	0.0000000
18.7264328	101.5637131	0.0000000	0.0000000
20.5101604	101.5637131	0.0000000	0.0000000
22.2938881	101.5637131	0.0000000	0.0000000
24.0776157	101.5637131	0.0000000	0.0000000
25.8613453	101.5637131	0.0000000	0.0000000
27.6450729	101.5637131	0.0000000	0.0000000
29.4288006	101.5637131	0.0000000	0.0000000
31.2125282	101.5637131	0.0000000	0.0000000
32.9962578	101.5637131	0.0000000	0.0000000
34.7799835	101.5637131	0.0000000	0.0000000
36.5637131	101.5637131	0.0000000	0.0000000
38.3474426	101.5637131	0.0000000	0.0000000
40.1311722	101.5637131	0.0000000	0.0000000
41.9148979	101.5637131	0.0000000	0.0000000
43.6986275	101.5637131	0.0000000	0.0000000
45.4823532	101.5637131	0.0000000	0.0000000
47.2660828	101.5637131	0.0000000	0.0000000
49.0498085	101.5637131	0.0000000	0.0000000
50.8335381	101.5637131	0.0000000	0.0000000
52.6172676	101.5637131	0.0000000	0.0000000
54.4009972	101.5637131	0.0000000	0.0000000
56.1847229	101.5637131	0.0000000	0.0000000
57.9684486	101.5637131	0.0000000	0.0000000
59.7521782	101.5637131	0.0000000	0.0000000
61.5359077	101.5637131	0.0000000	0.0000000
63.3196297	101.5637131	0.0000000	0.0000000
65.1033630	101.5637131	0.0000000	0.0000000
66.8870850	101.5637131	0.0000000	0.0000000
68.6708145	101.5637131	0.0000000	0.0000000
70.4545441	101.5637131	0.0000000	0.0000000
72.2382736	101.5637131	0.0000000	0.0000000
0.8891521	103.3474426	0.0000000	0.0000000
2.6728802	103.3474426	0.0000000	0.0000000
4.4566083	103.3474426	0.0000000	0.0000000
6.2403364	103.3474426	0.0000000	0.0000000
8.0240641	103.3474426	0.0000000	0.0000000
9.8077927	103.3474426	0.0000000	0.0000000
11.5915203	103.3474426	0.0000000	0.0000000
13.3752489	103.3474426	0.0000000	0.0000000
15.1589766	103.3474426	0.0000000	0.0000000
16.9427032	103.3474426	0.0000000	0.0000000
18.7264328	103.3474426	0.0000000	0.0000000
20.5101604	103.3474426	0.0000000	0.0000000
22.2938881	103.3474426	1.3586991	0.0000000
24.0776157	103.3474426	0.0000000	0.0000000
25.8613453	103.3474426	0.0000000	0.0000000
27.6450729	103.3474426	0.0000000	0.0000000
29.4288006	103.3474426	0.0000000	0.0000000
31.2125282	103.3474426	0.0000000	0.0000000
32.9962578	103.3474426	0.0000000	0.0000000
34.7799835	103.3474426	0.0000000	0.0000000
36.5637131	103.3474426	0.0000000	0.0000000
38.3474426	103.3474426	0.0000000	0.0000000
40.1311722	103.3474426	0.0000000	0.0000000
41.9148979	103.3474426	0.0000000	0.0000000
43.6986275	103.3474426	0.0000000	0.0000000
45.4823532	103.3474426	0.0000000	0.0000000
47.2660828	103.3474426	0.0000000	0.0000000
49.0498085	103.3474426	0.0000000	0.0000000
50.8335381	103.3474426	0.0000000	0.0000000
52.6172676	103.3474426	0.0000000	0.0000000
54.4009972	103.3474426	0.0000000	0.0000000
56.1847229	103.3474426	0.0000000	0.0000000
57.9684486	103.3474426	0.0000000	0.0000000
59.7521782	103.3474426	0.0000000	0.0000000
61.5359077	103.3474426	0.0000000	0.0000000
63.3196297	103.3474426	0.0000000	0.0000000
65.1033630	103.3474426	0.0000000	0.0000000
66.8870850	103.3474426	0.0000000	0.0000000
68.6708145	103.3474426	0.0000000	0.0000000
70.4545441	103.3474426	0.0000000	0.0000000
72.2382736	103.3474426	0.0000000	0.0000000
0.8891521	105.1311722	0.0000000	0.0000000
2.6728802	105.1311722	0.0000000	0.0000000
4.4566083	105.1311722	0.0000000	0.0000000
6.2403364	105.1311722	0.0000000	0.0000000
8.0240641	105.1311722	0.0000000	0.0000000
9.8077927	105.1311722	0.0000000	0.0000000
11.5915203	105.1311722	0.0000000	0.0000000
13.3752489	105.1311722	0.0000000	0.0000000
15.1589766	105.1311722	0.0000000	0.0000000
16.9427032	105.1311722	0.0000000	0.0000000
18.7264328	105.1311722	0.0000000	0.0000000
20.5101604	105.1311722	0.0000000	0.0000000
22.2938881	105.1311722	0.0000000	0.0000000
24.0776157	105.1311722	0.0000000	0.0000000
25.8613453	105.1311722	0.0000000	0.0000000
27.6450729	105.1311722	0.0000000	0.0000000
29.4288006	105.1311722	0.0000000	0.0000000
31.2125282	105.1311722	0.0000000	0.0000000
32.9962578	105.1311722	0.0000000	0.0000000
34.7799835	105.1311722	0.0000000	0.0000000
36.5637131	105.1311722	0.0000000	0.0000000
38.3474426	105.1311722	0.0000000	0.0000000
40.1311722	105.1311722	0.0000000	0.0000000
41.9148979	105.1311722	0.0000000	0.0000000
43.6986275	105.1311722	0.0000000	0.0000000
45.4823532	105.1311722	0.0000000	0.0000000
47.2660828	105.1311722	0.0000000	0.0000000
49.0498085	105.1311722	0.0000000	0.0000000
50.8335381	105.1311722	0.0000000	0.0000000
52.6172676	105.1311722	0.0000000	0.0000000
54.4009972	105.1311722	0.0000000	0.0000000
56.1847229	105.1311722	0.0000000	0.0000000
57.9684486	105.1311722	0.0000000	0.0000000
59.7521782	105.1311722	0.0000000	0.0000000
61.5359077	105.1311722	0.0000000	0.0000000
63.3196297	105.1311722	0.0000000	0.0000000
65.1033630	105.1311722	0.0000000	0.0000000
66.8870850	105.1311722	0.0000000	0.0000000
68.6708145	105.1311722	0.0000000	0.0000000
70.4545441	105.1311722	0.0000000	0.0000000
72.2382736	105.1311722	0.0000000	0.0000000
0.8891521	106.9149017	0.0000000	0.0000000
2.6728802	106.9149017	0.0000000	0.0000000
4.4566083	106.9149017	0.0000000	0.0000000
6.2403364	106.9149017	0.0000000	0.0000000
8.0240641	106.9149017	0.0000000	0.0000000
9.8077927	106.9149017	0.0000000	0.0000000
11.5915203	106.9149017	0.0000000	0.0000000
13.3752489	106.9149017	0.0000000	0.0000000
15.1589766	106.9149017	0.0000000	0.0000000
16.9427032	106.9149017	0.0000000	0.0000000
18.7264328	106.9149017	0.0000000	0.0000000
20.5101604	106.9149017	0.0000000	0.0000000
22.2938881	106.9149017	0.0000000	0.0000000
24.0776157	106.9149017	0.0000000	0.0000000
25.8613453	106.9149017	0.0000000	0.0000000
27.6450729	106.9149017	0.0000000	0.0000000
29.4288006	106.9149017	0.0000000	0.0000000
31.2125282	106.9149017	0.0000000	0.0000000
32.9962578	106.9149017	0.0000000	0.0000000
34.7799835	106.9149017	0.0000000	0.0000000
36.5637131	106.9149017	0.0000000	0.0000000
38.3474426	106.9149017	0.0000000	0.0000000
40.1311722	106.9149017	0.0000000	0.0000000
41.9148979	106.9149017	0.0000000	0.0000000
43.6986275	106.9149017	0.0000000	0.0000000
45.4823532	106.9149017	0.0000000	0.0000000
47.2660828	106.9149017	0.0000000	0.0000000
49.0498085	106.9149017	0.0000000	0.0000000
50.8335381	106.9149017	0.0000000	0.0000000
52.6172676	106.9149017	0.0000000	0.0000000
54.4009972	106.9149017	0.0000000	0.0000000
56.1847229	106.9149017	0.0000000	0.0000000
57.9684486	106.9149017	0.0000000	0.0000000
59.7521782	106.9149017	0.0000000	0.0000000
61.5359077	106.9149017	0.0000000	0.0000000
63.3196297	106.9149017	0.0000000	0.0000000
65.1033630	106.9149017	0.0000000	0.0000000
66.8870850	106.9149017	0.0000000	0.0000000
68.6708145	106.9149017	0.0000000	0.0000000
70.4545441	106.9149017	0.0000000	0.0000000
72.2382736	106.9149017	0.0000000	0.0000000
0.8891521	108.6986237	0.0000000	0.0000000
2.6728802	108.6986237	0.0000000	0.0000000
4.4566083	108.6986237	0.0000000	0.0000000
6.2403364	108.6986237	0.0000000	0.0000000
8.0240641	108.6986237	0.0000000	0.0000000
9.8077927	108.6986237	0.0000000	0.0000000
11.5915203	108.6986237	0.0000000	0.0000000
13.3752489	108.6986237	0.0000000	0.0000000
15.1589766	108.6986237	0.0000000	0.0000000
16.9427032	108.6986237	0.0000000	0.0000000
18.7264328	108.6986237	0.0000000	0.0000000
20.5101604	108.6986237	0.0000000	0.0000000
22.2938881	108.6986237	0.0000000	0.0000000
24.0776157	108.6986237	0.0000000	0.0000000
25.8613453	108.6986237	0.0000000	0.0000000
27.6450729	108.6986237	0.0000000	0.0000000
29.4288006	108.6986237	0.0000000	0.0000000
31.2125282	108.6986237	0.0000000	0.0000000
32.9962578	108.6986237	0.0000000	0.0000000
34.7799835	108.6986237	0.0000000	0.0000000
36.5637131	108.6986237	0.0000000	0.0000000
38.3474426	108.6986237	0.0000000	0.0000000
40.1311722	108.6986237	0.0000000	0.0000000
41.9148979	108.6986237	0.0000000	0.0000000
43.6986275	108.6986237	0.0000000	0.0000000
45.4823532	108.6986237	0.0000000	0.0000000
47.2660828	108.6986237	0.0000000	0.0000000
49.0498085	108.6986237	0.0000000	0.0000000
50.8335381	108.6986237	0.0000000	0.0000000
52.6172676	108.6986237	0.0000000	0.0000000
54.4009972	108.6986237	0.0000000	0.0000000
56.1847229	108.6986237	0.0000000	0.0000000
57.9684486	108.6986237	0.0000000	0.0000000
59.7521782	108.6986237	0.0000000	0.0000000
61.5359077	108.6986237	0.0000000	0.0000000
63.3196297	108.6986237	0.0000000	0.0000000
65.1033630	108.6986237	0.0000000	0.0000000
66.8870850	108.6986237	0.0000000	0.0000000
68.6708145	108.6986237	0.0000000	0.0000000
70.4545441	108.6986237	0.0000000	0.0000000
72.2382736	108.6986237	0.0000000	0.0000000
0.8891521	110.4823532	0.0000000	0.0000000
2.6728802	110.4823532	0.0000000	0.0000000
4.4566083	110.4823532	0.0000000	0.0000000
6.2403364	110.4823532	0.0000000	0.0000000
8.0240641	110.4823532	0.0000000	0.0000000
9.8077927	110.4823532	0.0000000	0.0000000
11.5915203	110.4823532	0.0000000	0.0000000
13.3752489	110.4823532	0.0000000	0.0000000
15.1589766	110.4823532	0.0000000	0.0000000
16.9427032	110.4823532	0.0000000	0.0000000
18.7264328	110.4823532	0.0000000	0.0000000
20.5101604	110.4823532	0.0000000	0.0000000
22.2938881	110.4823532	0.0000000	0.0000000
24.0776157	110.4823532	0.0000000	0.0000000
25.8613453	110.4823532	0.0000000	0.0000000
27.6450729	110.4823532	0.0000000	0.0000000
29.4288006	110.4823532	0.0000000	0.0000000
31.2125282	110.4823532	0.0000000	0.0000000
32.9962578	110.4823532	0.0000000	0.0000000
34.7799835	110.4823532	0.0000000	0.0000000
36.5637131	110.4823532	0.0000000	0.0000000
38.3474426	110.4823532	0.0000000	0.0000000
40.1311722	110.4823532	0.0000000	0.0000000
41.9148979	110.4823532	0.0000000	0.0000000
43.6986275	110.4823532	0.0000000	0.0000000
45.4823532	110.4823532	0.0000000	0.0000000
47.2660828	110.4823532	0.0000000	0.0000000
49.0498085	110.4823532	0.0000000	0.0000000
50.8335381	110.4823532	0.0000000	0.0000000
52.6172676	110.4823532	0.0000000	0.0000000
54.4009972	110.4823532	0.0000000	0.0000000
56.1847229	110.4823532	0.0000000	0.0000000
57.9684486	110.4823532	0.0000000	0.0000000
59.7521782	110.4823532	0.0000000	0.0000000
61.5359077	110.4823532	0.0000000	0.0000000
63.3196297	110.4823532	0.0000000	0.0000000
65.1033630	110.4823532	0.0000000	0.0000000
66.8870850	110.4823532	0.0000000	0.0000000
68.6708145	110.4823532	0.0000000	0.0000000
70.4545441	110.4823532	0.0000000	0.0000000
72.2382736	110.4823532	0.0000000	0.0000000
0.8891521	112.2660751	0.0000000	0.0000000
2.6728802	112.2660751	0.0000000	0.0000000
4.4566083	112.2660751	0.0000000	0.0000000
6.2403364	112.2660751	0.0000000	0.0000000
8.0240641	112.2660751	0.0000000	0.0000000
9.8077927	112.2660751	0.0000000	0.0000000
11.5915203	112.2660751	0.0000000	0.0000000
13.3752489	112.2660751	0.0000000	0.0000000
15.1589766	112.2660751	0.0000000	0.0000000
16.9427032	112.2660751	0.0000000	0.0000000
18.7264328	112.2660751	0.0000000	0.0000000
20.5101604	112.2660751	0.0000000	0.0000000
22.2938881	112.2660751	0.0000000	0.0000000
24.0776157	112.2660751	0.0000000	0.0000000
25.8613453	112.2660751	0.0000000	0.0000000
27.6450729	112.2660751	0.0000000	0.0000000
29.4288006	112.2660751	0.0000000	0.0000000
31.2125282	112.2660751	0.0000000	0.0000000
32.9962578	112.2660751	0.0000000	0.0000000
34.7799835	112.2660751	0.0000000	0.0000000
36.5637131	112.2660751	0.0000000	0.0000000
38.3474426	112.2660751	0.0000000	0.0000000
40.1311722	112.2660751	0.0000000	0.0000000
41.9148979	112.2660751	0.0000000	0.0000000
43.6986275	112.2660751	0.0000000	0.0000000
45.4823532	112.2660751	0.0000000	0.0000000
47.2660828	112.2660751	0.0000000	0.0000000
49.0498085	112.2660751	0.0000000	0.0000000
50.8335381	112.2660751	0.0000000	0.0000000
52.6172676	112.2660751	0.0000000	0.0000000
54.4009972	112.2660751	0.0000000	0.0000000
56.1847229	112.2660751	0.0000000	0.0000000
57.9684486	112.2660751	0.0000000	0.0000000
59.7521782	112.2660751	0.0000000	0.0000000
61.5359077	112.2660751	0.0000000	0.0000000
63.3196297	112.2660751	0.0000000	0.0000000
65.1033630	112.2660751	0.0000000	0.0000000
66.8870850	112.2660751	0.0000000	0.0000000
68.6708145	112.2660751	0.0000000	0.0000000
70.4545441	112.2660751	0.0000000	0.0000000
72.2382736	112.2660751	0.0000000	0.0000000
0.8891521	114.0498047	0.0000000	0.0000000
2.6728802	114.0498047	0.0000000	0.0000000
4.4566083	114.0498047	0.0000000	0.0000000
6.2403364	114.0498047	0.0000000	0.0000000
8.0240641	114.0498047	0.0000000	0.0000000
9.8077927	114.0498047	0.0000000	0.0000000
11.5915203	114.0498047	0.0000000	0.0000000
13.3752489	114.0498047	0.0000000	0.0000000
15.1589766	114.0498047	0.0000000	0.0000000
16.9427032	114.0498047	0.0000000	0.0000000
18.7264328	114.0498047	0.0000000	0.0000000
20.5101604	114.0498047	0.0000000	0.0000000
22.2938881	114.0498047	0.0000000	0.0000000
24.0776157	114.0498047	0.0000000	0.0000000
25.8613453	114.0498047	0.0000000	0.0000000
27.6450729	114.0498047	0.0000000	0.0000000
29.4288006	114.0498047	0.0000000	0.0000000
31.2125282	114.0498047	0.0000000	0.0000000
32.9962578	114.0498047	0.0000000	0.0000000
34.7799835	114.0498047	0.0000000	0.0000000
36.5637131	114.0498047	0.0000000	0.0000000
38.3474426	114.0498047	0.0000000	0.0000000
40.1311722	114.0498047	0.0000000	0.0000000
41.9148979	114.0498047	0.0000000	0.0000000
43.6986275	114.0498047	0.0000000	0.0000000
45.4823532	114.0498047	0.0000000	0.0000000
47.2660828	114.0498047	0.0000000	0.0000000
49.0498085	114.0498047	0.0000000	0.0000000
50.8335381	114.0498047	0.0000000	0.0000000
52.6172676	114.0498047	0.0000000	0.0000000
54.4009972	114.0498047	0.0000000	0.0000000
56.1847229	114.0498047	0.0000000	0.0000000
57.9684486	114.0498047	0.0000000	0.0000000
59.7521782	114.0498047	0.0000000	0.0000000
61.5359077	114.0498047	0.0000000	0.0000000
63.3196297	114.0498047	0.0000000	0.0000000
65.1033630	114.0498047	0.0000000	0.0000000
66.8870850	114.0498047	0.0000000	0.0000000
68.6708145	114.0498047	0.0000000	0.0000000
70.4545441	114.0498047	0.0000000	0.0000000
72.2382736	114.0498047	0.0000000	0.0000000
0.8891521	115.8335342	0.0000000	0.0000000
2.6728802	115.8335342	0.0000000	0.0000000
4.4566083	115.8335342	0.0000000	0.0000000
6.2403364	115.8335342	0.0000000	0.0000000
8.0240641	115.8335342	0.0000000	0.0000000
9.8077927	115.8335342	0.0000000	0.0000000
11.5915203	115.8335342	0.0000000	0.0000000
13.3752489	115.8335342	0.0000000	0.0000000
15.1589766	115.8335342	0.0000000	0.0000000
16.9427032	115.8335342	0.0000000	0.0000000
18.7264328	115.8335342	0.0000000	0.0000000
20.5101604	115.8335342	0.0000000	0.0000000
22.2938881	115.8335342	0.0000000	0.0000000
24.0776157	115.8335342	0.0000000	0.0000000
25.8613453	115.8335342	0.0000000	0.0000000
27.6450729	115.8335342	0.0000000	0.0000000
29.4288006	115.8335342	0.0000000	0.0000000
31.2125282	115.8335342	0.0000000	0.0000000
32.9962578	115.8335342	0.0000000	0.0000000
34.7799835	115.8335342	0.0000000	0.0000000
36.5637131	115.8335342	0.0000000	0.0000000
38.3474426	115.8335342	0.0000000	0.0000000
40.1311722	115.8335342	0.0000000	0.0000000
41.9148979	115.8335342	0.0000000	0.0000000
43.6986275	115.8335342	0.0000000	0.0000000
45.4823532	115.8335342	0.0000000	0.0000000
47.2660828	115.8335342	0.0000000	0.0000000
49.0498085	115.8335342	0.0000000	0.0000000
50.8335381	115.8335342	0.0000000	0.0000000
52.6172676	115.8335342	0.0000000	0.0000000
54.4009972	115.8335342	0.0000000	0.0000000
56.1847229	115.8335342	0.0000000	0.0000000
57.9684486	115.8335342	0.0000000	0.0000000
59.7521782	115.8335342	0.0000000	0.0000000
61.5359077	115.8335342	0.0000000	0.0000000
63.3196297	115.8335342	0.0000000	0.0000000
65.1033630	115.8335342	0.0000000	0.0000000
66.8870850	115.8335342	0.0000000	0.0000000
68.6708145	115.8335342	0.0000000	0.0000000
70.4545441	115.8335342	0.0000000	0.0000000
72.2382736	115.8335342	0.0000000	0.0000000
0.8891521	117.6172638	0.0000000	0.0000000
2.6728802	117.6172638	0.0000000	0.0000000
4.4566083	117.6172638	0.0000000	0.0000000
6.2403364	117.6172638	1.8580501	0.0000000
8.0240641	117.6172638	0.0000000	0.0000000
9.8077927	117.6172638	0.0000000	0.0000000
11.5915203	117.6172638	0.0000000	0.0000000
13.3752489	117.6172638	0.0000000	0.0000000
15.1589766	117.6172638	0.0000000	0.0000000
16.9427032	117.6172638	0.0000000	0.0000000
18.7264328	117.6172638	0.0000000	0.0000000
20.5101604	117.6172638	0.0000000	0.0000000
22.2938881	117.6172638	0.0000000	0.0000000
24.0776157	117.6172638	0.0000000	0.0000000
25.8613453	117.6172638	0.0000000	0.0000000
27.6450729	117.6172638	0.0000000	0.0000000
29.4288006	117.6172638	0.0000000	0.0000000
31.2125282	117.6172638	0.0000000	0.0000000
32.9962578	117.6172638	0.0000000	0.0000000
34.7799835	117.6172638	0.0000000	0.0000000
36.5637131	117.6172638	0.0000000	0.0000000
38.3474426	117.6172638	0.0000000	0.0000000
40.1311722	117.6172638	0.0000000	0.0000000
41.9148979	117.6172638	0.0000000	0.0000000
43.6986275	117.6172638	0.0000000	0.0000000
45.4823532	117.6172638	0.0000000	0.0000000
47.2660828	117.6172638	0.0000000	0.0000000
49.0498085	117.6172638	0.0000000	0.0000000
50.8335381	117.6172638	0.0000000	0.0000000
52.6172676	117.6172638	0.0000000	0.0000000
54.4009972	117.6172638	0.0000000	0.0000000
56.1847229	117.6172638	0.0000000	0.0000000
57.9684486	117.6172638	0.0000000	0.0000000
59.7521782	117.6172638	0.0000000	0.0000000
61.5359077	117.6172638	0.0000000	0.0000000
63.3196297	117.6172638	0.0000000	0.0000000
65.1033630	117.6172638	0.0000000	0.0000000
66.8870850	117.6172638	0.0000000	0.0000000
68.6708145	117.6172638	0.0000000	0.0000000
70.4545441	117.6172638	0.0000000	0.0000000
72.2382736	117.6172638	0.0000000	0.0000000
0.8891521	119.4009933	0.0000000	0.0000000
2.6728802	119.4009933	0.0000000	0.0000000
4.4566083	119.4009933	0.0000000	0.0000000
6.2403364	119.4009933	0.0000000	0.0000000
8.0240641	119.4009933	0.0000000	0.0000000
9.8077927	119.4009933	0.0000000	0.0000000
11.5915203	119.4009933	0.0000000	0.0000000
13.3752489	119.4009933	0.0000000	0.0000000
15.1589766	119.4009933	0.0000000	0.0000000
16.9427032	119.4009933	0.0000000	0.0000000
18.7264328	119.4009933	0.0000000	0.0000000
20.5101604	119.4009933	0.0000000	0.0000000
22.2938881	119.4009933	0.0000000	0.0000000
24.0776157	119.4009933	0.0000000	0.0000000
25.8613453	119.4009933	0.0000000	0.0000000
27.6450729	119.4009933	0.0000000	0.0000000
29.4288006	119.4009933	0.0000000	0.0000000
31.2125282	119.4009933	0.0000000	0.0000000
32.9962578	119.4009933	0.0000000	0.0000000
34.7799835	119.4009933	0.0000000	0.0000000
36.5637131	119.4009933	0.0000000	0.0000000
38.3474426	119.4009933	0.0000000	0.0000000
40.1311722	119.4009933	0.0000000	0.0000000
41.9148979	119.4009933	0.0000000	0.0000000
43.6986275	119.4009933	0.0000000	0.0000000
45.4823532	119.4009933	0.0000000	0.0000000
47.2660828	119.4009933	0.0000000	0.0000000
49.0498085	119.4009933	0.0000000	0.0000000
50.8335381	119.4009933	0.0000000	0.0000000
52.6172676	119.4009933	0.0000000	0.0000000
54.4009972	119.4009933	0.0000000	0.0000000
56.1847229	119.4009933	0.0000000	0.0000000
57.9684486	119.4009933	0.0000000	0.0000000
59.7521782	119.4009933	0.0000000	0.0000000
61.5359077	119.4009933	0.0000000	0.0000000
63.3196297	119.4009933	0.0000000	0.0000000
65.1033630	119.4009933	0.0000000	0.0000000
66.8870850	119.4009933	0.0000000	0.0000000
68.6708145	119.4009933	0.0000000	0.0000000
70.4545441	119.4009933	0.0000000	0.0000000
72.2382736	119.4009933	0.0000000	0.0000000
0.8891521	121.1847229	0.0000000	0.0000000
2.6728802	121.1847229	0.0000000	0.0000000
4.4566083	121.1847229	0.0000000	0.0000000
6.2403364	121.1847229	0.0000000	0.0000000
8.0240641	121.1847229	0.0000000	0.0000000
9.8077927	121.1847229	0.0000000	0.0000000
11.5915203	121.1847229	0.0000000	0.0000000
13.3752489	121.1847229	0.0000000	0.0000000
15.1589766	121.1847229	0.0000000	0.0000000
16.9427032	121.1847229	0.0000000	0.0000000
18.7264328	121.1847229	0.0000000	0.0000000
20.5101604	121.1847229	0.0000000	0.0000000
22.2938881	121.1847229	0.0000000	0.0000000
24.0776157	121.1847229	0.0000000	0.0000000
25.8613453	121.1847229	0.0000000	0.0000000
27.6450729	121.1847229	0.0000000	0.0000000
29.4288006	121.1847229	0.0000000	0.0000000
31.2125282	121.1847229	0.0000000	0.0000000
32.9962578	121.1847229	0.0000000	0.0000000
34.7799835	121.1847229	0.0000000	0.0000000
36.5637131	121.1847229	0.0000000	0.0000000
38.3474426	121.1847229	0.0000000	0.0000000
40.1311722	121.1847229	0.0000000	0.0000000
41.9148979	121.1847229	0.0000000	0.0000000
43.6986275	121.1847229	0.0000000	0.0000000
45.4823532	121.1847229	0.0000000	0.0000000
47.2660828	121.1847229	0.0000000	0.0000000
49.0498085	121.1847229	0.0000000	0.0000000
50.8335381	121.1847229	0.0000000	0.0000000
52.6172676	121.1847229	0.0000000	0.0000000
54.4009972	121.1847229	0.0000000	0.0000000
56.1847229	121.1847229	0.0000000	0.0000000
57.9684486	121.1847229	0.0000000	0.0000000
59.7521782	121.1847229	0.0000000	0.0000000
61.5359077	121.1847229	0.0000000	0.0000000
63.3196297	121.1847229	0.0000000	0.0000000
65.1033630	121.1847229	0.0000000	0.0000000
66.8870850	121.1847229	0.0000000	0.0000000
68.6708145	121.1847229	0.0000000	0.0000000
70.4545441	121.1847229	0.0000000	0.0000000
72.2382736	121.1847229	0.0000000	0.0000000
0.8891521	122.9684525	0.0000000	0.0000000
2.6728802	122.9684525	0.0000000	0.0000000
4.4566083	122.9684525	0.0000000	0.0000000
6.2403364	122.9684525	0.0000000	0.0000000
8.0240641	122.9684525	0.0000000	0.0000000
9.8077927	122.9684525	0.0000000	0.0000000
11.5915203	122.9684525	0.0000000	0.0000000
13.3752489	122.9684525	0.0000000	0.0000000
15.1589766	122.9684525	0.0000000	0.0000000
16.9427032	122.9684525	0.0000000	0.0000000
18.7264328	122.9684525	0.0000000	0.0000000
20.5101604	122.9684525	0.0000000	0.0000000
22.2938881	122.9684525	0.0000000	0.0000000
24.0776157	122.9684525	0.0000000	0.0000000
25.8613453	122.9684525	0.0000000	0.0000000
27.6450729	122.9684525	0.0000000	0.0000000
29.4288006	122.9684525	0.0000000	0.0000000
31.2125282	122.9684525	0.0000000	0.0000000
32.9962578	122.9684525	0.0000000	0.0000000
34.7799835	122.9684525	0.0000000	0.0000000
36.5637131	122.9684525	0.0000000	0.0000000
38.3474426	122.9684525	0.0000000	0.0000000
40.1311722	122.9684525	0.0000000	0.0000000
41.9148979	122.9684525	0.0000000	0.0000000
43.6986275	122.9684525	0.0000000	0.0000000
45.4823532	122.9684525	0.0000000	0.0000000
47.2660828	122.9684525	0.0000000	0.0000000
49.0498085	122.9684525	0.0000000	0.0000000
50.8335381	122.9684525	0.0000000	0.0000000
52.6172676	122.9684525	0.0000000	0.0000000
54.4009972	122.9684525	0.0000000	0.0000000
56.1847229	122.9684525	0.0000000	0.0000000
57.9684486	122.9684525	0.0000000	0.0000000
59.7521782	122.9684525	0.0000000	0.0000000
61.5359077	122.9684525	0.0000000	0.0000000
63.3196297	122.9684525	0.0000000	0.0000000
65.1033630	122.9684525	0.0000000	0.0000000
66.8870850	122.9684525	0.0000000	0.0000000
68.6708145	122.9684525	0.0000000	0.0000000
70.4545441	122.9684525	0.0000000	0.0000000
72.2382736	122.9684525	0.0000000	0.0000000
0.8891521	124.7521820	0.0000000	0.0000000
2.6728802	124.7521820	0.0000000	0.0000000
4.4566083	124.7521820	0.0000000	0.0000000
6.2403364	124.7521820	0.0000000	0.0000000
8.0240641	124.7521820	0.0000000	0.0000000
9.8077927	124.7521820	0.0000000	0.0000000
11.5915203	124.7521820	0.0000000	0.0000000
13.3752489	124.7521820	0.0000000	0.0000000
15.1589766	124.7521820	0.0000000	0.0000000
16.9427032	124.7521820	0.0000000	0.0000000
18.7264328	124.7521820	0.0000000	0.0000000
20.5101604	124.7521820	0.0000000	0.0000000
22.2938881	124.7521820	0.0000000	0.0000000
24.0776157	124.7521820	0.0000000	0.0000000
25.8613453	124.7521820	0.0000000	0.0000000
27.6450729	124.7521820	0.0000000	0.0000000
29.4288006	124.7521820	0.0000000	0.0000000
31.2125282	124.7521820	0.0000000	0.0000000
32.9962578	124.7521820	0.0000000	0.0000000
34.7799835	124.7521820	0.0000000	0.0000000
36.5637131	124.7521820	0.0000000	0.0000000
38.3474426	124.7521820	0.0000000	0.0000000
40.1311722	124.7521820	0.0000000	0.0000000
41.9148979	124.7521820	0.0000000	0.0000000
43.6986275	124.7521820	0.0000000	0.0000000
45.4823532	124.7521820	0.0000000	0.0000000
47.2660828	124.7521820	0.0000000	0.0000000
49.0498085	124.7521820	0.0000000	0.0000000
50.8335381	124.7521820	0.0000000	0.0000000
52.6172676	124.7521820	0.0000000	0.0000000
54.4009972	124.7521820	0.0000000	0.0000000
56.1847229	124.7521820	0.0000000	0.0000000
57.9684486	124.7521820	0.0000000	0.0000000
59.7521782	124.7521820	0.0000000	0.0000000
61.5359077	124.7521820	0.0000000	0.0000000
63.3196297	124.7521820	0.0000000	0.0000000
65.1033630	124.7521820	0.0000000	0.0000000
66.8870850	124.7521820	0.0000000	0.0000000
68.6708145	124.7521820	0.0000000	0.0000000
70.4545441	124.7521820	0.0000000	0.0000000
72.2382736	124.7521820	0.0000000	0.0000000
0.8891521	126.5359039	0.0000000	0.0000000
2.6728802	126.5359039	0.0000000	0.0000000
4.4566083	126.5359039	0.0000000	0.0000000
6.2403364	126.5359039	0.0000000	0.0000000
8.0240641	126.5359039	0.0000000	0.0000000
9.8077927	126.5359039	0.0000000	0.0000000
11.5915203	126.5359039	0.0000000	0.0000000
13.3752489	126.5359039	0.0000000	0.0000000
15.1589766	126.5359039	0.0000000	0.0000000
16.9427032	126.5359039	0.0000000	0.0000000
18.7264328	126.5359039	0.0000000	0.0000000
20.5101604	126.5359039	0.0000000	0.0000000
22.2938881	126.5359039	0.0000000	0.0000000
24.0776157	126.5359039	0.0000000	0.0000000
25.8613453	126.5359039	0.0000000	0.0000000
27.6450729	126.5359039	0.0000000	0.0000000
29.4288006	126.5359039	0.0000000	0.0000000
31.2125282	126.5359039	0.0000000	0.0000000
32.9962578	126.5359039	0.0000000	0.0000000
34.7799835	126.5359039	0.0000000	0.0000000
36.5637131	126.5359039	0.0000000	0.0000000
38.3474426	126.5359039	0.0000000	0.0000000
40.1311722	126.5359039	0.0000000	0.0000000
41.9148979	126.5359039	0.0000000	0.0000000
43.6986275	126.5359039	0.0000000	0.0000000
45.4823532	126.5359039	0.0000000	0.0000000
47.2660828	126.5359039	0.0000000	0.0000000
49.0498085	126.5359039	0.0000000	0.0000000
50.8335381	126.5359039	0.0000000	0.0000000
52.6172676	126.5359039	0.0000000	0.0000000
54.4009972	126.5359039	0.0000000	0.0000000
56.1847229	126.5359039	0.0000000	0.0000000
57.9684486	126.5359039	0.0000000	0.0000000
59.7521782	126.5359039	0.0000000	0.0000000
61.5359077	126.5359039	0.0000000	0.0000000
63.3196297	126.5359039	0.0000000	0.0000000
65.1033630	126.5359039	0.0000000	0.0000000
66.8870850	126.5359039	0.0000000	0.0000000
68.6708145	126.5359039	0.0000000	0.0000000
70.4545441	126.5359039	0.0000000	0.0000000
72.2382736	126.5359039	-0.0929025	0.0232256
0.8891521	128.3196411	0.0000000	0.0000000
2.6728802	128.3196411	0.0000000	0.0000000
4.4566083	128.3196411	0.0000000	0.0000000
6.2403364	128.3196411	0.0000000	0.0000000
8.0240641	128.3196411	0.0000000	0.0000000
9.8077927	128.3196411	0.0000000	0.0000000
11.5915203	128.3196411	0.0000000	0.0000000
13.3752489	128.3196411	0.0000000	0.0000000
15.1589766	128.3196411	0.0000000	0.0000000
16.9427032	128.3196411	0.0000000	0.0000000
18.7264328	128.3196411	0.0000000	0.0000000
20.5101604	128.3196411	0.0000000	0.0000000
22.2938881	128.3196411	0.0000000	0.0000000
24.0776157	128.3196411	0.0000000	0.0000000
25.8613453	128.3196411	0.0000000	0.0000000
27.6450729	128.3196411	0.0000000	0.0000000
29.4288006	128.3196411	0.0000000	0.0000000
31.2125282	128.3196411	0.0000000	0.0000000
32.9962578	128.3196411	0.0000000	0.0000000
34.7799835	128.3196411	0.0000000	0.0000000
36.5637131	128.3196411	0.0000000	0.0000000
38.3474426	128.3196411	0.0000000	0.0000000
40.1311722	128.3196411	0.0000000	0.0000000
41.9148979	128.3196411	0.0000000	0.0000000
43.6986275	128.3196411	0.0000000	0.0000000
45.4823532	128.3196411	0.0000000	0.0000000
47.2660828	128.3196411	0.0000000	0.0000000
49.0498085	128.3196411	0.0000000	0.0000000
50.8335381	128.3196411	0.0000000	0.0000000
52.6172676	128.3196411	0.0000000	0.0000000
54.4009972	128.3196411	0.0000000	0.0000000
56.1847229	128.3196411	0.0000000	0.0000000
57.9684486	128.3196411	0.0000000	0.0000000
59.7521782	128.3196411	0.0000000	0.0000000
61.5359077	128.3196411	0.0000000	0.0000000
63.3196297	128.3196411	0.0000000	0.0000000
65.1033630	128.3196411	0.0000000	0.0000000
66.8870850	128.3196411	-0.0464513	0.0116128
68.6708145	128.3196411	0.0000000	0.0000000
70.4545441	128.3196411	0.0000000	0.0000000
72.2382736	128.3196411	0.0000000	0.0000000
0.8891521	130.1033630	0.0000000	0.0000000
2.6728802	130.1033630	0.0000000	0.0000000
4.4566083	130.1033630	0.0000000	0.0000000
6.2403364	130.1033630	0.0000000	0.0000000
8.0240641	130.1033630	0.0000000	0.0000000
9.8077927	130.1033630	0.0000000	0.0000000
11.5915203	130.1033630	0.0000000	0.0000000
13.3752489	130.1033630	0.0000000	0.0000000
15.1589766	130.1033630	0.0000000	0.0000000
16.9427032	130.1033630	0.0000000	0.0000000
18.7264328	130.1033630	0.0000000	0.0000000
20.5101604	130.1033630	0.0000000	0.0000000
22.2938881	130.1033630	0.0000000	0.0000000
24.0776157	130.1033630	0.0000000	0.0000000
25.8613453	130.1033630	0.0000000	0.0000000
27.6450729	130.1033630	0.0000000	0.0000000
29.4288006	130.1033630	0.0000000	0.0000000
31.2125282	130.1033630	0.0000000	0.0000000
32.9962578	130.1033630	0.0000000	0.0000000
34.7799835	130.1033630	0.0000000	0.0000000
36.5637131	130.1033630	0.0000000	0.0000000
38.3474426	130.1033630	0.0000000	0.0000000
40.1311722	130.1033630	0.0000000	0.0000000
41.9148979	130.1033630	0.0000000	0.0000000
43.6986275	130.1033630	0.0000000	0.0000000
45.4823532	130.1033630	0.0000000	0.0000000
47.2660828	130.1033630	0.0000000	0.0000000
49.0498085	130.1033630	0.0000000	0.0000000
50.8335381	130.1033630	0.0000000	0.0000000
52.6172676	130.1033630	0.0000000	0.0000000
54.4009972	130.1033630	0.0000000	0.0000000
56.1847229	130.1033630	0.0000000	0.0000000
57.9684486	130.1033630	0.0000000	0.0000000
59.7521782	130.1033630	0.0000000	0.0000000
61.5359077	130.1033630	0.0000000	0.0000000
63.3196297	130.1033630	0.0000000	0.0000000
65.1033630	130.1033630	0.0000000	0.0000000
66.8870850	130.1033630	0.0000000	0.0000000
68.6708145	130.1033630	0.0000000	0.0000000
70.4545441	130.1033630	0.0000000	0.0000000
72.2382736	130.1033630	0.0000000	0.0000000
0.8891521	131.8871002	0.0000000	0.0000000
2.6728802	131.8871002	0.0000000	0.0000000
4.4566083	131.8871002	0.0000000	0.0000000
6.2403364	131.8871002	0.0000000	0.0000000
8.0240641	131.8871002	0.0000000	0.0000000
9.8077927	131.8871002	0.0000000	0.0000000
11.5915203	131.8871002	0.0000000	0.0000000
13.3752489	131.8871002	0.0000000	0.0000000
15.1589766	131.8871002	0.0000000	0.0000000
16.9427032	131.8871002	0.0000000	0.0000000
18.7264328	131.8871002	0.0000000	0.0000000
20.5101604	131.8871002	0.0000000	0.0000000
22.2938881	131.8871002	0.0000000	0.0000000
24.0776157	131.8871002	0.0000000	0.0000000
25.8613453	131.8871002	0.0000000	0.0000000
27.6450729	131.8871002	0.0000000	0.0000000
29.4288006	131.8871002	0.0000000	0.0000000
31.2125282	131.8871002	0.0000000	0.0000000
32.9962578	131.8871002	0.0000000	0.0000000
34.7799835	131.8871002	0.0000000	0.0000000
36.5637131	131.8871002	0.0000000	0.0000000
38.3474426	131.8871002	0.0000000	0.0000000
40.1311722	131.8871002	0.0000000	0.0000000
41.9148979	131.8871002	0.0000000	0.0000000
43.6986275	131.8871002	0.0000000	0.0000000
45.4823532	131.8871002	0.0000000	0.0000000
47.2660828	131.8871002	0.0000000	0.0000000
49.0498085	131.8871002	0.0000000	0.0000000
50.8335381	131.8871002	0.0000000	0.0000000
52.6172676	131.8871002	0.0000000	0.0000000
54.4009972	131.8871002	0.0000000	0.0000000
56.1847229	131.8871002	0.0000000	0.0000000
57.9684486	131.8871002	0.0000000	0.0000000
59.7521782	131.8871002	0.0000000	0.0000000
61.5359077	131.8871002	0.0000000	0.0000000
63.3196297	131.8871002	0.0000000	0.0000000
65.1033630	131.8871002	0.0000000	0.0000000
66.8870850	131.8871002	0.0000000	0.0000000
68.6708145	131.8871002	0.0000000	0.0000000
70.4545441	131.8871002	0.0000000	0.0000000
72.2382736	131.8871002	0.0000000	0.0000000
0.8891521	133.6708221	0.0000000	0.0000000
2.6728802	133.6708221	0.0000000	0.0000000
4.4566083	133.6708221	0.0000000	0.0000000
6.2403364	133.6708221	0.0000000	0.0000000
8.0240641	133.6708221	0.0000000	0.0000000
9.8077927	133.6708221	0.0000000	0.0000000
11.5915203	133.6708221	0.0000000	0.0000000
13.3752489	133.6708221	0.0000000	0.0000000
15.1589766	133.6708221	0.0000000	0.0000000
16.9427032	133.6708221	0.0000000	0.0000000
18.7264328	133.6708221	0.0000000	0.0000000
20.5101604	133.6708221	0.0000000	0.0000000
22.2938881	133.6708221	0.0000000	0.0000000
24.0776157	133.6708221	0.0000000	0.0000000
25.8613453	133.6708221	0.0000000	0.0000000
27.6450729	133.6708221	0.0000000	0.0000000
29.4288006	133.6708221	0.0000000	0.0000000
31.2125282	133.6708221	0.0000000	0.0000000
32.9962578	133.6708221	0.0000000	0.0000000
34.7799835	133.6708221	0.0000000	0.0000000
36.5637131	133.6708221	0.0000000	0.0000000
38.3474426	133.6708221	0.0000000	0.0000000
40.1311722	133.6708221	0.0000000	0.0000000
41.9148979	133.6708221	0.0000000	0.0000000
43.6986275	133.6708221	0.0000000	0.0000000
45.4823532	133.6708221	0.0000000	0.0000000
47.2660828	133.6708221	0.0000000	0.0000000
49.0498085	133.6708221	0.0000000	0.0000000
50.8335381	133.6708221	0.0000000	0.0000000
52.6172676	133.6708221	0.0000000	0.0000000
54.4009972	133.6708221	0.0000000	0.0000000
56.1847229	133.6708221	0.0000000	0.0000000
57.9684486	133.6708221	0.0000000	0.0000000
59.7521782	133.6708221	0.0000000	0.0000000
61.5359077	133.6708221	0.0000000	0.0000000
63.3196297	133.6708221	0.0000000	0.0000000
65.1033630	133.6708221	0.0000000	0.0000000
66.8870850	133.6708221	0.0000000	0.0000000
68.6708145	133.6708221	0.0000000	0.0000000
70.4545441	133.6708221	0.0000000	0.0000000
72.2382736	133.6708221	0.0000000	0.0000000
0.8891521	135.4545441	0.0000000	0.0000000
2.6728802	135.4545441	0.0000000	0.0000000
4.4566083	135.4545441	0.0000000	0.0000000
6.2403364	135.4545441	0.0000000	0.0000000
8.0240641	135.4545441	0.0000000	0.0000000
9.8077927	135.4545441	0.0000000	0.0000000
11.5915203	135.4545441	0.0000000	0.0000000
13.3752489	135.4545441	0.0000000	0.0000000
15.1589766	135.4545441	0.0000000	0.0000000
16.9427032	135.4545441	0.0000000	0.0000000
18.7264328	135.4545441	0.0000000	0.0000000
20.5101604	135.4545441	0.0000000	0.0000000
22.2938881	135.4545441	0.0000000	0.0000000
24.0776157	135.4545441	0.0000000	0.0000000
25.8613453	135.4545441	0.0000000	0.0000000
27.6450729	135.4545441	0.0000000	0.0000000
29.4288006	135.4545441	0.0000000	0.0000000
31.2125282	135.4545441	0.0000000	0.0000000
32.9962578	135.4545441	0.0000000	0.0000000
34.7799835	135.4545441	0.0000000	0.0000000
36.5637131	135.4545441	0.0000000	0.0000000
38.3474426	135.4545441	0.0000000	0.0000000
40.1311722	135.4545441	0.0000000	0.0000000
41.9148979	135.4545441	0.0000000	0.0000000
43.6986275	135.4545441	0.0000000	0.0000000
45.4823532	135.4545441	0.0000000	0.0000000
47.2660828	135.4545441	0.0000000	0.0000000
49.0498085	135.4545441	0.0000000	0.0000000
50.8335381	135.4545441	0.0000000	0.0000000
52.6172676	135.4545441	0.0000000	0.0000000
54.4009972	135.4545441	0.0000000	0.0000000
56.1847229	135.4545441	0.0000000	0.0000000
57.9684486	135.4545441	0.0000000	0.0000000
59.7521782	135.4545441	0.0000000	0.0000000
61.5359077	135.4545441	0.0000000	0.0000000
63.3196297	135.4545441	0.0000000	0.0000000
65.1033630	135.4545441	0.0000000	0.0000000
66.8870850	135.4545441	0.0000000	0.0000000
68.6708145	135.4545441	0.0000000	0.0000000
70.4545441	135.4545441	0.0000000	0.0000000
72.2382736	135.4545441	0.0000000	0.0000000
0.8891521	137.2382813	0.0000000	0.0000000
2.6728802	137.2382813	0.0000000	0.0000000
4.4566083	137.2382813	0.0000000	0.0000000
6.2403364	137.2382813	0.0000000	0.0000000
8.0240641	137.2382813	0.0000000	0.0000000
9.8077927	137.2382813	0.0000000	0.0000000
11.5915203	137.2382813	0.0000000	0.0000000
13.3752489	137.2382813	0.0000000	0.0000000
15.1589766	137.2382813	0.0000000	0.0000000
16.9427032	137.2382813	0.0000000	0.0000000
18.7264328	137.2382813	0.0000000	0.0000000
20.5101604	137.2382813	0.0000000	0.0000000
22.2938881	137.2382813	0.0000000	0.0000000
24.0776157	137.2382813	0.0000000	0.0000000
25.8613453	137.2382813	0.0000000	0.0000000
27.6450729	137.2382813	0.0000000	0.0000000
29.4288006	137.2382813	0.0000000	0.0000000
31.2125282	137.2382813	0.0000000	0.0000000
32.9962578	137.2382813	0.0000000	0.0000000
34.7799835	137.2382813	0.0000000	0.0000000
36.5637131	137.2382813	0.0000000	0.0000000
38.3474426	137.2382813	0.0000000	0.0000000
40.1311722	137.2382813	0.0000000	0.0000000
41.9148979	137.2382813	0.0000000	0.0000000
43.6986275	137.2382813	0.0000000	0.0000000
45.4823532	137.2382813	0.0000000	0.0000000
47.2660828	137.2382813	0.0000000	0.0000000
49.0498085	137.2382813	0.0000000	0.0000000
50.8335381	137.2382813	0.0000000	0.0000000
52.6172676	137.2382813	0.0000000	0.0000000
54.4009972	137.2382813	0.0000000	0.0000000
56.1847229	137.2382813	0.0000000	0.0000000
57.9684486	137.2382813	0.0000000	0.0000000
59.7521782	137.2382813	0.0000000	0.0000000
61.5359077	137.2382813	0.0000000	0.0000000
63.3196297	137.2382813	0.0000000	0.0000000
65.1033630	137.2382813	0.0000000	0.0000000
66.8870850	137.2382813	0.0000000	0.0000000
68.6708145	137.2382813	0.0000000	0.0000000
70.4545441	137.2382813	0.0000000	0.0000000
72.2382736	137.2382813	0.0000000	0.0000000
0.8891521	139.0220032	0.0000000	0.0000000
2.6728802	139.0220032	0.0000000	0.0000000
4.4566083	139.0220032	0.0000000	0.0000000
6.2403364	139.0220032	0.0000000	0.0000000
8.0240641	139.0220032	0.0000000	0.0000000
9.8077927	139.0220032	0.0000000	0.0000000
11.5915203	139.0220032	0.0000000	0.0000000
13.3752489	139.0220032	0.0000000	0.0000000
15.1589766	139.0220032	0.0000000	0.0000000
16.9427032	139.0220032	0.0000000	0.0000000
18.7264328	139.0220032	0.0000000	0.0000000
20.5101604	139.0220032	0.0000000	0.0000000
22.2938881	139.0220032	0.0000000	0.0000000
24.0776157	139.0220032	0.0000000	0.0000000
25.8613453	139.0220032	0.0000000	0.0000000
27.6450729	139.0220032	0.0000000	0.0000000
29.4288006	139.0220032	0.0000000	0.0000000
31.2125282	139.0220032	0.0000000	0.0000000
32.9962578	139.0220032	0.0000000	0.0000000
34.7799835	139.0220032	0.0000000	0.0000000
36.5637131	139.0220032	0.0000000	0.0000000
38.3474426	139.0220032	0.0000000	0.0000000
40.1311722	139.0220032	0.0000000	0.0000000
41.9148979	139.0220032	0.0000000	0.0000000
43.6986275	139.0220032	0.0000000	0.0000000
45.4823532	139.0220032	0.0000000	0.0000000
47.2660828	139.0220032	0.0000000	0.0000000
49.0498085	139.0220032	0.0000000	0.0000000
50.8335381	139.0220032	0.0000000	0.0000000
52.6172676	139.0220032	0.0000000	0.0000000
54.4009972	139.0220032	0.0000000	0.0000000
56.1847229	139.0220032	0.0000000	0.0000000
57.9684486	139.0220032	0.0000000	0.0000000
59.7521782	139.0220032	0.0000000	0.0000000
61.5359077	139.0220032	0.0000000	0.0000000
63.3196297	139.0220032	0.0000000	0.0000000
65.1033630	139.0220032	0.0000000	0.0000000
66.8870850	139.0220032	0.0000000	0.0000000
68.6708145	139.0220032	0.0000000	0.0000000
70.4545441	139.0220032	0.0000000	0.0000000
72.2382736	139.0220032	0.0000000	0.0000000
