0.8891521	65.8716507	0.0000000	0.0000000
2.6728802	65.8716507	-0.0116128	-1.1148301
4.4566083	65.8716507	-0.0580641	2.9032035
6.2403364	65.8716507	0.0000000	0.0000000
8.0240641	65.8716507	-0.1741922	2.8683650
9.8077927	65.8716507	0.5690278	0.0696769
11.5915203	65.8716507	-0.0116128	1.2774096
13.3752489	65.8716507	0.0696769	0.2322563
15.1589766	65.8716507	0.1741922	0.0580641
16.9427032	65.8716507	0.0000000	0.0000000
18.7264328	65.8716507	0.0000000	0.0000000
20.5101604	65.8716507	0.0000000	0.0000000
22.2938881	65.8716507	0.0000000	0.0000000
24.0776157	65.8716507	0.0000000	0.0000000
25.8613453	65.8716507	-0.8709610	-0.0116128
27.6450729	65.8716507	-0.4761253	-0.0348384
29.4288006	65.8716507	0.4645125	1.5212786
31.2125282	65.8716507	0.0000000	0.0000000
32.9962578	65.8716507	0.0000000	0.0000000
34.7799835	65.8716507	-0.5690278	0.0812897
36.5637131	65.8716507	-0.1277409	0.1045153
38.3474426	65.8716507	0.0000000	0.0000000
40.1311722	65.8716507	-0.7548329	0.2670947
41.9148979	65.8716507	-0.3948357	0.0929025
43.6986275	65.8716507	-0.7780585	0.2206435
45.4823532	65.8716507	-0.5341894	1.4167633
47.2660828	65.8716507	-0.1045153	1.4632145
49.0498085	65.8716507	0.0000000	0.0000000
50.8335381	65.8716507	0.4528997	2.8567522
52.6172676	65.8716507	0.5109638	3.0077188
54.4009972	65.8716507	-0.5109638	1.6141812
56.1847229	65.8716507	-1.0335404	2.8915906
57.9684486	65.8716507	0.0000000	0.0000000
59.7521782	65.8716507	0.0000000	0.0000000
61.5359077	65.8716507	-0.2787075	1.4748274
63.3196297	65.8716507	0.0000000	0.0000000
65.1033630	65.8716507	0.0000000	0.0000000
66.8870850	65.8716507	-0.0812897	2.9961059
68.6708145	65.8716507	0.0116128	1.4748274
70.4545441	65.8716507	0.0000000	0.0000000
72.2382736	65.8716507	0.0000000	0.0000000
0.8891521	67.6553802	0.0000000	0.0000000
2.6728802	67.6553802	0.0000000	0.0000000
4.4566083	67.6553802	-0.0116128	1.0451533
6.2403364	67.6553802	-0.6270919	0.1393538
8.0240641	67.6553802	-0.0696769	1.4516017
9.8077927	67.6553802	0.0000000	0.0000000
11.5915203	67.6553802	0.0000000	1.4980530
13.3752489	67.6553802	-0.1509666	-0.0116128
15.1589766	67.6553802	0.0000000	0.0000000
16.9427032	67.6553802	-0.7199944	0.0000000
18.7264328	67.6553802	-0.5922534	-0.0116128
20.5101604	67.6553802	0.0000000	0.0000000
22.2938881	67.6553802	0.0000000	0.0000000
24.0776157	67.6553802	0.0000000	0.0000000
25.8613453	67.6553802	0.0929025	0.2787075
27.6450729	67.6553802	0.0812897	0.2670947
29.4288006	67.6553802	-0.7199944	0.0116128
31.2125282	67.6553802	-0.7780585	0.0929025
32.9962578	67.6553802	-0.6154791	1.3006351
34.7799835	67.6553802	-0.6038663	0.0929025
36.5637131	67.6553802	-0.3599972	1.5212786
38.3474426	67.6553802	0.0000000	0.0000000
40.1311722	67.6553802	-0.4993510	0.2787075
41.9148979	67.6553802	-0.2322563	0.3251588
43.6986275	67.6553802	-0.9638635	0.2438691
45.4823532	67.6553802	0.0000000	0.0000000
47.2660828	67.6553802	-0.2903203	0.0696769
49.0498085	67.6553802	0.0000000	0.0000000
50.8335381	67.6553802	0.0000000	0.0000000
52.6172676	67.6553802	0.0000000	0.0000000
54.4009972	67.6553802	-1.2774094	0.0929025
56.1847229	67.6553802	0.0000000	0.0000000
57.9684486	67.6553802	-0.0464513	1.5445043
59.7521782	67.6553802	0.6503175	0.0348384
61.5359077	67.6553802	-0.1741922	2.9844933
63.3196297	67.6553802	-0.9057994	4.3780308
65.1033630	67.6553802	-0.0812897	1.5096658
66.8870850	67.6553802	0.0000000	0.0000000
68.6708145	67.6553802	0.0000000	0.0000000
70.4545441	67.6553802	0.0000000	0.0000000
72.2382736	67.6553802	0.0000000	0.0000000
0.8891521	69.4391022	0.0000000	0.0000000
2.6728802	69.4391022	0.0000000	0.0000000
4.4566083	69.4391022	0.0000000	0.0000000
6.2403364	69.4391022	0.0000000	0.0000000
8.0240641	69.4391022	0.0000000	0.0000000
9.8077927	69.4391022	-0.1045153	1.2077327
11.5915203	69.4391022	0.0000000	0.0000000
13.3752489	69.4391022	-0.3135459	0.0348384
15.1589766	69.4391022	-0.4761253	0.0000000
16.9427032	69.4391022	-1.4516016	0.0116128
18.7264328	69.4391022	0.0000000	0.0000000
20.5101604	69.4391022	-0.5341894	0.0000000
22.2938881	69.4391022	0.0000000	0.0000000
24.0776157	69.4391022	0.0000000	0.0000000
25.8613453	69.4391022	0.0929025	0.2903203
27.6450729	69.4391022	0.0929025	0.2903203
29.4288006	69.4391022	0.0000000	0.0000000
31.2125282	69.4391022	0.0000000	0.0000000
32.9962578	69.4391022	-0.9174122	1.4748274
34.7799835	69.4391022	0.0696769	1.4748274
36.5637131	69.4391022	-0.0232256	1.5096658
38.3474426	69.4391022	0.3832228	-0.0696769
40.1311722	69.4391022	-0.4064485	1.4051505
41.9148979	69.4391022	-0.1858050	1.1148301
43.6986275	69.4391022	-0.3948357	1.5096658
45.4823532	69.4391022	-0.3367716	1.5212786
47.2660828	69.4391022	0.0000000	0.0000000
49.0498085	69.4391022	-0.1393538	0.8825738
50.8335381	69.4391022	0.0116128	1.1380558
52.6172676	69.4391022	0.0000000	0.0000000
54.4009972	69.4391022	-1.0567660	3.1586854
56.1847229	69.4391022	-1.3470863	3.2515879
57.9684486	69.4391022	-1.2657967	3.0309443
59.7521782	69.4391022	0.0000000	0.0000000
61.5359077	69.4391022	-0.2787075	-0.0464513
63.3196297	69.4391022	0.0000000	0.0000000
65.1033630	69.4391022	0.0000000	0.0000000
66.8870850	69.4391022	0.0000000	0.0000000
68.6708145	69.4391022	0.0000000	0.0000000
70.4545441	69.4391022	0.0000000	0.0000000
72.2382736	69.4391022	0.0000000	0.0000000
0.8891521	71.2228317	0.0000000	0.0000000
2.6728802	71.2228317	0.0000000	0.0000000
4.4566083	71.2228317	0.0000000	0.0000000
6.2403364	71.2228317	-3.5419080	-0.0116128
8.0240641	71.2228317	-0.0348384	-0.1161281
9.8077927	71.2228317	0.0000000	0.0000000
11.5915203	71.2228317	-0.1741922	0.1625794
13.3752489	71.2228317	-0.2554819	-0.0232256
15.1589766	71.2228317	0.0000000	0.0000000
16.9427032	71.2228317	0.0000000	0.0000000
18.7264328	71.2228317	0.0000000	0.0000000
20.5101604	71.2228317	0.0000000	0.0000000
22.2938881	71.2228317	-0.5574150	0.0000000
24.0776157	71.2228317	0.0000000	0.0000000
25.8613453	71.2228317	-1.0219276	-0.0232256
27.6450729	71.2228317	-2.0786936	1.4632145
29.4288006	71.2228317	0.0000000	0.0000000
31.2125282	71.2228317	0.0000000	0.0000000
32.9962578	71.2228317	-0.7548329	-0.0464513
34.7799835	71.2228317	-0.8709610	0.0116128
36.5637131	71.2228317	-0.7199944	0.1161281
38.3474426	71.2228317	-0.0464513	4.4477077
40.1311722	71.2228317	-1.5793426	0.4645126
41.9148979	71.2228317	-0.7896713	1.1032174
43.6986275	71.2228317	-0.4180613	1.4399890
45.4823532	71.2228317	-1.1496685	1.7651477
47.2660828	71.2228317	0.0000000	0.0000000
49.0498085	71.2228317	-0.1858050	1.4632145
50.8335381	71.2228317	0.2438691	2.7290113
52.6172676	71.2228317	-0.4877381	3.1238470
54.4009972	71.2228317	-1.8464372	1.1032174
56.1847229	71.2228317	-1.3703120	3.4490058
57.9684486	71.2228317	-0.8825738	2.9264290
59.7521782	71.2228317	-0.0464513	1.5212786
61.5359077	71.2228317	-0.0812897	1.4864402
63.3196297	71.2228317	-0.0464513	2.8451395
65.1033630	71.2228317	0.0000000	0.0000000
66.8870850	71.2228317	0.0000000	0.0000000
68.6708145	71.2228317	0.0116128	0.8477354
70.4545441	71.2228317	0.1393538	-1.4864402
72.2382736	71.2228317	0.0000000	0.0000000
0.8891521	73.0065613	0.0000000	0.0000000
2.6728802	73.0065613	0.0000000	0.0000000
4.4566083	73.0065613	-0.0464513	1.3935376
6.2403364	73.0065613	-1.2193453	1.4632145
8.0240641	73.0065613	-0.0929025	0.5574151
9.8077927	73.0065613	-0.1625794	0.3716100
11.5915203	73.0065613	-0.2206434	-0.1625794
13.3752489	73.0065613	-0.4412869	-0.1625794
15.1589766	73.0065613	0.0000000	0.0000000
16.9427032	73.0065613	0.0000000	0.0000000
18.7264328	73.0065613	0.0000000	0.0000000
20.5101604	73.0065613	-1.3006351	0.0464513
22.2938881	73.0065613	-1.3470863	0.0348384
24.0776157	73.0065613	-0.8825738	-0.0116128
25.8613453	73.0065613	0.0000000	0.0000000
27.6450729	73.0065613	0.0000000	0.0000000
29.4288006	73.0065613	0.1045153	-1.4748274
31.2125282	73.0065613	-0.7664456	0.0348384
32.9962578	73.0065613	-0.7780585	0.0232256
34.7799835	73.0065613	-0.7316072	-0.0348384
36.5637131	73.0065613	-0.6154791	-0.0580641
38.3474426	73.0065613	-0.7548329	-0.0116128
40.1311722	73.0065613	-1.4980528	1.0567660
41.9148979	73.0065613	2.9148161	-0.1858050
43.6986275	73.0065613	-0.9522507	1.8348246
45.4823532	73.0065613	-1.0219276	1.5793427
47.2660828	73.0065613	-0.5225766	1.4167633
49.0498085	73.0065613	-0.6619303	1.5328914
50.8335381	73.0065613	-0.0116128	-1.2541839
52.6172676	73.0065613	-0.4993510	-0.1393538
54.4009972	73.0065613	-0.6967688	2.7173984
56.1847229	73.0065613	-2.7638495	0.0464513
57.9684486	73.0065613	-0.8012841	2.1251450
59.7521782	73.0065613	-0.3135459	1.7419221
61.5359077	73.0065613	0.0348384	1.7070837
63.3196297	73.0065613	-0.2090306	0.0696769
65.1033630	73.0065613	0.1741922	0.1858050
66.8870850	73.0065613	0.0232256	2.0438552
68.6708145	73.0065613	0.0000000	0.0000000
70.4545441	73.0065613	1.6257938	1.4748274
72.2382736	73.0065613	0.0000000	0.0000000
0.8891521	74.7902908	0.0000000	0.0000000
2.6728802	74.7902908	0.0000000	0.0000000
4.4566083	74.7902908	-0.0812897	0.3367716
6.2403364	74.7902908	-1.4283760	1.3703121
8.0240641	74.7902908	-0.7896713	0.1277409
9.8077927	74.7902908	-0.2438691	0.0696769
11.5915203	74.7902908	-0.6270919	-0.1277409
13.3752489	74.7902908	-0.7896713	-0.0929025
15.1589766	74.7902908	0.0000000	0.0000000
16.9427032	74.7902908	0.0000000	0.0000000
18.7264328	74.7902908	-0.8477353	0.0348384
20.5101604	74.7902908	-1.1380557	0.0464513
22.2938881	74.7902908	0.0000000	0.0000000
24.0776157	74.7902908	-0.7780585	0.0116128
25.8613453	74.7902908	-0.7316072	0.0116128
27.6450729	74.7902908	0.0000000	0.0000000
29.4288006	74.7902908	0.0000000	0.0000000
31.2125282	74.7902908	0.0000000	0.0000000
32.9962578	74.7902908	-0.7199944	0.0000000
34.7799835	74.7902908	-0.2903203	0.0000000
36.5637131	74.7902908	-0.5109638	-0.0348384
38.3474426	74.7902908	-0.3483844	-0.0812897
40.1311722	74.7902908	-0.1858050	-0.1393538
41.9148979	74.7902908	-0.3135459	0.0116128
43.6986275	74.7902908	-0.6038663	1.1961198
45.4823532	74.7902908	-0.9057994	1.5096658
47.2660828	74.7902908	-0.3367716	1.3586992
49.0498085	74.7902908	-0.6503175	1.6838580
50.8335381	74.7902908	-1.3586991	2.8219137
52.6172676	74.7902908	-0.7780585	2.5199807
54.4009972	74.7902908	-0.2206434	2.8219137
56.1847229	74.7902908	-0.6154791	2.6825600
57.9684486	74.7902908	0.0000000	0.0000000
59.7521782	74.7902908	-1.3354735	1.6606324
61.5359077	74.7902908	0.0580641	1.4632145
63.3196297	74.7902908	-0.1625794	0.5341895
65.1033630	74.7902908	0.0000000	0.0000000
66.8870850	74.7902908	0.0000000	0.0000000
68.6708145	74.7902908	0.0000000	0.0000000
70.4545441	74.7902908	0.0000000	0.0000000
72.2382736	74.7902908	0.0000000	0.0000000
0.8891521	76.5740204	0.0000000	0.0000000
2.6728802	76.5740204	0.0000000	0.0000000
4.4566083	76.5740204	-0.0348384	0.1045153
6.2403364	76.5740204	-1.6490195	1.4632145
8.0240641	76.5740204	-1.1961198	0.8593482
9.8077927	76.5740204	-0.4645125	0.2438691
11.5915203	76.5740204	-0.8593482	-0.0232256
13.3752489	76.5740204	-0.9522507	-0.1045153
15.1589766	76.5740204	-0.3367716	-1.4167633
16.9427032	76.5740204	0.0000000	0.0000000
18.7264328	76.5740204	0.0000000	0.0000000
20.5101604	76.5740204	0.0000000	0.0000000
22.2938881	76.5740204	-1.1496685	0.0116128
24.0776157	76.5740204	0.0000000	0.0000000
25.8613453	76.5740204	2.7986879	1.4864402
27.6450729	76.5740204	0.0000000	0.0000000
29.4288006	76.5740204	0.0000000	0.0000000
31.2125282	76.5740204	0.0000000	0.0000000
32.9962578	76.5740204	-0.6851560	-0.0232256
34.7799835	76.5740204	0.0000000	0.0000000
36.5637131	76.5740204	-0.6503175	-0.0116128
38.3474426	76.5740204	-0.6967688	0.1625794
40.1311722	76.5740204	-0.6503175	0.1858050
41.9148979	76.5740204	-0.3599972	0.0580641
43.6986275	76.5740204	-0.5109638	0.7664457
45.4823532	76.5740204	-0.6038663	1.2077327
47.2660828	76.5740204	-1.0219276	1.7186965
49.0498085	76.5740204	-0.6387047	2.0438552
50.8335381	76.5740204	-0.9870891	2.8335266
52.6172676	76.5740204	-1.0567660	3.0773957
54.4009972	76.5740204	-0.7432200	3.0541701
56.1847229	76.5740204	0.0000000	0.0000000
57.9684486	76.5740204	0.0000000	0.0000000
59.7521782	76.5740204	0.0000000	0.0000000
61.5359077	76.5740204	0.0232256	1.3935376
63.3196297	76.5740204	0.0000000	0.0000000
65.1033630	76.5740204	-0.1858050	1.3819249
66.8870850	76.5740204	-0.0464513	4.1690001
68.6708145	76.5740204	0.0000000	0.0000000
70.4545441	76.5740204	0.0000000	0.0000000
72.2382736	76.5740204	0.0000000	0.0000000
0.8891521	78.3577499	0.0000000	0.0000000
2.6728802	78.3577499	0.0000000	0.0000000
4.4566083	78.3577499	-0.3251588	3.1702981
6.2403364	78.3577499	-1.4283760	1.8928887
8.0240641	78.3577499	-0.2438691	0.6851560
9.8077927	78.3577499	-0.7199944	0.3135460
11.5915203	78.3577499	-1.4167632	-0.0580641
13.3752489	78.3577499	-0.6038663	-0.4064485
15.1589766	78.3577499	-0.6967688	-0.3599972
16.9427032	78.3577499	0.0232256	-1.3354737
18.7264328	78.3577499	-0.1858050	-0.0116128
20.5101604	78.3577499	0.0000000	0.0000000
22.2938881	78.3577499	0.0000000	0.0000000
24.0776157	78.3577499	-0.8128969	-0.0116128
25.8613453	78.3577499	0.2322563	2.9612675
27.6450729	78.3577499	0.0000000	0.0000000
29.4288006	78.3577499	0.0000000	0.0000000
31.2125282	78.3577499	0.0000000	0.0000000
32.9962578	78.3577499	0.0000000	0.0000000
34.7799835	78.3577499	0.0000000	0.0000000
36.5637131	78.3577499	-0.6154791	0.0116128
38.3474426	78.3577499	-0.5458022	0.0464513
40.1311722	78.3577499	-0.4645125	0.0464513
41.9148979	78.3577499	-0.2903203	0.6270919
43.6986275	78.3577499	-0.2903203	0.5806407
45.4823532	78.3577499	-0.9057994	1.3122480
47.2660828	78.3577499	-1.2309582	2.6012702
49.0498085	78.3577499	1.3006351	1.5909555
50.8335381	78.3577499	-1.5445042	3.3909416
52.6172676	78.3577499	-1.5561169	3.6928749
54.4009972	78.3577499	-1.2425710	3.6696491
56.1847229	78.3577499	0.0000000	0.0000000
57.9684486	78.3577499	-1.1496685	2.9148164
59.7521782	78.3577499	0.0000000	0.0000000
61.5359077	78.3577499	0.0812897	2.8799779
63.3196297	78.3577499	-0.0348384	2.8799779
65.1033630	78.3577499	-0.0116128	0.4645126
66.8870850	78.3577499	0.0348384	1.8580502
68.6708145	78.3577499	0.0000000	0.0000000
70.4545441	78.3577499	3.0425570	1.4864402
72.2382736	78.3577499	0.0000000	0.0000000
0.8891521	80.1414719	0.0000000	0.0000000
2.6728802	80.1414719	0.0000000	0.0000000
4.4566083	80.1414719	0.0000000	0.0000000
6.2403364	80.1414719	-0.9406378	2.4270780
8.0240641	80.1414719	-0.0580641	2.7870753
9.8077927	80.1414719	-0.7199944	0.1625794
11.5915203	80.1414719	-0.7083816	0.0929025
13.3752489	80.1414719	-0.1277409	-0.5690279
15.1589766	80.1414719	-0.3367716	-0.7780585
16.9427032	80.1414719	0.0116128	-1.2890223
18.7264328	80.1414719	-0.1509666	0.0000000
20.5101604	80.1414719	-0.6154791	0.0000000
22.2938881	80.1414719	0.0000000	0.0000000
24.0776157	80.1414719	0.0348384	2.9728804
25.8613453	80.1414719	0.0000000	0.0000000
27.6450729	80.1414719	0.0000000	0.0000000
29.4288006	80.1414719	-0.2090306	0.0232256
31.2125282	80.1414719	0.0580641	4.4477077
32.9962578	80.1414719	0.0000000	0.0000000
34.7799835	80.1414719	0.0000000	0.0000000
36.5637131	80.1414719	-0.0929025	0.0116128
38.3474426	80.1414719	-0.1625794	0.1625794
40.1311722	80.1414719	-0.1858050	0.2554819
41.9148979	80.1414719	-0.2787075	0.5341895
43.6986275	80.1414719	-0.2322563	0.5806407
45.4823532	80.1414719	0.1161281	2.6941729
47.2660828	80.1414719	-1.1612813	2.2296603
49.0498085	80.1414719	-0.9406378	3.0890086
50.8335381	80.1414719	-3.7044873	0.1741922
52.6172676	80.1414719	-1.4051504	3.7044876
54.4009972	80.1414719	-2.7754624	1.9161143
56.1847229	80.1414719	-0.1045153	-0.8128970
57.9684486	80.1414719	-2.7870750	3.1470726
59.7521782	80.1414719	0.0580641	2.7638497
61.5359077	80.1414719	-0.3367716	2.7986882
63.3196297	80.1414719	-0.1509666	2.9264290
65.1033630	80.1414719	0.0929025	3.0077188
66.8870850	80.1414719	-0.0464513	1.6141812
68.6708145	80.1414719	0.0348384	1.0683789
70.4545441	80.1414719	0.0000000	0.0000000
72.2382736	80.1414719	0.0000000	0.0000000
0.8891521	81.9252014	-0.0696769	-1.4864402
2.6728802	81.9252014	0.0000000	0.0000000
4.4566083	81.9252014	-0.0464513	3.2167494
6.2403364	81.9252014	0.0000000	0.0000000
8.0240641	81.9252014	0.0000000	0.0000000
9.8077927	81.9252014	0.0000000	0.0000000
11.5915203	81.9252014	-1.4516016	1.2193455
13.3752489	81.9252014	-0.2206434	1.1961198
15.1589766	81.9252014	0.2554819	-0.4528998
16.9427032	81.9252014	0.1161281	-0.6270919
18.7264328	81.9252014	-0.0116128	0.0116128
20.5101604	81.9252014	-0.0812897	0.0348384
22.2938881	81.9252014	-1.4283760	0.0232256
24.0776157	81.9252014	0.0000000	0.0000000
25.8613453	81.9252014	-1.1496685	1.3354737
27.6450729	81.9252014	-0.6503175	0.0812897
29.4288006	81.9252014	-0.1974178	0.0232256
31.2125282	81.9252014	0.0000000	0.0000000
32.9962578	81.9252014	0.0812897	2.9612675
34.7799835	81.9252014	0.0000000	0.0000000
36.5637131	81.9252014	0.0000000	0.0000000
38.3474426	81.9252014	-0.1161281	0.1393538
40.1311722	81.9252014	-0.0929025	0.1858050
41.9148979	81.9252014	-0.1741922	0.1509666
43.6986275	81.9252014	-0.0232256	0.1277409
45.4823532	81.9252014	-0.0580641	0.8477354
47.2660828	81.9252014	-0.2903203	2.1135321
49.0498085	81.9252014	-0.6503175	3.2515879
50.8335381	81.9252014	-0.6154791	4.0528722
52.6172676	81.9252014	-0.2787075	3.4141674
54.4009972	81.9252014	-0.0696769	3.6696491
56.1847229	81.9252014	-1.2077326	4.1806130
57.9684486	81.9252014	-1.6374066	3.6812620
59.7521782	81.9252014	-0.1509666	4.4012566
61.5359077	81.9252014	-0.6503175	3.2515879
63.3196297	81.9252014	-0.1509666	3.0541701
65.1033630	81.9252014	0.0000000	3.5651338
66.8870850	81.9252014	0.0348384	2.9728804
68.6708145	81.9252014	-0.0232256	0.9638636
70.4545441	81.9252014	0.0000000	0.0000000
72.2382736	81.9252014	0.0000000	0.0000000
0.8891521	83.7089233	0.0000000	0.0000000
2.6728802	83.7089233	0.0000000	0.0000000
4.4566083	83.7089233	0.0232256	4.0993233
6.2403364	83.7089233	-0.1858050	3.7625518
8.0240641	83.7089233	0.1161281	3.7044876
9.8077927	83.7089233	-0.3019331	-0.0464513
11.5915203	83.7089233	0.0696769	-0.0464513
13.3752489	83.7089233	0.5806407	0.1161281
15.1589766	83.7089233	0.4877381	-0.4180613
16.9427032	83.7089233	0.0812897	-0.8012841
18.7264328	83.7089233	0.0000000	0.0000000
20.5101604	83.7089233	0.0000000	0.0000000
22.2938881	83.7089233	0.5458022	0.0116128
24.0776157	83.7089233	0.0000000	0.0000000
25.8613453	83.7089233	0.5574150	0.0116128
27.6450729	83.7089233	0.1277409	0.0232256
29.4288006	83.7089233	0.2090306	0.0232256
31.2125282	83.7089233	0.0929025	1.4864402
32.9962578	83.7089233	0.0000000	0.0000000
34.7799835	83.7089233	0.0000000	0.0000000
36.5637131	83.7089233	0.0000000	0.0000000
38.3474426	83.7089233	0.0000000	0.0000000
40.1311722	83.7089233	-0.2322563	0.6387048
41.9148979	83.7089233	-0.1393538	0.3483844
43.6986275	83.7089233	-0.1161281	0.2206435
45.4823532	83.7089233	-0.0696769	0.2438691
47.2660828	83.7089233	-0.1509666	2.2761116
49.0498085	83.7089233	-0.1741922	2.6361089
50.8335381	83.7089233	-0.0464513	3.4954569
52.6172676	83.7089233	-0.6619303	3.6348107
54.4009972	83.7089233	0.0000000	0.0000000
56.1847229	83.7089233	0.0000000	0.0000000
57.9684486	83.7089233	-1.2193453	3.7277133
59.7521782	83.7089233	0.0000000	1.5096658
61.5359077	83.7089233	-0.5690278	3.5767467
63.3196297	83.7089233	0.0000000	0.0000000
65.1033630	83.7089233	-1.4283760	0.2090307
66.8870850	83.7089233	0.0000000	0.0000000
68.6708145	83.7089233	0.0000000	0.0000000
70.4545441	83.7089233	0.0000000	0.0000000
72.2382736	83.7089233	0.0000000	0.0000000
0.8891521	85.4926529	0.0000000	0.0000000
2.6728802	85.4926529	0.0000000	0.0000000
4.4566083	85.4926529	-0.1277409	0.1974178
6.2403364	85.4926529	0.0116128	4.3431926
8.0240641	85.4926529	0.1277409	4.4360948
9.8077927	85.4926529	0.0000000	0.0000000
11.5915203	85.4926529	0.0812897	-0.1161281
13.3752489	85.4926529	0.7432200	0.4180613
15.1589766	85.4926529	0.5225766	0.0116128
16.9427032	85.4926529	0.1858050	-0.0232256
18.7264328	85.4926529	0.0000000	0.0000000
20.5101604	85.4926529	0.0000000	0.0000000
22.2938881	85.4926529	0.5690278	0.0232256
24.0776157	85.4926529	-0.8825738	1.4399890
25.8613453	85.4926529	0.0000000	0.0000000
27.6450729	85.4926529	0.0000000	0.0000000
29.4288006	85.4926529	-0.7083816	0.1161281
31.2125282	85.4926529	-0.1858050	0.0580641
32.9962578	85.4926529	0.0000000	0.0000000
34.7799835	85.4926529	0.0000000	0.0000000
36.5637131	85.4926529	0.0000000	0.0000000
38.3474426	85.4926529	0.0000000	0.0000000
40.1311722	85.4926529	-1.3122479	1.7651477
41.9148979	85.4926529	0.0000000	0.0000000
43.6986275	85.4926529	-0.0812897	0.2554819
45.4823532	85.4926529	-0.0812897	0.6387048
47.2660828	85.4926529	0.1045153	1.0683789
49.0498085	85.4926529	0.1741922	2.4851422
50.8335381	85.4926529	-0.0929025	3.9367440
52.6172676	85.4926529	0.0000000	0.0000000
54.4009972	85.4926529	-0.0116128	-1.3006351
56.1847229	85.4926529	0.0000000	0.0000000
57.9684486	85.4926529	0.0000000	0.0000000
59.7521782	85.4926529	-0.3948357	3.9948080
61.5359077	85.4926529	-0.5458022	3.7161005
63.3196297	85.4926529	0.0580641	3.5419083
65.1033630	85.4926529	0.2670947	2.2993371
66.8870850	85.4926529	-0.0116128	2.5083678
68.6708145	85.4926529	0.0348384	-0.8941867
70.4545441	85.4926529	0.0000000	0.0000000
72.2382736	85.4926529	0.0000000	0.0000000
0.8891521	87.2763824	0.0000000	0.0000000
2.6728802	87.2763824	0.0000000	0.0000000
4.4566083	87.2763824	0.0464513	-0.9290251
6.2403364	87.2763824	-0.1625794	-1.2541839
8.0240641	87.2763824	0.0000000	0.0000000
9.8077927	87.2763824	0.0000000	0.0000000
11.5915203	87.2763824	0.1045153	0.4877382
13.3752489	87.2763824	0.6735432	0.5341895
15.1589766	87.2763824	0.5922534	0.1509666
16.9427032	87.2763824	0.0580641	0.0464513
18.7264328	87.2763824	-0.0116128	0.0232256
20.5101604	87.2763824	0.2206434	0.1161281
22.2938881	87.2763824	-0.7548329	0.0232256
24.0776157	87.2763824	0.0000000	0.0000000
25.8613453	87.2763824	0.0000000	0.0000000
27.6450729	87.2763824	0.0000000	0.0000000
29.4288006	87.2763824	-0.8245097	0.0116128
31.2125282	87.2763824	0.0000000	0.0000000
32.9962578	87.2763824	0.0000000	0.0000000
34.7799835	87.2763824	0.0000000	0.0000000
36.5637131	87.2763824	0.0000000	0.0000000
38.3474426	87.2763824	-0.3135459	0.0232256
40.1311722	87.2763824	-0.1741922	0.0580641
41.9148979	87.2763824	0.0000000	0.0000000
43.6986275	87.2763824	0.0348384	0.1509666
45.4823532	87.2763824	0.1277409	0.2787075
47.2660828	87.2763824	0.0929025	0.8128970
49.0498085	87.2763824	-0.2554819	2.1948218
50.8335381	87.2763824	-0.4180613	3.7277133
52.6172676	87.2763824	0.0000000	0.0000000
54.4009972	87.2763824	-0.4180613	-0.0580641
56.1847229	87.2763824	0.0000000	0.0000000
57.9684486	87.2763824	0.0000000	0.0000000
59.7521782	87.2763824	0.0000000	0.0000000
61.5359077	87.2763824	0.0000000	0.0000000
63.3196297	87.2763824	0.0000000	0.0000000
65.1033630	87.2763824	-0.0232256	2.9496548
66.8870850	87.2763824	0.0000000	2.8567522
68.6708145	87.2763824	0.0000000	-0.8361226
70.4545441	87.2763824	-0.0929025	-1.4748274
72.2382736	87.2763824	0.0000000	0.0000000
0.8891521	89.0601120	0.0000000	0.0000000
2.6728802	89.0601120	0.0000000	0.0000000
4.4566083	89.0601120	-0.0116128	0.8709611
6.2403364	89.0601120	0.1045153	-0.1045153
8.0240641	89.0601120	0.0000000	0.0000000
9.8077927	89.0601120	-0.4180613	0.1277409
11.5915203	89.0601120	0.1277409	0.4180613
13.3752489	89.0601120	0.5225766	1.0683789
15.1589766	89.0601120	0.3832228	0.4761254
16.9427032	89.0601120	0.1974178	0.0348384
18.7264328	89.0601120	0.0000000	0.0000000
20.5101604	89.0601120	0.5225766	0.0464513
22.2938881	89.0601120	0.8941866	0.0116128
24.0776157	89.0601120	-0.1625794	0.0000000
25.8613453	89.0601120	0.0000000	0.0000000
27.6450729	89.0601120	0.0000000	0.0000000
29.4288006	89.0601120	0.0000000	0.0000000
31.2125282	89.0601120	0.0000000	0.0000000
32.9962578	89.0601120	-0.9522507	0.0116128
34.7799835	89.0601120	0.0000000	0.0000000
36.5637131	89.0601120	-0.1277409	0.0232256
38.3474426	89.0601120	-0.5806407	0.0232256
40.1311722	89.0601120	0.0000000	0.0000000
41.9148979	89.0601120	0.0000000	0.2206435
43.6986275	89.0601120	0.0696769	0.1045153
45.4823532	89.0601120	0.4877381	0.1045153
47.2660828	89.0601120	0.4412869	0.2787075
49.0498085	89.0601120	0.5922534	1.5561171
50.8335381	89.0601120	0.5225766	1.8348246
52.6172676	89.0601120	0.0000000	0.0000000
54.4009972	89.0601120	0.0000000	0.0000000
56.1847229	89.0601120	0.0000000	0.0000000
57.9684486	89.0601120	0.0000000	0.0000000
59.7521782	89.0601120	0.0000000	0.0000000
61.5359077	89.0601120	0.6154791	0.0580641
63.3196297	89.0601120	0.2903203	3.1586854
65.1033630	89.0601120	0.1974178	3.0773957
66.8870850	89.0601120	0.0000000	0.0000000
68.6708145	89.0601120	0.0116128	1.6838580
70.4545441	89.0601120	0.0000000	0.0000000
72.2382736	89.0601120	-0.3019331	-2.9728804
0.8891521	90.8438416	0.0000000	0.0000000
2.6728802	90.8438416	0.0000000	0.0000000
4.4566083	90.8438416	0.0000000	0.0000000
6.2403364	90.8438416	0.0000000	0.0000000
8.0240641	90.8438416	0.0348384	1.2657967
9.8077927	90.8438416	0.2903203	0.0696769
11.5915203	90.8438416	0.4180613	0.1509666
13.3752489	90.8438416	0.6154791	1.1612813
15.1589766	90.8438416	0.2438691	0.9870892
16.9427032	90.8438416	0.0000000	0.0000000
18.7264328	90.8438416	0.3483844	0.0232256
20.5101604	90.8438416	0.0000000	0.0000000
22.2938881	90.8438416	0.0000000	0.0000000
24.0776157	90.8438416	-0.9057994	1.4748274
25.8613453	90.8438416	-0.3135459	0.0116128
27.6450729	90.8438416	0.0000000	0.0000000
29.4288006	90.8438416	0.0000000	0.0000000
31.2125282	90.8438416	0.0000000	0.0000000
32.9962578	90.8438416	0.0000000	0.0000000
34.7799835	90.8438416	0.0000000	0.0000000
36.5637131	90.8438416	0.0000000	0.0000000
38.3474426	90.8438416	0.0000000	0.0000000
40.1311722	90.8438416	0.0000000	0.0000000
41.9148979	90.8438416	0.0000000	0.0000000
43.6986275	90.8438416	-0.0232256	0.0348384
45.4823532	90.8438416	-2.1832089	1.3935376
47.2660828	90.8438416	0.5690278	0.2670947
49.0498085	90.8438416	0.2438691	1.5561171
50.8335381	90.8438416	0.4761253	2.7986882
52.6172676	90.8438416	0.3019331	3.0541701
54.4009972	90.8438416	-0.4877381	3.0193317
56.1847229	90.8438416	3.6812618	-0.1045153
57.9684486	90.8438416	0.0000000	0.0000000
59.7521782	90.8438416	0.0929025	4.3548050
61.5359077	90.8438416	0.3251588	-0.0580641
63.3196297	90.8438416	3.9599693	0.4180613
65.1033630	90.8438416	-0.1045153	3.2283623
66.8870850	90.8438416	-0.2090306	3.1935239
68.6708145	90.8438416	0.0000000	0.0000000
70.4545441	90.8438416	0.0000000	0.0000000
72.2382736	90.8438416	0.0000000	0.0000000
0.8891521	92.6275711	0.0000000	0.0000000
2.6728802	92.6275711	0.0000000	0.0000000
4.4566083	92.6275711	0.0464513	3.3096519
6.2403364	92.6275711	1.6490195	0.3019332
8.0240641	92.6275711	0.7083816	4.1341619
9.8077927	92.6275711	2.5083675	0.0464513
11.5915203	92.6275711	0.0000000	0.0000000
13.3752489	92.6275711	0.6038663	0.6154791
15.1589766	92.6275711	0.6270919	0.9522507
16.9427032	92.6275711	0.0000000	0.0000000
18.7264328	92.6275711	0.0580641	1.4283761
20.5101604	92.6275711	0.0000000	0.0000000
22.2938881	92.6275711	0.6038663	0.0116128
24.0776157	92.6275711	-0.8941866	1.4864402
25.8613453	92.6275711	0.0000000	0.0000000
27.6450729	92.6275711	0.0000000	0.0000000
29.4288006	92.6275711	0.0000000	0.0000000
31.2125282	92.6275711	0.0000000	0.0000000
32.9962578	92.6275711	0.0000000	0.0000000
34.7799835	92.6275711	-0.8012841	0.0116128
36.5637131	92.6275711	0.0000000	0.0000000
38.3474426	92.6275711	-0.0696769	2.2412732
40.1311722	92.6275711	0.0000000	0.0000000
41.9148979	92.6275711	-0.5109638	-0.0348384
43.6986275	92.6275711	0.0812897	-0.0580641
45.4823532	92.6275711	0.4761253	0.0348384
47.2660828	92.6275711	0.5922534	0.0464513
49.0498085	92.6275711	-2.8915904	-2.0322425
50.8335381	92.6275711	0.3483844	3.0077188
52.6172676	92.6275711	0.5690278	3.7741644
54.4009972	92.6275711	-0.2670947	3.7857773
56.1847229	92.6275711	0.0000000	0.0000000
57.9684486	92.6275711	-0.2322563	4.3664179
59.7521782	92.6275711	3.6115849	0.2206435
61.5359077	92.6275711	0.3135459	0.6503175
63.3196297	92.6275711	-1.5561169	0.0696769
65.1033630	92.6275711	0.1277409	1.4283761
66.8870850	92.6275711	-0.2787075	2.1599834
68.6708145	92.6275711	0.0000000	0.0000000
70.4545441	92.6275711	0.0000000	0.0000000
72.2382736	92.6275711	0.0000000	0.0000000
0.8891521	94.4113007	0.0000000	0.0000000
2.6728802	94.4113007	0.0000000	0.0000000
4.4566083	94.4113007	-0.0812897	3.6580365
6.2403364	94.4113007	0.1393538	3.0309443
8.0240641	94.4113007	0.2903203	1.3006351
9.8077927	94.4113007	0.0929025	2.8335266
11.5915203	94.4113007	0.4064485	1.6141812
13.3752489	94.4113007	0.4993510	0.9638636
15.1589766	94.4113007	0.6619303	1.0219276
16.9427032	94.4113007	0.0464513	1.4516017
18.7264328	94.4113007	0.1277409	0.0929025
20.5101604	94.4113007	0.0000000	0.0000000
22.2938881	94.4113007	-0.0696769	0.0000000
24.0776157	94.4113007	0.0000000	0.0000000
25.8613453	94.4113007	0.0000000	0.0000000
27.6450729	94.4113007	0.0000000	0.0000000
29.4288006	94.4113007	0.0000000	0.0000000
31.2125282	94.4113007	0.0000000	0.0000000
32.9962578	94.4113007	-0.4993510	1.4864402
34.7799835	94.4113007	-0.6735432	1.2309582
36.5637131	94.4113007	0.0000000	0.0000000
38.3474426	94.4113007	-0.6154791	0.0929025
40.1311722	94.4113007	-0.5225766	0.1625794
41.9148979	94.4113007	0.1161281	2.0554681
43.6986275	94.4113007	0.0000000	0.0000000
45.4823532	94.4113007	-0.0116128	0.0116128
47.2660828	94.4113007	-0.1277409	0.0580641
49.0498085	94.4113007	-0.0812897	0.0580641
50.8335381	94.4113007	0.5690278	3.1354597
52.6172676	94.4113007	0.1509666	4.3548050
54.4009972	94.4113007	-0.2322563	3.7625518
56.1847229	94.4113007	1.3703120	0.3019332
57.9684486	94.4113007	-0.5690278	-0.0464513
59.7521782	94.4113007	0.0000000	2.5432062
61.5359077	94.4113007	0.0000000	0.0000000
63.3196297	94.4113007	0.0000000	0.0000000
65.1033630	94.4113007	-0.0812897	1.4516017
66.8870850	94.4113007	-0.0580641	1.9277271
68.6708145	94.4113007	0.0348384	4.3315797
70.4545441	94.4113007	0.0000000	0.0000000
72.2382736	94.4113007	0.0000000	0.0000000
0.8891521	96.1950302	0.0000000	0.0000000
2.6728802	96.1950302	0.0000000	0.0000000
4.4566083	96.1950302	-0.1045153	3.8206158
6.2403364	96.1950302	-0.2670947	4.3548050
8.0240641	96.1950302	1.0799916	0.2438691
9.8077927	96.1950302	0.1161281	1.7303092
11.5915203	96.1950302	0.4180613	1.2425711
13.3752489	96.1950302	0.6735432	0.5341895
15.1589766	96.1950302	0.5458022	1.4980530
16.9427032	96.1950302	0.0348384	0.0464513
18.7264328	96.1950302	0.1045153	1.4748274
20.5101604	96.1950302	0.4412869	1.4516017
22.2938881	96.1950302	0.0000000	0.0000000
24.0776157	96.1950302	-0.5109638	0.0116128
25.8613453	96.1950302	0.0000000	0.0000000
27.6450729	96.1950302	0.0000000	0.0000000
29.4288006	96.1950302	0.7896713	1.4980530
31.2125282	96.1950302	0.0000000	0.0000000
32.9962578	96.1950302	0.0000000	0.0000000
34.7799835	96.1950302	-0.7432200	1.1032174
36.5637131	96.1950302	0.0000000	0.0000000
38.3474426	96.1950302	-0.7316072	0.2206435
40.1311722	96.1950302	-0.6851560	0.5574151
41.9148979	96.1950302	0.0000000	0.0000000
43.6986275	96.1950302	-0.4761253	0.0116128
45.4823532	96.1950302	0.0000000	0.0000000
47.2660828	96.1950302	-0.4296741	0.5690279
49.0498085	96.1950302	-0.4528997	0.5922535
50.8335381	96.1950302	0.1045153	3.6696491
52.6172676	96.1950302	0.0000000	0.0000000
54.4009972	96.1950302	-0.7316072	4.3199668
56.1847229	96.1950302	-3.8902924	0.3367716
57.9684486	96.1950302	-1.2774094	2.2644987
59.7521782	96.1950302	-0.8593482	2.2528858
61.5359077	96.1950302	-0.0696769	-1.6490196
63.3196297	96.1950302	-1.1264429	2.9148164
65.1033630	96.1950302	-0.6851560	2.1367579
66.8870850	96.1950302	0.0000000	0.0000000
68.6708145	96.1950302	0.0000000	0.0000000
70.4545441	96.1950302	0.0000000	0.0000000
72.2382736	96.1950302	0.0000000	0.0000000
0.8891521	97.9787521	0.0000000	2.9728804
2.6728802	97.9787521	0.0116128	1.4980530
4.4566083	97.9787521	0.0000000	0.0000000
6.2403364	97.9787521	0.0580641	4.2735157
8.0240641	97.9787521	0.0000000	0.0000000
9.8077927	97.9787521	0.4761253	1.7186965
11.5915203	97.9787521	0.4180613	1.3470864
13.3752489	97.9787521	0.6038663	1.4167633
15.1589766	97.9787521	0.0580641	1.4283761
16.9427032	97.9787521	0.1625794	1.4399890
18.7264328	97.9787521	0.1858050	1.4864402
20.5101604	97.9787521	0.1161281	0.0348384
22.2938881	97.9787521	0.0000000	0.0000000
24.0776157	97.9787521	0.0000000	0.0000000
25.8613453	97.9787521	0.2438691	4.4593205
27.6450729	97.9787521	0.0000000	0.0000000
29.4288006	97.9787521	0.0000000	0.0000000
31.2125282	97.9787521	0.0000000	0.0000000
32.9962578	97.9787521	0.0000000	0.0000000
34.7799835	97.9787521	0.0000000	0.0000000
36.5637131	97.9787521	0.0000000	0.0000000
38.3474426	97.9787521	0.0000000	0.0000000
40.1311722	97.9787521	0.0000000	0.0000000
41.9148979	97.9787521	1.4167632	4.2619028
43.6986275	97.9787521	-0.7780585	0.2903203
45.4823532	97.9787521	0.0000000	0.0000000
47.2660828	97.9787521	-0.7896713	0.4877382
49.0498085	97.9787521	-0.7316072	0.4993510
50.8335381	97.9787521	0.0000000	0.0000000
52.6172676	97.9787521	-0.4528997	3.5651338
54.4009972	97.9787521	-0.1045153	2.8451395
56.1847229	97.9787521	-0.3948357	3.2283623
57.9684486	97.9787521	0.0000000	0.0000000
59.7521782	97.9787521	0.6038663	-0.0929025
61.5359077	97.9787521	1.5561169	-0.0580641
63.3196297	97.9787521	-0.6735432	1.9741783
65.1033630	97.9787521	-0.5574150	2.0786936
66.8870850	97.9787521	-0.1393538	1.7883734
68.6708145	97.9787521	0.0000000	0.0000000
70.4545441	97.9787521	0.0000000	0.0000000
72.2382736	97.9787521	0.0000000	0.0000000
0.8891521	99.7624817	0.0000000	0.0000000
2.6728802	99.7624817	0.0000000	0.0000000
4.4566083	99.7624817	-0.0812897	1.5677298
6.2403364	99.7624817	0.0000000	0.0000000
8.0240641	99.7624817	0.4877381	2.0786936
9.8077927	99.7624817	-0.1277409	0.1741922
11.5915203	99.7624817	0.1161281	0.3251588
13.3752489	99.7624817	0.3135459	1.0451533
15.1589766	99.7624817	0.0464513	1.4864402
16.9427032	99.7624817	1.3703120	0.0000000
18.7264328	99.7624817	0.0000000	0.0000000
20.5101604	99.7624817	0.0000000	0.0000000
22.2938881	99.7624817	0.0000000	0.0000000
24.0776157	99.7624817	0.0000000	0.0000000
25.8613453	99.7624817	0.0000000	0.0000000
27.6450729	99.7624817	-0.8128969	0.0232256
29.4288006	99.7624817	-0.3599972	1.4864402
31.2125282	99.7624817	-0.3948357	1.4980530
32.9962578	99.7624817	0.0000000	0.0000000
34.7799835	99.7624817	0.0000000	0.0000000
36.5637131	99.7624817	-0.7896713	0.0000000
38.3474426	99.7624817	0.0000000	0.0000000
40.1311722	99.7624817	-0.1974178	0.0116128
41.9148979	99.7624817	-0.7664456	0.1277409
43.6986275	99.7624817	-0.8477353	0.4877382
45.4823532	99.7624817	-0.9290251	0.7780585
47.2660828	99.7624817	-1.1496685	1.1845070
49.0498085	99.7624817	-0.8825738	1.4748274
50.8335381	99.7624817	-0.6038663	2.6477215
52.6172676	99.7624817	-0.3832228	2.8451395
54.4009972	99.7624817	-0.1509666	2.8799779
56.1847229	99.7624817	-0.0232256	2.6244960
57.9684486	99.7624817	0.0000000	0.0000000
59.7521782	99.7624817	-0.7548329	2.8799779
61.5359077	99.7624817	-0.4180613	1.5677298
63.3196297	99.7624817	-0.1974178	1.3470864
65.1033630	99.7624817	-0.6154791	3.8322287
66.8870850	99.7624817	-0.0232256	1.6257939
68.6708145	99.7624817	0.0000000	0.0000000
70.4545441	99.7624817	0.0000000	0.0000000
72.2382736	99.7624817	0.0000000	0.0000000
0.8891521	101.5462112	0.0000000	0.0000000
2.6728802	101.5462112	-0.0348384	2.2761116
4.4566083	101.5462112	0.0696769	2.7638497
6.2403364	101.5462112	2.8451393	-0.0232256
8.0240641	101.5462112	0.2903203	2.1483705
9.8077927	101.5462112	0.6038663	2.0786936
11.5915203	101.5462112	0.0000000	0.0000000
13.3752489	101.5462112	0.0348384	2.0206296
15.1589766	101.5462112	0.4645125	2.1135321
16.9427032	101.5462112	1.4980528	0.0000000
18.7264328	101.5462112	0.0000000	0.0000000
20.5101604	101.5462112	0.4877381	2.9728804
22.2938881	101.5462112	0.2670947	2.9728804
24.0776157	101.5462112	0.0000000	0.0000000
25.8613453	101.5462112	-0.6619303	1.4864402
27.6450729	101.5462112	-0.4296741	1.4748274
29.4288006	101.5462112	0.0000000	0.0000000
31.2125282	101.5462112	0.0000000	0.0000000
32.9962578	101.5462112	0.0000000	0.0000000
34.7799835	101.5462112	0.0000000	0.0000000
36.5637131	101.5462112	0.0000000	0.0000000
38.3474426	101.5462112	0.0000000	0.0000000
40.1311722	101.5462112	-0.0696769	1.4632145
41.9148979	101.5462112	-1.0683788	2.0786936
43.6986275	101.5462112	-0.6503175	0.9638636
45.4823532	101.5462112	-0.8941866	1.0103148
47.2660828	101.5462112	-1.3238606	1.2890223
49.0498085	101.5462112	0.0000000	0.0000000
50.8335381	101.5462112	-0.6851560	2.0903065
52.6172676	101.5462112	-0.4412869	2.9496548
54.4009972	101.5462112	-0.7664456	2.8451395
56.1847229	101.5462112	-2.8799777	0.0000000
57.9684486	101.5462112	-0.5225766	0.4412869
59.7521782	101.5462112	1.6374066	-0.0348384
61.5359077	101.5462112	-0.7548329	1.6838580
63.3196297	101.5462112	-0.3716100	1.2890223
65.1033630	101.5462112	-0.0580641	1.2193455
66.8870850	101.5462112	-0.0116128	1.0799917
68.6708145	101.5462112	0.0000000	0.0000000
70.4545441	101.5462112	0.0000000	0.0000000
72.2382736	101.5462112	0.0000000	0.0000000
0.8891521	103.3299408	0.0000000	0.0000000
2.6728802	103.3299408	-0.0232256	2.2412732
4.4566083	103.3299408	-0.0464513	2.7638497
6.2403364	103.3299408	0.0580641	2.8915906
8.0240641	103.3299408	0.3251588	2.3225627
9.8077927	103.3299408	0.4993510	2.3574011
11.5915203	103.3299408	0.1045153	1.4051505
13.3752489	103.3299408	0.1045153	1.8580502
15.1589766	103.3299408	0.4645125	2.1019194
16.9427032	103.3299408	0.4180613	1.5096658
18.7264328	103.3299408	0.0000000	0.0000000
20.5101604	103.3299408	0.0580641	1.4864402
22.2938881	103.3299408	0.0000000	0.0000000
24.0776157	103.3299408	0.0000000	0.0000000
25.8613453	103.3299408	0.0000000	0.0000000
27.6450729	103.3299408	0.0000000	0.0000000
29.4288006	103.3299408	0.0000000	0.0000000
31.2125282	103.3299408	0.0000000	0.0000000
32.9962578	103.3299408	0.0000000	0.0000000
34.7799835	103.3299408	0.0000000	0.0000000
36.5637131	103.3299408	-0.7432200	0.0232256
38.3474426	103.3299408	-0.6735432	1.4051505
40.1311722	103.3299408	-0.6851560	1.2774096
41.9148979	103.3299408	-0.6851560	1.2309582
43.6986275	103.3299408	-0.7199944	0.8245098
45.4823532	103.3299408	-1.0567660	1.1148301
47.2660828	103.3299408	-1.2774094	1.4051505
49.0498085	103.3299408	-1.5909554	1.5445043
50.8335381	103.3299408	-0.7548329	2.2180474
52.6172676	103.3299408	-0.6967688	2.8799779
54.4009972	103.3299408	-1.4516016	3.6231980
56.1847229	103.3299408	-1.4399889	3.1238470
57.9684486	103.3299408	-0.9057994	2.3574011
59.7521782	103.3299408	-0.7083816	2.2064347
61.5359077	103.3299408	-0.7083816	1.4516017
63.3196297	103.3299408	-0.5341894	1.2774096
65.1033630	103.3299408	-0.1974178	1.1728942
66.8870850	103.3299408	-0.0348384	1.2309582
68.6708145	103.3299408	0.0232256	-1.4864402
70.4545441	103.3299408	0.0000000	0.0000000
72.2382736	103.3299408	0.0000000	0.0000000
0.8891521	105.1136703	0.0000000	0.0000000
2.6728802	105.1136703	0.0232256	0.8245098
4.4566083	105.1136703	0.1509666	2.9496548
6.2403364	105.1136703	-0.0464513	2.7290113
8.0240641	105.1136703	0.2903203	2.7057858
9.8077927	105.1136703	0.2554819	2.1715963
11.5915203	105.1136703	0.0000000	0.0000000
13.3752489	105.1136703	0.0580641	2.9612675
15.1589766	105.1136703	0.0000000	0.0000000
16.9427032	105.1136703	0.0000000	0.0000000
18.7264328	105.1136703	0.0000000	0.0000000
20.5101604	105.1136703	0.0000000	0.0000000
22.2938881	105.1136703	0.0000000	0.0000000
24.0776157	105.1136703	0.0000000	0.0000000
25.8613453	105.1136703	0.0000000	0.0000000
27.6450729	105.1136703	0.0000000	0.0000000
29.4288006	105.1136703	0.0000000	0.0000000
31.2125282	105.1136703	0.0000000	0.0000000
32.9962578	105.1136703	0.0348384	-1.4748274
34.7799835	105.1136703	0.0000000	0.0000000
36.5637131	105.1136703	-0.3251588	0.0116128
38.3474426	105.1136703	0.0000000	0.0000000
40.1311722	105.1136703	-0.6851560	1.2541839
41.9148979	105.1136703	-0.6387047	1.3006351
43.6986275	105.1136703	-0.3948357	1.3586992
45.4823532	105.1136703	-0.9290251	1.1380558
47.2660828	105.1136703	-0.8709610	1.4283761
49.0498085	105.1136703	-0.9987019	1.5793427
50.8335381	105.1136703	-0.9406378	2.1599834
52.6172676	105.1136703	-0.6851560	3.0541701
54.4009972	105.1136703	-1.1961198	3.8554542
56.1847229	105.1136703	-1.4283760	2.9264290
57.9684486	105.1136703	-1.1728941	2.2412732
59.7521782	105.1136703	-0.6503175	1.8115990
61.5359077	105.1136703	-0.5458022	1.2657967
63.3196297	105.1136703	-0.2438691	1.0103148
65.1033630	105.1136703	-0.3019331	1.0683789
66.8870850	105.1136703	-0.0232256	1.4051505
68.6708145	105.1136703	0.0000000	0.0000000
70.4545441	105.1136703	2.9380417	1.4864402
72.2382736	105.1136703	0.0696769	-1.4864402
0.8891521	106.8973999	0.0000000	0.0000000
2.6728802	106.8973999	0.0232256	0.9522507
4.4566083	106.8973999	0.0116128	0.9522507
6.2403364	106.8973999	0.2670947	1.4283761
8.0240641	106.8973999	0.1509666	0.9057995
9.8077927	106.8973999	0.2554819	2.1715963
11.5915203	106.8973999	0.0000000	0.0000000
13.3752489	106.8973999	-0.7316072	0.0116128
15.1589766	106.8973999	-0.1858050	0.0116128
16.9427032	106.8973999	0.0000000	0.0000000
18.7264328	106.8973999	0.0000000	0.0000000
20.5101604	106.8973999	0.0000000	0.0000000
22.2938881	106.8973999	0.0000000	0.0000000
24.0776157	106.8973999	0.0000000	0.0000000
25.8613453	106.8973999	0.0000000	0.0000000
27.6450729	106.8973999	0.0000000	0.0000000
29.4288006	106.8973999	1.4283760	0.0000000
31.2125282	106.8973999	0.0000000	0.0000000
32.9962578	106.8973999	0.0000000	0.0000000
34.7799835	106.8973999	0.0000000	0.0000000
36.5637131	106.8973999	2.7057855	0.0116128
38.3474426	106.8973999	-0.5341894	0.0116128
40.1311722	106.8973999	-0.6503175	1.4167633
41.9148979	106.8973999	0.0116128	0.0000000
43.6986275	106.8973999	-0.2554819	0.7548329
45.4823532	106.8973999	-0.9057994	1.3586992
47.2660828	106.8973999	-0.9174122	1.4864402
49.0498085	106.8973999	-1.0103147	1.5445043
50.8335381	106.8973999	-1.2077326	2.1948218
52.6172676	106.8973999	-0.9174122	2.8103011
54.4009972	106.8973999	-0.1277409	3.7277133
56.1847229	106.8973999	-0.6154791	3.5651338
57.9684486	106.8973999	0.0464513	2.2296603
59.7521782	106.8973999	0.1625794	2.4503038
61.5359077	106.8973999	-0.2322563	1.5909555
63.3196297	106.8973999	0.0116128	1.3586992
65.1033630	106.8973999	-0.0464513	1.3122480
66.8870850	106.8973999	0.0232256	1.4399890
68.6708145	106.8973999	0.0232256	1.5096658
70.4545441	106.8973999	0.0000000	0.0000000
72.2382736	106.8973999	0.0000000	0.0000000
0.8891521	108.6811218	0.0000000	0.0000000
2.6728802	108.6811218	0.0000000	0.0000000
4.4566083	108.6811218	-0.0580641	0.9522507
6.2403364	108.6811218	0.0116128	0.9870892
8.0240641	108.6811218	0.0000000	0.0000000
9.8077927	108.6811218	0.1509666	1.1612813
11.5915203	108.6811218	-0.4528997	0.0116128
13.3752489	108.6811218	-0.0232256	0.0232256
15.1589766	108.6811218	0.0000000	0.0000000
16.9427032	108.6811218	0.0000000	0.0000000
18.7264328	108.6811218	0.0000000	0.0000000
20.5101604	108.6811218	0.2903203	2.9844933
22.2938881	108.6811218	0.2322563	2.9844933
24.0776157	108.6811218	0.0000000	0.0000000
25.8613453	108.6811218	0.0000000	0.0000000
27.6450729	108.6811218	0.0000000	0.0000000
29.4288006	108.6811218	0.0000000	0.0000000
31.2125282	108.6811218	0.0000000	0.0000000
32.9962578	108.6811218	0.0000000	0.0000000
34.7799835	108.6811218	0.0000000	0.0000000
36.5637131	108.6811218	0.0000000	0.0000000
38.3474426	108.6811218	0.0000000	0.0000000
40.1311722	108.6811218	-0.5225766	1.1728942
41.9148979	108.6811218	-0.7316072	1.6141812
43.6986275	108.6811218	-0.9754763	1.5561171
45.4823532	108.6811218	-1.0103147	1.6838580
47.2660828	108.6811218	-0.9638635	1.7070837
49.0498085	108.6811218	-0.6967688	1.5561171
50.8335381	108.6811218	0.0000000	0.0000000
52.6172676	108.6811218	-2.7754624	-0.0696769
54.4009972	108.6811218	1.2077326	0.0464513
56.1847229	108.6811218	-0.2090306	1.8696630
57.9684486	108.6811218	-0.0464513	2.2296603
59.7521782	108.6811218	-0.0812897	2.6593344
61.5359077	108.6811218	0.0812897	1.6606324
63.3196297	108.6811218	-0.0232256	1.4167633
65.1033630	108.6811218	0.0696769	1.4980530
66.8870850	108.6811218	0.1161281	1.5561171
68.6708145	108.6811218	0.0000000	1.5677298
70.4545441	108.6811218	0.0000000	0.0000000
72.2382736	108.6811218	0.0000000	0.0000000
0.8891521	110.4648514	0.0000000	0.0000000
2.6728802	110.4648514	0.0000000	0.0000000
4.4566083	110.4648514	0.0696769	1.0916045
6.2403364	110.4648514	0.1741922	0.4993510
8.0240641	110.4648514	0.0000000	0.0000000
9.8077927	110.4648514	-0.0116128	1.4864402
11.5915203	110.4648514	0.0348384	2.9496548
13.3752489	110.4648514	0.0000000	0.0000000
15.1589766	110.4648514	1.4283760	1.4864402
16.9427032	110.4648514	0.0000000	0.0000000
18.7264328	110.4648514	0.0000000	0.0000000
20.5101604	110.4648514	0.0000000	0.0000000
22.2938881	110.4648514	0.0000000	0.0000000
24.0776157	110.4648514	0.0000000	0.0000000
25.8613453	110.4648514	0.0000000	0.0000000
27.6450729	110.4648514	0.0000000	0.0000000
29.4288006	110.4648514	0.0000000	0.0000000
31.2125282	110.4648514	-0.4528997	-1.4748274
32.9962578	110.4648514	0.0000000	0.0000000
34.7799835	110.4648514	0.0000000	0.0000000
36.5637131	110.4648514	0.0000000	0.0000000
38.3474426	110.4648514	-0.2787075	1.5096658
40.1311722	110.4648514	-0.5341894	1.4980530
41.9148979	110.4648514	0.0000000	2.9961059
43.6986275	110.4648514	-0.4412869	1.5328914
45.4823532	110.4648514	0.0000000	0.0000000
47.2660828	110.4648514	-0.7199944	1.7535349
49.0498085	110.4648514	0.0580641	-1.7535349
50.8335381	110.4648514	-0.2090306	1.5909555
52.6172676	110.4648514	-0.3948357	2.6941729
54.4009972	110.4648514	-0.1045153	2.3922396
56.1847229	110.4648514	-0.1393538	1.9857912
57.9684486	110.4648514	-0.1974178	1.7651477
59.7521782	110.4648514	-0.1277409	2.8219137
61.5359077	110.4648514	0.0929025	1.6374067
63.3196297	110.4648514	0.0812897	1.5445043
65.1033630	110.4648514	0.1161281	1.5445043
66.8870850	110.4648514	0.0232256	1.8232118
68.6708145	110.4648514	0.0000000	0.0000000
70.4545441	110.4648514	0.0000000	0.0000000
72.2382736	110.4648514	0.0000000	0.0000000
0.8891521	112.2485809	0.0000000	0.0000000
2.6728802	112.2485809	0.0000000	0.0000000
4.4566083	112.2485809	0.0116128	1.1032174
6.2403364	112.2485809	0.1393538	1.2657967
8.0240641	112.2485809	0.0232256	1.4632145
9.8077927	112.2485809	0.3251588	4.1922259
11.5915203	112.2485809	0.0000000	0.0000000
13.3752489	112.2485809	0.0000000	0.0000000
15.1589766	112.2485809	0.0000000	0.0000000
16.9427032	112.2485809	0.0000000	0.0000000
18.7264328	112.2485809	0.0000000	0.0000000
20.5101604	112.2485809	0.0000000	0.0000000
22.2938881	112.2485809	0.0000000	0.0000000
24.0776157	112.2485809	0.0000000	0.0000000
25.8613453	112.2485809	-1.1264429	2.9612675
27.6450729	112.2485809	0.0000000	0.0000000
29.4288006	112.2485809	0.0000000	0.0000000
31.2125282	112.2485809	0.0000000	0.0000000
32.9962578	112.2485809	0.0000000	0.0000000
34.7799835	112.2485809	0.0000000	0.0000000
36.5637131	112.2485809	0.0000000	0.0000000
38.3474426	112.2485809	1.4632144	-0.0116128
40.1311722	112.2485809	1.4516016	-0.0116128
41.9148979	112.2485809	0.0000000	0.0000000
43.6986275	112.2485809	0.0000000	0.0000000
45.4823532	112.2485809	0.0000000	0.0000000
47.2660828	112.2485809	-0.7199944	1.5445043
49.0498085	112.2485809	0.0000000	0.0000000
50.8335381	112.2485809	-0.8709610	2.6709473
52.6172676	112.2485809	-0.4412869	0.0812897
54.4009972	112.2485809	-0.1974178	1.7651477
56.1847229	112.2485809	-0.2903203	1.7419221
57.9684486	112.2485809	-0.2206434	1.9625655
59.7521782	112.2485809	-0.0116128	2.0322425
61.5359077	112.2485809	0.1741922	2.0090168
63.3196297	112.2485809	0.1509666	1.9045014
65.1033630	112.2485809	0.2903203	1.7303092
66.8870850	112.2485809	0.0000000	0.0000000
68.6708145	112.2485809	0.0000000	0.0000000
70.4545441	112.2485809	0.0000000	0.0000000
72.2382736	112.2485809	0.0000000	0.0000000
0.8891521	114.0323029	0.0000000	0.0000000
2.6728802	114.0323029	0.0000000	0.0000000
4.4566083	114.0323029	0.0000000	0.0000000
6.2403364	114.0323029	0.0000000	0.0000000
8.0240641	114.0323029	0.4761253	4.3664179
9.8077927	114.0323029	0.5458022	4.3548050
11.5915203	114.0323029	0.0000000	0.0000000
13.3752489	114.0323029	0.0000000	0.0000000
15.1589766	114.0323029	0.8361225	0.0116128
16.9427032	114.0323029	0.0000000	0.0000000
18.7264328	114.0323029	0.0000000	0.0000000
20.5101604	114.0323029	0.0000000	0.0000000
22.2938881	114.0323029	0.0000000	0.0000000
24.0776157	114.0323029	2.3574011	0.0000000
25.8613453	114.0323029	0.0000000	0.0000000
27.6450729	114.0323029	0.0000000	0.0000000
29.4288006	114.0323029	0.0000000	0.0000000
31.2125282	114.0323029	0.0000000	0.0000000
32.9962578	114.0323029	-0.4877381	2.9728804
34.7799835	114.0323029	0.0000000	0.0000000
36.5637131	114.0323029	0.0000000	0.0000000
38.3474426	114.0323029	0.0000000	0.0000000
40.1311722	114.0323029	0.0000000	0.0000000
41.9148979	114.0323029	-0.6038663	1.5096658
43.6986275	114.0323029	-0.0929025	1.5561171
45.4823532	114.0323029	-0.5341894	1.6141812
47.2660828	114.0323029	0.0000000	0.0000000
49.0498085	114.0323029	-0.9290251	2.9496548
50.8335381	114.0323029	0.0000000	0.0000000
52.6172676	114.0323029	0.0000000	0.0000000
54.4009972	114.0323029	-0.4761253	2.0322425
56.1847229	114.0323029	-0.2554819	2.1251450
57.9684486	114.0323029	-0.2787075	1.9277271
59.7521782	114.0323029	-0.0464513	1.3470864
61.5359077	114.0323029	-0.0580641	1.9741783
63.3196297	114.0323029	0.0696769	1.8232118
65.1033630	114.0323029	0.0348384	2.0554681
66.8870850	114.0323029	0.0580641	2.2412732
68.6708145	114.0323029	0.0000000	0.0000000
70.4545441	114.0323029	0.0000000	0.0000000
72.2382736	114.0323029	0.0000000	0.0000000
0.8891521	115.8160324	0.0000000	0.0000000
2.6728802	115.8160324	0.0232256	1.3703121
4.4566083	115.8160324	0.0000000	0.0000000
6.2403364	115.8160324	0.0000000	0.0000000
8.0240641	115.8160324	0.0000000	0.0000000
9.8077927	115.8160324	0.4064485	3.1006212
11.5915203	115.8160324	0.0000000	0.0000000
13.3752489	115.8160324	0.0000000	0.0000000
15.1589766	115.8160324	0.2670947	0.0116128
16.9427032	115.8160324	0.0000000	0.0000000
18.7264328	115.8160324	0.3599972	2.9728804
20.5101604	115.8160324	0.0000000	0.0000000
22.2938881	115.8160324	0.0000000	0.0000000
24.0776157	115.8160324	0.0000000	0.0000000
25.8613453	115.8160324	0.0000000	0.0000000
27.6450729	115.8160324	0.0000000	0.0000000
29.4288006	115.8160324	0.0000000	0.0000000
31.2125282	115.8160324	0.0000000	0.0000000
32.9962578	115.8160324	0.0000000	0.0000000
34.7799835	115.8160324	0.0000000	0.0000000
36.5637131	115.8160324	0.0000000	0.0000000
38.3474426	115.8160324	0.0000000	0.0000000
40.1311722	115.8160324	0.0000000	0.0000000
41.9148979	115.8160324	0.0000000	0.0000000
43.6986275	115.8160324	0.0000000	0.0000000
45.4823532	115.8160324	0.0000000	0.0000000
47.2660828	115.8160324	0.0000000	0.0000000
49.0498085	115.8160324	0.0000000	0.0000000
50.8335381	115.8160324	0.0000000	0.0000000
52.6172676	115.8160324	-0.6387047	2.5780447
54.4009972	115.8160324	0.0000000	0.0000000
56.1847229	115.8160324	0.0000000	0.0000000
57.9684486	115.8160324	-0.3832228	2.1483705
59.7521782	115.8160324	-0.5574150	1.9974040
61.5359077	115.8160324	-0.0116128	2.9496548
63.3196297	115.8160324	0.0000000	0.0000000
65.1033630	115.8160324	0.0000000	0.0000000
66.8870850	115.8160324	3.9715819	1.2774096
68.6708145	115.8160324	0.0000000	0.0000000
70.4545441	115.8160324	0.0000000	0.0000000
72.2382736	115.8160324	0.0000000	0.0000000
0.8891521	117.5997620	0.0000000	0.0000000
2.6728802	117.5997620	0.0000000	0.0000000
4.4566083	117.5997620	0.0000000	0.0000000
6.2403364	117.5997620	0.6154791	4.4593205
8.0240641	117.5997620	0.0000000	0.0000000
9.8077927	117.5997620	3.1586852	0.0116128
11.5915203	117.5997620	0.0000000	0.0000000
13.3752489	117.5997620	1.6722450	0.0116128
15.1589766	117.5997620	0.0000000	0.0000000
16.9427032	117.5997620	0.7664456	0.0000000
18.7264328	117.5997620	1.1845069	0.0000000
20.5101604	117.5997620	0.0000000	0.0000000
22.2938881	117.5997620	0.0000000	0.0000000
24.0776157	117.5997620	0.0000000	0.0000000
25.8613453	117.5997620	0.0000000	0.0000000
27.6450729	117.5997620	0.0000000	0.0000000
29.4288006	117.5997620	0.0000000	0.0000000
31.2125282	117.5997620	0.0000000	0.0000000
32.9962578	117.5997620	1.3703120	0.0000000
34.7799835	117.5997620	0.0000000	0.0000000
36.5637131	117.5997620	0.0000000	0.0000000
38.3474426	117.5997620	0.0000000	0.0000000
40.1311722	117.5997620	0.0000000	0.0000000
41.9148979	117.5997620	0.0000000	0.0000000
43.6986275	117.5997620	-0.3599972	1.9857912
45.4823532	117.5997620	-0.3716100	1.9857912
47.2660828	117.5997620	0.0000000	0.0000000
49.0498085	117.5997620	0.0000000	0.0000000
50.8335381	117.5997620	0.0000000	0.0000000
52.6172676	117.5997620	-0.6619303	2.7870753
54.4009972	117.5997620	0.0000000	0.0000000
56.1847229	117.5997620	0.0000000	0.0000000
57.9684486	117.5997620	-0.4296741	2.3690140
59.7521782	117.5997620	0.0000000	0.0000000
61.5359077	117.5997620	-0.0348384	2.1948218
63.3196297	117.5997620	0.0000000	0.0000000
65.1033630	117.5997620	-0.0232256	1.8464375
66.8870850	117.5997620	0.0929025	2.2877243
68.6708145	117.5997620	-0.0464513	2.8335266
70.4545441	117.5997620	0.0000000	0.0000000
72.2382736	117.5997620	0.0000000	0.0000000
0.8891521	119.3834915	0.0000000	0.0000000
2.6728802	119.3834915	0.0000000	0.0000000
4.4566083	119.3834915	0.0000000	0.0000000
6.2403364	119.3834915	0.0000000	0.0000000
8.0240641	119.3834915	0.0000000	0.0000000
9.8077927	119.3834915	0.2903203	2.9612675
11.5915203	119.3834915	0.0000000	0.0000000
13.3752489	119.3834915	0.8012841	1.4980530
15.1589766	119.3834915	0.0000000	0.0000000
16.9427032	119.3834915	0.0000000	0.0000000
18.7264328	119.3834915	0.0000000	0.0000000
20.5101604	119.3834915	0.0000000	0.0000000
22.2938881	119.3834915	0.0000000	0.0000000
24.0776157	119.3834915	0.0000000	0.0000000
25.8613453	119.3834915	0.0000000	0.0000000
27.6450729	119.3834915	0.0000000	0.0000000
29.4288006	119.3834915	0.0000000	0.0000000
31.2125282	119.3834915	0.0000000	0.0000000
32.9962578	119.3834915	0.0000000	0.0000000
34.7799835	119.3834915	-0.7316072	1.4864402
36.5637131	119.3834915	0.0000000	0.0000000
38.3474426	119.3834915	0.0000000	0.0000000
40.1311722	119.3834915	0.0000000	0.0000000
41.9148979	119.3834915	0.0000000	0.0000000
43.6986275	119.3834915	-0.3716100	1.9857912
45.4823532	119.3834915	-0.3599972	1.9857912
47.2660828	119.3834915	0.0000000	0.0000000
49.0498085	119.3834915	0.0000000	0.0000000
50.8335381	119.3834915	0.0000000	0.0000000
52.6172676	119.3834915	-0.6387047	2.1251450
54.4009972	119.3834915	0.0000000	0.0000000
56.1847229	119.3834915	-0.4064485	1.7419221
57.9684486	119.3834915	-0.3716100	2.0206296
59.7521782	119.3834915	-0.1625794	2.3690140
61.5359077	119.3834915	-0.0348384	2.2180474
63.3196297	119.3834915	0.0000000	0.0000000
65.1033630	119.3834915	-0.0464513	2.9496548
66.8870850	119.3834915	0.0348384	1.6490196
68.6708145	119.3834915	0.0000000	0.0000000
70.4545441	119.3834915	0.0000000	0.0000000
72.2382736	119.3834915	0.0000000	0.0000000
0.8891521	121.1672211	0.0000000	0.0000000
2.6728802	121.1672211	0.0000000	0.0000000
4.4566083	121.1672211	0.0000000	0.0000000
6.2403364	121.1672211	0.0000000	0.0000000
8.0240641	121.1672211	1.2774094	-0.0116128
9.8077927	121.1672211	-0.4528997	-0.0116128
11.5915203	121.1672211	0.0000000	0.0000000
13.3752489	121.1672211	1.5561169	-0.0116128
15.1589766	121.1672211	0.0000000	0.0000000
16.9427032	121.1672211	0.0000000	0.0000000
18.7264328	121.1672211	0.0000000	0.0000000
20.5101604	121.1672211	0.0000000	0.0000000
22.2938881	121.1672211	0.0000000	0.0000000
24.0776157	121.1672211	0.0000000	0.0000000
25.8613453	121.1672211	0.0000000	0.0000000
27.6450729	121.1672211	0.0000000	0.0000000
29.4288006	121.1672211	0.0000000	0.0000000
31.2125282	121.1672211	0.0000000	0.0000000
32.9962578	121.1672211	0.0000000	0.0000000
34.7799835	121.1672211	0.0000000	0.0000000
36.5637131	121.1672211	0.0000000	0.0000000
38.3474426	121.1672211	0.0000000	0.0000000
40.1311722	121.1672211	0.0000000	0.0000000
41.9148979	121.1672211	0.0000000	0.0000000
43.6986275	121.1672211	0.0000000	0.0000000
45.4823532	121.1672211	0.0000000	0.0000000
47.2660828	121.1672211	0.0000000	0.0000000
49.0498085	121.1672211	0.0000000	0.0000000
50.8335381	121.1672211	-0.2438691	2.2761116
52.6172676	121.1672211	0.0000000	0.0000000
54.4009972	121.1672211	-0.7316072	1.9161143
56.1847229	121.1672211	0.0000000	2.1367579
57.9684486	121.1672211	0.0000000	0.0000000
59.7521782	121.1672211	0.1625794	1.6722453
61.5359077	121.1672211	0.1625794	1.6838580
63.3196297	121.1672211	0.0000000	0.0000000
65.1033630	121.1672211	-0.3948357	4.2502899
66.8870850	121.1672211	0.0464513	1.7651477
68.6708145	121.1672211	0.0000000	0.0000000
70.4545441	121.1672211	0.0000000	0.0000000
72.2382736	121.1672211	0.0000000	0.0000000
0.8891521	122.9509506	0.0000000	0.0000000
2.6728802	122.9509506	0.0000000	0.0000000
4.4566083	122.9509506	0.0000000	0.0000000
6.2403364	122.9509506	0.0000000	0.0000000
8.0240641	122.9509506	0.0000000	0.0000000
9.8077927	122.9509506	0.0929025	0.0116128
11.5915203	122.9509506	0.0000000	0.0000000
13.3752489	122.9509506	1.0451531	0.0000000
15.1589766	122.9509506	0.2903203	0.0000000
16.9427032	122.9509506	0.0000000	0.0000000
18.7264328	122.9509506	0.0000000	0.0000000
20.5101604	122.9509506	0.0000000	0.0000000
22.2938881	122.9509506	0.0000000	0.0000000
24.0776157	122.9509506	0.0000000	0.0000000
25.8613453	122.9509506	0.0000000	0.0000000
27.6450729	122.9509506	0.0000000	0.0000000
29.4288006	122.9509506	0.0000000	0.0000000
31.2125282	122.9509506	0.0000000	0.0000000
32.9962578	122.9509506	0.0000000	0.0000000
34.7799835	122.9509506	0.0000000	0.0000000
36.5637131	122.9509506	0.0000000	0.0000000
38.3474426	122.9509506	0.0000000	0.0000000
40.1311722	122.9509506	0.0000000	0.0000000
41.9148979	122.9509506	0.0000000	0.0000000
43.6986275	122.9509506	0.0000000	0.0000000
45.4823532	122.9509506	0.0000000	0.0000000
47.2660828	122.9509506	0.0000000	0.0000000
49.0498085	122.9509506	0.0000000	0.0000000
50.8335381	122.9509506	-0.1161281	0.7664457
52.6172676	122.9509506	0.0000000	0.0000000
54.4009972	122.9509506	-1.0567660	2.9728804
56.1847229	122.9509506	-0.7083816	3.2980392
57.9684486	122.9509506	-0.7199944	3.2748134
59.7521782	122.9509506	0.9406378	0.0000000
61.5359077	122.9509506	0.0000000	0.0000000
63.3196297	122.9509506	-0.0812897	2.1135321
65.1033630	122.9509506	-2.5199804	3.4373930
66.8870850	122.9509506	-0.0232256	4.4244819
68.6708145	122.9509506	0.0000000	0.0000000
70.4545441	122.9509506	0.0000000	0.0000000
72.2382736	122.9509506	0.0000000	0.0000000
0.8891521	124.7346802	0.0000000	0.0000000
2.6728802	124.7346802	0.0000000	0.0000000
4.4566083	124.7346802	0.0000000	0.0000000
6.2403364	124.7346802	0.0000000	0.0000000
8.0240641	124.7346802	0.0000000	0.0000000
9.8077927	124.7346802	0.0000000	0.0000000
11.5915203	124.7346802	2.9728801	0.0116128
13.3752489	124.7346802	0.0000000	0.0000000
15.1589766	124.7346802	0.0000000	0.0000000
16.9427032	124.7346802	0.0000000	0.0000000
18.7264328	124.7346802	0.0000000	0.0000000
20.5101604	124.7346802	0.0000000	0.0000000
22.2938881	124.7346802	0.0000000	0.0000000
24.0776157	124.7346802	0.0000000	0.0000000
25.8613453	124.7346802	0.0000000	0.0000000
27.6450729	124.7346802	0.0000000	0.0000000
29.4288006	124.7346802	0.0000000	0.0000000
31.2125282	124.7346802	0.0000000	0.0000000
32.9962578	124.7346802	0.0000000	0.0000000
34.7799835	124.7346802	0.0000000	0.0000000
36.5637131	124.7346802	0.0000000	0.0000000
38.3474426	124.7346802	0.0000000	0.0000000
40.1311722	124.7346802	0.0000000	0.0000000
41.9148979	124.7346802	0.0000000	0.0000000
43.6986275	124.7346802	0.0000000	0.0000000
45.4823532	124.7346802	0.0000000	0.0000000
47.2660828	124.7346802	-0.5109638	2.9612675
49.0498085	124.7346802	0.0000000	0.0000000
50.8335381	124.7346802	0.0000000	0.0000000
52.6172676	124.7346802	0.0000000	0.0000000
54.4009972	124.7346802	0.0000000	0.0000000
56.1847229	124.7346802	-0.7664456	3.4490058
57.9684486	124.7346802	-0.6038663	3.2632008
59.7521782	124.7346802	0.2670947	2.1599834
61.5359077	124.7346802	0.4645125	1.4748274
63.3196297	124.7346802	0.0000000	0.0000000
65.1033630	124.7346802	0.0812897	2.2528858
66.8870850	124.7346802	0.0232256	1.6722453
68.6708145	124.7346802	0.0000000	0.0000000
70.4545441	124.7346802	0.0000000	0.0000000
72.2382736	124.7346802	0.0000000	0.0000000
0.8891521	126.5184021	0.0000000	0.0000000
2.6728802	126.5184021	0.0000000	0.0000000
4.4566083	126.5184021	0.0000000	0.0000000
6.2403364	126.5184021	0.0000000	0.0000000
8.0240641	126.5184021	-0.2206434	1.3238608
9.8077927	126.5184021	0.1741922	1.7070837
11.5915203	126.5184021	0.0000000	0.0000000
13.3752489	126.5184021	0.0000000	0.0000000
15.1589766	126.5184021	0.0000000	0.0000000
16.9427032	126.5184021	0.0000000	0.0000000
18.7264328	126.5184021	0.0000000	0.0000000
20.5101604	126.5184021	0.0000000	0.0000000
22.2938881	126.5184021	0.0000000	0.0000000
24.0776157	126.5184021	0.0000000	0.0000000
25.8613453	126.5184021	0.0000000	0.0000000
27.6450729	126.5184021	0.0000000	0.0000000
29.4288006	126.5184021	0.0000000	0.0000000
31.2125282	126.5184021	0.0000000	0.0000000
32.9962578	126.5184021	0.0000000	0.0000000
34.7799835	126.5184021	0.0000000	0.0000000
36.5637131	126.5184021	0.0000000	0.0000000
38.3474426	126.5184021	0.0000000	0.0000000
40.1311722	126.5184021	0.0000000	0.0000000
41.9148979	126.5184021	0.0000000	0.0000000
43.6986275	126.5184021	0.0000000	0.0000000
45.4823532	126.5184021	-2.1599832	2.9728804
47.2660828	126.5184021	0.0000000	0.0000000
49.0498085	126.5184021	0.0000000	0.0000000
50.8335381	126.5184021	0.0000000	0.0000000
52.6172676	126.5184021	0.0000000	0.0000000
54.4009972	126.5184021	0.0000000	0.0000000
56.1847229	126.5184021	0.0000000	0.0000000
57.9684486	126.5184021	-0.6735432	1.8580502
59.7521782	126.5184021	-0.1974178	1.5561171
61.5359077	126.5184021	0.0000000	0.0000000
63.3196297	126.5184021	0.0116128	0.0116128
65.1033630	126.5184021	-0.3367716	0.0232256
66.8870850	126.5184021	0.0000000	0.0000000
68.6708145	126.5184021	0.0000000	0.0000000
70.4545441	126.5184021	-0.0116128	0.0000000
72.2382736	126.5184021	0.0000000	-0.0116128
0.8891521	128.3021240	0.0000000	0.0000000
2.6728802	128.3021240	0.0000000	0.0000000
4.4566083	128.3021240	0.0000000	0.0000000
6.2403364	128.3021240	0.0000000	0.0000000
8.0240641	128.3021240	-0.0232256	2.9380419
9.8077927	128.3021240	0.2554819	4.1109362
11.5915203	128.3021240	0.0000000	0.0000000
13.3752489	128.3021240	0.0000000	0.0000000
15.1589766	128.3021240	0.0000000	0.0000000
16.9427032	128.3021240	0.0000000	0.0000000
18.7264328	128.3021240	0.0000000	0.0000000
20.5101604	128.3021240	0.0000000	0.0000000
22.2938881	128.3021240	0.0000000	0.0000000
24.0776157	128.3021240	0.0000000	0.0000000
25.8613453	128.3021240	0.0000000	0.0000000
27.6450729	128.3021240	0.0000000	0.0000000
29.4288006	128.3021240	0.0000000	0.0000000
31.2125282	128.3021240	0.0000000	0.0000000
32.9962578	128.3021240	0.0000000	0.0000000
34.7799835	128.3021240	0.0000000	0.0000000
36.5637131	128.3021240	0.0000000	0.0000000
38.3474426	128.3021240	0.0000000	0.0000000
40.1311722	128.3021240	0.0000000	0.0000000
41.9148979	128.3021240	0.3367716	4.4593205
43.6986275	128.3021240	0.0000000	0.0000000
45.4823532	128.3021240	0.0000000	0.0000000
47.2660828	128.3021240	0.0000000	0.0000000
49.0498085	128.3021240	0.0000000	0.0000000
50.8335381	128.3021240	0.0000000	0.0000000
52.6172676	128.3021240	0.0000000	0.0000000
54.4009972	128.3021240	0.0000000	0.0000000
56.1847229	128.3021240	0.0000000	0.0000000
57.9684486	128.3021240	0.0000000	0.0000000
59.7521782	128.3021240	-0.0812897	0.4296741
61.5359077	128.3021240	-0.0812897	0.4296741
63.3196297	128.3021240	0.0000000	0.0000000
65.1033630	128.3021240	0.0000000	0.0000000
66.8870850	128.3021240	0.0348384	0.0116128
68.6708145	128.3021240	0.0000000	0.0000000
70.4545441	128.3021240	0.0000000	0.0000000
72.2382736	128.3021240	0.0000000	0.0000000
0.8891521	130.0858612	0.0000000	0.0000000
2.6728802	130.0858612	0.0000000	0.0000000
4.4566083	130.0858612	0.0000000	0.0000000
6.2403364	130.0858612	0.0000000	0.0000000
8.0240641	130.0858612	0.0000000	0.0000000
9.8077927	130.0858612	0.0000000	0.0000000
11.5915203	130.0858612	0.0000000	0.0000000
13.3752489	130.0858612	0.0000000	0.0000000
15.1589766	130.0858612	0.0000000	0.0000000
16.9427032	130.0858612	0.0000000	0.0000000
18.7264328	130.0858612	0.0000000	0.0000000
20.5101604	130.0858612	0.0000000	0.0000000
22.2938881	130.0858612	0.0000000	0.0000000
24.0776157	130.0858612	0.0000000	0.0000000
25.8613453	130.0858612	0.0000000	0.0000000
27.6450729	130.0858612	0.0000000	0.0000000
29.4288006	130.0858612	0.0000000	0.0000000
31.2125282	130.0858612	0.0000000	0.0000000
32.9962578	130.0858612	0.0000000	0.0000000
34.7799835	130.0858612	0.0000000	0.0000000
36.5637131	130.0858612	0.0000000	0.0000000
38.3474426	130.0858612	0.0000000	0.0000000
40.1311722	130.0858612	0.0000000	0.0000000
41.9148979	130.0858612	0.0000000	0.0000000
43.6986275	130.0858612	0.0000000	0.0000000
45.4823532	130.0858612	0.0000000	0.0000000
47.2660828	130.0858612	0.0000000	0.0000000
49.0498085	130.0858612	0.0000000	0.0000000
50.8335381	130.0858612	0.0000000	0.0000000
52.6172676	130.0858612	0.0000000	0.0000000
54.4009972	130.0858612	0.0000000	0.0000000
56.1847229	130.0858612	0.0000000	0.0000000
57.9684486	130.0858612	-0.3019331	2.1135321
59.7521782	130.0858612	0.0000000	0.0000000
61.5359077	130.0858612	0.0000000	0.0000000
63.3196297	130.0858612	0.0000000	0.0000000
65.1033630	130.0858612	0.0000000	0.0000000
66.8870850	130.0858612	0.0000000	0.0000000
68.6708145	130.0858612	0.0000000	0.0000000
70.4545441	130.0858612	0.0000000	0.0000000
72.2382736	130.0858612	0.0000000	0.0000000
0.8891521	131.8695831	0.0000000	0.0000000
2.6728802	131.8695831	0.0000000	0.0000000
4.4566083	131.8695831	-0.0464513	-1.4864402
6.2403364	131.8695831	0.0000000	0.0000000
8.0240641	131.8695831	0.0000000	0.0000000
9.8077927	131.8695831	0.0000000	0.0000000
11.5915203	131.8695831	0.0000000	0.0000000
13.3752489	131.8695831	0.0000000	0.0000000
15.1589766	131.8695831	0.0000000	0.0000000
16.9427032	131.8695831	0.0000000	0.0000000
18.7264328	131.8695831	0.0000000	0.0000000
20.5101604	131.8695831	0.0000000	0.0000000
22.2938881	131.8695831	0.0000000	0.0000000
24.0776157	131.8695831	0.0000000	0.0000000
25.8613453	131.8695831	0.0000000	0.0000000
27.6450729	131.8695831	0.0000000	0.0000000
29.4288006	131.8695831	0.0000000	0.0000000
31.2125282	131.8695831	0.0000000	0.0000000
32.9962578	131.8695831	0.0000000	0.0000000
34.7799835	131.8695831	0.0000000	0.0000000
36.5637131	131.8695831	0.0000000	0.0000000
38.3474426	131.8695831	0.0000000	0.0000000
40.1311722	131.8695831	0.0000000	0.0000000
41.9148979	131.8695831	0.0000000	0.0000000
43.6986275	131.8695831	0.0000000	0.0000000
45.4823532	131.8695831	0.0000000	0.0000000
47.2660828	131.8695831	0.0000000	0.0000000
49.0498085	131.8695831	0.0000000	0.0000000
50.8335381	131.8695831	0.0000000	0.0000000
52.6172676	131.8695831	0.0000000	0.0000000
54.4009972	131.8695831	0.0000000	0.0000000
56.1847229	131.8695831	0.0000000	0.0000000
57.9684486	131.8695831	0.4296741	1.4283761
59.7521782	131.8695831	0.0000000	0.0000000
61.5359077	131.8695831	0.0000000	0.0000000
63.3196297	131.8695831	0.0000000	0.0000000
65.1033630	131.8695831	0.0000000	0.0000000
66.8870850	131.8695831	0.0000000	0.0000000
68.6708145	131.8695831	0.0000000	0.0000000
70.4545441	131.8695831	0.0000000	0.0000000
72.2382736	131.8695831	0.0000000	0.0000000
0.8891521	133.6533203	0.0000000	0.0000000
2.6728802	133.6533203	0.0000000	0.0000000
4.4566083	133.6533203	0.0000000	0.0000000
6.2403364	133.6533203	0.0000000	0.0000000
8.0240641	133.6533203	0.0000000	0.0000000
9.8077927	133.6533203	0.0000000	0.0000000
11.5915203	133.6533203	0.0000000	0.0000000
13.3752489	133.6533203	0.0000000	0.0000000
15.1589766	133.6533203	0.0000000	0.0000000
16.9427032	133.6533203	0.0000000	0.0000000
18.7264328	133.6533203	0.0000000	0.0000000
20.5101604	133.6533203	0.0000000	0.0000000
22.2938881	133.6533203	0.0000000	0.0000000
24.0776157	133.6533203	0.0000000	0.0000000
25.8613453	133.6533203	0.0000000	0.0000000
27.6450729	133.6533203	0.0000000	0.0000000
29.4288006	133.6533203	0.0000000	0.0000000
31.2125282	133.6533203	0.0000000	0.0000000
32.9962578	133.6533203	-4.4244819	0.0000000
34.7799835	133.6533203	0.0000000	0.0000000
36.5637131	133.6533203	0.0000000	0.0000000
38.3474426	133.6533203	0.0000000	0.0000000
40.1311722	133.6533203	0.0000000	0.0000000
41.9148979	133.6533203	0.0000000	0.0000000
43.6986275	133.6533203	0.0000000	0.0000000
45.4823532	133.6533203	0.0000000	0.0000000
47.2660828	133.6533203	0.0000000	0.0000000
49.0498085	133.6533203	0.0000000	0.0000000
50.8335381	133.6533203	0.0000000	0.0000000
52.6172676	133.6533203	0.0000000	0.0000000
54.4009972	133.6533203	0.0000000	0.0000000
56.1847229	133.6533203	0.0000000	0.0000000
57.9684486	133.6533203	0.0000000	0.0000000
59.7521782	133.6533203	0.0000000	0.0000000
61.5359077	133.6533203	0.0000000	0.0000000
63.3196297	133.6533203	0.0000000	0.0000000
65.1033630	133.6533203	0.0000000	0.0000000
66.8870850	133.6533203	0.0000000	0.0000000
68.6708145	133.6533203	0.0000000	0.0000000
70.4545441	133.6533203	-4.3896432	0.0232256
72.2382736	133.6533203	0.0000000	0.0000000
0.8891521	135.4370422	0.0000000	0.0000000
2.6728802	135.4370422	0.0000000	0.0000000
4.4566083	135.4370422	0.0000000	0.0000000
6.2403364	135.4370422	0.0000000	0.0000000
8.0240641	135.4370422	-4.5057716	0.0000000
9.8077927	135.4370422	0.0000000	0.0000000
11.5915203	135.4370422	0.0000000	0.0000000
13.3752489	135.4370422	-4.5173841	0.0000000
15.1589766	135.4370422	0.0000000	0.0000000
16.9427032	135.4370422	0.0000000	0.0000000
18.7264328	135.4370422	0.0000000	0.0000000
20.5101604	135.4370422	0.0000000	0.0000000
22.2938881	135.4370422	0.0000000	0.0000000
24.0776157	135.4370422	0.0000000	0.0000000
25.8613453	135.4370422	0.0000000	0.0000000
27.6450729	135.4370422	0.0000000	0.0000000
29.4288006	135.4370422	0.0000000	0.0000000
31.2125282	135.4370422	0.0000000	0.0000000
32.9962578	135.4370422	0.0000000	0.0000000
34.7799835	135.4370422	0.0000000	0.0000000
36.5637131	135.4370422	0.0000000	0.0000000
38.3474426	135.4370422	0.0000000	0.0000000
40.1311722	135.4370422	0.0000000	0.0000000
41.9148979	135.4370422	0.0000000	0.0000000
43.6986275	135.4370422	0.0000000	0.0000000
45.4823532	135.4370422	0.0000000	0.0000000
47.2660828	135.4370422	-0.2322563	1.2890223
49.0498085	135.4370422	-0.2322563	1.2774096
50.8335381	135.4370422	0.0000000	0.0000000
52.6172676	135.4370422	0.0000000	0.0000000
54.4009972	135.4370422	0.0000000	0.0000000
56.1847229	135.4370422	0.0000000	0.0000000
57.9684486	135.4370422	0.0000000	0.0000000
59.7521782	135.4370422	0.0000000	0.0000000
61.5359077	135.4370422	0.0000000	0.0000000
63.3196297	135.4370422	0.0000000	0.0000000
65.1033630	135.4370422	0.0000000	0.0000000
66.8870850	135.4370422	0.0000000	0.0000000
68.6708145	135.4370422	0.0000000	0.0000000
70.4545441	135.4370422	0.0000000	0.0000000
72.2382736	135.4370422	-4.4360948	0.0000000
0.8891521	137.2207642	0.0000000	0.0000000
2.6728802	137.2207642	0.0000000	0.0000000
4.4566083	137.2207642	0.0000000	0.0000000
6.2403364	137.2207642	-4.4825459	0.0000000
8.0240641	137.2207642	0.0000000	0.0000000
9.8077927	137.2207642	0.0000000	0.0000000
11.5915203	137.2207642	0.0000000	0.0000000
13.3752489	137.2207642	0.0000000	0.0000000
15.1589766	137.2207642	0.0000000	0.0000000
16.9427032	137.2207642	0.0000000	0.0000000
18.7264328	137.2207642	0.0000000	0.0000000
20.5101604	137.2207642	0.0000000	0.0000000
22.2938881	137.2207642	0.0000000	0.0000000
24.0776157	137.2207642	0.0000000	0.0000000
25.8613453	137.2207642	0.0000000	0.0000000
27.6450729	137.2207642	0.0000000	0.0000000
29.4288006	137.2207642	0.0000000	0.0000000
31.2125282	137.2207642	0.0000000	0.0000000
32.9962578	137.2207642	0.0000000	0.0000000
34.7799835	137.2207642	0.0000000	0.0000000
36.5637131	137.2207642	-4.4477072	0.0000000
38.3474426	137.2207642	-4.4128690	0.0000000
40.1311722	137.2207642	0.0000000	0.0000000
41.9148979	137.2207642	0.0000000	0.0000000
43.6986275	137.2207642	0.0000000	0.0000000
45.4823532	137.2207642	0.0000000	0.0000000
47.2660828	137.2207642	-0.1625794	3.0541701
49.0498085	137.2207642	-0.1625794	3.0541701
50.8335381	137.2207642	-4.4593201	0.0116128
52.6172676	137.2207642	0.0000000	0.0000000
54.4009972	137.2207642	0.0000000	0.0000000
56.1847229	137.2207642	0.0000000	0.0000000
57.9684486	137.2207642	0.0000000	0.0000000
59.7521782	137.2207642	-4.4593201	0.0000000
61.5359077	137.2207642	0.0000000	0.0000000
63.3196297	137.2207642	0.0000000	0.0000000
65.1033630	137.2207642	0.0000000	0.0000000
66.8870850	137.2207642	0.0000000	0.0000000
68.6708145	137.2207642	0.0000000	0.0000000
70.4545441	137.2207642	0.0000000	0.0000000
72.2382736	137.2207642	0.0000000	0.0000000
0.8891521	139.0045013	0.0000000	0.0000000
2.6728802	139.0045013	0.0000000	0.0000000
4.4566083	139.0045013	0.0000000	0.0000000
6.2403364	139.0045013	0.0000000	0.0000000
8.0240641	139.0045013	0.0000000	0.0000000
9.8077927	139.0045013	0.0000000	0.0000000
11.5915203	139.0045013	0.0000000	0.0000000
13.3752489	139.0045013	-4.4941587	0.0000000
15.1589766	139.0045013	0.0000000	0.0000000
16.9427032	139.0045013	0.0000000	0.0000000
18.7264328	139.0045013	0.0000000	0.0000000
20.5101604	139.0045013	0.0000000	0.0000000
22.2938881	139.0045013	0.0000000	0.0000000
24.0776157	139.0045013	0.0000000	0.0000000
25.8613453	139.0045013	0.0000000	0.0000000
27.6450729	139.0045013	0.0000000	0.0000000
29.4288006	139.0045013	0.0000000	0.0000000
31.2125282	139.0045013	0.0000000	0.0000000
32.9962578	139.0045013	0.0000000	0.0000000
34.7799835	139.0045013	0.0000000	0.0000000
36.5637131	139.0045013	0.0000000	0.0000000
38.3474426	139.0045013	0.0000000	0.0000000
40.1311722	139.0045013	0.0000000	0.0000000
41.9148979	139.0045013	0.0000000	0.0000000
43.6986275	139.0045013	0.0000000	0.0000000
45.4823532	139.0045013	0.0000000	0.0000000
47.2660828	139.0045013	0.0000000	0.0000000
49.0498085	139.0045013	0.0000000	0.0000000
50.8335381	139.0045013	0.0000000	0.0000000
52.6172676	139.0045013	0.0000000	0.0000000
54.4009972	139.0045013	0.0000000	0.0000000
56.1847229	139.0045013	0.0000000	0.0000000
57.9684486	139.0045013	0.0000000	0.0000000
59.7521782	139.0045013	0.0000000	0.0000000
61.5359077	139.0045013	0.0000000	0.0000000
63.3196297	139.0045013	0.0000000	0.0000000
65.1033630	139.0045013	0.0000000	0.0000000
66.8870850	139.0045013	0.0000000	0.0000000
68.6708145	139.0045013	0.0000000	0.0000000
70.4545441	139.0045013	0.0000000	0.0000000
72.2382736	139.0045013	0.0000000	0.0000000
