0.8890080	65.8890076	0.0000000	0.0000000
2.6725199	65.8890076	0.0000000	0.0000000
4.4560323	65.8890076	0.0000000	0.0000000
6.2395439	65.8890076	0.0000000	0.0000000
8.0230560	65.8890076	0.0000000	0.0000000
9.8065681	65.8890076	0.0000000	0.0000000
11.5900803	65.8890076	0.0000000	0.0000000
13.3735924	65.8890076	0.0000000	0.0000000
15.1571035	65.8890076	0.0000000	0.0000000
16.9406166	65.8890076	0.0000000	0.0000000
18.7241287	65.8890076	0.0000000	0.0000000
20.5076389	65.8890076	0.0000000	0.0000000
22.2911510	65.8890076	0.0000000	0.0000000
24.0746651	65.8890076	0.0000000	0.0000000
25.8581772	65.8890076	0.0000000	0.0000000
27.6416874	65.8890076	0.0000000	0.0000000
29.4251995	65.8890076	0.0000000	0.0000000
31.2087135	65.8890076	0.0000000	0.0000000
32.9922256	65.8890076	0.0000000	0.0000000
34.7757378	65.8890076	0.0000000	0.0000000
36.5592461	65.8890076	0.0000000	0.0000000
38.3427582	65.8890076	0.0000000	0.0000000
40.1262703	65.8890076	0.0000000	0.0000000
41.9097824	65.8890076	0.0000000	0.0000000
43.6932983	65.8890076	0.0000000	0.0000000
45.4768105	65.8890076	0.0000000	0.0000000
47.2603226	65.8890076	0.0000000	0.0000000
49.0438309	65.8890076	0.0000000	0.0000000
50.8273430	65.8890076	0.0000000	0.0000000
52.6108551	65.8890076	0.0000000	0.0000000
54.3943672	65.8890076	0.0000000	0.0000000
56.1778793	65.8890076	0.0000000	0.0000000
57.9613914	65.8890076	0.0000000	0.0000000
59.7449074	65.8890076	0.0000000	0.0000000
61.5284157	65.8890076	0.0000000	0.0000000
63.3119278	65.8890076	0.0000000	0.0000000
65.0954361	65.8890076	0.0000000	0.0000000
66.8789520	65.8890076	0.0000000	0.0000000
68.6624680	65.8890076	0.0000000	0.0000000
70.4459763	65.8890076	0.0000000	0.0000000
72.2294922	65.8890076	0.0000000	0.0000000
0.8890080	67.6725235	0.0000000	0.0000000
2.6725199	67.6725235	0.0000000	0.0000000
4.4560323	67.6725235	0.0000000	0.0000000
6.2395439	67.6725235	0.0000000	0.0000000
8.0230560	67.6725235	0.0000000	0.0000000
9.8065681	67.6725235	0.0000000	0.0000000
11.5900803	67.6725235	0.0000000	0.0000000
13.3735924	67.6725235	0.0000000	0.0000000
15.1571035	67.6725235	0.0000000	0.0000000
16.9406166	67.6725235	0.0000000	0.0000000
18.7241287	67.6725235	0.0000000	0.0000000
20.5076389	67.6725235	0.0000000	0.0000000
22.2911510	67.6725235	0.0000000	0.0000000
24.0746651	67.6725235	0.0000000	0.0000000
25.8581772	67.6725235	0.0000000	0.0000000
27.6416874	67.6725235	0.0000000	0.0000000
29.4251995	67.6725235	0.0000000	0.0000000
31.2087135	67.6725235	0.0000000	0.0000000
32.9922256	67.6725235	0.0000000	0.0000000
34.7757378	67.6725235	0.0000000	0.0000000
36.5592461	67.6725235	0.0000000	0.0000000
38.3427582	67.6725235	0.0000000	0.0000000
40.1262703	67.6725235	0.0000000	0.0000000
41.9097824	67.6725235	0.0000000	0.0000000
43.6932983	67.6725235	0.0000000	0.0000000
45.4768105	67.6725235	0.0000000	0.0000000
47.2603226	67.6725235	0.0000000	0.0000000
49.0438309	67.6725235	0.0000000	0.0000000
50.8273430	67.6725235	0.0000000	0.0000000
52.6108551	67.6725235	0.0000000	0.0000000
54.3943672	67.6725235	0.0000000	0.0000000
56.1778793	67.6725235	0.0000000	0.0000000
57.9613914	67.6725235	0.0000000	0.0000000
59.7449074	67.6725235	0.0000000	0.0000000
61.5284157	67.6725235	0.0000000	0.0000000
63.3119278	67.6725235	0.0000000	0.0000000
65.0954361	67.6725235	0.0000000	0.0000000
66.8789520	67.6725235	0.0000000	0.0000000
68.6624680	67.6725235	0.0000000	0.0000000
70.4459763	67.6725235	0.0000000	0.0000000
72.2294922	67.6725235	0.0000000	0.0000000
0.8890080	69.4560318	0.0000000	0.0000000
2.6725199	69.4560318	0.0000000	0.0000000
4.4560323	69.4560318	0.0000000	0.0000000
6.2395439	69.4560318	0.0000000	0.0000000
8.0230560	69.4560318	0.0000000	0.0000000
9.8065681	69.4560318	0.0000000	0.0000000
11.5900803	69.4560318	0.0000000	0.0000000
13.3735924	69.4560318	0.0000000	0.0000000
15.1571035	69.4560318	0.0000000	0.0000000
16.9406166	69.4560318	0.0000000	0.0000000
18.7241287	69.4560318	0.0000000	0.0000000
20.5076389	69.4560318	0.0000000	0.0000000
22.2911510	69.4560318	0.0000000	0.0000000
24.0746651	69.4560318	0.0000000	0.0000000
25.8581772	69.4560318	0.0000000	0.0000000
27.6416874	69.4560318	0.0000000	0.0000000
29.4251995	69.4560318	0.0000000	0.0000000
31.2087135	69.4560318	0.0000000	0.0000000
32.9922256	69.4560318	0.0000000	0.0000000
34.7757378	69.4560318	0.0000000	0.0000000
36.5592461	69.4560318	0.0000000	0.0000000
38.3427582	69.4560318	0.0000000	0.0000000
40.1262703	69.4560318	0.0000000	0.0000000
41.9097824	69.4560318	0.0000000	0.0000000
43.6932983	69.4560318	0.0000000	0.0000000
45.4768105	69.4560318	0.0000000	0.0000000
47.2603226	69.4560318	0.0000000	0.0000000
49.0438309	69.4560318	0.0000000	0.0000000
50.8273430	69.4560318	0.0000000	0.0000000
52.6108551	69.4560318	0.0000000	0.0000000
54.3943672	69.4560318	0.0000000	0.0000000
56.1778793	69.4560318	0.0000000	0.0000000
57.9613914	69.4560318	0.0000000	0.0000000
59.7449074	69.4560318	0.0000000	0.0000000
61.5284157	69.4560318	0.0000000	0.0000000
63.3119278	69.4560318	0.0000000	0.0000000
65.0954361	69.4560318	0.0000000	0.0000000
66.8789520	69.4560318	0.0000000	0.0000000
68.6624680	69.4560318	0.0000000	0.0000000
70.4459763	69.4560318	0.0000000	0.0000000
72.2294922	69.4560318	0.0000000	0.0000000
0.8890080	71.2395477	0.0000000	0.0000000
2.6725199	71.2395477	0.0000000	0.0000000
4.4560323	71.2395477	0.0000000	0.0000000
6.2395439	71.2395477	0.0000000	0.0000000
8.0230560	71.2395477	0.0000000	0.0000000
9.8065681	71.2395477	0.0000000	0.0000000
11.5900803	71.2395477	0.0000000	0.0000000
13.3735924	71.2395477	0.0000000	0.0000000
15.1571035	71.2395477	0.0000000	0.0000000
16.9406166	71.2395477	0.0000000	0.0000000
18.7241287	71.2395477	0.0000000	0.0000000
20.5076389	71.2395477	0.0000000	0.0000000
22.2911510	71.2395477	0.0000000	0.0000000
24.0746651	71.2395477	0.0000000	0.0000000
25.8581772	71.2395477	0.0000000	0.0000000
27.6416874	71.2395477	0.0000000	0.0000000
29.4251995	71.2395477	0.0000000	0.0000000
31.2087135	71.2395477	0.0000000	0.0000000
32.9922256	71.2395477	0.0000000	0.0000000
34.7757378	71.2395477	0.0000000	0.0000000
36.5592461	71.2395477	0.0000000	0.0000000
38.3427582	71.2395477	0.0000000	0.0000000
40.1262703	71.2395477	0.0000000	0.0000000
41.9097824	71.2395477	0.0000000	0.0000000
43.6932983	71.2395477	0.0000000	0.0000000
45.4768105	71.2395477	0.0000000	0.0000000
47.2603226	71.2395477	0.0000000	0.0000000
49.0438309	71.2395477	0.0000000	0.0000000
50.8273430	71.2395477	0.0000000	0.0000000
52.6108551	71.2395477	0.0000000	0.0000000
54.3943672	71.2395477	0.0000000	0.0000000
56.1778793	71.2395477	0.0000000	0.0000000
57.9613914	71.2395477	0.0000000	0.0000000
59.7449074	71.2395477	0.0000000	0.0000000
61.5284157	71.2395477	0.0000000	0.0000000
63.3119278	71.2395477	0.0000000	0.0000000
65.0954361	71.2395477	0.0000000	0.0000000
66.8789520	71.2395477	0.0000000	0.0000000
68.6624680	71.2395477	0.0000000	0.0000000
70.4459763	71.2395477	0.0000000	0.0000000
72.2294922	71.2395477	0.0000000	0.0000000
0.8890080	73.0230560	0.0000000	0.0000000
2.6725199	73.0230560	0.0000000	0.0000000
4.4560323	73.0230560	0.0000000	0.0000000
6.2395439	73.0230560	0.0000000	0.0000000
8.0230560	73.0230560	0.0000000	0.0000000
9.8065681	73.0230560	0.0000000	0.0000000
11.5900803	73.0230560	0.0000000	0.0000000
13.3735924	73.0230560	0.0000000	0.0000000
15.1571035	73.0230560	0.0000000	0.0000000
16.9406166	73.0230560	0.0000000	0.0000000
18.7241287	73.0230560	0.0000000	0.0000000
20.5076389	73.0230560	0.0000000	0.0000000
22.2911510	73.0230560	0.0000000	0.0000000
24.0746651	73.0230560	0.0000000	0.0000000
25.8581772	73.0230560	0.0000000	0.0000000
27.6416874	73.0230560	0.0000000	0.0000000
29.4251995	73.0230560	0.0000000	0.0000000
31.2087135	73.0230560	0.0000000	0.0000000
32.9922256	73.0230560	0.0000000	0.0000000
34.7757378	73.0230560	0.0000000	0.0000000
36.5592461	73.0230560	0.0000000	0.0000000
38.3427582	73.0230560	0.0000000	0.0000000
40.1262703	73.0230560	0.0000000	0.0000000
41.9097824	73.0230560	0.0000000	0.0000000
43.6932983	73.0230560	0.0000000	0.0000000
45.4768105	73.0230560	0.0000000	0.0000000
47.2603226	73.0230560	0.0000000	0.0000000
49.0438309	73.0230560	0.0000000	0.0000000
50.8273430	73.0230560	0.0000000	0.0000000
52.6108551	73.0230560	0.0000000	0.0000000
54.3943672	73.0230560	0.0000000	0.0000000
56.1778793	73.0230560	0.0000000	0.0000000
57.9613914	73.0230560	0.0000000	0.0000000
59.7449074	73.0230560	0.0000000	0.0000000
61.5284157	73.0230560	0.0000000	0.0000000
63.3119278	73.0230560	0.0000000	0.0000000
65.0954361	73.0230560	0.0000000	0.0000000
66.8789520	73.0230560	0.0000000	0.0000000
68.6624680	73.0230560	0.0000000	0.0000000
70.4459763	73.0230560	0.0000000	0.0000000
72.2294922	73.0230560	0.0000000	0.0000000
0.8890080	74.8065720	0.0000000	0.0000000
2.6725199	74.8065720	0.0000000	0.0000000
4.4560323	74.8065720	0.0000000	0.0000000
6.2395439	74.8065720	0.0000000	0.0000000
8.0230560	74.8065720	0.0000000	0.0000000
9.8065681	74.8065720	0.0000000	0.0000000
11.5900803	74.8065720	0.0000000	0.0000000
13.3735924	74.8065720	0.0000000	0.0000000
15.1571035	74.8065720	0.0000000	0.0000000
16.9406166	74.8065720	0.0000000	0.0000000
18.7241287	74.8065720	0.0000000	0.0000000
20.5076389	74.8065720	0.0000000	0.0000000
22.2911510	74.8065720	0.0000000	0.0000000
24.0746651	74.8065720	0.0000000	0.0000000
25.8581772	74.8065720	0.0000000	0.0000000
27.6416874	74.8065720	0.0000000	0.0000000
29.4251995	74.8065720	0.0000000	0.0000000
31.2087135	74.8065720	0.0000000	0.0000000
32.9922256	74.8065720	0.0000000	0.0000000
34.7757378	74.8065720	0.0000000	0.0000000
36.5592461	74.8065720	0.0000000	0.0000000
38.3427582	74.8065720	0.0000000	0.0000000
40.1262703	74.8065720	0.0000000	0.0000000
41.9097824	74.8065720	0.0000000	0.0000000
43.6932983	74.8065720	0.0000000	0.0000000
45.4768105	74.8065720	0.0000000	0.0000000
47.2603226	74.8065720	0.0000000	0.0000000
49.0438309	74.8065720	0.0000000	0.0000000
50.8273430	74.8065720	0.0000000	0.0000000
52.6108551	74.8065720	0.0000000	0.0000000
54.3943672	74.8065720	0.0000000	0.0000000
56.1778793	74.8065720	0.0000000	0.0000000
57.9613914	74.8065720	0.0000000	0.0000000
59.7449074	74.8065720	0.0000000	0.0000000
61.5284157	74.8065720	0.0000000	0.0000000
63.3119278	74.8065720	0.0000000	0.0000000
65.0954361	74.8065720	0.0000000	0.0000000
66.8789520	74.8065720	0.0000000	0.0000000
68.6624680	74.8065720	0.0000000	0.0000000
70.4459763	74.8065720	0.0000000	0.0000000
72.2294922	74.8065720	0.0000000	0.0000000
0.8890080	76.5900803	0.0000000	0.0000000
2.6725199	76.5900803	0.0000000	0.0000000
4.4560323	76.5900803	0.0000000	0.0000000
6.2395439	76.5900803	0.0000000	0.0000000
8.0230560	76.5900803	0.0000000	0.0000000
9.8065681	76.5900803	0.0000000	0.0000000
11.5900803	76.5900803	0.0000000	0.0000000
13.3735924	76.5900803	0.0000000	0.0000000
15.1571035	76.5900803	0.0000000	0.0000000
16.9406166	76.5900803	0.0000000	0.0000000
18.7241287	76.5900803	0.0000000	0.0000000
20.5076389	76.5900803	0.0000000	0.0000000
22.2911510	76.5900803	0.0000000	0.0000000
24.0746651	76.5900803	0.0000000	0.0000000
25.8581772	76.5900803	0.0000000	0.0000000
27.6416874	76.5900803	0.0000000	0.0000000
29.4251995	76.5900803	0.0000000	0.0000000
31.2087135	76.5900803	0.0000000	0.0000000
32.9922256	76.5900803	0.0000000	0.0000000
34.7757378	76.5900803	0.0000000	0.0000000
36.5592461	76.5900803	0.0000000	0.0000000
38.3427582	76.5900803	0.0000000	0.0000000
40.1262703	76.5900803	0.0000000	0.0000000
41.9097824	76.5900803	0.0000000	0.0000000
43.6932983	76.5900803	0.0000000	0.0000000
45.4768105	76.5900803	0.0000000	0.0000000
47.2603226	76.5900803	0.0000000	0.0000000
49.0438309	76.5900803	0.0000000	0.0000000
50.8273430	76.5900803	0.0000000	0.0000000
52.6108551	76.5900803	0.0000000	0.0000000
54.3943672	76.5900803	0.0000000	0.0000000
56.1778793	76.5900803	0.0000000	0.0000000
57.9613914	76.5900803	0.0000000	0.0000000
59.7449074	76.5900803	0.0000000	0.0000000
61.5284157	76.5900803	0.0000000	0.0000000
63.3119278	76.5900803	0.0000000	0.0000000
65.0954361	76.5900803	0.0000000	0.0000000
66.8789520	76.5900803	0.0000000	0.0000000
68.6624680	76.5900803	0.0000000	0.0000000
70.4459763	76.5900803	0.0000000	0.0000000
72.2294922	76.5900803	0.0000000	0.0000000
0.8890080	78.3735962	0.0000000	0.0000000
2.6725199	78.3735962	0.0000000	0.0000000
4.4560323	78.3735962	0.0000000	0.0000000
6.2395439	78.3735962	0.0000000	0.0000000
8.0230560	78.3735962	0.0000000	0.0000000
9.8065681	78.3735962	0.0000000	0.0000000
11.5900803	78.3735962	0.0000000	0.0000000
13.3735924	78.3735962	0.0000000	0.0000000
15.1571035	78.3735962	0.0000000	0.0000000
16.9406166	78.3735962	0.0000000	0.0000000
18.7241287	78.3735962	0.0000000	0.0000000
20.5076389	78.3735962	0.0000000	0.0000000
22.2911510	78.3735962	0.0000000	0.0000000
24.0746651	78.3735962	0.0000000	0.0000000
25.8581772	78.3735962	0.0000000	0.0000000
27.6416874	78.3735962	0.0000000	0.0000000
29.4251995	78.3735962	0.0000000	0.0000000
31.2087135	78.3735962	0.0000000	0.0000000
32.9922256	78.3735962	0.0000000	0.0000000
34.7757378	78.3735962	0.0000000	0.0000000
36.5592461	78.3735962	0.0000000	0.0000000
38.3427582	78.3735962	0.0000000	0.0000000
40.1262703	78.3735962	0.0000000	0.0000000
41.9097824	78.3735962	0.0000000	0.0000000
43.6932983	78.3735962	0.0000000	0.0000000
45.4768105	78.3735962	0.0000000	0.0000000
47.2603226	78.3735962	0.0000000	0.0000000
49.0438309	78.3735962	0.0000000	0.0000000
50.8273430	78.3735962	0.0000000	0.0000000
52.6108551	78.3735962	0.0000000	0.0000000
54.3943672	78.3735962	0.0000000	0.0000000
56.1778793	78.3735962	0.0000000	0.0000000
57.9613914	78.3735962	0.0000000	0.0000000
59.7449074	78.3735962	0.0000000	0.0000000
61.5284157	78.3735962	0.0000000	0.0000000
63.3119278	78.3735962	0.0000000	0.0000000
65.0954361	78.3735962	0.0000000	0.0000000
66.8789520	78.3735962	0.0000000	0.0000000
68.6624680	78.3735962	0.0000000	0.0000000
70.4459763	78.3735962	0.0000000	0.0000000
72.2294922	78.3735962	0.0000000	0.0000000
0.8890080	80.1571045	0.0000000	0.0000000
2.6725199	80.1571045	0.0000000	0.0000000
4.4560323	80.1571045	0.0000000	0.0000000
6.2395439	80.1571045	0.0000000	0.0000000
8.0230560	80.1571045	0.0000000	0.0000000
9.8065681	80.1571045	0.0000000	0.0000000
11.5900803	80.1571045	0.0000000	0.0000000
13.3735924	80.1571045	0.0000000	0.0000000
15.1571035	80.1571045	0.0000000	0.0000000
16.9406166	80.1571045	0.0000000	0.0000000
18.7241287	80.1571045	0.0000000	0.0000000
20.5076389	80.1571045	0.0000000	0.0000000
22.2911510	80.1571045	0.0000000	0.0000000
24.0746651	80.1571045	0.0000000	0.0000000
25.8581772	80.1571045	0.0000000	0.0000000
27.6416874	80.1571045	0.0000000	0.0000000
29.4251995	80.1571045	0.0000000	0.0000000
31.2087135	80.1571045	0.0000000	0.0000000
32.9922256	80.1571045	0.0000000	0.0000000
34.7757378	80.1571045	0.0000000	0.0000000
36.5592461	80.1571045	0.0000000	0.0000000
38.3427582	80.1571045	0.0000000	0.0000000
40.1262703	80.1571045	0.0000000	0.0000000
41.9097824	80.1571045	0.0000000	0.0000000
43.6932983	80.1571045	0.0000000	0.0000000
45.4768105	80.1571045	0.0000000	0.0000000
47.2603226	80.1571045	0.0000000	0.0000000
49.0438309	80.1571045	0.0000000	0.0000000
50.8273430	80.1571045	0.0000000	0.0000000
52.6108551	80.1571045	0.0000000	0.0000000
54.3943672	80.1571045	0.0000000	0.0000000
56.1778793	80.1571045	0.0000000	0.0000000
57.9613914	80.1571045	0.0000000	0.0000000
59.7449074	80.1571045	0.0000000	0.0000000
61.5284157	80.1571045	0.0000000	0.0000000
63.3119278	80.1571045	0.0000000	0.0000000
65.0954361	80.1571045	0.0000000	0.0000000
66.8789520	80.1571045	0.0000000	0.0000000
68.6624680	80.1571045	0.0000000	0.0000000
70.4459763	80.1571045	0.0000000	0.0000000
72.2294922	80.1571045	0.0000000	0.0000000
0.8890080	81.9406128	0.0000000	0.0000000
2.6725199	81.9406128	0.0000000	0.0000000
4.4560323	81.9406128	0.0000000	0.0000000
6.2395439	81.9406128	0.0000000	0.0000000
8.0230560	81.9406128	0.0000000	0.0000000
9.8065681	81.9406128	0.0000000	0.0000000
11.5900803	81.9406128	0.0000000	0.0000000
13.3735924	81.9406128	0.0000000	0.0000000
15.1571035	81.9406128	0.0000000	0.0000000
16.9406166	81.9406128	0.0000000	0.0000000
18.7241287	81.9406128	0.0000000	0.0000000
20.5076389	81.9406128	0.0000000	0.0000000
22.2911510	81.9406128	0.0000000	0.0000000
24.0746651	81.9406128	0.0000000	0.0000000
25.8581772	81.9406128	0.0000000	0.0000000
27.6416874	81.9406128	0.0000000	0.0000000
29.4251995	81.9406128	0.0000000	0.0000000
31.2087135	81.9406128	0.0000000	0.0000000
32.9922256	81.9406128	0.0000000	0.0000000
34.7757378	81.9406128	0.0000000	0.0000000
36.5592461	81.9406128	0.0000000	0.0000000
38.3427582	81.9406128	0.0000000	0.0000000
40.1262703	81.9406128	0.0000000	0.0000000
41.9097824	81.9406128	0.0000000	0.0000000
43.6932983	81.9406128	0.0000000	0.0000000
45.4768105	81.9406128	0.0000000	0.0000000
47.2603226	81.9406128	0.0000000	0.0000000
49.0438309	81.9406128	0.0000000	0.0000000
50.8273430	81.9406128	0.0000000	0.0000000
52.6108551	81.9406128	0.0000000	0.0000000
54.3943672	81.9406128	0.0000000	0.0000000
56.1778793	81.9406128	0.0000000	0.0000000
57.9613914	81.9406128	0.0000000	0.0000000
59.7449074	81.9406128	0.0000000	0.0000000
61.5284157	81.9406128	0.0000000	0.0000000
63.3119278	81.9406128	0.0000000	0.0000000
65.0954361	81.9406128	0.0000000	0.0000000
66.8789520	81.9406128	0.0000000	0.0000000
68.6624680	81.9406128	0.0000000	0.0000000
70.4459763	81.9406128	0.0000000	0.0000000
72.2294922	81.9406128	0.0000000	0.0000000
0.8890080	83.7241287	0.0000000	0.0000000
2.6725199	83.7241287	0.0000000	0.0000000
4.4560323	83.7241287	0.0000000	0.0000000
6.2395439	83.7241287	0.0000000	0.0000000
8.0230560	83.7241287	0.0000000	0.0000000
9.8065681	83.7241287	0.0000000	0.0000000
11.5900803	83.7241287	0.0000000	0.0000000
13.3735924	83.7241287	0.0000000	0.0000000
15.1571035	83.7241287	0.0000000	0.0000000
16.9406166	83.7241287	0.0000000	0.0000000
18.7241287	83.7241287	0.0000000	0.0000000
20.5076389	83.7241287	0.0000000	0.0000000
22.2911510	83.7241287	0.0000000	0.0000000
24.0746651	83.7241287	0.0000000	0.0000000
25.8581772	83.7241287	0.0000000	0.0000000
27.6416874	83.7241287	0.0000000	0.0000000
29.4251995	83.7241287	0.0000000	0.0000000
31.2087135	83.7241287	0.0000000	0.0000000
32.9922256	83.7241287	0.0000000	0.0000000
34.7757378	83.7241287	0.0000000	0.0000000
36.5592461	83.7241287	0.0000000	0.0000000
38.3427582	83.7241287	0.0000000	0.0000000
40.1262703	83.7241287	0.0000000	0.0000000
41.9097824	83.7241287	0.0000000	0.0000000
43.6932983	83.7241287	0.0000000	0.0000000
45.4768105	83.7241287	0.0000000	0.0000000
47.2603226	83.7241287	0.0000000	0.0000000
49.0438309	83.7241287	0.0000000	0.0000000
50.8273430	83.7241287	0.0000000	0.0000000
52.6108551	83.7241287	0.0000000	0.0000000
54.3943672	83.7241287	0.0000000	0.0000000
56.1778793	83.7241287	0.0000000	0.0000000
57.9613914	83.7241287	0.0000000	0.0000000
59.7449074	83.7241287	0.0000000	0.0000000
61.5284157	83.7241287	0.0000000	0.0000000
63.3119278	83.7241287	0.0000000	0.0000000
65.0954361	83.7241287	0.0000000	0.0000000
66.8789520	83.7241287	0.0000000	0.0000000
68.6624680	83.7241287	0.0000000	0.0000000
70.4459763	83.7241287	0.0000000	0.0000000
72.2294922	83.7241287	0.0000000	0.0000000
0.8890080	85.5076370	0.0000000	0.0000000
2.6725199	85.5076370	0.0000000	0.0000000
4.4560323	85.5076370	0.0000000	0.0000000
6.2395439	85.5076370	0.0000000	0.0000000
8.0230560	85.5076370	0.0000000	0.0000000
9.8065681	85.5076370	0.0000000	0.0000000
11.5900803	85.5076370	0.0000000	0.0000000
13.3735924	85.5076370	0.0000000	0.0000000
15.1571035	85.5076370	0.0000000	0.0000000
16.9406166	85.5076370	0.0000000	0.0000000
18.7241287	85.5076370	0.0000000	0.0000000
20.5076389	85.5076370	0.0000000	0.0000000
22.2911510	85.5076370	0.0000000	0.0000000
24.0746651	85.5076370	0.0000000	0.0000000
25.8581772	85.5076370	0.0000000	0.0000000
27.6416874	85.5076370	0.0000000	0.0000000
29.4251995	85.5076370	0.0000000	0.0000000
31.2087135	85.5076370	0.0000000	0.0000000
32.9922256	85.5076370	0.0000000	0.0000000
34.7757378	85.5076370	0.0000000	0.0000000
36.5592461	85.5076370	0.0000000	0.0000000
38.3427582	85.5076370	0.0000000	0.0000000
40.1262703	85.5076370	0.0000000	0.0000000
41.9097824	85.5076370	0.0000000	0.0000000
43.6932983	85.5076370	0.0000000	0.0000000
45.4768105	85.5076370	0.0000000	0.0000000
47.2603226	85.5076370	0.0000000	0.0000000
49.0438309	85.5076370	0.0000000	0.0000000
50.8273430	85.5076370	0.0000000	0.0000000
52.6108551	85.5076370	0.0000000	0.0000000
54.3943672	85.5076370	0.0000000	0.0000000
56.1778793	85.5076370	0.0000000	0.0000000
57.9613914	85.5076370	0.0000000	0.0000000
59.7449074	85.5076370	0.0000000	0.0000000
61.5284157	85.5076370	0.0000000	0.0000000
63.3119278	85.5076370	0.0000000	0.0000000
65.0954361	85.5076370	0.0000000	0.0000000
66.8789520	85.5076370	0.0000000	0.0000000
68.6624680	85.5076370	0.0000000	0.0000000
70.4459763	85.5076370	0.0000000	0.0000000
72.2294922	85.5076370	0.0000000	0.0000000
0.8890080	87.2911530	0.0000000	0.0000000
2.6725199	87.2911530	0.0000000	0.0000000
4.4560323	87.2911530	0.0000000	0.0000000
6.2395439	87.2911530	0.0000000	0.0000000
8.0230560	87.2911530	0.0000000	0.0000000
9.8065681	87.2911530	0.0000000	0.0000000
11.5900803	87.2911530	0.0000000	0.0000000
13.3735924	87.2911530	0.0000000	0.0000000
15.1571035	87.2911530	0.0000000	0.0000000
16.9406166	87.2911530	0.0000000	0.0000000
18.7241287	87.2911530	0.0000000	0.0000000
20.5076389	87.2911530	0.0000000	0.0000000
22.2911510	87.2911530	0.0000000	0.0000000
24.0746651	87.2911530	0.0000000	0.0000000
25.8581772	87.2911530	0.0000000	0.0000000
27.6416874	87.2911530	0.0000000	0.0000000
29.4251995	87.2911530	0.0000000	0.0000000
31.2087135	87.2911530	0.0000000	0.0000000
32.9922256	87.2911530	0.0000000	0.0000000
34.7757378	87.2911530	0.0000000	0.0000000
36.5592461	87.2911530	0.0000000	0.0000000
38.3427582	87.2911530	0.0000000	0.0000000
40.1262703	87.2911530	0.0000000	0.0000000
41.9097824	87.2911530	0.0000000	0.0000000
43.6932983	87.2911530	0.0000000	0.0000000
45.4768105	87.2911530	0.0000000	0.0000000
47.2603226	87.2911530	0.0000000	0.0000000
49.0438309	87.2911530	0.0000000	0.0000000
50.8273430	87.2911530	0.0000000	0.0000000
52.6108551	87.2911530	0.0000000	0.0000000
54.3943672	87.2911530	0.0000000	0.0000000
56.1778793	87.2911530	0.0000000	0.0000000
57.9613914	87.2911530	0.0000000	0.0000000
59.7449074	87.2911530	0.0000000	0.0000000
61.5284157	87.2911530	0.0000000	0.0000000
63.3119278	87.2911530	0.0000000	0.0000000
65.0954361	87.2911530	0.0000000	0.0000000
66.8789520	87.2911530	0.0000000	0.0000000
68.6624680	87.2911530	0.0000000	0.0000000
70.4459763	87.2911530	0.0000000	0.0000000
72.2294922	87.2911530	0.0000000	0.0000000
0.8890080	89.0746613	0.0000000	0.0000000
2.6725199	89.0746613	0.0000000	0.0000000
4.4560323	89.0746613	0.0000000	0.0000000
6.2395439	89.0746613	0.0000000	0.0000000
8.0230560	89.0746613	0.0000000	0.0000000
9.8065681	89.0746613	0.0000000	0.0000000
11.5900803	89.0746613	0.0000000	0.0000000
13.3735924	89.0746613	0.0000000	0.0000000
15.1571035	89.0746613	0.0000000	0.0000000
16.9406166	89.0746613	0.0000000	0.0000000
18.7241287	89.0746613	0.0000000	0.0000000
20.5076389	89.0746613	0.0000000	0.0000000
22.2911510	89.0746613	0.0000000	0.0000000
24.0746651	89.0746613	0.0000000	0.0000000
25.8581772	89.0746613	0.0000000	0.0000000
27.6416874	89.0746613	0.0000000	0.0000000
29.4251995	89.0746613	0.0000000	0.0000000
31.2087135	89.0746613	0.0000000	0.0000000
32.9922256	89.0746613	0.0000000	0.0000000
34.7757378	89.0746613	0.0000000	0.0000000
36.5592461	89.0746613	0.0000000	0.0000000
38.3427582	89.0746613	0.0000000	0.0000000
40.1262703	89.0746613	0.0000000	0.0000000
41.9097824	89.0746613	0.0000000	0.0000000
43.6932983	89.0746613	0.0000000	0.0000000
45.4768105	89.0746613	0.0000000	0.0000000
47.2603226	89.0746613	0.0000000	0.0000000
49.0438309	89.0746613	0.0000000	0.0000000
50.8273430	89.0746613	0.0000000	0.0000000
52.6108551	89.0746613	0.0000000	0.0000000
54.3943672	89.0746613	0.0000000	0.0000000
56.1778793	89.0746613	0.0000000	0.0000000
57.9613914	89.0746613	0.0000000	0.0000000
59.7449074	89.0746613	0.0000000	0.0000000
61.5284157	89.0746613	0.0000000	0.0000000
63.3119278	89.0746613	0.0000000	0.0000000
65.0954361	89.0746613	0.0000000	0.0000000
66.8789520	89.0746613	0.0000000	0.0000000
68.6624680	89.0746613	0.0000000	0.0000000
70.4459763	89.0746613	0.0000000	0.0000000
72.2294922	89.0746613	0.0000000	0.0000000
0.8890080	90.8581772	0.0000000	0.0000000
2.6725199	90.8581772	0.0000000	0.0000000
4.4560323	90.8581772	0.0000000	0.0000000
6.2395439	90.8581772	0.0000000	0.0000000
8.0230560	90.8581772	0.0000000	0.0000000
9.8065681	90.8581772	0.0000000	0.0000000
11.5900803	90.8581772	0.0000000	0.0000000
13.3735924	90.8581772	0.0000000	0.0000000
15.1571035	90.8581772	0.0000000	0.0000000
16.9406166	90.8581772	0.0000000	0.0000000
18.7241287	90.8581772	0.0000000	0.0000000
20.5076389	90.8581772	0.0000000	0.0000000
22.2911510	90.8581772	0.0000000	0.0000000
24.0746651	90.8581772	0.0000000	0.0000000
25.8581772	90.8581772	0.0000000	0.0000000
27.6416874	90.8581772	0.0000000	0.0000000
29.4251995	90.8581772	0.0000000	0.0000000
31.2087135	90.8581772	0.0000000	0.0000000
32.9922256	90.8581772	0.0000000	0.0000000
34.7757378	90.8581772	0.0000000	0.0000000
36.5592461	90.8581772	0.0000000	0.0000000
38.3427582	90.8581772	0.0000000	0.0000000
40.1262703	90.8581772	0.0000000	0.0000000
41.9097824	90.8581772	0.0000000	0.0000000
43.6932983	90.8581772	0.0000000	0.0000000
45.4768105	90.8581772	0.0000000	0.0000000
47.2603226	90.8581772	0.0000000	0.0000000
49.0438309	90.8581772	0.0000000	0.0000000
50.8273430	90.8581772	0.0000000	0.0000000
52.6108551	90.8581772	0.0000000	0.0000000
54.3943672	90.8581772	0.0000000	0.0000000
56.1778793	90.8581772	0.0000000	0.0000000
57.9613914	90.8581772	0.0000000	0.0000000
59.7449074	90.8581772	0.0000000	0.0000000
61.5284157	90.8581772	0.0000000	0.0000000
63.3119278	90.8581772	0.0000000	0.0000000
65.0954361	90.8581772	0.0000000	0.0000000
66.8789520	90.8581772	0.0000000	0.0000000
68.6624680	90.8581772	0.0000000	0.0000000
70.4459763	90.8581772	0.0000000	0.0000000
72.2294922	90.8581772	0.0000000	0.0000000
0.8890080	92.6416855	0.0000000	0.0000000
2.6725199	92.6416855	0.0000000	0.0000000
4.4560323	92.6416855	0.0000000	0.0000000
6.2395439	92.6416855	0.0000000	0.0000000
8.0230560	92.6416855	0.0000000	0.0000000
9.8065681	92.6416855	0.0000000	0.0000000
11.5900803	92.6416855	0.0000000	0.0000000
13.3735924	92.6416855	0.0000000	0.0000000
15.1571035	92.6416855	0.0000000	0.0000000
16.9406166	92.6416855	0.0000000	0.0000000
18.7241287	92.6416855	0.0000000	0.0000000
20.5076389	92.6416855	0.0000000	0.0000000
22.2911510	92.6416855	0.0000000	0.0000000
24.0746651	92.6416855	0.0000000	0.0000000
25.8581772	92.6416855	0.0000000	0.0000000
27.6416874	92.6416855	0.0000000	0.0000000
29.4251995	92.6416855	0.0000000	0.0000000
31.2087135	92.6416855	0.0000000	0.0000000
32.9922256	92.6416855	0.0000000	0.0000000
34.7757378	92.6416855	0.0000000	0.0000000
36.5592461	92.6416855	0.0000000	0.0000000
38.3427582	92.6416855	0.0000000	0.0000000
40.1262703	92.6416855	0.0000000	0.0000000
41.9097824	92.6416855	0.0000000	0.0000000
43.6932983	92.6416855	0.0000000	0.0000000
45.4768105	92.6416855	0.0000000	0.0000000
47.2603226	92.6416855	0.0000000	0.0000000
49.0438309	92.6416855	0.0000000	0.0000000
50.8273430	92.6416855	0.0000000	0.0000000
52.6108551	92.6416855	0.0000000	0.0000000
54.3943672	92.6416855	0.0000000	0.0000000
56.1778793	92.6416855	0.0000000	0.0000000
57.9613914	92.6416855	0.0000000	0.0000000
59.7449074	92.6416855	0.0000000	0.0000000
61.5284157	92.6416855	0.0000000	0.0000000
63.3119278	92.6416855	0.0000000	0.0000000
65.0954361	92.6416855	0.0000000	0.0000000
66.8789520	92.6416855	0.0000000	0.0000000
68.6624680	92.6416855	0.0000000	0.0000000
70.4459763	92.6416855	0.0000000	0.0000000
72.2294922	92.6416855	0.0000000	0.0000000
0.8890080	94.4252014	0.0000000	0.0000000
2.6725199	94.4252014	0.0000000	0.0000000
4.4560323	94.4252014	0.0000000	0.0000000
6.2395439	94.4252014	0.0000000	0.0000000
8.0230560	94.4252014	0.0000000	0.0000000
9.8065681	94.4252014	0.0000000	0.0000000
11.5900803	94.4252014	0.0000000	0.0000000
13.3735924	94.4252014	0.0000000	0.0000000
15.1571035	94.4252014	0.0000000	0.0000000
16.9406166	94.4252014	0.0000000	0.0000000
18.7241287	94.4252014	0.0000000	0.0000000
20.5076389	94.4252014	0.0000000	0.0000000
22.2911510	94.4252014	0.0000000	0.0000000
24.0746651	94.4252014	0.0000000	0.0000000
25.8581772	94.4252014	0.0000000	0.0000000
27.6416874	94.4252014	0.0000000	0.0000000
29.4251995	94.4252014	0.0000000	0.0000000
31.2087135	94.4252014	0.0000000	0.0000000
32.9922256	94.4252014	0.0000000	0.0000000
34.7757378	94.4252014	0.0000000	0.0000000
36.5592461	94.4252014	0.0000000	0.0000000
38.3427582	94.4252014	0.0000000	0.0000000
40.1262703	94.4252014	0.0000000	0.0000000
41.9097824	94.4252014	0.0000000	0.0000000
43.6932983	94.4252014	0.0000000	0.0000000
45.4768105	94.4252014	0.0000000	0.0000000
47.2603226	94.4252014	0.0000000	0.0000000
49.0438309	94.4252014	0.0000000	0.0000000
50.8273430	94.4252014	0.0000000	0.0000000
52.6108551	94.4252014	0.0000000	0.0000000
54.3943672	94.4252014	0.0000000	0.0000000
56.1778793	94.4252014	0.0000000	0.0000000
57.9613914	94.4252014	0.0000000	0.0000000
59.7449074	94.4252014	0.0000000	0.0000000
61.5284157	94.4252014	0.0000000	0.0000000
63.3119278	94.4252014	0.0000000	0.0000000
65.0954361	94.4252014	0.0000000	0.0000000
66.8789520	94.4252014	0.0000000	0.0000000
68.6624680	94.4252014	0.0000000	0.0000000
70.4459763	94.4252014	0.0000000	0.0000000
72.2294922	94.4252014	0.0000000	0.0000000
0.8890080	96.2087173	0.0000000	0.0000000
2.6725199	96.2087173	0.0000000	0.0000000
4.4560323	96.2087173	0.0000000	0.0000000
6.2395439	96.2087173	0.0000000	0.0000000
8.0230560	96.2087173	0.0000000	0.0000000
9.8065681	96.2087173	0.0000000	0.0000000
11.5900803	96.2087173	0.0000000	0.0000000
13.3735924	96.2087173	0.0000000	0.0000000
15.1571035	96.2087173	0.0000000	0.0000000
16.9406166	96.2087173	0.0000000	0.0000000
18.7241287	96.2087173	0.0000000	0.0000000
20.5076389	96.2087173	0.0000000	0.0000000
22.2911510	96.2087173	0.0000000	0.0000000
24.0746651	96.2087173	0.0000000	0.0000000
25.8581772	96.2087173	0.0000000	0.0000000
27.6416874	96.2087173	0.0000000	0.0000000
29.4251995	96.2087173	0.0000000	0.0000000
31.2087135	96.2087173	0.0000000	0.0000000
32.9922256	96.2087173	0.0000000	0.0000000
34.7757378	96.2087173	0.0000000	0.0000000
36.5592461	96.2087173	0.0000000	0.0000000
38.3427582	96.2087173	0.0000000	0.0000000
40.1262703	96.2087173	0.0000000	0.0000000
41.9097824	96.2087173	0.0000000	0.0000000
43.6932983	96.2087173	0.0000000	0.0000000
45.4768105	96.2087173	0.0000000	0.0000000
47.2603226	96.2087173	0.0000000	0.0000000
49.0438309	96.2087173	0.0000000	0.0000000
50.8273430	96.2087173	0.0000000	0.0000000
52.6108551	96.2087173	0.0000000	0.0000000
54.3943672	96.2087173	0.0000000	0.0000000
56.1778793	96.2087173	0.0000000	0.0000000
57.9613914	96.2087173	0.0000000	0.0000000
59.7449074	96.2087173	0.0000000	0.0000000
61.5284157	96.2087173	0.0000000	0.0000000
63.3119278	96.2087173	0.0000000	0.0000000
65.0954361	96.2087173	0.0000000	0.0000000
66.8789520	96.2087173	0.0000000	0.0000000
68.6624680	96.2087173	0.0000000	0.0000000
70.4459763	96.2087173	0.0000000	0.0000000
72.2294922	96.2087173	0.0000000	0.0000000
0.8890080	97.9922256	0.0000000	0.0000000
2.6725199	97.9922256	0.0000000	0.0000000
4.4560323	97.9922256	0.0000000	0.0000000
6.2395439	97.9922256	0.0000000	0.0000000
8.0230560	97.9922256	0.0000000	0.0000000
9.8065681	97.9922256	0.0000000	0.0000000
11.5900803	97.9922256	0.0000000	0.0000000
13.3735924	97.9922256	0.0000000	0.0000000
15.1571035	97.9922256	0.0000000	0.0000000
16.9406166	97.9922256	0.0000000	0.0000000
18.7241287	97.9922256	0.0000000	0.0000000
20.5076389	97.9922256	0.0000000	0.0000000
22.2911510	97.9922256	0.0000000	0.0000000
24.0746651	97.9922256	0.0000000	0.0000000
25.8581772	97.9922256	0.0000000	0.0000000
27.6416874	97.9922256	0.0000000	0.0000000
29.4251995	97.9922256	0.0000000	0.0000000
31.2087135	97.9922256	0.0000000	0.0000000
32.9922256	97.9922256	0.0000000	0.0000000
34.7757378	97.9922256	0.0000000	0.0000000
36.5592461	97.9922256	0.0000000	0.0000000
38.3427582	97.9922256	0.0000000	0.0000000
40.1262703	97.9922256	0.0000000	0.0000000
41.9097824	97.9922256	0.0000000	0.0000000
43.6932983	97.9922256	0.0000000	0.0000000
45.4768105	97.9922256	0.0000000	0.0000000
47.2603226	97.9922256	0.0000000	0.0000000
49.0438309	97.9922256	0.0000000	0.0000000
50.8273430	97.9922256	0.0000000	0.0000000
52.6108551	97.9922256	0.0000000	0.0000000
54.3943672	97.9922256	0.0000000	0.0000000
56.1778793	97.9922256	0.0000000	0.0000000
57.9613914	97.9922256	0.0000000	0.0000000
59.7449074	97.9922256	0.0000000	0.0000000
61.5284157	97.9922256	0.0000000	0.0000000
63.3119278	97.9922256	0.0000000	0.0000000
65.0954361	97.9922256	0.0000000	0.0000000
66.8789520	97.9922256	0.0000000	0.0000000
68.6624680	97.9922256	0.0000000	0.0000000
70.4459763	97.9922256	0.0000000	0.0000000
72.2294922	97.9922256	0.0000000	0.0000000
0.8890080	99.7757416	0.0000000	0.0000000
2.6725199	99.7757416	0.0000000	0.0000000
4.4560323	99.7757416	0.0000000	0.0000000
6.2395439	99.7757416	0.0000000	0.0000000
8.0230560	99.7757416	0.0000000	0.0000000
9.8065681	99.7757416	0.0000000	0.0000000
11.5900803	99.7757416	0.0000000	0.0000000
13.3735924	99.7757416	0.0000000	0.0000000
15.1571035	99.7757416	0.0000000	0.0000000
16.9406166	99.7757416	0.0000000	0.0000000
18.7241287	99.7757416	0.0000000	0.0000000
20.5076389	99.7757416	0.0000000	0.0000000
22.2911510	99.7757416	0.0000000	0.0000000
24.0746651	99.7757416	0.0000000	0.0000000
25.8581772	99.7757416	0.0000000	0.0000000
27.6416874	99.7757416	0.0000000	0.0000000
29.4251995	99.7757416	0.0000000	0.0000000
31.2087135	99.7757416	0.0000000	0.0000000
32.9922256	99.7757416	0.0000000	0.0000000
34.7757378	99.7757416	0.0000000	0.0000000
36.5592461	99.7757416	0.0000000	0.0000000
38.3427582	99.7757416	0.0000000	0.0000000
40.1262703	99.7757416	0.0000000	0.0000000
41.9097824	99.7757416	0.0000000	0.0000000
43.6932983	99.7757416	0.0000000	0.0000000
45.4768105	99.7757416	0.0000000	0.0000000
47.2603226	99.7757416	0.0000000	0.0000000
49.0438309	99.7757416	0.0000000	0.0000000
50.8273430	99.7757416	0.0000000	0.0000000
52.6108551	99.7757416	0.0000000	0.0000000
54.3943672	99.7757416	0.0000000	0.0000000
56.1778793	99.7757416	0.0000000	0.0000000
57.9613914	99.7757416	0.0000000	0.0000000
59.7449074	99.7757416	0.0000000	0.0000000
61.5284157	99.7757416	0.0000000	0.0000000
63.3119278	99.7757416	0.0000000	0.0000000
65.0954361	99.7757416	0.0000000	0.0000000
66.8789520	99.7757416	0.0000000	0.0000000
68.6624680	99.7757416	0.0000000	0.0000000
70.4459763	99.7757416	0.0000000	0.0000000
72.2294922	99.7757416	0.0000000	0.0000000
0.8890080	101.5592499	0.0000000	0.0000000
2.6725199	101.5592499	0.0000000	0.0000000
4.4560323	101.5592499	0.0000000	0.0000000
6.2395439	101.5592499	0.0000000	0.0000000
8.0230560	101.5592499	0.0000000	0.0000000
9.8065681	101.5592499	0.0000000	0.0000000
11.5900803	101.5592499	0.0000000	0.0000000
13.3735924	101.5592499	0.0000000	0.0000000
15.1571035	101.5592499	0.0000000	0.0000000
16.9406166	101.5592499	0.0000000	0.0000000
18.7241287	101.5592499	0.0000000	0.0000000
20.5076389	101.5592499	0.0000000	0.0000000
22.2911510	101.5592499	0.0000000	0.0000000
24.0746651	101.5592499	0.0000000	0.0000000
25.8581772	101.5592499	0.0000000	0.0000000
27.6416874	101.5592499	0.0000000	0.0000000
29.4251995	101.5592499	0.0000000	0.0000000
31.2087135	101.5592499	0.0000000	0.0000000
32.9922256	101.5592499	0.0000000	0.0000000
34.7757378	101.5592499	0.0000000	0.0000000
36.5592461	101.5592499	0.0000000	0.0000000
38.3427582	101.5592499	0.0000000	0.0000000
40.1262703	101.5592499	0.0000000	0.0000000
41.9097824	101.5592499	0.0000000	0.0000000
43.6932983	101.5592499	0.0000000	0.0000000
45.4768105	101.5592499	0.0000000	0.0000000
47.2603226	101.5592499	0.0000000	0.0000000
49.0438309	101.5592499	0.0000000	0.0000000
50.8273430	101.5592499	0.0000000	0.0000000
52.6108551	101.5592499	0.0000000	0.0000000
54.3943672	101.5592499	0.0000000	0.0000000
56.1778793	101.5592499	0.0000000	0.0000000
57.9613914	101.5592499	0.0000000	0.0000000
59.7449074	101.5592499	0.0000000	0.0000000
61.5284157	101.5592499	0.0000000	0.0000000
63.3119278	101.5592499	0.0000000	0.0000000
65.0954361	101.5592499	0.0000000	0.0000000
66.8789520	101.5592499	0.0000000	0.0000000
68.6624680	101.5592499	0.0000000	0.0000000
70.4459763	101.5592499	0.0000000	0.0000000
72.2294922	101.5592499	0.0000000	0.0000000
0.8890080	103.3427658	0.0000000	0.0000000
2.6725199	103.3427658	0.0000000	0.0000000
4.4560323	103.3427658	0.0000000	0.0000000
6.2395439	103.3427658	0.0000000	0.0000000
8.0230560	103.3427658	0.0000000	0.0000000
9.8065681	103.3427658	0.0000000	0.0000000
11.5900803	103.3427658	0.0000000	0.0000000
13.3735924	103.3427658	0.0000000	0.0000000
15.1571035	103.3427658	0.0000000	0.0000000
16.9406166	103.3427658	0.0000000	0.0000000
18.7241287	103.3427658	0.0000000	0.0000000
20.5076389	103.3427658	0.0000000	0.0000000
22.2911510	103.3427658	0.0000000	0.0000000
24.0746651	103.3427658	0.0000000	0.0000000
25.8581772	103.3427658	0.0000000	0.0000000
27.6416874	103.3427658	0.0000000	0.0000000
29.4251995	103.3427658	0.0000000	0.0000000
31.2087135	103.3427658	0.0000000	0.0000000
32.9922256	103.3427658	0.0000000	0.0000000
34.7757378	103.3427658	0.0000000	0.0000000
36.5592461	103.3427658	0.0000000	0.0000000
38.3427582	103.3427658	0.0000000	0.0000000
40.1262703	103.3427658	0.0000000	0.0000000
41.9097824	103.3427658	0.0000000	0.0000000
43.6932983	103.3427658	0.0000000	0.0000000
45.4768105	103.3427658	0.0000000	0.0000000
47.2603226	103.3427658	0.0000000	0.0000000
49.0438309	103.3427658	0.0000000	0.0000000
50.8273430	103.3427658	0.0000000	0.0000000
52.6108551	103.3427658	0.0000000	0.0000000
54.3943672	103.3427658	0.0000000	0.0000000
56.1778793	103.3427658	0.0000000	0.0000000
57.9613914	103.3427658	0.0000000	0.0000000
59.7449074	103.3427658	0.0000000	0.0000000
61.5284157	103.3427658	0.0000000	0.0000000
63.3119278	103.3427658	0.0000000	0.0000000
65.0954361	103.3427658	0.0000000	0.0000000
66.8789520	103.3427658	0.0000000	0.0000000
68.6624680	103.3427658	0.0000000	0.0000000
70.4459763	103.3427658	0.0000000	0.0000000
72.2294922	103.3427658	0.0000000	0.0000000
0.8890080	105.1262665	0.0000000	0.0000000
2.6725199	105.1262665	0.0000000	0.0000000
4.4560323	105.1262665	0.0000000	0.0000000
6.2395439	105.1262665	0.0000000	0.0000000
8.0230560	105.1262665	0.0000000	0.0000000
9.8065681	105.1262665	0.0000000	0.0000000
11.5900803	105.1262665	0.0000000	0.0000000
13.3735924	105.1262665	0.0000000	0.0000000
15.1571035	105.1262665	0.0000000	0.0000000
16.9406166	105.1262665	0.0000000	0.0000000
18.7241287	105.1262665	0.0000000	0.0000000
20.5076389	105.1262665	0.0000000	0.0000000
22.2911510	105.1262665	0.0000000	0.0000000
24.0746651	105.1262665	0.0000000	0.0000000
25.8581772	105.1262665	0.0000000	0.0000000
27.6416874	105.1262665	0.0000000	0.0000000
29.4251995	105.1262665	0.0000000	0.0000000
31.2087135	105.1262665	0.0000000	0.0000000
32.9922256	105.1262665	0.0000000	0.0000000
34.7757378	105.1262665	0.0000000	0.0000000
36.5592461	105.1262665	0.0000000	0.0000000
38.3427582	105.1262665	0.0000000	0.0000000
40.1262703	105.1262665	0.0000000	0.0000000
41.9097824	105.1262665	0.0000000	0.0000000
43.6932983	105.1262665	0.0000000	0.0000000
45.4768105	105.1262665	0.0000000	0.0000000
47.2603226	105.1262665	0.0000000	0.0000000
49.0438309	105.1262665	0.0000000	0.0000000
50.8273430	105.1262665	0.0000000	0.0000000
52.6108551	105.1262665	0.0000000	0.0000000
54.3943672	105.1262665	0.0000000	0.0000000
56.1778793	105.1262665	0.0000000	0.0000000
57.9613914	105.1262665	0.0000000	0.0000000
59.7449074	105.1262665	0.0000000	0.0000000
61.5284157	105.1262665	0.0000000	0.0000000
63.3119278	105.1262665	0.0000000	0.0000000
65.0954361	105.1262665	0.0000000	0.0000000
66.8789520	105.1262665	0.0000000	0.0000000
68.6624680	105.1262665	0.0000000	0.0000000
70.4459763	105.1262665	0.0000000	0.0000000
72.2294922	105.1262665	0.0000000	0.0000000
0.8890080	106.9097824	0.0000000	0.0000000
2.6725199	106.9097824	0.0000000	0.0000000
4.4560323	106.9097824	0.0000000	0.0000000
6.2395439	106.9097824	0.0000000	0.0000000
8.0230560	106.9097824	0.0000000	0.0000000
9.8065681	106.9097824	0.0000000	0.0000000
11.5900803	106.9097824	0.0000000	0.0000000
13.3735924	106.9097824	0.0000000	0.0000000
15.1571035	106.9097824	0.0000000	0.0000000
16.9406166	106.9097824	0.0000000	0.0000000
18.7241287	106.9097824	0.0000000	0.0000000
20.5076389	106.9097824	0.0000000	0.0000000
22.2911510	106.9097824	0.0000000	0.0000000
24.0746651	106.9097824	0.0000000	0.0000000
25.8581772	106.9097824	0.0000000	0.0000000
27.6416874	106.9097824	0.0000000	0.0000000
29.4251995	106.9097824	0.0000000	0.0000000
31.2087135	106.9097824	0.0000000	0.0000000
32.9922256	106.9097824	0.0000000	0.0000000
34.7757378	106.9097824	0.0000000	0.0000000
36.5592461	106.9097824	0.0000000	0.0000000
38.3427582	106.9097824	0.0000000	0.0000000
40.1262703	106.9097824	0.0000000	0.0000000
41.9097824	106.9097824	0.0000000	0.0000000
43.6932983	106.9097824	0.0000000	0.0000000
45.4768105	106.9097824	0.0000000	0.0000000
47.2603226	106.9097824	0.0000000	0.0000000
49.0438309	106.9097824	0.0000000	0.0000000
50.8273430	106.9097824	0.0000000	0.0000000
52.6108551	106.9097824	0.0000000	0.0000000
54.3943672	106.9097824	0.0000000	0.0000000
56.1778793	106.9097824	0.0000000	0.0000000
57.9613914	106.9097824	0.0000000	0.0000000
59.7449074	106.9097824	0.0000000	0.0000000
61.5284157	106.9097824	0.0000000	0.0000000
63.3119278	106.9097824	0.0000000	0.0000000
65.0954361	106.9097824	0.0000000	0.0000000
66.8789520	106.9097824	0.0000000	0.0000000
68.6624680	106.9097824	0.0000000	0.0000000
70.4459763	106.9097824	0.0000000	0.0000000
72.2294922	106.9097824	0.0000000	0.0000000
0.8890080	108.6932907	0.0000000	0.0000000
2.6725199	108.6932907	0.0000000	0.0000000
4.4560323	108.6932907	0.0000000	0.0000000
6.2395439	108.6932907	0.0000000	0.0000000
8.0230560	108.6932907	0.0000000	0.0000000
9.8065681	108.6932907	0.0000000	0.0000000
11.5900803	108.6932907	0.0000000	0.0000000
13.3735924	108.6932907	0.0000000	0.0000000
15.1571035	108.6932907	0.0000000	0.0000000
16.9406166	108.6932907	0.0000000	0.0000000
18.7241287	108.6932907	0.0000000	0.0000000
20.5076389	108.6932907	0.0000000	0.0000000
22.2911510	108.6932907	0.0000000	0.0000000
24.0746651	108.6932907	0.0000000	0.0000000
25.8581772	108.6932907	0.0000000	0.0000000
27.6416874	108.6932907	0.0000000	0.0000000
29.4251995	108.6932907	0.0000000	0.0000000
31.2087135	108.6932907	0.0000000	0.0000000
32.9922256	108.6932907	0.0000000	0.0000000
34.7757378	108.6932907	0.0000000	0.0000000
36.5592461	108.6932907	0.0000000	0.0000000
38.3427582	108.6932907	0.0000000	0.0000000
40.1262703	108.6932907	0.0000000	0.0000000
41.9097824	108.6932907	0.0000000	0.0000000
43.6932983	108.6932907	0.0000000	0.0000000
45.4768105	108.6932907	0.0000000	0.0000000
47.2603226	108.6932907	0.0000000	0.0000000
49.0438309	108.6932907	0.0000000	0.0000000
50.8273430	108.6932907	0.0000000	0.0000000
52.6108551	108.6932907	0.0000000	0.0000000
54.3943672	108.6932907	0.0000000	0.0000000
56.1778793	108.6932907	0.0000000	0.0000000
57.9613914	108.6932907	0.0000000	0.0000000
59.7449074	108.6932907	0.0000000	0.0000000
61.5284157	108.6932907	0.0000000	0.0000000
63.3119278	108.6932907	0.0000000	0.0000000
65.0954361	108.6932907	0.0000000	0.0000000
66.8789520	108.6932907	0.0000000	0.0000000
68.6624680	108.6932907	0.0000000	0.0000000
70.4459763	108.6932907	0.0000000	0.0000000
72.2294922	108.6932907	0.0000000	0.0000000
0.8890080	110.4768066	0.0000000	0.0000000
2.6725199	110.4768066	0.0000000	0.0000000
4.4560323	110.4768066	0.0000000	0.0000000
6.2395439	110.4768066	0.0000000	0.0000000
8.0230560	110.4768066	0.0000000	0.0000000
9.8065681	110.4768066	0.0000000	0.0000000
11.5900803	110.4768066	0.0000000	0.0000000
13.3735924	110.4768066	0.0000000	0.0000000
15.1571035	110.4768066	0.0000000	0.0000000
16.9406166	110.4768066	0.0000000	0.0000000
18.7241287	110.4768066	0.0000000	0.0000000
20.5076389	110.4768066	0.0000000	0.0000000
22.2911510	110.4768066	0.0000000	0.0000000
24.0746651	110.4768066	0.0000000	0.0000000
25.8581772	110.4768066	0.0000000	0.0000000
27.6416874	110.4768066	0.0000000	0.0000000
29.4251995	110.4768066	0.0000000	0.0000000
31.2087135	110.4768066	0.0000000	0.0000000
32.9922256	110.4768066	0.0000000	0.0000000
34.7757378	110.4768066	0.0000000	0.0000000
36.5592461	110.4768066	0.0000000	0.0000000
38.3427582	110.4768066	0.0000000	0.0000000
40.1262703	110.4768066	0.0000000	0.0000000
41.9097824	110.4768066	0.0000000	0.0000000
43.6932983	110.4768066	0.0000000	0.0000000
45.4768105	110.4768066	0.0000000	0.0000000
47.2603226	110.4768066	0.0000000	0.0000000
49.0438309	110.4768066	0.0000000	0.0000000
50.8273430	110.4768066	0.0000000	0.0000000
52.6108551	110.4768066	0.0000000	0.0000000
54.3943672	110.4768066	0.0000000	0.0000000
56.1778793	110.4768066	0.0000000	0.0000000
57.9613914	110.4768066	0.0000000	0.0000000
59.7449074	110.4768066	0.0000000	0.0000000
61.5284157	110.4768066	0.0000000	0.0000000
63.3119278	110.4768066	0.0000000	0.0000000
65.0954361	110.4768066	0.0000000	0.0000000
66.8789520	110.4768066	0.0000000	0.0000000
68.6624680	110.4768066	0.0000000	0.0000000
70.4459763	110.4768066	0.0000000	0.0000000
72.2294922	110.4768066	0.0000000	0.0000000
0.8890080	112.2603226	0.0000000	0.0000000
2.6725199	112.2603226	0.0000000	0.0000000
4.4560323	112.2603226	0.0000000	0.0000000
6.2395439	112.2603226	0.0000000	0.0000000
8.0230560	112.2603226	0.0000000	0.0000000
9.8065681	112.2603226	0.0000000	0.0000000
11.5900803	112.2603226	0.0000000	0.0000000
13.3735924	112.2603226	0.0000000	0.0000000
15.1571035	112.2603226	0.0000000	0.0000000
16.9406166	112.2603226	0.0000000	0.0000000
18.7241287	112.2603226	0.0000000	0.0000000
20.5076389	112.2603226	0.0000000	0.0000000
22.2911510	112.2603226	0.0000000	0.0000000
24.0746651	112.2603226	0.0000000	0.0000000
25.8581772	112.2603226	0.0000000	0.0000000
27.6416874	112.2603226	0.0000000	0.0000000
29.4251995	112.2603226	0.0000000	0.0000000
31.2087135	112.2603226	0.0000000	0.0000000
32.9922256	112.2603226	0.0000000	0.0000000
34.7757378	112.2603226	0.0000000	0.0000000
36.5592461	112.2603226	0.0000000	0.0000000
38.3427582	112.2603226	0.0000000	0.0000000
40.1262703	112.2603226	0.0000000	0.0000000
41.9097824	112.2603226	0.0000000	0.0000000
43.6932983	112.2603226	0.0000000	0.0000000
45.4768105	112.2603226	0.0000000	0.0000000
47.2603226	112.2603226	0.0000000	0.0000000
49.0438309	112.2603226	0.0000000	0.0000000
50.8273430	112.2603226	0.0000000	0.0000000
52.6108551	112.2603226	0.0000000	0.0000000
54.3943672	112.2603226	0.0000000	0.0000000
56.1778793	112.2603226	0.0000000	0.0000000
57.9613914	112.2603226	0.0000000	0.0000000
59.7449074	112.2603226	0.0000000	0.0000000
61.5284157	112.2603226	0.0000000	0.0000000
63.3119278	112.2603226	0.0000000	0.0000000
65.0954361	112.2603226	0.0000000	0.0000000
66.8789520	112.2603226	0.0000000	0.0000000
68.6624680	112.2603226	0.0000000	0.0000000
70.4459763	112.2603226	0.0000000	0.0000000
72.2294922	112.2603226	0.0000000	0.0000000
0.8890080	114.0438309	0.0000000	0.0000000
2.6725199	114.0438309	0.0000000	0.0000000
4.4560323	114.0438309	0.0000000	0.0000000
6.2395439	114.0438309	0.0000000	0.0000000
8.0230560	114.0438309	0.0000000	0.0000000
9.8065681	114.0438309	0.0000000	0.0000000
11.5900803	114.0438309	0.0000000	0.0000000
13.3735924	114.0438309	0.0000000	0.0000000
15.1571035	114.0438309	0.0000000	0.0000000
16.9406166	114.0438309	0.0000000	0.0000000
18.7241287	114.0438309	0.0000000	0.0000000
20.5076389	114.0438309	0.0000000	0.0000000
22.2911510	114.0438309	0.0000000	0.0000000
24.0746651	114.0438309	0.0000000	0.0000000
25.8581772	114.0438309	0.0000000	0.0000000
27.6416874	114.0438309	0.0000000	0.0000000
29.4251995	114.0438309	0.0000000	0.0000000
31.2087135	114.0438309	0.0000000	0.0000000
32.9922256	114.0438309	0.0000000	0.0000000
34.7757378	114.0438309	0.0000000	0.0000000
36.5592461	114.0438309	0.0000000	0.0000000
38.3427582	114.0438309	0.0000000	0.0000000
40.1262703	114.0438309	0.0000000	0.0000000
41.9097824	114.0438309	0.0000000	0.0000000
43.6932983	114.0438309	0.0000000	0.0000000
45.4768105	114.0438309	0.0000000	0.0000000
47.2603226	114.0438309	0.0000000	0.0000000
49.0438309	114.0438309	0.0000000	0.0000000
50.8273430	114.0438309	0.0000000	0.0000000
52.6108551	114.0438309	0.0000000	0.0000000
54.3943672	114.0438309	0.0000000	0.0000000
56.1778793	114.0438309	0.0000000	0.0000000
57.9613914	114.0438309	0.0000000	0.0000000
59.7449074	114.0438309	0.0000000	0.0000000
61.5284157	114.0438309	0.0000000	0.0000000
63.3119278	114.0438309	0.0000000	0.0000000
65.0954361	114.0438309	0.0000000	0.0000000
66.8789520	114.0438309	0.0000000	0.0000000
68.6624680	114.0438309	0.0000000	0.0000000
70.4459763	114.0438309	0.0000000	0.0000000
72.2294922	114.0438309	0.0000000	0.0000000
0.8890080	115.8273468	0.0000000	0.0000000
2.6725199	115.8273468	0.0000000	0.0000000
4.4560323	115.8273468	0.0000000	0.0000000
6.2395439	115.8273468	0.0000000	0.0000000
8.0230560	115.8273468	0.0000000	0.0000000
9.8065681	115.8273468	0.0000000	0.0000000
11.5900803	115.8273468	0.0000000	0.0000000
13.3735924	115.8273468	0.0000000	0.0000000
15.1571035	115.8273468	0.0000000	0.0000000
16.9406166	115.8273468	0.0000000	0.0000000
18.7241287	115.8273468	0.0000000	0.0000000
20.5076389	115.8273468	0.0000000	0.0000000
22.2911510	115.8273468	0.0000000	0.0000000
24.0746651	115.8273468	0.0000000	0.0000000
25.8581772	115.8273468	0.0000000	0.0000000
27.6416874	115.8273468	0.0000000	0.0000000
29.4251995	115.8273468	0.0000000	0.0000000
31.2087135	115.8273468	0.0000000	0.0000000
32.9922256	115.8273468	0.0000000	0.0000000
34.7757378	115.8273468	0.0000000	0.0000000
36.5592461	115.8273468	0.0000000	0.0000000
38.3427582	115.8273468	0.0000000	0.0000000
40.1262703	115.8273468	0.0000000	0.0000000
41.9097824	115.8273468	0.0000000	0.0000000
43.6932983	115.8273468	0.0000000	0.0000000
45.4768105	115.8273468	0.0000000	0.0000000
47.2603226	115.8273468	0.0000000	0.0000000
49.0438309	115.8273468	0.0000000	0.0000000
50.8273430	115.8273468	0.0000000	0.0000000
52.6108551	115.8273468	0.0000000	0.0000000
54.3943672	115.8273468	0.0000000	0.0000000
56.1778793	115.8273468	0.0000000	0.0000000
57.9613914	115.8273468	0.0000000	0.0000000
59.7449074	115.8273468	0.0000000	0.0000000
61.5284157	115.8273468	0.0000000	0.0000000
63.3119278	115.8273468	0.0000000	0.0000000
65.0954361	115.8273468	0.0000000	0.0000000
66.8789520	115.8273468	0.0000000	0.0000000
68.6624680	115.8273468	0.0000000	0.0000000
70.4459763	115.8273468	0.0000000	0.0000000
72.2294922	115.8273468	0.0000000	0.0000000
0.8890080	117.6108551	0.0000000	0.0000000
2.6725199	117.6108551	0.0000000	0.0000000
4.4560323	117.6108551	0.0000000	0.0000000
6.2395439	117.6108551	0.0000000	0.0000000
8.0230560	117.6108551	0.0000000	0.0000000
9.8065681	117.6108551	0.0000000	0.0000000
11.5900803	117.6108551	0.0000000	0.0000000
13.3735924	117.6108551	0.0000000	0.0000000
15.1571035	117.6108551	0.0000000	0.0000000
16.9406166	117.6108551	0.0000000	0.0000000
18.7241287	117.6108551	0.0000000	0.0000000
20.5076389	117.6108551	0.0000000	0.0000000
22.2911510	117.6108551	0.0000000	0.0000000
24.0746651	117.6108551	0.0000000	0.0000000
25.8581772	117.6108551	0.0000000	0.0000000
27.6416874	117.6108551	0.0000000	0.0000000
29.4251995	117.6108551	0.0000000	0.0000000
31.2087135	117.6108551	0.0000000	0.0000000
32.9922256	117.6108551	0.0000000	0.0000000
34.7757378	117.6108551	0.0000000	0.0000000
36.5592461	117.6108551	0.0000000	0.0000000
38.3427582	117.6108551	0.0000000	0.0000000
40.1262703	117.6108551	0.0000000	0.0000000
41.9097824	117.6108551	0.0000000	0.0000000
43.6932983	117.6108551	0.0000000	0.0000000
45.4768105	117.6108551	0.0000000	0.0000000
47.2603226	117.6108551	0.0000000	0.0000000
49.0438309	117.6108551	0.0000000	0.0000000
50.8273430	117.6108551	0.0000000	0.0000000
52.6108551	117.6108551	0.0000000	0.0000000
54.3943672	117.6108551	0.0000000	0.0000000
56.1778793	117.6108551	0.0000000	0.0000000
57.9613914	117.6108551	0.0000000	0.0000000
59.7449074	117.6108551	0.0000000	0.0000000
61.5284157	117.6108551	0.0000000	0.0000000
63.3119278	117.6108551	0.0000000	0.0000000
65.0954361	117.6108551	0.0000000	0.0000000
66.8789520	117.6108551	0.0000000	0.0000000
68.6624680	117.6108551	0.0000000	0.0000000
70.4459763	117.6108551	0.0000000	0.0000000
72.2294922	117.6108551	0.0000000	0.0000000
0.8890080	119.3943710	0.0000000	0.0000000
2.6725199	119.3943710	0.0000000	0.0000000
4.4560323	119.3943710	0.0000000	0.0000000
6.2395439	119.3943710	0.0000000	0.0000000
8.0230560	119.3943710	0.0000000	0.0000000
9.8065681	119.3943710	0.0000000	0.0000000
11.5900803	119.3943710	0.0000000	0.0000000
13.3735924	119.3943710	0.0000000	0.0000000
15.1571035	119.3943710	0.0000000	0.0000000
16.9406166	119.3943710	0.0000000	0.0000000
18.7241287	119.3943710	0.0000000	0.0000000
20.5076389	119.3943710	0.0000000	0.0000000
22.2911510	119.3943710	0.0000000	0.0000000
24.0746651	119.3943710	0.0000000	0.0000000
25.8581772	119.3943710	0.0000000	0.0000000
27.6416874	119.3943710	0.0000000	0.0000000
29.4251995	119.3943710	0.0000000	0.0000000
31.2087135	119.3943710	0.0000000	0.0000000
32.9922256	119.3943710	0.0000000	0.0000000
34.7757378	119.3943710	0.0000000	0.0000000
36.5592461	119.3943710	0.0000000	0.0000000
38.3427582	119.3943710	0.0000000	0.0000000
40.1262703	119.3943710	0.0000000	0.0000000
41.9097824	119.3943710	0.0000000	0.0000000
43.6932983	119.3943710	0.0000000	0.0000000
45.4768105	119.3943710	0.0000000	0.0000000
47.2603226	119.3943710	0.0000000	0.0000000
49.0438309	119.3943710	0.0000000	0.0000000
50.8273430	119.3943710	0.0000000	0.0000000
52.6108551	119.3943710	0.0000000	0.0000000
54.3943672	119.3943710	0.0000000	0.0000000
56.1778793	119.3943710	0.0000000	0.0000000
57.9613914	119.3943710	0.0000000	0.0000000
59.7449074	119.3943710	0.0000000	0.0000000
61.5284157	119.3943710	0.0000000	0.0000000
63.3119278	119.3943710	0.0000000	0.0000000
65.0954361	119.3943710	0.0000000	0.0000000
66.8789520	119.3943710	0.0000000	0.0000000
68.6624680	119.3943710	0.0000000	0.0000000
70.4459763	119.3943710	0.0000000	0.0000000
72.2294922	119.3943710	0.0000000	0.0000000
0.8890080	121.1778793	0.0000000	0.0000000
2.6725199	121.1778793	0.0000000	0.0000000
4.4560323	121.1778793	0.0000000	0.0000000
6.2395439	121.1778793	0.0000000	0.0000000
8.0230560	121.1778793	0.0000000	0.0000000
9.8065681	121.1778793	0.0000000	0.0000000
11.5900803	121.1778793	0.0000000	0.0000000
13.3735924	121.1778793	0.0000000	0.0000000
15.1571035	121.1778793	0.0000000	0.0000000
16.9406166	121.1778793	0.0000000	0.0000000
18.7241287	121.1778793	0.0000000	0.0000000
20.5076389	121.1778793	0.0000000	0.0000000
22.2911510	121.1778793	0.0000000	0.0000000
24.0746651	121.1778793	0.0000000	0.0000000
25.8581772	121.1778793	0.0000000	0.0000000
27.6416874	121.1778793	0.0000000	0.0000000
29.4251995	121.1778793	0.0000000	0.0000000
31.2087135	121.1778793	0.0000000	0.0000000
32.9922256	121.1778793	0.0000000	0.0000000
34.7757378	121.1778793	0.0000000	0.0000000
36.5592461	121.1778793	0.0000000	0.0000000
38.3427582	121.1778793	0.0000000	0.0000000
40.1262703	121.1778793	0.0000000	0.0000000
41.9097824	121.1778793	0.0000000	0.0000000
43.6932983	121.1778793	0.0000000	0.0000000
45.4768105	121.1778793	0.0000000	0.0000000
47.2603226	121.1778793	0.0000000	0.0000000
49.0438309	121.1778793	0.0000000	0.0000000
50.8273430	121.1778793	0.0000000	0.0000000
52.6108551	121.1778793	0.0000000	0.0000000
54.3943672	121.1778793	0.0000000	0.0000000
56.1778793	121.1778793	0.0000000	0.0000000
57.9613914	121.1778793	0.0000000	0.0000000
59.7449074	121.1778793	0.0000000	0.0000000
61.5284157	121.1778793	0.0000000	0.0000000
63.3119278	121.1778793	0.0000000	0.0000000
65.0954361	121.1778793	0.0000000	0.0000000
66.8789520	121.1778793	0.0000000	0.0000000
68.6624680	121.1778793	0.0000000	0.0000000
70.4459763	121.1778793	0.0000000	0.0000000
72.2294922	121.1778793	0.0000000	0.0000000
0.8890080	122.9613953	0.0000000	0.0000000
2.6725199	122.9613953	0.0000000	0.0000000
4.4560323	122.9613953	0.0000000	0.0000000
6.2395439	122.9613953	0.0000000	0.0000000
8.0230560	122.9613953	0.0000000	0.0000000
9.8065681	122.9613953	0.0000000	0.0000000
11.5900803	122.9613953	0.0000000	0.0000000
13.3735924	122.9613953	0.0000000	0.0000000
15.1571035	122.9613953	0.0000000	0.0000000
16.9406166	122.9613953	0.0000000	0.0000000
18.7241287	122.9613953	0.0000000	0.0000000
20.5076389	122.9613953	0.0000000	0.0000000
22.2911510	122.9613953	0.0000000	0.0000000
24.0746651	122.9613953	0.0000000	0.0000000
25.8581772	122.9613953	0.0000000	0.0000000
27.6416874	122.9613953	0.0000000	0.0000000
29.4251995	122.9613953	0.0000000	0.0000000
31.2087135	122.9613953	0.0000000	0.0000000
32.9922256	122.9613953	0.0000000	0.0000000
34.7757378	122.9613953	0.0000000	0.0000000
36.5592461	122.9613953	0.0000000	0.0000000
38.3427582	122.9613953	0.0000000	0.0000000
40.1262703	122.9613953	0.0000000	0.0000000
41.9097824	122.9613953	0.0000000	0.0000000
43.6932983	122.9613953	0.0000000	0.0000000
45.4768105	122.9613953	0.0000000	0.0000000
47.2603226	122.9613953	0.0000000	0.0000000
49.0438309	122.9613953	0.0000000	0.0000000
50.8273430	122.9613953	0.0000000	0.0000000
52.6108551	122.9613953	0.0000000	0.0000000
54.3943672	122.9613953	0.0000000	0.0000000
56.1778793	122.9613953	0.0000000	0.0000000
57.9613914	122.9613953	0.0000000	0.0000000
59.7449074	122.9613953	0.0000000	0.0000000
61.5284157	122.9613953	0.0000000	0.0000000
63.3119278	122.9613953	0.0000000	0.0000000
65.0954361	122.9613953	0.0000000	0.0000000
66.8789520	122.9613953	0.0000000	0.0000000
68.6624680	122.9613953	0.0000000	0.0000000
70.4459763	122.9613953	0.0000000	0.0000000
72.2294922	122.9613953	0.0000000	0.0000000
0.8890080	124.7449036	0.0000000	0.0000000
2.6725199	124.7449036	0.0000000	0.0000000
4.4560323	124.7449036	0.0000000	0.0000000
6.2395439	124.7449036	0.0000000	0.0000000
8.0230560	124.7449036	0.0000000	0.0000000
9.8065681	124.7449036	0.0000000	0.0000000
11.5900803	124.7449036	0.0000000	0.0000000
13.3735924	124.7449036	0.0000000	0.0000000
15.1571035	124.7449036	0.0000000	0.0000000
16.9406166	124.7449036	0.0000000	0.0000000
18.7241287	124.7449036	0.0000000	0.0000000
20.5076389	124.7449036	0.0000000	0.0000000
22.2911510	124.7449036	0.0000000	0.0000000
24.0746651	124.7449036	0.0000000	0.0000000
25.8581772	124.7449036	0.0000000	0.0000000
27.6416874	124.7449036	0.0000000	0.0000000
29.4251995	124.7449036	0.0000000	0.0000000
31.2087135	124.7449036	0.0000000	0.0000000
32.9922256	124.7449036	0.0000000	0.0000000
34.7757378	124.7449036	0.0000000	0.0000000
36.5592461	124.7449036	0.0000000	0.0000000
38.3427582	124.7449036	0.0000000	0.0000000
40.1262703	124.7449036	0.0000000	0.0000000
41.9097824	124.7449036	0.0000000	0.0000000
43.6932983	124.7449036	0.0000000	0.0000000
45.4768105	124.7449036	0.0000000	0.0000000
47.2603226	124.7449036	0.0000000	0.0000000
49.0438309	124.7449036	0.0000000	0.0000000
50.8273430	124.7449036	0.0000000	0.0000000
52.6108551	124.7449036	0.0000000	0.0000000
54.3943672	124.7449036	0.0000000	0.0000000
56.1778793	124.7449036	0.0000000	0.0000000
57.9613914	124.7449036	0.0000000	0.0000000
59.7449074	124.7449036	0.0000000	0.0000000
61.5284157	124.7449036	0.0000000	0.0000000
63.3119278	124.7449036	0.0000000	0.0000000
65.0954361	124.7449036	0.0000000	0.0000000
66.8789520	124.7449036	0.0000000	0.0000000
68.6624680	124.7449036	0.0000000	0.0000000
70.4459763	124.7449036	0.0000000	0.0000000
72.2294922	124.7449036	0.0000000	0.0000000
0.8890080	126.5284119	0.0000000	0.0000000
2.6725199	126.5284119	0.0000000	0.0000000
4.4560323	126.5284119	0.0000000	0.0000000
6.2395439	126.5284119	0.0000000	0.0000000
8.0230560	126.5284119	0.0000000	0.0000000
9.8065681	126.5284119	0.0000000	0.0000000
11.5900803	126.5284119	0.0000000	0.0000000
13.3735924	126.5284119	0.0000000	0.0000000
15.1571035	126.5284119	0.0000000	0.0000000
16.9406166	126.5284119	0.0000000	0.0000000
18.7241287	126.5284119	0.0000000	0.0000000
20.5076389	126.5284119	0.0000000	0.0000000
22.2911510	126.5284119	0.0000000	0.0000000
24.0746651	126.5284119	0.0000000	0.0000000
25.8581772	126.5284119	0.0000000	0.0000000
27.6416874	126.5284119	0.0000000	0.0000000
29.4251995	126.5284119	0.0000000	0.0000000
31.2087135	126.5284119	0.0000000	0.0000000
32.9922256	126.5284119	0.0000000	0.0000000
34.7757378	126.5284119	0.0000000	0.0000000
36.5592461	126.5284119	0.0000000	0.0000000
38.3427582	126.5284119	0.0000000	0.0000000
40.1262703	126.5284119	0.0000000	0.0000000
41.9097824	126.5284119	0.0000000	0.0000000
43.6932983	126.5284119	0.0000000	0.0000000
45.4768105	126.5284119	0.0000000	0.0000000
47.2603226	126.5284119	0.0000000	0.0000000
49.0438309	126.5284119	0.0000000	0.0000000
50.8273430	126.5284119	0.0000000	0.0000000
52.6108551	126.5284119	0.0000000	0.0000000
54.3943672	126.5284119	0.0000000	0.0000000
56.1778793	126.5284119	0.0000000	0.0000000
57.9613914	126.5284119	0.0000000	0.0000000
59.7449074	126.5284119	0.0000000	0.0000000
61.5284157	126.5284119	0.0000000	0.0000000
63.3119278	126.5284119	0.0000000	0.0000000
65.0954361	126.5284119	0.0000000	0.0000000
66.8789520	126.5284119	0.0000000	0.0000000
68.6624680	126.5284119	0.0000000	0.0000000
70.4459763	126.5284119	0.0000000	0.0000000
72.2294922	126.5284119	0.0000000	0.0000000
0.8890080	128.3119354	0.0000000	0.0000000
2.6725199	128.3119354	0.0000000	0.0000000
4.4560323	128.3119354	0.0000000	0.0000000
6.2395439	128.3119354	0.0000000	0.0000000
8.0230560	128.3119354	0.0000000	0.0000000
9.8065681	128.3119354	0.0000000	0.0000000
11.5900803	128.3119354	0.0000000	0.0000000
13.3735924	128.3119354	0.0000000	0.0000000
15.1571035	128.3119354	0.0000000	0.0000000
16.9406166	128.3119354	0.0000000	0.0000000
18.7241287	128.3119354	0.0000000	0.0000000
20.5076389	128.3119354	0.0000000	0.0000000
22.2911510	128.3119354	0.0000000	0.0000000
24.0746651	128.3119354	0.0000000	0.0000000
25.8581772	128.3119354	0.0000000	0.0000000
27.6416874	128.3119354	0.0000000	0.0000000
29.4251995	128.3119354	0.0000000	0.0000000
31.2087135	128.3119354	0.0000000	0.0000000
32.9922256	128.3119354	0.0000000	0.0000000
34.7757378	128.3119354	0.0000000	0.0000000
36.5592461	128.3119354	0.0000000	0.0000000
38.3427582	128.3119354	0.0000000	0.0000000
40.1262703	128.3119354	0.0000000	0.0000000
41.9097824	128.3119354	0.0000000	0.0000000
43.6932983	128.3119354	0.0000000	0.0000000
45.4768105	128.3119354	0.0000000	0.0000000
47.2603226	128.3119354	0.0000000	0.0000000
49.0438309	128.3119354	0.0000000	0.0000000
50.8273430	128.3119354	0.0000000	0.0000000
52.6108551	128.3119354	0.0000000	0.0000000
54.3943672	128.3119354	0.0000000	0.0000000
56.1778793	128.3119354	0.0000000	0.0000000
57.9613914	128.3119354	0.0000000	0.0000000
59.7449074	128.3119354	0.0000000	0.0000000
61.5284157	128.3119354	0.0000000	0.0000000
63.3119278	128.3119354	0.0000000	0.0000000
65.0954361	128.3119354	0.0000000	0.0000000
66.8789520	128.3119354	0.0000000	0.0000000
68.6624680	128.3119354	0.0000000	0.0000000
70.4459763	128.3119354	0.0000000	0.0000000
72.2294922	128.3119354	0.0000000	0.0000000
0.8890080	130.0954437	0.0000000	0.0000000
2.6725199	130.0954437	0.0000000	0.0000000
4.4560323	130.0954437	0.0000000	0.0000000
6.2395439	130.0954437	0.0000000	0.0000000
8.0230560	130.0954437	0.0000000	0.0000000
9.8065681	130.0954437	0.0000000	0.0000000
11.5900803	130.0954437	0.0000000	0.0000000
13.3735924	130.0954437	0.0000000	0.0000000
15.1571035	130.0954437	0.0000000	0.0000000
16.9406166	130.0954437	0.0000000	0.0000000
18.7241287	130.0954437	0.0000000	0.0000000
20.5076389	130.0954437	0.0000000	0.0000000
22.2911510	130.0954437	0.0000000	0.0000000
24.0746651	130.0954437	0.0000000	0.0000000
25.8581772	130.0954437	0.0000000	0.0000000
27.6416874	130.0954437	0.0000000	0.0000000
29.4251995	130.0954437	0.0000000	0.0000000
31.2087135	130.0954437	0.0000000	0.0000000
32.9922256	130.0954437	0.0000000	0.0000000
34.7757378	130.0954437	0.0000000	0.0000000
36.5592461	130.0954437	0.0000000	0.0000000
38.3427582	130.0954437	0.0000000	0.0000000
40.1262703	130.0954437	0.0000000	0.0000000
41.9097824	130.0954437	0.0000000	0.0000000
43.6932983	130.0954437	0.0000000	0.0000000
45.4768105	130.0954437	0.0000000	0.0000000
47.2603226	130.0954437	0.0000000	0.0000000
49.0438309	130.0954437	0.0000000	0.0000000
50.8273430	130.0954437	0.0000000	0.0000000
52.6108551	130.0954437	0.0000000	0.0000000
54.3943672	130.0954437	0.0000000	0.0000000
56.1778793	130.0954437	0.0000000	0.0000000
57.9613914	130.0954437	0.0000000	0.0000000
59.7449074	130.0954437	0.0000000	0.0000000
61.5284157	130.0954437	0.0000000	0.0000000
63.3119278	130.0954437	0.0000000	0.0000000
65.0954361	130.0954437	0.0000000	0.0000000
66.8789520	130.0954437	0.0000000	0.0000000
68.6624680	130.0954437	0.0000000	0.0000000
70.4459763	130.0954437	0.0000000	0.0000000
72.2294922	130.0954437	0.0000000	0.0000000
0.8890080	131.8789520	0.0000000	0.0000000
2.6725199	131.8789520	0.0000000	0.0000000
4.4560323	131.8789520	0.0000000	0.0000000
6.2395439	131.8789520	0.0000000	0.0000000
8.0230560	131.8789520	0.0000000	0.0000000
9.8065681	131.8789520	0.0000000	0.0000000
11.5900803	131.8789520	0.0000000	0.0000000
13.3735924	131.8789520	0.0000000	0.0000000
15.1571035	131.8789520	0.0000000	0.0000000
16.9406166	131.8789520	0.0000000	0.0000000
18.7241287	131.8789520	0.0000000	0.0000000
20.5076389	131.8789520	0.0000000	0.0000000
22.2911510	131.8789520	0.0000000	0.0000000
24.0746651	131.8789520	0.0000000	0.0000000
25.8581772	131.8789520	0.0000000	0.0000000
27.6416874	131.8789520	0.0000000	0.0000000
29.4251995	131.8789520	0.0000000	0.0000000
31.2087135	131.8789520	0.0000000	0.0000000
32.9922256	131.8789520	0.0000000	0.0000000
34.7757378	131.8789520	0.0000000	0.0000000
36.5592461	131.8789520	0.0000000	0.0000000
38.3427582	131.8789520	0.0000000	0.0000000
40.1262703	131.8789520	0.0000000	0.0000000
41.9097824	131.8789520	0.0000000	0.0000000
43.6932983	131.8789520	0.0000000	0.0000000
45.4768105	131.8789520	0.0000000	0.0000000
47.2603226	131.8789520	0.0000000	0.0000000
49.0438309	131.8789520	0.0000000	0.0000000
50.8273430	131.8789520	0.0000000	0.0000000
52.6108551	131.8789520	0.0000000	0.0000000
54.3943672	131.8789520	0.0000000	0.0000000
56.1778793	131.8789520	0.0000000	0.0000000
57.9613914	131.8789520	0.0000000	0.0000000
59.7449074	131.8789520	0.0000000	0.0000000
61.5284157	131.8789520	0.0000000	0.0000000
63.3119278	131.8789520	0.0000000	0.0000000
65.0954361	131.8789520	0.0000000	0.0000000
66.8789520	131.8789520	0.0000000	0.0000000
68.6624680	131.8789520	0.0000000	0.0000000
70.4459763	131.8789520	0.0000000	0.0000000
72.2294922	131.8789520	0.0000000	0.0000000
0.8890080	133.6624603	0.0000000	0.0000000
2.6725199	133.6624603	0.0000000	0.0000000
4.4560323	133.6624603	0.0000000	0.0000000
6.2395439	133.6624603	0.0000000	0.0000000
8.0230560	133.6624603	0.0000000	0.0000000
9.8065681	133.6624603	0.0000000	0.0000000
11.5900803	133.6624603	0.0000000	0.0000000
13.3735924	133.6624603	0.0000000	0.0000000
15.1571035	133.6624603	0.0000000	0.0000000
16.9406166	133.6624603	0.0000000	0.0000000
18.7241287	133.6624603	0.0000000	0.0000000
20.5076389	133.6624603	0.0000000	0.0000000
22.2911510	133.6624603	0.0000000	0.0000000
24.0746651	133.6624603	0.0000000	0.0000000
25.8581772	133.6624603	0.0000000	0.0000000
27.6416874	133.6624603	0.0000000	0.0000000
29.4251995	133.6624603	0.0000000	0.0000000
31.2087135	133.6624603	0.0000000	0.0000000
32.9922256	133.6624603	0.0000000	0.0000000
34.7757378	133.6624603	0.0000000	0.0000000
36.5592461	133.6624603	0.0000000	0.0000000
38.3427582	133.6624603	0.0000000	0.0000000
40.1262703	133.6624603	0.0000000	0.0000000
41.9097824	133.6624603	0.0000000	0.0000000
43.6932983	133.6624603	0.0000000	0.0000000
45.4768105	133.6624603	0.0000000	0.0000000
47.2603226	133.6624603	0.0000000	0.0000000
49.0438309	133.6624603	0.0000000	0.0000000
50.8273430	133.6624603	0.0000000	0.0000000
52.6108551	133.6624603	0.0000000	0.0000000
54.3943672	133.6624603	0.0000000	0.0000000
56.1778793	133.6624603	0.0000000	0.0000000
57.9613914	133.6624603	0.0000000	0.0000000
59.7449074	133.6624603	0.0000000	0.0000000
61.5284157	133.6624603	0.0000000	0.0000000
63.3119278	133.6624603	0.0000000	0.0000000
65.0954361	133.6624603	0.0000000	0.0000000
66.8789520	133.6624603	0.0000000	0.0000000
68.6624680	133.6624603	0.0000000	0.0000000
70.4459763	133.6624603	0.0000000	0.0000000
72.2294922	133.6624603	0.0000000	0.0000000
0.8890080	135.4459839	0.0000000	0.0000000
2.6725199	135.4459839	0.0000000	0.0000000
4.4560323	135.4459839	0.0000000	0.0000000
6.2395439	135.4459839	0.0000000	0.0000000
8.0230560	135.4459839	0.0000000	0.0000000
9.8065681	135.4459839	0.0000000	0.0000000
11.5900803	135.4459839	0.0000000	0.0000000
13.3735924	135.4459839	0.0000000	0.0000000
15.1571035	135.4459839	0.0000000	0.0000000
16.9406166	135.4459839	0.0000000	0.0000000
18.7241287	135.4459839	0.0000000	0.0000000
20.5076389	135.4459839	0.0000000	0.0000000
22.2911510	135.4459839	0.0000000	0.0000000
24.0746651	135.4459839	0.0000000	0.0000000
25.8581772	135.4459839	0.0000000	0.0000000
27.6416874	135.4459839	0.0000000	0.0000000
29.4251995	135.4459839	0.0000000	0.0000000
31.2087135	135.4459839	0.0000000	0.0000000
32.9922256	135.4459839	0.0000000	0.0000000
34.7757378	135.4459839	0.0000000	0.0000000
36.5592461	135.4459839	0.0000000	0.0000000
38.3427582	135.4459839	0.0000000	0.0000000
40.1262703	135.4459839	0.0000000	0.0000000
41.9097824	135.4459839	0.0000000	0.0000000
43.6932983	135.4459839	0.0000000	0.0000000
45.4768105	135.4459839	0.0000000	0.0000000
47.2603226	135.4459839	0.0000000	0.0000000
49.0438309	135.4459839	0.0000000	0.0000000
50.8273430	135.4459839	0.0000000	0.0000000
52.6108551	135.4459839	0.0000000	0.0000000
54.3943672	135.4459839	0.0000000	0.0000000
56.1778793	135.4459839	0.0000000	0.0000000
57.9613914	135.4459839	0.0000000	0.0000000
59.7449074	135.4459839	0.0000000	0.0000000
61.5284157	135.4459839	0.0000000	0.0000000
63.3119278	135.4459839	0.0000000	0.0000000
65.0954361	135.4459839	0.0000000	0.0000000
66.8789520	135.4459839	0.0000000	0.0000000
68.6624680	135.4459839	0.0000000	0.0000000
70.4459763	135.4459839	0.0000000	0.0000000
72.2294922	135.4459839	0.0000000	0.0000000
0.8890080	137.2294922	0.0000000	0.0000000
2.6725199	137.2294922	0.0000000	0.0000000
4.4560323	137.2294922	0.0000000	0.0000000
6.2395439	137.2294922	0.0000000	0.0000000
8.0230560	137.2294922	0.0000000	0.0000000
9.8065681	137.2294922	0.0000000	0.0000000
11.5900803	137.2294922	0.0000000	0.0000000
13.3735924	137.2294922	0.0000000	0.0000000
15.1571035	137.2294922	0.0000000	0.0000000
16.9406166	137.2294922	0.0000000	0.0000000
18.7241287	137.2294922	0.0000000	0.0000000
20.5076389	137.2294922	0.0000000	0.0000000
22.2911510	137.2294922	0.0000000	0.0000000
24.0746651	137.2294922	0.0000000	0.0000000
25.8581772	137.2294922	0.0000000	0.0000000
27.6416874	137.2294922	0.0000000	0.0000000
29.4251995	137.2294922	0.0000000	0.0000000
31.2087135	137.2294922	0.0000000	0.0000000
32.9922256	137.2294922	0.0000000	0.0000000
34.7757378	137.2294922	0.0000000	0.0000000
36.5592461	137.2294922	0.0000000	0.0000000
38.3427582	137.2294922	0.0000000	0.0000000
40.1262703	137.2294922	0.0000000	0.0000000
41.9097824	137.2294922	0.0000000	0.0000000
43.6932983	137.2294922	0.0000000	0.0000000
45.4768105	137.2294922	0.0000000	0.0000000
47.2603226	137.2294922	0.0000000	0.0000000
49.0438309	137.2294922	0.0000000	0.0000000
50.8273430	137.2294922	0.0000000	0.0000000
52.6108551	137.2294922	0.0000000	0.0000000
54.3943672	137.2294922	0.0000000	0.0000000
56.1778793	137.2294922	0.0000000	0.0000000
57.9613914	137.2294922	0.0000000	0.0000000
59.7449074	137.2294922	0.0000000	0.0000000
61.5284157	137.2294922	0.0000000	0.0000000
63.3119278	137.2294922	0.0000000	0.0000000
65.0954361	137.2294922	0.0000000	0.0000000
66.8789520	137.2294922	0.0000000	0.0000000
68.6624680	137.2294922	0.0000000	0.0000000
70.4459763	137.2294922	0.0000000	0.0000000
72.2294922	137.2294922	0.0000000	0.0000000
0.8890080	139.0130005	0.0000000	0.0000000
2.6725199	139.0130005	0.0000000	0.0000000
4.4560323	139.0130005	0.0000000	0.0000000
6.2395439	139.0130005	0.0000000	0.0000000
8.0230560	139.0130005	0.0000000	0.0000000
9.8065681	139.0130005	0.0000000	0.0000000
11.5900803	139.0130005	0.0000000	0.0000000
13.3735924	139.0130005	0.0000000	0.0000000
15.1571035	139.0130005	0.0000000	0.0000000
16.9406166	139.0130005	0.0000000	0.0000000
18.7241287	139.0130005	0.0000000	0.0000000
20.5076389	139.0130005	0.0000000	0.0000000
22.2911510	139.0130005	0.0000000	0.0000000
24.0746651	139.0130005	0.0000000	0.0000000
25.8581772	139.0130005	0.0000000	0.0000000
27.6416874	139.0130005	0.0000000	0.0000000
29.4251995	139.0130005	0.0000000	0.0000000
31.2087135	139.0130005	0.0000000	0.0000000
32.9922256	139.0130005	0.0000000	0.0000000
34.7757378	139.0130005	0.0000000	0.0000000
36.5592461	139.0130005	0.0000000	0.0000000
38.3427582	139.0130005	0.0000000	0.0000000
40.1262703	139.0130005	0.0000000	0.0000000
41.9097824	139.0130005	0.0000000	0.0000000
43.6932983	139.0130005	0.0000000	0.0000000
45.4768105	139.0130005	0.0000000	0.0000000
47.2603226	139.0130005	0.0000000	0.0000000
49.0438309	139.0130005	0.0000000	0.0000000
50.8273430	139.0130005	0.0000000	0.0000000
52.6108551	139.0130005	0.0000000	0.0000000
54.3943672	139.0130005	0.0000000	0.0000000
56.1778793	139.0130005	0.0000000	0.0000000
57.9613914	139.0130005	0.0000000	0.0000000
59.7449074	139.0130005	0.0000000	0.0000000
61.5284157	139.0130005	0.0000000	0.0000000
63.3119278	139.0130005	0.0000000	0.0000000
65.0954361	139.0130005	0.0000000	0.0000000
66.8789520	139.0130005	0.0000000	0.0000000
68.6624680	139.0130005	0.0000000	0.0000000
70.4459763	139.0130005	0.0000000	0.0000000
72.2294922	139.0130005	0.0000000	0.0000000
