-1.1047245	64.9952774	0.0000000	0.0000000
0.6881890	64.9952774	0.0000000	0.0000000
2.4811022	64.9952774	0.0000000	0.0000000
4.2740159	64.9952774	-0.0116726	0.0583631
6.0669289	64.9952774	-0.0466905	0.0583631
7.8598428	64.9952774	-0.0466905	0.0466905
9.6527557	64.9952774	0.0466905	0.0933809
11.4456692	64.9952774	0.0583631	0.1634166
13.2385826	64.9952774	0.0583631	0.1750892
15.0314960	64.9952774	-0.0817083	0.0116726
16.8244095	64.9952774	-0.0466905	-0.0700357
18.6173229	64.9952774	0.0000000	0.0000000
20.4102364	64.9952774	0.0350178	-0.0116726
22.2031498	64.9952774	0.0350178	0.0116726
23.9960632	64.9952774	0.0583631	0.0116726
25.7889767	64.9952774	0.0817083	0.0116726
27.5818901	64.9952774	0.0233452	0.0583631
29.3748016	64.9952774	0.0116726	0.0350178
31.1677151	64.9952774	0.0116726	0.0116726
32.9606323	64.9952774	0.0116726	0.0233452
34.7535439	64.9952774	0.0000000	0.0000000
36.5464592	64.9952774	-0.0466905	0.0116726
38.3393707	64.9952774	0.0583631	0.0000000
40.1322861	64.9952774	0.0466905	-0.0116726
41.9251938	64.9952774	0.1867618	-0.0350178
43.7181091	64.9952774	0.0700357	0.0000000
45.5110207	64.9952774	-0.0233452	0.0466905
47.3039360	64.9952774	0.0233452	0.0116726
49.0968475	64.9952774	-0.0116726	-0.0116726
50.8897629	64.9952774	0.0933809	-0.0116726
52.6826782	64.9952774	0.1050535	-0.1167261
54.4755898	64.9952774	0.1517440	-0.2217797
56.2685051	64.9952774	0.0466905	-0.0700357
58.0614166	64.9952774	-0.0350178	0.0116726
59.8543320	64.9952774	-0.0700357	-0.0116726
61.6472435	64.9952774	-0.0350178	-0.0700357
63.4401588	64.9952774	0.0116726	-0.1050535
65.2330704	64.9952774	0.1283987	-0.1517440
67.0259781	64.9952774	0.0466905	-0.2451249
68.8188934	64.9952774	0.0000000	0.0000000
70.6118088	64.9952774	0.0000000	0.0000000
-1.1047245	66.7881927	0.0000000	0.0000000
0.6881890	66.7881927	0.0000000	0.0000000
2.4811022	66.7881927	0.0000000	0.0000000
4.2740159	66.7881927	-0.0350178	0.0700357
6.0669289	66.7881927	-0.0350178	0.1167261
7.8598428	66.7881927	-0.0233452	0.0583631
9.6527557	66.7881927	0.0000000	0.0583631
11.4456692	66.7881927	0.0000000	0.1517440
13.2385826	66.7881927	0.0000000	0.1634166
15.0314960	66.7881927	-0.0700357	0.0116726
16.8244095	66.7881927	0.0000000	0.0116726
18.6173229	66.7881927	0.1167261	-0.0116726
20.4102364	66.7881927	0.0350178	-0.1167261
22.2031498	66.7881927	0.0350178	-0.0233452
23.9960632	66.7881927	0.0233452	-0.0116726
25.7889767	66.7881927	0.0583631	0.0116726
27.5818901	66.7881927	0.2451249	0.0583631
29.3748016	66.7881927	0.0583631	0.1050535
31.1677151	66.7881927	-0.0233452	0.0116726
32.9606323	66.7881927	0.0350178	0.0817083
34.7535439	66.7881927	0.0233452	0.0116726
36.5464592	66.7881927	0.0116726	-0.0116726
38.3393707	66.7881927	0.0933809	0.0000000
40.1322861	66.7881927	0.1167261	0.0000000
41.9251938	66.7881927	0.1400714	0.0116726
43.7181091	66.7881927	0.0116726	0.0233452
45.5110207	66.7881927	0.0116726	0.0350178
47.3039360	66.7881927	0.0466905	0.0233452
49.0968475	66.7881927	0.0233452	-0.0466905
50.8897629	66.7881927	0.0933809	-0.1517440
52.6826782	66.7881927	0.1867618	-0.2217797
54.4755898	66.7881927	0.2101070	-0.1984344
56.2685051	66.7881927	0.0000000	0.0116726
58.0614166	66.7881927	0.0466905	-0.0116726
59.8543320	66.7881927	0.0000000	-0.0350178
61.6472435	66.7881927	0.0583631	-0.0817083
63.4401588	66.7881927	0.0233452	-0.1050535
65.2330704	66.7881927	0.0116726	-0.0817083
67.0259781	66.7881927	0.0583631	-0.1750892
68.8188934	66.7881927	0.0000000	0.0000000
70.6118088	66.7881927	0.0000000	0.0000000
-1.1047245	68.5811005	0.0000000	0.0000000
0.6881890	68.5811005	0.0000000	0.0000000
2.4811022	68.5811005	0.0000000	0.0000000
4.2740159	68.5811005	0.0116726	0.0700357
6.0669289	68.5811005	-0.0350178	0.0700357
7.8598428	68.5811005	-0.0466905	0.0817083
9.6527557	68.5811005	-0.0116726	0.0933809
11.4456692	68.5811005	0.0233452	0.1984344
13.2385826	68.5811005	0.0233452	0.1750892
15.0314960	68.5811005	-0.0700357	0.0116726
16.8244095	68.5811005	-0.0350178	0.0000000
18.6173229	68.5811005	0.0700357	0.0116726
20.4102364	68.5811005	0.0233452	-0.0116726
22.2031498	68.5811005	0.0817083	0.0116726
23.9960632	68.5811005	0.0700357	0.0233452
25.7889767	68.5811005	0.0116726	0.0000000
27.5818901	68.5811005	-0.0466905	0.0000000
29.3748016	68.5811005	0.0933809	0.0700357
31.1677151	68.5811005	0.0817083	0.0466905
32.9606323	68.5811005	0.0116726	0.0933809
34.7535439	68.5811005	0.0000000	0.0350178
36.5464592	68.5811005	0.0233452	0.0116726
38.3393707	68.5811005	0.0933809	0.0233452
40.1322861	68.5811005	0.1634166	0.0116726
41.9251938	68.5811005	0.0817083	-0.0466905
43.7181091	68.5811005	0.1050535	0.0583631
45.5110207	68.5811005	0.0933809	0.0466905
47.3039360	68.5811005	0.0000000	0.0000000
49.0968475	68.5811005	0.0233452	-0.1283988
50.8897629	68.5811005	0.1400714	-0.2567975
52.6826782	68.5811005	0.1400714	-0.1867618
54.4755898	68.5811005	0.0700357	0.0000000
56.2685051	68.5811005	-0.0233452	0.0817083
58.0614166	68.5811005	0.0583631	0.0466905
59.8543320	68.5811005	0.1634166	-0.0233452
61.6472435	68.5811005	0.1283987	-0.0817083
63.4401588	68.5811005	0.0817083	-0.0700357
65.2330704	68.5811005	-0.0116726	-0.0466905
67.0259781	68.5811005	-0.0233452	-0.0350178
68.8188934	68.5811005	0.0000000	0.0000000
70.6118088	68.5811005	0.0000000	0.0000000
-1.1047245	70.3740082	0.0000000	0.0000000
0.6881890	70.3740082	0.0000000	0.0000000
2.4811022	70.3740082	0.0000000	0.0000000
4.2740159	70.3740082	-0.0233452	0.0466905
6.0669289	70.3740082	0.0000000	0.0583631
7.8598428	70.3740082	-0.0700357	0.0817083
9.6527557	70.3740082	0.0000000	0.0583631
11.4456692	70.3740082	0.0116726	0.0700357
13.2385826	70.3740082	0.0116726	0.0817083
15.0314960	70.3740082	-0.0350178	0.0233452
16.8244095	70.3740082	0.1283987	0.0350178
18.6173229	70.3740082	0.0700357	0.0116726
20.4102364	70.3740082	0.0817083	0.0350178
22.2031498	70.3740082	0.2101070	0.0466905
23.9960632	70.3740082	0.1283987	0.0817083
25.7889767	70.3740082	0.1283987	0.0233452
27.5818901	70.3740082	-0.0350178	0.0000000
29.3748016	70.3740082	0.0933809	0.0700357
31.1677151	70.3740082	-0.0233452	0.0466905
32.9606323	70.3740082	0.0466905	0.0583631
34.7535439	70.3740082	-0.0583631	0.0466905
36.5464592	70.3740082	0.1984344	0.1167261
38.3393707	70.3740082	0.1050535	0.0350178
40.1322861	70.3740082	0.1050535	0.0233452
41.9251938	70.3740082	0.0700357	-0.0583631
43.7181091	70.3740082	0.0583631	0.0000000
45.5110207	70.3740082	0.1167261	0.0817083
47.3039360	70.3740082	0.0116726	-0.0233452
49.0968475	70.3740082	-0.0583631	0.0000000
50.8897629	70.3740082	-0.0233452	-0.1517440
52.6826782	70.3740082	0.0350178	-0.1400714
54.4755898	70.3740082	-0.0116726	0.0000000
56.2685051	70.3740082	0.0116726	-0.0233452
58.0614166	70.3740082	0.0466905	0.0116726
59.8543320	70.3740082	0.2451249	-0.0700357
61.6472435	70.3740082	0.1167261	-0.0583631
63.4401588	70.3740082	0.1283987	-0.0583631
65.2330704	70.3740082	0.0000000	0.0000000
67.0259781	70.3740082	-0.0116726	-0.0350178
68.8188934	70.3740082	0.0000000	0.0000000
70.6118088	70.3740082	0.0000000	0.0000000
-1.1047245	72.1669235	0.0000000	0.0000000
0.6881890	72.1669235	0.0000000	0.0000000
2.4811022	72.1669235	0.0000000	0.0000000
4.2740159	72.1669235	0.0233452	0.0583631
6.0669289	72.1669235	0.0116726	0.0583631
7.8598428	72.1669235	-0.0466905	0.1050535
9.6527557	72.1669235	0.0233452	0.0700357
11.4456692	72.1669235	0.0583631	0.0700357
13.2385826	72.1669235	0.1634166	0.0933809
15.0314960	72.1669235	0.1634166	0.1283988
16.8244095	72.1669235	0.1050535	0.0350178
18.6173229	72.1669235	0.1750892	0.0350178
20.4102364	72.1669235	0.1634166	0.0350178
22.2031498	72.1669235	0.1050535	0.0116726
23.9960632	72.1669235	0.1400714	0.0466905
25.7889767	72.1669235	0.1283987	0.0583631
27.5818901	72.1669235	0.1867618	0.0233452
29.3748016	72.1669235	0.1867618	0.1050535
31.1677151	72.1669235	-0.0233452	0.1750892
32.9606323	72.1669235	0.0233452	0.0466905
34.7535439	72.1669235	0.1050535	0.0466905
36.5464592	72.1669235	0.1750892	0.0817083
38.3393707	72.1669235	0.1634166	0.0116726
40.1322861	72.1669235	0.1400714	-0.0233452
41.9251938	72.1669235	0.1050535	0.0466905
43.7181091	72.1669235	0.0933809	0.0466905
45.5110207	72.1669235	0.1517440	0.0350178
47.3039360	72.1669235	0.0116726	0.0233452
49.0968475	72.1669235	0.1167261	-0.1167261
50.8897629	72.1669235	0.1167261	-0.1517440
52.6826782	72.1669235	0.0116726	-0.1517440
54.4755898	72.1669235	-0.0233452	-0.1050535
56.2685051	72.1669235	0.0583631	-0.1283988
58.0614166	72.1669235	0.0817083	-0.1400714
59.8543320	72.1669235	0.1750892	-0.0583631
61.6472435	72.1669235	0.1283987	-0.0466905
63.4401588	72.1669235	0.0583631	-0.0350178
65.2330704	72.1669235	0.0817083	-0.0700357
67.0259781	72.1669235	0.0583631	-0.0466905
68.8188934	72.1669235	0.0583631	-0.0233452
70.6118088	72.1669235	0.0000000	0.0000000
-1.1047245	73.9598389	0.0000000	0.0000000
0.6881890	73.9598389	0.0000000	0.0000000
2.4811022	73.9598389	0.0000000	0.0000000
4.2740159	73.9598389	0.0583631	0.0350178
6.0669289	73.9598389	0.0000000	0.0466905
7.8598428	73.9598389	-0.0233452	0.0583631
9.6527557	73.9598389	-0.0116726	0.0583631
11.4456692	73.9598389	0.0000000	0.0466905
13.2385826	73.9598389	0.0583631	0.2101071
15.0314960	73.9598389	0.0700357	0.1167261
16.8244095	73.9598389	0.0933809	0.2918153
18.6173229	73.9598389	0.1750892	0.0583631
20.4102364	73.9598389	0.1517440	0.0116726
22.2031498	73.9598389	0.3034880	-0.0466905
23.9960632	73.9598389	0.1867618	0.0700357
25.7889767	73.9598389	0.1400714	0.1167261
27.5818901	73.9598389	0.1050535	0.0466905
29.3748016	73.9598389	0.0000000	0.0466905
31.1677151	73.9598389	0.0116726	0.0817083
32.9606323	73.9598389	0.0116726	0.0350178
34.7535439	73.9598389	0.1167261	0.0466905
36.5464592	73.9598389	0.1517440	0.0116726
38.3393707	73.9598389	0.1517440	0.0350178
40.1322861	73.9598389	0.1750892	0.0116726
41.9251938	73.9598389	0.0000000	-0.0116726
43.7181091	73.9598389	0.0700357	-0.0466905
45.5110207	73.9598389	0.1400714	0.0233452
47.3039360	73.9598389	0.1517440	-0.0116726
49.0968475	73.9598389	0.2451249	-0.2101071
50.8897629	73.9598389	0.1634166	-0.1984344
52.6826782	73.9598389	0.1050535	-0.1167261
54.4755898	73.9598389	0.1167261	-0.1283988
56.2685051	73.9598389	0.0817083	-0.2101071
58.0614166	73.9598389	0.0933809	-0.0817083
59.8543320	73.9598389	0.0933809	-0.1400714
61.6472435	73.9598389	0.0817083	-0.0583631
63.4401588	73.9598389	0.1167261	0.0583631
65.2330704	73.9598389	0.1283987	-0.0350178
67.0259781	73.9598389	0.0583631	-0.0233452
68.8188934	73.9598389	0.0700357	-0.0350178
70.6118088	73.9598389	0.0000000	0.0000000
-1.1047245	75.7527542	0.0000000	0.0000000
0.6881890	75.7527542	0.0000000	0.0000000
2.4811022	75.7527542	0.0000000	0.0000000
4.2740159	75.7527542	0.0000000	0.0933809
6.0669289	75.7527542	0.0000000	0.1400714
7.8598428	75.7527542	0.0000000	0.0933809
9.6527557	75.7527542	0.0116726	0.0583631
11.4456692	75.7527542	0.0350178	0.0817083
13.2385826	75.7527542	0.0000000	0.1283988
15.0314960	75.7527542	0.0233452	0.1050535
16.8244095	75.7527542	0.0350178	0.0700357
18.6173229	75.7527542	0.1517440	0.0116726
20.4102364	75.7527542	0.1167261	0.0000000
22.2031498	75.7527542	0.1400714	0.0000000
23.9960632	75.7527542	0.1867618	0.0583631
25.7889767	75.7527542	0.3151605	0.1634166
27.5818901	75.7527542	0.1750892	0.0350178
29.3748016	75.7527542	0.0817083	0.1517440
31.1677151	75.7527542	0.0466905	0.1400714
32.9606323	75.7527542	0.0233452	0.1517440
34.7535439	75.7527542	0.0233452	-0.0350178
36.5464592	75.7527542	0.0466905	-0.0466905
38.3393707	75.7527542	0.1984344	0.0350178
40.1322861	75.7527542	0.2567975	0.0350178
41.9251938	75.7527542	0.1400714	-0.0233452
43.7181091	75.7527542	0.2101070	-0.0350178
45.5110207	75.7527542	0.1050535	-0.0350178
47.3039360	75.7527542	0.0817083	-0.0700357
49.0968475	75.7527542	0.2101070	-0.1867618
50.8897629	75.7527542	0.1167261	-0.1867618
52.6826782	75.7527542	0.0233452	-0.2684701
54.4755898	75.7527542	0.1283987	-0.1167261
56.2685051	75.7527542	-0.0233452	-0.1517440
58.0614166	75.7527542	0.0583631	-0.0700357
59.8543320	75.7527542	0.0466905	-0.1283988
61.6472435	75.7527542	0.1050535	0.0000000
63.4401588	75.7527542	0.1867618	0.0466905
65.2330704	75.7527542	0.1283987	-0.0466905
67.0259781	75.7527542	0.0817083	-0.0700357
68.8188934	75.7527542	0.0000000	0.0000000
70.6118088	75.7527542	0.0000000	0.0000000
-1.1047245	77.5456619	0.0000000	0.0000000
0.6881890	77.5456619	0.0000000	0.0000000
2.4811022	77.5456619	0.0000000	0.0000000
4.2740159	77.5456619	0.0233452	0.1634166
6.0669289	77.5456619	0.0350178	0.2451249
7.8598428	77.5456619	0.0116726	0.1283988
9.6527557	77.5456619	-0.1283987	0.1050535
11.4456692	77.5456619	0.0116726	0.1050535
13.2385826	77.5456619	-0.0583631	0.1050535
15.0314960	77.5456619	-0.0116726	0.1283988
16.8244095	77.5456619	0.0933809	-0.0233452
18.6173229	77.5456619	0.0700357	0.0000000
20.4102364	77.5456619	0.1517440	0.0116726
22.2031498	77.5456619	0.1283987	0.0116726
23.9960632	77.5456619	0.1634166	0.0466905
25.7889767	77.5456619	0.1984344	0.1283988
27.5818901	77.5456619	0.1750892	0.1283988
29.3748016	77.5456619	0.0817083	0.1167261
31.1677151	77.5456619	0.0817083	0.0933809
32.9606323	77.5456619	0.0466905	0.1167261
34.7535439	77.5456619	0.1050535	0.0116726
36.5464592	77.5456619	0.1634166	-0.0116726
38.3393707	77.5456619	0.2451249	-0.0350178
40.1322861	77.5456619	0.1750892	0.0000000
41.9251938	77.5456619	0.1517440	-0.0350178
43.7181091	77.5456619	0.1517440	-0.0116726
45.5110207	77.5456619	0.0466905	-0.0350178
47.3039360	77.5456619	0.0000000	-0.1167261
49.0968475	77.5456619	0.2101070	-0.2217797
50.8897629	77.5456619	0.0817083	-0.1984344
52.6826782	77.5456619	0.0116726	-0.3034880
54.4755898	77.5456619	0.2101070	-0.2451249
56.2685051	77.5456619	0.1517440	-0.1867618
58.0614166	77.5456619	0.0700357	-0.3268332
59.8543320	77.5456619	0.0350178	-0.1050535
61.6472435	77.5456619	0.0583631	-0.0583631
63.4401588	77.5456619	0.1283987	0.0233452
65.2330704	77.5456619	0.1517440	0.0350178
67.0259781	77.5456619	0.0466905	-0.0116726
68.8188934	77.5456619	-0.0116726	-0.0116726
70.6118088	77.5456619	0.0000000	0.0000000
-1.1047245	79.3385773	0.0000000	0.0000000
0.6881890	79.3385773	0.0000000	0.0000000
2.4811022	79.3385773	0.0000000	0.0000000
4.2740159	79.3385773	-0.0700357	0.0933809
6.0669289	79.3385773	-0.0233452	0.1867618
7.8598428	79.3385773	-0.0233452	0.1634166
9.6527557	79.3385773	-0.0350178	0.1984344
11.4456692	79.3385773	0.0000000	0.1167261
13.2385826	79.3385773	0.0350178	0.0817083
15.0314960	79.3385773	-0.0233452	0.1283988
16.8244095	79.3385773	-0.0233452	-0.0233452
18.6173229	79.3385773	0.0000000	0.0116726
20.4102364	79.3385773	0.0933809	-0.0116726
22.2031498	79.3385773	0.1050535	-0.0116726
23.9960632	79.3385773	0.1050535	0.0233452
25.7889767	79.3385773	0.1050535	0.0933809
27.5818901	79.3385773	0.0700357	0.0233452
29.3748016	79.3385773	-0.0116726	0.0116726
31.1677151	79.3385773	0.0233452	0.0233452
32.9606323	79.3385773	0.0466905	0.0933809
34.7535439	79.3385773	0.2217796	-0.0817083
36.5464592	79.3385773	0.2451249	-0.0817083
38.3393707	79.3385773	0.2684701	-0.0350178
40.1322861	79.3385773	0.1167261	-0.0466905
41.9251938	79.3385773	0.1750892	-0.0233452
43.7181091	79.3385773	0.0700357	-0.0583631
45.5110207	79.3385773	-0.0116726	-0.0233452
47.3039360	79.3385773	0.0817083	-0.1167261
49.0968475	79.3385773	0.1167261	-0.1867618
50.8897629	79.3385773	0.1750892	-0.2451249
52.6826782	79.3385773	0.1283987	-0.2567975
54.4755898	79.3385773	0.1283987	-0.2101071
56.2685051	79.3385773	0.2801427	-0.2567975
58.0614166	79.3385773	0.0700357	-0.1283988
59.8543320	79.3385773	0.0350178	-0.1050535
61.6472435	79.3385773	0.0233452	-0.0466905
63.4401588	79.3385773	0.0466905	-0.0350178
65.2330704	79.3385773	0.1050535	0.0466905
67.0259781	79.3385773	0.1050535	0.1283988
68.8188934	79.3385773	0.0000000	0.0000000
70.6118088	79.3385773	0.0000000	0.0000000
-1.1047245	81.1314926	0.0000000	0.0000000
0.6881890	81.1314926	0.0000000	0.0000000
2.4811022	81.1314926	0.0000000	0.0000000
4.2740159	81.1314926	-0.0350178	0.1750892
6.0669289	81.1314926	-0.0466905	0.0933809
7.8598428	81.1314926	-0.0116726	0.2801427
9.6527557	81.1314926	-0.0116726	0.1634166
11.4456692	81.1314926	0.0350178	0.1517440
13.2385826	81.1314926	0.0350178	0.1867618
15.0314960	81.1314926	0.0583631	0.1867618
16.8244095	81.1314926	-0.0116726	-0.0116726
18.6173229	81.1314926	0.0466905	0.0000000
20.4102364	81.1314926	0.0233452	0.0233452
22.2031498	81.1314926	0.0583631	0.0350178
23.9960632	81.1314926	0.0817083	0.0116726
25.7889767	81.1314926	0.0817083	0.0933809
27.5818901	81.1314926	0.1984344	0.1050535
29.3748016	81.1314926	0.1634166	0.0817083
31.1677151	81.1314926	0.1984344	0.0933809
32.9606323	81.1314926	0.2101070	-0.0700357
34.7535439	81.1314926	0.2101070	-0.0116726
36.5464592	81.1314926	0.2217796	-0.0233452
38.3393707	81.1314926	0.1634166	0.0000000
40.1322861	81.1314926	0.1167261	0.0350178
41.9251938	81.1314926	0.0350178	-0.0116726
43.7181091	81.1314926	0.1167261	0.0233452
45.5110207	81.1314926	0.0350178	-0.0583631
47.3039360	81.1314926	0.0933809	-0.1750892
49.0968475	81.1314926	0.1750892	-0.1400714
50.8897629	81.1314926	0.1517440	-0.1400714
52.6826782	81.1314926	0.0933809	-0.2101071
54.4755898	81.1314926	0.1867618	-0.1867618
56.2685051	81.1314926	0.1517440	-0.3385058
58.0614166	81.1314926	0.1167261	-0.1517440
59.8543320	81.1314926	0.0933809	-0.0933809
61.6472435	81.1314926	0.1400714	0.0000000
63.4401588	81.1314926	0.0466905	0.0466905
65.2330704	81.1314926	0.0466905	0.0933809
67.0259781	81.1314926	0.0817083	0.1517440
68.8188934	81.1314926	0.0116726	0.5836307
70.6118088	81.1314926	0.0000000	0.0000000
-1.1047245	82.9244080	0.0000000	0.0000000
0.6881890	82.9244080	0.0000000	0.0000000
2.4811022	82.9244080	0.0000000	0.0000000
4.2740159	82.9244080	-0.0116726	0.0933809
6.0669289	82.9244080	-0.0116726	0.1634166
7.8598428	82.9244080	-0.0116726	0.1400714
9.6527557	82.9244080	0.0233452	0.1400714
11.4456692	82.9244080	0.0933809	0.0817083
13.2385826	82.9244080	0.0466905	0.1984344
15.0314960	82.9244080	0.1050535	0.1984344
16.8244095	82.9244080	0.0116726	-0.0116726
18.6173229	82.9244080	-0.0116726	0.0116726
20.4102364	82.9244080	-0.0116726	0.0466905
22.2031498	82.9244080	0.0350178	0.0700357
23.9960632	82.9244080	0.0233452	0.0000000
25.7889767	82.9244080	0.0817083	0.0583631
27.5818901	82.9244080	0.1750892	0.0817083
29.3748016	82.9244080	0.1400714	0.0817083
31.1677151	82.9244080	0.1750892	0.0583631
32.9606323	82.9244080	0.1750892	0.0000000
34.7535439	82.9244080	0.0817083	-0.0583631
36.5464592	82.9244080	0.1283987	-0.1050535
38.3393707	82.9244080	0.0817083	-0.0700357
40.1322861	82.9244080	0.0817083	-0.0350178
41.9251938	82.9244080	0.2101070	0.0466905
43.7181091	82.9244080	0.1283987	0.0000000
45.5110207	82.9244080	0.1400714	-0.1167261
47.3039360	82.9244080	0.2451249	-0.1167261
49.0968475	82.9244080	0.2567975	-0.1167261
50.8897629	82.9244080	0.2217796	-0.0817083
52.6826782	82.9244080	0.1634166	-0.1400714
54.4755898	82.9244080	0.1517440	-0.1984344
56.2685051	82.9244080	0.1517440	-0.1517440
58.0614166	82.9244080	0.1867618	-0.1400714
59.8543320	82.9244080	0.0350178	-0.0933809
61.6472435	82.9244080	0.1167261	-0.0233452
63.4401588	82.9244080	-0.1634166	0.0700357
65.2330704	82.9244080	-0.1283987	0.0700357
67.0259781	82.9244080	0.0116726	0.1050535
68.8188934	82.9244080	0.0000000	0.0000000
70.6118088	82.9244080	0.0000000	0.0000000
-1.1047245	84.7173157	0.0000000	0.0000000
0.6881890	84.7173157	0.0000000	0.0000000
2.4811022	84.7173157	0.0000000	0.0000000
4.2740159	84.7173157	-0.0116726	0.0466905
6.0669289	84.7173157	-0.0233452	0.0817083
7.8598428	84.7173157	-0.0233452	0.1167261
9.6527557	84.7173157	0.0466905	0.0933809
11.4456692	84.7173157	0.0583631	0.1984344
13.2385826	84.7173157	0.0817083	0.1517440
15.0314960	84.7173157	0.1050535	0.1517440
16.8244095	84.7173157	0.0933809	0.0233452
18.6173229	84.7173157	0.0233452	0.0583631
20.4102364	84.7173157	0.0583631	0.0350178
22.2031498	84.7173157	0.0933809	0.0933809
23.9960632	84.7173157	0.0817083	-0.0817083
25.7889767	84.7173157	0.0583631	-0.0233452
27.5818901	84.7173157	0.0233452	0.0233452
29.3748016	84.7173157	0.0233452	0.0350178
31.1677151	84.7173157	0.0700357	0.0350178
32.9606323	84.7173157	0.0933809	0.0116726
34.7535439	84.7173157	0.1517440	-0.0350178
36.5464592	84.7173157	0.0933809	-0.0933809
38.3393707	84.7173157	0.1283987	-0.0583631
40.1322861	84.7173157	0.0817083	-0.0700357
41.9251938	84.7173157	0.0817083	-0.0817083
43.7181091	84.7173157	0.0700357	-0.0817083
45.5110207	84.7173157	0.1283987	-0.1050535
47.3039360	84.7173157	0.2217796	-0.0933809
49.0968475	84.7173157	0.1634166	-0.1400714
50.8897629	84.7173157	0.1634166	-0.1634166
52.6826782	84.7173157	0.1517440	-0.1867618
54.4755898	84.7173157	0.0933809	-0.2567975
56.2685051	84.7173157	0.1050535	-0.1167261
58.0614166	84.7173157	0.0933809	0.0233452
59.8543320	84.7173157	0.0350178	-0.0350178
61.6472435	84.7173157	0.0000000	0.0700357
63.4401588	84.7173157	-0.0350178	0.0583631
65.2330704	84.7173157	0.0233452	0.1050535
67.0259781	84.7173157	-0.0233452	0.1867618
68.8188934	84.7173157	0.0583631	0.7120295
70.6118088	84.7173157	0.0000000	0.0000000
-1.1047245	86.5102310	0.0000000	0.0000000
0.6881890	86.5102310	0.0000000	0.0000000
2.4811022	86.5102310	0.0000000	0.0000000
4.2740159	86.5102310	0.0116726	0.0350178
6.0669289	86.5102310	-0.0466905	0.0350178
7.8598428	86.5102310	-0.0116726	0.1050535
9.6527557	86.5102310	0.0233452	0.1517440
11.4456692	86.5102310	0.0583631	0.2101071
13.2385826	86.5102310	0.0700357	0.1167261
15.0314960	86.5102310	0.1050535	0.2217797
16.8244095	86.5102310	0.1400714	0.0933809
18.6173229	86.5102310	0.1400714	0.0700357
20.4102364	86.5102310	0.0817083	0.0700357
22.2031498	86.5102310	0.0466905	0.0583631
23.9960632	86.5102310	0.0583631	0.0000000
25.7889767	86.5102310	0.0466905	0.0233452
27.5818901	86.5102310	0.0700357	-0.0466905
29.3748016	86.5102310	0.0700357	0.0700357
31.1677151	86.5102310	0.0116726	-0.0466905
32.9606323	86.5102310	0.0466905	-0.0700357
34.7535439	86.5102310	0.1283987	-0.1050535
36.5464592	86.5102310	0.0466905	-0.0817083
38.3393707	86.5102310	0.1283987	0.0233452
40.1322861	86.5102310	0.1283987	-0.0583631
41.9251938	86.5102310	0.0817083	-0.0933809
43.7181091	86.5102310	0.2101070	-0.1400714
45.5110207	86.5102310	0.2217796	-0.0233452
47.3039360	86.5102310	0.1750892	-0.1400714
49.0968475	86.5102310	0.1634166	-0.0817083
50.8897629	86.5102310	0.1400714	-0.1283988
52.6826782	86.5102310	0.1050535	-0.2217797
54.4755898	86.5102310	0.0933809	-0.2101071
56.2685051	86.5102310	-0.0233452	-0.0817083
58.0614166	86.5102310	-0.0116726	-0.0583631
59.8543320	86.5102310	-0.0116726	-0.0466905
61.6472435	86.5102310	-0.0466905	-0.0233452
63.4401588	86.5102310	-0.1050535	0.0817083
65.2330704	86.5102310	0.0350178	0.1167261
67.0259781	86.5102310	0.0350178	0.1750892
68.8188934	86.5102310	0.0466905	0.3968689
70.6118088	86.5102310	0.0000000	0.0000000
-1.1047245	88.3031464	0.0000000	0.0000000
0.6881890	88.3031464	0.0000000	0.0000000
2.4811022	88.3031464	0.0000000	0.0000000
4.2740159	88.3031464	0.0350178	-0.0466905
6.0669289	88.3031464	0.0233452	-0.0233452
7.8598428	88.3031464	-0.0233452	-0.0583631
9.6527557	88.3031464	-0.0233452	-0.0466905
11.4456692	88.3031464	0.0350178	0.0583631
13.2385826	88.3031464	0.0817083	0.0933809
15.0314960	88.3031464	0.1634166	0.1167261
16.8244095	88.3031464	0.1634166	0.1750892
18.6173229	88.3031464	0.2217796	0.0233452
20.4102364	88.3031464	0.2801427	0.1167261
22.2031498	88.3031464	0.1050535	0.1167261
23.9960632	88.3031464	0.0116726	0.0350178
25.7889767	88.3031464	0.0817083	0.0000000
27.5818901	88.3031464	0.1050535	-0.0817083
29.3748016	88.3031464	0.0466905	-0.0350178
31.1677151	88.3031464	0.1167261	-0.0233452
32.9606323	88.3031464	0.1167261	-0.0583631
34.7535439	88.3031464	0.1634166	-0.0350178
36.5464592	88.3031464	0.1634166	0.0000000
38.3393707	88.3031464	0.0933809	-0.0466905
40.1322861	88.3031464	0.1167261	-0.0583631
41.9251938	88.3031464	0.1750892	-0.0116726
43.7181091	88.3031464	0.1750892	-0.1400714
45.5110207	88.3031464	0.1283987	-0.0583631
47.3039360	88.3031464	0.1283987	-0.1984344
49.0968475	88.3031464	0.1400714	-0.0700357
50.8897629	88.3031464	0.1517440	-0.1167261
52.6826782	88.3031464	0.0583631	-0.1634166
54.4755898	88.3031464	0.0466905	-0.1634166
56.2685051	88.3031464	-0.0116726	-0.0233452
58.0614166	88.3031464	-0.0583631	-0.0233452
59.8543320	88.3031464	0.0116726	0.0583631
61.6472435	88.3031464	-0.0350178	0.0700357
63.4401588	88.3031464	-0.0116726	0.0817083
65.2330704	88.3031464	0.0000000	0.1750892
67.0259781	88.3031464	0.0350178	0.1400714
68.8188934	88.3031464	0.0000000	0.0000000
70.6118088	88.3031464	0.0000000	0.0000000
-1.1047245	90.0960617	0.0000000	0.0000000
0.6881890	90.0960617	0.0000000	0.0000000
2.4811022	90.0960617	0.0000000	0.0000000
4.2740159	90.0960617	0.0116726	-0.0350178
6.0669289	90.0960617	0.0000000	-0.0466905
7.8598428	90.0960617	-0.0583631	-0.0466905
9.6527557	90.0960617	-0.0233452	-0.0466905
11.4456692	90.0960617	0.0116726	0.0233452
13.2385826	90.0960617	0.0817083	-0.0116726
15.0314960	90.0960617	0.1167261	0.0350178
16.8244095	90.0960617	0.1750892	0.0233452
18.6173229	90.0960617	0.3501784	-0.0116726
20.4102364	90.0960617	0.4435593	0.0000000
22.2031498	90.0960617	0.2451249	0.0700357
23.9960632	90.0960617	0.3618510	0.0233452
25.7889767	90.0960617	0.0933809	-0.0116726
27.5818901	90.0960617	0.0116726	-0.1050535
29.3748016	90.0960617	0.1400714	-0.0933809
31.1677151	90.0960617	0.1867618	-0.0583631
32.9606323	90.0960617	0.1400714	-0.0466905
34.7535439	90.0960617	0.1517440	-0.0233452
36.5464592	90.0960617	0.1984344	-0.0350178
38.3393707	90.0960617	0.0700357	-0.0583631
40.1322861	90.0960617	0.1400714	-0.0466905
41.9251938	90.0960617	0.1400714	-0.0233452
43.7181091	90.0960617	0.1867618	-0.0817083
45.5110207	90.0960617	0.0817083	-0.0817083
47.3039360	90.0960617	0.1867618	-0.1167261
49.0968475	90.0960617	0.0817083	-0.1867618
50.8897629	90.0960617	0.0933809	-0.1984344
52.6826782	90.0960617	0.0466905	-0.3151606
54.4755898	90.0960617	0.0583631	-0.1750892
56.2685051	90.0960617	-0.0116726	-0.0466905
58.0614166	90.0960617	-0.0583631	-0.0233452
59.8543320	90.0960617	0.0583631	0.0700357
61.6472435	90.0960617	-0.0233452	0.0350178
63.4401588	90.0960617	-0.0350178	0.0817083
65.2330704	90.0960617	0.0350178	0.1867618
67.0259781	90.0960617	-0.0466905	0.1750892
68.8188934	90.0960617	-0.0466905	0.3735237
70.6118088	90.0960617	0.0000000	0.0000000
-1.1047245	91.8889771	0.0000000	0.0000000
0.6881890	91.8889771	0.0000000	0.0000000
2.4811022	91.8889771	0.0000000	0.0000000
4.2740159	91.8889771	-0.0466905	0.0000000
6.0669289	91.8889771	-0.0817083	-0.1167261
7.8598428	91.8889771	-0.0233452	-0.0933809
9.6527557	91.8889771	-0.0350178	-0.0933809
11.4456692	91.8889771	0.0116726	-0.0933809
13.2385826	91.8889771	0.0583631	-0.1050535
15.0314960	91.8889771	0.0817083	-0.0466905
16.8244095	91.8889771	0.0817083	-0.0350178
18.6173229	91.8889771	0.2334523	0.0000000
20.4102364	91.8889771	0.2567975	0.0116726
22.2031498	91.8889771	0.3618510	0.0116726
23.9960632	91.8889771	0.2918153	0.0583631
25.7889767	91.8889771	0.1634166	0.1050535
27.5818901	91.8889771	0.1634166	0.0466905
29.3748016	91.8889771	0.2217796	0.0000000
31.1677151	91.8889771	0.0817083	-0.0817083
32.9606323	91.8889771	0.1167261	-0.0583631
34.7535439	91.8889771	0.1750892	-0.0817083
36.5464592	91.8889771	0.2101070	-0.0233452
38.3393707	91.8889771	0.0700357	0.0466905
40.1322861	91.8889771	0.1634166	-0.0583631
41.9251938	91.8889771	0.1867618	-0.0583631
43.7181091	91.8889771	0.1400714	-0.0233452
45.5110207	91.8889771	0.1517440	-0.0700357
47.3039360	91.8889771	0.1050535	-0.0933809
49.0968475	91.8889771	0.0933809	-0.1400714
50.8897629	91.8889771	0.0817083	-0.1400714
52.6826782	91.8889771	0.0466905	-0.1750892
54.4755898	91.8889771	-0.0233452	-0.1283988
56.2685051	91.8889771	0.0000000	-0.0350178
58.0614166	91.8889771	-0.0700357	0.0116726
59.8543320	91.8889771	-0.0233452	0.0000000
61.6472435	91.8889771	-0.0933809	0.0116726
63.4401588	91.8889771	-0.0817083	0.0233452
65.2330704	91.8889771	0.0233452	0.0700357
67.0259781	91.8889771	-0.0350178	0.1400714
68.8188934	91.8889771	0.0000000	0.0000000
70.6118088	91.8889771	0.0000000	0.0000000
-1.1047245	93.6818848	0.0000000	0.0000000
0.6881890	93.6818848	0.0000000	0.0000000
2.4811022	93.6818848	0.0000000	0.0000000
4.2740159	93.6818848	0.0233452	0.0000000
6.0669289	93.6818848	0.0000000	-0.0933809
7.8598428	93.6818848	0.0350178	-0.1283988
9.6527557	93.6818848	-0.0350178	-0.0466905
11.4456692	93.6818848	-0.0233452	-0.1050535
13.2385826	93.6818848	0.0350178	-0.1167261
15.0314960	93.6818848	0.0700357	-0.0933809
16.8244095	93.6818848	0.0466905	-0.0583631
18.6173229	93.6818848	0.1634166	-0.0116726
20.4102364	93.6818848	0.2567975	0.0350178
22.2031498	93.6818848	0.3735236	0.0000000
23.9960632	93.6818848	0.2801427	-0.0817083
25.7889767	93.6818848	0.4202141	0.0583631
27.5818901	93.6818848	0.2684701	0.0466905
29.3748016	93.6818848	0.2567975	0.0583631
31.1677151	93.6818848	0.1867618	0.0350178
32.9606323	93.6818848	0.1283987	-0.0116726
34.7535439	93.6818848	0.1517440	-0.0583631
36.5464592	93.6818848	0.2684701	0.0000000
38.3393707	93.6818848	0.2801427	0.0116726
40.1322861	93.6818848	0.2334523	0.0000000
41.9251938	93.6818848	0.2217796	-0.0466905
43.7181091	93.6818848	0.2101070	-0.0583631
45.5110207	93.6818848	0.3268332	-0.1050535
47.3039360	93.6818848	0.1984344	-0.1050535
49.0968475	93.6818848	0.1283987	-0.1517440
50.8897629	93.6818848	0.0817083	-0.1400714
52.6826782	93.6818848	0.0817083	-0.1867618
54.4755898	93.6818848	0.0350178	-0.1050535
56.2685051	93.6818848	0.0700357	-0.0116726
58.0614166	93.6818848	-0.0583631	0.0233452
59.8543320	93.6818848	-0.1517440	0.0817083
61.6472435	93.6818848	-0.2451249	0.0700357
63.4401588	93.6818848	-0.2451249	0.1867618
65.2330704	93.6818848	-0.0700357	0.1517440
67.0259781	93.6818848	-0.0466905	0.1283988
68.8188934	93.6818848	0.0350178	-0.5602854
70.6118088	93.6818848	0.0000000	0.0000000
-1.1047245	95.4748001	0.0000000	0.0000000
0.6881890	95.4748001	0.0000000	0.0000000
2.4811022	95.4748001	0.0000000	0.0000000
4.2740159	95.4748001	0.0116726	-0.0466905
6.0669289	95.4748001	0.0700357	-0.0583631
7.8598428	95.4748001	0.0466905	-0.1400714
9.6527557	95.4748001	0.0116726	-0.0466905
11.4456692	95.4748001	-0.1050535	-0.1050535
13.2385826	95.4748001	0.0000000	-0.1517440
15.0314960	95.4748001	0.0000000	-0.1400714
16.8244095	95.4748001	0.0700357	-0.1050535
18.6173229	95.4748001	0.1400714	-0.0350178
20.4102364	95.4748001	0.2451249	0.0116726
22.2031498	95.4748001	0.2451249	0.0350178
23.9960632	95.4748001	0.2918153	0.0350178
25.7889767	95.4748001	0.4202141	0.0000000
27.5818901	95.4748001	0.2801427	0.1283988
29.3748016	95.4748001	0.3151605	0.1050535
31.1677151	95.4748001	0.1167261	0.0000000
32.9606323	95.4748001	0.2101070	-0.0233452
34.7535439	95.4748001	0.1400714	-0.0350178
36.5464592	95.4748001	0.1400714	-0.0466905
38.3393707	95.4748001	0.1400714	-0.0116726
40.1322861	95.4748001	0.2217796	-0.0350178
41.9251938	95.4748001	0.1400714	-0.0233452
43.7181091	95.4748001	0.3151605	-0.0466905
45.5110207	95.4748001	0.1400714	-0.0466905
47.3039360	95.4748001	0.2334523	-0.1517440
49.0968475	95.4748001	0.1984344	-0.1167261
50.8897629	95.4748001	0.1400714	-0.0466905
52.6826782	95.4748001	0.0233452	-0.0466905
54.4755898	95.4748001	0.0116726	-0.0466905
56.2685051	95.4748001	0.0466905	-0.0116726
58.0614166	95.4748001	0.0700357	0.0466905
59.8543320	95.4748001	-0.2334523	0.0933809
61.6472435	95.4748001	0.0700357	0.1050535
63.4401588	95.4748001	-0.1400714	0.0466905
65.2330704	95.4748001	-0.0466905	0.0933809
67.0259781	95.4748001	-0.0700357	0.1400714
68.8188934	95.4748001	0.0000000	0.0000000
70.6118088	95.4748001	0.0000000	0.0000000
-1.1047245	97.2677155	0.0000000	0.0000000
0.6881890	97.2677155	0.0000000	0.0000000
2.4811022	97.2677155	0.0000000	0.0000000
4.2740159	97.2677155	0.0116726	-0.0466905
6.0669289	97.2677155	0.0583631	-0.0583631
7.8598428	97.2677155	0.0700357	0.0350178
9.6527557	97.2677155	0.0700357	-0.0350178
11.4456692	97.2677155	-0.0350178	-0.1634166
13.2385826	97.2677155	-0.0116726	-0.1984344
15.0314960	97.2677155	0.0233452	-0.2567975
16.8244095	97.2677155	0.0466905	-0.2217797
18.6173229	97.2677155	0.1167261	-0.1050535
20.4102364	97.2677155	0.1750892	0.0116726
22.2031498	97.2677155	0.0817083	-0.0933809
23.9960632	97.2677155	0.2101070	-0.0116726
25.7889767	97.2677155	0.1400714	0.0000000
27.5818901	97.2677155	0.2217796	0.1050535
29.3748016	97.2677155	0.1867618	0.0933809
31.1677151	97.2677155	0.1634166	0.0233452
32.9606323	97.2677155	0.2451249	-0.0466905
34.7535439	97.2677155	0.1050535	-0.0583631
36.5464592	97.2677155	0.1167261	0.0000000
38.3393707	97.2677155	0.1400714	-0.0583631
40.1322861	97.2677155	0.2451249	-0.0350178
41.9251938	97.2677155	0.1984344	-0.0700357
43.7181091	97.2677155	0.2918153	-0.1050535
45.5110207	97.2677155	0.0933809	-0.0933809
47.3039360	97.2677155	0.0700357	-0.1167261
49.0968475	97.2677155	-0.0233452	-0.1400714
50.8897629	97.2677155	0.0583631	-0.0350178
52.6826782	97.2677155	0.0350178	-0.0116726
54.4755898	97.2677155	0.0350178	-0.0583631
56.2685051	97.2677155	0.0116726	0.0233452
58.0614166	97.2677155	-0.0933809	0.0466905
59.8543320	97.2677155	-0.0583631	0.0583631
61.6472435	97.2677155	-0.0116726	0.0583631
63.4401588	97.2677155	0.0116726	0.0350178
65.2330704	97.2677155	0.0116726	0.0700357
67.0259781	97.2677155	-0.0700357	0.0700357
68.8188934	97.2677155	-0.0116726	0.2451249
70.6118088	97.2677155	0.0000000	0.0000000
-1.1047245	99.0606308	0.0000000	0.0000000
0.6881890	99.0606308	0.0000000	0.0000000
2.4811022	99.0606308	0.0000000	0.0000000
4.2740159	99.0606308	0.0583631	-0.2334523
6.0669289	99.0606308	0.0466905	-0.1984344
7.8598428	99.0606308	0.0350178	-0.0116726
9.6527557	99.0606308	0.0817083	0.0116726
11.4456692	99.0606308	0.0350178	-0.1400714
13.2385826	99.0606308	-0.0233452	-0.1634166
15.0314960	99.0606308	-0.1167261	-0.2217797
16.8244095	99.0606308	-0.0233452	-0.2801427
18.6173229	99.0606308	0.0233452	-0.0817083
20.4102364	99.0606308	0.0700357	-0.0116726
22.2031498	99.0606308	0.0933809	-0.0700357
23.9960632	99.0606308	0.1050535	0.0466905
25.7889767	99.0606308	0.1400714	0.0583631
27.5818901	99.0606308	0.1984344	0.1634166
29.3748016	99.0606308	0.2334523	0.1400714
31.1677151	99.0606308	0.1400714	-0.0350178
32.9606323	99.0606308	0.1167261	-0.0583631
34.7535439	99.0606308	0.1400714	-0.0233452
36.5464592	99.0606308	0.1050535	-0.0583631
38.3393707	99.0606308	0.2334523	-0.0233452
40.1322861	99.0606308	0.1517440	-0.0233452
41.9251938	99.0606308	0.1400714	-0.0466905
43.7181091	99.0606308	0.0933809	-0.1167261
45.5110207	99.0606308	0.0583631	-0.0583631
47.3039360	99.0606308	0.0583631	-0.1050535
49.0968475	99.0606308	-0.0116726	-0.1517440
50.8897629	99.0606308	0.0116726	0.0000000
52.6826782	99.0606308	0.0350178	-0.0233452
54.4755898	99.0606308	0.0000000	-0.0466905
56.2685051	99.0606308	0.0817083	0.0466905
58.0614166	99.0606308	0.0116726	0.2101071
59.8543320	99.0606308	0.0000000	0.2101071
61.6472435	99.0606308	0.0350178	0.0700357
63.4401588	99.0606308	0.0116726	0.0933809
65.2330704	99.0606308	0.0116726	0.0583631
67.0259781	99.0606308	-0.0116726	-0.0350178
68.8188934	99.0606308	0.0116726	-0.2217797
70.6118088	99.0606308	0.0000000	0.0000000
-1.1047245	100.8535385	0.0000000	0.0000000
0.6881890	100.8535385	0.0000000	0.0000000
2.4811022	100.8535385	0.0000000	0.0000000
4.2740159	100.8535385	0.0466905	-0.2451249
6.0669289	100.8535385	-0.0116726	-0.2101071
7.8598428	100.8535385	0.0116726	-0.2334523
9.6527557	100.8535385	0.0817083	-0.1167261
11.4456692	100.8535385	0.0933809	-0.1167261
13.2385826	100.8535385	0.0466905	-0.2101071
15.0314960	100.8535385	0.0233452	-0.2918153
16.8244095	100.8535385	-0.0233452	-0.2918153
18.6173229	100.8535385	-0.0466905	-0.2684701
20.4102364	100.8535385	0.0000000	-0.0350178
22.2031498	100.8535385	0.1050535	0.0233452
23.9960632	100.8535385	0.0933809	0.0233452
25.7889767	100.8535385	0.1050535	0.0350178
27.5818901	100.8535385	0.1050535	0.0350178
29.3748016	100.8535385	0.1517440	0.0700357
31.1677151	100.8535385	0.1400714	0.0000000
32.9606323	100.8535385	0.1283987	-0.0466905
34.7535439	100.8535385	0.2451249	-0.1050535
36.5464592	100.8535385	0.0933809	-0.0583631
38.3393707	100.8535385	0.1167261	-0.0350178
40.1322861	100.8535385	0.1050535	0.0000000
41.9251938	100.8535385	0.0350178	-0.0350178
43.7181091	100.8535385	0.0233452	-0.0233452
45.5110207	100.8535385	0.0000000	-0.0583631
47.3039360	100.8535385	0.0000000	-0.0583631
49.0968475	100.8535385	-0.0233452	-0.0817083
50.8897629	100.8535385	-0.0233452	-0.0116726
52.6826782	100.8535385	-0.0116726	0.0116726
54.4755898	100.8535385	-0.0233452	-0.0466905
56.2685051	100.8535385	-0.0116726	-0.0233452
58.0614166	100.8535385	-0.0233452	0.0933809
59.8543320	100.8535385	-0.0233452	0.1283988
61.6472435	100.8535385	0.0000000	0.0933809
63.4401588	100.8535385	0.0116726	0.1050535
65.2330704	100.8535385	0.0000000	0.1050535
67.0259781	100.8535385	0.0000000	0.0700357
68.8188934	100.8535385	0.0000000	0.0000000
70.6118088	100.8535385	0.0000000	0.0000000
-1.1047245	102.6464539	0.0000000	0.0000000
0.6881890	102.6464539	0.0000000	0.0000000
2.4811022	102.6464539	0.0000000	0.0000000
4.2740159	102.6464539	-0.0116726	-0.3501784
6.0669289	102.6464539	0.0116726	-0.1984344
7.8598428	102.6464539	0.0583631	-0.2451249
9.6527557	102.6464539	0.0817083	-0.2334523
11.4456692	102.6464539	0.0466905	-0.1400714
13.2385826	102.6464539	0.0350178	-0.1867618
15.0314960	102.6464539	0.0116726	-0.2217797
16.8244095	102.6464539	-0.0116726	-0.1984344
18.6173229	102.6464539	-0.0583631	-0.2334523
20.4102364	102.6464539	0.0233452	-0.1167261
22.2031498	102.6464539	0.1283987	-0.0116726
23.9960632	102.6464539	0.0116726	0.1167261
25.7889767	102.6464539	0.0817083	0.0817083
27.5818901	102.6464539	0.0350178	0.1167261
29.3748016	102.6464539	0.1050535	0.0933809
31.1677151	102.6464539	0.1867618	0.0116726
32.9606323	102.6464539	0.1050535	0.0000000
34.7535439	102.6464539	0.1167261	-0.0350178
36.5464592	102.6464539	0.0466905	-0.0233452
38.3393707	102.6464539	-0.0350178	-0.0817083
40.1322861	102.6464539	-0.0116726	-0.0933809
41.9251938	102.6464539	0.0000000	-0.1634166
43.7181091	102.6464539	0.0000000	-0.0350178
45.5110207	102.6464539	0.0000000	-0.1517440
47.3039360	102.6464539	-0.0116726	-0.1750892
49.0968475	102.6464539	-0.0350178	-0.1167261
50.8897629	102.6464539	0.0350178	-0.1867618
52.6826782	102.6464539	-0.0583631	-0.0933809
54.4755898	102.6464539	-0.0817083	0.0350178
56.2685051	102.6464539	0.0233452	0.1634166
58.0614166	102.6464539	-0.0350178	0.0466905
59.8543320	102.6464539	0.0000000	0.1050535
61.6472435	102.6464539	0.0116726	0.0933809
63.4401588	102.6464539	0.0116726	0.0700357
65.2330704	102.6464539	0.0233452	0.0583631
67.0259781	102.6464539	-0.0350178	0.1167261
68.8188934	102.6464539	-0.0700357	0.5019224
70.6118088	102.6464539	0.0000000	0.0000000
-1.1047245	104.4393692	0.0000000	0.0000000
0.6881890	104.4393692	0.0000000	0.0000000
2.4811022	104.4393692	0.0000000	0.0000000
4.2740159	104.4393692	0.0933809	-0.3268332
6.0669289	104.4393692	0.0817083	-0.3385058
7.8598428	104.4393692	0.1750892	-0.3968689
9.6527557	104.4393692	0.1634166	-0.5719581
11.4456692	104.4393692	0.1050535	-0.2684701
13.2385826	104.4393692	0.0817083	-0.2451249
15.0314960	104.4393692	0.0466905	-0.1634166
16.8244095	104.4393692	0.0466905	-0.3851963
18.6173229	104.4393692	-0.0700357	-0.3501784
20.4102364	104.4393692	-0.0700357	-0.2217797
22.2031498	104.4393692	0.0817083	0.0583631
23.9960632	104.4393692	0.0233452	0.0466905
25.7889767	104.4393692	0.1167261	0.0233452
27.5818901	104.4393692	0.0933809	0.0000000
29.3748016	104.4393692	0.1750892	0.0350178
31.1677151	104.4393692	0.1517440	0.0116726
32.9606323	104.4393692	0.1050535	-0.0350178
34.7535439	104.4393692	0.0933809	-0.0233452
36.5464592	104.4393692	0.0466905	-0.0116726
38.3393707	104.4393692	0.0350178	-0.0233452
40.1322861	104.4393692	-0.0233452	-0.0583631
41.9251938	104.4393692	-0.0466905	-0.1167261
43.7181091	104.4393692	-0.0583631	-0.1167261
45.5110207	104.4393692	-0.0583631	-0.1400714
47.3039360	104.4393692	-0.0817083	-0.2451249
49.0968475	104.4393692	-0.0233452	-0.2101071
50.8897629	104.4393692	-0.0116726	-0.1634166
52.6826782	104.4393692	0.0116726	-0.0700357
54.4755898	104.4393692	0.0466905	-0.0116726
56.2685051	104.4393692	0.0583631	-0.0116726
58.0614166	104.4393692	-0.0116726	0.1167261
59.8543320	104.4393692	-0.0116726	-0.0116726
61.6472435	104.4393692	-0.0116726	0.1167261
63.4401588	104.4393692	0.0583631	0.1750892
65.2330704	104.4393692	0.0350178	0.0933809
67.0259781	104.4393692	-0.0700357	0.1867618
68.8188934	104.4393692	0.0000000	0.0000000
70.6118088	104.4393692	0.0000000	0.0000000
-1.1047245	106.2322845	0.0000000	0.0000000
0.6881890	106.2322845	0.0000000	0.0000000
2.4811022	106.2322845	0.0000000	0.0000000
4.2740159	106.2322845	0.1050535	-0.3968689
6.0669289	106.2322845	0.1283987	-0.4202141
7.8598428	106.2322845	0.0583631	-0.6536664
9.6527557	106.2322845	0.1984344	-0.6303211
11.4456692	106.2322845	0.0583631	-0.3268332
13.2385826	106.2322845	0.1283987	-0.3385058
15.0314960	106.2322845	0.1634166	-0.3968689
16.8244095	106.2322845	0.0466905	-0.2567975
18.6173229	106.2322845	0.0233452	-0.2801427
20.4102364	106.2322845	-0.0350178	-0.1517440
22.2031498	106.2322845	-0.0350178	-0.0350178
23.9960632	106.2322845	0.0350178	0.0700357
25.7889767	106.2322845	0.0933809	0.0700357
27.5818901	106.2322845	0.1283987	0.0350178
29.3748016	106.2322845	0.0583631	0.0000000
31.1677151	106.2322845	0.1517440	-0.0116726
32.9606323	106.2322845	0.1283987	0.0466905
34.7535439	106.2322845	0.0116726	0.0000000
36.5464592	106.2322845	0.0000000	0.0000000
38.3393707	106.2322845	-0.0233452	-0.0933809
40.1322861	106.2322845	-0.0350178	-0.1283988
41.9251938	106.2322845	-0.0466905	-0.1283988
43.7181091	106.2322845	-0.1283987	-0.1517440
45.5110207	106.2322845	-0.0350178	-0.1634166
47.3039360	106.2322845	-0.0233452	-0.2334523
49.0968475	106.2322845	0.0116726	-0.2451249
50.8897629	106.2322845	-0.0116726	-0.1050535
52.6826782	106.2322845	0.0350178	-0.0583631
54.4755898	106.2322845	0.0466905	0.0000000
56.2685051	106.2322845	0.0233452	0.0350178
58.0614166	106.2322845	0.0350178	0.0817083
59.8543320	106.2322845	-0.0233452	-0.0466905
61.6472435	106.2322845	-0.0466905	0.0233452
63.4401588	106.2322845	-0.0700357	0.2801427
65.2330704	106.2322845	0.0000000	0.1867618
67.0259781	106.2322845	-0.0233452	0.2334523
68.8188934	106.2322845	0.0000000	0.0000000
70.6118088	106.2322845	0.0000000	0.0000000
-1.1047245	108.0251999	0.0000000	0.0000000
0.6881890	108.0251999	0.0000000	0.0000000
2.4811022	108.0251999	0.0000000	0.0000000
4.2740159	108.0251999	0.1050535	-0.2684701
6.0669289	108.0251999	0.1283987	-0.3735237
7.8598428	108.0251999	0.2217796	-0.4435593
9.6527557	108.0251999	0.2801427	-0.5719581
11.4456692	108.0251999	-0.0116726	-0.1167261
13.2385826	108.0251999	-0.0116726	-0.1050535
15.0314960	108.0251999	0.2217796	-0.1400714
16.8244095	108.0251999	0.0466905	-0.2451249
18.6173229	108.0251999	0.0233452	-0.2451249
20.4102364	108.0251999	-0.0817083	-0.1984344
22.2031498	108.0251999	-0.0817083	-0.1750892
23.9960632	108.0251999	-0.0700357	-0.0350178
25.7889767	108.0251999	0.0116726	0.0000000
27.5818901	108.0251999	0.0583631	-0.0350178
29.3748016	108.0251999	0.1050535	-0.0116726
31.1677151	108.0251999	0.1283987	-0.0583631
32.9606323	108.0251999	0.0817083	-0.0116726
34.7535439	108.0251999	0.0116726	-0.0350178
36.5464592	108.0251999	0.0350178	-0.0350178
38.3393707	108.0251999	0.2918153	-0.2684701
40.1322861	108.0251999	0.0466905	-0.1050535
41.9251938	108.0251999	0.0466905	-0.1050535
43.7181091	108.0251999	0.0233452	0.0116726
45.5110207	108.0251999	-0.0116726	-0.1867618
47.3039360	108.0251999	-0.0350178	-0.2684701
49.0968475	108.0251999	-0.0233452	-0.1984344
50.8897629	108.0251999	0.0233452	-0.1050535
52.6826782	108.0251999	0.0350178	-0.0583631
54.4755898	108.0251999	0.0000000	-0.0466905
56.2685051	108.0251999	0.0116726	0.0583631
58.0614166	108.0251999	0.0466905	0.1050535
59.8543320	108.0251999	0.0233452	0.1867618
61.6472435	108.0251999	0.0000000	0.1984344
63.4401588	108.0251999	-0.0700357	0.1167261
65.2330704	108.0251999	-0.0233452	0.2101071
67.0259781	108.0251999	-0.0116726	0.0817083
68.8188934	108.0251999	0.0000000	0.0000000
70.6118088	108.0251999	0.0000000	0.0000000
-1.1047245	109.8181076	0.0000000	0.0000000
0.6881890	109.8181076	0.0000000	0.0000000
2.4811022	109.8181076	0.0000000	0.0000000
4.2740159	109.8181076	0.0583631	-0.2217797
6.0669289	109.8181076	0.1400714	-0.3501784
7.8598428	109.8181076	0.1167261	-0.2918153
9.6527557	109.8181076	0.2101070	-0.2567975
11.4456692	109.8181076	0.1283987	-0.2217797
13.2385826	109.8181076	0.0933809	-0.2801427
15.0314960	109.8181076	0.1050535	-0.3034880
16.8244095	109.8181076	0.0817083	-0.1750892
18.6173229	109.8181076	0.0000000	-0.2451249
20.4102364	109.8181076	-0.0583631	-0.2567975
22.2031498	109.8181076	-0.0933809	-0.1984344
23.9960632	109.8181076	-0.0700357	-0.1517440
25.7889767	109.8181076	-0.0466905	-0.0933809
27.5818901	109.8181076	0.0583631	-0.0116726
29.3748016	109.8181076	0.1050535	-0.0350178
31.1677151	109.8181076	0.1283987	-0.0233452
32.9606323	109.8181076	0.1050535	-0.0116726
34.7535439	109.8181076	0.1050535	-0.0700357
36.5464592	109.8181076	0.0700357	0.0583631
38.3393707	109.8181076	0.1634166	-0.0350178
40.1322861	109.8181076	0.1167261	-0.0350178
41.9251938	109.8181076	0.1400714	-0.0350178
43.7181091	109.8181076	0.1050535	-0.0233452
45.5110207	109.8181076	0.1517440	-0.0116726
47.3039360	109.8181076	0.0700357	-0.1867618
49.0968475	109.8181076	0.1283987	-0.2101071
50.8897629	109.8181076	0.0700357	-0.1283988
52.6826782	109.8181076	0.0817083	-0.1283988
54.4755898	109.8181076	0.0116726	-0.0700357
56.2685051	109.8181076	0.0933809	0.0583631
58.0614166	109.8181076	0.0350178	0.1283988
59.8543320	109.8181076	0.0700357	0.1517440
61.6472435	109.8181076	0.0116726	0.2217797
63.4401588	109.8181076	0.0466905	0.1050535
65.2330704	109.8181076	0.0000000	0.1283988
67.0259781	109.8181076	-0.0466905	0.1867618
68.8188934	109.8181076	-0.0350178	0.5369403
70.6118088	109.8181076	0.0000000	0.0000000
-1.1047245	111.6110229	0.0000000	0.0000000
0.6881890	111.6110229	0.0000000	0.0000000
2.4811022	111.6110229	0.0000000	0.0000000
4.2740159	111.6110229	0.0933809	-0.3968689
6.0669289	111.6110229	0.1400714	-0.4318867
7.8598428	111.6110229	0.1517440	-0.2567975
9.6527557	111.6110229	0.1050535	-0.3034880
11.4456692	111.6110229	0.1867618	-0.1167261
13.2385826	111.6110229	0.0583631	-0.1634166
15.0314960	111.6110229	0.0350178	-0.1517440
16.8244095	111.6110229	-0.0350178	-0.2801427
18.6173229	111.6110229	-0.0116726	-0.2334523
20.4102364	111.6110229	-0.0116726	-0.1400714
22.2031498	111.6110229	-0.0817083	-0.1984344
23.9960632	111.6110229	-0.0350178	-0.2217797
25.7889767	111.6110229	-0.0233452	-0.0700357
27.5818901	111.6110229	0.0233452	-0.0116726
29.3748016	111.6110229	0.0933809	-0.0700357
31.1677151	111.6110229	0.0583631	-0.0350178
32.9606323	111.6110229	0.0350178	-0.0116726
34.7535439	111.6110229	0.0700357	-0.0466905
36.5464592	111.6110229	0.1400714	-0.0350178
38.3393707	111.6110229	0.2101070	-0.0933809
40.1322861	111.6110229	0.1984344	-0.1283988
41.9251938	111.6110229	0.1634166	-0.1050535
43.7181091	111.6110229	0.1634166	-0.1283988
45.5110207	111.6110229	0.1984344	-0.0933809
47.3039360	111.6110229	0.2217796	-0.1283988
49.0968475	111.6110229	0.1750892	-0.1400714
50.8897629	111.6110229	0.1050535	-0.1984344
52.6826782	111.6110229	0.0817083	-0.1517440
54.4755898	111.6110229	0.0700357	-0.0233452
56.2685051	111.6110229	0.0583631	0.0116726
58.0614166	111.6110229	-0.0233452	0.2451249
59.8543320	111.6110229	0.0350178	0.1750892
61.6472435	111.6110229	0.1750892	0.4669046
63.4401588	111.6110229	0.0466905	0.0933809
65.2330704	111.6110229	0.0466905	0.1634166
67.0259781	111.6110229	-0.0583631	0.2334523
68.8188934	111.6110229	0.0116726	0.4552320
70.6118088	111.6110229	0.0000000	0.0000000
-1.1047245	113.4039383	0.0000000	0.0000000
0.6881890	113.4039383	0.0000000	0.0000000
2.4811022	113.4039383	0.0000000	0.0000000
4.2740159	113.4039383	0.0583631	-0.3618510
6.0669289	113.4039383	0.0700357	-0.2918153
7.8598428	113.4039383	0.1283987	-0.1984344
9.6527557	113.4039383	0.1167261	-0.0933809
11.4456692	113.4039383	0.0466905	-0.4085415
13.2385826	113.4039383	0.0350178	-0.2217797
15.0314960	113.4039383	0.0116726	-0.1517440
16.8244095	113.4039383	0.0233452	-0.2567975
18.6173229	113.4039383	-0.0466905	-0.1984344
20.4102364	113.4039383	-0.0116726	-0.2684701
22.2031498	113.4039383	-0.0350178	-0.3034880
23.9960632	113.4039383	0.0116726	-0.1634166
25.7889767	113.4039383	0.0817083	-0.1750892
27.5818901	113.4039383	0.0700357	-0.2217797
29.3748016	113.4039383	0.0933809	-0.1400714
31.1677151	113.4039383	0.0350178	-0.2101071
32.9606323	113.4039383	0.0466905	-0.1167261
34.7535439	113.4039383	0.1167261	-0.1167261
36.5464592	113.4039383	0.1517440	-0.0817083
38.3393707	113.4039383	0.2567975	-0.1400714
40.1322861	113.4039383	0.2801427	-0.1050535
41.9251938	113.4039383	0.2567975	-0.1167261
43.7181091	113.4039383	0.2684701	-0.0583631
45.5110207	113.4039383	0.3501784	-0.1634166
47.3039360	113.4039383	0.3151605	-0.1050535
49.0968475	113.4039383	0.2684701	-0.1400714
50.8897629	113.4039383	0.1400714	-0.1867618
52.6826782	113.4039383	0.0817083	-0.1400714
54.4755898	113.4039383	-0.0116726	0.0466905
56.2685051	113.4039383	0.0700357	0.0817083
58.0614166	113.4039383	0.0350178	0.1984344
59.8543320	113.4039383	0.0116726	0.3501784
61.6472435	113.4039383	0.0817083	0.3151606
63.4401588	113.4039383	0.0116726	0.2918153
65.2330704	113.4039383	-0.0583631	0.1867618
67.0259781	113.4039383	-0.0583631	0.1517440
68.8188934	113.4039383	0.0466905	0.6536664
70.6118088	113.4039383	0.0000000	0.0000000
-1.1047245	115.1968536	0.0000000	0.0000000
0.6881890	115.1968536	0.0000000	0.0000000
2.4811022	115.1968536	0.0000000	0.0000000
4.2740159	115.1968536	0.0350178	-0.2801427
6.0669289	115.1968536	0.0583631	-0.1750892
7.8598428	115.1968536	0.0000000	-0.0466905
9.6527557	115.1968536	0.0700357	-0.0583631
11.4456692	115.1968536	0.0583631	-0.2918153
13.2385826	115.1968536	0.0583631	-0.1050535
15.0314960	115.1968536	-0.0116726	-0.1283988
16.8244095	115.1968536	0.0700357	-0.1867618
18.6173229	115.1968536	0.0350178	-0.1634166
20.4102364	115.1968536	0.0233452	-0.3735237
22.2031498	115.1968536	0.0350178	-0.2684701
23.9960632	115.1968536	0.0583631	-0.1517440
25.7889767	115.1968536	0.0233452	-0.1750892
27.5818901	115.1968536	0.0933809	-0.1867618
29.3748016	115.1968536	0.0933809	-0.2334523
31.1677151	115.1968536	0.1167261	-0.3034880
32.9606323	115.1968536	0.1517440	-0.1750892
34.7535439	115.1968536	0.1283987	-0.1517440
36.5464592	115.1968536	0.1984344	-0.1050535
38.3393707	115.1968536	0.2918153	-0.0817083
40.1322861	115.1968536	0.2918153	-0.0933809
41.9251938	115.1968536	0.1750892	-0.0933809
43.7181091	115.1968536	0.3385058	-0.1050535
45.5110207	115.1968536	0.3735236	-0.1400714
47.3039360	115.1968536	0.3385058	-0.1167261
49.0968475	115.1968536	0.3268332	-0.1167261
50.8897629	115.1968536	0.1984344	-0.1400714
52.6826782	115.1968536	0.1750892	-0.1867618
54.4755898	115.1968536	0.1050535	-0.0233452
56.2685051	115.1968536	0.0933809	0.0466905
58.0614166	115.1968536	0.0350178	0.1283988
59.8543320	115.1968536	0.0116726	0.3385058
61.6472435	115.1968536	-0.0933809	0.3735237
63.4401588	115.1968536	-0.0466905	0.2451249
65.2330704	115.1968536	-0.0466905	0.2217797
67.0259781	115.1968536	-0.0817083	0.2801427
68.8188934	115.1968536	0.0116726	0.7120295
70.6118088	115.1968536	0.0000000	0.0000000
-1.1047245	116.9897614	0.0000000	0.0000000
0.6881890	116.9897614	0.0000000	0.0000000
2.4811022	116.9897614	0.0000000	0.0000000
4.2740159	116.9897614	0.0233452	-0.4435593
6.0669289	116.9897614	0.0000000	-0.3385058
7.8598428	116.9897614	0.0700357	-0.1283988
9.6527557	116.9897614	0.0933809	-0.0817083
11.4456692	116.9897614	0.1283987	-0.1750892
13.2385826	116.9897614	0.0817083	-0.0933809
15.0314960	116.9897614	0.0000000	-0.0700357
16.8244095	116.9897614	0.0350178	-0.1517440
18.6173229	116.9897614	0.0933809	-0.2217797
20.4102364	116.9897614	0.0350178	-0.1517440
22.2031498	116.9897614	0.0466905	-0.1634166
23.9960632	116.9897614	0.0350178	-0.3385058
25.7889767	116.9897614	0.0583631	-0.3268332
27.5818901	116.9897614	0.0700357	-0.1634166
29.3748016	116.9897614	0.0817083	-0.3385058
31.1677151	116.9897614	0.1517440	-0.3034880
32.9606323	116.9897614	0.0933809	-0.2101071
34.7535439	116.9897614	0.1283987	-0.3034880
36.5464592	116.9897614	0.2918153	-0.3385058
38.3393707	116.9897614	0.2334523	-0.1984344
40.1322861	116.9897614	0.2101070	-0.2101071
41.9251938	116.9897614	0.2217796	-0.1634166
43.7181091	116.9897614	0.3501784	-0.1984344
45.5110207	116.9897614	0.1984344	-0.1867618
47.3039360	116.9897614	0.1750892	-0.2101071
49.0968475	116.9897614	0.3151605	-0.0933809
50.8897629	116.9897614	0.1750892	-0.1517440
52.6826782	116.9897614	0.1984344	-0.1517440
54.4755898	116.9897614	0.0817083	-0.0116726
56.2685051	116.9897614	0.0466905	0.0350178
58.0614166	116.9897614	0.0700357	0.1400714
59.8543320	116.9897614	0.1050535	0.3385058
61.6472435	116.9897614	-0.0817083	0.4669046
63.4401588	116.9897614	-0.0583631	0.2567975
65.2330704	116.9897614	-0.0466905	0.1517440
67.0259781	116.9897614	-0.0466905	0.1984344
68.8188934	116.9897614	0.0233452	0.8871187
70.6118088	116.9897614	0.0000000	0.0000000
-1.1047245	118.7826767	0.0000000	0.0000000
0.6881890	118.7826767	0.0000000	0.0000000
2.4811022	118.7826767	0.0000000	-0.5369403
4.2740159	118.7826767	-0.0116726	-0.2684701
6.0669289	118.7826767	0.0116726	-0.3385058
7.8598428	118.7826767	-0.0233452	-0.4202141
9.6527557	118.7826767	0.0933809	-0.1984344
11.4456692	118.7826767	0.0116726	-0.1283988
13.2385826	118.7826767	0.0116726	-0.0233452
15.0314960	118.7826767	-0.0233452	-0.1867618
16.8244095	118.7826767	-0.0466905	-0.1517440
18.6173229	118.7826767	0.0583631	-0.2451249
20.4102364	118.7826767	0.0116726	-0.2334523
22.2031498	118.7826767	0.0350178	-0.2334523
23.9960632	118.7826767	0.0350178	-0.3151606
25.7889767	118.7826767	0.0700357	-0.2451249
27.5818901	118.7826767	0.0466905	-0.2217797
29.3748016	118.7826767	0.0350178	-0.2101071
31.1677151	118.7826767	0.1283987	-0.1984344
32.9606323	118.7826767	0.0583631	-0.2567975
34.7535439	118.7826767	0.1167261	-0.3151606
36.5464592	118.7826767	0.2217796	-0.2567975
38.3393707	118.7826767	0.1867618	-0.2217797
40.1322861	118.7826767	0.1517440	-0.2101071
41.9251938	118.7826767	0.2101070	-0.2567975
43.7181091	118.7826767	0.2451249	-0.2567975
45.5110207	118.7826767	0.1517440	-0.3851963
47.3039360	118.7826767	0.1167261	-0.3385058
49.0968475	118.7826767	0.2101070	-0.1517440
50.8897629	118.7826767	0.0700357	-0.0933809
52.6826782	118.7826767	0.1050535	-0.0817083
54.4755898	118.7826767	0.2451249	-0.0700357
56.2685051	118.7826767	0.0466905	0.0583631
58.0614166	118.7826767	0.0583631	0.1634166
59.8543320	118.7826767	-0.1867618	0.3735237
61.6472435	118.7826767	-0.1050535	0.4318867
63.4401588	118.7826767	-0.1400714	0.1634166
65.2330704	118.7826767	-0.1634166	0.1517440
67.0259781	118.7826767	-0.0350178	0.3151606
68.8188934	118.7826767	0.0000000	0.6069759
70.6118088	118.7826767	0.0000000	0.0000000
-1.1047245	120.5755920	0.0000000	0.0000000
0.6881890	120.5755920	0.0000000	0.0000000
2.4811022	120.5755920	0.0000000	-0.4669046
4.2740159	120.5755920	0.0116726	-0.3034880
6.0669289	120.5755920	-0.0233452	-0.1867618
7.8598428	120.5755920	0.0466905	-0.1517440
9.6527557	120.5755920	0.1050535	-0.3268332
11.4456692	120.5755920	0.0233452	-0.2567975
13.2385826	120.5755920	0.0000000	0.0000000
15.0314960	120.5755920	0.0000000	0.0000000
16.8244095	120.5755920	0.0233452	-0.1984344
18.6173229	120.5755920	0.0000000	-0.1517440
20.4102364	120.5755920	0.0116726	-0.1867618
22.2031498	120.5755920	0.0466905	-0.3618510
23.9960632	120.5755920	0.0700357	-0.2684701
25.7889767	120.5755920	0.0233452	-0.1750892
27.5818901	120.5755920	0.0700357	-0.2801427
29.3748016	120.5755920	0.0933809	-0.2567975
31.1677151	120.5755920	0.0817083	-0.2101071
32.9606323	120.5755920	0.1283987	-0.2801427
34.7535439	120.5755920	0.1400714	-0.2101071
36.5464592	120.5755920	0.1167261	-0.1400714
38.3393707	120.5755920	0.1750892	-0.1634166
40.1322861	120.5755920	0.1283987	-0.2334523
41.9251938	120.5755920	0.2217796	-0.2101071
43.7181091	120.5755920	0.3034880	-0.1867618
45.5110207	120.5755920	0.2217796	-0.3151606
47.3039360	120.5755920	0.1517440	-0.1867618
49.0968475	120.5755920	0.2334523	-0.1984344
50.8897629	120.5755920	0.0466905	-0.1984344
52.6826782	120.5755920	0.1050535	-0.1283988
54.4755898	120.5755920	0.1167261	-0.0116726
56.2685051	120.5755920	0.0583631	0.0817083
58.0614166	120.5755920	-0.0583631	0.1867618
59.8543320	120.5755920	-0.1750892	0.3735237
61.6472435	120.5755920	-0.0817083	0.3618510
63.4401588	120.5755920	-0.1517440	0.0700357
65.2330704	120.5755920	-0.1984344	0.0817083
67.0259781	120.5755920	-0.0933809	0.3735237
68.8188934	120.5755920	0.0000000	0.0000000
70.6118088	120.5755920	0.0000000	0.0000000
-1.1047245	122.3685074	0.0000000	0.0000000
0.6881890	122.3685074	0.0000000	0.0000000
2.4811022	122.3685074	0.0000000	-0.6653390
4.2740159	122.3685074	-0.0350178	-0.3618510
6.0669289	122.3685074	-0.0350178	-0.3735237
7.8598428	122.3685074	-0.0233452	-0.1634166
9.6527557	122.3685074	-0.0233452	-0.1750892
11.4456692	122.3685074	-0.0350178	-0.0933809
13.2385826	122.3685074	0.1050535	-0.1750892
15.0314960	122.3685074	0.1283987	0.0000000
16.8244095	122.3685074	0.0817083	-0.0817083
18.6173229	122.3685074	0.0466905	-0.1984344
20.4102364	122.3685074	0.0817083	-0.2567975
22.2031498	122.3685074	0.1167261	-0.2801427
23.9960632	122.3685074	0.1050535	-0.2567975
25.7889767	122.3685074	0.0817083	-0.2101071
27.5818901	122.3685074	0.1634166	-0.1400714
29.3748016	122.3685074	0.1400714	-0.2217797
31.1677151	122.3685074	0.1167261	-0.2451249
32.9606323	122.3685074	0.0933809	-0.2684701
34.7535439	122.3685074	0.0700357	-0.1634166
36.5464592	122.3685074	0.0933809	-0.1517440
38.3393707	122.3685074	0.2101070	-0.2101071
40.1322861	122.3685074	0.2217796	-0.1634166
41.9251938	122.3685074	0.2101070	-0.1283988
43.7181091	122.3685074	0.2801427	-0.1634166
45.5110207	122.3685074	0.2801427	-0.1517440
47.3039360	122.3685074	0.2918153	-0.1517440
49.0968475	122.3685074	0.1984344	-0.1634166
50.8897629	122.3685074	0.1517440	-0.0933809
52.6826782	122.3685074	0.0466905	-0.0700357
54.4755898	122.3685074	0.1400714	-0.0583631
56.2685051	122.3685074	0.1984344	0.1984344
58.0614166	122.3685074	-0.0116726	0.2567975
59.8543320	122.3685074	-0.1517440	0.3851963
61.6472435	122.3685074	-0.1400714	0.3385058
63.4401588	122.3685074	0.0233452	0.1750892
65.2330704	122.3685074	-0.1050535	0.1984344
67.0259781	122.3685074	-0.0466905	0.2684701
68.8188934	122.3685074	0.0350178	0.1167261
70.6118088	122.3685074	0.0000000	0.0000000
-1.1047245	124.1614151	0.0000000	0.0000000
0.6881890	124.1614151	0.0000000	0.0000000
2.4811022	124.1614151	-0.0350178	-0.4085415
4.2740159	124.1614151	-0.0583631	-0.2684701
6.0669289	124.1614151	-0.0583631	-0.2801427
7.8598428	124.1614151	-0.0233452	-0.2334523
9.6527557	124.1614151	-0.0583631	-0.1984344
11.4456692	124.1614151	-0.1050535	-0.1750892
13.2385826	124.1614151	-0.0700357	-0.0466905
15.0314960	124.1614151	0.1400714	0.0000000
16.8244095	124.1614151	0.1050535	-0.1283988
18.6173229	124.1614151	0.0350178	-0.1400714
20.4102364	124.1614151	0.0817083	-0.4669046
22.2031498	124.1614151	0.2101070	-0.1867618
23.9960632	124.1614151	0.1050535	-0.2684701
25.7889767	124.1614151	0.1050535	-0.2217797
27.5818901	124.1614151	0.1400714	-0.2217797
29.3748016	124.1614151	0.1050535	-0.1750892
31.1677151	124.1614151	0.0116726	-0.1984344
32.9606323	124.1614151	0.0817083	-0.1984344
34.7535439	124.1614151	0.1634166	-0.1984344
36.5464592	124.1614151	0.2101070	-0.1867618
38.3393707	124.1614151	0.3151605	-0.1517440
40.1322861	124.1614151	0.2101070	-0.1283988
41.9251938	124.1614151	0.3034880	-0.1400714
43.7181091	124.1614151	0.2567975	-0.1750892
45.5110207	124.1614151	0.3385058	-0.1867618
47.3039360	124.1614151	0.1984344	-0.0933809
49.0968475	124.1614151	0.1984344	-0.2334523
50.8897629	124.1614151	0.0817083	-0.1867618
52.6826782	124.1614151	-0.0350178	-0.1050535
54.4755898	124.1614151	0.0933809	-0.0350178
56.2685051	124.1614151	0.0933809	0.0116726
58.0614166	124.1614151	-0.0116726	0.2684701
59.8543320	124.1614151	-0.0817083	0.1867618
61.6472435	124.1614151	-0.1517440	0.3385058
63.4401588	124.1614151	-0.0116726	0.2918153
65.2330704	124.1614151	-0.0116726	0.3268332
67.0259781	124.1614151	0.0466905	0.1517440
68.8188934	124.1614151	0.0466905	0.2567975
70.6118088	124.1614151	0.0000000	0.0000000
-1.1047245	125.9543304	0.0000000	0.0000000
0.6881890	125.9543304	0.0000000	0.0000000
2.4811022	125.9543304	-0.0233452	-0.3968689
4.2740159	125.9543304	-0.0350178	-0.1750892
6.0669289	125.9543304	-0.0466905	-0.1984344
7.8598428	125.9543304	-0.0466905	-0.2451249
9.6527557	125.9543304	-0.0466905	-0.2801427
11.4456692	125.9543304	-0.1050535	-0.1867618
13.2385826	125.9543304	-0.0350178	-0.0933809
15.0314960	125.9543304	-0.0116726	-0.1050535
16.8244095	125.9543304	0.0466905	-0.1283988
18.6173229	125.9543304	0.0350178	-0.1517440
20.4102364	125.9543304	0.0933809	-0.2101071
22.2031498	125.9543304	0.1400714	-0.1283988
23.9960632	125.9543304	0.0933809	-0.1867618
25.7889767	125.9543304	0.1167261	-0.1984344
27.5818901	125.9543304	0.1167261	-0.2451249
29.3748016	125.9543304	0.0583631	-0.2101071
31.1677151	125.9543304	0.0700357	-0.1400714
32.9606323	125.9543304	0.0933809	-0.1517440
34.7535439	125.9543304	0.1400714	-0.1167261
36.5464592	125.9543304	0.1867618	-0.1050535
38.3393707	125.9543304	0.1400714	-0.1167261
40.1322861	125.9543304	0.3851962	-0.2217797
41.9251938	125.9543304	0.2918153	-0.1283988
43.7181091	125.9543304	0.3151605	-0.1750892
45.5110207	125.9543304	0.2101070	-0.1283988
47.3039360	125.9543304	0.2101070	-0.1050535
49.0968475	125.9543304	0.2451249	-0.1400714
50.8897629	125.9543304	0.1167261	-0.1984344
52.6826782	125.9543304	0.1400714	-0.0466905
54.4755898	125.9543304	0.1400714	0.0116726
56.2685051	125.9543304	0.0700357	0.0350178
58.0614166	125.9543304	-0.1400714	0.4669046
59.8543320	125.9543304	-0.1400714	0.3151606
61.6472435	125.9543304	0.1167261	0.2801427
63.4401588	125.9543304	-0.0583631	0.2334523
65.2330704	125.9543304	-0.0350178	0.2684701
67.0259781	125.9543304	-0.0466905	0.0466905
68.8188934	125.9543304	0.0000000	0.0000000
70.6118088	125.9543304	0.0000000	0.0350178
-1.1047245	127.7472534	0.0000000	0.0000000
0.6881890	127.7472534	0.0000000	0.0000000
2.4811022	127.7472534	0.0233452	-0.1750892
4.2740159	127.7472534	0.0116726	-0.1984344
6.0669289	127.7472534	-0.0350178	-0.2334523
7.8598428	127.7472534	-0.0233452	-0.2101071
9.6527557	127.7472534	-0.0350178	-0.1867618
11.4456692	127.7472534	-0.1400714	-0.1400714
13.2385826	127.7472534	-0.1167261	-0.1167261
15.0314960	127.7472534	-0.1400714	-0.1167261
16.8244095	127.7472534	0.0233452	-0.1167261
18.6173229	127.7472534	0.0350178	-0.1517440
20.4102364	127.7472534	0.0933809	-0.1634166
22.2031498	127.7472534	0.0933809	-0.1400714
23.9960632	127.7472534	0.0817083	-0.1984344
25.7889767	127.7472534	0.1400714	-0.1984344
27.5818901	127.7472534	0.0817083	-0.1517440
29.3748016	127.7472534	0.0817083	-0.1283988
31.1677151	127.7472534	0.1400714	-0.1984344
32.9606323	127.7472534	0.1634166	-0.1984344
34.7535439	127.7472534	0.0933809	-0.1750892
36.5464592	127.7472534	0.2567975	-0.1400714
38.3393707	127.7472534	0.2101070	-0.0700357
40.1322861	127.7472534	0.5369402	-0.1283988
41.9251938	127.7472534	0.2918153	-0.0933809
43.7181091	127.7472534	0.3268332	-0.1517440
45.5110207	127.7472534	0.0933809	-0.1984344
47.3039360	127.7472534	0.1517440	0.0116726
49.0968475	127.7472534	0.1167261	-0.1050535
50.8897629	127.7472534	0.1283987	-0.0233452
52.6826782	127.7472534	0.0933809	0.0583631
54.4755898	127.7472534	0.0583631	0.0116726
56.2685051	127.7472534	0.0233452	0.0116726
58.0614166	127.7472534	-0.0350178	0.3151606
59.8543320	127.7472534	0.0233452	0.2918153
61.6472435	127.7472534	0.0350178	0.1634166
63.4401588	127.7472534	0.0116726	0.1050535
65.2330704	127.7472534	-0.0583631	0.1400714
67.0259781	127.7472534	-0.0233452	0.1283988
68.8188934	127.7472534	-0.0233452	0.0466905
70.6118088	127.7472534	0.0000000	0.0000000
-1.1047245	129.5401611	0.0000000	0.0000000
0.6881890	129.5401611	0.0000000	0.0000000
2.4811022	129.5401611	0.0116726	-0.0933809
4.2740159	129.5401611	-0.0466905	-0.1283988
6.0669289	129.5401611	-0.0350178	-0.2334523
7.8598428	129.5401611	-0.0233452	-0.2918153
9.6527557	129.5401611	-0.0700357	-0.2684701
11.4456692	129.5401611	-0.0350178	-0.1984344
13.2385826	129.5401611	-0.0116726	-0.0700357
15.0314960	129.5401611	-0.0233452	-0.1517440
16.8244095	129.5401611	0.0233452	-0.1400714
18.6173229	129.5401611	0.0233452	-0.2217797
20.4102364	129.5401611	0.0817083	-0.1867618
22.2031498	129.5401611	0.0466905	-0.1634166
23.9960632	129.5401611	0.0700357	-0.1634166
25.7889767	129.5401611	0.0583631	-0.1517440
27.5818901	129.5401611	0.0933809	-0.2451249
29.3748016	129.5401611	0.0350178	-0.2684701
31.1677151	129.5401611	0.0817083	-0.2217797
32.9606323	129.5401611	0.1050535	-0.1750892
34.7535439	129.5401611	0.1517440	-0.1283988
36.5464592	129.5401611	0.2451249	-0.1400714
38.3393707	129.5401611	0.3034880	-0.0700357
40.1322861	129.5401611	0.3851962	-0.0817083
41.9251938	129.5401611	0.3268332	-0.1283988
43.7181091	129.5401611	0.3151605	-0.0583631
45.5110207	129.5401611	0.1283987	-0.1400714
47.3039360	129.5401611	0.1283987	-0.0817083
49.0968475	129.5401611	0.0700357	-0.1400714
50.8897629	129.5401611	-0.0700357	-0.0116726
52.6826782	129.5401611	0.0000000	0.0466905
54.4755898	129.5401611	0.0350178	0.0700357
56.2685051	129.5401611	-0.0700357	0.0350178
58.0614166	129.5401611	-0.0466905	0.2101071
59.8543320	129.5401611	0.1050535	0.2451249
61.6472435	129.5401611	0.0350178	0.1634166
63.4401588	129.5401611	-0.0700357	0.1167261
65.2330704	129.5401611	-0.0583631	0.1167261
67.0259781	129.5401611	-0.0116726	0.0583631
68.8188934	129.5401611	0.0116726	0.6770116
70.6118088	129.5401611	0.0000000	0.0000000
-1.1047245	131.3330688	0.0000000	0.0000000
0.6881890	131.3330688	0.0000000	0.0000000
2.4811022	131.3330688	0.0817083	-0.3735237
4.2740159	131.3330688	-0.0583631	-0.2101071
6.0669289	131.3330688	-0.0466905	-0.2101071
7.8598428	131.3330688	0.0000000	-0.2101071
9.6527557	131.3330688	-0.0466905	-0.2567975
11.4456692	131.3330688	-0.0817083	-0.1984344
13.2385826	131.3330688	0.0000000	-0.2101071
15.0314960	131.3330688	-0.0350178	-0.2101071
16.8244095	131.3330688	-0.0116726	-0.2217797
18.6173229	131.3330688	0.0116726	-0.1400714
20.4102364	131.3330688	0.0116726	-0.1750892
22.2031498	131.3330688	0.0233452	-0.1517440
23.9960632	131.3330688	0.0116726	-0.1283988
25.7889767	131.3330688	0.0233452	-0.1517440
27.5818901	131.3330688	0.0233452	-0.2101071
29.3748016	131.3330688	0.0233452	-0.2217797
31.1677151	131.3330688	0.0233452	-0.2101071
32.9606323	131.3330688	0.0933809	-0.1517440
34.7535439	131.3330688	0.1050535	-0.1634166
36.5464592	131.3330688	0.0817083	-0.1750892
38.3393707	131.3330688	0.1050535	-0.1167261
40.1322861	131.3330688	0.2918153	-0.1050535
41.9251938	131.3330688	0.3385058	-0.0700357
43.7181091	131.3330688	0.2451249	-0.0233452
45.5110207	131.3330688	0.0233452	-0.1750892
47.3039360	131.3330688	0.0350178	-0.0583631
49.0968475	131.3330688	-0.0116726	-0.0233452
50.8897629	131.3330688	-0.0233452	-0.0116726
52.6826782	131.3330688	0.0000000	0.0116726
54.4755898	131.3330688	-0.0466905	0.0700357
56.2685051	131.3330688	-0.0350178	0.1517440
58.0614166	131.3330688	-0.0233452	0.2567975
59.8543320	131.3330688	-0.0583631	0.3851963
61.6472435	131.3330688	0.0116726	0.1400714
63.4401588	131.3330688	-0.0350178	0.1517440
65.2330704	131.3330688	0.0000000	0.1283988
67.0259781	131.3330688	-0.0116726	0.0233452
68.8188934	131.3330688	0.0116726	-0.0116726
70.6118088	131.3330688	0.0000000	0.0000000
-1.1047245	133.1259918	0.0000000	0.0000000
0.6881890	133.1259918	0.0000000	0.0000000
2.4811022	133.1259918	-0.0466905	-0.3034880
4.2740159	133.1259918	-0.0817083	-0.1634166
6.0669289	133.1259918	-0.0583631	-0.2217797
7.8598428	133.1259918	-0.0350178	-0.2217797
9.6527557	133.1259918	-0.0700357	-0.1984344
11.4456692	133.1259918	-0.0583631	-0.2684701
13.2385826	133.1259918	-0.0233452	-0.2101071
15.0314960	133.1259918	-0.0350178	-0.3618510
16.8244095	133.1259918	-0.0233452	-0.2918153
18.6173229	133.1259918	-0.0350178	-0.2101071
20.4102364	133.1259918	-0.0233452	-0.1517440
22.2031498	133.1259918	0.0116726	-0.1283988
23.9960632	133.1259918	0.0116726	-0.1984344
25.7889767	133.1259918	-0.0116726	-0.1400714
27.5818901	133.1259918	0.0116726	-0.3034880
29.3748016	133.1259918	-0.0116726	-0.3268332
31.1677151	133.1259918	-0.0583631	-0.2801427
32.9606323	133.1259918	0.0466905	-0.2451249
34.7535439	133.1259918	0.0583631	-0.1984344
36.5464592	133.1259918	0.0350178	-0.1400714
38.3393707	133.1259918	0.0700357	-0.1167261
40.1322861	133.1259918	0.1050535	-0.1400714
41.9251938	133.1259918	0.0466905	-0.0583631
43.7181091	133.1259918	0.0116726	-0.0583631
45.5110207	133.1259918	0.0466905	-0.0233452
47.3039360	133.1259918	-0.0233452	0.0116726
49.0968475	133.1259918	-0.0233452	-0.0466905
50.8897629	133.1259918	-0.0933809	0.0000000
52.6826782	133.1259918	-0.0583631	0.0350178
54.4755898	133.1259918	-0.0700357	0.0817083
56.2685051	133.1259918	0.0933809	0.2101071
58.0614166	133.1259918	0.0233452	0.2101071
59.8543320	133.1259918	-0.1634166	0.2567975
61.6472435	133.1259918	-0.0350178	0.1750892
63.4401588	133.1259918	-0.1283987	0.1634166
65.2330704	133.1259918	-0.2334523	0.1634166
67.0259781	133.1259918	0.0000000	0.0000000
68.8188934	133.1259918	-0.0116726	-0.0233452
70.6118088	133.1259918	0.0000000	0.0000000
-1.1047245	134.9188995	0.0000000	0.0000000
0.6881890	134.9188995	0.0000000	0.0000000
2.4811022	134.9188995	0.0116726	-0.4318867
4.2740159	134.9188995	-0.1050535	-0.1283988
6.0669289	134.9188995	-0.1050535	-0.1050535
7.8598428	134.9188995	-0.0583631	-0.2217797
9.6527557	134.9188995	-0.0583631	-0.2451249
11.4456692	134.9188995	-0.0817083	-0.2217797
13.2385826	134.9188995	-0.0466905	-0.2451249
15.0314960	134.9188995	0.0233452	-0.2567975
16.8244095	134.9188995	0.0466905	-0.3034880
18.6173229	134.9188995	-0.0116726	-0.1634166
20.4102364	134.9188995	-0.0350178	-0.1634166
22.2031498	134.9188995	-0.1400714	-0.3968689
23.9960632	134.9188995	0.0350178	-0.1517440
25.7889767	134.9188995	0.0817083	-0.1283988
27.5818901	134.9188995	0.0466905	-0.3501784
29.3748016	134.9188995	-0.0116726	-0.1867618
31.1677151	134.9188995	-0.0350178	-0.1984344
32.9606323	134.9188995	-0.0116726	-0.0933809
34.7535439	134.9188995	-0.2217796	-0.0817083
36.5464592	134.9188995	0.0000000	-0.1283988
38.3393707	134.9188995	-0.0583631	-0.1283988
40.1322861	134.9188995	-0.0116726	-0.0700357
41.9251938	134.9188995	0.0350178	-0.0350178
43.7181091	134.9188995	0.0700357	0.0000000
45.5110207	134.9188995	0.0933809	0.0350178
47.3039360	134.9188995	0.0233452	0.0116726
49.0968475	134.9188995	0.0000000	0.0116726
50.8897629	134.9188995	-0.0350178	0.0350178
52.6826782	134.9188995	-0.0817083	0.0116726
54.4755898	134.9188995	-0.1050535	0.0700357
56.2685051	134.9188995	-0.0233452	0.1283988
58.0614166	134.9188995	0.0116726	0.1750892
59.8543320	134.9188995	-0.0350178	0.2334523
61.6472435	134.9188995	-0.0233452	0.1634166
63.4401588	134.9188995	-0.1167261	0.1984344
65.2330704	134.9188995	-0.1283987	0.1167261
67.0259781	134.9188995	-0.0350178	-0.0116726
68.8188934	134.9188995	0.0000000	0.0000000
70.6118088	134.9188995	0.0000000	0.0000000
-1.1047245	136.7118073	0.0000000	0.0000000
0.6881890	136.7118073	0.0000000	0.0000000
2.4811022	136.7118073	0.0116726	-0.0350178
4.2740159	136.7118073	-0.0350178	-0.0817083
6.0669289	136.7118073	-0.0700357	-0.1167261
7.8598428	136.7118073	0.0000000	-0.3968689
9.6527557	136.7118073	-0.0583631	-0.1634166
11.4456692	136.7118073	-0.0817083	-0.1517440
13.2385826	136.7118073	-0.0700357	-0.2918153
15.0314960	136.7118073	0.0350178	-0.2801427
16.8244095	136.7118073	-0.0233452	-0.2567975
18.6173229	136.7118073	-0.0466905	-0.2451249
20.4102364	136.7118073	-0.0583631	-0.2334523
22.2031498	136.7118073	-0.0350178	-0.1984344
23.9960632	136.7118073	-0.0583631	-0.2567975
25.7889767	136.7118073	0.0583631	-0.2567975
27.5818901	136.7118073	0.0233452	-0.1984344
29.3748016	136.7118073	-0.0700357	-0.2451249
31.1677151	136.7118073	-0.0583631	-0.2918153
32.9606323	136.7118073	0.0233452	-0.1867618
34.7535439	136.7118073	-0.0116726	-0.1634166
36.5464592	136.7118073	-0.0700357	-0.2918153
38.3393707	136.7118073	-0.1167261	-0.3034880
40.1322861	136.7118073	-0.0466905	-0.1750892
41.9251938	136.7118073	-0.0116726	-0.0116726
43.7181091	136.7118073	0.0466905	-0.0116726
45.5110207	136.7118073	0.1283987	0.0817083
47.3039360	136.7118073	-0.0233452	0.0817083
49.0968475	136.7118073	-0.0233452	0.0350178
50.8897629	136.7118073	-0.0233452	-0.0233452
52.6826782	136.7118073	0.0000000	0.0233452
54.4755898	136.7118073	-0.0466905	0.0583631
56.2685051	136.7118073	-0.1167261	0.0466905
58.0614166	136.7118073	0.0350178	0.0933809
59.8543320	136.7118073	-0.0817083	0.1167261
61.6472435	136.7118073	-0.0350178	0.1517440
63.4401588	136.7118073	0.0700357	0.1517440
65.2330704	136.7118073	0.0350178	0.0583631
67.0259781	136.7118073	0.0583631	0.0817083
68.8188934	136.7118073	0.0700357	0.0700357
70.6118088	136.7118073	0.0000000	0.0000000
-1.1047245	138.5047302	0.0000000	0.0000000
0.6881890	138.5047302	0.0000000	0.0000000
2.4811022	138.5047302	0.0000000	0.0000000
4.2740159	138.5047302	-0.0350178	-0.1167261
6.0669289	138.5047302	-0.0350178	-0.0933809
7.8598428	138.5047302	0.0350178	-0.1283988
9.6527557	138.5047302	0.0350178	-0.1984344
11.4456692	138.5047302	0.0116726	-0.1750892
13.2385826	138.5047302	-0.0466905	-0.2801427
15.0314960	138.5047302	-0.0466905	-0.1984344
16.8244095	138.5047302	-0.0350178	-0.1634166
18.6173229	138.5047302	-0.0700357	-0.2217797
20.4102364	138.5047302	-0.0700357	-0.2217797
22.2031498	138.5047302	-0.0233452	-0.1634166
23.9960632	138.5047302	0.0000000	-0.1167261
25.7889767	138.5047302	-0.0466905	-0.2334523
27.5818901	138.5047302	0.0116726	-0.3151606
29.3748016	138.5047302	-0.0233452	-0.2451249
31.1677151	138.5047302	-0.0700357	-0.2101071
32.9606323	138.5047302	-0.0466905	-0.1984344
34.7535439	138.5047302	-0.0116726	-0.2451249
36.5464592	138.5047302	-0.1050535	-0.3034880
38.3393707	138.5047302	-0.1050535	-0.3034880
40.1322861	138.5047302	-0.0233452	-0.1634166
41.9251938	138.5047302	0.0000000	-0.0116726
43.7181091	138.5047302	0.0233452	0.0116726
45.5110207	138.5047302	0.1167261	0.0817083
47.3039360	138.5047302	0.0817083	0.0933809
49.0968475	138.5047302	0.0233452	0.0000000
50.8897629	138.5047302	-0.0116726	0.0350178
52.6826782	138.5047302	0.0233452	0.0700357
54.4755898	138.5047302	-0.0700357	0.0466905
56.2685051	138.5047302	-0.0583631	0.1400714
58.0614166	138.5047302	0.0000000	0.1167261
59.8543320	138.5047302	0.0116726	0.1750892
61.6472435	138.5047302	0.0000000	0.1867618
63.4401588	138.5047302	0.0817083	0.1400714
65.2330704	138.5047302	0.0233452	0.0933809
67.0259781	138.5047302	0.0466905	0.1750892
68.8188934	138.5047302	0.0000000	0.0000000
70.6118088	138.5047302	0.0000000	0.0000000
