-1.1047620	65.0952377	0.0000000	0.0000000
0.6880952	65.0952377	0.0000000	0.0000000
2.4809523	65.0952377	0.0000000	0.0000000
4.2738094	65.0952377	0.0233445	-0.0700335
6.0666666	65.0952377	-0.0116722	-0.0583612
7.8595233	65.0952377	0.0583612	-0.1050502
9.6523809	65.0952377	0.0233445	-0.1984282
11.4452381	65.0952377	-0.1283947	-0.1867560
13.2380953	65.0952377	0.0700335	-0.1984282
15.0309525	65.0952377	-0.0350167	-0.2451172
16.8238087	65.0952377	0.0817057	-0.0583612
18.6166668	65.0952377	0.3268229	0.0116722
20.4095249	65.0952377	0.2451172	0.0000000
22.2023811	65.0952377	0.1167225	0.0000000
23.9952374	65.0952377	0.2451172	-0.0466890
25.7880955	65.0952377	0.0000000	0.0000000
27.5809517	65.0952377	0.1167225	0.0466890
29.3738098	65.0952377	0.1634115	0.1050502
31.1666679	65.0952377	0.1167225	0.0350167
32.9595261	65.0952377	0.1517392	0.0233445
34.7523804	65.0952377	0.0350167	0.0233445
36.5452385	65.0952377	0.0350167	-0.1517392
38.3380966	65.0952377	0.1867560	-0.2217727
40.1309547	65.0952377	0.1984282	-0.1634115
41.9238091	65.0952377	0.1283947	-0.1400670
43.7166672	65.0952377	0.0933780	-0.0466890
45.5095253	65.0952377	-0.0116722	-0.0350167
47.3023796	65.0952377	-0.0700335	-0.0583612
49.0952377	65.0952377	-0.0466890	0.0583612
50.8880959	65.0952377	-0.1050502	-0.0116722
52.6809540	65.0952377	0.0000000	0.0116722
54.4738083	65.0952377	0.0583612	-0.1167225
56.2666664	65.0952377	0.0466890	-0.1050502
58.0595245	65.0952377	0.0583612	-0.0116722
59.8523788	65.0952377	0.1283947	-0.1050502
61.6452408	65.0952377	0.0700335	-0.1050502
63.4380951	65.0952377	0.0933780	-0.0700335
65.2309494	65.0952377	0.1283947	0.0233445
67.0238113	65.0952377	0.0466890	0.4085287
68.8166656	65.0952377	0.0000000	0.0000000
70.6095276	65.0952377	0.0000000	0.0000000
-1.1047620	66.8880920	0.0000000	0.0000000
0.6880952	66.8880920	0.0000000	0.0000000
2.4809523	66.8880920	0.0000000	0.0000000
4.2738094	66.8880920	0.0583612	-0.0466890
6.0666666	66.8880920	0.0583612	-0.0700335
7.8595233	66.8880920	0.1050502	-0.1283947
9.6523809	66.8880920	-0.0116722	-0.2334449
11.4452381	66.8880920	0.0817057	-0.3851842
13.2380953	66.8880920	0.1167225	-0.7003348
15.0309525	66.8880920	0.0933780	-0.6186291
16.8238087	66.8880920	0.1050502	-0.0466890
18.6166668	66.8880920	0.1167225	-0.0233445
20.4095249	66.8880920	0.1867560	0.0817057
22.2023811	66.8880920	0.1634115	0.0817057
23.9952374	66.8880920	0.1867560	0.0583612
25.7880955	66.8880920	0.2451172	0.0350167
27.5809517	66.8880920	0.1750837	0.0350167
29.3738098	66.8880920	0.2334449	0.1050502
31.1666679	66.8880920	0.2451172	0.0700335
32.9595261	66.8880920	0.0817057	0.0817057
34.7523804	66.8880920	0.0583612	-0.0116722
36.5452385	66.8880920	0.0700335	-0.0700335
38.3380966	66.8880920	0.1050502	-0.1400670
40.1309547	66.8880920	0.2217727	-0.1634115
41.9238091	66.8880920	0.1984282	-0.0233445
43.7166672	66.8880920	0.0817057	0.0700335
45.5095253	66.8880920	0.2101004	-0.0350167
47.3023796	66.8880920	0.0233445	0.0000000
49.0952377	66.8880920	0.0583612	0.0817057
50.8880959	66.8880920	0.0583612	0.0466890
52.6809540	66.8880920	0.1283947	0.0000000
54.4738083	66.8880920	0.0466890	0.0116722
56.2666664	66.8880920	0.0350167	0.0233445
58.0595245	66.8880920	0.0233445	-0.1050502
59.8523788	66.8880920	0.0583612	-0.0583612
61.6452408	66.8880920	0.1050502	-0.1167225
63.4380951	66.8880920	0.0700335	-0.0700335
65.2309494	66.8880920	0.0700335	-0.0933780
67.0238113	66.8880920	0.0700335	-0.0933780
68.8166656	66.8880920	0.0000000	0.0000000
70.6095276	66.8880920	0.0000000	0.0000000
-1.1047620	68.6809464	0.0000000	0.0000000
0.6880952	68.6809464	0.0000000	0.0000000
2.4809523	68.6809464	0.0000000	0.0000000
4.2738094	68.6809464	0.0233445	0.0116722
6.0666666	68.6809464	0.0933780	-0.0700335
7.8595233	68.6809464	0.0466890	-0.1517392
9.6523809	68.6809464	0.0933780	-0.3851842
11.4452381	68.6809464	0.0583612	-0.4202009
13.2380953	68.6809464	-0.0933780	-0.3151507
15.0309525	68.6809464	0.0466890	-0.5019066
16.8238087	68.6809464	0.0466890	-0.1167225
18.6166668	68.6809464	0.0700335	-0.0116722
20.4095249	68.6809464	0.1050502	0.0116722
22.2023811	68.6809464	0.2918062	0.0116722
23.9952374	68.6809464	0.0350167	0.0116722
25.7880955	68.6809464	0.2684617	0.0350167
27.5809517	68.6809464	0.1984282	0.0000000
29.3738098	68.6809464	0.1634115	0.1750837
31.1666679	68.6809464	0.0466890	0.1867560
32.9595261	68.6809464	0.1517392	0.1283947
34.7523804	68.6809464	0.1400670	0.0116722
36.5452385	68.6809464	0.2101004	-0.1517392
38.3380966	68.6809464	-0.3034784	-0.5485956
40.1309547	68.6809464	0.0233445	-0.3034784
41.9238091	68.6809464	0.3151507	-0.1400670
43.7166672	68.6809464	0.1283947	0.0233445
45.5095253	68.6809464	0.2101004	-0.0233445
47.3023796	68.6809464	0.3618397	-0.0350167
49.0952377	68.6809464	0.1050502	0.1634115
50.8880959	68.6809464	0.1167225	0.1750837
52.6809540	68.6809464	0.0583612	0.0817057
54.4738083	68.6809464	0.0583612	0.0233445
56.2666664	68.6809464	0.0000000	0.0350167
58.0595245	68.6809464	-0.0466890	-0.0350167
59.8523788	68.6809464	0.1400670	-0.1634115
61.6452408	68.6809464	0.0817057	-0.1400670
63.4380951	68.6809464	-0.0817057	-0.1750837
65.2309494	68.6809464	0.1050502	-0.1050502
67.0238113	68.6809464	0.0583612	-0.0233445
68.8166656	68.6809464	0.0000000	0.0000000
70.6095276	68.6809464	0.0000000	0.0000000
-1.1047620	70.4738159	0.0000000	0.0000000
0.6880952	70.4738159	0.0000000	0.0000000
2.4809523	70.4738159	0.0000000	0.0000000
4.2738094	70.4738159	-0.0116722	-0.0817057
6.0666666	70.4738159	-0.0116722	-0.1984282
7.8595233	70.4738159	0.0116722	-0.2567894
9.6523809	70.4738159	0.0000000	-0.3268229
11.4452381	70.4738159	0.0116722	-0.5135789
13.2380953	70.4738159	-0.0466890	-0.4668899
15.0309525	70.4738159	-0.0116722	-0.4318731
16.8238087	70.4738159	-0.0116722	-0.1517392
18.6166668	70.4738159	0.0000000	0.0116722
20.4095249	70.4738159	0.0350167	0.0350167
22.2023811	70.4738159	0.1400670	0.1517392
23.9952374	70.4738159	0.1867560	0.0583612
25.7880955	70.4738159	0.1517392	0.0466890
27.5809517	70.4738159	-0.1167225	0.0116722
29.3738098	70.4738159	0.1050502	0.0583612
31.1666679	70.4738159	0.0583612	0.0817057
32.9595261	70.4738159	0.2567894	0.0233445
34.7523804	70.4738159	0.2918062	-0.0350167
36.5452385	70.4738159	0.2451172	-0.1984282
38.3380966	70.4738159	0.0700335	-0.2918062
40.1309547	70.4738159	0.1634115	-0.1283947
41.9238091	70.4738159	0.2451172	-0.0116722
43.7166672	70.4738159	0.4552176	0.0233445
45.5095253	70.4738159	0.4435454	-0.0350167
47.3023796	70.4738159	0.1400670	0.0116722
49.0952377	70.4738159	0.0933780	-0.0116722
50.8880959	70.4738159	-0.0933780	0.0817057
52.6809540	70.4738159	0.0350167	0.0700335
54.4738083	70.4738159	0.1517392	0.0350167
56.2666664	70.4738159	-0.0350167	-0.0233445
58.0595245	70.4738159	0.0116722	-0.0700335
59.8523788	70.4738159	0.1400670	-0.1984282
61.6452408	70.4738159	0.1283947	-0.0817057
63.4380951	70.4738159	-0.0583612	-0.2101004
65.2309494	70.4738159	-0.1167225	-0.2101004
67.0238113	70.4738159	0.0000000	-0.0116722
68.8166656	70.4738159	-0.0116722	1.3072917
70.6095276	70.4738159	0.0000000	0.0000000
-1.1047620	72.2666702	0.0000000	0.0000000
0.6880952	72.2666702	0.0000000	0.0000000
2.4809523	72.2666702	0.0000000	0.0000000
4.2738094	72.2666702	0.0000000	-0.2567894
6.0666666	72.2666702	0.0233445	-0.2101004
7.8595233	72.2666702	-0.0116722	-0.2334449
9.6523809	72.2666702	0.0116722	-0.1867560
11.4452381	72.2666702	-0.0583612	-0.2217727
13.2380953	72.2666702	-0.0116722	-0.5019066
15.0309525	72.2666702	-0.0233445	-0.3735119
16.8238087	72.2666702	-0.0233445	-0.3851842
18.6166668	72.2666702	-0.0350167	-0.0583612
20.4095249	72.2666702	0.0000000	0.0817057
22.2023811	72.2666702	0.2684617	0.0933780
23.9952374	72.2666702	0.1517392	0.0350167
25.7880955	72.2666702	0.1283947	0.0700335
27.5809517	72.2666702	0.1867560	-0.0583612
29.3738098	72.2666702	0.1984282	-0.0350167
31.1666679	72.2666702	0.1283947	-0.1517392
32.9595261	72.2666702	0.2801339	-0.1517392
34.7523804	72.2666702	0.4085287	-0.1167225
36.5452385	72.2666702	0.4085287	-0.1400670
38.3380966	72.2666702	0.2684617	-0.1634115
40.1309547	72.2666702	0.2101004	-0.1400670
41.9238091	72.2666702	0.2567894	-0.1050502
43.7166672	72.2666702	0.1750837	-0.0933780
45.5095253	72.2666702	0.0933780	-0.0466890
47.3023796	72.2666702	0.0817057	0.0817057
49.0952377	72.2666702	0.0817057	0.0817057
50.8880959	72.2666702	0.0233445	0.0583612
52.6809540	72.2666702	0.0000000	0.0000000
54.4738083	72.2666702	-0.0583612	0.0000000
56.2666664	72.2666702	0.1283947	-0.0583612
58.0595245	72.2666702	0.0466890	-0.2801339
59.8523788	72.2666702	0.2217727	-0.3034784
61.6452408	72.2666702	0.0000000	-0.1283947
63.4380951	72.2666702	-0.0933780	-0.2101004
65.2309494	72.2666702	0.0233445	-0.0233445
67.0238113	72.2666702	-0.0466890	-0.0116722
68.8166656	72.2666702	0.0000000	0.0000000
70.6095276	72.2666702	0.0000000	0.0000000
-1.1047620	74.0595245	0.0000000	0.0000000
0.6880952	74.0595245	0.0000000	0.0000000
2.4809523	74.0595245	0.0000000	0.0000000
4.2738094	74.0595245	-0.0466890	-0.0700335
6.0666666	74.0595245	0.0116722	-0.0933780
7.8595233	74.0595245	-0.0116722	-0.1984282
9.6523809	74.0595245	0.0116722	-0.2451172
11.4452381	74.0595245	-0.0116722	-0.2101004
13.2380953	74.0595245	0.0466890	-0.2918062
15.0309525	74.0595245	0.0466890	-0.1634115
16.8238087	74.0595245	-0.0233445	-0.0933780
18.6166668	74.0595245	0.0233445	-0.0350167
20.4095249	74.0595245	0.1167225	0.1050502
22.2023811	74.0595245	0.1984282	0.0466890
23.9952374	74.0595245	0.1167225	0.0583612
25.7880955	74.0595245	0.0700335	-0.0583612
27.5809517	74.0595245	0.1283947	-0.0466890
29.3738098	74.0595245	0.2918062	-0.1750837
31.1666679	74.0595245	0.3034784	-0.1750837
32.9595261	74.0595245	0.5019066	-0.1517392
34.7523804	74.0595245	0.3735119	-0.2101004
36.5452385	74.0595245	0.3618397	-0.2101004
38.3380966	74.0595245	0.2801339	-0.0116722
40.1309547	74.0595245	0.2217727	-0.0933780
41.9238091	74.0595245	0.3268229	-0.1050502
43.7166672	74.0595245	0.2567894	-0.0700335
45.5095253	74.0595245	0.0933780	0.0116722
47.3023796	74.0595245	0.0233445	0.1050502
49.0952377	74.0595245	0.0116722	0.1050502
50.8880959	74.0595245	-0.0466890	0.0933780
52.6809540	74.0595245	0.0583612	0.0933780
54.4738083	74.0595245	0.2451172	0.0350167
56.2666664	74.0595245	0.2451172	-0.0583612
58.0595245	74.0595245	0.3501674	-0.1400670
59.8523788	74.0595245	0.2801339	-0.0933780
61.6452408	74.0595245	-0.0233445	-0.0466890
63.4380951	74.0595245	-0.0233445	-0.0116722
65.2309494	74.0595245	0.1167225	-0.0583612
67.0238113	74.0595245	-0.0116722	-0.0233445
68.8166656	74.0595245	0.0000000	0.0000000
70.6095276	74.0595245	0.0000000	0.0000000
-1.1047620	75.8523788	0.0000000	0.0000000
0.6880952	75.8523788	0.0000000	0.0000000
2.4809523	75.8523788	0.0000000	0.0000000
4.2738094	75.8523788	0.0817057	-0.1634115
6.0666666	75.8523788	0.0933780	-0.2101004
7.8595233	75.8523788	0.0466890	-0.1167225
9.6523809	75.8523788	0.0233445	-0.1400670
11.4452381	75.8523788	0.0817057	-0.2684617
13.2380953	75.8523788	0.0116722	-0.1867560
15.0309525	75.8523788	0.0000000	-0.1167225
16.8238087	75.8523788	-0.0933780	-0.0700335
18.6166668	75.8523788	0.0933780	-0.0933780
20.4095249	75.8523788	0.1167225	0.0116722
22.2023811	75.8523788	0.0817057	0.0233445
23.9952374	75.8523788	0.1984282	-0.1750837
25.7880955	75.8523788	0.1517392	-0.1167225
27.5809517	75.8523788	0.4202009	-0.0817057
29.3738098	75.8523788	0.4902344	-0.2101004
31.1666679	75.8523788	0.3151507	-0.2334449
32.9595261	75.8523788	0.5836124	-0.1634115
34.7523804	75.8523788	0.3034784	-0.0350167
36.5452385	75.8523788	0.1750837	-0.1634115
38.3380966	75.8523788	0.0933780	-0.1283947
40.1309547	75.8523788	0.2101004	-0.1283947
41.9238091	75.8523788	0.2451172	0.1400670
43.7166672	75.8523788	0.3501674	0.0700335
45.5095253	75.8523788	0.1867560	0.0116722
47.3023796	75.8523788	0.0583612	0.0583612
49.0952377	75.8523788	0.0466890	0.1167225
50.8880959	75.8523788	0.2334449	0.0116722
52.6809540	75.8523788	0.2334449	0.0817057
54.4738083	75.8523788	0.2567894	0.0350167
56.2666664	75.8523788	0.3501674	-0.0700335
58.0595245	75.8523788	0.2684617	-0.0466890
59.8523788	75.8523788	0.2801339	-0.0466890
61.6452408	75.8523788	0.0233445	0.0233445
63.4380951	75.8523788	0.1283947	-0.0350167
65.2309494	75.8523788	-0.1050502	0.0583612
67.0238113	75.8523788	0.0000000	0.0817057
68.8166656	75.8523788	0.0000000	0.0000000
70.6095276	75.8523788	0.0000000	0.0000000
-1.1047620	77.6452332	0.0000000	0.0000000
0.6880952	77.6452332	0.0000000	0.0000000
2.4809523	77.6452332	0.0000000	0.0000000
4.2738094	77.6452332	0.0933780	-0.2567894
6.0666666	77.6452332	0.0233445	-0.2801339
7.8595233	77.6452332	-0.0233445	-0.1517392
9.6523809	77.6452332	0.0116722	-0.1517392
11.4452381	77.6452332	-0.0466890	-0.1634115
13.2380953	77.6452332	-0.0116722	-0.1634115
15.0309525	77.6452332	0.0000000	-0.1400670
16.8238087	77.6452332	-0.0583612	-0.1050502
18.6166668	77.6452332	0.0000000	-0.0700335
20.4095249	77.6452332	0.0583612	-0.0817057
22.2023811	77.6452332	0.0817057	-0.1634115
23.9952374	77.6452332	0.0933780	-0.1750837
25.7880955	77.6452332	0.1167225	-0.0933780
27.5809517	77.6452332	0.1634115	-0.1867560
29.3738098	77.6452332	0.5952846	-0.1167225
31.1666679	77.6452332	0.4435454	-0.1050502
32.9595261	77.6452332	0.1517392	-0.0466890
34.7523804	77.6452332	0.2567894	-0.1283947
36.5452385	77.6452332	0.2217727	-0.0817057
38.3380966	77.6452332	0.2801339	-0.0583612
40.1309547	77.6452332	0.2101004	-0.0933780
41.9238091	77.6452332	0.3268229	-0.0116722
43.7166672	77.6452332	0.2334449	0.0233445
45.5095253	77.6452332	0.2451172	0.0583612
47.3023796	77.6452332	0.2918062	0.1634115
49.0952377	77.6452332	0.2451172	0.0817057
50.8880959	77.6452332	0.2801339	0.0933780
52.6809540	77.6452332	0.1867560	0.0933780
54.4738083	77.6452332	0.1750837	-0.0817057
56.2666664	77.6452332	0.3968564	-0.0350167
58.0595245	77.6452332	0.4085287	-0.0700335
59.8523788	77.6452332	0.6769903	-0.0350167
61.6452408	77.6452332	0.2684617	0.0350167
63.4380951	77.6452332	-0.0233445	0.0583612
65.2309494	77.6452332	0.0000000	0.1517392
67.0238113	77.6452332	0.0350167	0.1400670
68.8166656	77.6452332	0.0000000	0.0000000
70.6095276	77.6452332	0.0000000	0.0000000
-1.1047620	79.4380951	0.0000000	0.0000000
0.6880952	79.4380951	0.0000000	0.0000000
2.4809523	79.4380951	0.0000000	0.0000000
4.2738094	79.4380951	0.1050502	-0.3384952
6.0666666	79.4380951	0.0000000	-0.1867560
7.8595233	79.4380951	0.0000000	-0.1283947
9.6523809	79.4380951	0.0116722	-0.1050502
11.4452381	79.4380951	-0.0116722	-0.2217727
13.2380953	79.4380951	-0.0583612	-0.1283947
15.0309525	79.4380951	0.0000000	-0.1984282
16.8238087	79.4380951	0.0116722	-0.1400670
18.6166668	79.4380951	0.0466890	-0.1517392
20.4095249	79.4380951	0.0933780	-0.1517392
22.2023811	79.4380951	0.1283947	-0.1750837
23.9952374	79.4380951	0.1517392	-0.1634115
25.7880955	79.4380951	0.1050502	-0.3384952
27.5809517	79.4380951	0.2567894	-0.4785621
29.3738098	79.4380951	0.2101004	-0.1167225
31.1666679	79.4380951	0.2217727	-0.0933780
32.9595261	79.4380951	0.2684617	0.0116722
34.7523804	79.4380951	0.2334449	0.0116722
36.5452385	79.4380951	0.1400670	-0.0466890
38.3380966	79.4380951	0.3268229	-0.1050502
40.1309547	79.4380951	0.2334449	-0.1167225
41.9238091	79.4380951	0.2101004	-0.0350167
43.7166672	79.4380951	0.2217727	0.0116722
45.5095253	79.4380951	0.3034784	0.0116722
47.3023796	79.4380951	0.3501674	0.0466890
49.0952377	79.4380951	0.3735119	0.0583612
50.8880959	79.4380951	0.3501674	0.0583612
52.6809540	79.4380951	0.1984282	0.0233445
54.4738083	79.4380951	0.2334449	-0.0700335
56.2666664	79.4380951	0.1634115	0.0000000
58.0595245	79.4380951	0.1984282	-0.0817057
59.8523788	79.4380951	0.0116722	0.0817057
61.6452408	79.4380951	0.0116722	0.0583612
63.4380951	79.4380951	-0.0933780	0.0350167
65.2309494	79.4380951	-0.0350167	0.0700335
67.0238113	79.4380951	0.0350167	0.2217727
68.8166656	79.4380951	0.0000000	0.0000000
70.6095276	79.4380951	0.0000000	0.0000000
-1.1047620	81.2309570	0.0000000	0.0000000
0.6880952	81.2309570	0.0000000	0.0000000
2.4809523	81.2309570	0.0000000	0.0000000
4.2738094	81.2309570	0.0466890	-0.5485956
6.0666666	81.2309570	-0.0233445	-0.2451172
7.8595233	81.2309570	0.0116722	-0.0817057
9.6523809	81.2309570	-0.0116722	-0.1867560
11.4452381	81.2309570	-0.1167225	-0.2567894
13.2380953	81.2309570	-0.0817057	-0.1634115
15.0309525	81.2309570	-0.0350167	-0.2217727
16.8238087	81.2309570	0.0000000	-0.2101004
18.6166668	81.2309570	0.0350167	-0.2334449
20.4095249	81.2309570	0.1167225	-0.1517392
22.2023811	81.2309570	0.1400670	-0.2451172
23.9952374	81.2309570	0.1634115	-0.2801339
25.7880955	81.2309570	0.2567894	-0.4318731
27.5809517	81.2309570	0.2451172	-0.6653181
29.3738098	81.2309570	0.3151507	-0.2451172
31.1666679	81.2309570	0.2101004	-0.3618397
32.9595261	81.2309570	0.1283947	-0.3384952
34.7523804	81.2309570	0.3151507	0.0116722
36.5452385	81.2309570	0.1400670	-0.0116722
38.3380966	81.2309570	0.3151507	0.0000000
40.1309547	81.2309570	0.2567894	-0.1167225
41.9238091	81.2309570	0.1867560	-0.0583612
43.7166672	81.2309570	0.1050502	0.0466890
45.5095253	81.2309570	0.0583612	0.0933780
47.3023796	81.2309570	0.1050502	0.0700335
49.0952377	81.2309570	0.2101004	0.0466890
50.8880959	81.2309570	0.2334449	0.0933780
52.6809540	81.2309570	0.3968564	-0.1517392
54.4738083	81.2309570	0.1517392	0.0116722
56.2666664	81.2309570	0.1634115	-0.0466890
58.0595245	81.2309570	0.0466890	-0.0817057
59.8523788	81.2309570	0.0583612	0.0583612
61.6452408	81.2309570	-0.1400670	0.2918062
63.4380951	81.2309570	-0.0817057	0.0583612
65.2309494	81.2309570	-0.1167225	0.1167225
67.0238113	81.2309570	-0.1050502	0.2801339
68.8166656	81.2309570	-0.0350167	1.3306361
70.6095276	81.2309570	0.0000000	0.0000000
-1.1047620	83.0238113	0.0000000	0.0000000
0.6880952	83.0238113	0.0000000	0.0000000
2.4809523	83.0238113	0.0000000	0.0000000
4.2738094	83.0238113	0.0116722	-0.4902344
6.0666666	83.0238113	-0.0233445	-0.2918062
7.8595233	83.0238113	-0.0583612	-0.1050502
9.6523809	83.0238113	-0.0233445	-0.2217727
11.4452381	83.0238113	-0.0583612	-0.1984282
13.2380953	83.0238113	-0.0233445	-0.2334449
15.0309525	83.0238113	-0.0233445	-0.1867560
16.8238087	83.0238113	-0.0466890	-0.2684617
18.6166668	83.0238113	-0.0700335	-0.3268229
20.4095249	83.0238113	0.1050502	-0.1750837
22.2023811	83.0238113	0.0700335	-0.1984282
23.9952374	83.0238113	0.0700335	-0.4435454
25.7880955	83.0238113	0.0933780	-0.3268229
27.5809517	83.0238113	0.2334449	-0.6069568
29.3738098	83.0238113	0.3968564	-0.5952846
31.1666679	83.0238113	0.1867560	-0.4902344
32.9595261	83.0238113	0.1867560	-0.1984282
34.7523804	83.0238113	0.2684617	-0.1050502
36.5452385	83.0238113	0.2217727	-0.0350167
38.3380966	83.0238113	0.1750837	-0.0116722
40.1309547	83.0238113	0.2567894	0.0000000
41.9238091	83.0238113	0.2334449	0.0233445
43.7166672	83.0238113	0.1050502	0.0817057
45.5095253	83.0238113	0.1283947	0.0817057
47.3023796	83.0238113	0.1283947	0.0933780
49.0952377	83.0238113	0.0233445	0.1517392
50.8880959	83.0238113	0.1167225	0.1283947
52.6809540	83.0238113	0.1050502	0.0933780
54.4738083	83.0238113	-0.0817057	-0.0116722
56.2666664	83.0238113	0.0583612	-0.0817057
58.0595245	83.0238113	0.0233445	-0.0933780
59.8523788	83.0238113	0.0000000	0.0000000
61.6452408	83.0238113	-0.2567894	0.1050502
63.4380951	83.0238113	-0.1167225	0.0350167
65.2309494	83.0238113	-0.1283947	0.0817057
67.0238113	83.0238113	-0.0933780	0.2451172
68.8166656	83.0238113	0.0000000	-1.2489305
70.6095276	83.0238113	0.0000000	0.0000000
-1.1047620	84.8166656	0.0000000	0.0000000
0.6880952	84.8166656	0.0000000	0.0000000
2.4809523	84.8166656	0.0000000	0.0000000
4.2738094	84.8166656	-0.0700335	-0.3268229
6.0666666	84.8166656	-0.0466890	-0.3034784
7.8595233	84.8166656	-0.0700335	-0.2217727
9.6523809	84.8166656	-0.1050502	-0.1634115
11.4452381	84.8166656	-0.0700335	-0.2217727
13.2380953	84.8166656	-0.0583612	-0.1634115
15.0309525	84.8166656	-0.0233445	-0.1517392
16.8238087	84.8166656	0.0233445	-0.2567894
18.6166668	84.8166656	-0.0466890	-0.3384952
20.4095249	84.8166656	-0.0116722	-0.2567894
22.2023811	84.8166656	0.0466890	-0.2567894
23.9952374	84.8166656	0.0350167	-0.3268229
25.7880955	84.8166656	0.1050502	-0.3384952
27.5809517	84.8166656	0.2451172	-0.5485956
29.3738098	84.8166656	0.4085287	-0.5836124
31.1666679	84.8166656	0.4202009	-0.4085287
32.9595261	84.8166656	0.3268229	-0.2684617
34.7523804	84.8166656	0.1283947	-0.1634115
36.5452385	84.8166656	0.0817057	-0.0700335
38.3380966	84.8166656	0.0583612	-0.0583612
40.1309547	84.8166656	0.1167225	0.0116722
41.9238091	84.8166656	0.1984282	0.0000000
43.7166672	84.8166656	0.1050502	0.0933780
45.5095253	84.8166656	0.2684617	0.0700335
47.3023796	84.8166656	0.2217727	0.0466890
49.0952377	84.8166656	0.2451172	0.0350167
50.8880959	84.8166656	0.1517392	0.0933780
52.6809540	84.8166656	0.1634115	0.0233445
54.4738083	84.8166656	0.1867560	0.0233445
56.2666664	84.8166656	0.1050502	-0.0116722
58.0595245	84.8166656	0.0233445	0.0350167
59.8523788	84.8166656	-0.1050502	0.0817057
61.6452408	84.8166656	-0.3968564	0.1050502
63.4380951	84.8166656	-0.3151507	0.0700335
65.2309494	84.8166656	-0.1050502	0.1167225
67.0238113	84.8166656	-0.0817057	0.1634115
68.8166656	84.8166656	0.0000000	0.0000000
70.6095276	84.8166656	0.0000000	0.0000000
-1.1047620	86.6095276	0.0000000	0.0000000
0.6880952	86.6095276	0.0000000	0.0000000
2.4809523	86.6095276	0.0000000	0.0000000
4.2738094	86.6095276	-0.0116722	-0.4085287
6.0666666	86.6095276	-0.0116722	-0.4552176
7.8595233	86.6095276	-0.0700335	-0.3034784
9.6523809	86.6095276	-0.0700335	-0.2918062
11.4452381	86.6095276	0.0466890	-0.4552176
13.2380953	86.6095276	-0.0233445	-0.1634115
15.0309525	86.6095276	-0.0700335	-0.3501674
16.8238087	86.6095276	-0.0233445	-0.3501674
18.6166668	86.6095276	0.0350167	-0.1167225
20.4095249	86.6095276	-0.0116722	-0.3735119
22.2023811	86.6095276	-0.0233445	-0.2567894
23.9952374	86.6095276	0.0350167	-0.1867560
25.7880955	86.6095276	0.0933780	-0.2101004
27.5809517	86.6095276	0.1283947	-0.1750837
29.3738098	86.6095276	0.2684617	-0.2801339
31.1666679	86.6095276	0.1984282	-0.1750837
32.9595261	86.6095276	0.3151507	-0.1867560
34.7523804	86.6095276	0.1050502	-0.1283947
36.5452385	86.6095276	0.1283947	-0.0700335
38.3380966	86.6095276	0.1283947	-0.0466890
40.1309547	86.6095276	0.3384952	0.0583612
41.9238091	86.6095276	0.1984282	0.0817057
43.7166672	86.6095276	0.1634115	0.0933780
45.5095253	86.6095276	0.1634115	0.0583612
47.3023796	86.6095276	0.2684617	0.0466890
49.0952377	86.6095276	0.2684617	0.0583612
50.8880959	86.6095276	0.2451172	0.0700335
52.6809540	86.6095276	0.2101004	0.1984282
54.4738083	86.6095276	0.1984282	0.0700335
56.2666664	86.6095276	0.1400670	0.0350167
58.0595245	86.6095276	0.0116722	0.1050502
59.8523788	86.6095276	-0.3735119	0.2101004
61.6452408	86.6095276	-0.1400670	0.3968564
63.4380951	86.6095276	-0.2334449	0.1634115
65.2309494	86.6095276	-0.0583612	0.1400670
67.0238113	86.6095276	0.0116722	0.1283947
68.8166656	86.6095276	0.0000000	0.0000000
70.6095276	86.6095276	0.0000000	0.0000000
-1.1047620	88.4023819	0.0000000	0.0000000
0.6880952	88.4023819	0.0000000	0.0000000
2.4809523	88.4023819	0.0000000	0.0000000
4.2738094	88.4023819	-0.0233445	-0.4085287
6.0666666	88.4023819	-0.0350167	-0.4668899
7.8595233	88.4023819	-0.0350167	-0.1867560
9.6523809	88.4023819	0.0466890	-0.1634115
11.4452381	88.4023819	0.0466890	-0.1867560
13.2380953	88.4023819	-0.0233445	-0.1283947
15.0309525	88.4023819	-0.0583612	-0.2918062
16.8238087	88.4023819	0.0233445	-0.3968564
18.6166668	88.4023819	0.0116722	-0.2101004
20.4095249	88.4023819	0.0466890	-0.3268229
22.2023811	88.4023819	0.0700335	-0.3618397
23.9952374	88.4023819	0.0583612	-0.2567894
25.7880955	88.4023819	0.0817057	-0.1984282
27.5809517	88.4023819	0.1167225	-0.1517392
29.3738098	88.4023819	0.1517392	-0.3151507
31.1666679	88.4023819	0.1283947	-0.3151507
32.9595261	88.4023819	0.3151507	-0.2801339
34.7523804	88.4023819	0.1634115	-0.2101004
36.5452385	88.4023819	0.1984282	-0.0817057
38.3380966	88.4023819	0.1050502	-0.1050502
40.1309547	88.4023819	0.2567894	0.0233445
41.9238091	88.4023819	0.1517392	0.0466890
43.7166672	88.4023819	0.1400670	0.0583612
45.5095253	88.4023819	0.2101004	0.0466890
47.3023796	88.4023819	0.3268229	0.0700335
49.0952377	88.4023819	0.2334449	-0.0116722
50.8880959	88.4023819	0.2451172	0.1400670
52.6809540	88.4023819	0.1984282	0.2217727
54.4738083	88.4023819	0.1517392	0.1167225
56.2666664	88.4023819	0.1283947	0.0350167
58.0595245	88.4023819	0.1634115	0.1050502
59.8523788	88.4023819	0.0116722	0.0817057
61.6452408	88.4023819	-0.2101004	0.1400670
63.4380951	88.4023819	-0.1283947	0.2684617
65.2309494	88.4023819	-0.2684617	0.1167225
67.0238113	88.4023819	0.0350167	-0.0466890
68.8166656	88.4023819	0.0000000	0.0000000
70.6095276	88.4023819	0.0000000	0.0000000
-1.1047620	90.1952362	0.0000000	0.0000000
0.6880952	90.1952362	0.0000000	0.0000000
2.4809523	90.1952362	0.0000000	0.0000000
4.2738094	90.1952362	0.0116722	-0.2334449
6.0666666	90.1952362	0.0000000	-0.5836124
7.8595233	90.1952362	-0.0700335	-0.5135789
9.6523809	90.1952362	-0.1283947	-0.2918062
11.4452381	90.1952362	-0.0933780	-0.1517392
13.2380953	90.1952362	0.0700335	-0.1517392
15.0309525	90.1952362	0.0350167	-0.1517392
16.8238087	90.1952362	0.0000000	-0.3851842
18.6166668	90.1952362	-0.0233445	-0.5135789
20.4095249	90.1952362	0.2334449	-0.2101004
22.2023811	90.1952362	0.0933780	-0.2451172
23.9952374	90.1952362	0.0583612	-0.1400670
25.7880955	90.1952362	0.1283947	-0.0933780
27.5809517	90.1952362	0.2217727	-0.0583612
29.3738098	90.1952362	0.1167225	-0.3968564
31.1666679	90.1952362	0.1283947	-0.4202009
32.9595261	90.1952362	0.2217727	-0.3151507
34.7523804	90.1952362	0.2567894	-0.4202009
36.5452385	90.1952362	0.3735119	-0.4552176
38.3380966	90.1952362	0.0933780	-0.1167225
40.1309547	90.1952362	0.1867560	-0.0116722
41.9238091	90.1952362	0.1634115	0.0700335
43.7166672	90.1952362	0.1283947	0.2801339
45.5095253	90.1952362	0.1050502	0.1634115
47.3023796	90.1952362	0.2801339	0.0933780
49.0952377	90.1952362	0.3151507	0.0233445
50.8880959	90.1952362	0.2451172	0.0583612
52.6809540	90.1952362	0.2101004	-0.0350167
54.4738083	90.1952362	0.2101004	0.1517392
56.2666664	90.1952362	0.1050502	0.0933780
58.0595245	90.1952362	0.1517392	0.1283947
59.8523788	90.1952362	-0.0933780	0.0583612
61.6452408	90.1952362	-0.1283947	0.2567894
63.4380951	90.1952362	-0.1867560	0.2567894
65.2309494	90.1952362	-0.1050502	0.2217727
67.0238113	90.1952362	0.0000000	0.1517392
68.8166656	90.1952362	0.0583612	0.0000000
70.6095276	90.1952362	0.0000000	0.0000000
-1.1047620	91.9880905	0.0000000	0.0000000
0.6880952	91.9880905	0.0000000	0.0000000
2.4809523	91.9880905	0.0000000	0.0000000
4.2738094	91.9880905	0.0000000	0.0000000
6.0666666	91.9880905	0.0350167	-0.5019066
7.8595233	91.9880905	-0.0466890	-0.5719401
9.6523809	91.9880905	0.0000000	-0.5019066
11.4452381	91.9880905	-0.0116722	-0.4202009
13.2380953	91.9880905	0.0350167	-0.3501674
15.0309525	91.9880905	0.0233445	-0.2451172
16.8238087	91.9880905	0.0583612	-0.3268229
18.6166668	91.9880905	0.1167225	-0.3034784
20.4095249	91.9880905	0.2567894	-0.1750837
22.2023811	91.9880905	0.2217727	-0.1400670
23.9952374	91.9880905	0.1050502	-0.1167225
25.7880955	91.9880905	0.0933780	-0.1050502
27.5809517	91.9880905	0.1050502	-0.0583612
29.3738098	91.9880905	0.3618397	-0.1283947
31.1666679	91.9880905	0.2451172	-0.1984282
32.9595261	91.9880905	0.2217727	-0.1167225
34.7523804	91.9880905	0.3735119	-0.3501674
36.5452385	91.9880905	0.3268229	-0.3034784
38.3380966	91.9880905	0.1283947	-0.1400670
40.1309547	91.9880905	0.1167225	-0.0583612
41.9238091	91.9880905	0.1400670	0.0700335
43.7166672	91.9880905	0.2334449	0.1634115
45.5095253	91.9880905	0.1283947	0.0700335
47.3023796	91.9880905	0.0583612	0.0350167
49.0952377	91.9880905	0.2217727	0.0233445
50.8880959	91.9880905	0.1167225	0.0000000
52.6809540	91.9880905	0.1634115	0.0233445
54.4738083	91.9880905	0.1984282	0.1517392
56.2666664	91.9880905	0.1167225	0.2451172
58.0595245	91.9880905	0.0700335	0.1400670
59.8523788	91.9880905	-0.1634115	0.1984282
61.6452408	91.9880905	-0.1050502	0.1634115
63.4380951	91.9880905	-0.0350167	0.3151507
65.2309494	91.9880905	-0.1050502	0.2684617
67.0238113	91.9880905	0.0000000	0.2918062
68.8166656	91.9880905	0.0000000	0.0000000
70.6095276	91.9880905	0.0000000	0.0000000
-1.1047620	93.7809525	0.0000000	0.0000000
0.6880952	93.7809525	0.0000000	0.0000000
2.4809523	93.7809525	0.0000000	0.0000000
4.2738094	93.7809525	-0.0116722	-0.5602679
6.0666666	93.7809525	0.0116722	-0.4785621
7.8595233	93.7809525	0.0000000	-0.4085287
9.6523809	93.7809525	-0.0466890	-0.3618397
11.4452381	93.7809525	-0.0116722	-0.5135789
13.2380953	93.7809525	0.0700335	-0.3618397
15.0309525	93.7809525	0.0466890	-0.2684617
16.8238087	93.7809525	0.0933780	-0.3735119
18.6166668	93.7809525	0.1167225	-0.3268229
20.4095249	93.7809525	0.0466890	-0.2217727
22.2023811	93.7809525	-0.0817057	-0.3968564
23.9952374	93.7809525	0.2801339	-0.0700335
25.7880955	93.7809525	0.1400670	-0.0583612
27.5809517	93.7809525	0.3851842	-0.2334449
29.3738098	93.7809525	0.3968564	-0.2567894
31.1666679	93.7809525	0.3851842	-0.5135789
32.9595261	93.7809525	0.3618397	-0.1750837
34.7523804	93.7809525	0.1984282	-0.4902344
36.5452385	93.7809525	0.2567894	-0.2217727
38.3380966	93.7809525	0.1283947	-0.0583612
40.1309547	93.7809525	0.0466890	0.0583612
41.9238091	93.7809525	0.1050502	0.0817057
43.7166672	93.7809525	0.1050502	0.0350167
45.5095253	93.7809525	0.1634115	0.0933780
47.3023796	93.7809525	0.0700335	0.0466890
49.0952377	93.7809525	0.0466890	-0.0817057
50.8880959	93.7809525	0.0233445	-0.0233445
52.6809540	93.7809525	0.1867560	0.0817057
54.4738083	93.7809525	0.1634115	0.1867560
56.2666664	93.7809525	0.1050502	0.2101004
58.0595245	93.7809525	0.0233445	0.3268229
59.8523788	93.7809525	0.0700335	0.2801339
61.6452408	93.7809525	-0.1634115	0.2217727
63.4380951	93.7809525	-0.0817057	0.5252512
65.2309494	93.7809525	-0.0350167	0.3268229
67.0238113	93.7809525	0.0000000	0.4552176
68.8166656	93.7809525	0.0000000	0.0000000
70.6095276	93.7809525	0.0000000	0.0000000
-1.1047620	95.5738144	0.0000000	0.0000000
0.6880952	95.5738144	0.0000000	0.0000000
2.4809523	95.5738144	0.0000000	0.0000000
4.2738094	95.5738144	0.0466890	-0.1167225
6.0666666	95.5738144	0.0000000	-0.1283947
7.8595233	95.5738144	0.0000000	-0.1517392
9.6523809	95.5738144	-0.0116722	-0.2334449
11.4452381	95.5738144	-0.0350167	-0.3034784
13.2380953	95.5738144	0.0933780	-0.3735119
15.0309525	95.5738144	0.0700335	-0.2684617
16.8238087	95.5738144	0.1750837	-0.3851842
18.6166668	95.5738144	0.1400670	-0.3501674
20.4095249	95.5738144	0.1167225	-0.2217727
22.2023811	95.5738144	0.0583612	-0.3034784
23.9952374	95.5738144	0.2334449	-0.1984282
25.7880955	95.5738144	0.2567894	-0.1634115
27.5809517	95.5738144	0.2567894	-0.1400670
29.3738098	95.5738144	0.2451172	-0.1750837
31.1666679	95.5738144	0.2334449	-0.2101004
32.9595261	95.5738144	0.3384952	-0.2451172
34.7523804	95.5738144	0.3268229	-0.4202009
36.5452385	95.5738144	0.2334449	-0.0933780
38.3380966	95.5738144	0.5135789	-0.0817057
40.1309547	95.5738144	0.1050502	0.0000000
41.9238091	95.5738144	-0.0233445	-0.0233445
43.7166672	95.5738144	0.0933780	0.0700335
45.5095253	95.5738144	0.1750837	0.1283947
47.3023796	95.5738144	0.1634115	0.0700335
49.0952377	95.5738144	0.1517392	-0.1283947
50.8880959	95.5738144	-0.0233445	-0.1050502
52.6809540	95.5738144	0.0000000	0.0000000
54.4738083	95.5738144	0.1750837	0.2567894
56.2666664	95.5738144	0.1167225	0.3735119
58.0595245	95.5738144	0.0000000	0.4318731
59.8523788	95.5738144	0.0700335	0.6886626
61.6452408	95.5738144	0.1050502	0.1517392
63.4380951	95.5738144	-0.0350167	0.2217727
65.2309494	95.5738144	-0.0700335	0.5369233
67.0238113	95.5738144	-0.0350167	0.4902344
68.8166656	95.5738144	-0.0350167	0.7353516
70.6095276	95.5738144	0.0000000	0.0000000
-1.1047620	97.3666687	0.0000000	0.0000000
0.6880952	97.3666687	0.0000000	0.0000000
2.4809523	97.3666687	0.0000000	0.0000000
4.2738094	97.3666687	-0.0116722	-0.0933780
6.0666666	97.3666687	0.0700335	-0.1984282
7.8595233	97.3666687	0.1283947	-0.2451172
9.6523809	97.3666687	0.0466890	-0.2451172
11.4452381	97.3666687	0.0817057	-0.3034784
13.2380953	97.3666687	0.1167225	-0.5602679
15.0309525	97.3666687	0.0700335	-0.4435454
16.8238087	97.3666687	0.0583612	-0.3151507
18.6166668	97.3666687	-0.0583612	-0.2567894
20.4095249	97.3666687	-0.0466890	-0.2451172
22.2023811	97.3666687	0.0000000	-0.1750837
23.9952374	97.3666687	0.1283947	-0.1050502
25.7880955	97.3666687	0.2334449	-0.1050502
27.5809517	97.3666687	0.2684617	-0.1634115
29.3738098	97.3666687	0.3384952	-0.1750837
31.1666679	97.3666687	0.4435454	-0.0817057
32.9595261	97.3666687	0.4085287	-0.2801339
34.7523804	97.3666687	0.3268229	-0.1867560
36.5452385	97.3666687	0.2451172	-0.1867560
38.3380966	97.3666687	0.5719401	-0.0350167
40.1309547	97.3666687	0.2334449	0.0700335
41.9238091	97.3666687	0.0700335	-0.0583612
43.7166672	97.3666687	0.1517392	-0.0700335
45.5095253	97.3666687	0.1984282	0.0466890
47.3023796	97.3666687	0.1167225	0.0583612
49.0952377	97.3666687	0.2684617	-0.0700335
50.8880959	97.3666687	0.1050502	-0.1400670
52.6809540	97.3666687	0.0000000	0.0000000
54.4738083	97.3666687	0.0933780	0.4202009
56.2666664	97.3666687	0.0466890	0.5369233
58.0595245	97.3666687	0.0350167	0.4785621
59.8523788	97.3666687	0.0000000	0.5252512
61.6452408	97.3666687	0.0583612	0.1167225
63.4380951	97.3666687	-0.0116722	0.6536459
65.2309494	97.3666687	0.0000000	0.6419736
67.0238113	97.3666687	0.0000000	0.1984282
68.8166656	97.3666687	0.0000000	0.0000000
70.6095276	97.3666687	0.0000000	0.0000000
-1.1047620	99.1595230	0.0000000	0.0000000
0.6880952	99.1595230	0.0000000	0.0000000
2.4809523	99.1595230	0.0000000	0.0000000
4.2738094	99.1595230	0.0000000	-0.1050502
6.0666666	99.1595230	-0.0350167	-0.1634115
7.8595233	99.1595230	-0.0116722	-0.1867560
9.6523809	99.1595230	-0.0700335	-0.4552176
11.4452381	99.1595230	0.0233445	-0.3618397
13.2380953	99.1595230	0.1283947	-0.3034784
15.0309525	99.1595230	0.0933780	-0.5369233
16.8238087	99.1595230	0.1167225	-0.3618397
18.6166668	99.1595230	0.0817057	-0.1400670
20.4095249	99.1595230	0.0233445	-0.1050502
22.2023811	99.1595230	0.0817057	-0.1400670
23.9952374	99.1595230	0.0933780	-0.0700335
25.7880955	99.1595230	0.1167225	-0.1167225
27.5809517	99.1595230	0.1750837	-0.1050502
29.3738098	99.1595230	0.2684617	-0.1167225
31.1666679	99.1595230	0.4435454	-0.1517392
32.9595261	99.1595230	0.4668899	-0.1167225
34.7523804	99.1595230	0.4202009	-0.1283947
36.5452385	99.1595230	0.3968564	-0.1283947
38.3380966	99.1595230	0.4668899	0.0583612
40.1309547	99.1595230	0.3384952	-0.0466890
41.9238091	99.1595230	0.3268229	0.0233445
43.7166672	99.1595230	0.1984282	-0.0817057
45.5095253	99.1595230	0.0233445	-0.0233445
47.3023796	99.1595230	0.1050502	0.0116722
49.0952377	99.1595230	0.1984282	-0.0583612
50.8880959	99.1595230	0.2101004	-0.0350167
52.6809540	99.1595230	0.0700335	0.0233445
54.4738083	99.1595230	0.0116722	0.4202009
56.2666664	99.1595230	0.0817057	0.6186291
58.0595245	99.1595230	0.1867560	0.4318731
59.8523788	99.1595230	0.1634115	0.4785621
61.6452408	99.1595230	0.2684617	0.4902344
63.4380951	99.1595230	-0.1050502	0.2217727
65.2309494	99.1595230	-0.0116722	0.5602679
67.0238113	99.1595230	0.0466890	0.4435454
68.8166656	99.1595230	0.0000000	0.0000000
70.6095276	99.1595230	0.0000000	0.0000000
-1.1047620	100.9523773	0.0000000	0.0000000
0.6880952	100.9523773	0.0000000	0.0000000
2.4809523	100.9523773	0.0000000	0.0000000
4.2738094	100.9523773	0.0583612	-0.0817057
6.0666666	100.9523773	-0.0233445	-0.1167225
7.8595233	100.9523773	0.0000000	-0.3618397
9.6523809	100.9523773	-0.0700335	-0.4435454
11.4452381	100.9523773	0.0116722	-0.3384952
13.2380953	100.9523773	0.1400670	-0.4668899
15.0309525	100.9523773	0.0817057	-0.3618397
16.8238087	100.9523773	0.0583612	-0.1050502
18.6166668	100.9523773	0.0350167	-0.0583612
20.4095249	100.9523773	0.0700335	-0.1050502
22.2023811	100.9523773	0.1283947	-0.1517392
23.9952374	100.9523773	0.1517392	-0.0466890
25.7880955	100.9523773	0.1634115	-0.0817057
27.5809517	100.9523773	0.1750837	-0.0466890
29.3738098	100.9523773	0.3268229	0.0000000
31.1666679	100.9523773	0.4085287	-0.0933780
32.9595261	100.9523773	0.5485956	-0.0700335
34.7523804	100.9523773	0.4435454	-0.0466890
36.5452385	100.9523773	0.4552176	-0.0116722
38.3380966	100.9523773	0.4202009	0.0116722
40.1309547	100.9523773	0.5369233	-0.0116722
41.9238091	100.9523773	0.6069568	0.0116722
43.7166672	100.9523773	0.2567894	0.0700335
45.5095253	100.9523773	0.1634115	0.0116722
47.3023796	100.9523773	0.1517392	-0.0116722
49.0952377	100.9523773	0.2451172	0.0233445
50.8880959	100.9523773	0.1167225	0.0583612
52.6809540	100.9523773	0.0350167	0.1750837
54.4738083	100.9523773	0.0700335	0.7003348
56.2666664	100.9523773	0.0233445	0.6653181
58.0595245	100.9523773	0.0817057	0.6069568
59.8523788	100.9523773	0.1517392	0.5369233
61.6452408	100.9523773	0.1634115	0.5252512
63.4380951	100.9523773	0.1634115	0.0583612
65.2309494	100.9523773	-0.0233445	0.6536459
67.0238113	100.9523773	0.0116722	0.5719401
68.8166656	100.9523773	0.0000000	0.9454520
70.6095276	100.9523773	0.0000000	0.0000000
-1.1047620	102.7452316	0.0000000	0.0000000
0.6880952	102.7452316	0.0000000	0.0000000
2.4809523	102.7452316	0.0000000	0.0000000
4.2738094	102.7452316	0.0000000	0.0000000
6.0666666	102.7452316	-0.0233445	-0.1400670
7.8595233	102.7452316	0.0116722	-0.1517392
9.6523809	102.7452316	0.0350167	-0.3268229
11.4452381	102.7452316	0.0116722	-0.2801339
13.2380953	102.7452316	0.0000000	-0.2567894
15.0309525	102.7452316	0.0933780	-0.2217727
16.8238087	102.7452316	0.0700335	-0.2451172
18.6166668	102.7452316	0.0233445	-0.0933780
20.4095249	102.7452316	0.1750837	-0.0700335
22.2023811	102.7452316	0.0700335	-0.1750837
23.9952374	102.7452316	0.1283947	-0.0817057
25.7880955	102.7452316	0.1050502	-0.0583612
27.5809517	102.7452316	0.1283947	-0.0700335
29.3738098	102.7452316	0.2334449	-0.1984282
31.1666679	102.7452316	0.4085287	-0.2334449
32.9595261	102.7452316	0.4435454	-0.0350167
34.7523804	102.7452316	0.4902344	-0.0700335
36.5452385	102.7452316	0.5019066	-0.0116722
38.3380966	102.7452316	0.4202009	0.0233445
40.1309547	102.7452316	0.5836124	0.0233445
41.9238091	102.7452316	0.3968564	0.0233445
43.7166672	102.7452316	0.3968564	-0.0116722
45.5095253	102.7452316	0.2918062	-0.1517392
47.3023796	102.7452316	0.1984282	0.0000000
49.0952377	102.7452316	0.2567894	0.1167225
50.8880959	102.7452316	0.2567894	0.0350167
52.6809540	102.7452316	0.0350167	0.1050502
54.4738083	102.7452316	0.0583612	0.6769903
56.2666664	102.7452316	0.0233445	0.6653181
58.0595245	102.7452316	0.2101004	0.2918062
59.8523788	102.7452316	0.1517392	0.3384952
61.6452408	102.7452316	0.1050502	0.4435454
63.4380951	102.7452316	0.2918062	0.2918062
65.2309494	102.7452316	-0.1400670	0.3384952
67.0238113	102.7452316	0.0000000	0.6769903
68.8166656	102.7452316	0.0000000	0.0000000
70.6095276	102.7452316	0.0000000	0.0000000
-1.1047620	104.5381012	0.0000000	0.0000000
0.6880952	104.5381012	0.0000000	0.0000000
2.4809523	104.5381012	0.0000000	0.0000000
4.2738094	104.5381012	-0.0933780	-0.3968564
6.0666666	104.5381012	-0.0233445	-0.1517392
7.8595233	104.5381012	0.0000000	-0.2801339
9.6523809	104.5381012	0.0233445	-0.4785621
11.4452381	104.5381012	0.0466890	-0.4552176
13.2380953	104.5381012	0.0933780	-0.3735119
15.0309525	104.5381012	0.0933780	-0.3735119
16.8238087	104.5381012	0.2918062	-0.2801339
18.6166668	104.5381012	0.3034784	-0.1634115
20.4095249	104.5381012	0.3034784	-0.0817057
22.2023811	104.5381012	0.2451172	-0.2451172
23.9952374	104.5381012	0.1750837	-0.3618397
25.7880955	104.5381012	0.1283947	0.0116722
27.5809517	104.5381012	0.1634115	-0.0233445
29.3738098	104.5381012	0.2684617	-0.1750837
31.1666679	104.5381012	0.2451172	-0.2451172
32.9595261	104.5381012	0.5602679	-0.0350167
34.7523804	104.5381012	0.5602679	-0.0933780
36.5452385	104.5381012	0.5719401	-0.0116722
38.3380966	104.5381012	0.3384952	0.1167225
40.1309547	104.5381012	0.3735119	0.1167225
41.9238091	104.5381012	0.3851842	0.0000000
43.7166672	104.5381012	0.3268229	0.0000000
45.5095253	104.5381012	0.1167225	-0.0350167
47.3023796	104.5381012	0.1517392	0.0817057
49.0952377	104.5381012	0.2567894	0.0700335
50.8880959	104.5381012	0.1867560	0.0583612
52.6809540	104.5381012	0.0583612	0.3151507
54.4738083	104.5381012	-0.0466890	0.6186291
56.2666664	104.5381012	-0.0350167	0.6303014
58.0595245	104.5381012	0.0233445	0.5836124
59.8523788	104.5381012	-0.0233445	0.4785621
61.6452408	104.5381012	0.0466890	0.5135789
63.4380951	104.5381012	0.0466890	0.3618397
65.2309494	104.5381012	-0.0350167	0.5836124
67.0238113	104.5381012	-0.0466890	0.4318731
68.8166656	104.5381012	0.0000000	0.0000000
70.6095276	104.5381012	0.0000000	0.0000000
-1.1047620	106.3309555	0.0000000	0.0000000
0.6880952	106.3309555	0.0000000	0.0000000
2.4809523	106.3309555	0.0000000	0.0000000
4.2738094	106.3309555	0.0583612	-0.6769903
6.0666666	106.3309555	0.0000000	-0.1400670
7.8595233	106.3309555	-0.0466890	-0.1517392
9.6523809	106.3309555	-0.0116722	-0.2451172
11.4452381	106.3309555	0.1050502	-0.3735119
13.2380953	106.3309555	0.0817057	-0.3384952
15.0309525	106.3309555	-0.0233445	-0.2918062
16.8238087	106.3309555	0.1984282	-0.3034784
18.6166668	106.3309555	0.1984282	-0.2918062
20.4095249	106.3309555	0.3151507	-0.0466890
22.2023811	106.3309555	0.2684617	-0.0583612
23.9952374	106.3309555	0.1634115	-0.1050502
25.7880955	106.3309555	0.0233445	-0.0583612
27.5809517	106.3309555	0.0933780	-0.0583612
29.3738098	106.3309555	0.2334449	-0.1283947
31.1666679	106.3309555	0.1750837	-0.1167225
32.9595261	106.3309555	0.4668899	0.0000000
34.7523804	106.3309555	0.4435454	0.0583612
36.5452385	106.3309555	0.5485956	0.0700335
38.3380966	106.3309555	0.3618397	0.1867560
40.1309547	106.3309555	0.4318731	0.0817057
41.9238091	106.3309555	0.0700335	0.0000000
43.7166672	106.3309555	0.0700335	-0.0466890
45.5095253	106.3309555	0.0350167	-0.0350167
47.3023796	106.3309555	0.1283947	-0.0233445
49.0952377	106.3309555	0.1283947	0.1050502
50.8880959	106.3309555	0.1634115	0.1167225
52.6809540	106.3309555	0.0583612	0.4085287
54.4738083	106.3309555	-0.1283947	0.5952846
56.2666664	106.3309555	-0.0466890	0.3501674
58.0595245	106.3309555	-0.1167225	0.0116722
59.8523788	106.3309555	-0.0116722	0.1167225
61.6452408	106.3309555	0.0350167	0.5602679
63.4380951	106.3309555	0.1167225	0.2918062
65.2309494	106.3309555	-0.0583612	0.2217727
67.0238113	106.3309555	-0.0700335	0.4668899
68.8166656	106.3309555	0.0000000	0.0000000
70.6095276	106.3309555	0.0000000	0.0000000
-1.1047620	108.1238098	0.0000000	0.0000000
0.6880952	108.1238098	0.0000000	0.0000000
2.4809523	108.1238098	0.0000000	0.0000000
4.2738094	108.1238098	0.0583612	-0.3501674
6.0666666	108.1238098	0.1167225	-0.0933780
7.8595233	108.1238098	0.0466890	-0.1634115
9.6523809	108.1238098	-0.0233445	-0.5952846
11.4452381	108.1238098	0.0000000	-0.2334449
13.2380953	108.1238098	0.0583612	-0.5485956
15.0309525	108.1238098	-0.1517392	-0.1634115
16.8238087	108.1238098	-0.1400670	-0.1283947
18.6166668	108.1238098	-0.0350167	-0.3151507
20.4095249	108.1238098	0.1634115	-0.0466890
22.2023811	108.1238098	0.1517392	0.0233445
23.9952374	108.1238098	0.0466890	0.0000000
25.7880955	108.1238098	0.0000000	-0.0233445
27.5809517	108.1238098	0.0116722	-0.1517392
29.3738098	108.1238098	0.1167225	-0.0933780
31.1666679	108.1238098	0.1400670	-0.0700335
32.9595261	108.1238098	0.2217727	0.0583612
34.7523804	108.1238098	0.2918062	0.2217727
36.5452385	108.1238098	0.2334449	0.1750837
38.3380966	108.1238098	0.3268229	0.2101004
40.1309547	108.1238098	0.3735119	0.1750837
41.9238091	108.1238098	-0.0350167	0.0233445
43.7166672	108.1238098	-0.0466890	0.0116722
45.5095253	108.1238098	0.0116722	-0.0583612
47.3023796	108.1238098	0.0116722	0.0583612
49.0952377	108.1238098	-0.0933780	0.2918062
50.8880959	108.1238098	-0.0583612	0.1050502
52.6809540	108.1238098	-0.0116722	0.2334449
54.4738083	108.1238098	-0.0350167	0.2451172
56.2666664	108.1238098	-0.0466890	0.3268229
58.0595245	108.1238098	-0.1050502	0.1634115
59.8523788	108.1238098	-0.0700335	0.4085287
61.6452408	108.1238098	0.1050502	0.5719401
63.4380951	108.1238098	0.1283947	0.4318731
65.2309494	108.1238098	0.0700335	0.3968564
67.0238113	108.1238098	-0.0466890	0.4785621
68.8166656	108.1238098	0.0233445	0.8637463
70.6095276	108.1238098	0.0000000	0.0000000
-1.1047620	109.9166641	0.0000000	0.0000000
0.6880952	109.9166641	0.0000000	0.0000000
2.4809523	109.9166641	-0.0233445	-0.8520740
4.2738094	109.9166641	0.0466890	-0.6536459
6.0666666	109.9166641	0.0466890	-0.3968564
7.8595233	109.9166641	0.0933780	-0.3034784
9.6523809	109.9166641	-0.0700335	-0.2567894
11.4452381	109.9166641	-0.0700335	-0.3034784
13.2380953	109.9166641	-0.1750837	-0.1517392
15.0309525	109.9166641	-0.2217727	-0.4318731
16.8238087	109.9166641	-0.3384952	-0.3384952
18.6166668	109.9166641	-0.2567894	-0.1400670
20.4095249	109.9166641	-0.0583612	-0.2918062
22.2023811	109.9166641	0.0116722	-0.1867560
23.9952374	109.9166641	0.0350167	0.0583612
25.7880955	109.9166641	-0.0350167	-0.1050502
27.5809517	109.9166641	-0.0583612	-0.0583612
29.3738098	109.9166641	0.0466890	-0.0583612
31.1666679	109.9166641	-0.0350167	-0.0116722
32.9595261	109.9166641	0.0350167	0.0466890
34.7523804	109.9166641	0.2217727	0.1984282
36.5452385	109.9166641	0.2451172	0.1984282
38.3380966	109.9166641	0.3151507	0.0466890
40.1309547	109.9166641	0.3034784	0.0466890
41.9238091	109.9166641	-0.0466890	-0.0700335
43.7166672	109.9166641	-0.0350167	0.0000000
45.5095253	109.9166641	-0.1050502	-0.1050502
47.3023796	109.9166641	-0.3151507	-0.0233445
49.0952377	109.9166641	-0.1984282	0.0583612
50.8880959	109.9166641	-0.0350167	0.0817057
52.6809540	109.9166641	-0.1167225	0.2217727
54.4738083	109.9166641	-0.1167225	0.2334449
56.2666664	109.9166641	-0.0583612	0.3968564
58.0595245	109.9166641	-0.0350167	0.5952846
59.8523788	109.9166641	0.1167225	0.3968564
61.6452408	109.9166641	0.0817057	0.3851842
63.4380951	109.9166641	0.0350167	0.4552176
65.2309494	109.9166641	-0.0116722	0.3968564
67.0238113	109.9166641	0.0000000	0.3501674
68.8166656	109.9166641	0.0116722	1.0855190
70.6095276	109.9166641	0.0000000	0.0000000
-1.1047620	111.7095261	0.0000000	0.0000000
0.6880952	111.7095261	0.0000000	0.0000000
2.4809523	111.7095261	-0.0233445	-0.8053851
4.2738094	111.7095261	0.0700335	-0.6886626
6.0666666	111.7095261	-0.0350167	-0.2451172
7.8595233	111.7095261	-0.1167225	-0.3151507
9.6523809	111.7095261	-0.1400670	-0.3151507
11.4452381	111.7095261	-0.3501674	-0.3618397
13.2380953	111.7095261	-0.3384952	-0.3968564
15.0309525	111.7095261	-0.2334449	-0.6186291
16.8238087	111.7095261	-0.2217727	-0.4902344
18.6166668	111.7095261	-0.1634115	-0.3268229
20.4095249	111.7095261	-0.0817057	-0.2684617
22.2023811	111.7095261	-0.0233445	-0.2684617
23.9952374	111.7095261	-0.0116722	-0.2217727
25.7880955	111.7095261	0.0466890	-0.2567894
27.5809517	111.7095261	-0.0233445	-0.2101004
29.3738098	111.7095261	0.0350167	-0.0817057
31.1666679	111.7095261	0.0116722	-0.0233445
32.9595261	111.7095261	0.0583612	0.0350167
34.7523804	111.7095261	0.1517392	0.0583612
36.5452385	111.7095261	0.3384952	0.0583612
38.3380966	111.7095261	0.3618397	0.0233445
40.1309547	111.7095261	0.2918062	0.1283947
41.9238091	111.7095261	-0.0116722	0.0700335
43.7166672	111.7095261	-0.0933780	-0.0233445
45.5095253	111.7095261	-0.1984282	-0.0233445
47.3023796	111.7095261	-0.3151507	0.0350167
49.0952377	111.7095261	-0.2684617	0.0583612
50.8880959	111.7095261	-0.1750837	0.0466890
52.6809540	111.7095261	-0.0583612	0.1867560
54.4738083	111.7095261	-0.2567894	0.1050502
56.2666664	111.7095261	-0.1167225	0.5252512
58.0595245	111.7095261	-0.0233445	0.5135789
59.8523788	111.7095261	0.0116722	0.5019066
61.6452408	111.7095261	-0.0817057	0.4902344
63.4380951	111.7095261	-0.1517392	0.4202009
65.2309494	111.7095261	-0.0116722	0.3268229
67.0238113	111.7095261	-0.0116722	0.6419736
68.8166656	111.7095261	0.0000000	0.0000000
70.6095276	111.7095261	0.0000000	0.0000000
-1.1047620	113.5023804	0.0000000	0.0000000
0.6880952	113.5023804	0.0000000	0.0000000
2.4809523	113.5023804	0.0000000	0.0000000
4.2738094	113.5023804	-0.0233445	-0.4202009
6.0666666	113.5023804	-0.2684617	-0.3268229
7.8595233	113.5023804	-0.2918062	-0.3151507
9.6523809	113.5023804	-0.3968564	-0.1167225
11.4452381	113.5023804	-0.5252512	-0.2684617
13.2380953	113.5023804	-0.4668899	-0.2801339
15.0309525	113.5023804	-0.5019066	-0.2334449
16.8238087	113.5023804	-0.5252512	-0.3384952
18.6166668	113.5023804	-0.1400670	-0.4902344
20.4095249	113.5023804	-0.0466890	-0.4552176
22.2023811	113.5023804	-0.0350167	-0.1984282
23.9952374	113.5023804	-0.0700335	-0.2567894
25.7880955	113.5023804	-0.0350167	-0.1984282
27.5809517	113.5023804	-0.0817057	-0.1050502
29.3738098	113.5023804	0.0116722	-0.0116722
31.1666679	113.5023804	0.0583612	-0.0116722
32.9595261	113.5023804	0.0700335	0.0116722
34.7523804	113.5023804	0.1867560	0.0116722
36.5452385	113.5023804	0.3735119	-0.0817057
38.3380966	113.5023804	0.1984282	0.0466890
40.1309547	113.5023804	0.0817057	0.3151507
41.9238091	113.5023804	-0.0233445	0.1400670
43.7166672	113.5023804	-0.0466890	0.0817057
45.5095253	113.5023804	-0.1167225	0.0466890
47.3023796	113.5023804	-0.1867560	-0.1050502
49.0952377	113.5023804	-0.1283947	-0.1517392
50.8880959	113.5023804	-0.1400670	-0.0116722
52.6809540	113.5023804	-0.0350167	0.2918062
54.4738083	113.5023804	-0.1634115	0.5252512
56.2666664	113.5023804	-0.1167225	0.5019066
58.0595245	113.5023804	-0.0933780	0.4902344
59.8523788	113.5023804	-0.1050502	0.4202009
61.6452408	113.5023804	-0.0933780	0.5485956
63.4380951	113.5023804	-0.0466890	0.0350167
65.2309494	113.5023804	0.0116722	0.0817057
67.0238113	113.5023804	0.1167225	0.2334449
68.8166656	113.5023804	0.0000000	0.0000000
70.6095276	113.5023804	0.0000000	0.0000000
-1.1047620	115.2952423	0.0000000	0.0000000
0.6880952	115.2952423	0.0000000	0.0000000
2.4809523	115.2952423	-0.0116722	-0.7937128
4.2738094	115.2952423	-0.1283947	-0.1750837
6.0666666	115.2952423	-0.3034784	-0.2101004
7.8595233	115.2952423	-0.1867560	-0.2451172
9.6523809	115.2952423	-0.4552176	-0.2451172
11.4452381	115.2952423	-0.6069568	-0.3851842
13.2380953	115.2952423	-0.4085287	-0.4552176
15.0309525	115.2952423	-0.3735119	-0.4318731
16.8238087	115.2952423	-0.1517392	-0.5369233
18.6166668	115.2952423	-0.4202009	-0.1517392
20.4095249	115.2952423	-0.0466890	-0.2451172
22.2023811	115.2952423	0.0350167	-0.2567894
23.9952374	115.2952423	-0.1750837	-0.2918062
25.7880955	115.2952423	-0.1634115	-0.2334449
27.5809517	115.2952423	-0.0817057	-0.1400670
29.3738098	115.2952423	0.0116722	-0.0817057
31.1666679	115.2952423	-0.1634115	-0.0466890
32.9595261	115.2952423	-0.2451172	-0.0350167
34.7523804	115.2952423	-0.1050502	0.0000000
36.5452385	115.2952423	-0.1050502	0.0116722
38.3380966	115.2952423	-0.0116722	0.0116722
40.1309547	115.2952423	-0.0466890	0.3851842
41.9238091	115.2952423	-0.1283947	-0.0350167
43.7166672	115.2952423	-0.0116722	0.0583612
45.5095253	115.2952423	-0.0583612	-0.0116722
47.3023796	115.2952423	-0.0350167	-0.1283947
49.0952377	115.2952423	-0.0350167	-0.1750837
50.8880959	115.2952423	-0.2101004	-0.1634115
52.6809540	115.2952423	-0.2101004	0.4085287
54.4738083	115.2952423	-0.2684617	0.5135789
56.2666664	115.2952423	-0.1167225	0.5602679
58.0595245	115.2952423	-0.1167225	0.4902344
59.8523788	115.2952423	-0.1517392	0.4318731
61.6452408	115.2952423	0.0233445	0.6186291
63.4380951	115.2952423	0.0817057	0.3268229
65.2309494	115.2952423	0.1867560	0.2801339
67.0238113	115.2952423	0.0116722	0.1750837
68.8166656	115.2952423	0.0000000	0.0000000
70.6095276	115.2952423	0.0000000	0.0000000
-1.1047620	117.0880966	0.0000000	0.0000000
0.6880952	117.0880966	0.0000000	0.0000000
2.4809523	117.0880966	-0.0350167	-0.6536459
4.2738094	117.0880966	-0.2801339	-0.4085287
6.0666666	117.0880966	-0.2801339	-0.3151507
7.8595233	117.0880966	-0.4318731	-0.2334449
9.6523809	117.0880966	-0.4202009	-0.1167225
11.4452381	117.0880966	-0.4785621	-0.1867560
13.2380953	117.0880966	-0.4085287	-0.3735119
15.0309525	117.0880966	-0.1517392	-0.4552176
16.8238087	117.0880966	-0.1984282	-0.2217727
18.6166668	117.0880966	-0.0350167	-0.4902344
20.4095249	117.0880966	0.0466890	-0.4668899
22.2023811	117.0880966	0.0116722	-0.1400670
23.9952374	117.0880966	-0.1167225	-0.1283947
25.7880955	117.0880966	-0.1867560	-0.2801339
27.5809517	117.0880966	-0.1867560	-0.0583612
29.3738098	117.0880966	-0.3851842	-0.0233445
31.1666679	117.0880966	-0.4552176	-0.1400670
32.9595261	117.0880966	-0.5836124	-0.1167225
34.7523804	117.0880966	-0.3034784	-0.0583612
36.5452385	117.0880966	-0.3501674	0.0700335
38.3380966	117.0880966	-0.2451172	-0.0700335
40.1309547	117.0880966	-0.1400670	0.0000000
41.9238091	117.0880966	-0.1517392	-0.0233445
43.7166672	117.0880966	-0.0350167	0.1050502
45.5095253	117.0880966	-0.0116722	0.0000000
47.3023796	117.0880966	-0.0817057	-0.1283947
49.0952377	117.0880966	-0.0700335	-0.2451172
50.8880959	117.0880966	-0.0700335	-0.1400670
52.6809540	117.0880966	-0.1867560	0.2918062
54.4738083	117.0880966	0.0000000	0.0000000
56.2666664	117.0880966	-0.0700335	0.5135789
58.0595245	117.0880966	-0.1400670	0.4668899
59.8523788	117.0880966	-0.1634115	0.4318731
61.6452408	117.0880966	-0.0233445	0.6419736
63.4380951	117.0880966	-0.0233445	0.5019066
65.2309494	117.0880966	0.0466890	0.3034784
67.0238113	117.0880966	-0.0350167	0.1517392
68.8166656	117.0880966	0.0000000	0.0000000
70.6095276	117.0880966	0.0000000	0.0000000
-1.1047620	118.8809509	0.0000000	0.0000000
0.6880952	118.8809509	0.0000000	0.0000000
2.4809523	118.8809509	-0.0700335	-0.4202009
4.2738094	118.8809509	-0.2684617	-0.3968564
6.0666666	118.8809509	-0.3268229	-0.2801339
7.8595233	118.8809509	-0.4785621	-0.1167225
9.6523809	118.8809509	-0.4785621	-0.2567894
11.4452381	118.8809509	-0.4785621	-0.4552176
13.2380953	118.8809509	-0.3384952	-0.3735119
15.0309525	118.8809509	-0.1400670	-0.4435454
16.8238087	118.8809509	-0.1867560	-0.3968564
18.6166668	118.8809509	-0.1050502	-0.4202009
20.4095249	118.8809509	-0.1050502	-0.0583612
22.2023811	118.8809509	-0.0933780	-0.0233445
23.9952374	118.8809509	-0.0350167	-0.0933780
25.7880955	118.8809509	-0.1750837	-0.1400670
27.5809517	118.8809509	-0.3618397	-0.0350167
29.3738098	118.8809509	-0.4552176	0.0000000
31.1666679	118.8809509	-0.5836124	-0.1050502
32.9595261	118.8809509	-0.6419736	-0.0817057
34.7523804	118.8809509	-0.5135789	0.0350167
36.5452385	118.8809509	-0.4668899	0.0350167
38.3380966	118.8809509	-0.3851842	0.0350167
40.1309547	118.8809509	-0.3151507	-0.0233445
41.9238091	118.8809509	-0.0933780	0.0700335
43.7166672	118.8809509	-0.1400670	-0.0116722
45.5095253	118.8809509	-0.1634115	-0.1050502
47.3023796	118.8809509	-0.1634115	-0.1634115
49.0952377	118.8809509	-0.1517392	-0.1400670
50.8880959	118.8809509	-0.3151507	0.0233445
52.6809540	118.8809509	-0.0817057	0.1634115
54.4738083	118.8809509	0.0116722	0.3151507
56.2666664	118.8809509	-0.0817057	0.3501674
58.0595245	118.8809509	-0.1400670	0.3501674
59.8523788	118.8809509	-0.1400670	0.5602679
61.6452408	118.8809509	-0.0933780	0.5719401
63.4380951	118.8809509	-0.0583612	0.3968564
65.2309494	118.8809509	-0.1050502	0.4318731
67.0238113	118.8809509	-0.0583612	0.2334449
68.8166656	118.8809509	0.0000000	0.0000000
70.6095276	118.8809509	0.0000000	0.0000000
-1.1047620	120.6738129	0.0000000	0.0000000
0.6880952	120.6738129	0.0000000	0.0000000
2.4809523	120.6738129	-0.0700335	-0.5019066
4.2738094	120.6738129	-0.2684617	-0.2801339
6.0666666	120.6738129	-0.3735119	-0.2451172
7.8595233	120.6738129	-0.4785621	-0.2217727
9.6523809	120.6738129	-0.2801339	-0.1984282
11.4452381	120.6738129	-0.2451172	-0.2217727
13.2380953	120.6738129	-0.1867560	-0.4318731
15.0309525	120.6738129	-0.3618397	-0.2801339
16.8238087	120.6738129	-0.1984282	-0.2684617
18.6166668	120.6738129	-0.1750837	-0.4202009
20.4095249	120.6738129	-0.2451172	0.0000000
22.2023811	120.6738129	-0.1867560	0.0116722
23.9952374	120.6738129	-0.0233445	-0.0466890
25.7880955	120.6738129	-0.0817057	-0.0817057
27.5809517	120.6738129	-0.3618397	0.0583612
29.3738098	120.6738129	-0.5252512	0.0583612
31.1666679	120.6738129	-0.4902344	-0.1400670
32.9595261	120.6738129	-0.5019066	-0.1167225
34.7523804	120.6738129	-0.5252512	0.0000000
36.5452385	120.6738129	-0.2684617	-0.0350167
38.3380966	120.6738129	-0.1867560	-0.1167225
40.1309547	120.6738129	-0.2684617	-0.0466890
41.9238091	120.6738129	-0.1634115	-0.0350167
43.7166672	120.6738129	-0.1517392	-0.0466890
45.5095253	120.6738129	-0.2451172	-0.1283947
47.3023796	120.6738129	-0.2101004	-0.1400670
49.0952377	120.6738129	-0.1517392	-0.1400670
50.8880959	120.6738129	-0.4202009	0.0233445
52.6809540	120.6738129	-0.1984282	0.0000000
54.4738083	120.6738129	-0.1517392	0.1984282
56.2666664	120.6738129	-0.0700335	0.1867560
58.0595245	120.6738129	-0.0350167	0.2684617
59.8523788	120.6738129	-0.1750837	0.4435454
61.6452408	120.6738129	-0.1634115	0.6186291
63.4380951	120.6738129	0.0817057	0.3034784
65.2309494	120.6738129	-0.0583612	0.2567894
67.0238113	120.6738129	0.0116722	0.1867560
68.8166656	120.6738129	0.0000000	0.0000000
70.6095276	120.6738129	0.0000000	0.0000000
-1.1047620	122.4666672	0.0000000	0.0000000
0.6880952	122.4666672	0.0000000	0.0000000
2.4809523	122.4666672	0.0000000	-0.2801339
4.2738094	122.4666672	-0.1984282	-0.2101004
6.0666666	122.4666672	-0.1050502	-0.3034784
7.8595233	122.4666672	-0.1750837	-0.1984282
9.6523809	122.4666672	-0.2918062	-0.3618397
11.4452381	122.4666672	-0.2684617	-0.2334449
13.2380953	122.4666672	-0.2684617	-0.3034784
15.0309525	122.4666672	-0.2801339	-0.2101004
16.8238087	122.4666672	-0.1634115	-0.2918062
18.6166668	122.4666672	-0.1750837	-0.0933780
20.4095249	122.4666672	-0.2918062	-0.0583612
22.2023811	122.4666672	-0.1283947	-0.0466890
23.9952374	122.4666672	-0.1050502	-0.0116722
25.7880955	122.4666672	-0.2451172	-0.0116722
27.5809517	122.4666672	-0.1984282	0.0116722
29.3738098	122.4666672	-0.3151507	0.1050502
31.1666679	122.4666672	-0.3151507	-0.0817057
32.9595261	122.4666672	-0.3618397	-0.0116722
34.7523804	122.4666672	-0.4552176	0.0350167
36.5452385	122.4666672	-0.1517392	-0.1634115
38.3380966	122.4666672	-0.1750837	-0.2217727
40.1309547	122.4666672	-0.2684617	-0.1167225
41.9238091	122.4666672	-0.1867560	-0.0466890
43.7166672	122.4666672	-0.1517392	-0.0583612
45.5095253	122.4666672	-0.1283947	-0.1050502
47.3023796	122.4666672	-0.1517392	-0.1750837
49.0952377	122.4666672	-0.1634115	-0.0933780
50.8880959	122.4666672	-0.2217727	-0.1050502
52.6809540	122.4666672	-0.1400670	-0.0233445
54.4738083	122.4666672	-0.0233445	-0.0233445
56.2666664	122.4666672	-0.2684617	0.1400670
58.0595245	122.4666672	-0.2918062	0.4785621
59.8523788	122.4666672	-0.2101004	0.5602679
61.6452408	122.4666672	-0.0466890	0.3151507
63.4380951	122.4666672	0.0350167	0.2567894
65.2309494	122.4666672	-0.0116722	0.2567894
67.0238113	122.4666672	-0.0350167	0.4668899
68.8166656	122.4666672	0.0116722	0.8637463
70.6095276	122.4666672	0.0000000	0.0000000
-1.1047620	124.2595215	1.4006697	0.0000000
0.6880952	124.2595215	0.0000000	0.0000000
2.4809523	124.2595215	0.0000000	0.0000000
4.2738094	124.2595215	-0.1867560	-0.1867560
6.0666666	124.2595215	-0.0933780	-0.2334449
7.8595233	124.2595215	-0.0933780	-0.1400670
9.6523809	124.2595215	-0.1750837	-0.2101004
11.4452381	124.2595215	-0.1634115	-0.3735119
13.2380953	124.2595215	-0.3384952	-0.3034784
15.0309525	124.2595215	-0.1984282	-0.1517392
16.8238087	124.2595215	-0.1400670	-0.1867560
18.6166668	124.2595215	-0.1750837	-0.1750837
20.4095249	124.2595215	-0.1867560	-0.0817057
22.2023811	124.2595215	-0.2801339	-0.1167225
23.9952374	124.2595215	-0.2451172	-0.1400670
25.7880955	124.2595215	-0.4902344	0.0350167
27.5809517	124.2595215	-0.3384952	0.2101004
29.3738098	124.2595215	-0.3968564	0.1867560
31.1666679	124.2595215	-0.4785621	0.1167225
32.9595261	124.2595215	-0.2684617	0.0350167
34.7523804	124.2595215	-0.4318731	0.0933780
36.5452385	124.2595215	-0.1750837	-0.0350167
38.3380966	124.2595215	-0.1050502	-0.0700335
40.1309547	124.2595215	-0.1050502	0.0233445
41.9238091	124.2595215	-0.1400670	0.0350167
43.7166672	124.2595215	-0.1634115	0.0583612
45.5095253	124.2595215	-0.3268229	0.0233445
47.3023796	124.2595215	-0.2801339	-0.1167225
49.0952377	124.2595215	-0.1750837	-0.0233445
50.8880959	124.2595215	-0.1167225	-0.1050502
52.6809540	124.2595215	-0.0817057	-0.1167225
54.4738083	124.2595215	0.0700335	0.0583612
56.2666664	124.2595215	0.0817057	0.2918062
58.0595245	124.2595215	0.0583612	0.5135789
59.8523788	124.2595215	-0.1167225	0.5019066
61.6452408	124.2595215	-0.0700335	0.3151507
63.4380951	124.2595215	-0.1750837	0.4785621
65.2309494	124.2595215	-0.0233445	0.2567894
67.0238113	124.2595215	0.0233445	0.3151507
68.8166656	124.2595215	-0.0233445	0.5602679
70.6095276	124.2595215	0.0000000	0.0000000
-1.1047620	126.0523834	0.0000000	0.0000000
0.6880952	126.0523834	0.0000000	0.0000000
2.4809523	126.0523834	0.0000000	0.0000000
4.2738094	126.0523834	0.0116722	-0.0350167
6.0666666	126.0523834	-0.0700335	-0.4668899
7.8595233	126.0523834	-0.0817057	-0.2801339
9.6523809	126.0523834	-0.0583612	-0.2801339
11.4452381	126.0523834	-0.2801339	-0.3151507
13.2380953	126.0523834	-0.2918062	-0.1984282
15.0309525	126.0523834	-0.2451172	-0.1283947
16.8238087	126.0523834	-0.1984282	-0.1050502
18.6166668	126.0523834	-0.2451172	-0.1750837
20.4095249	126.0523834	-0.0817057	-0.0700335
22.2023811	126.0523834	-0.1050502	-0.0817057
23.9952374	126.0523834	-0.1050502	-0.0700335
25.7880955	126.0523834	-0.3501674	0.0466890
27.5809517	126.0523834	-0.3268229	0.2217727
29.3738098	126.0523834	-0.2567894	0.0933780
31.1666679	126.0523834	-0.3034784	-0.0233445
32.9595261	126.0523834	-0.2801339	-0.0116722
34.7523804	126.0523834	-0.4202009	0.2684617
36.5452385	126.0523834	-0.2801339	-0.1167225
38.3380966	126.0523834	-0.2801339	-0.1050502
40.1309547	126.0523834	-0.1634115	0.0000000
41.9238091	126.0523834	-0.3151507	0.0466890
43.7166672	126.0523834	-0.2101004	0.0700335
45.5095253	126.0523834	-0.1867560	0.0466890
47.3023796	126.0523834	-0.1984282	0.0466890
49.0952377	126.0523834	-0.1984282	0.0583612
50.8880959	126.0523834	-0.1050502	0.0116722
52.6809540	126.0523834	-0.1634115	0.0116722
54.4738083	126.0523834	-0.2451172	0.0583612
56.2666664	126.0523834	-0.1984282	0.4668899
58.0595245	126.0523834	-0.0466890	0.5019066
59.8523788	126.0523834	0.0116722	0.2684617
61.6452408	126.0523834	0.0466890	0.3151507
63.4380951	126.0523834	-0.1050502	0.2334449
65.2309494	126.0523834	-0.0466890	0.1283947
67.0238113	126.0523834	0.1634115	0.2101004
68.8166656	126.0523834	0.0000000	0.0000000
70.6095276	126.0523834	-0.0466890	0.0233445
-1.1047620	127.8452454	0.0000000	0.0000000
0.6880952	127.8452454	0.0000000	0.0000000
2.4809523	127.8452454	0.0000000	-0.5019066
4.2738094	127.8452454	0.0000000	0.0000000
6.0666666	127.8452454	0.0700335	-0.1167225
7.8595233	127.8452454	-0.0700335	-0.2334449
9.6523809	127.8452454	-0.1283947	-0.1984282
11.4452381	127.8452454	-0.2451172	-0.2101004
13.2380953	127.8452454	-0.3501674	-0.1634115
15.0309525	127.8452454	-0.3501674	-0.0933780
16.8238087	127.8452454	-0.3384952	-0.0933780
18.6166668	127.8452454	-0.3618397	-0.0700335
20.4095249	127.8452454	-0.1050502	-0.0466890
22.2023811	127.8452454	-0.1167225	-0.0350167
23.9952374	127.8452454	-0.1167225	-0.0233445
25.7880955	127.8452454	-0.1750837	0.0933780
27.5809517	127.8452454	-0.2918062	0.2101004
29.3738098	127.8452454	-0.3968564	0.2684617
31.1666679	127.8452454	-0.2567894	0.0700335
32.9595261	127.8452454	-0.2334449	0.0466890
34.7523804	127.8452454	-0.2684617	-0.1283947
36.5452385	127.8452454	-0.1984282	-0.0933780
38.3380966	127.8452454	-0.2684617	-0.1400670
40.1309547	127.8452454	-0.3384952	0.1400670
41.9238091	127.8452454	-0.1400670	0.1167225
43.7166672	127.8452454	-0.1167225	0.1167225
45.5095253	127.8452454	-0.1400670	0.2101004
47.3023796	127.8452454	-0.2101004	0.0933780
49.0952377	127.8452454	-0.1634115	0.1167225
50.8880959	127.8452454	-0.1167225	0.0700335
52.6809540	127.8452454	-0.1750837	-0.0583612
54.4738083	127.8452454	-0.1750837	0.0466890
56.2666664	127.8452454	-0.2101004	0.1167225
58.0595245	127.8452454	-0.0583612	0.4668899
59.8523788	127.8452454	-0.2101004	0.4785621
61.6452408	127.8452454	0.1283947	0.0933780
63.4380951	127.8452454	0.1167225	0.0817057
65.2309494	127.8452454	0.0116722	0.0700335
67.0238113	127.8452454	0.0233445	0.0233445
68.8166656	127.8452454	0.0000000	0.0000000
70.6095276	127.8452454	0.0000000	0.0000000
-1.1047620	129.6380920	0.0000000	0.0000000
0.6880952	129.6380920	0.0000000	0.0000000
2.4809523	129.6380920	0.0000000	0.0000000
4.2738094	129.6380920	0.0233445	-0.1400670
6.0666666	129.6380920	0.1167225	-0.0466890
7.8595233	129.6380920	-0.0466890	-0.1867560
9.6523809	129.6380920	-0.0933780	-0.0933780
11.4452381	129.6380920	-0.1750837	-0.2101004
13.2380953	129.6380920	-0.3501674	-0.2101004
15.0309525	129.6380920	-0.3968564	-0.1517392
16.8238087	129.6380920	-0.4202009	-0.1167225
18.6166668	129.6380920	-0.5252512	-0.1167225
20.4095249	129.6380920	-0.3034784	-0.0817057
22.2023811	129.6380920	-0.1750837	-0.0350167
23.9952374	129.6380920	-0.2801339	-0.0350167
25.7880955	129.6380920	-0.0933780	0.0817057
27.5809517	129.6380920	-0.1050502	0.1283947
29.3738098	129.6380920	-0.2334449	0.1984282
31.1666679	129.6380920	0.0817057	-0.0116722
32.9595261	129.6380920	-0.1750837	0.1867560
34.7523804	129.6380920	-0.1283947	0.1283947
36.5452385	129.6380920	-0.1283947	0.0466890
38.3380966	129.6380920	-0.2918062	-0.1050502
40.1309547	129.6380920	-0.3268229	0.0700335
41.9238091	129.6380920	-0.1750837	0.1400670
43.7166672	129.6380920	-0.2451172	0.1867560
45.5095253	129.6380920	-0.1400670	0.1867560
47.3023796	129.6380920	-0.1867560	0.0817057
49.0952377	129.6380920	-0.0933780	0.1283947
50.8880959	129.6380920	-0.0817057	0.2567894
52.6809540	129.6380920	-0.1750837	0.1984282
54.4738083	129.6380920	-0.1283947	0.1750837
56.2666664	129.6380920	-0.0817057	0.2217727
58.0595245	129.6380920	-0.2101004	0.5836124
59.8523788	129.6380920	-0.2217727	0.6069568
61.6452408	129.6380920	0.0000000	0.3968564
63.4380951	129.6380920	0.0817057	-0.0583612
65.2309494	129.6380920	0.0233445	-0.0233445
67.0238113	129.6380920	-0.0233445	-0.1634115
68.8166656	129.6380920	0.0116722	-0.8404018
70.6095276	129.6380920	0.0000000	0.0000000
-1.1047620	131.4309540	0.0000000	0.0000000
0.6880952	131.4309540	0.0000000	0.0000000
2.4809523	131.4309540	0.0000000	0.0000000
4.2738094	131.4309540	-0.0817057	-0.1517392
6.0666666	131.4309540	-0.0116722	-0.1050502
7.8595233	131.4309540	0.0233445	-0.0933780
9.6523809	131.4309540	-0.1750837	-0.1634115
11.4452381	131.4309540	-0.2101004	-0.1050502
13.2380953	131.4309540	-0.2451172	-0.0817057
15.0309525	131.4309540	-0.2684617	-0.1050502
16.8238087	131.4309540	-0.3151507	-0.0583612
18.6166668	131.4309540	-0.2801339	-0.0466890
20.4095249	131.4309540	-0.2451172	-0.1283947
22.2023811	131.4309540	-0.1867560	-0.0817057
23.9952374	131.4309540	-0.3034784	-0.0817057
25.7880955	131.4309540	-0.2918062	0.0000000
27.5809517	131.4309540	-0.2918062	0.1167225
29.3738098	131.4309540	-0.2684617	0.2334449
31.1666679	131.4309540	-0.2217727	0.2451172
32.9595261	131.4309540	-0.1517392	0.1634115
34.7523804	131.4309540	-0.1634115	0.1283947
36.5452385	131.4309540	-0.1750837	0.1517392
38.3380966	131.4309540	-0.2801339	0.0000000
40.1309547	131.4309540	-0.2918062	0.0350167
41.9238091	131.4309540	-0.1517392	0.0350167
43.7166672	131.4309540	-0.1634115	0.1517392
45.5095253	131.4309540	-0.1050502	0.1400670
47.3023796	131.4309540	-0.1400670	0.1867560
49.0952377	131.4309540	-0.1283947	0.1167225
50.8880959	131.4309540	-0.1283947	0.1400670
52.6809540	131.4309540	-0.2334449	-0.0233445
54.4738083	131.4309540	-0.1050502	0.1634115
56.2666664	131.4309540	-0.0700335	0.1984282
58.0595245	131.4309540	-0.1867560	0.2801339
59.8523788	131.4309540	-0.3151507	0.4668899
61.6452408	131.4309540	-0.2101004	0.5719401
63.4380951	131.4309540	-0.0116722	-0.0116722
65.2309494	131.4309540	-0.0233445	-0.1167225
67.0238113	131.4309540	0.0000000	-0.2217727
68.8166656	131.4309540	0.0233445	-0.8170573
70.6095276	131.4309540	0.0000000	0.0000000
-1.1047620	133.2238159	0.0000000	0.0000000
0.6880952	133.2238159	0.0000000	0.0000000
2.4809523	133.2238159	0.0000000	0.0000000
4.2738094	133.2238159	-0.2684617	-0.1867560
6.0666666	133.2238159	-0.1283947	-0.0933780
7.8595233	133.2238159	-0.1750837	-0.0350167
9.6523809	133.2238159	-0.1517392	-0.0583612
11.4452381	133.2238159	-0.2334449	-0.1750837
13.2380953	133.2238159	-0.2451172	-0.2684617
15.0309525	133.2238159	-0.2451172	-0.2334449
16.8238087	133.2238159	-0.1750837	-0.2334449
18.6166668	133.2238159	-0.1750837	-0.2101004
20.4095249	133.2238159	-0.1283947	-0.1167225
22.2023811	133.2238159	-0.2217727	-0.0350167
23.9952374	133.2238159	-0.3735119	0.0116722
25.7880955	133.2238159	-0.2684617	0.0116722
27.5809517	133.2238159	-0.3618397	0.1400670
29.3738098	133.2238159	-0.2101004	0.3384952
31.1666679	133.2238159	-0.1867560	0.3034784
32.9595261	133.2238159	-0.1283947	0.0817057
34.7523804	133.2238159	-0.1984282	0.0583612
36.5452385	133.2238159	-0.2684617	0.0000000
38.3380966	133.2238159	-0.2451172	0.0233445
40.1309547	133.2238159	-0.1984282	0.0233445
41.9238091	133.2238159	-0.1750837	0.0466890
43.7166672	133.2238159	-0.1517392	0.0933780
45.5095253	133.2238159	-0.1517392	0.1517392
47.3023796	133.2238159	-0.1167225	0.1283947
49.0952377	133.2238159	-0.1634115	0.1167225
50.8880959	133.2238159	-0.1050502	0.0817057
52.6809540	133.2238159	-0.1634115	0.0466890
54.4738083	133.2238159	-0.2101004	0.0700335
56.2666664	133.2238159	-0.1984282	0.0933780
58.0595245	133.2238159	-0.1750837	0.2101004
59.8523788	133.2238159	-0.1400670	0.2101004
61.6452408	133.2238159	-0.2101004	0.4668899
63.4380951	133.2238159	-0.0233445	0.0233445
65.2309494	133.2238159	-0.0583612	-0.1050502
67.0238113	133.2238159	-0.0583612	-0.0933780
68.8166656	133.2238159	0.0000000	-0.6069568
70.6095276	133.2238159	0.0000000	0.0000000
-1.1047620	135.0166626	0.0000000	0.0000000
0.6880952	135.0166626	0.0000000	0.0000000
2.4809523	135.0166626	0.0000000	0.0000000
4.2738094	135.0166626	-0.1634115	-0.0817057
6.0666666	135.0166626	-0.2217727	-0.1167225
7.8595233	135.0166626	-0.2101004	-0.0350167
9.6523809	135.0166626	-0.1634115	-0.0583612
11.4452381	135.0166626	-0.2567894	-0.1400670
13.2380953	135.0166626	-0.1400670	-0.2801339
15.0309525	135.0166626	-0.1634115	-0.3151507
16.8238087	135.0166626	-0.1400670	-0.4435454
18.6166668	135.0166626	-0.1050502	-0.3501674
20.4095249	135.0166626	-0.0817057	-0.1750837
22.2023811	135.0166626	-0.2217727	-0.0116722
23.9952374	135.0166626	-0.2918062	0.0583612
25.7880955	135.0166626	-0.4085287	0.0466890
27.5809517	135.0166626	-0.3034784	0.1867560
29.3738098	135.0166626	-0.4202009	0.1517392
31.1666679	135.0166626	-0.3501674	0.1984282
32.9595261	135.0166626	-0.2334449	0.1634115
34.7523804	135.0166626	-0.3034784	0.0116722
36.5452385	135.0166626	-0.3151507	-0.0466890
38.3380966	135.0166626	-0.2334449	0.0466890
40.1309547	135.0166626	-0.2801339	0.0466890
41.9238091	135.0166626	-0.1283947	0.0583612
43.7166672	135.0166626	-0.1634115	0.0583612
45.5095253	135.0166626	-0.3851842	0.1167225
47.3023796	135.0166626	-0.1984282	0.0700335
49.0952377	135.0166626	-0.1984282	0.0350167
50.8880959	135.0166626	-0.1167225	0.0350167
52.6809540	135.0166626	-0.1167225	0.0466890
54.4738083	135.0166626	-0.1517392	0.2451172
56.2666664	135.0166626	-0.1750837	0.2451172
58.0595245	135.0166626	0.0233445	0.1517392
59.8523788	135.0166626	-0.1867560	0.3501674
61.6452408	135.0166626	-0.1050502	0.4318731
63.4380951	135.0166626	-0.0233445	0.0466890
65.2309494	135.0166626	-0.0116722	-0.0350167
67.0238113	135.0166626	0.0350167	-0.3501674
68.8166656	135.0166626	0.0000000	0.0000000
70.6095276	135.0166626	0.0000000	0.0000000
-1.1047620	136.8095245	0.0000000	0.0000000
0.6880952	136.8095245	0.0000000	0.0000000
2.4809523	136.8095245	0.0000000	0.0000000
4.2738094	136.8095245	-0.2918062	-0.0233445
6.0666666	136.8095245	-0.3618397	-0.1050502
7.8595233	136.8095245	-0.2684617	-0.0233445
9.6523809	136.8095245	-0.2567894	-0.0583612
11.4452381	136.8095245	-0.1400670	-0.0583612
13.2380953	136.8095245	-0.1167225	-0.3151507
15.0309525	136.8095245	-0.1867560	-0.4318731
16.8238087	136.8095245	-0.1400670	-0.5719401
18.6166668	136.8095245	-0.1634115	-0.3735119
20.4095249	136.8095245	-0.1400670	-0.0817057
22.2023811	136.8095245	-0.2334449	0.1400670
23.9952374	136.8095245	-0.3501674	0.1283947
25.7880955	136.8095245	-0.4668899	0.0583612
27.5809517	136.8095245	-0.3618397	0.2684617
29.3738098	136.8095245	-0.4085287	0.1634115
31.1666679	136.8095245	-0.4552176	0.1750837
32.9595261	136.8095245	-0.5135789	0.2334449
34.7523804	136.8095245	-0.3851842	0.0700335
36.5452385	136.8095245	-0.2217727	0.0000000
38.3380966	136.8095245	-0.2801339	0.0817057
40.1309547	136.8095245	-0.3034784	0.1050502
41.9238091	136.8095245	-0.2101004	0.0466890
43.7166672	136.8095245	-0.1984282	0.0817057
45.5095253	136.8095245	-0.2918062	-0.0350167
47.3023796	136.8095245	-0.2567894	0.1634115
49.0952377	136.8095245	-0.1867560	0.0233445
50.8880959	136.8095245	-0.1050502	-0.0233445
52.6809540	136.8095245	-0.1050502	0.0233445
54.4738083	136.8095245	-0.1167225	0.1400670
56.2666664	136.8095245	-0.0817057	0.2684617
58.0595245	136.8095245	0.0350167	0.1750837
59.8523788	136.8095245	-0.0583612	0.3034784
61.6452408	136.8095245	0.0116722	0.2334449
63.4380951	136.8095245	0.0817057	0.1283947
65.2309494	136.8095245	-0.0350167	0.1167225
67.0238113	136.8095245	0.0817057	-0.5135789
68.8166656	136.8095245	0.0116722	-0.7820405
70.6095276	136.8095245	0.0000000	0.0000000
-1.1047620	138.6023712	0.0000000	0.0000000
0.6880952	138.6023712	0.0000000	0.0000000
2.4809523	138.6023712	0.0000000	0.0000000
4.2738094	138.6023712	-0.4902344	-0.0116722
6.0666666	138.6023712	-0.5719401	-0.0466890
7.8595233	138.6023712	-0.5485956	-0.1167225
9.6523809	138.6023712	-0.1867560	-0.0817057
11.4452381	138.6023712	-0.2217727	-0.1167225
13.2380953	138.6023712	-0.1984282	-0.3735119
15.0309525	138.6023712	-0.3151507	-0.4785621
16.8238087	138.6023712	-0.2217727	-0.3151507
18.6166668	138.6023712	-0.0933780	-0.0466890
20.4095249	138.6023712	-0.1984282	-0.0116722
22.2023811	138.6023712	-0.3968564	0.1517392
23.9952374	138.6023712	-0.4318731	0.0583612
25.7880955	138.6023712	-0.5019066	0.1517392
27.5809517	138.6023712	-0.5252512	0.1050502
29.3738098	138.6023712	-0.6419736	0.1517392
31.1666679	138.6023712	-0.5952846	0.1283947
32.9595261	138.6023712	-0.5252512	0.1634115
34.7523804	138.6023712	-0.3268229	0.0583612
36.5452385	138.6023712	-0.1867560	0.0583612
38.3380966	138.6023712	-0.2918062	0.0583612
40.1309547	138.6023712	-0.2451172	0.0583612
41.9238091	138.6023712	-0.2451172	0.0583612
43.7166672	138.6023712	-0.1867560	0.1867560
45.5095253	138.6023712	-0.1984282	0.1283947
47.3023796	138.6023712	-0.1400670	0.1283947
49.0952377	138.6023712	-0.1283947	0.0116722
50.8880959	138.6023712	-0.1167225	-0.0350167
52.6809540	138.6023712	-0.0700335	0.0933780
54.4738083	138.6023712	-0.0116722	0.1634115
56.2666664	138.6023712	-0.1050502	0.1867560
58.0595245	138.6023712	0.0583612	0.3034784
59.8523788	138.6023712	0.1167225	0.3268229
61.6452408	138.6023712	-0.0933780	0.1867560
63.4380951	138.6023712	-0.0350167	0.0583612
65.2309494	138.6023712	0.1167225	0.2101004
67.0238113	138.6023712	-0.1283947	-0.0233445
68.8166656	138.6023712	0.0000000	0.0000000
70.6095276	138.6023712	0.0000000	0.0000000
