-1.1047620	65.0952377	0.0000000	0.0000000
0.6880952	65.0952377	0.0000000	0.0000000
2.4809523	65.0952377	0.0000000	0.5485956
4.2738094	65.0952377	0.0700335	1.2956195
6.0666666	65.0952377	-0.1984282	0.0583612
7.8595233	65.0952377	0.9221075	-0.0116722
9.6523809	65.0952377	-0.2101004	-1.3072917
11.4452381	65.0952377	-0.2567894	-0.0700335
13.2380953	65.0952377	-0.6069568	-1.4590309
15.0309525	65.0952377	-0.1167225	-1.4707031
16.8238087	65.0952377	0.0466890	-1.4823754
18.6166668	65.0952377	-0.1283947	-0.0116722
20.4095249	65.0952377	0.1400670	0.0000000
22.2023811	65.0952377	-0.1634115	-0.0233445
23.9952374	65.0952377	-0.2334449	-0.0466890
25.7880955	65.0952377	-0.2567894	-0.0350167
27.5809517	65.0952377	-0.2451172	-0.1750837
29.3738098	65.0952377	-0.7703683	0.0233445
31.1666679	65.0952377	-2.3694661	1.4123420
32.9595261	65.0952377	-2.2410715	1.3773252
34.7523804	65.0952377	-1.5874256	1.3539807
36.5452385	65.0952377	-1.1205357	1.4006697
38.3380966	65.0952377	-0.7003348	1.5407367
40.1309547	65.0952377	1.6691314	0.0000000
41.9238091	65.0952377	0.8053851	0.0116722
43.7166672	65.0952377	0.0000000	0.0000000
45.5095253	65.0952377	0.0000000	0.0000000
47.3023796	65.0952377	0.0000000	0.0000000
49.0952377	65.0952377	-0.5952846	0.0350167
50.8880959	65.0952377	-0.5252512	0.0817057
52.6809540	65.0952377	0.2567894	0.0933780
54.4738083	65.0952377	-1.3773252	2.7779949
56.2666664	65.0952377	0.0000000	0.0000000
58.0595245	65.0952377	0.0000000	0.0000000
59.8523788	65.0952377	0.5719401	1.5757533
61.6452408	65.0952377	0.0000000	0.0000000
63.4380951	65.0952377	0.0000000	0.0000000
65.2309494	65.0952377	-0.1867560	2.7079613
67.0238113	65.0952377	0.0000000	0.0000000
68.8166656	65.0952377	0.0000000	0.0000000
70.6095276	65.0952377	0.0000000	0.0000000
-1.1047620	66.8880920	0.0000000	0.0000000
0.6880952	66.8880920	0.0000000	0.0000000
2.4809523	66.8880920	0.0000000	0.0000000
4.2738094	66.8880920	0.0000000	0.0000000
6.0666666	66.8880920	-0.1984282	0.0350167
7.8595233	66.8880920	1.0038133	0.0233445
9.6523809	66.8880920	0.1867560	-0.0583612
11.4452381	66.8880920	-0.1867560	-0.0116722
13.2380953	66.8880920	-0.6303014	-0.0700335
15.0309525	66.8880920	-1.3189639	-0.0116722
16.8238087	66.8880920	0.0000000	0.0000000
18.6166668	66.8880920	0.0000000	0.0000000
20.4095249	66.8880920	0.0000000	0.0000000
22.2023811	66.8880920	0.0000000	0.0000000
23.9952374	66.8880920	-0.4552176	-0.0116722
25.7880955	66.8880920	-0.2567894	-0.1050502
27.5809517	66.8880920	-0.0583612	-0.1400670
29.3738098	66.8880920	0.0350167	-0.2334449
31.1666679	66.8880920	-0.4085287	0.0933780
32.9595261	66.8880920	-1.6457869	1.3889974
34.7523804	66.8880920	-1.4123420	1.4590309
36.5452385	66.8880920	-0.7353516	1.4240142
38.3380966	66.8880920	-0.7120071	1.5874256
40.1309547	66.8880920	-0.4785621	1.4707031
41.9238091	66.8880920	-0.5952846	1.5640811
43.7166672	66.8880920	0.5252512	0.0933780
45.5095253	66.8880920	0.0933780	0.1517392
47.3023796	66.8880920	0.1634115	1.3889974
49.0952377	66.8880920	-0.0116722	1.5640811
50.8880959	66.8880920	-0.0116722	1.5640811
52.6809540	66.8880920	0.0817057	1.4240142
54.4738083	66.8880920	-0.0700335	1.5874256
56.2666664	66.8880920	0.0000000	0.0000000
58.0595245	66.8880920	0.1283947	2.9297340
59.8523788	66.8880920	0.0000000	0.0000000
61.6452408	66.8880920	0.0116722	-0.0233445
63.4380951	66.8880920	0.3034784	0.8754185
65.2309494	66.8880920	-0.0466890	0.8404018
67.0238113	66.8880920	0.0000000	0.0000000
68.8166656	66.8880920	0.0000000	0.0000000
70.6095276	66.8880920	0.0000000	0.0000000
-1.1047620	68.6809464	0.0000000	0.0000000
0.6880952	68.6809464	0.0000000	0.0000000
2.4809523	68.6809464	0.0000000	0.0000000
4.2738094	68.6809464	0.0116722	1.3889974
6.0666666	68.6809464	0.0000000	1.3189639
7.8595233	68.6809464	-0.1167225	1.3539807
9.6523809	68.6809464	0.0000000	0.0000000
11.4452381	68.6809464	-0.7703683	-0.1050502
13.2380953	68.6809464	-0.2451172	-1.4240142
15.0309525	68.6809464	-0.7236793	-1.4006697
16.8238087	68.6809464	-1.0038133	-1.4240142
18.6166668	68.6809464	-0.1634115	-1.4707031
20.4095249	68.6809464	0.0000000	0.0000000
22.2023811	68.6809464	0.0000000	0.0000000
23.9952374	68.6809464	-0.2101004	0.0700335
25.7880955	68.6809464	-0.2101004	0.0116722
27.5809517	68.6809464	-0.0700335	0.0116722
29.3738098	68.6809464	-0.0233445	-0.0233445
31.1666679	68.6809464	-0.3151507	0.0933780
32.9595261	68.6809464	0.0000000	0.0000000
34.7523804	68.6809464	-1.3889974	1.5640811
36.5452385	68.6809464	-0.6303014	1.4356863
38.3380966	68.6809464	-0.8404018	1.2839472
40.1309547	68.6809464	-1.5640811	1.2956195
41.9238091	68.6809464	-1.4006697	-2.1710379
43.7166672	68.6809464	1.2839472	-0.2217727
45.5095253	68.6809464	0.0116722	1.4240142
47.3023796	68.6809464	-0.0116722	1.3423084
49.0952377	68.6809464	0.0350167	1.4006697
50.8880959	68.6809464	0.1517392	1.4940476
52.6809540	68.6809464	0.0000000	0.0000000
54.4738083	68.6809464	0.0233445	1.5407367
56.2666664	68.6809464	0.2684617	0.1283947
58.0595245	68.6809464	0.1167225	0.1167225
59.8523788	68.6809464	-0.2217727	1.5407367
61.6452408	68.6809464	0.0000000	0.0000000
63.4380951	68.6809464	-0.1283947	1.4940476
65.2309494	68.6809464	0.0000000	0.0000000
67.0238113	68.6809464	-0.0583612	1.4006697
68.8166656	68.6809464	0.0000000	0.0000000
70.6095276	68.6809464	0.0000000	0.0000000
-1.1047620	70.4738159	0.0000000	0.0000000
0.6880952	70.4738159	0.0000000	0.0000000
2.4809523	70.4738159	0.0000000	0.0000000
4.2738094	70.4738159	0.0000000	1.3656529
6.0666666	70.4738159	-0.0700335	0.0583612
7.8595233	70.4738159	-0.7586961	-0.0116722
9.6523809	70.4738159	-0.1867560	0.0350167
11.4452381	70.4738159	-0.7820405	-1.3656529
13.2380953	70.4738159	-0.7236793	-1.4590309
15.0309525	70.4738159	-0.7236793	-1.4123420
16.8238087	70.4738159	0.0000000	0.0000000
18.6166668	70.4738159	-1.0621744	-0.0233445
20.4095249	70.4738159	-0.8170573	-0.0116722
22.2023811	70.4738159	-0.6769903	-0.0116722
23.9952374	70.4738159	0.0000000	0.0000000
25.7880955	70.4738159	0.1400670	-0.0116722
27.5809517	70.4738159	-0.1984282	0.1634115
29.3738098	70.4738159	-0.1517392	-0.1867560
31.1666679	70.4738159	-0.0583612	0.0933780
32.9595261	70.4738159	0.0817057	0.2684617
34.7523804	70.4738159	0.0817057	0.3968564
36.5452385	70.4738159	-1.0154855	1.5057199
38.3380966	70.4738159	-0.9921410	1.5290644
40.1309547	70.4738159	-0.1283947	0.1517392
41.9238091	70.4738159	-0.6536459	1.2956195
43.7166672	70.4738159	-0.6653181	1.4356863
45.5095253	70.4738159	0.1634115	0.1283947
47.3023796	70.4738159	0.3268229	0.1167225
49.0952377	70.4738159	0.0116722	1.4473586
50.8880959	70.4738159	0.5836124	1.5057199
52.6809540	70.4738159	0.4785621	1.5524089
54.4738083	70.4738159	0.0000000	1.3539807
56.2666664	70.4738159	-0.1050502	1.3072917
58.0595245	70.4738159	0.0000000	0.0000000
59.8523788	70.4738159	-0.5485956	3.2448847
61.6452408	70.4738159	0.6653181	3.0931456
63.4380951	70.4738159	0.0817057	1.4473586
65.2309494	70.4738159	0.7937128	0.1283947
67.0238113	70.4738159	0.0000000	0.0000000
68.8166656	70.4738159	-0.0116722	-1.1205357
70.6095276	70.4738159	0.0000000	0.0000000
-1.1047620	72.2666702	0.0000000	0.0000000
0.6880952	72.2666702	0.0000000	0.0000000
2.4809523	72.2666702	0.0000000	0.0000000
4.2738094	72.2666702	0.0000000	0.0000000
6.0666666	72.2666702	0.0000000	0.0000000
7.8595233	72.2666702	-0.1400670	0.0233445
9.6523809	72.2666702	-0.6186291	0.0933780
11.4452381	72.2666702	-0.7703683	0.0350167
13.2380953	72.2666702	-0.2684617	0.0116722
15.0309525	72.2666702	-0.6419736	-1.3773252
16.8238087	72.2666702	-0.8754185	-0.1984282
18.6166668	72.2666702	-0.9921410	-0.0583612
20.4095249	72.2666702	0.0000000	0.0000000
22.2023811	72.2666702	-0.1167225	-1.4707031
23.9952374	72.2666702	-0.1750837	-1.4123420
25.7880955	72.2666702	-0.6536459	0.0817057
27.5809517	72.2666702	-0.7003348	0.1517392
29.3738098	72.2666702	-0.2217727	0.0700335
31.1666679	72.2666702	0.0233445	0.0700335
32.9595261	72.2666702	0.1400670	-0.0583612
34.7523804	72.2666702	-0.0350167	0.4202009
36.5452385	72.2666702	-0.3618397	1.2606027
38.3380966	72.2666702	-0.9221075	1.5290644
40.1309547	72.2666702	-0.0817057	0.1634115
41.9238091	72.2666702	0.1634115	-0.0466890
43.7166672	72.2666702	-1.2139137	1.9842820
45.5095253	72.2666702	0.3034784	0.1867560
47.3023796	72.2666702	-0.1167225	0.7353516
49.0952377	72.2666702	0.0233445	0.0700335
50.8880959	72.2666702	0.1984282	1.5524089
52.6809540	72.2666702	0.2334449	1.8675596
54.4738083	72.2666702	-0.0116722	1.5757533
56.2666664	72.2666702	-0.3034784	1.2956195
58.0595245	72.2666702	-4.5054874	0.0466890
59.8523788	72.2666702	0.0000000	0.0000000
61.6452408	72.2666702	1.1672248	0.0350167
63.4380951	72.2666702	-0.2567894	1.3889974
65.2309494	72.2666702	-0.0116722	1.5524089
67.0238113	72.2666702	0.0000000	0.0000000
68.8166656	72.2666702	0.0000000	0.0000000
70.6095276	72.2666702	0.0000000	0.0000000
-1.1047620	74.0595245	0.0000000	0.0000000
0.6880952	74.0595245	0.0000000	0.0000000
2.4809523	74.0595245	0.0000000	0.0000000
4.2738094	74.0595245	0.0116722	1.4590309
6.0666666	74.0595245	-1.4356863	0.0000000
7.8595233	74.0595245	0.0000000	0.0000000
9.6523809	74.0595245	-0.4785621	0.0350167
11.4452381	74.0595245	-0.0116722	0.0116722
13.2380953	74.0595245	-0.4902344	-0.0700335
15.0309525	74.0595245	-0.8870908	-0.2217727
16.8238087	74.0595245	-0.9337798	-0.5719401
18.6166668	74.0595245	-0.8053851	-0.1634115
20.4095249	74.0595245	-0.6653181	-0.0466890
22.2023811	74.0595245	0.0000000	0.0000000
23.9952374	74.0595245	-0.3151507	-0.0817057
25.7880955	74.0595245	0.4318731	0.0116722
27.5809517	74.0595245	-0.5135789	0.0350167
29.3738098	74.0595245	0.0817057	1.5290644
31.1666679	74.0595245	0.0466890	-0.0350167
32.9595261	74.0595245	-0.0817057	0.1283947
34.7523804	74.0595245	0.0000000	0.0000000
36.5452385	74.0595245	-0.2217727	0.7937128
38.3380966	74.0595245	-0.0350167	0.1750837
40.1309547	74.0595245	1.1322080	1.5290644
41.9238091	74.0595245	0.0000000	0.0000000
43.7166672	74.0595245	0.0817057	1.4707031
45.5095253	74.0595245	-0.8404018	1.4240142
47.3023796	74.0595245	0.0000000	0.2801339
49.0952377	74.0595245	-0.0350167	1.4940476
50.8880959	74.0595245	0.0000000	0.0000000
52.6809540	74.0595245	-3.2332125	1.3773252
54.4738083	74.0595245	0.0000000	0.0000000
56.2666664	74.0595245	-0.8287296	2.8947172
58.0595245	74.0595245	-0.4668899	2.9647508
59.8523788	74.0595245	-0.5135789	2.9530785
61.6452408	74.0595245	-0.2684617	2.9997675
63.4380951	74.0595245	-0.2567894	2.2994328
65.2309494	74.0595245	-0.0933780	2.2410715
67.0238113	74.0595245	0.0000000	0.0000000
68.8166656	74.0595245	0.0000000	0.0000000
70.6095276	74.0595245	0.0000000	0.0000000
-1.1047620	75.8523788	-0.0116722	2.9880953
0.6880952	75.8523788	0.0000000	0.0000000
2.4809523	75.8523788	0.0000000	0.0000000
4.2738094	75.8523788	0.0817057	1.4823754
6.0666666	75.8523788	0.4785621	1.4473586
7.8595233	75.8523788	-1.2606027	0.1167225
9.6523809	75.8523788	-0.2918062	0.0583612
11.4452381	75.8523788	-0.0116722	0.5719401
13.2380953	75.8523788	-0.6769903	-0.3034784
15.0309525	75.8523788	-0.7120071	-0.1400670
16.8238087	75.8523788	-0.7236793	-0.1283947
18.6166668	75.8523788	-0.2101004	-0.1167225
20.4095249	75.8523788	-1.0038133	-0.0116722
22.2023811	75.8523788	-1.5290644	0.1634115
23.9952374	75.8523788	0.0000000	0.0000000
25.7880955	75.8523788	-0.6186291	0.0466890
27.5809517	75.8523788	0.5952846	-0.0233445
29.3738098	75.8523788	0.2217727	-0.0350167
31.1666679	75.8523788	0.1283947	-0.1167225
32.9595261	75.8523788	-0.2918062	0.1050502
34.7523804	75.8523788	-0.0583612	1.3072917
36.5452385	75.8523788	0.0000000	0.0000000
38.3380966	75.8523788	0.1867560	0.0233445
40.1309547	75.8523788	-0.8404018	-0.0116722
41.9238091	75.8523788	0.0000000	0.0000000
43.7166672	75.8523788	-1.4240142	1.4940476
45.5095253	75.8523788	-0.6653181	0.0350167
47.3023796	75.8523788	-0.6536459	1.2956195
49.0952377	75.8523788	0.0000000	0.0000000
50.8880959	75.8523788	0.0000000	0.0000000
52.6809540	75.8523788	0.0000000	0.0000000
54.4738083	75.8523788	0.0466890	1.6341146
56.2666664	75.8523788	-0.1050502	1.4473586
58.0595245	75.8523788	-0.4318731	1.5990978
59.8523788	75.8523788	0.0000000	0.0000000
61.6452408	75.8523788	0.0466890	0.2567894
63.4380951	75.8523788	0.0000000	0.0000000
65.2309494	75.8523788	-0.2334449	2.0659878
67.0238113	75.8523788	0.0000000	0.0000000
68.8166656	75.8523788	0.0233445	1.6341146
70.6095276	75.8523788	0.0000000	0.0000000
-1.1047620	77.6452332	0.0000000	0.0000000
0.6880952	77.6452332	0.0000000	0.0000000
2.4809523	77.6452332	0.0000000	0.0000000
4.2738094	77.6452332	-0.0350167	1.5524089
6.0666666	77.6452332	0.1750837	1.4707031
7.8595233	77.6452332	-0.7703683	-0.0116722
9.6523809	77.6452332	0.1517392	0.2101004
11.4452381	77.6452332	0.0583612	0.3034784
13.2380953	77.6452332	-0.7236793	-0.3151507
15.0309525	77.6452332	-0.7820405	-0.0700335
16.8238087	77.6452332	-0.8170573	-0.0583612
18.6166668	77.6452332	-0.5485956	-0.0817057
20.4095249	77.6452332	0.0000000	0.0000000
22.2023811	77.6452332	-1.4473586	-0.0116722
23.9952374	77.6452332	-0.4435454	-0.0466890
25.7880955	77.6452332	0.0000000	0.0000000
27.5809517	77.6452332	-0.1517392	0.0817057
29.3738098	77.6452332	-0.7236793	0.3034784
31.1666679	77.6452332	-0.3735119	0.1400670
32.9595261	77.6452332	-0.2918062	1.2139137
34.7523804	77.6452332	-0.5952846	0.8870908
36.5452385	77.6452332	0.1634115	0.0466890
38.3380966	77.6452332	1.1205357	0.0000000
40.1309547	77.6452332	-1.3773252	1.5290644
41.9238091	77.6452332	-1.5640811	1.5757533
43.7166672	77.6452332	-3.2332125	-0.0933780
45.5095253	77.6452332	0.0000000	0.0000000
47.3023796	77.6452332	-0.4552176	1.1438802
49.0952377	77.6452332	-0.6886626	-2.9530785
50.8880959	77.6452332	-0.4668899	1.8442150
52.6809540	77.6452332	-0.0233445	1.5874256
54.4738083	77.6452332	0.0000000	0.0000000
56.2666664	77.6452332	-0.5719401	0.1167225
58.0595245	77.6452332	-1.3539807	-0.0583612
59.8523788	77.6452332	-0.1984282	-0.0116722
61.6452408	77.6452332	0.1634115	0.1400670
63.4380951	77.6452332	-0.9104353	2.3928106
65.2309494	77.6452332	-0.6419736	1.5640811
67.0238113	77.6452332	-0.1050502	1.6224424
68.8166656	77.6452332	0.0466890	2.3111050
70.6095276	77.6452332	0.0000000	0.0000000
-1.1047620	79.4380951	0.0000000	0.0000000
0.6880952	79.4380951	0.0000000	0.0000000
2.4809523	79.4380951	0.0000000	0.0000000
4.2738094	79.4380951	-0.2801339	1.4590309
6.0666666	79.4380951	-0.5135789	1.3072917
7.8595233	79.4380951	-0.1867560	0.9221075
9.6523809	79.4380951	-0.1283947	0.2101004
11.4452381	79.4380951	-0.6769903	-0.1634115
13.2380953	79.4380951	-0.8870908	-0.2684617
15.0309525	79.4380951	-1.0154855	-0.1634115
16.8238087	79.4380951	-0.8053851	-0.0700335
18.6166668	79.4380951	-1.0855190	-0.0583612
20.4095249	79.4380951	-0.9454520	-0.0466890
22.2023811	79.4380951	-0.1750837	-0.0233445
23.9952374	79.4380951	-0.2801339	0.1050502
25.7880955	79.4380951	-0.5952846	0.1283947
27.5809517	79.4380951	-0.5602679	0.3384952
29.3738098	79.4380951	-0.9221075	0.1634115
31.1666679	79.4380951	-0.3034784	0.0350167
32.9595261	79.4380951	0.0000000	0.0000000
34.7523804	79.4380951	-1.3773252	1.0038133
36.5452385	79.4380951	-1.4823754	1.3306361
38.3380966	79.4380951	-0.4085287	0.0233445
40.1309547	79.4380951	0.0000000	0.0000000
41.9238091	79.4380951	-1.4123420	0.1634115
43.7166672	79.4380951	-1.0621744	0.1283947
45.5095253	79.4380951	-1.5874256	1.5290644
47.3023796	79.4380951	-1.3889974	1.4356863
49.0952377	79.4380951	-1.4123420	1.8675596
50.8880959	79.4380951	0.0233445	0.1167225
52.6809540	79.4380951	-1.6808035	1.3423084
54.4738083	79.4380951	-1.5990978	1.6691314
56.2666664	79.4380951	-0.5952846	-0.2334449
58.0595245	79.4380951	-3.4082961	2.9764230
59.8523788	79.4380951	-0.3384952	3.0347843
61.6452408	79.4380951	-1.1088635	3.0231121
63.4380951	79.4380951	0.0933780	1.8558873
65.2309494	79.4380951	-0.1283947	1.4123420
67.0238113	79.4380951	0.0000000	0.0000000
68.8166656	79.4380951	0.0116722	1.2956195
70.6095276	79.4380951	0.0000000	0.0000000
-1.1047620	81.2309570	0.0000000	0.0000000
0.6880952	81.2309570	0.0000000	0.0000000
2.4809523	81.2309570	0.0000000	0.0000000
4.2738094	81.2309570	-0.5252512	0.7470238
6.0666666	81.2309570	-0.5369233	0.4318731
7.8595233	81.2309570	-0.0817057	0.2684617
9.6523809	81.2309570	-0.0933780	1.3889974
11.4452381	81.2309570	-0.5485956	-0.1167225
13.2380953	81.2309570	-0.9337798	-0.1750837
15.0309525	81.2309570	-1.1322080	-0.1167225
16.8238087	81.2309570	-0.9104353	-0.2217727
18.6166668	81.2309570	-0.8637463	-0.2101004
20.4095249	81.2309570	-1.0154855	-0.1867560
22.2023811	81.2309570	0.0000000	0.0000000
23.9952374	81.2309570	-0.5836124	-0.0116722
25.7880955	81.2309570	-0.6536459	0.0116722
27.5809517	81.2309570	-0.8520740	0.0817057
29.3738098	81.2309570	-0.8170573	0.0350167
31.1666679	81.2309570	0.0000000	0.0000000
32.9595261	81.2309570	0.0000000	0.0000000
34.7523804	81.2309570	-0.9687965	-0.0817057
36.5452385	81.2309570	-1.4356863	1.1555525
38.3380966	81.2309570	0.1050502	0.3384952
40.1309547	81.2309570	-2.4511719	0.0000000
41.9238091	81.2309570	0.0000000	0.0000000
43.7166672	81.2309570	-0.0466890	0.0000000
45.5095253	81.2309570	-0.1984282	1.4590309
47.3023796	81.2309570	-0.5369233	0.0700335
49.0952377	81.2309570	0.0000000	0.0000000
50.8880959	81.2309570	-0.0700335	0.0350167
52.6809540	81.2309570	0.0466890	1.3656529
54.4738083	81.2309570	-0.0700335	1.4590309
56.2666664	81.2309570	0.0000000	0.0000000
58.0595245	81.2309570	-0.0700335	1.7741816
59.8523788	81.2309570	0.0000000	2.3928106
61.6452408	81.2309570	-0.5369233	3.6183965
63.4380951	81.2309570	0.1283947	0.1283947
65.2309494	81.2309570	-0.0350167	1.8558873
67.0238113	81.2309570	0.0116722	1.4940476
68.8166656	81.2309570	0.0000000	-1.1788970
70.6095276	81.2309570	0.0000000	0.0000000
-1.1047620	83.0238113	0.0000000	0.0000000
0.6880952	83.0238113	0.0000000	0.0000000
2.4809523	83.0238113	0.0000000	0.0000000
4.2738094	83.0238113	0.0000000	0.0000000
6.0666666	83.0238113	-1.0154855	-0.1283947
7.8595233	83.0238113	-0.8520740	-0.0233445
9.6523809	83.0238113	-0.8987631	-0.0466890
11.4452381	83.0238113	0.1867560	2.0192988
13.2380953	83.0238113	-1.0154855	-0.1867560
15.0309525	83.0238113	-1.1438802	-0.1984282
16.8238087	83.0238113	-1.1205357	-0.3384952
18.6166668	83.0238113	-1.1205357	-0.0233445
20.4095249	83.0238113	-0.6536459	-0.3151507
22.2023811	83.0238113	0.0000000	0.0000000
23.9952374	83.0238113	-0.6653181	0.0000000
25.7880955	83.0238113	-0.8870908	0.0000000
27.5809517	83.0238113	0.0000000	0.0000000
29.3738098	83.0238113	-1.1088635	0.0583612
31.1666679	83.0238113	0.0350167	2.9997675
32.9595261	83.0238113	0.0000000	0.0000000
34.7523804	83.0238113	0.5485956	0.0116722
36.5452385	83.0238113	-1.4590309	1.3773252
38.3380966	83.0238113	-1.4590309	1.2839472
40.1309547	83.0238113	-1.4590309	1.2022414
41.9238091	83.0238113	-1.1205357	0.1867560
43.7166672	83.0238113	-0.5135789	0.0583612
45.5095253	83.0238113	-0.0583612	0.1050502
47.3023796	83.0238113	-1.2839472	1.4823754
49.0952377	83.0238113	-1.4006697	1.4473586
50.8880959	83.0238113	0.0000000	0.0000000
52.6809540	83.0238113	-0.3151507	0.5952846
54.4738083	83.0238113	-0.6303014	0.3151507
56.2666664	83.0238113	0.0000000	0.0000000
58.0595245	83.0238113	-0.3735119	0.1517392
59.8523788	83.0238113	0.0817057	1.8442150
61.6452408	83.0238113	0.1517392	2.0543156
63.4380951	83.0238113	0.3968564	3.4316406
65.2309494	83.0238113	0.4318731	1.4940476
67.0238113	83.0238113	0.1750837	1.7391648
68.8166656	83.0238113	0.0000000	0.0000000
70.6095276	83.0238113	0.0000000	0.0000000
-1.1047620	84.8166656	0.0000000	0.0000000
0.6880952	84.8166656	0.0000000	0.0000000
2.4809523	84.8166656	0.0000000	0.0000000
4.2738094	84.8166656	0.0000000	0.0000000
6.0666666	84.8166656	-0.8053851	-0.0233445
7.8595233	84.8166656	-3.7934804	-1.4240142
9.6523809	84.8166656	-1.0621744	-0.7236793
11.4452381	84.8166656	-0.9571243	-0.2451172
13.2380953	84.8166656	-1.1788970	-0.0933780
15.0309525	84.8166656	-0.9571243	-0.1867560
16.8238087	84.8166656	-1.0738467	-0.0700335
18.6166668	84.8166656	-1.1205357	0.0466890
20.4095249	84.8166656	-0.7003348	-0.1517392
22.2023811	84.8166656	-0.8520740	0.0817057
23.9952374	84.8166656	-0.4902344	-0.0116722
25.7880955	84.8166656	-0.7003348	0.0700335
27.5809517	84.8166656	-0.7353516	1.2139137
29.3738098	84.8166656	0.0000000	0.0000000
31.1666679	84.8166656	-1.2489305	0.0350167
32.9595261	84.8166656	-0.0350167	1.5640811
34.7523804	84.8166656	-0.4202009	1.3773252
36.5452385	84.8166656	0.0000000	0.0000000
38.3380966	84.8166656	-0.3034784	0.2217727
40.1309547	84.8166656	0.0000000	0.0000000
41.9238091	84.8166656	-0.1634115	0.7703683
43.7166672	84.8166656	-0.5602679	1.2839472
45.5095253	84.8166656	-0.1750837	1.4240142
47.3023796	84.8166656	-0.3268229	1.6107701
49.0952377	84.8166656	-0.2684617	1.5173922
50.8880959	84.8166656	-2.0659878	-0.0583612
52.6809540	84.8166656	-2.8013394	0.1400670
54.4738083	84.8166656	-0.9221075	1.3773252
56.2666664	84.8166656	0.0000000	0.0000000
58.0595245	84.8166656	0.1634115	3.0231121
59.8523788	84.8166656	0.0700335	2.9880953
61.6452408	84.8166656	0.0000000	0.0000000
63.4380951	84.8166656	3.4783297	-0.0466890
65.2309494	84.8166656	0.6186291	2.2060547
67.0238113	84.8166656	0.0000000	0.0000000
68.8166656	84.8166656	0.0000000	0.0000000
70.6095276	84.8166656	3.0814734	1.4940476
-1.1047620	86.6095276	0.0000000	0.0000000
0.6880952	86.6095276	0.0000000	0.0000000
2.4809523	86.6095276	0.0000000	0.0000000
4.2738094	86.6095276	-0.1517392	1.3072917
6.0666666	86.6095276	-0.4668899	0.0700335
7.8595233	86.6095276	-3.7934804	-1.4356863
9.6523809	86.6095276	-0.8520740	-1.1555525
11.4452381	86.6095276	-0.8754185	-0.1750837
13.2380953	86.6095276	-1.0971912	-0.0350167
15.0309525	86.6095276	-0.8754185	-0.1283947
16.8238087	86.6095276	-0.7470238	-0.1283947
18.6166668	86.6095276	-0.9221075	-0.0933780
20.4095249	86.6095276	-0.6886626	-0.1400670
22.2023811	86.6095276	-0.5252512	-0.2684617
23.9952374	86.6095276	0.0000000	0.0000000
25.7880955	86.6095276	-0.8520740	0.2918062
27.5809517	86.6095276	-0.6769903	0.3501674
29.3738098	86.6095276	-0.6536459	0.2451172
31.1666679	86.6095276	-0.7586961	1.5874256
32.9595261	86.6095276	-0.1750837	0.0700335
34.7523804	86.6095276	-0.4785621	0.2101004
36.5452385	86.6095276	-0.6886626	1.4006697
38.3380966	86.6095276	-0.0700335	1.4123420
40.1309547	86.6095276	0.0000000	0.0000000
41.9238091	86.6095276	-0.4902344	0.0933780
43.7166672	86.6095276	-1.7041481	0.0817057
45.5095253	86.6095276	-0.5602679	1.5173922
47.3023796	86.6095276	-0.2451172	1.5173922
49.0952377	86.6095276	-0.1400670	1.5173922
50.8880959	86.6095276	-0.9571243	1.4473586
52.6809540	86.6095276	-0.6536459	1.3889974
54.4738083	86.6095276	-0.3151507	1.4707031
56.2666664	86.6095276	-0.3034784	0.2217727
58.0595245	86.6095276	-1.4123420	0.1634115
59.8523788	86.6095276	1.1788970	0.1050502
61.6452408	86.6095276	0.0000000	0.0000000
63.4380951	86.6095276	0.0000000	0.0000000
65.2309494	86.6095276	0.3268229	2.1593657
67.0238113	86.6095276	0.0000000	0.4785621
68.8166656	86.6095276	0.0116722	1.1555525
70.6095276	86.6095276	0.0000000	0.0000000
-1.1047620	88.4023819	0.0000000	0.0000000
0.6880952	88.4023819	0.0000000	0.0000000
2.4809523	88.4023819	0.0000000	0.0000000
4.2738094	88.4023819	-0.0116722	1.3539807
6.0666666	88.4023819	-0.6069568	-0.0116722
7.8595233	88.4023819	-1.6574591	-0.1867560
9.6523809	88.4023819	-1.0738467	0.0000000
11.4452381	88.4023819	-1.0738467	0.1400670
13.2380953	88.4023819	-1.0621744	0.0466890
15.0309525	88.4023819	-0.7470238	0.1400670
16.8238087	88.4023819	-0.7820405	-0.1283947
18.6166668	88.4023819	-0.8987631	-0.2451172
20.4095249	88.4023819	-0.7003348	-0.1400670
22.2023811	88.4023819	-0.5019066	-0.1517392
23.9952374	88.4023819	-0.7470238	-0.2918062
25.7880955	88.4023819	-0.9804688	0.0817057
27.5809517	88.4023819	-0.7820405	0.0583612
29.3738098	88.4023819	0.0000000	0.0000000
31.1666679	88.4023819	-1.6341146	0.1400670
32.9595261	88.4023819	-0.3151507	1.5874256
34.7523804	88.4023819	-1.0038133	1.2722750
36.5452385	88.4023819	-0.9804688	0.3384952
38.3380966	88.4023819	-0.4552176	0.1167225
40.1309547	88.4023819	-0.4435454	1.4356863
41.9238091	88.4023819	-1.9025763	1.7858539
43.7166672	88.4023819	-0.9337798	1.5990978
45.5095253	88.4023819	-0.6536459	1.5757533
47.3023796	88.4023819	-0.2918062	1.1905692
49.0952377	88.4023819	0.0583612	0.1867560
50.8880959	88.4023819	0.0000000	0.0000000
52.6809540	88.4023819	-0.0700335	-0.0116722
54.4738083	88.4023819	-0.8053851	0.0350167
56.2666664	88.4023819	-0.7820405	1.5524089
58.0595245	88.4023819	-0.1984282	2.5562222
59.8523788	88.4023819	0.0350167	1.6924758
61.6452408	88.4023819	2.7663226	0.0700335
63.4380951	88.4023819	0.2567894	2.4044828
65.2309494	88.4023819	0.3268229	2.8713727
67.0238113	88.4023819	0.0583612	2.8363562
68.8166656	88.4023819	0.0000000	0.0000000
70.6095276	88.4023819	0.0000000	0.0000000
-1.1047620	90.1952362	0.0000000	0.0000000
0.6880952	90.1952362	0.0000000	0.0000000
2.4809523	90.1952362	0.0000000	0.0000000
4.2738094	90.1952362	0.0000000	0.0000000
6.0666666	90.1952362	-1.0971912	-0.0700335
7.8595233	90.1952362	-1.7391648	-0.0583612
9.6523809	90.1952362	-1.2839472	0.0233445
11.4452381	90.1952362	-0.9804688	0.1984282
13.2380953	90.1952362	-0.5485956	0.0116722
15.0309525	90.1952362	-0.8053851	0.0817057
16.8238087	90.1952362	-0.7120071	0.0000000
18.6166668	90.1952362	-0.7703683	0.0466890
20.4095249	90.1952362	-0.6419736	-0.0700335
22.2023811	90.1952362	-0.8287296	-0.0116722
23.9952374	90.1952362	-1.3773252	-0.0350167
25.7880955	90.1952362	-0.6653181	0.0817057
27.5809517	90.1952362	-1.1555525	0.3268229
29.3738098	90.1952362	-0.5836124	1.4356863
31.1666679	90.1952362	-0.8987631	2.2877605
32.9595261	90.1952362	-0.1634115	1.3306361
34.7523804	90.1952362	0.9921410	0.0350167
36.5452385	90.1952362	-0.1050502	1.2956195
38.3380966	90.1952362	-0.9687965	0.1400670
40.1309547	90.1952362	-0.1634115	1.1438802
41.9238091	90.1952362	0.0000000	0.0000000
43.7166672	90.1952362	-2.3461218	0.0466890
45.5095253	90.1952362	-0.9571243	0.0000000
47.3023796	90.1952362	-0.2101004	1.1322080
49.0952377	90.1952362	-0.0583612	1.5407367
50.8880959	90.1952362	0.0000000	0.0000000
52.6809540	90.1952362	-0.5952846	1.4707031
54.4738083	90.1952362	-0.2684617	0.1167225
56.2666664	90.1952362	-0.7937128	1.8091983
58.0595245	90.1952362	1.2139137	-0.0933780
59.8523788	90.1952362	0.0116722	0.8287296
61.6452408	90.1952362	0.0000000	0.0000000
63.4380951	90.1952362	0.3968564	1.6808035
65.2309494	90.1952362	-0.2101004	0.1984282
67.0238113	90.1952362	0.1050502	2.6145835
68.8166656	90.1952362	0.0000000	0.0000000
70.6095276	90.1952362	0.0000000	0.0000000
-1.1047620	91.9880905	0.0000000	0.0000000
0.6880952	91.9880905	0.0000000	0.0000000
2.4809523	91.9880905	0.0000000	0.0000000
4.2738094	91.9880905	-0.4785621	0.0000000
6.0666666	91.9880905	-1.0738467	-0.0583612
7.8595233	91.9880905	-1.2372582	0.0350167
9.6523809	91.9880905	-1.3656529	-0.0116722
11.4452381	91.9880905	-0.8520740	0.0933780
13.2380953	91.9880905	-0.8870908	0.0000000
15.0309525	91.9880905	-0.6653181	-0.0583612
16.8238087	91.9880905	-0.7937128	-0.0350167
18.6166668	91.9880905	-0.8287296	-0.0116722
20.4095249	91.9880905	-0.7703683	-0.0350167
22.2023811	91.9880905	-0.0466890	1.1788970
23.9952374	91.9880905	-1.3306361	0.1050502
25.7880955	91.9880905	-0.2334449	1.2839472
27.5809517	91.9880905	-0.2801339	1.3656529
29.3738098	91.9880905	-1.4006697	0.1400670
31.1666679	91.9880905	-0.9337798	0.2101004
32.9595261	91.9880905	-0.3501674	0.1867560
34.7523804	91.9880905	-0.7003348	0.3034784
36.5452385	91.9880905	-0.1050502	0.9337798
38.3380966	91.9880905	-0.7470238	0.1984282
40.1309547	91.9880905	-0.3034784	1.7391648
41.9238091	91.9880905	-0.0466890	2.4861887
43.7166672	91.9880905	-0.1750837	0.0350167
45.5095253	91.9880905	0.0000000	0.0000000
47.3023796	91.9880905	-0.3384952	1.5874256
49.0952377	91.9880905	0.0000000	0.0000000
50.8880959	91.9880905	-0.1283947	0.2101004
52.6809540	91.9880905	0.0000000	-0.0233445
54.4738083	91.9880905	-0.3034784	1.4006697
56.2666664	91.9880905	0.5719401	-0.4785621
58.0595245	91.9880905	-0.0350167	2.2877605
59.8523788	91.9880905	-0.0700335	2.3344495
61.6452408	91.9880905	0.1283947	1.8091983
63.4380951	91.9880905	0.1634115	1.8091983
65.2309494	91.9880905	-0.1167225	0.1517392
67.0238113	91.9880905	0.0233445	2.6846168
68.8166656	91.9880905	-0.0116722	2.9063895
70.6095276	91.9880905	0.0000000	0.0000000
-1.1047620	93.7809525	0.0000000	0.0000000
0.6880952	93.7809525	0.0000000	0.0000000
2.4809523	93.7809525	0.0000000	0.0000000
4.2738094	93.7809525	-0.4318731	0.0700335
6.0666666	93.7809525	-0.9454520	-0.0233445
7.8595233	93.7809525	-1.1788970	-0.0233445
9.6523809	93.7809525	-0.9921410	-0.0466890
11.4452381	93.7809525	-0.8754185	-0.0116722
13.2380953	93.7809525	-0.8404018	1.0855190
15.0309525	93.7809525	-0.5836124	1.1322080
16.8238087	93.7809525	-0.6769903	0.0000000
18.6166668	93.7809525	-0.6536459	0.0000000
20.4095249	93.7809525	-0.6769903	0.0116722
22.2023811	93.7809525	-0.6419736	0.0000000
23.9952374	93.7809525	-0.3968564	-0.1517392
25.7880955	93.7809525	-0.5252512	-0.0350167
27.5809517	93.7809525	-0.4785621	0.2334449
29.3738098	93.7809525	-1.3889974	0.2101004
31.1666679	93.7809525	-1.0038133	0.2567894
32.9595261	93.7809525	-0.7003348	0.7586961
34.7523804	93.7809525	-0.7236793	0.4085287
36.5452385	93.7809525	-0.6886626	0.3618397
38.3380966	93.7809525	-0.1750837	1.4006697
40.1309547	93.7809525	0.0000000	0.0000000
41.9238091	93.7809525	-0.1050502	1.2372582
43.7166672	93.7809525	-0.0466890	2.8830450
45.5095253	93.7809525	-1.1672248	2.9647508
47.3023796	93.7809525	0.0000000	0.0000000
49.0952377	93.7809525	-0.2684617	1.7274926
50.8880959	93.7809525	-0.0583612	2.9063895
52.6809540	93.7809525	-0.5369233	2.8246839
54.4738083	93.7809525	-0.0700335	0.1750837
56.2666664	93.7809525	-0.2567894	0.2101004
58.0595245	93.7809525	-0.2567894	1.4006697
59.8523788	93.7809525	-0.1283947	1.5990978
61.6452408	93.7809525	0.0817057	1.6224424
63.4380951	93.7809525	0.5252512	1.3889974
65.2309494	93.7809525	0.1634115	1.4940476
67.0238113	93.7809525	0.0583612	2.8947172
68.8166656	93.7809525	0.0116722	2.3694661
70.6095276	93.7809525	0.0000000	0.0000000
-1.1047620	95.5738144	0.0000000	0.0000000
0.6880952	95.5738144	0.0000000	0.0000000
2.4809523	95.5738144	0.0000000	0.0000000
4.2738094	95.5738144	-0.0583612	1.3072917
6.0666666	95.5738144	-0.7820405	0.0466890
7.8595233	95.5738144	-1.3189639	0.0583612
9.6523809	95.5738144	-1.3656529	0.1283947
11.4452381	95.5738144	-0.6069568	1.0038133
13.2380953	95.5738144	-0.8170573	0.9921410
15.0309525	95.5738144	-0.6419736	0.1050502
16.8238087	95.5738144	-0.6769903	-0.0233445
18.6166668	95.5738144	-0.6886626	0.0116722
20.4095249	95.5738144	-0.5135789	0.0000000
22.2023811	95.5738144	-0.4785621	0.1984282
23.9952374	95.5738144	-0.8053851	0.0000000
25.7880955	95.5738144	-0.5836124	0.0933780
27.5809517	95.5738144	-0.5252512	0.0583612
29.3738098	95.5738144	-0.4435454	0.0700335
31.1666679	95.5738144	-0.2217727	0.0466890
32.9595261	95.5738144	-0.5135789	0.1867560
34.7523804	95.5738144	-0.5719401	0.1750837
36.5452385	95.5738144	-0.2101004	0.0583612
38.3380966	95.5738144	-1.1322080	1.3423084
40.1309547	95.5738144	-0.5369233	1.4707031
41.9238091	95.5738144	-0.7003348	0.1283947
43.7166672	95.5738144	-0.2451172	0.0933780
45.5095253	95.5738144	-3.8051527	0.1634115
47.3023796	95.5738144	-0.2101004	2.9414063
49.0952377	95.5738144	-0.2684617	2.8597007
50.8880959	95.5738144	-0.7236793	0.1283947
52.6809540	95.5738144	-0.7820405	1.7975261
54.4738083	95.5738144	-0.7003348	3.0231121
56.2666664	95.5738144	-0.0233445	1.4356863
58.0595245	95.5738144	0.0000000	0.0000000
59.8523788	95.5738144	-0.0233445	1.5057199
61.6452408	95.5738144	0.3151507	1.4940476
63.4380951	95.5738144	0.0000000	0.0000000
65.2309494	95.5738144	-0.0350167	2.9764230
67.0238113	95.5738144	0.0350167	3.1981957
68.8166656	95.5738144	0.0000000	0.0000000
70.6095276	95.5738144	0.0000000	0.0000000
-1.1047620	97.3666687	0.0000000	0.0000000
0.6880952	97.3666687	0.0000000	0.0000000
2.4809523	97.3666687	0.0000000	0.0000000
4.2738094	97.3666687	0.0116722	1.4356863
6.0666666	97.3666687	-0.6769903	0.0233445
7.8595233	97.3666687	-1.2839472	0.1634115
9.6523809	97.3666687	-1.3656529	0.2801339
11.4452381	97.3666687	-0.9104353	1.2722750
13.2380953	97.3666687	-0.8287296	1.3306361
15.0309525	97.3666687	-0.4435454	0.3151507
16.8238087	97.3666687	-0.6069568	-0.0233445
18.6166668	97.3666687	-0.6886626	0.0583612
20.4095249	97.3666687	-0.4435454	0.0000000
22.2023811	97.3666687	-0.8287296	-0.0233445
23.9952374	97.3666687	-0.7120071	0.0233445
25.7880955	97.3666687	-0.5952846	0.0000000
27.5809517	97.3666687	-0.4552176	-0.0350167
29.3738098	97.3666687	-0.4902344	0.0466890
31.1666679	97.3666687	-0.2334449	0.0817057
32.9595261	97.3666687	0.0000000	0.0000000
34.7523804	97.3666687	-0.6069568	0.1634115
36.5452385	97.3666687	0.0000000	1.1672248
38.3380966	97.3666687	-1.0388300	1.3423084
40.1309547	97.3666687	-0.4318731	1.5757533
41.9238091	97.3666687	-0.8404018	0.0700335
43.7166672	97.3666687	-0.1400670	2.1243489
45.5095253	97.3666687	-0.7120071	2.5912390
47.3023796	97.3666687	-0.4085287	2.8830450
49.0952377	97.3666687	-1.0738467	0.3151507
50.8880959	97.3666687	-0.0933780	2.8713727
52.6809540	97.3666687	-0.8053851	1.6224424
54.4738083	97.3666687	-0.2567894	0.2567894
56.2666664	97.3666687	-2.7429781	0.1867560
58.0595245	97.3666687	-0.2334449	2.2177269
59.8523788	97.3666687	-0.4202009	3.5133464
61.6452408	97.3666687	0.3501674	1.8208705
63.4380951	97.3666687	-0.1050502	2.9880953
65.2309494	97.3666687	-0.2567894	3.3499351
67.0238113	97.3666687	0.0233445	3.2448847
68.8166656	97.3666687	0.0000000	0.0000000
70.6095276	97.3666687	0.0000000	0.0000000
-1.1047620	99.1595230	0.0000000	0.0000000
0.6880952	99.1595230	0.0000000	0.0000000
2.4809523	99.1595230	0.0000000	0.0000000
4.2738094	99.1595230	0.1750837	1.5290644
6.0666666	99.1595230	-0.0233445	1.4473586
7.8595233	99.1595230	-0.1167225	1.5757533
9.6523809	99.1595230	-1.3889974	0.3735119
11.4452381	99.1595230	-0.9571243	1.4356863
13.2380953	99.1595230	-0.7120071	1.1555525
15.0309525	99.1595230	-0.4785621	0.2801339
16.8238087	99.1595230	-0.5135789	0.0350167
18.6166668	99.1595230	-0.8170573	0.0583612
20.4095249	99.1595230	-0.2451172	0.0116722
22.2023811	99.1595230	-0.6303014	0.0233445
23.9952374	99.1595230	-0.7470238	0.0233445
25.7880955	99.1595230	-0.7236793	-0.0350167
27.5809517	99.1595230	-0.7703683	0.0350167
29.3738098	99.1595230	0.0000000	0.0000000
31.1666679	99.1595230	-0.7586961	1.3539807
32.9595261	99.1595230	-0.7236793	0.0583612
34.7523804	99.1595230	-0.6653181	0.1167225
36.5452385	99.1595230	-0.1867560	0.0233445
38.3380966	99.1595230	0.0233445	0.0817057
40.1309547	99.1595230	0.0933780	0.1750837
41.9238091	99.1595230	-0.5135789	2.1360211
43.7166672	99.1595230	-0.2801339	2.7079613
45.5095253	99.1595230	-0.4785621	2.5212054
47.3023796	99.1595230	0.0000000	0.0000000
49.0952377	99.1595230	-0.4902344	2.8363562
50.8880959	99.1595230	-0.1517392	3.3849516
52.6809540	99.1595230	-0.2334449	3.0347843
54.4738083	99.1595230	-0.2684617	2.6379278
56.2666664	99.1595230	-0.2451172	2.3344495
58.0595245	99.1595230	-0.5836124	3.0581288
59.8523788	99.1595230	-0.2801339	3.4082961
61.6452408	99.1595230	-0.5836124	0.0233445
63.4380951	99.1595230	-0.1750837	3.3499351
65.2309494	99.1595230	-0.2101004	3.5133464
67.0238113	99.1595230	0.0116722	3.2565570
68.8166656	99.1595230	0.0000000	0.0000000
70.6095276	99.1595230	0.0000000	0.0000000
-1.1047620	100.9523773	0.0000000	0.0000000
0.6880952	100.9523773	0.0000000	0.0000000
2.4809523	100.9523773	0.0000000	0.0000000
4.2738094	100.9523773	0.0350167	1.3539807
6.0666666	100.9523773	0.0233445	1.4356863
7.8595233	100.9523773	-1.2372582	0.2101004
9.6523809	100.9523773	-1.5757533	0.3384952
11.4452381	100.9523773	-0.7820405	0.2334449
13.2380953	100.9523773	-0.8053851	0.6186291
15.0309525	100.9523773	-0.6536459	0.6069568
16.8238087	100.9523773	-0.8754185	0.0466890
18.6166668	100.9523773	-0.8987631	0.0583612
20.4095249	100.9523773	-0.3968564	0.0350167
22.2023811	100.9523773	-0.7120071	-0.0233445
23.9952374	100.9523773	-0.6886626	-0.0233445
25.7880955	100.9523773	-0.8637463	-0.0116722
27.5809517	100.9523773	-0.8637463	0.1634115
29.3738098	100.9523773	-1.1788970	1.5057199
31.1666679	100.9523773	-0.8637463	1.2722750
32.9595261	100.9523773	-0.5602679	0.1750837
34.7523804	100.9523773	-0.5485956	0.0233445
36.5452385	100.9523773	-0.4785621	-0.0466890
38.3380966	100.9523773	-0.0817057	-0.0700335
40.1309547	100.9523773	0.5369233	0.0583612
41.9238091	100.9523773	-0.5602679	2.2410715
43.7166672	100.9523773	-0.5485956	1.7625093
45.5095253	100.9523773	-0.6419736	2.8130116
47.3023796	100.9523773	-0.7470238	2.5445499
49.0952377	100.9523773	-0.0350167	0.2101004
50.8880959	100.9523773	0.5369233	0.1517392
52.6809540	100.9523773	-0.4435454	3.4549851
54.4738083	100.9523773	-0.4785621	3.1164899
56.2666664	100.9523773	-0.3384952	3.0347843
58.0595245	100.9523773	-0.1867560	3.0347843
59.8523788	100.9523773	0.0000000	0.0000000
61.6452408	100.9523773	0.0000000	0.0000000
63.4380951	100.9523773	-0.7703683	3.6767578
65.2309494	100.9523773	-0.8637463	3.2332125
67.0238113	100.9523773	-0.1283947	2.9414063
68.8166656	100.9523773	0.0000000	0.0000000
70.6095276	100.9523773	0.0000000	0.0000000
-1.1047620	102.7452316	0.0000000	0.0000000
0.6880952	102.7452316	0.0000000	0.0000000
2.4809523	102.7452316	0.0116722	1.3423084
4.2738094	102.7452316	-0.2801339	1.2956195
6.0666666	102.7452316	-1.3306361	1.3072917
7.8595233	102.7452316	-1.4473586	1.2839472
9.6523809	102.7452316	-1.5290644	1.0388300
11.4452381	102.7452316	-1.3889974	1.0038133
13.2380953	102.7452316	-1.0154855	0.6886626
15.0309525	102.7452316	-0.6186291	0.6069568
16.8238087	102.7452316	-0.8987631	0.0583612
18.6166668	102.7452316	-0.9221075	0.0466890
20.4095249	102.7452316	-0.6769903	0.1984282
22.2023811	102.7452316	-0.3851842	0.0583612
23.9952374	102.7452316	-0.7470238	0.0583612
25.7880955	102.7452316	-0.8637463	0.0817057
27.5809517	102.7452316	-0.7353516	1.8442150
29.3738098	102.7452316	-0.7937128	1.8091983
31.1666679	102.7452316	-1.0505023	1.8091983
32.9595261	102.7452316	-0.2334449	-0.0233445
34.7523804	102.7452316	-0.2567894	-0.0466890
36.5452385	102.7452316	-0.6303014	-0.0116722
38.3380966	102.7452316	-0.6303014	0.0116722
40.1309547	102.7452316	0.1283947	0.0116722
41.9238091	102.7452316	-1.2722750	2.5095332
43.7166672	102.7452316	-1.0505023	2.2410715
45.5095253	102.7452316	-1.6341146	2.6962891
47.3023796	102.7452316	-0.9687965	3.1164899
49.0952377	102.7452316	-0.6536459	1.4590309
50.8880959	102.7452316	-0.1517392	2.9063895
52.6809540	102.7452316	-0.4785621	2.7896671
54.4738083	102.7452316	-0.1984282	2.8713727
56.2666664	102.7452316	-0.2567894	2.8013394
58.0595245	102.7452316	-0.0700335	2.9764230
59.8523788	102.7452316	-0.1867560	2.9414063
61.6452408	102.7452316	0.0000000	0.0000000
63.4380951	102.7452316	0.0000000	0.0000000
65.2309494	102.7452316	0.1050502	0.8404018
67.0238113	102.7452316	-0.0583612	2.6962891
68.8166656	102.7452316	0.0000000	0.0000000
70.6095276	102.7452316	0.0000000	0.0000000
-1.1047620	104.5381012	0.0000000	0.0000000
0.6880952	104.5381012	0.0000000	0.0000000
2.4809523	104.5381012	0.0116722	1.3423084
4.2738094	104.5381012	-0.0583612	1.3423084
6.0666666	104.5381012	-0.4552176	1.3306361
7.8595233	104.5381012	-1.4473586	1.4590309
9.6523809	104.5381012	-1.4123420	1.4356863
11.4452381	104.5381012	-1.3189639	1.2255859
13.2380953	104.5381012	-1.3306361	0.9337798
15.0309525	104.5381012	-0.7703683	0.7236793
16.8238087	104.5381012	-0.9104353	0.0466890
18.6166668	104.5381012	-0.8870908	-0.0116722
20.4095249	104.5381012	-0.7937128	0.0350167
22.2023811	104.5381012	-0.3034784	0.1050502
23.9952374	104.5381012	-0.7120071	0.0466890
25.7880955	104.5381012	-0.7003348	0.1167225
27.5809517	104.5381012	-0.7820405	0.1750837
29.3738098	104.5381012	-0.6886626	0.4785621
31.1666679	104.5381012	-0.1984282	0.2684617
32.9595261	104.5381012	-0.2567894	0.0817057
34.7523804	104.5381012	-0.5135789	0.1634115
36.5452385	104.5381012	-0.9571243	0.1984282
38.3380966	104.5381012	0.0000000	0.0000000
40.1309547	104.5381012	-1.4473586	3.0114398
41.9238091	104.5381012	-1.2255859	3.1398344
43.7166672	104.5381012	-1.0855190	2.7079613
45.5095253	104.5381012	-1.6341146	3.1048179
47.3023796	104.5381012	0.0000000	0.0000000
49.0952377	104.5381012	-0.1400670	-1.2139137
50.8880959	104.5381012	0.2684617	-4.5288320
52.6809540	104.5381012	-0.2567894	1.4356863
54.4738083	104.5381012	-1.0621744	2.7546504
56.2666664	104.5381012	-0.6186291	3.2565570
58.0595245	104.5381012	-0.5836124	2.9414063
59.8523788	104.5381012	-0.2567894	2.0659878
61.6452408	104.5381012	0.0000000	0.0000000
63.4380951	104.5381012	0.0700335	0.2684617
65.2309494	104.5381012	0.6303014	1.9842820
67.0238113	104.5381012	0.3968564	1.9726098
68.8166656	104.5381012	0.0350167	-1.2139137
70.6095276	104.5381012	0.0000000	0.0000000
-1.1047620	106.3309555	0.0000000	0.0000000
0.6880952	106.3309555	0.0000000	0.0000000
2.4809523	106.3309555	0.0000000	0.0000000
4.2738094	106.3309555	-0.0700335	1.3306361
6.0666666	106.3309555	-0.1167225	1.1438802
7.8595233	106.3309555	-1.2956195	1.5290644
9.6523809	106.3309555	-1.2255859	1.5524089
11.4452381	106.3309555	-0.9221075	1.6107701
13.2380953	106.3309555	-1.3773252	1.0154855
15.0309525	106.3309555	-1.1555525	0.4552176
16.8238087	106.3309555	-1.2489305	0.3501674
18.6166668	106.3309555	-0.9104353	-0.0116722
20.4095249	106.3309555	-0.7470238	-0.0817057
22.2023811	106.3309555	-0.3968564	-0.0466890
23.9952374	106.3309555	-0.6303014	0.1634115
25.7880955	106.3309555	-0.5252512	0.2918062
27.5809517	106.3309555	-0.5369233	0.2217727
29.3738098	106.3309555	-0.5252512	0.2101004
31.1666679	106.3309555	-0.5019066	0.3618397
32.9595261	106.3309555	-0.6769903	0.6186291
34.7523804	106.3309555	-0.6536459	0.5836124
36.5452385	106.3309555	-0.8170573	0.3735119
38.3380966	106.3309555	-1.3306361	1.5173922
40.1309547	106.3309555	0.0000000	0.0000000
41.9238091	106.3309555	-1.2489305	3.1631789
43.7166672	106.3309555	0.0000000	0.0000000
45.5095253	106.3309555	-1.1672248	3.7701359
47.3023796	106.3309555	-0.2101004	3.8284972
49.0952377	106.3309555	-0.0350167	1.3072917
50.8880959	106.3309555	-0.1634115	1.3773252
52.6809540	106.3309555	0.0817057	0.2334449
54.4738083	106.3309555	1.8675596	0.0000000
56.2666664	106.3309555	0.2684617	0.0933780
58.0595245	106.3309555	-0.8520740	2.4394996
59.8523788	106.3309555	-0.8754185	2.4161551
61.6452408	106.3309555	-0.2334449	1.8091983
63.4380951	106.3309555	0.0466890	1.1788970
65.2309494	106.3309555	-0.0116722	1.7975261
67.0238113	106.3309555	0.0233445	1.9492652
68.8166656	106.3309555	0.0000000	1.9025763
70.6095276	106.3309555	0.0000000	0.0000000
-1.1047620	108.1238098	0.0000000	0.0000000
0.6880952	108.1238098	0.0000000	0.0000000
2.4809523	108.1238098	0.0233445	1.2606027
4.2738094	108.1238098	-0.0233445	1.3306361
6.0666666	108.1238098	0.0933780	1.3656529
7.8595233	108.1238098	-0.1867560	1.5757533
9.6523809	108.1238098	-0.8287296	1.7858539
11.4452381	108.1238098	-0.8637463	1.7508371
13.2380953	108.1238098	-0.6069568	1.7041481
15.0309525	108.1238098	-1.4707031	0.5836124
16.8238087	108.1238098	0.0000000	0.0000000
18.6166668	108.1238098	-0.0700335	1.6341146
20.4095249	108.1238098	-0.8987631	0.0466890
22.2023811	108.1238098	-0.4552176	0.0233445
23.9952374	108.1238098	-0.4318731	0.0933780
25.7880955	108.1238098	-0.5369233	1.4823754
27.5809517	108.1238098	-0.7003348	1.2022414
29.3738098	108.1238098	-0.6069568	0.4902344
31.1666679	108.1238098	-0.5019066	0.1400670
32.9595261	108.1238098	-0.2684617	0.1867560
34.7523804	108.1238098	-0.4785621	0.5369233
36.5452385	108.1238098	-0.3034784	0.5952846
38.3380966	108.1238098	-0.2918062	0.7703683
40.1309547	108.1238098	-0.2217727	1.5290644
41.9238091	108.1238098	-0.2801339	1.4590309
43.7166672	108.1238098	-0.0817057	1.6341146
45.5095253	108.1238098	-0.9921410	3.5250187
47.3023796	108.1238098	-0.1634115	3.7234468
49.0952377	108.1238098	0.7470238	2.6846168
50.8880959	108.1238098	0.1050502	0.9804688
52.6809540	108.1238098	0.0350167	0.6536459
54.4738083	108.1238098	0.0000000	0.0000000
56.2666664	108.1238098	0.0700335	1.0271578
58.0595245	108.1238098	0.3151507	2.1710379
59.8523788	108.1238098	0.3151507	2.2177269
61.6452408	108.1238098	0.1750837	1.0505023
63.4380951	108.1238098	-0.0700335	1.1438802
65.2309494	108.1238098	-0.3034784	0.7120071
67.0238113	108.1238098	-0.0583612	0.5719401
68.8166656	108.1238098	0.0000000	0.0000000
70.6095276	108.1238098	0.0000000	0.0000000
-1.1047620	109.9166641	0.0000000	0.0000000
0.6880952	109.9166641	0.0000000	0.0000000
2.4809523	109.9166641	0.0000000	0.0000000
4.2738094	109.9166641	0.0466890	1.7391648
6.0666666	109.9166641	0.1283947	1.6107701
7.8595233	109.9166641	-0.1283947	1.7158203
9.6523809	109.9166641	-0.0466890	1.9259208
11.4452381	109.9166641	-0.2451172	2.0192988
13.2380953	109.9166641	-0.1750837	2.2410715
15.0309525	109.9166641	-0.2801339	1.9609375
16.8238087	109.9166641	-0.4785621	1.6924758
18.6166668	109.9166641	-0.3268229	1.7625093
20.4095249	109.9166641	-0.7937128	0.1167225
22.2023811	109.9166641	-0.3735119	0.0116722
23.9952374	109.9166641	-0.1984282	0.0233445
25.7880955	109.9166641	-0.5602679	1.3773252
27.5809517	109.9166641	-0.7470238	0.6886626
29.3738098	109.9166641	-0.7586961	0.6886626
31.1666679	109.9166641	-0.2801339	0.0933780
32.9595261	109.9166641	-0.3735119	0.2451172
34.7523804	109.9166641	-0.4435454	0.5019066
36.5452385	109.9166641	-0.6069568	0.8287296
38.3380966	109.9166641	-0.8754185	0.3034784
40.1309547	109.9166641	-0.1517392	1.1088635
41.9238091	109.9166641	-0.1634115	1.7625093
43.7166672	109.9166641	-0.0817057	1.7158203
45.5095253	109.9166641	-0.1400670	1.8208705
47.3023796	109.9166641	0.2217727	2.1360211
49.0952377	109.9166641	0.7470238	1.4240142
50.8880959	109.9166641	0.0000000	0.0000000
52.6809540	109.9166641	0.6653181	0.3735119
54.4738083	109.9166641	-3.0347843	-0.0116722
56.2666664	109.9166641	0.0233445	0.7586961
58.0595245	109.9166641	0.0233445	1.2839472
59.8523788	109.9166641	0.1167225	1.2722750
61.6452408	109.9166641	0.3851842	2.4161551
63.4380951	109.9166641	0.1283947	2.0776601
65.2309494	109.9166641	-0.0933780	1.4707031
67.0238113	109.9166641	-0.2684617	0.2217727
68.8166656	109.9166641	0.0233445	0.6419736
70.6095276	109.9166641	0.0000000	0.0000000
-1.1047620	111.7095261	0.0000000	0.0000000
0.6880952	111.7095261	0.0000000	0.0000000
2.4809523	111.7095261	0.0000000	2.3111050
4.2738094	111.7095261	-0.0116722	2.3344495
6.0666666	111.7095261	0.0700335	1.7858539
7.8595233	111.7095261	0.0583612	2.0309711
9.6523809	111.7095261	-0.0933780	2.0309711
11.4452381	111.7095261	-0.1167225	2.1827102
13.2380953	111.7095261	0.1050502	2.1360211
15.0309525	111.7095261	0.4552176	2.2410715
16.8238087	111.7095261	-0.3851842	1.6924758
18.6166668	111.7095261	-0.5836124	1.4823754
20.4095249	111.7095261	-0.4318731	0.2101004
22.2023811	111.7095261	-0.2801339	0.0116722
23.9952374	111.7095261	-0.1050502	0.0000000
25.7880955	111.7095261	0.2334449	0.0700335
27.5809517	111.7095261	-0.2684617	0.5369233
29.3738098	111.7095261	-0.7703683	0.6886626
31.1666679	111.7095261	-0.4902344	0.5952846
32.9595261	111.7095261	-0.0583612	0.1400670
34.7523804	111.7095261	-0.2334449	0.5369233
36.5452385	111.7095261	-0.2451172	0.9571243
38.3380966	111.7095261	-0.1400670	0.4902344
40.1309547	111.7095261	-0.1750837	0.6419736
41.9238091	111.7095261	-0.0466890	0.8170573
43.7166672	111.7095261	-0.1867560	0.5719401
45.5095253	111.7095261	-0.3151507	0.3618397
47.3023796	111.7095261	0.0700335	1.8675596
49.0952377	111.7095261	-0.1283947	1.0621744
50.8880959	111.7095261	-0.0233445	0.9687965
52.6809540	111.7095261	0.9687965	1.2489305
54.4738083	111.7095261	-0.4902344	1.2489305
56.2666664	111.7095261	-3.7818081	1.3306361
58.0595245	111.7095261	-0.1283947	1.8325428
59.8523788	111.7095261	-0.0116722	1.9492652
61.6452408	111.7095261	-0.0817057	1.9726098
63.4380951	111.7095261	-0.2101004	1.5874256
65.2309494	111.7095261	-0.5019066	1.1322080
67.0238113	111.7095261	-0.2334449	0.8287296
68.8166656	111.7095261	0.0116722	0.7353516
70.6095276	111.7095261	0.0000000	0.0000000
-1.1047620	113.5023804	0.0000000	0.0000000
0.6880952	113.5023804	0.0000000	0.0000000
2.4809523	113.5023804	0.0000000	1.4940476
4.2738094	113.5023804	-0.0116722	2.2877605
6.0666666	113.5023804	-0.2334449	2.7546504
7.8595233	113.5023804	0.0350167	2.4978609
9.6523809	113.5023804	-0.1517392	2.3811383
11.4452381	113.5023804	-0.0817057	1.9726098
13.2380953	113.5023804	0.1167225	2.0893323
15.0309525	113.5023804	0.4668899	2.0776601
16.8238087	113.5023804	0.0583612	2.3577940
18.6166668	113.5023804	-0.4785621	2.0309711
20.4095249	113.5023804	-0.1050502	1.4123420
22.2023811	113.5023804	0.0700335	0.7003348
23.9952374	113.5023804	-0.0233445	0.0466890
25.7880955	113.5023804	-0.0116722	0.1867560
27.5809517	113.5023804	-0.1283947	0.5252512
29.3738098	113.5023804	-0.3151507	0.1400670
31.1666679	113.5023804	-0.3618397	0.0583612
32.9595261	113.5023804	0.0000000	0.0000000
34.7523804	113.5023804	-0.2451172	0.6419736
36.5452385	113.5023804	-0.3384952	0.1750837
38.3380966	113.5023804	-0.2217727	0.4552176
40.1309547	113.5023804	-0.2334449	0.4085287
41.9238091	113.5023804	-0.1634115	0.5836124
43.7166672	113.5023804	-0.1400670	0.8637463
45.5095253	113.5023804	0.1050502	1.6924758
47.3023796	113.5023804	-0.0933780	2.0659878
49.0952377	113.5023804	-0.1400670	0.2101004
50.8880959	113.5023804	-0.1634115	0.4785621
52.6809540	113.5023804	-0.5836124	0.9921410
54.4738083	113.5023804	-0.8053851	0.8637463
56.2666664	113.5023804	-0.8520740	0.9571243
58.0595245	113.5023804	-0.7003348	1.3306361
59.8523788	113.5023804	-0.4668899	1.6341146
61.6452408	113.5023804	-0.2918062	1.4123420
63.4380951	113.5023804	-0.8170573	2.1243489
65.2309494	113.5023804	-0.7003348	1.3306361
67.0238113	113.5023804	-0.4318731	0.5369233
68.8166656	113.5023804	0.0000000	0.8520740
70.6095276	113.5023804	0.0000000	0.0000000
-1.1047620	115.2952423	0.0000000	0.0000000
0.6880952	115.2952423	0.0000000	0.0000000
2.4809523	115.2952423	-0.0233445	2.6962891
4.2738094	115.2952423	-0.0583612	2.6262555
6.0666666	115.2952423	-0.1400670	0.0817057
7.8595233	115.2952423	0.1050502	2.8013394
9.6523809	115.2952423	0.1167225	2.6379278
11.4452381	115.2952423	1.1438802	0.0000000
13.2380953	115.2952423	0.1750837	1.9259208
15.0309525	115.2952423	0.0350167	2.1827102
16.8238087	115.2952423	-0.0817057	2.5212054
18.6166668	115.2952423	-0.1400670	2.4044828
20.4095249	115.2952423	-0.0817057	0.1283947
22.2023811	115.2952423	-0.0583612	0.1283947
23.9952374	115.2952423	0.1167225	0.4202009
25.7880955	115.2952423	0.0233445	0.1517392
27.5809517	115.2952423	0.2101004	0.0700335
29.3738098	115.2952423	-0.4902344	1.2839472
31.1666679	115.2952423	0.0000000	0.0000000
32.9595261	115.2952423	-0.2684617	1.4356863
34.7523804	115.2952423	-0.2334449	0.6653181
36.5452385	115.2952423	-0.5485956	1.5173922
38.3380966	115.2952423	-0.4902344	0.7353516
40.1309547	115.2952423	-0.1750837	0.5719401
41.9238091	115.2952423	-0.2451172	0.5252512
43.7166672	115.2952423	-0.1050502	0.7003348
45.5095253	115.2952423	0.2567894	1.5057199
47.3023796	115.2952423	-0.0583612	0.8520740
49.0952377	115.2952423	-0.0350167	0.4668899
50.8880959	115.2952423	-0.0466890	0.5135789
52.6809540	115.2952423	-0.4318731	1.0388300
54.4738083	115.2952423	-0.1984282	1.0388300
56.2666664	115.2952423	-0.3151507	0.6886626
58.0595245	115.2952423	-0.4552176	0.7937128
59.8523788	115.2952423	-0.1400670	1.2839472
61.6452408	115.2952423	-0.4902344	1.5757533
63.4380951	115.2952423	-0.6769903	2.1126769
65.2309494	115.2952423	-0.2567894	0.8520740
67.0238113	115.2952423	-0.0700335	0.6069568
68.8166656	115.2952423	-0.0350167	0.8170573
70.6095276	115.2952423	0.0000000	0.0000000
-1.1047620	117.0880966	0.0000000	0.0000000
0.6880952	117.0880966	0.0000000	0.0000000
2.4809523	117.0880966	0.0233445	2.6846168
4.2738094	117.0880966	0.1634115	2.8480284
6.0666666	117.0880966	-0.5602679	-0.0233445
7.8595233	117.0880966	-0.1517392	2.6962891
9.6523809	117.0880966	-0.0583612	2.5678945
11.4452381	117.0880966	-0.0466890	1.8792318
13.2380953	117.0880966	0.0817057	1.7858539
15.0309525	117.0880966	0.0000000	0.0000000
16.8238087	117.0880966	0.1050502	2.8947172
18.6166668	117.0880966	-0.0700335	2.6729445
20.4095249	117.0880966	0.0466890	0.0817057
22.2023811	117.0880966	0.0000000	0.0000000
23.9952374	117.0880966	0.3034784	0.7353516
25.7880955	117.0880966	0.0233445	0.4552176
27.5809517	117.0880966	0.1400670	0.2217727
29.3738098	117.0880966	0.0116722	0.0583612
31.1666679	117.0880966	0.0000000	0.0000000
32.9595261	117.0880966	0.0000000	0.0000000
34.7523804	117.0880966	-0.1517392	1.4823754
36.5452385	117.0880966	-0.2101004	1.4823754
38.3380966	117.0880966	-0.2684617	0.1050502
40.1309547	117.0880966	-0.0933780	0.5252512
41.9238091	117.0880966	-0.5602679	0.7120071
43.7166672	117.0880966	-0.3384952	0.5719401
45.5095253	117.0880966	0.0116722	0.5952846
47.3023796	117.0880966	0.0233445	0.7353516
49.0952377	117.0880966	0.0233445	0.6653181
50.8880959	117.0880966	-0.0350167	0.6186291
52.6809540	117.0880966	-0.1283947	0.9687965
54.4738083	117.0880966	-0.1400670	1.2255859
56.2666664	117.0880966	0.2918062	0.1984282
58.0595245	117.0880966	-0.1400670	0.7120071
59.8523788	117.0880966	-0.0233445	0.7820405
61.6452408	117.0880966	0.1867560	1.0388300
63.4380951	117.0880966	-0.4085287	1.8208705
65.2309494	117.0880966	-0.6536459	1.7625093
67.0238113	117.0880966	0.1283947	0.1283947
68.8166656	117.0880966	-0.0350167	0.9221075
70.6095276	117.0880966	0.0000000	0.0000000
-1.1047620	118.8809509	0.0000000	0.0000000
0.6880952	118.8809509	0.0000000	0.0000000
2.4809523	118.8809509	-0.0583612	2.3928106
4.2738094	118.8809509	0.0466890	2.8830450
6.0666666	118.8809509	0.0583612	3.0581288
7.8595233	118.8809509	-0.0233445	2.7896671
9.6523809	118.8809509	0.0583612	2.2994328
11.4452381	118.8809509	-0.0350167	1.7508371
13.2380953	118.8809509	0.0933780	1.6224424
15.0309525	118.8809509	0.1517392	1.6574591
16.8238087	118.8809509	0.4202009	2.1010046
18.6166668	118.8809509	0.2684617	1.3306361
20.4095249	118.8809509	0.9921410	0.0233445
22.2023811	118.8809509	0.0000000	0.0000000
23.9952374	118.8809509	0.6886626	0.7586961
25.7880955	118.8809509	0.3968564	0.4552176
27.5809517	118.8809509	0.0116722	0.6303014
29.3738098	118.8809509	0.0000000	0.0000000
31.1666679	118.8809509	0.0000000	0.0000000
32.9595261	118.8809509	-0.0933780	2.9997675
34.7523804	118.8809509	-0.1517392	1.4940476
36.5452385	118.8809509	0.0000000	0.0000000
38.3380966	118.8809509	-0.6886626	1.3072917
40.1309547	118.8809509	-0.5602679	0.9804688
41.9238091	118.8809509	-0.5952846	0.8870908
43.7166672	118.8809509	-0.2217727	1.0388300
45.5095253	118.8809509	-0.0350167	0.8754185
47.3023796	118.8809509	0.0000000	0.7820405
49.0952377	118.8809509	-0.0700335	0.6769903
50.8880959	118.8809509	-0.0583612	0.7703683
52.6809540	118.8809509	-0.1050502	1.9609375
54.4738083	118.8809509	-0.0116722	0.7120071
56.2666664	118.8809509	0.0817057	0.7703683
58.0595245	118.8809509	0.1400670	0.6536459
59.8523788	118.8809509	0.1517392	0.9104353
61.6452408	118.8809509	-2.1476934	1.5407367
63.4380951	118.8809509	-0.5602679	2.1943824
65.2309494	118.8809509	-0.3384952	1.3306361
67.0238113	118.8809509	0.1050502	0.6653181
68.8166656	118.8809509	0.0000000	0.9337798
70.6095276	118.8809509	0.0000000	0.0000000
-1.1047620	120.6738129	0.0000000	0.0000000
0.6880952	120.6738129	0.0000000	0.0000000
2.4809523	120.6738129	0.0000000	0.0000000
4.2738094	120.6738129	0.0116722	2.9530785
6.0666666	120.6738129	0.0350167	2.9297340
7.8595233	120.6738129	0.0350167	2.5678945
9.6523809	120.6738129	0.1750837	2.3694661
11.4452381	120.6738129	0.0350167	1.3423084
13.2380953	120.6738129	0.0000000	1.6107701
15.0309525	120.6738129	0.0466890	1.5290644
16.8238087	120.6738129	0.0466890	1.5524089
18.6166668	120.6738129	0.2101004	1.2022414
20.4095249	120.6738129	0.4785621	1.2606027
22.2023811	120.6738129	0.7120071	1.3306361
23.9952374	120.6738129	0.6886626	1.2606027
25.7880955	120.6738129	0.5602679	0.7937128
27.5809517	120.6738129	0.0700335	0.8170573
29.3738098	120.6738129	0.0000000	0.0000000
31.1666679	120.6738129	0.0000000	0.9921410
32.9595261	120.6738129	0.0000000	1.0038133
34.7523804	120.6738129	-0.1283947	1.4707031
36.5452385	120.6738129	0.0000000	0.0000000
38.3380966	120.6738129	1.5990978	0.0000000
40.1309547	120.6738129	0.0000000	0.0000000
41.9238091	120.6738129	-0.4085287	0.9687965
43.7166672	120.6738129	-0.1167225	0.8520740
45.5095253	120.6738129	0.0000000	0.9571243
47.3023796	120.6738129	-0.0466890	0.8754185
49.0952377	120.6738129	-0.1400670	0.8287296
50.8880959	120.6738129	-0.0933780	0.7470238
52.6809540	120.6738129	-0.0933780	0.6769903
54.4738083	120.6738129	-0.0116722	0.6886626
56.2666664	120.6738129	-0.1400670	0.7003348
58.0595245	120.6738129	-0.0350167	0.7236793
59.8523788	120.6738129	0.1283947	1.0271578
61.6452408	120.6738129	0.2918062	1.4823754
63.4380951	120.6738129	0.4668899	1.2839472
65.2309494	120.6738129	0.5952846	1.1322080
67.0238113	120.6738129	-0.0700335	1.0738467
68.8166656	120.6738129	0.0700335	1.0154855
70.6095276	120.6738129	0.0000000	0.0000000
-1.1047620	122.4666672	0.0000000	0.0000000
0.6880952	122.4666672	0.0000000	0.0000000
2.4809523	122.4666672	0.0466890	1.1205357
4.2738094	122.4666672	0.8287296	0.3268229
6.0666666	122.4666672	-0.0583612	2.9180617
7.8595233	122.4666672	0.0116722	2.1593657
9.6523809	122.4666672	-0.1167225	1.9609375
11.4452381	122.4666672	-0.5135789	1.6457869
13.2380953	122.4666672	-0.4668899	1.4590309
15.0309525	122.4666672	-0.1750837	1.3423084
16.8238087	122.4666672	0.0000000	1.2839472
18.6166668	122.4666672	0.1050502	1.0855190
20.4095249	122.4666672	0.1283947	0.9921410
22.2023811	122.4666672	0.4552176	1.2839472
23.9952374	122.4666672	0.3034784	0.9337798
25.7880955	122.4666672	0.2217727	0.7703683
27.5809517	122.4666672	0.1283947	0.5602679
29.3738098	122.4666672	-0.2918062	1.4823754
31.1666679	122.4666672	0.0000000	0.0000000
32.9595261	122.4666672	-0.1517392	1.4823754
34.7523804	122.4666672	-0.3268229	1.4707031
36.5452385	122.4666672	0.0000000	0.0000000
38.3380966	122.4666672	0.0000000	0.0000000
40.1309547	122.4666672	-0.9454520	0.7586961
41.9238091	122.4666672	-0.7003348	2.2644160
43.7166672	122.4666672	-0.7003348	2.1943824
45.5095253	122.4666672	-0.1984282	0.9571243
47.3023796	122.4666672	-0.1984282	0.9921410
49.0952377	122.4666672	-0.0933780	0.8404018
50.8880959	122.4666672	-0.0116722	0.9104353
52.6809540	122.4666672	-0.1050502	0.7937128
54.4738083	122.4666672	-0.0933780	0.8404018
56.2666664	122.4666672	-0.0350167	0.7353516
58.0595245	122.4666672	-0.1167225	0.8170573
59.8523788	122.4666672	-0.0933780	0.9221075
61.6452408	122.4666672	0.0350167	1.3423084
63.4380951	122.4666672	0.6769903	1.3656529
65.2309494	122.4666672	0.4435454	1.1905692
67.0238113	122.4666672	0.1283947	1.1905692
68.8166656	122.4666672	0.0000000	0.0000000
70.6095276	122.4666672	0.0000000	0.0000000
-1.1047620	124.2595215	0.0000000	0.0000000
0.6880952	124.2595215	0.0000000	0.0000000
2.4809523	124.2595215	0.0000000	0.0000000
4.2738094	124.2595215	-0.0700335	3.0231121
6.0666666	124.2595215	-0.1750837	2.7429781
7.8595233	124.2595215	-0.7003348	2.2410715
9.6523809	124.2595215	-0.8287296	2.2177269
11.4452381	124.2595215	0.0000000	0.0000000
13.2380953	124.2595215	-0.3268229	0.7236793
15.0309525	124.2595215	-0.2451172	0.8170573
16.8238087	124.2595215	-0.0233445	0.9221075
18.6166668	124.2595215	0.3501674	1.5057199
20.4095249	124.2595215	0.0000000	1.0505023
22.2023811	124.2595215	0.0700335	1.1905692
23.9952374	124.2595215	0.2451172	0.9454520
25.7880955	124.2595215	0.2334449	0.6769903
27.5809517	124.2595215	0.5369233	1.5407367
29.3738098	124.2595215	0.0350167	1.5757533
31.1666679	124.2595215	-0.0350167	1.3189639
32.9595261	124.2595215	-0.1517392	1.4590309
34.7523804	124.2595215	-0.5952846	0.0116722
36.5452385	124.2595215	0.0000000	0.0000000
38.3380966	124.2595215	-0.5369233	1.4940476
40.1309547	124.2595215	-0.7353516	2.2994328
41.9238091	124.2595215	-0.3034784	1.1905692
43.7166672	124.2595215	-0.2334449	1.4823754
45.5095253	124.2595215	-0.1984282	1.3072917
47.3023796	124.2595215	-0.1984282	0.9921410
49.0952377	124.2595215	-0.1634115	1.0154855
50.8880959	124.2595215	-0.0116722	0.9687965
52.6809540	124.2595215	-0.4318731	0.8053851
54.4738083	124.2595215	0.0350167	0.8287296
56.2666664	124.2595215	-0.0350167	0.7820405
58.0595245	124.2595215	-0.0116722	0.8637463
59.8523788	124.2595215	-0.1050502	0.6069568
61.6452408	124.2595215	0.0000000	1.1438802
63.4380951	124.2595215	-0.0116722	1.3423084
65.2309494	124.2595215	0.2567894	1.0505023
67.0238113	124.2595215	0.2101004	0.7353516
68.8166656	124.2595215	0.0233445	0.9454520
70.6095276	124.2595215	0.0000000	0.0000000
-1.1047620	126.0523834	0.0000000	0.0000000
0.6880952	126.0523834	0.0000000	0.0000000
2.4809523	126.0523834	0.0000000	0.0000000
4.2738094	126.0523834	-0.1283947	2.6145835
6.0666666	126.0523834	-0.0933780	2.4394996
7.8595233	126.0523834	-0.4552176	2.4511719
9.6523809	126.0523834	-0.5602679	2.1943824
11.4452381	126.0523834	-0.0933780	2.0776601
13.2380953	126.0523834	-0.1984282	1.3423084
15.0309525	126.0523834	-0.0933780	0.7820405
16.8238087	126.0523834	0.0700335	0.7820405
18.6166668	126.0523834	0.1400670	1.4940476
20.4095249	126.0523834	0.0817057	1.3539807
22.2023811	126.0523834	0.1400670	1.0154855
23.9952374	126.0523834	0.4318731	1.1205357
25.7880955	126.0523834	0.3268229	1.2489305
27.5809517	126.0523834	0.2801339	1.4006697
29.3738098	126.0523834	0.0000000	0.0000000
31.1666679	126.0523834	0.0000000	0.0000000
32.9595261	126.0523834	-0.3968564	1.4823754
34.7523804	126.0523834	0.0233445	1.5057199
36.5452385	126.0523834	0.0000000	0.0000000
38.3380966	126.0523834	0.0000000	0.0000000
40.1309547	126.0523834	0.0000000	0.0000000
41.9238091	126.0523834	-0.0817057	1.4823754
43.7166672	126.0523834	-0.5252512	2.9530785
45.5095253	126.0523834	-0.1867560	1.0738467
47.3023796	126.0523834	0.0233445	0.8520740
49.0952377	126.0523834	0.0350167	0.8754185
50.8880959	126.0523834	-0.0933780	0.8754185
52.6809540	126.0523834	-0.0700335	0.8987631
54.4738083	126.0523834	-0.4668899	1.2956195
56.2666664	126.0523834	-0.1050502	0.8987631
58.0595245	126.0523834	0.0000000	0.8520740
59.8523788	126.0523834	-0.1050502	0.8404018
61.6452408	126.0523834	-0.0116722	1.0038133
63.4380951	126.0523834	0.0583612	1.0505023
65.2309494	126.0523834	0.1400670	0.9571243
67.0238113	126.0523834	0.0700335	0.9454520
68.8166656	126.0523834	0.0000000	0.0000000
70.6095276	126.0523834	-0.0350167	0.0233445
-1.1047620	127.8452454	0.1750837	-1.4940476
0.6880952	127.8452454	0.0000000	0.0000000
2.4809523	127.8452454	0.0000000	0.0000000
4.2738094	127.8452454	-0.0350167	2.4394996
6.0666666	127.8452454	-0.0817057	2.0192988
7.8595233	127.8452454	-0.4902344	0.1750837
9.6523809	127.8452454	-0.4552176	2.6496000
11.4452381	127.8452454	-0.1517392	2.4978609
13.2380953	127.8452454	0.0350167	1.1205357
15.0309525	127.8452454	0.1283947	0.8870908
16.8238087	127.8452454	0.1750837	0.9337798
18.6166668	127.8452454	0.2684617	1.3889974
20.4095249	127.8452454	0.2918062	1.3656529
22.2023811	127.8452454	0.0000000	0.0000000
23.9952374	127.8452454	0.1167225	1.3189639
25.7880955	127.8452454	0.0000000	0.0000000
27.5809517	127.8452454	0.0000000	0.0000000
29.3738098	127.8452454	0.0000000	0.0000000
31.1666679	127.8452454	0.0000000	0.0000000
32.9595261	127.8452454	0.0000000	0.0000000
34.7523804	127.8452454	0.0000000	0.0000000
36.5452385	127.8452454	-0.0700335	1.4940476
38.3380966	127.8452454	0.0000000	0.0000000
40.1309547	127.8452454	0.0000000	0.0000000
41.9238091	127.8452454	0.0000000	0.0000000
43.7166672	127.8452454	0.0000000	0.0000000
45.5095253	127.8452454	-0.0700335	1.3773252
47.3023796	127.8452454	-0.0466890	1.4940476
49.0952377	127.8452454	0.0000000	0.0000000
50.8880959	127.8452454	0.0350167	1.0038133
52.6809540	127.8452454	-1.5990978	0.9221075
54.4738083	127.8452454	-0.2101004	0.6303014
56.2666664	127.8452454	-0.1167225	0.6769903
58.0595245	127.8452454	0.0000000	0.0000000
59.8523788	127.8452454	-0.2451172	1.0038133
61.6452408	127.8452454	0.0000000	0.9804688
63.4380951	127.8452454	-0.1634115	0.8404018
65.2309494	127.8452454	0.1050502	0.9337798
67.0238113	127.8452454	-0.0583612	0.9221075
68.8166656	127.8452454	0.0116722	0.0466890
70.6095276	127.8452454	0.0000000	0.0000000
-1.1047620	129.6380920	0.0000000	0.0000000
0.6880952	129.6380920	0.0000000	0.0000000
2.4809523	129.6380920	-0.0233445	2.4628441
4.2738094	129.6380920	-0.1400670	2.0426433
6.0666666	129.6380920	-0.0700335	2.0076265
7.8595233	129.6380920	-0.1400670	1.6808035
9.6523809	129.6380920	-0.0466890	2.8013394
11.4452381	129.6380920	-0.1167225	2.8013394
13.2380953	129.6380920	0.0000000	1.0271578
15.0309525	129.6380920	0.3034784	0.9104353
16.8238087	129.6380920	0.1984282	0.8987631
18.6166668	129.6380920	0.3384952	2.9530785
20.4095249	129.6380920	2.1476934	0.0000000
22.2023811	129.6380920	0.0000000	0.0000000
23.9952374	129.6380920	0.1400670	1.2956195
25.7880955	129.6380920	0.0000000	0.0000000
27.5809517	129.6380920	0.0000000	0.0000000
29.3738098	129.6380920	0.0000000	0.0000000
31.1666679	129.6380920	0.0233445	1.4940476
32.9595261	129.6380920	0.1167225	1.4940476
34.7523804	129.6380920	0.0000000	0.0000000
36.5452385	129.6380920	0.0000000	0.0000000
38.3380966	129.6380920	0.0000000	0.0000000
40.1309547	129.6380920	-0.8520740	1.4940476
41.9238091	129.6380920	-0.1867560	1.4823754
43.7166672	129.6380920	-0.1984282	1.4823754
45.5095253	129.6380920	0.1634115	0.2451172
47.3023796	129.6380920	0.0466890	1.4940476
49.0952377	129.6380920	-0.5485956	1.9609375
50.8880959	129.6380920	0.0000000	0.0000000
52.6809540	129.6380920	-0.2567894	1.0621744
54.4738083	129.6380920	-0.1984282	0.9804688
56.2666664	129.6380920	0.0350167	0.9104353
58.0595245	129.6380920	0.0000000	0.0000000
59.8523788	129.6380920	-0.0233445	0.6536459
61.6452408	129.6380920	-0.1050502	0.9104353
63.4380951	129.6380920	-0.0700335	0.8987631
65.2309494	129.6380920	0.0583612	0.9337798
67.0238113	129.6380920	0.0933780	0.9221075
68.8166656	129.6380920	0.0350167	0.9454520
70.6095276	129.6380920	0.0000000	0.0000000
-1.1047620	131.4309540	0.0000000	0.0000000
0.6880952	131.4309540	0.0000000	0.0000000
2.4809523	131.4309540	-0.0466890	1.8675596
4.2738094	131.4309540	-0.1283947	1.6808035
6.0666666	131.4309540	-0.0116722	1.4707031
7.8595233	131.4309540	-0.0116722	1.1788970
9.6523809	131.4309540	-0.1517392	0.1167225
11.4452381	131.4309540	0.0700335	0.1283947
13.2380953	131.4309540	0.5252512	0.1867560
15.0309525	131.4309540	0.4668899	1.3773252
16.8238087	131.4309540	0.1283947	1.0855190
18.6166668	131.4309540	0.1750837	1.4940476
20.4095249	131.4309540	-0.1750837	1.4940476
22.2023811	131.4309540	1.2255859	0.0000000
23.9952374	131.4309540	0.0000000	0.0000000
25.7880955	131.4309540	0.0000000	0.0000000
27.5809517	131.4309540	0.0000000	0.0000000
29.3738098	131.4309540	0.9804688	0.0000000
31.1666679	131.4309540	-0.6886626	0.0000000
32.9595261	131.4309540	0.0000000	0.0000000
34.7523804	131.4309540	0.0000000	0.0000000
36.5452385	131.4309540	0.1050502	1.5057199
38.3380966	131.4309540	0.0700335	1.5057199
40.1309547	131.4309540	0.0000000	0.2684617
41.9238091	131.4309540	0.0233445	0.2684617
43.7166672	131.4309540	0.0000000	0.0000000
45.5095253	131.4309540	0.0000000	0.0000000
47.3023796	131.4309540	0.0000000	0.0000000
49.0952377	131.4309540	-0.5369233	2.2060547
50.8880959	131.4309540	0.0000000	0.0000000
52.6809540	131.4309540	0.8170573	0.0583612
54.4738083	131.4309540	-0.2217727	1.6808035
56.2666664	131.4309540	2.9764230	-0.2101004
58.0595245	131.4309540	0.0000000	0.9571243
59.8523788	131.4309540	-0.3151507	0.0116722
61.6452408	131.4309540	0.0583612	0.3618397
63.4380951	131.4309540	-0.0466890	0.8637463
65.2309494	131.4309540	0.0583612	1.0038133
67.0238113	131.4309540	0.0583612	0.9337798
68.8166656	131.4309540	-0.0350167	0.8870908
70.6095276	131.4309540	0.0000000	0.0000000
-1.1047620	133.2238159	0.0000000	0.0000000
0.6880952	133.2238159	0.0000000	0.0000000
2.4809523	133.2238159	0.0000000	0.0000000
4.2738094	133.2238159	0.0466890	1.7625093
6.0666666	133.2238159	0.0350167	1.5874256
7.8595233	133.2238159	-0.0933780	1.6341146
9.6523809	133.2238159	-0.0583612	1.5640811
11.4452381	133.2238159	0.1400670	1.9025763
13.2380953	133.2238159	0.2101004	1.4707031
15.0309525	133.2238159	0.3151507	1.2722750
16.8238087	133.2238159	0.0583612	0.0233445
18.6166668	133.2238159	0.0000000	0.0000000
20.4095249	133.2238159	0.3034784	1.4940476
22.2023811	133.2238159	0.0000000	0.0000000
23.9952374	133.2238159	0.0000000	0.0000000
25.7880955	133.2238159	0.0000000	0.0000000
27.5809517	133.2238159	1.5640811	0.0116722
29.3738098	133.2238159	0.0000000	0.0000000
31.1666679	133.2238159	1.5640811	0.0000000
32.9595261	133.2238159	2.9880953	-0.0116722
34.7523804	133.2238159	0.0000000	0.0000000
36.5452385	133.2238159	0.0583612	1.5057199
38.3380966	133.2238159	0.0000000	1.5057199
40.1309547	133.2238159	-0.0583612	1.1672248
41.9238091	133.2238159	-0.0233445	1.1672248
43.7166672	133.2238159	0.0000000	0.0000000
45.5095253	133.2238159	0.0000000	0.0000000
47.3023796	133.2238159	0.0000000	0.0000000
49.0952377	133.2238159	0.0000000	0.0000000
50.8880959	133.2238159	0.0000000	0.0000000
52.6809540	133.2238159	0.0000000	0.0000000
54.4738083	133.2238159	0.0000000	0.0000000
56.2666664	133.2238159	-0.9921410	0.0116722
58.0595245	133.2238159	-0.6536459	0.9337798
59.8523788	133.2238159	-0.1400670	2.9764230
61.6452408	133.2238159	0.0000000	0.0000000
63.4380951	133.2238159	0.0000000	0.8287296
65.2309494	133.2238159	0.0817057	0.8754185
67.0238113	133.2238159	-0.0116722	0.8870908
68.8166656	133.2238159	0.0933780	0.3735119
70.6095276	133.2238159	0.0000000	0.0000000
-1.1047620	135.0166626	0.0000000	0.0000000
0.6880952	135.0166626	0.0000000	0.0000000
2.4809523	135.0166626	-0.0116722	1.7975261
4.2738094	135.0166626	0.0466890	1.9142486
6.0666666	135.0166626	0.0233445	1.6224424
7.8595233	135.0166626	-0.0233445	2.0192988
9.6523809	135.0166626	0.0000000	0.5602679
11.4452381	135.0166626	-0.9221075	0.1167225
13.2380953	135.0166626	0.1400670	1.1672248
15.0309525	135.0166626	0.0000000	0.0000000
16.8238087	135.0166626	0.0000000	0.0000000
18.6166668	135.0166626	0.0000000	0.0000000
20.4095249	135.0166626	0.0000000	0.0000000
22.2023811	135.0166626	0.0000000	0.0000000
23.9952374	135.0166626	0.0000000	0.0000000
25.7880955	135.0166626	0.0000000	0.0000000
27.5809517	135.0166626	0.0000000	0.0000000
29.3738098	135.0166626	0.0000000	0.0000000
31.1666679	135.0166626	0.0000000	0.0000000
32.9595261	135.0166626	0.0000000	0.0000000
34.7523804	135.0166626	0.0000000	0.0000000
36.5452385	135.0166626	0.0000000	0.0000000
38.3380966	135.0166626	0.0000000	0.0000000
40.1309547	135.0166626	0.0000000	0.0000000
41.9238091	135.0166626	0.0000000	0.0000000
43.7166672	135.0166626	0.0000000	0.0000000
45.5095253	135.0166626	0.0000000	0.0000000
47.3023796	135.0166626	0.0000000	0.0000000
49.0952377	135.0166626	0.0000000	0.0000000
50.8880959	135.0166626	-0.1050502	1.4240142
52.6809540	135.0166626	-0.0933780	1.4240142
54.4738083	135.0166626	0.0000000	0.0000000
56.2666664	135.0166626	0.0000000	0.0000000
58.0595245	135.0166626	0.0466890	1.4590309
59.8523788	135.0166626	0.0000000	0.0000000
61.6452408	135.0166626	0.2334449	1.3072917
63.4380951	135.0166626	0.2334449	1.3072917
65.2309494	135.0166626	-0.0350167	1.1905692
67.0238113	135.0166626	-0.0350167	1.1905692
68.8166656	135.0166626	0.0000000	0.0000000
70.6095276	135.0166626	0.0000000	0.0000000
-1.1047620	136.8095245	0.0000000	0.0000000
0.6880952	136.8095245	0.0000000	0.0000000
2.4809523	136.8095245	0.0116722	2.0776601
4.2738094	136.8095245	0.0466890	1.9959543
6.0666666	136.8095245	0.0000000	1.3773252
7.8595233	136.8095245	-0.0116722	1.4940476
9.6523809	136.8095245	0.0817057	2.1126769
11.4452381	136.8095245	0.4085287	2.8713727
13.2380953	136.8095245	0.4202009	2.8713727
15.0309525	136.8095245	0.1517392	1.4940476
16.8238087	136.8095245	0.1283947	1.5173922
18.6166668	136.8095245	0.0000000	0.0000000
20.4095249	136.8095245	0.0000000	0.0000000
22.2023811	136.8095245	0.0000000	0.0000000
23.9952374	136.8095245	0.0000000	0.0000000
25.7880955	136.8095245	0.0000000	0.0000000
27.5809517	136.8095245	0.0000000	0.0000000
29.3738098	136.8095245	0.0000000	0.0000000
31.1666679	136.8095245	1.5640811	0.0000000
32.9595261	136.8095245	0.0000000	0.0000000
34.7523804	136.8095245	0.0000000	0.0000000
36.5452385	136.8095245	0.0000000	0.0000000
38.3380966	136.8095245	0.0000000	0.0000000
40.1309547	136.8095245	0.0000000	0.0000000
41.9238091	136.8095245	0.0000000	0.0000000
43.7166672	136.8095245	-0.1283947	1.0154855
45.5095253	136.8095245	-0.1283947	1.0154855
47.3023796	136.8095245	0.0000000	0.0000000
49.0952377	136.8095245	0.0000000	0.0000000
50.8880959	136.8095245	0.0000000	0.0000000
52.6809540	136.8095245	-0.0933780	1.4240142
54.4738083	136.8095245	0.0000000	0.0000000
56.2666664	136.8095245	0.0000000	0.0000000
58.0595245	136.8095245	0.0000000	0.0000000
59.8523788	136.8095245	0.0000000	0.0000000
61.6452408	136.8095245	0.1867560	1.6224424
63.4380951	136.8095245	0.1984282	1.6341146
65.2309494	136.8095245	-0.0350167	1.1905692
67.0238113	136.8095245	-0.0350167	1.1905692
68.8166656	136.8095245	0.0000000	0.0000000
70.6095276	136.8095245	0.0000000	0.0000000
-1.1047620	138.6023712	0.0000000	0.0000000
0.6880952	138.6023712	0.0000000	0.0000000
2.4809523	138.6023712	0.0000000	0.0000000
4.2738094	138.6023712	0.0000000	0.0000000
6.0666666	138.6023712	0.0466890	1.5057199
7.8595233	138.6023712	0.0350167	0.0116722
9.6523809	138.6023712	0.1167225	2.1360211
11.4452381	138.6023712	0.1167225	2.1943824
13.2380953	138.6023712	0.0466890	1.4940476
15.0309525	138.6023712	0.0000000	0.0000000
16.8238087	138.6023712	0.0000000	0.0000000
18.6166668	138.6023712	0.0233445	1.4940476
20.4095249	138.6023712	-2.6612723	-0.0466890
22.2023811	138.6023712	0.4552176	0.0000000
23.9952374	138.6023712	0.0000000	0.0000000
25.7880955	138.6023712	0.0000000	0.0000000
27.5809517	138.6023712	0.0000000	0.0000000
29.3738098	138.6023712	0.0000000	0.0000000
31.1666679	138.6023712	0.0000000	0.0000000
32.9595261	138.6023712	0.0000000	0.0000000
34.7523804	138.6023712	0.0000000	0.0000000
36.5452385	138.6023712	0.0000000	0.0000000
38.3380966	138.6023712	0.0000000	0.0000000
40.1309547	138.6023712	-0.0233445	1.4940476
41.9238091	138.6023712	0.0000000	0.0000000
43.7166672	138.6023712	-0.0933780	0.0000000
45.5095253	138.6023712	-0.1050502	0.0000000
47.3023796	138.6023712	0.0000000	0.0000000
49.0952377	138.6023712	0.0000000	0.0000000
50.8880959	138.6023712	0.0000000	0.0000000
52.6809540	138.6023712	0.0000000	0.0000000
54.4738083	138.6023712	0.0000000	1.6107701
56.2666664	138.6023712	-0.0466890	1.2489305
58.0595245	138.6023712	-0.3151507	2.3577940
59.8523788	138.6023712	0.0000000	0.0000000
61.6452408	138.6023712	0.0000000	0.0000000
63.4380951	138.6023712	0.0000000	0.0000000
65.2309494	138.6023712	0.0000000	0.0000000
67.0238113	138.6023712	0.0000000	0.0000000
68.8166656	138.6023712	0.0000000	0.0000000
70.6095276	138.6023712	0.0000000	0.0000000
