Burst/rec/seq: 	0	17	17
Time stamp:  	27/06/13 	16:29:05:065
Elapsed time (ms): 	     267
-1.1048000	64.9952011	0.0000000	0.0000000
0.6880000	64.9952011	0.0000000	0.0000000
2.4807999	64.9952011	0.0000000	0.0000000
4.2736001	64.9952011	-0.0233438	0.2801250
6.0664001	64.9952011	0.0583594	0.1634063
7.8592005	64.9952011	0.0466875	0.0583594
9.6519995	64.9952011	0.1283906	0.2217657
11.4448004	64.9952011	0.1517344	0.1984219
13.2376003	64.9952011	0.0350156	0.0700313
15.0304003	64.9952011	-0.1167188	0.0466875
16.8232002	64.9952011	-0.0466875	0.0350156
18.6160011	64.9952011	-0.0817031	0.0350156
20.4088001	64.9952011	-0.0116719	0.0583594
22.2015991	64.9952011	-0.0116719	0.0817031
23.9944019	64.9952011	0.0000000	0.0933750
25.7872009	64.9952011	0.0700313	0.0817031
27.5799999	64.9952011	0.0350156	0.0700313
29.3728008	64.9952011	0.2917969	0.1984219
31.1655998	64.9952011	0.3968438	0.1517344
32.9584007	64.9952011	0.3151406	0.0466875
34.7511978	64.9952011	0.3968438	0.0233438
36.5440025	64.9952011	0.6886407	0.0233438
38.3368034	64.9952011	0.3501563	0.0233438
40.1296005	64.9952011	0.0933750	0.0000000
41.9224014	64.9952011	0.0116719	0.1867500
43.7152023	64.9952011	0.0817031	0.0700313
45.5079994	64.9952011	0.0000000	0.0000000
47.3008003	64.9952011	0.0350156	-0.0233438
49.0936012	64.9952011	0.5018907	-0.1634063
50.8863983	64.9952011	0.5018907	-0.0233438
52.6791992	64.9952011	0.0000000	-0.0116719
54.4720001	64.9952011	-0.1050469	-0.0233438
56.2648010	64.9952011	0.0233438	0.0350156
58.0576019	64.9952011	-0.0700313	-0.2217657
59.8504028	64.9952011	0.0116719	-0.1634063
61.6432037	64.9952011	0.1167188	-0.1400625
63.4360008	64.9952011	0.0350156	-0.1750782
65.2288055	64.9952011	0.0466875	-0.1283906
67.0215988	64.9952011	0.0233438	-0.1167188
68.8144073	64.9952011	-0.0233438	-0.3034688
70.6072006	64.9952011	0.0000000	0.0000000
-1.1048000	66.7880020	0.0000000	0.0000000
0.6880000	66.7880020	0.0000000	0.0000000
2.4807999	66.7880020	0.0000000	0.0000000
4.2736001	66.7880020	0.0000000	0.0000000
6.0664001	66.7880020	0.0350156	0.0700313
7.8592005	66.7880020	0.1050469	0.0466875
9.6519995	66.7880020	0.0233438	0.1283906
11.4448004	66.7880020	-0.0350156	0.1634063
13.2376003	66.7880020	-0.0700313	0.1400625
15.0304003	66.7880020	-0.0700313	0.1283906
16.8232002	66.7880020	-0.1400625	0.0817031
18.6160011	66.7880020	-0.4201875	0.1167188
20.4088001	66.7880020	-0.0466875	0.0583594
22.2015991	66.7880020	0.0000000	0.1517344
23.9944019	66.7880020	-0.0116719	0.1634063
25.7872009	66.7880020	0.0466875	0.1517344
27.5799999	66.7880020	0.0583594	0.0817031
29.3728008	66.7880020	0.3151406	0.0583594
31.1655998	66.7880020	0.5835938	0.1400625
32.9584007	66.7880020	0.3618281	0.0700313
34.7511978	66.7880020	0.3034688	0.0233438
36.5440025	66.7880020	0.5252344	-0.0116719
38.3368034	66.7880020	0.2567813	0.0350156
40.1296005	66.7880020	0.2217656	0.0466875
41.9224014	66.7880020	0.0700313	0.0583594
43.7152023	66.7880020	0.3384844	0.0233438
45.5079994	66.7880020	0.1167188	-0.0116719
47.3008003	66.7880020	0.0000000	0.0000000
49.0936012	66.7880020	0.0000000	0.0000000
50.8863983	66.7880020	0.1400625	0.0233438
52.6791992	66.7880020	0.0933750	0.0000000
54.4720001	66.7880020	0.0817031	0.0000000
56.2648010	66.7880020	0.0700313	0.1050469
58.0576019	66.7880020	0.1400625	0.0000000
59.8504028	66.7880020	0.1283906	-0.0233438
61.6432037	66.7880020	-0.0116719	-0.0817031
63.4360008	66.7880020	-0.0583594	-0.1283906
65.2288055	66.7880020	0.0000000	-0.1984219
67.0215988	66.7880020	0.0000000	-0.0817031
68.8144073	66.7880020	-0.0583594	-0.0817031
70.6072006	66.7880020	0.0000000	0.0000000
-1.1048000	68.5807953	0.0000000	0.0000000
0.6880000	68.5807953	0.0000000	0.0000000
2.4807999	68.5807953	0.0000000	0.0000000
4.2736001	68.5807953	0.0350156	0.0000000
6.0664001	68.5807953	0.1867500	0.0116719
7.8592005	68.5807953	0.1167188	0.2100938
9.6519995	68.5807953	0.1050469	0.1634063
11.4448004	68.5807953	0.0350156	0.3151407
13.2376003	68.5807953	0.1400625	0.2451094
15.0304003	68.5807953	0.0000000	0.1634063
16.8232002	68.5807953	-0.0583594	0.1517344
18.6160011	68.5807953	-0.4318594	0.0817031
20.4088001	68.5807953	-0.0466875	0.1517344
22.2015991	68.5807953	0.0233438	0.1984219
23.9944019	68.5807953	0.1167188	0.1517344
25.7872009	68.5807953	0.0116719	0.1167188
27.5799999	68.5807953	0.1750781	0.3268125
29.3728008	68.5807953	0.0466875	0.4435313
31.1655998	68.5807953	0.4552031	0.0817031
32.9584007	68.5807953	0.2801250	0.1050469
34.7511978	68.5807953	0.2684532	0.0933750
36.5440025	68.5807953	0.2334375	-0.0116719
38.3368034	68.5807953	0.4435313	0.0233438
40.1296005	68.5807953	0.3268125	0.0583594
41.9224014	68.5807953	0.1634063	0.0466875
43.7152023	68.5807953	0.0583594	0.0233438
45.5079994	68.5807953	0.3968438	0.0116719
47.3008003	68.5807953	0.1400625	0.0350156
49.0936012	68.5807953	0.5018907	-0.0700313
50.8863983	68.5807953	0.3384844	-0.1634063
52.6791992	68.5807953	0.0700313	-0.0350156
54.4720001	68.5807953	0.1283906	0.0817031
56.2648010	68.5807953	0.1750781	-0.0116719
58.0576019	68.5807953	0.2334375	0.0583594
59.8504028	68.5807953	-0.0350156	0.0350156
61.6432037	68.5807953	-0.0583594	0.0350156
63.4360008	68.5807953	-0.0933750	-0.1867500
65.2288055	68.5807953	0.0116719	-0.4085157
67.0215988	68.5807953	-0.0466875	-0.1517344
68.8144073	68.5807953	0.0000000	0.0000000
70.6072006	68.5807953	0.0000000	0.0000000
-1.1048000	70.3736038	0.0000000	0.0000000
0.6880000	70.3736038	0.0000000	0.0000000
2.4807999	70.3736038	0.0000000	0.0000000
4.2736001	70.3736038	-0.0116719	0.0116719
6.0664001	70.3736038	0.0000000	0.0000000
7.8592005	70.3736038	0.1750781	0.0350156
9.6519995	70.3736038	0.2100938	0.1984219
11.4448004	70.3736038	0.1750781	0.1167188
13.2376003	70.3736038	0.1750781	0.2684532
15.0304003	70.3736038	0.0933750	0.1283906
16.8232002	70.3736038	0.0933750	0.3618282
18.6160011	70.3736038	-0.0350156	0.1400625
20.4088001	70.3736038	-0.0233438	0.1984219
22.2015991	70.3736038	-0.0116719	0.1867500
23.9944019	70.3736038	0.1984219	0.1283906
25.7872009	70.3736038	0.0000000	0.0583594
27.5799999	70.3736038	0.3618281	0.0700313
29.3728008	70.3736038	0.0350156	0.0933750
31.1655998	70.3736038	0.2684532	0.1167188
32.9584007	70.3736038	0.3151406	0.1984219
34.7511978	70.3736038	0.1634063	0.1400625
36.5440025	70.3736038	0.3151406	0.0000000
38.3368034	70.3736038	0.2100938	-0.0233438
40.1296005	70.3736038	0.2100938	0.0817031
41.9224014	70.3736038	0.1750781	0.0933750
43.7152023	70.3736038	0.2917969	0.1283906
45.5079994	70.3736038	0.5835938	0.0933750
47.3008003	70.3736038	0.3151406	0.0233438
49.0936012	70.3736038	0.3384844	0.0116719
50.8863983	70.3736038	0.1050469	0.1167188
52.6791992	70.3736038	0.1750781	0.1050469
54.4720001	70.3736038	0.1283906	0.0466875
56.2648010	70.3736038	0.1050469	0.1750782
58.0576019	70.3736038	0.1050469	0.1167188
59.8504028	70.3736038	-0.0700313	0.0583594
61.6432037	70.3736038	-0.0583594	0.0350156
63.4360008	70.3736038	-0.0700313	-0.2567813
65.2288055	70.3736038	-0.1400625	-0.2451094
67.0215988	70.3736038	-0.0583594	-0.1167188
68.8144073	70.3736038	0.0000000	0.0000000
70.6072006	70.3736038	0.0000000	0.0000000
-1.1048000	72.1663971	0.0000000	0.0000000
0.6880000	72.1663971	0.0000000	0.0000000
2.4807999	72.1663971	0.0000000	0.0000000
4.2736001	72.1663971	0.0000000	0.0000000
6.0664001	72.1663971	0.0466875	0.0466875
7.8592005	72.1663971	0.0700313	0.0350156
9.6519995	72.1663971	0.0933750	0.1283906
11.4448004	72.1663971	0.1050469	0.1634063
13.2376003	72.1663971	0.1750781	0.1634063
15.0304003	72.1663971	0.1050469	0.2801250
16.8232002	72.1663971	0.0700313	0.2100938
18.6160011	72.1663971	-0.0233438	0.3618282
20.4088001	72.1663971	0.1167188	0.3151407
22.2015991	72.1663971	0.2567813	0.2334375
23.9944019	72.1663971	0.5018907	0.1984219
25.7872009	72.1663971	0.3851719	0.2100938
27.5799999	72.1663971	0.5252344	0.2334375
29.3728008	72.1663971	0.4435313	0.3151407
31.1655998	72.1663971	0.0583594	0.0817031
32.9584007	72.1663971	0.4435313	0.2684532
34.7511978	72.1663971	0.5252344	0.2801250
36.5440025	72.1663971	0.3501563	0.1167188
38.3368034	72.1663971	0.3501563	-0.0233438
40.1296005	72.1663971	0.5485781	0.0116719
41.9224014	72.1663971	0.3968438	0.0466875
43.7152023	72.1663971	0.3618281	0.0933750
45.5079994	72.1663971	0.4902188	0.1283906
47.3008003	72.1663971	0.2451094	0.0000000
49.0936012	72.1663971	0.3735000	0.0583594
50.8863983	72.1663971	0.0350156	0.1750782
52.6791992	72.1663971	0.0700313	0.1984219
54.4720001	72.1663971	0.1400625	0.1984219
56.2648010	72.1663971	0.1634063	0.1050469
58.0576019	72.1663971	-0.0350156	0.0933750
59.8504028	72.1663971	-0.0700313	0.0350156
61.6432037	72.1663971	-0.1283906	-0.0466875
63.4360008	72.1663971	-0.0933750	-0.2917969
65.2288055	72.1663971	-0.0933750	-0.0583594
67.0215988	72.1663971	-0.0583594	-0.0700313
68.8144073	72.1663971	0.0000000	0.0000000
70.6072006	72.1663971	0.0000000	0.0000000
-1.1048000	73.9591980	0.0000000	0.0000000
0.6880000	73.9591980	0.0000000	0.0000000
2.4807999	73.9591980	0.0000000	0.0000000
4.2736001	73.9591980	0.0000000	0.0000000
6.0664001	73.9591980	0.1050469	-0.0350156
7.8592005	73.9591980	0.1167188	0.0466875
9.6519995	73.9591980	0.0933750	0.0583594
11.4448004	73.9591980	0.0000000	0.0000000
13.2376003	73.9591980	0.2684532	0.3384844
15.0304003	73.9591980	0.0000000	0.0350156
16.8232002	73.9591980	0.0817031	0.0817031
18.6160011	73.9591980	0.1283906	0.1400625
20.4088001	73.9591980	0.1517344	0.3034688
22.2015991	73.9591980	0.2684532	0.3151407
23.9944019	73.9591980	0.5602500	0.3384844
25.7872009	73.9591980	0.5719219	0.2567813
27.5799999	73.9591980	0.5952656	0.1750782
29.3728008	73.9591980	0.3735000	0.1984219
31.1655998	73.9591980	0.5018907	0.0466875
32.9584007	73.9591980	0.5602500	0.2217657
34.7511978	73.9591980	0.2917969	0.2684532
36.5440025	73.9591980	0.6302813	0.1750782
38.3368034	73.9591980	0.4785469	0.0000000
40.1296005	73.9591980	0.5952656	0.0466875
41.9224014	73.9591980	0.5485781	0.0933750
43.7152023	73.9591980	0.8520469	-0.0116719
45.5079994	73.9591980	0.7703438	0.0583594
47.3008003	73.9591980	0.2100938	0.2801250
49.0936012	73.9591980	0.4668750	0.0583594
50.8863983	73.9591980	0.0933750	0.3735000
52.6791992	73.9591980	0.0116719	0.4552032
54.4720001	73.9591980	0.0116719	0.3384844
56.2648010	73.9591980	-0.0466875	0.1167188
58.0576019	73.9591980	-0.1283906	0.1400625
59.8504028	73.9591980	-0.0933750	0.1167188
61.6432037	73.9591980	-0.0933750	-0.0700313
63.4360008	73.9591980	-0.0466875	-0.1634063
65.2288055	73.9591980	-0.0350156	-0.0933750
67.0215988	73.9591980	-0.0350156	-0.0933750
68.8144073	73.9591980	0.0000000	0.0000000
70.6072006	73.9591980	0.0000000	0.0000000
-1.1048000	75.7519989	0.0000000	0.0000000
0.6880000	75.7519989	0.0000000	0.0000000
2.4807999	75.7519989	0.0000000	0.0000000
4.2736001	75.7519989	0.0000000	0.0000000
6.0664001	75.7519989	0.0933750	-0.0933750
7.8592005	75.7519989	0.1167188	0.0233438
9.6519995	75.7519989	0.1167188	0.0583594
11.4448004	75.7519989	0.0817031	0.1634063
13.2376003	75.7519989	0.2334375	0.3384844
15.0304003	75.7519989	0.1867500	0.1167188
16.8232002	75.7519989	0.1283906	0.0817031
18.6160011	75.7519989	0.1517344	0.1750782
20.4088001	75.7519989	0.1050469	0.2684532
22.2015991	75.7519989	0.1400625	0.2334375
23.9944019	75.7519989	0.5485781	0.2100938
25.7872009	75.7519989	0.5135625	0.2451094
27.5799999	75.7519989	0.5252344	0.2217657
29.3728008	75.7519989	0.3735000	0.2100938
31.1655998	75.7519989	0.1750781	0.1517344
32.9584007	75.7519989	0.3735000	0.1634063
34.7511978	75.7519989	0.3268125	0.2451094
36.5440025	75.7519989	0.1400625	0.4785469
38.3368034	75.7519989	0.0233438	0.0583594
40.1296005	75.7519989	0.1050469	-0.0233438
41.9224014	75.7519989	0.5485781	0.0700313
43.7152023	75.7519989	0.6652969	0.1050469
45.5079994	75.7519989	0.5952656	0.1750782
47.3008003	75.7519989	0.2684532	0.4552032
49.0936012	75.7519989	0.1634063	0.3618282
50.8863983	75.7519989	0.0466875	0.1984219
52.6791992	75.7519989	0.0933750	0.4668751
54.4720001	75.7519989	0.0350156	0.3151407
56.2648010	75.7519989	-0.1050469	0.0700313
58.0576019	75.7519989	0.0000000	0.0000000
59.8504028	75.7519989	-0.0116719	0.0233438
61.6432037	75.7519989	-0.0700313	0.0116719
63.4360008	75.7519989	0.0000000	-0.1634063
65.2288055	75.7519989	-0.0233438	-0.0583594
67.0215988	75.7519989	-0.0466875	-0.0933750
68.8144073	75.7519989	0.0000000	0.0000000
70.6072006	75.7519989	0.0000000	0.0000000
-1.1048000	77.5447998	0.0000000	0.0000000
0.6880000	77.5447998	0.0000000	0.0000000
2.4807999	77.5447998	0.0000000	0.0000000
4.2736001	77.5447998	-0.0583594	-0.0466875
6.0664001	77.5447998	-0.0350156	-0.0350156
7.8592005	77.5447998	0.1400625	0.0350156
9.6519995	77.5447998	0.0817031	0.1634063
11.4448004	77.5447998	0.0933750	0.2217657
13.2376003	77.5447998	0.0817031	0.3735000
15.0304003	77.5447998	0.1634063	0.3268125
16.8232002	77.5447998	0.0933750	0.2451094
18.6160011	77.5447998	0.1050469	0.1984219
20.4088001	77.5447998	0.1634063	0.1984219
22.2015991	77.5447998	0.1050469	0.3968438
23.9944019	77.5447998	0.4668750	0.3268125
25.7872009	77.5447998	0.4085156	0.3618282
27.5799999	77.5447998	0.2100938	0.4552032
29.3728008	77.5447998	0.2684532	0.2334375
31.1655998	77.5447998	0.1750781	0.1867500
32.9584007	77.5447998	0.1867500	0.1634063
34.7511978	77.5447998	0.1984219	0.1750782
36.5440025	77.5447998	0.1517344	0.1050469
38.3368034	77.5447998	0.0233438	0.1167188
40.1296005	77.5447998	0.0583594	0.0000000
41.9224014	77.5447998	0.0700313	-0.0233438
43.7152023	77.5447998	-0.0116719	-0.0116719
45.5079994	77.5447998	0.2684532	0.7003126
47.3008003	77.5447998	0.1634063	0.4902188
49.0936012	77.5447998	0.1867500	0.3268125
50.8863983	77.5447998	0.2100938	0.3384844
52.6791992	77.5447998	0.0817031	0.1867500
54.4720001	77.5447998	-0.0233438	0.0116719
56.2648010	77.5447998	-0.0466875	0.0000000
58.0576019	77.5447998	0.0116719	-0.0233438
59.8504028	77.5447998	0.0933750	0.0233438
61.6432037	77.5447998	-0.0700313	0.0116719
63.4360008	77.5447998	0.0350156	-0.0817031
65.2288055	77.5447998	-0.1050469	-0.0933750
67.0215988	77.5447998	-0.1283906	-0.1517344
68.8144073	77.5447998	0.0000000	0.0000000
70.6072006	77.5447998	0.0000000	0.0000000
-1.1048000	79.3376007	0.0000000	0.0000000
0.6880000	79.3376007	0.0000000	0.0000000
2.4807999	79.3376007	0.0000000	0.0000000
4.2736001	79.3376007	-0.0350156	-0.0116719
6.0664001	79.3376007	0.0583594	-0.0116719
7.8592005	79.3376007	0.2567813	-0.0233438
9.6519995	79.3376007	0.2217656	-0.0116719
11.4448004	79.3376007	0.0233438	0.4668751
13.2376003	79.3376007	0.0700313	0.2567813
15.0304003	79.3376007	0.0933750	0.2217657
16.8232002	79.3376007	0.0933750	0.3968438
18.6160011	79.3376007	0.1517344	0.1867500
20.4088001	79.3376007	0.2334375	0.1400625
22.2015991	79.3376007	0.2451094	0.0233438
23.9944019	79.3376007	0.1167188	0.1634063
25.7872009	79.3376007	0.1283906	0.2217657
27.5799999	79.3376007	0.1283906	0.1634063
29.3728008	79.3376007	0.1050469	0.2684532
31.1655998	79.3376007	0.2217656	0.3151407
32.9584007	79.3376007	0.0700313	0.0817031
34.7511978	79.3376007	0.1283906	0.1167188
36.5440025	79.3376007	0.0817031	0.1634063
38.3368034	79.3376007	0.1400625	0.4785469
40.1296005	79.3376007	0.2334375	0.0933750
41.9224014	79.3376007	-0.0350156	-0.0116719
43.7152023	79.3376007	0.0583594	0.0350156
45.5079994	79.3376007	0.1750781	0.1283906
47.3008003	79.3376007	0.1400625	0.5369063
49.0936012	79.3376007	0.0933750	0.5485782
50.8863983	79.3376007	0.2217656	0.3268125
52.6791992	79.3376007	0.2684532	0.0817031
54.4720001	79.3376007	0.3034688	0.0116719
56.2648010	79.3376007	0.3268125	0.1050469
58.0576019	79.3376007	0.1167188	0.0000000
59.8504028	79.3376007	0.0933750	0.0000000
61.6432037	79.3376007	0.1167188	-0.0116719
63.4360008	79.3376007	0.1283906	0.0116719
65.2288055	79.3376007	-0.0350156	-0.0233438
67.0215988	79.3376007	-0.0466875	-0.1400625
68.8144073	79.3376007	0.0583594	-0.2801250
70.6072006	79.3376007	0.0000000	0.0000000
-1.1048000	81.1304016	0.0000000	0.0000000
0.6880000	81.1304016	0.0000000	0.0000000
2.4807999	81.1304016	0.0000000	0.0000000
4.2736001	81.1304016	0.0000000	0.0000000
6.0664001	81.1304016	0.0933750	0.0116719
7.8592005	81.1304016	0.2451094	0.0933750
9.6519995	81.1304016	0.2451094	0.1167188
11.4448004	81.1304016	0.0233438	0.2217657
13.2376003	81.1304016	0.0583594	0.1984219
15.0304003	81.1304016	0.0933750	0.1867500
16.8232002	81.1304016	0.1634063	0.2100938
18.6160011	81.1304016	0.1517344	0.1517344
20.4088001	81.1304016	0.0700313	0.1050469
22.2015991	81.1304016	0.0233438	0.0700313
23.9944019	81.1304016	0.0817031	0.0933750
25.7872009	81.1304016	0.1050469	0.1750782
27.5799999	81.1304016	0.0817031	0.2100938
29.3728008	81.1304016	0.0817031	0.1517344
31.1655998	81.1304016	0.0466875	0.0817031
32.9584007	81.1304016	0.1050469	0.1050469
34.7511978	81.1304016	0.1400625	0.1867500
36.5440025	81.1304016	0.1167188	0.3501563
38.3368034	81.1304016	0.2217656	0.3384844
40.1296005	81.1304016	0.2100938	0.1283906
41.9224014	81.1304016	0.0233438	-0.0233438
43.7152023	81.1304016	0.0000000	0.1167188
45.5079994	81.1304016	0.0583594	0.3384844
47.3008003	81.1304016	0.0817031	0.2334375
49.0936012	81.1304016	-0.0466875	0.1517344
50.8863983	81.1304016	0.0233438	0.1634063
52.6791992	81.1304016	0.1867500	0.1167188
54.4720001	81.1304016	0.1750781	0.0350156
56.2648010	81.1304016	0.1867500	0.0817031
58.0576019	81.1304016	0.1283906	0.0000000
59.8504028	81.1304016	0.5018907	0.0116719
61.6432037	81.1304016	0.5018907	-0.0350156
63.4360008	81.1304016	0.2684532	0.0000000
65.2288055	81.1304016	0.2217656	-0.0583594
67.0215988	81.1304016	0.0116719	-0.1167188
68.8144073	81.1304016	-0.0116719	-0.5369063
70.6072006	81.1304016	0.0000000	0.0000000
-1.1048000	82.9232025	0.0000000	0.0000000
0.6880000	82.9232025	0.0000000	0.0000000
2.4807999	82.9232025	0.0000000	0.0000000
4.2736001	82.9232025	0.0000000	0.0000000
6.0664001	82.9232025	-0.0116719	0.0116719
7.8592005	82.9232025	-0.0116719	0.0700313
9.6519995	82.9232025	-0.0583594	0.0583594
11.4448004	82.9232025	-0.0350156	0.0700313
13.2376003	82.9232025	0.0233438	0.2217657
15.0304003	82.9232025	0.1517344	0.4785469
16.8232002	82.9232025	0.0466875	0.4668751
18.6160011	82.9232025	0.0466875	0.2684532
20.4088001	82.9232025	-0.1634063	0.2567813
22.2015991	82.9232025	0.0000000	0.1167188
23.9944019	82.9232025	0.0116719	0.0933750
25.7872009	82.9232025	0.0116719	0.1283906
27.5799999	82.9232025	0.0000000	0.1517344
29.3728008	82.9232025	-0.0116719	0.0817031
31.1655998	82.9232025	0.0583594	0.1634063
32.9584007	82.9232025	0.0817031	0.1400625
34.7511978	82.9232025	0.0933750	0.0933750
36.5440025	82.9232025	0.2100938	0.2801250
38.3368034	82.9232025	0.1984219	0.5835938
40.1296005	82.9232025	0.1517344	0.0817031
41.9224014	82.9232025	-0.0583594	0.0000000
43.7152023	82.9232025	-0.0700313	-0.0350156
45.5079994	82.9232025	0.0233438	0.0817031
47.3008003	82.9232025	0.1050469	0.0700313
49.0936012	82.9232025	0.1283906	0.1050469
50.8863983	82.9232025	0.3501563	0.1167188
52.6791992	82.9232025	0.2684532	0.0700313
54.4720001	82.9232025	0.1984219	0.0000000
56.2648010	82.9232025	0.1984219	0.0933750
58.0576019	82.9232025	0.1867500	0.0700313
59.8504028	82.9232025	0.4201875	0.0466875
61.6432037	82.9232025	0.4902188	0.0233438
63.4360008	82.9232025	0.3034688	0.1400625
65.2288055	82.9232025	0.2217656	0.0000000
67.0215988	82.9232025	0.1517344	-0.0817031
68.8144073	82.9232025	0.0000000	0.0000000
70.6072006	82.9232025	0.0000000	0.0000000
-1.1048000	84.7160034	0.0000000	0.0000000
0.6880000	84.7160034	0.0000000	0.0000000
2.4807999	84.7160034	0.0000000	0.0000000
4.2736001	84.7160034	0.0000000	-0.0233438
6.0664001	84.7160034	0.0233438	0.0233438
7.8592005	84.7160034	-0.0817031	0.0583594
9.6519995	84.7160034	-0.0817031	0.0350156
11.4448004	84.7160034	-0.0233438	0.1050469
13.2376003	84.7160034	0.0000000	0.1167188
15.0304003	84.7160034	0.1400625	0.4201876
16.8232002	84.7160034	0.0466875	0.4785469
18.6160011	84.7160034	0.0350156	0.4668751
20.4088001	84.7160034	-0.1167188	0.1283906
22.2015991	84.7160034	-0.0116719	0.0466875
23.9944019	84.7160034	-0.0466875	0.0350156
25.7872009	84.7160034	-0.0233438	0.1167188
27.5799999	84.7160034	-0.0583594	0.0817031
29.3728008	84.7160034	0.0233438	0.0817031
31.1655998	84.7160034	0.0350156	0.0700313
32.9584007	84.7160034	0.0700313	0.0466875
34.7511978	84.7160034	0.0466875	0.1050469
36.5440025	84.7160034	0.0233438	0.0817031
38.3368034	84.7160034	0.1867500	0.6652970
40.1296005	84.7160034	0.1167188	0.0350156
41.9224014	84.7160034	-0.0233438	0.0350156
43.7152023	84.7160034	-0.0933750	-0.0466875
45.5079994	84.7160034	-0.1400625	0.0000000
47.3008003	84.7160034	-0.0700313	0.0700313
49.0936012	84.7160034	-0.0233438	0.0700313
50.8863983	84.7160034	0.3034688	0.0700313
52.6791992	84.7160034	0.2684532	0.0350156
54.4720001	84.7160034	0.4085156	0.1400625
56.2648010	84.7160034	0.4085156	0.1400625
58.0576019	84.7160034	0.3618281	-0.0466875
59.8504028	84.7160034	0.4902188	0.0233438
61.6432037	84.7160034	0.3151406	0.1050469
63.4360008	84.7160034	0.2100938	0.2217657
65.2288055	84.7160034	0.1283906	0.0233438
67.0215988	84.7160034	0.1167188	-0.1167188
68.8144073	84.7160034	-0.0233438	-0.6302813
70.6072006	84.7160034	0.0000000	0.0000000
-1.1048000	86.5088043	0.0000000	0.0000000
0.6880000	86.5088043	0.0000000	0.0000000
2.4807999	86.5088043	0.0000000	0.0000000
4.2736001	86.5088043	0.0000000	0.0000000
6.0664001	86.5088043	-0.1167188	0.0583594
7.8592005	86.5088043	-0.0700313	0.1283906
9.6519995	86.5088043	0.0116719	0.0817031
11.4448004	86.5088043	-0.0116719	0.1167188
13.2376003	86.5088043	-0.0583594	0.0933750
15.0304003	86.5088043	0.0350156	0.3151407
16.8232002	86.5088043	0.0466875	0.5602500
18.6160011	86.5088043	-0.0233438	0.1750782
20.4088001	86.5088043	-0.0700313	0.0466875
22.2015991	86.5088043	-0.1750781	0.0817031
23.9944019	86.5088043	-0.0933750	0.2217657
25.7872009	86.5088043	-0.0466875	0.1167188
27.5799999	86.5088043	-0.0116719	0.0583594
29.3728008	86.5088043	0.0000000	0.1400625
31.1655998	86.5088043	0.0116719	0.0933750
32.9584007	86.5088043	0.0350156	0.1400625
34.7511978	86.5088043	0.1750781	0.1400625
36.5440025	86.5088043	0.1867500	0.1167188
38.3368034	86.5088043	0.1050469	0.2100938
40.1296005	86.5088043	0.4552031	0.1984219
41.9224014	86.5088043	0.2100938	0.1634063
43.7152023	86.5088043	0.0000000	0.0817031
45.5079994	86.5088043	-0.0933750	0.0116719
47.3008003	86.5088043	0.0233438	0.0000000
49.0936012	86.5088043	0.0233438	-0.0350156
50.8863983	86.5088043	0.1517344	-0.0350156
52.6791992	86.5088043	0.1400625	-0.0700313
54.4720001	86.5088043	0.1750781	-0.0116719
56.2648010	86.5088043	0.2451094	0.0233438
58.0576019	86.5088043	0.3735000	-0.0116719
59.8504028	86.5088043	0.2217656	0.0350156
61.6432037	86.5088043	0.0700313	0.0233438
63.4360008	86.5088043	0.1634063	0.1750782
65.2288055	86.5088043	0.1283906	0.1167188
67.0215988	86.5088043	0.1634063	-0.1634063
68.8144073	86.5088043	0.0000000	-0.7353282
70.6072006	86.5088043	0.0000000	0.0000000
-1.1048000	88.3015976	0.0000000	0.0000000
0.6880000	88.3015976	0.0000000	0.0000000
2.4807999	88.3015976	0.0000000	0.0000000
4.2736001	88.3015976	0.0000000	0.0000000
6.0664001	88.3015976	-0.1400625	0.0583594
7.8592005	88.3015976	-0.1167188	0.0583594
9.6519995	88.3015976	-0.0583594	0.0116719
11.4448004	88.3015976	-0.0817031	0.1984219
13.2376003	88.3015976	-0.0817031	0.2451094
15.0304003	88.3015976	-0.0350156	0.5018907
16.8232002	88.3015976	0.0466875	0.2217657
18.6160011	88.3015976	0.0000000	0.2334375
20.4088001	88.3015976	-0.1400625	0.0233438
22.2015991	88.3015976	-0.0583594	0.0233438
23.9944019	88.3015976	-0.0700313	0.0000000
25.7872009	88.3015976	-0.0583594	0.2567813
27.5799999	88.3015976	-0.0583594	0.1400625
29.3728008	88.3015976	0.0233438	0.1050469
31.1655998	88.3015976	0.0233438	0.0583594
32.9584007	88.3015976	0.1283906	0.3034688
34.7511978	88.3015976	0.1634063	0.2217657
36.5440025	88.3015976	0.1750781	0.1867500
38.3368034	88.3015976	0.1167188	0.2334375
40.1296005	88.3015976	0.2684532	-0.0466875
41.9224014	88.3015976	0.3268125	0.3268125
43.7152023	88.3015976	0.1167188	0.0933750
45.5079994	88.3015976	0.0466875	0.0466875
47.3008003	88.3015976	-0.0233438	0.0116719
49.0936012	88.3015976	-0.0116719	0.0233438
50.8863983	88.3015976	0.0817031	-0.0116719
52.6791992	88.3015976	0.0817031	0.0350156
54.4720001	88.3015976	0.1283906	0.0350156
56.2648010	88.3015976	0.0233438	0.0116719
58.0576019	88.3015976	0.1867500	0.0233438
59.8504028	88.3015976	0.2451094	0.0116719
61.6432037	88.3015976	0.2217656	0.0233438
63.4360008	88.3015976	0.3735000	0.0233438
65.2288055	88.3015976	0.2684532	0.0466875
67.0215988	88.3015976	0.1750781	0.1050469
68.8144073	88.3015976	0.0000000	0.0000000
70.6072006	88.3015976	0.0000000	0.0000000
-1.1048000	90.0944061	0.0000000	0.0000000
0.6880000	90.0944061	0.0000000	0.0000000
2.4807999	90.0944061	0.0000000	0.0000000
4.2736001	90.0944061	0.0000000	0.0000000
6.0664001	90.0944061	-0.1050469	0.0700313
7.8592005	90.0944061	-0.0817031	0.0350156
9.6519995	90.0944061	-0.0233438	-0.0116719
11.4448004	90.0944061	-0.0583594	-0.0116719
13.2376003	90.0944061	-0.0116719	0.0350156
15.0304003	90.0944061	0.0000000	0.1867500
16.8232002	90.0944061	0.0233438	0.3851719
18.6160011	90.0944061	0.1634063	0.1867500
20.4088001	90.0944061	0.0233438	0.0817031
22.2015991	90.0944061	0.0700313	0.0000000
23.9944019	90.0944061	-0.0116719	0.0233438
25.7872009	90.0944061	-0.0466875	0.0700313
27.5799999	90.0944061	-0.0583594	0.1867500
29.3728008	90.0944061	-0.0817031	0.0583594
31.1655998	90.0944061	0.0116719	0.0583594
32.9584007	90.0944061	0.1400625	0.0700313
34.7511978	90.0944061	0.1283906	0.1984219
36.5440025	90.0944061	0.3618281	0.2801250
38.3368034	90.0944061	0.2451094	0.2334375
40.1296005	90.0944061	0.5018907	0.1867500
41.9224014	90.0944061	0.4902188	0.1750782
43.7152023	90.0944061	0.2917969	0.0933750
45.5079994	90.0944061	0.1750781	0.0933750
47.3008003	90.0944061	0.0817031	0.0350156
49.0936012	90.0944061	-0.0233438	-0.0350156
50.8863983	90.0944061	-0.0350156	0.0233438
52.6791992	90.0944061	0.0000000	0.0350156
54.4720001	90.0944061	0.0933750	0.0350156
56.2648010	90.0944061	-0.0933750	-0.0233438
58.0576019	90.0944061	0.0350156	-0.0466875
59.8504028	90.0944061	0.0116719	-0.0933750
61.6432037	90.0944061	0.1050469	0.0116719
63.4360008	90.0944061	0.3034688	0.0000000
65.2288055	90.0944061	0.2451094	-0.0583594
67.0215988	90.0944061	0.0700313	0.0583594
68.8144073	90.0944061	0.0350156	0.0466875
70.6072006	90.0944061	0.0000000	0.0000000
-1.1048000	91.8871994	0.0000000	0.0000000
0.6880000	91.8871994	0.0000000	0.0000000
2.4807999	91.8871994	0.0000000	0.0000000
4.2736001	91.8871994	0.0000000	0.0000000
6.0664001	91.8871994	0.0233438	0.0583594
7.8592005	91.8871994	0.0233438	0.0233438
9.6519995	91.8871994	-0.0583594	0.0466875
11.4448004	91.8871994	-0.0350156	0.0466875
13.2376003	91.8871994	0.0350156	0.0466875
15.0304003	91.8871994	0.0583594	0.1400625
16.8232002	91.8871994	0.0817031	0.2917969
18.6160011	91.8871994	0.1867500	0.1867500
20.4088001	91.8871994	0.0583594	0.2567813
22.2015991	91.8871994	0.0933750	0.1050469
23.9944019	91.8871994	-0.0116719	0.0817031
25.7872009	91.8871994	0.0933750	0.1400625
27.5799999	91.8871994	0.0583594	0.0583594
29.3728008	91.8871994	-0.0700313	-0.0583594
31.1655998	91.8871994	-0.0233438	-0.0583594
32.9584007	91.8871994	-0.0350156	0.1283906
34.7511978	91.8871994	0.0233438	0.2684532
36.5440025	91.8871994	0.1634063	0.3384844
38.3368034	91.8871994	0.2334375	0.2100938
40.1296005	91.8871994	0.3384844	0.2451094
41.9224014	91.8871994	0.5369063	0.1750782
43.7152023	91.8871994	0.4435313	0.0817031
45.5079994	91.8871994	0.3268125	0.1283906
47.3008003	91.8871994	0.2100938	0.1050469
49.0936012	91.8871994	-0.0350156	0.0233438
50.8863983	91.8871994	0.0000000	0.0116719
52.6791992	91.8871994	-0.0116719	0.0233438
54.4720001	91.8871994	-0.0233438	0.0350156
56.2648010	91.8871994	-0.0817031	0.0233438
58.0576019	91.8871994	-0.0350156	-0.0233438
59.8504028	91.8871994	-0.0466875	-0.0466875
61.6432037	91.8871994	0.0116719	-0.0583594
63.4360008	91.8871994	0.0583594	-0.0933750
65.2288055	91.8871994	0.0700313	-0.1400625
67.0215988	91.8871994	0.0933750	-0.0233438
68.8144073	91.8871994	-0.0466875	-0.1283906
70.6072006	91.8871994	0.0000000	0.0000000
-1.1048000	93.6800003	0.0000000	0.0000000
0.6880000	93.6800003	0.0000000	0.0000000
2.4807999	93.6800003	0.0000000	0.0000000
4.2736001	93.6800003	-0.0116719	0.1750782
6.0664001	93.6800003	0.1050469	0.0350156
7.8592005	93.6800003	0.0583594	0.0000000
9.6519995	93.6800003	0.0116719	0.0233438
11.4448004	93.6800003	-0.0350156	0.0466875
13.2376003	93.6800003	0.0583594	0.1400625
15.0304003	93.6800003	0.1400625	0.1867500
16.8232002	93.6800003	0.2567813	0.1517344
18.6160011	93.6800003	0.1283906	0.1867500
20.4088001	93.6800003	0.0583594	0.2217657
22.2015991	93.6800003	0.0583594	0.1167188
23.9944019	93.6800003	0.0466875	0.0933750
25.7872009	93.6800003	0.0583594	0.1634063
27.5799999	93.6800003	0.0583594	0.0466875
29.3728008	93.6800003	0.1283906	0.0933750
31.1655998	93.6800003	0.0583594	0.1283906
32.9584007	93.6800003	-0.0933750	0.0817031
34.7511978	93.6800003	-0.0583594	0.1634063
36.5440025	93.6800003	0.1283906	0.1750782
38.3368034	93.6800003	0.2334375	0.2100938
40.1296005	93.6800003	0.2801250	0.0933750
41.9224014	93.6800003	0.4435313	0.0933750
43.7152023	93.6800003	0.2451094	0.1167188
45.5079994	93.6800003	0.1400625	0.4435313
47.3008003	93.6800003	0.0000000	0.2217657
49.0936012	93.6800003	-0.0350156	0.0116719
50.8863983	93.6800003	0.0700313	0.0466875
52.6791992	93.6800003	-0.0233438	0.0466875
54.4720001	93.6800003	-0.0233438	0.0350156
56.2648010	93.6800003	-0.0350156	0.0350156
58.0576019	93.6800003	-0.0116719	-0.0116719
59.8504028	93.6800003	0.0000000	-0.0466875
61.6432037	93.6800003	-0.0583594	-0.0700313
63.4360008	93.6800003	0.0000000	-0.0817031
65.2288055	93.6800003	0.0350156	-0.1283906
67.0215988	93.6800003	0.0817031	0.0000000
68.8144073	93.6800003	-0.0233438	-0.0233438
70.6072006	93.6800003	0.0000000	0.0000000
-1.1048000	95.4728088	0.0000000	0.0000000
0.6880000	95.4728088	0.0000000	0.0000000
2.4807999	95.4728088	0.0000000	0.0000000
4.2736001	95.4728088	0.0233438	0.1634063
6.0664001	95.4728088	0.0700313	0.0583594
7.8592005	95.4728088	0.0583594	0.0233438
9.6519995	95.4728088	0.0116719	0.2217657
11.4448004	95.4728088	-0.0116719	0.1400625
13.2376003	95.4728088	0.0466875	0.0817031
15.0304003	95.4728088	0.0116719	0.3501563
16.8232002	95.4728088	0.0466875	0.2684532
18.6160011	95.4728088	0.0116719	0.2451094
20.4088001	95.4728088	0.0350156	0.2100938
22.2015991	95.4728088	0.0116719	0.1167188
23.9944019	95.4728088	0.0350156	0.1050469
25.7872009	95.4728088	0.1517344	0.0700313
27.5799999	95.4728088	0.1167188	0.0700313
29.3728008	95.4728088	0.1867500	0.0817031
31.1655998	95.4728088	0.1984219	0.1050469
32.9584007	95.4728088	0.0817031	0.0583594
34.7511978	95.4728088	-0.0233438	0.0116719
36.5440025	95.4728088	0.0000000	0.0700313
38.3368034	95.4728088	0.1050469	-0.0116719
40.1296005	95.4728088	0.1634063	0.0233438
41.9224014	95.4728088	0.1867500	0.0000000
43.7152023	95.4728088	0.2334375	0.0933750
45.5079994	95.4728088	0.1050469	0.4902188
47.3008003	95.4728088	-0.1167188	0.3968438
49.0936012	95.4728088	0.0817031	0.0466875
50.8863983	95.4728088	0.1050469	0.0583594
52.6791992	95.4728088	-0.0233438	0.0933750
54.4720001	95.4728088	0.0000000	0.0350156
56.2648010	95.4728088	-0.0116719	0.0116719
58.0576019	95.4728088	0.0583594	-0.0350156
59.8504028	95.4728088	0.1634063	-0.0700313
61.6432037	95.4728088	0.0583594	-0.0817031
63.4360008	95.4728088	0.0116719	-0.1517344
65.2288055	95.4728088	0.0466875	-0.1400625
67.0215988	95.4728088	0.1400625	-0.1634063
68.8144073	95.4728088	0.0000000	0.0000000
70.6072006	95.4728088	0.0000000	0.0000000
-1.1048000	97.2656021	0.0000000	0.0000000
0.6880000	97.2656021	0.0000000	0.0000000
2.4807999	97.2656021	0.0000000	0.0000000
4.2736001	97.2656021	0.0583594	-0.1634063
6.0664001	97.2656021	0.0350156	-0.0116719
7.8592005	97.2656021	0.0350156	0.0233438
9.6519995	97.2656021	-0.0583594	0.2451094
11.4448004	97.2656021	-0.0700313	0.2217657
13.2376003	97.2656021	0.0000000	0.1050469
15.0304003	97.2656021	0.0116719	0.0933750
16.8232002	97.2656021	-0.0466875	0.3151407
18.6160011	97.2656021	-0.0817031	0.1984219
20.4088001	97.2656021	-0.0233438	0.2334375
22.2015991	97.2656021	-0.0233438	0.1634063
23.9944019	97.2656021	0.0116719	0.1167188
25.7872009	97.2656021	0.0583594	0.0933750
27.5799999	97.2656021	0.0817031	0.1050469
29.3728008	97.2656021	0.1867500	0.1517344
31.1655998	97.2656021	0.1867500	0.1517344
32.9584007	97.2656021	0.2684532	0.1517344
34.7511978	97.2656021	0.2334375	0.0466875
36.5440025	97.2656021	0.1050469	0.0350156
38.3368034	97.2656021	0.2684532	-0.0233438
40.1296005	97.2656021	0.0933750	0.0000000
41.9224014	97.2656021	0.1283906	0.0466875
43.7152023	97.2656021	0.0933750	0.0116719
45.5079994	97.2656021	0.0700313	0.5602500
47.3008003	97.2656021	0.0000000	0.4201876
49.0936012	97.2656021	0.0700313	0.3034688
50.8863983	97.2656021	0.1400625	0.0000000
52.6791992	97.2656021	0.1167188	-0.0233438
54.4720001	97.2656021	0.1283906	0.0817031
56.2648010	97.2656021	0.1867500	-0.1517344
58.0576019	97.2656021	0.2567813	-0.0466875
59.8504028	97.2656021	0.0933750	-0.0583594
61.6432037	97.2656021	0.0350156	-0.0933750
63.4360008	97.2656021	0.0116719	-0.1517344
65.2288055	97.2656021	0.0817031	-0.1750782
67.0215988	97.2656021	0.0350156	-0.0466875
68.8144073	97.2656021	-0.0466875	0.0350156
70.6072006	97.2656021	0.0000000	0.0000000
-1.1048000	99.0584030	0.0000000	0.0000000
0.6880000	99.0584030	0.0000000	0.0000000
2.4807999	99.0584030	0.0000000	0.0000000
4.2736001	99.0584030	0.0583594	0.0583594
6.0664001	99.0584030	0.0466875	0.0466875
7.8592005	99.0584030	0.0583594	0.0817031
9.6519995	99.0584030	-0.0583594	0.0817031
11.4448004	99.0584030	-0.0583594	0.1634063
13.2376003	99.0584030	-0.0466875	0.1400625
15.0304003	99.0584030	-0.0116719	0.2217657
16.8232002	99.0584030	-0.0700313	0.4318594
18.6160011	99.0584030	-0.0817031	0.2567813
20.4088001	99.0584030	-0.0933750	0.1867500
22.2015991	99.0584030	-0.0233438	0.1050469
23.9944019	99.0584030	0.0000000	0.0583594
25.7872009	99.0584030	0.0466875	0.1517344
27.5799999	99.0584030	0.0350156	0.1283906
29.3728008	99.0584030	0.1167188	0.1867500
31.1655998	99.0584030	0.1750781	0.1167188
32.9584007	99.0584030	0.0583594	0.0933750
34.7511978	99.0584030	0.1750781	0.0466875
36.5440025	99.0584030	0.0583594	0.0000000
38.3368034	99.0584030	0.1050469	-0.1283906
40.1296005	99.0584030	0.1400625	-0.1283906
41.9224014	99.0584030	0.0233438	-0.0233438
43.7152023	99.0584030	0.1517344	0.1167188
45.5079994	99.0584030	0.0233438	0.2334375
47.3008003	99.0584030	-0.0116719	0.1283906
49.0936012	99.0584030	0.0350156	0.1517344
50.8863983	99.0584030	0.1283906	0.0116719
52.6791992	99.0584030	0.1050469	0.0466875
54.4720001	99.0584030	0.1750781	0.0233438
56.2648010	99.0584030	0.2684532	0.0233438
58.0576019	99.0584030	0.2217656	-0.0116719
59.8504028	99.0584030	0.0817031	0.0116719
61.6432037	99.0584030	-0.0350156	-0.0466875
63.4360008	99.0584030	-0.0933750	-0.1283906
65.2288055	99.0584030	0.0116719	-0.1283906
67.0215988	99.0584030	0.0817031	-0.0583594
68.8144073	99.0584030	0.5018907	0.0233438
70.6072006	99.0584030	0.0000000	0.0000000
-1.1048000	100.8512039	0.0000000	0.0000000
0.6880000	100.8512039	0.0000000	0.0000000
2.4807999	100.8512039	0.0000000	0.0000000
4.2736001	100.8512039	0.0700313	0.0116719
6.0664001	100.8512039	0.0700313	0.0116719
7.8592005	100.8512039	0.0700313	0.1167188
9.6519995	100.8512039	0.0466875	0.1517344
11.4448004	100.8512039	0.0817031	0.1750782
13.2376003	100.8512039	0.0350156	0.1634063
15.0304003	100.8512039	0.0583594	0.0817031
16.8232002	100.8512039	-0.0583594	0.3735000
18.6160011	100.8512039	-0.0700313	0.3735000
20.4088001	100.8512039	-0.0466875	0.0933750
22.2015991	100.8512039	0.0233438	0.1283906
23.9944019	100.8512039	-0.0817031	0.1750782
25.7872009	100.8512039	0.0700313	0.1984219
27.5799999	100.8512039	0.0933750	0.0116719
29.3728008	100.8512039	-0.0700313	0.0116719
31.1655998	100.8512039	-0.1400625	-0.0817031
32.9584007	100.8512039	-0.0466875	-0.0350156
34.7511978	100.8512039	-0.0116719	-0.0583594
36.5440025	100.8512039	0.0116719	-0.0350156
38.3368034	100.8512039	0.0933750	-0.1517344
40.1296005	100.8512039	-0.0116719	-0.1867500
41.9224014	100.8512039	-0.0233438	-0.1050469
43.7152023	100.8512039	0.0817031	0.0466875
45.5079994	100.8512039	0.1634063	0.2451094
47.3008003	100.8512039	0.1750781	0.1750782
49.0936012	100.8512039	0.1283906	0.1984219
50.8863983	100.8512039	0.3735000	0.1750782
52.6791992	100.8512039	0.3384844	0.0583594
54.4720001	100.8512039	0.2917969	-0.0116719
56.2648010	100.8512039	0.2801250	0.0583594
58.0576019	100.8512039	0.1634063	0.0000000
59.8504028	100.8512039	0.0583594	0.0116719
61.6432037	100.8512039	-0.1167188	0.0000000
63.4360008	100.8512039	-0.1283906	-0.1283906
65.2288055	100.8512039	-0.0583594	-0.0817031
67.0215988	100.8512039	-0.0350156	0.0350156
68.8144073	100.8512039	-0.0350156	-0.0817031
70.6072006	100.8512039	0.0000000	0.0000000
-1.1048000	102.6440048	0.0000000	0.0000000
0.6880000	102.6440048	0.0000000	0.0000000
2.4807999	102.6440048	0.0000000	0.0000000
4.2736001	102.6440048	0.0583594	-0.0233438
6.0664001	102.6440048	0.0583594	0.0116719
7.8592005	102.6440048	-0.0116719	0.0583594
9.6519995	102.6440048	0.0000000	0.1167188
11.4448004	102.6440048	-0.0233438	0.0116719
13.2376003	102.6440048	0.0350156	0.1867500
15.0304003	102.6440048	0.0116719	0.2217657
16.8232002	102.6440048	0.0000000	0.2684532
18.6160011	102.6440048	0.0116719	0.2684532
20.4088001	102.6440048	0.0116719	-0.0583594
22.2015991	102.6440048	0.0817031	0.0700313
23.9944019	102.6440048	0.0350156	0.1050469
25.7872009	102.6440048	-0.1167188	0.1750782
27.5799999	102.6440048	-0.1634063	0.3501563
29.3728008	102.6440048	-0.1517344	-0.0583594
31.1655998	102.6440048	-0.1400625	-0.2217657
32.9584007	102.6440048	-0.1167188	-0.1167188
34.7511978	102.6440048	-0.0583594	-0.0817031
36.5440025	102.6440048	-0.0233438	-0.0933750
38.3368034	102.6440048	0.0233438	-0.0933750
40.1296005	102.6440048	-0.0466875	-0.2100938
41.9224014	102.6440048	-0.0583594	-0.1984219
43.7152023	102.6440048	0.0466875	0.0116719
45.5079994	102.6440048	0.0700313	0.1517344
47.3008003	102.6440048	0.2100938	0.1984219
49.0936012	102.6440048	0.2451094	0.1400625
50.8863983	102.6440048	0.3968438	0.1517344
52.6791992	102.6440048	0.4085156	0.1634063
54.4720001	102.6440048	0.3851719	0.0116719
56.2648010	102.6440048	0.0933750	-0.0466875
58.0576019	102.6440048	0.0933750	0.0700313
59.8504028	102.6440048	0.1867500	0.1750782
61.6432037	102.6440048	0.1867500	0.1517344
63.4360008	102.6440048	-0.0583594	0.0116719
65.2288055	102.6440048	-0.1050469	-0.0583594
67.0215988	102.6440048	-0.1283906	-0.0233438
68.8144073	102.6440048	0.0000000	0.0000000
70.6072006	102.6440048	0.0000000	0.0000000
-1.1048000	104.4367981	0.0000000	0.0000000
0.6880000	104.4367981	0.0000000	0.0000000
2.4807999	104.4367981	0.0000000	0.0000000
4.2736001	104.4367981	-0.0233438	-0.0933750
6.0664001	104.4367981	0.0000000	0.0233438
7.8592005	104.4367981	0.0116719	0.0350156
9.6519995	104.4367981	0.0233438	0.0466875
11.4448004	104.4367981	0.0000000	0.0116719
13.2376003	104.4367981	0.0233438	0.0583594
15.0304003	104.4367981	0.1050469	0.0933750
16.8232002	104.4367981	0.0700313	0.0933750
18.6160011	104.4367981	0.2334375	0.1517344
20.4088001	104.4367981	0.2567813	0.1283906
22.2015991	104.4367981	0.1750781	0.0583594
23.9944019	104.4367981	0.0817031	0.1750782
25.7872009	104.4367981	-0.0933750	0.1517344
27.5799999	104.4367981	-0.0466875	0.0000000
29.3728008	104.4367981	-0.0466875	-0.3851719
31.1655998	104.4367981	-0.1750781	-0.2451094
32.9584007	104.4367981	-0.1634063	-0.2100938
34.7511978	104.4367981	-0.0700313	-0.0933750
36.5440025	104.4367981	-0.0116719	-0.1050469
38.3368034	104.4367981	-0.0817031	-0.2451094
40.1296005	104.4367981	-0.0583594	-0.2684532
41.9224014	104.4367981	-0.0116719	-0.1867500
43.7152023	104.4367981	0.1050469	-0.0233438
45.5079994	104.4367981	0.0700313	0.0350156
47.3008003	104.4367981	0.1867500	0.1050469
49.0936012	104.4367981	0.4201875	0.0817031
50.8863983	104.4367981	0.4902188	0.1517344
52.6791992	104.4367981	0.3735000	0.2684532
54.4720001	104.4367981	0.3384844	0.0583594
56.2648010	104.4367981	0.1517344	0.0466875
58.0576019	104.4367981	0.2217656	0.1167188
59.8504028	104.4367981	0.1984219	0.1400625
61.6432037	104.4367981	0.1517344	0.0583594
63.4360008	104.4367981	0.0116719	0.0700313
65.2288055	104.4367981	-0.0466875	0.0116719
67.0215988	104.4367981	-0.0116719	-0.0233438
68.8144073	104.4367981	0.0000000	-0.0817031
70.6072006	104.4367981	0.0000000	0.0000000
-1.1048000	106.2296066	0.0000000	0.0000000
0.6880000	106.2296066	0.0000000	0.0000000
2.4807999	106.2296066	0.0000000	0.0000000
4.2736001	106.2296066	0.0116719	-0.0466875
6.0664001	106.2296066	-0.0116719	0.0350156
7.8592005	106.2296066	0.0116719	0.0350156
9.6519995	106.2296066	0.0116719	0.0233438
11.4448004	106.2296066	0.0116719	0.0700313
13.2376003	106.2296066	0.0116719	-0.0233438
15.0304003	106.2296066	0.0933750	0.0000000
16.8232002	106.2296066	0.2217656	0.0583594
18.6160011	106.2296066	0.2801250	0.1167188
20.4088001	106.2296066	0.1283906	0.2217657
22.2015991	106.2296066	0.1400625	0.2217657
23.9944019	106.2296066	0.1050469	0.1750782
25.7872009	106.2296066	0.0350156	0.1867500
27.5799999	106.2296066	0.1867500	0.0933750
29.3728008	106.2296066	-0.2451094	-0.0583594
31.1655998	106.2296066	-0.1517344	-0.3735000
32.9584007	106.2296066	-0.1867500	-0.1750782
34.7511978	106.2296066	-0.1750781	-0.1634063
36.5440025	106.2296066	-0.1050469	-0.1400625
38.3368034	106.2296066	-0.0233438	-0.1517344
40.1296005	106.2296066	0.0000000	-0.2917969
41.9224014	106.2296066	0.0350156	-0.0700313
43.7152023	106.2296066	0.0466875	-0.0583594
45.5079994	106.2296066	0.0350156	-0.0817031
47.3008003	106.2296066	0.0817031	-0.0700313
49.0936012	106.2296066	0.1634063	0.1050469
50.8863983	106.2296066	0.2334375	0.0933750
52.6791992	106.2296066	0.1750781	0.1167188
54.4720001	106.2296066	0.1167188	0.0700313
56.2648010	106.2296066	0.0350156	-0.0116719
58.0576019	106.2296066	0.1867500	0.0000000
59.8504028	106.2296066	0.1750781	0.0933750
61.6432037	106.2296066	0.1634063	0.1984219
63.4360008	106.2296066	0.0233438	0.1167188
65.2288055	106.2296066	0.0700313	0.0817031
67.0215988	106.2296066	0.0350156	0.0233438
68.8144073	106.2296066	-0.0116719	-0.2801250
70.6072006	106.2296066	0.0000000	0.0000000
-1.1048000	108.0223999	0.0000000	0.0000000
0.6880000	108.0223999	0.0000000	0.0000000
2.4807999	108.0223999	0.0000000	0.0000000
4.2736001	108.0223999	0.0000000	-0.0466875
6.0664001	108.0223999	-0.0116719	-0.0350156
7.8592005	108.0223999	0.0000000	0.0933750
9.6519995	108.0223999	-0.0116719	0.0350156
11.4448004	108.0223999	0.0233438	-0.0116719
13.2376003	108.0223999	-0.0233438	-0.0350156
15.0304003	108.0223999	-0.0466875	0.0466875
16.8232002	108.0223999	0.0116719	0.0466875
18.6160011	108.0223999	0.1517344	0.2217657
20.4088001	108.0223999	0.1283906	0.2100938
22.2015991	108.0223999	0.1634063	0.1984219
23.9944019	108.0223999	0.1283906	0.4552032
25.7872009	108.0223999	0.0700313	0.1984219
27.5799999	108.0223999	0.1283906	0.0817031
29.3728008	108.0223999	-0.1517344	-0.0466875
31.1655998	108.0223999	-0.2100938	-0.1167188
32.9584007	108.0223999	-0.4318594	-0.0583594
34.7511978	108.0223999	-0.5135625	-0.1400625
36.5440025	108.0223999	-0.1634063	-0.2100938
38.3368034	108.0223999	-0.0583594	-0.4085157
40.1296005	108.0223999	-0.0116719	-0.2334375
41.9224014	108.0223999	0.0000000	-0.2217657
43.7152023	108.0223999	0.0116719	-0.1984219
45.5079994	108.0223999	0.0817031	-0.1517344
47.3008003	108.0223999	0.0933750	-0.2684532
49.0936012	108.0223999	0.1867500	-0.0583594
50.8863983	108.0223999	0.1283906	-0.0116719
52.6791992	108.0223999	0.1517344	0.0350156
54.4720001	108.0223999	0.2334375	0.0116719
56.2648010	108.0223999	0.0350156	0.0350156
58.0576019	108.0223999	0.1634063	0.0466875
59.8504028	108.0223999	-0.0583594	-0.1867500
61.6432037	108.0223999	0.0933750	0.2684532
63.4360008	108.0223999	0.1984219	0.1750782
65.2288055	108.0223999	0.1050469	0.0817031
67.0215988	108.0223999	0.0933750	-0.0116719
68.8144073	108.0223999	0.0116719	-0.0583594
70.6072006	108.0223999	0.0000000	0.0000000
-1.1048000	109.8152008	0.0000000	0.0000000
0.6880000	109.8152008	0.0000000	0.0000000
2.4807999	109.8152008	0.0000000	0.0000000
4.2736001	109.8152008	-0.0233438	0.0000000
6.0664001	109.8152008	0.0000000	-0.0583594
7.8592005	109.8152008	-0.1167188	-0.1167188
9.6519995	109.8152008	-0.0116719	-0.1283906
11.4448004	109.8152008	-0.0116719	-0.0933750
13.2376003	109.8152008	-0.0116719	0.0000000
15.0304003	109.8152008	0.0116719	-0.0233438
16.8232002	109.8152008	-0.0116719	-0.0116719
18.6160011	109.8152008	0.0817031	0.0933750
20.4088001	109.8152008	0.1050469	0.0933750
22.2015991	109.8152008	0.1517344	0.1283906
23.9944019	109.8152008	0.2451094	0.3735000
25.7872009	109.8152008	0.3968438	0.1984219
27.5799999	109.8152008	0.1634063	0.0933750
29.3728008	109.8152008	0.1050469	0.0466875
31.1655998	109.8152008	-0.1750781	-0.0700313
32.9584007	109.8152008	-0.2917969	-0.0817031
34.7511978	109.8152008	-0.5252344	-0.1050469
36.5440025	109.8152008	-0.1750781	-0.1750782
38.3368034	109.8152008	-0.1750781	-0.1750782
40.1296005	109.8152008	-0.0116719	-0.1634063
41.9224014	109.8152008	0.0466875	-0.2217657
43.7152023	109.8152008	-0.0116719	-0.1283906
45.5079994	109.8152008	0.1167188	-0.1283906
47.3008003	109.8152008	0.3151406	-0.1984219
49.0936012	109.8152008	0.2100938	-0.3268125
50.8863983	109.8152008	0.1517344	-0.1750782
52.6791992	109.8152008	0.1984219	0.1400625
54.4720001	109.8152008	0.2100938	0.0350156
56.2648010	109.8152008	0.1283906	-0.0350156
58.0576019	109.8152008	0.0466875	-0.0583594
59.8504028	109.8152008	0.1167188	-0.1517344
61.6432037	109.8152008	-0.0933750	0.0466875
63.4360008	109.8152008	0.0350156	0.0466875
65.2288055	109.8152008	0.1283906	0.0233438
67.0215988	109.8152008	0.1400625	-0.0116719
68.8144073	109.8152008	-0.0233438	-0.0466875
70.6072006	109.8152008	0.0000000	0.0000000
-1.1048000	111.6080093	0.0000000	0.0000000
0.6880000	111.6080093	0.0000000	0.0000000
2.4807999	111.6080093	0.0000000	0.0000000
4.2736001	111.6080093	-0.0583594	-0.1283906
6.0664001	111.6080093	-0.0933750	-0.1400625
7.8592005	111.6080093	-0.1283906	-0.1634063
9.6519995	111.6080093	-0.0350156	-0.1050469
11.4448004	111.6080093	-0.0233438	-0.0700313
13.2376003	111.6080093	-0.0583594	-0.0933750
15.0304003	111.6080093	-0.0233438	-0.0700313
16.8232002	111.6080093	0.0000000	-0.0583594
18.6160011	111.6080093	0.0817031	-0.0116719
20.4088001	111.6080093	0.1167188	0.0233438
22.2015991	111.6080093	0.1400625	-0.0350156
23.9944019	111.6080093	0.1984219	0.0116719
25.7872009	111.6080093	0.3618281	0.2217657
27.5799999	111.6080093	0.3501563	0.1517344
29.3728008	111.6080093	0.1984219	0.2567813
31.1655998	111.6080093	0.0700313	0.0116719
32.9584007	111.6080093	-0.4902188	0.0233438
34.7511978	111.6080093	-0.3735000	-0.0350156
36.5440025	111.6080093	-0.0700313	-0.0350156
38.3368034	111.6080093	-0.0583594	-0.1050469
40.1296005	111.6080093	-0.0116719	-0.0466875
41.9224014	111.6080093	0.0350156	-0.0233438
43.7152023	111.6080093	0.1750781	-0.0116719
45.5079994	111.6080093	0.1634063	-0.0583594
47.3008003	111.6080093	0.2100938	-0.1517344
49.0936012	111.6080093	0.2217656	-0.1634063
50.8863983	111.6080093	0.1750781	-0.0700313
52.6791992	111.6080093	0.2217656	0.0700313
54.4720001	111.6080093	0.2451094	0.0583594
56.2648010	111.6080093	0.2100938	0.0583594
58.0576019	111.6080093	0.1634063	0.0466875
59.8504028	111.6080093	-0.1167188	-0.0466875
61.6432037	111.6080093	-0.1283906	0.0233438
63.4360008	111.6080093	0.0116719	0.0000000
65.2288055	111.6080093	-0.0116719	0.0466875
67.0215988	111.6080093	-0.1050469	0.0583594
68.8144073	111.6080093	-0.1750781	-0.0817031
70.6072006	111.6080093	0.0000000	0.0000000
-1.1048000	113.4008026	0.0000000	0.0000000
0.6880000	113.4008026	0.0000000	0.0000000
2.4807999	113.4008026	0.0000000	0.0000000
4.2736001	113.4008026	-0.0700313	-0.1167188
6.0664001	113.4008026	-0.1400625	-0.1167188
7.8592005	113.4008026	-0.0933750	-0.3735000
9.6519995	113.4008026	-0.0233438	-0.2801250
11.4448004	113.4008026	-0.0116719	-0.0350156
13.2376003	113.4008026	-0.0116719	-0.0466875
15.0304003	113.4008026	0.0116719	-0.0466875
16.8232002	113.4008026	-0.0233438	-0.0583594
18.6160011	113.4008026	0.0233438	-0.0583594
20.4088001	113.4008026	0.0933750	0.0583594
22.2015991	113.4008026	0.0700313	0.0583594
23.9944019	113.4008026	0.0933750	0.0233438
25.7872009	113.4008026	0.2100938	0.1984219
27.5799999	113.4008026	0.0583594	0.4902188
29.3728008	113.4008026	0.1634063	0.3268125
31.1655998	113.4008026	0.1517344	0.2334375
32.9584007	113.4008026	-0.0583594	-0.0116719
34.7511978	113.4008026	-0.1750781	0.0233438
36.5440025	113.4008026	-0.0817031	-0.0233438
38.3368034	113.4008026	0.0817031	0.0583594
40.1296005	113.4008026	0.0000000	-0.2801250
41.9224014	113.4008026	0.2451094	-0.3384844
43.7152023	113.4008026	0.1634063	-0.0350156
45.5079994	113.4008026	0.1867500	-0.0583594
47.3008003	113.4008026	0.3034688	-0.4668751
49.0936012	113.4008026	0.4085156	-0.3268125
50.8863983	113.4008026	0.2801250	-0.1050469
52.6791992	113.4008026	0.2217656	-0.0116719
54.4720001	113.4008026	0.2334375	0.0933750
56.2648010	113.4008026	0.2334375	0.0817031
58.0576019	113.4008026	0.2217656	0.0933750
59.8504028	113.4008026	-0.0233438	0.0583594
61.6432037	113.4008026	-0.0466875	-0.0233438
63.4360008	113.4008026	0.1050469	-0.1517344
65.2288055	113.4008026	-0.1167188	0.0466875
67.0215988	113.4008026	-0.1050469	-0.0350156
68.8144073	113.4008026	-0.0583594	-0.0466875
70.6072006	113.4008026	0.0000000	0.0000000
-1.1048000	115.1936035	0.0000000	0.0000000
0.6880000	115.1936035	0.0000000	0.0000000
2.4807999	115.1936035	0.0000000	0.0000000
4.2736001	115.1936035	-0.0233438	-0.0466875
6.0664001	115.1936035	0.0116719	-0.0233438
7.8592005	115.1936035	-0.0350156	-0.4318594
9.6519995	115.1936035	-0.0933750	-0.4201876
11.4448004	115.1936035	-0.0116719	-0.0700313
13.2376003	115.1936035	0.0466875	-0.0350156
15.0304003	115.1936035	0.1050469	-0.0233438
16.8232002	115.1936035	0.1517344	-0.0933750
18.6160011	115.1936035	0.0700313	-0.1984219
20.4088001	115.1936035	0.0817031	0.1634063
22.2015991	115.1936035	0.0817031	0.0466875
23.9944019	115.1936035	0.0933750	0.0116719
25.7872009	115.1936035	0.1750781	0.0817031
27.5799999	115.1936035	0.2567813	0.2334375
29.3728008	115.1936035	0.0933750	0.2217657
31.1655998	115.1936035	0.2100938	0.4318594
32.9584007	115.1936035	0.0583594	-0.0233438
34.7511978	115.1936035	-0.1517344	0.0466875
36.5440025	115.1936035	-0.0466875	-0.0233438
38.3368034	115.1936035	0.1634063	0.0466875
40.1296005	115.1936035	0.2100938	0.0700313
41.9224014	115.1936035	0.3851719	-0.0466875
43.7152023	115.1936035	0.2217656	0.0116719
45.5079994	115.1936035	0.8403751	-0.6069376
47.3008003	115.1936035	0.5252344	-0.2100938
49.0936012	115.1936035	0.5252344	-0.1867500
50.8863983	115.1936035	0.3384844	-0.0933750
52.6791992	115.1936035	0.2334375	-0.0350156
54.4720001	115.1936035	0.2217656	0.0350156
56.2648010	115.1936035	0.3618281	0.0000000
58.0576019	115.1936035	0.1400625	0.1517344
59.8504028	115.1936035	0.0350156	0.5018907
61.6432037	115.1936035	-0.0350156	-0.0116719
63.4360008	115.1936035	-0.0700313	-0.1750782
65.2288055	115.1936035	-0.1050469	-0.1167188
67.0215988	115.1936035	-0.1050469	-0.0933750
68.8144073	115.1936035	-0.0233438	-0.0817031
70.6072006	115.1936035	0.0000000	0.0000000
-1.1048000	116.9864044	0.0000000	0.0000000
0.6880000	116.9864044	0.0000000	0.0000000
2.4807999	116.9864044	0.0000000	0.0000000
4.2736001	116.9864044	0.0233438	-0.1400625
6.0664001	116.9864044	0.0233438	-0.1400625
7.8592005	116.9864044	0.0233438	-0.2684532
9.6519995	116.9864044	-0.0233438	-0.3034688
11.4448004	116.9864044	-0.1283906	-0.1984219
13.2376003	116.9864044	-0.1283906	-0.1400625
15.0304003	116.9864044	0.0233438	-0.0583594
16.8232002	116.9864044	0.0700313	0.0000000
18.6160011	116.9864044	-0.0233438	0.0350156
20.4088001	116.9864044	-0.0583594	0.0466875
22.2015991	116.9864044	-0.0233438	0.0233438
23.9944019	116.9864044	0.0933750	0.0817031
25.7872009	116.9864044	0.0583594	0.0700313
27.5799999	116.9864044	0.4785469	0.1283906
29.3728008	116.9864044	0.1283906	0.1750782
31.1655998	116.9864044	0.3618281	0.2801250
32.9584007	116.9864044	0.5369063	0.2917969
34.7511978	116.9864044	0.6886407	0.1050469
36.5440025	116.9864044	0.0000000	0.0000000
38.3368034	116.9864044	0.3384844	0.1283906
40.1296005	116.9864044	0.3618281	0.1400625
41.9224014	116.9864044	0.4552031	-0.0583594
43.7152023	116.9864044	0.4668750	-0.1283906
45.5079994	116.9864044	0.5018907	-0.1634063
47.3008003	116.9864044	0.5835938	-0.1750782
49.0936012	116.9864044	0.3384844	-0.0466875
50.8863983	116.9864044	0.4902188	-0.0817031
52.6791992	116.9864044	0.3501563	-0.1050469
54.4720001	116.9864044	0.5369063	-0.1517344
56.2648010	116.9864044	0.3501563	0.1867500
58.0576019	116.9864044	0.2801250	0.3034688
59.8504028	116.9864044	0.0466875	0.6069376
61.6432037	116.9864044	0.0933750	-0.0116719
63.4360008	116.9864044	0.0466875	-0.1634063
65.2288055	116.9864044	-0.1517344	-0.1984219
67.0215988	116.9864044	-0.1050469	0.0817031
68.8144073	116.9864044	-0.0350156	-0.0116719
70.6072006	116.9864044	0.0000000	0.0000000
-1.1048000	118.7792053	0.0000000	0.0000000
0.6880000	118.7792053	0.0000000	0.0000000
2.4807999	118.7792053	0.0700313	-1.0971564
4.2736001	118.7792053	0.0350156	-0.1517344
6.0664001	118.7792053	0.0700313	-0.1400625
7.8592005	118.7792053	0.1050469	-0.1750782
9.6519995	118.7792053	0.1167188	-0.2100938
11.4448004	118.7792053	-0.0350156	-0.1283906
13.2376003	118.7792053	-0.0817031	-0.0466875
15.0304003	118.7792053	-0.0350156	-0.0817031
16.8232002	118.7792053	0.0000000	0.0233438
18.6160011	118.7792053	0.0000000	-0.0466875
20.4088001	118.7792053	-0.0466875	-0.0233438
22.2015991	118.7792053	-0.0233438	0.0116719
23.9944019	118.7792053	0.0116719	0.0000000
25.7872009	118.7792053	0.0466875	-0.0933750
27.5799999	118.7792053	0.1167188	-0.0233438
29.3728008	118.7792053	0.2100938	0.0466875
31.1655998	118.7792053	0.4552031	0.1283906
32.9584007	118.7792053	0.4785469	0.3968438
34.7511978	118.7792053	0.6419532	0.1050469
36.5440025	118.7792053	0.6302813	0.1167188
38.3368034	118.7792053	0.5835938	-0.1050469
40.1296005	118.7792053	0.5485781	-0.1050469
41.9224014	118.7792053	0.4552031	-0.0817031
43.7152023	118.7792053	0.5485781	-0.1867500
45.5079994	118.7792053	0.2917969	-0.0583594
47.3008003	118.7792053	0.4201875	-0.2451094
49.0936012	118.7792053	0.3501563	0.0233438
50.8863983	118.7792053	0.3034688	-0.0583594
52.6791992	118.7792053	0.2567813	-0.1400625
54.4720001	118.7792053	0.5018907	-0.0817031
56.2648010	118.7792053	0.4552031	0.2100938
58.0576019	118.7792053	0.6652969	0.2567813
59.8504028	118.7792053	0.2451094	0.1167188
61.6432037	118.7792053	0.1167188	0.0817031
63.4360008	118.7792053	0.0933750	-0.0817031
65.2288055	118.7792053	-0.0350156	-0.1750782
67.0215988	118.7792053	-0.0350156	0.0350156
68.8144073	118.7792053	0.0583594	0.1050469
70.6072006	118.7792053	0.0000000	0.0000000
-1.1048000	120.5719986	0.0000000	0.0000000
0.6880000	120.5719986	0.0000000	0.0000000
2.4807999	120.5719986	0.0000000	0.0000000
4.2736001	120.5719986	0.0466875	-0.1867500
6.0664001	120.5719986	0.0700313	-0.1634063
7.8592005	120.5719986	0.1167188	-0.1050469
9.6519995	120.5719986	0.0933750	-0.2100938
11.4448004	120.5719986	-0.0583594	-0.1400625
13.2376003	120.5719986	-0.1050469	-0.0700313
15.0304003	120.5719986	-0.0700313	-0.0466875
16.8232002	120.5719986	-0.0116719	-0.0350156
18.6160011	120.5719986	0.0583594	-0.0116719
20.4088001	120.5719986	0.0233438	0.0000000
22.2015991	120.5719986	0.0350156	0.0116719
23.9944019	120.5719986	-0.0350156	-0.0466875
25.7872009	120.5719986	0.0466875	-0.1283906
27.5799999	120.5719986	0.0817031	-0.1050469
29.3728008	120.5719986	0.1050469	-0.0466875
31.1655998	120.5719986	0.1400625	-0.0583594
32.9584007	120.5719986	0.1283906	0.0466875
34.7511978	120.5719986	0.2334375	0.0583594
36.5440025	120.5719986	0.4902188	-0.0466875
38.3368034	120.5719986	0.5835938	-0.0933750
40.1296005	120.5719986	0.4902188	-0.1400625
41.9224014	120.5719986	0.4668750	-0.1867500
43.7152023	120.5719986	0.3735000	-0.2451094
45.5079994	120.5719986	0.1750781	-0.1050469
47.3008003	120.5719986	0.1634063	-0.0116719
49.0936012	120.5719986	0.1750781	0.0350156
50.8863983	120.5719986	0.1634063	-0.0466875
52.6791992	120.5719986	0.2567813	-0.0466875
54.4720001	120.5719986	0.3501563	0.1050469
56.2648010	120.5719986	0.3268125	0.1634063
58.0576019	120.5719986	0.6069375	0.1750782
59.8504028	120.5719986	0.4085156	0.0700313
61.6432037	120.5719986	0.1050469	0.1400625
63.4360008	120.5719986	-0.0700313	-0.0350156
65.2288055	120.5719986	0.0000000	0.0000000
67.0215988	120.5719986	0.0000000	0.0233438
68.8144073	120.5719986	0.0000000	0.0000000
70.6072006	120.5719986	0.0000000	0.0000000
-1.1048000	122.3648071	0.0000000	0.0000000
0.6880000	122.3648071	0.0000000	0.0000000
2.4807999	122.3648071	0.0466875	-0.6886407
4.2736001	122.3648071	0.0466875	-0.1984219
6.0664001	122.3648071	0.0700313	-0.1634063
7.8592005	122.3648071	0.0817031	-0.1283906
9.6519995	122.3648071	-0.0583594	-0.1283906
11.4448004	122.3648071	-0.1400625	-0.1867500
13.2376003	122.3648071	-0.0933750	-0.0933750
15.0304003	122.3648071	-0.0583594	-0.0700313
16.8232002	122.3648071	-0.0350156	-0.0466875
18.6160011	122.3648071	0.0350156	-0.0817031
20.4088001	122.3648071	0.0933750	-0.1050469
22.2015991	122.3648071	0.1634063	-0.1400625
23.9944019	122.3648071	0.0116719	-0.0233438
25.7872009	122.3648071	0.0583594	-0.2100938
27.5799999	122.3648071	0.0933750	-0.1867500
29.3728008	122.3648071	0.1050469	-0.1984219
31.1655998	122.3648071	0.1634063	-0.1050469
32.9584007	122.3648071	0.1750781	-0.0700313
34.7511978	122.3648071	0.2451094	-0.0116719
36.5440025	122.3648071	0.2801250	0.0000000
38.3368034	122.3648071	0.4085156	-0.0700313
40.1296005	122.3648071	0.3618281	-0.1750782
41.9224014	122.3648071	0.3034688	-0.2567813
43.7152023	122.3648071	0.2100938	-0.1400625
45.5079994	122.3648071	0.1400625	-0.3384844
47.3008003	122.3648071	0.1283906	-0.1867500
49.0936012	122.3648071	0.2217656	-0.0933750
50.8863983	122.3648071	0.3735000	-0.0817031
52.6791992	122.3648071	0.1750781	0.1167188
54.4720001	122.3648071	0.2684532	0.3501563
56.2648010	122.3648071	0.4085156	0.2217657
58.0576019	122.3648071	0.5252344	0.2801250
59.8504028	122.3648071	0.4668750	0.1634063
61.6432037	122.3648071	0.1984219	0.2100938
63.4360008	122.3648071	0.0000000	0.0700313
65.2288055	122.3648071	0.1984219	-0.3851719
67.0215988	122.3648071	-0.0350156	0.0233438
68.8144073	122.3648071	-0.0583594	-0.0233438
70.6072006	122.3648071	0.0000000	0.0000000
-1.1048000	124.1576004	0.0000000	0.0000000
0.6880000	124.1576004	0.0000000	0.0000000
2.4807999	124.1576004	0.0000000	0.0000000
4.2736001	124.1576004	0.0466875	-0.2334375
6.0664001	124.1576004	0.1283906	-0.0933750
7.8592005	124.1576004	0.0000000	-0.1984219
9.6519995	124.1576004	-0.0350156	-0.0233438
11.4448004	124.1576004	-0.1167188	-0.0933750
13.2376003	124.1576004	-0.1283906	-0.1167188
15.0304003	124.1576004	-0.0466875	-0.0933750
16.8232002	124.1576004	-0.0116719	-0.1050469
18.6160011	124.1576004	0.0233438	-0.0933750
20.4088001	124.1576004	0.0350156	-0.0350156
22.2015991	124.1576004	0.0817031	-0.0466875
23.9944019	124.1576004	0.1050469	-0.0817031
25.7872009	124.1576004	0.0700313	-0.2217657
27.5799999	124.1576004	0.0933750	-0.2334375
29.3728008	124.1576004	0.1517344	-0.1984219
31.1655998	124.1576004	0.1750781	-0.1283906
32.9584007	124.1576004	0.2100938	-0.0583594
34.7511978	124.1576004	0.2217656	-0.0583594
36.5440025	124.1576004	0.2684532	0.0700313
38.3368034	124.1576004	0.1984219	-0.0817031
40.1296005	124.1576004	0.1867500	-0.0933750
41.9224014	124.1576004	0.0933750	-0.0817031
43.7152023	124.1576004	0.1634063	-0.1400625
45.5079994	124.1576004	0.1050469	-0.1634063
47.3008003	124.1576004	0.1400625	-0.1634063
49.0936012	124.1576004	0.1750781	-0.1050469
50.8863983	124.1576004	0.1984219	-0.0116719
52.6791992	124.1576004	0.2567813	0.1167188
54.4720001	124.1576004	0.3384844	0.2567813
56.2648010	124.1576004	0.5252344	0.2217657
58.0576019	124.1576004	0.3151406	0.5252345
59.8504028	124.1576004	0.2801250	0.1283906
61.6432037	124.1576004	0.0700313	0.2567813
63.4360008	124.1576004	0.0233438	0.1750782
65.2288055	124.1576004	0.1984219	-0.0933750
67.0215988	124.1576004	-0.0700313	0.0700313
68.8144073	124.1576004	-0.0700313	0.1517344
70.6072006	124.1576004	0.0000000	0.0000000
-1.1048000	125.9504089	0.0000000	0.0000000
0.6880000	125.9504089	0.0000000	0.0000000
2.4807999	125.9504089	0.0350156	-0.6419532
4.2736001	125.9504089	0.0583594	-0.1984219
6.0664001	125.9504089	0.1634063	-0.1634063
7.8592005	125.9504089	0.0933750	-0.1634063
9.6519995	125.9504089	-0.0466875	-0.1517344
11.4448004	125.9504089	-0.0700313	-0.1984219
13.2376003	125.9504089	-0.0700313	-0.1867500
15.0304003	125.9504089	-0.0466875	-0.1400625
16.8232002	125.9504089	-0.0116719	-0.0933750
18.6160011	125.9504089	0.0466875	0.0116719
20.4088001	125.9504089	0.0933750	-0.0233438
22.2015991	125.9504089	0.1167188	-0.0466875
23.9944019	125.9504089	0.1050469	-0.0933750
25.7872009	125.9504089	0.1050469	-0.1634063
27.5799999	125.9504089	0.1167188	-0.2217657
29.3728008	125.9504089	0.1750781	-0.1400625
31.1655998	125.9504089	0.1517344	-0.1050469
32.9584007	125.9504089	0.2917969	-0.0350156
34.7511978	125.9504089	0.2684532	-0.0233438
36.5440025	125.9504089	0.2567813	0.0350156
38.3368034	125.9504089	0.0583594	-0.1283906
40.1296005	125.9504089	0.0350156	-0.1400625
41.9224014	125.9504089	0.0700313	-0.2334375
43.7152023	125.9504089	0.0933750	-0.1750782
45.5079994	125.9504089	0.0933750	-0.0700313
47.3008003	125.9504089	0.1984219	-0.1167188
49.0936012	125.9504089	0.1984219	-0.1400625
50.8863983	125.9504089	0.2100938	-0.0466875
52.6791992	125.9504089	0.2567813	0.0933750
54.4720001	125.9504089	0.2684532	0.2917969
56.2648010	125.9504089	0.0700313	0.4668751
58.0576019	125.9504089	0.2334375	0.4902188
59.8504028	125.9504089	0.1517344	0.2801250
61.6432037	125.9504089	0.1283906	-0.0116719
63.4360008	125.9504089	0.1283906	0.2684532
65.2288055	125.9504089	0.1517344	-0.0933750
67.0215988	125.9504089	-0.0116719	-0.0116719
68.8144073	125.9504089	-0.0116719	0.1400625
70.6072006	125.9504089	-0.0350156	0.0000000
-1.1048000	127.7432022	0.0000000	0.0000000
0.6880000	127.7432022	0.0000000	0.0000000
2.4807999	127.7432022	0.0000000	0.0000000
4.2736001	127.7432022	0.0583594	-0.1750782
6.0664001	127.7432022	0.1867500	-0.1984219
7.8592005	127.7432022	0.0933750	-0.1517344
9.6519995	127.7432022	-0.0466875	-0.1867500
11.4448004	127.7432022	-0.0466875	-0.4552032
13.2376003	127.7432022	-0.0933750	-0.3501563
15.0304003	127.7432022	-0.0350156	-0.1517344
16.8232002	127.7432022	0.0583594	-0.0817031
18.6160011	127.7432022	0.0583594	-0.0466875
20.4088001	127.7432022	0.0933750	-0.0466875
22.2015991	127.7432022	0.1750781	-0.0933750
23.9944019	127.7432022	0.1517344	-0.1050469
25.7872009	127.7432022	0.1634063	-0.1750782
27.5799999	127.7432022	0.1750781	-0.1867500
29.3728008	127.7432022	0.1283906	-0.1050469
31.1655998	127.7432022	0.1400625	-0.1050469
32.9584007	127.7432022	0.1050469	-0.0466875
34.7511978	127.7432022	0.1867500	-0.0233438
36.5440025	127.7432022	0.2801250	-0.0350156
38.3368034	127.7432022	0.1517344	-0.1283906
40.1296005	127.7432022	0.2684532	-0.3851719
41.9224014	127.7432022	0.1283906	-0.2917969
43.7152023	127.7432022	-0.0116719	-0.1984219
45.5079994	127.7432022	0.1050469	-0.1167188
47.3008003	127.7432022	0.1400625	-0.0583594
49.0936012	127.7432022	0.2217656	-0.0466875
50.8863983	127.7432022	0.2451094	-0.0350156
52.6791992	127.7432022	0.2334375	0.0466875
54.4720001	127.7432022	0.3618281	0.2917969
56.2648010	127.7432022	0.1750781	0.2451094
58.0576019	127.7432022	0.1750781	0.2100938
59.8504028	127.7432022	0.1283906	0.2217657
61.6432037	127.7432022	0.1400625	0.1984219
63.4360008	127.7432022	0.2567813	0.2334375
65.2288055	127.7432022	0.3384844	0.0233438
67.0215988	127.7432022	0.0233438	0.0700313
68.8144073	127.7432022	0.0116719	0.0817031
70.6072006	127.7432022	0.0000000	0.0000000
-1.1048000	129.5359955	0.0000000	0.0000000
0.6880000	129.5359955	0.0000000	0.0000000
2.4807999	129.5359955	0.0000000	-0.7936876
4.2736001	129.5359955	0.0817031	-0.1867500
6.0664001	129.5359955	0.1750781	-0.0700313
7.8592005	129.5359955	0.1400625	-0.0700313
9.6519995	129.5359955	0.0116719	-0.1867500
11.4448004	129.5359955	-0.1167188	-0.1050469
13.2376003	129.5359955	-0.0817031	-0.2217657
15.0304003	129.5359955	-0.0350156	-0.2100938
16.8232002	129.5359955	0.0350156	-0.1283906
18.6160011	129.5359955	0.0466875	-0.1750782
20.4088001	129.5359955	0.0583594	-0.2100938
22.2015991	129.5359955	0.1984219	-0.1984219
23.9944019	129.5359955	0.1867500	-0.0933750
25.7872009	129.5359955	0.1283906	-0.0817031
27.5799999	129.5359955	0.1634063	-0.0817031
29.3728008	129.5359955	0.0466875	0.0233438
31.1655998	129.5359955	0.0933750	0.0233438
32.9584007	129.5359955	0.0583594	-0.0350156
34.7511978	129.5359955	0.1750781	-0.0116719
36.5440025	129.5359955	0.2100938	0.0116719
38.3368034	129.5359955	0.2334375	-0.0933750
40.1296005	129.5359955	0.3501563	-0.3968438
41.9224014	129.5359955	0.1167188	-0.2334375
43.7152023	129.5359955	0.0350156	-0.0700313
45.5079994	129.5359955	0.0583594	-0.0350156
47.3008003	129.5359955	0.1634063	0.0233438
49.0936012	129.5359955	0.2917969	0.0466875
50.8863983	129.5359955	0.2801250	0.0350156
52.6791992	129.5359955	0.2917969	0.0817031
54.4720001	129.5359955	0.1167188	0.2567813
56.2648010	129.5359955	0.1283906	0.0466875
58.0576019	129.5359955	0.1050469	0.1517344
59.8504028	129.5359955	0.0466875	0.1517344
61.6432037	129.5359955	0.0350156	0.0933750
63.4360008	129.5359955	0.0933750	0.0583594
65.2288055	129.5359955	0.1050469	0.0583594
67.0215988	129.5359955	0.0933750	0.0000000
68.8144073	129.5359955	-0.1050469	-0.0583594
70.6072006	129.5359955	0.0000000	0.0000000
-1.1048000	131.3288116	0.0000000	0.0000000
0.6880000	131.3288116	0.0000000	0.0000000
2.4807999	131.3288116	0.0233438	-0.4085157
4.2736001	131.3288116	0.1050469	-0.1984219
6.0664001	131.3288116	0.0817031	-0.1984219
7.8592005	131.3288116	0.0583594	-0.0466875
9.6519995	131.3288116	0.0350156	-0.1867500
11.4448004	131.3288116	0.0000000	-0.2684532
13.2376003	131.3288116	-0.0583594	-0.4201876
15.0304003	131.3288116	-0.0583594	-0.0700313
16.8232002	131.3288116	0.0116719	-0.1517344
18.6160011	131.3288116	0.0466875	-0.1867500
20.4088001	131.3288116	0.0700313	-0.1517344
22.2015991	131.3288116	0.1750781	-0.1167188
23.9944019	131.3288116	0.1750781	-0.0817031
25.7872009	131.3288116	0.1984219	-0.0583594
27.5799999	131.3288116	0.1167188	-0.0583594
29.3728008	131.3288116	0.0466875	-0.0700313
31.1655998	131.3288116	0.0583594	-0.0233438
32.9584007	131.3288116	0.0466875	-0.0583594
34.7511978	131.3288116	0.0700313	-0.1167188
36.5440025	131.3288116	0.0583594	-0.0233438
38.3368034	131.3288116	0.2334375	-0.2567813
40.1296005	131.3288116	0.2684532	-0.2684532
41.9224014	131.3288116	0.1867500	-0.2684532
43.7152023	131.3288116	0.1167188	-0.0933750
45.5079994	131.3288116	0.0350156	-0.0466875
47.3008003	131.3288116	0.0700313	0.0350156
49.0936012	131.3288116	0.1167188	-0.0233438
50.8863983	131.3288116	0.1867500	-0.0116719
52.6791992	131.3288116	0.1750781	0.0116719
54.4720001	131.3288116	0.2567813	0.3501563
56.2648010	131.3288116	0.0817031	0.0350156
58.0576019	131.3288116	0.0817031	0.1634063
59.8504028	131.3288116	0.1050469	0.1750782
61.6432037	131.3288116	-0.0116719	0.0933750
63.4360008	131.3288116	0.0000000	0.0817031
65.2288055	131.3288116	0.1050469	0.1283906
67.0215988	131.3288116	0.1750781	-0.1283906
68.8144073	131.3288116	0.1750781	-0.1867500
70.6072006	131.3288116	0.0000000	0.0000000
-1.1048000	133.1216125	0.0000000	0.0000000
0.6880000	133.1216125	0.0000000	0.0000000
2.4807999	133.1216125	0.0000000	0.0000000
4.2736001	133.1216125	0.1167188	-0.1867500
6.0664001	133.1216125	0.0583594	-0.1984219
7.8592005	133.1216125	0.0817031	-0.1283906
9.6519995	133.1216125	0.0817031	-0.1050469
11.4448004	133.1216125	-0.0116719	-0.1050469
13.2376003	133.1216125	-0.1634063	-0.1400625
15.0304003	133.1216125	-0.0933750	-0.0933750
16.8232002	133.1216125	0.0350156	-0.1400625
18.6160011	133.1216125	0.0116719	-0.1167188
20.4088001	133.1216125	0.1167188	-0.3851719
22.2015991	133.1216125	0.1283906	-0.2100938
23.9944019	133.1216125	0.1984219	-0.0583594
25.7872009	133.1216125	0.2100938	-0.0583594
27.5799999	133.1216125	0.1167188	-0.0583594
29.3728008	133.1216125	0.0350156	-0.0700313
31.1655998	133.1216125	0.0700313	-0.0466875
32.9584007	133.1216125	0.2100938	-0.1400625
34.7511978	133.1216125	0.0817031	-0.2100938
36.5440025	133.1216125	0.1517344	-0.0583594
38.3368034	133.1216125	0.2100938	-0.2917969
40.1296005	133.1216125	0.1750781	-0.1750782
41.9224014	133.1216125	0.2100938	-0.2334375
43.7152023	133.1216125	0.1634063	-0.0933750
45.5079994	133.1216125	0.2217656	-0.0933750
47.3008003	133.1216125	0.0466875	-0.0116719
49.0936012	133.1216125	0.0350156	0.0116719
50.8863983	133.1216125	0.0116719	-0.0350156
52.6791992	133.1216125	-0.0233438	-0.0350156
54.4720001	133.1216125	0.0583594	0.0350156
56.2648010	133.1216125	0.0583594	0.0466875
58.0576019	133.1216125	0.0350156	0.1283906
59.8504028	133.1216125	0.2334375	0.3151407
61.6432037	133.1216125	0.0350156	0.4085157
63.4360008	133.1216125	0.1050469	0.2801250
65.2288055	133.1216125	0.0583594	0.0933750
67.0215988	133.1216125	0.0116719	0.0350156
68.8144073	133.1216125	0.0116719	-0.1750782
70.6072006	133.1216125	0.0000000	0.0000000
-1.1048000	134.9143982	0.0000000	0.0000000
0.6880000	134.9143982	0.0000000	0.0000000
2.4807999	134.9143982	0.0000000	0.0000000
4.2736001	134.9143982	0.0933750	-0.1167188
6.0664001	134.9143982	0.0700313	-0.1167188
7.8592005	134.9143982	0.0933750	-0.1050469
9.6519995	134.9143982	0.0700313	-0.0700313
11.4448004	134.9143982	-0.1167188	-0.1283906
13.2376003	134.9143982	-0.0933750	-0.1634063
15.0304003	134.9143982	-0.0350156	-0.0933750
16.8232002	134.9143982	0.0233438	-0.0817031
18.6160011	134.9143982	0.0817031	-0.1750782
20.4088001	134.9143982	0.0933750	-0.2217657
22.2015991	134.9143982	0.0700313	-0.1517344
23.9944019	134.9143982	0.1167188	-0.0583594
25.7872009	134.9143982	0.1167188	-0.0350156
27.5799999	134.9143982	0.1050469	-0.0583594
29.3728008	134.9143982	0.2801250	-0.2801250
31.1655998	134.9143982	0.2917969	-0.3268125
32.9584007	134.9143982	0.2684532	-0.2801250
34.7511978	134.9143982	0.3151406	-0.1517344
36.5440025	134.9143982	0.2334375	-0.1750782
38.3368034	134.9143982	0.2567813	-0.2451094
40.1296005	134.9143982	0.2217656	-0.1634063
41.9224014	134.9143982	0.2567813	-0.1283906
43.7152023	134.9143982	0.1984219	-0.1634063
45.5079994	134.9143982	0.1400625	-0.1400625
47.3008003	134.9143982	0.0350156	0.0350156
49.0936012	134.9143982	0.0116719	0.0233438
50.8863983	134.9143982	-0.0350156	-0.0583594
52.6791992	134.9143982	-0.0233438	0.0233438
54.4720001	134.9143982	0.0000000	-0.0116719
56.2648010	134.9143982	0.1167188	0.0700313
58.0576019	134.9143982	0.0933750	0.1283906
59.8504028	134.9143982	0.0933750	0.2801250
61.6432037	134.9143982	0.0233438	0.3618282
63.4360008	134.9143982	0.6652969	0.2100938
65.2288055	134.9143982	0.4435313	-0.0466875
67.0215988	134.9143982	0.1050469	0.0583594
68.8144073	134.9143982	-0.0116719	0.7003126
70.6072006	134.9143982	0.0000000	0.0000000
-1.1048000	136.7071991	0.0000000	0.0000000
0.6880000	136.7071991	0.0000000	0.0000000
2.4807999	136.7071991	0.0000000	0.0000000
4.2736001	136.7071991	0.1050469	-0.1167188
6.0664001	136.7071991	0.1167188	-0.0700313
7.8592005	136.7071991	0.1517344	-0.0700313
9.6519995	136.7071991	0.0700313	0.0233438
11.4448004	136.7071991	0.0000000	-0.0933750
13.2376003	136.7071991	0.0116719	-0.1050469
15.0304003	136.7071991	-0.0116719	-0.0817031
16.8232002	136.7071991	0.0700313	-0.0583594
18.6160011	136.7071991	0.1050469	-0.1634063
20.4088001	136.7071991	0.1283906	-0.1984219
22.2015991	136.7071991	0.0817031	-0.1400625
23.9944019	136.7071991	0.0817031	-0.1634063
25.7872009	136.7071991	0.1283906	-0.1750782
27.5799999	136.7071991	0.1750781	-0.1867500
29.3728008	136.7071991	0.2217656	-0.3735000
31.1655998	136.7071991	0.3618281	-0.2217657
32.9584007	136.7071991	0.3501563	-0.1867500
34.7511978	136.7071991	0.4435313	-0.1634063
36.5440025	136.7071991	0.3618281	-0.2100938
38.3368034	136.7071991	0.3851719	-0.1867500
40.1296005	136.7071991	0.3384844	-0.3034688
41.9224014	136.7071991	0.3034688	-0.1517344
43.7152023	136.7071991	0.2801250	-0.0933750
45.5079994	136.7071991	0.2334375	-0.0350156
47.3008003	136.7071991	0.2217656	0.0466875
49.0936012	136.7071991	0.0700313	0.0817031
50.8863983	136.7071991	-0.0700313	-0.0116719
52.6791992	136.7071991	0.0116719	0.0000000
54.4720001	136.7071991	0.0466875	-0.0233438
56.2648010	136.7071991	0.0583594	0.1167188
58.0576019	136.7071991	0.0817031	0.1750782
59.8504028	136.7071991	0.1517344	0.2217657
61.6432037	136.7071991	0.1400625	0.1517344
63.4360008	136.7071991	0.1867500	0.2217657
65.2288055	136.7071991	0.2217656	0.1750782
67.0215988	136.7071991	0.2217656	0.2451094
68.8144073	136.7071991	0.0350156	0.4435313
70.6072006	136.7071991	0.0000000	0.0000000
-1.1048000	138.5000000	0.0000000	0.0000000
0.6880000	138.5000000	0.0000000	0.0000000
2.4807999	138.5000000	0.0000000	0.0000000
4.2736001	138.5000000	0.0350156	-0.0350156
6.0664001	138.5000000	0.0700313	-0.0466875
7.8592005	138.5000000	0.1517344	-0.0466875
9.6519995	138.5000000	0.2100938	0.0116719
11.4448004	138.5000000	0.1750781	-0.0583594
13.2376003	138.5000000	0.0933750	-0.0466875
15.0304003	138.5000000	0.1050469	-0.1167188
16.8232002	138.5000000	0.1283906	-0.1517344
18.6160011	138.5000000	0.0933750	-0.2567813
20.4088001	138.5000000	0.0933750	-0.2217657
22.2015991	138.5000000	0.1167188	-0.2217657
23.9944019	138.5000000	0.2217656	-0.2567813
25.7872009	138.5000000	0.2334375	-0.2684532
27.5799999	138.5000000	0.2567813	-0.2917969
29.3728008	138.5000000	0.3151406	-0.3501563
31.1655998	138.5000000	0.4201875	-0.1750782
32.9584007	138.5000000	0.4668750	-0.2100938
34.7511978	138.5000000	0.4435313	-0.2100938
36.5440025	138.5000000	0.5602500	-0.1867500
38.3368034	138.5000000	0.4902188	-0.0817031
40.1296005	138.5000000	0.3735000	-0.2100938
41.9224014	138.5000000	0.3851719	-0.1517344
43.7152023	138.5000000	0.3384844	-0.0350156
45.5079994	138.5000000	0.3268125	0.0116719
47.3008003	138.5000000	0.3384844	0.0116719
49.0936012	138.5000000	0.1400625	0.0350156
50.8863983	138.5000000	0.1167188	0.1867500
52.6791992	138.5000000	0.1517344	-0.0350156
54.4720001	138.5000000	0.1517344	-0.0116719
56.2648010	138.5000000	0.1167188	0.0233438
58.0576019	138.5000000	0.0466875	0.2100938
59.8504028	138.5000000	0.0817031	0.2451094
61.6432037	138.5000000	0.1400625	0.2684532
63.4360008	138.5000000	0.1984219	0.3618282
65.2288055	138.5000000	0.2217656	0.3501563
67.0215988	138.5000000	0.0466875	0.2334375
68.8144073	138.5000000	0.0350156	0.1050469
70.6072006	138.5000000	0.0000000	0.0000000
