-1.1047620	64.9952393	0.0000000	0.0000000
0.6880952	64.9952393	0.0000000	0.0000000
2.4809523	64.9952393	0.0000000	0.0000000
4.2738094	64.9952393	0.0000000	0.0000000
6.0666666	64.9952393	0.0000000	0.0000000
7.8595233	64.9952393	0.0000000	0.0000000
9.6523809	64.9952393	0.0000000	0.0000000
11.4452381	64.9952393	-0.3384952	-0.0233445
13.2380953	64.9952393	0.0000000	0.0000000
15.0309525	64.9952393	0.0000000	0.0000000
16.8238087	64.9952393	0.0000000	0.0000000
18.6166668	64.9952393	0.0000000	0.0000000
20.4095249	64.9952393	-0.6069568	0.0000000
22.2023811	64.9952393	0.0000000	0.0000000
23.9952374	64.9952393	0.0000000	0.0000000
25.7880955	64.9952393	-0.4202009	-1.3539807
27.5809517	64.9952393	0.1867560	-0.1750837
29.3738098	64.9952393	0.3851842	-0.1517392
31.1666679	64.9952393	0.0000000	0.0000000
32.9595261	64.9952393	-0.9921410	0.1167225
34.7523804	64.9952393	0.0000000	0.0000000
36.5452385	64.9952393	0.4318731	0.0000000
38.3380966	64.9952393	-1.1205357	0.0116722
40.1309547	64.9952393	0.0000000	0.0000000
41.9238091	64.9952393	0.0000000	0.0000000
43.7166672	64.9952393	0.6536459	0.0466890
45.5095253	64.9952393	-0.0233445	-0.0116722
47.3023796	64.9952393	0.0000000	0.0000000
49.0952377	64.9952393	0.0000000	0.0000000
50.8880959	64.9952393	0.0000000	0.0000000
52.6809540	64.9952393	0.0000000	0.0000000
54.4738083	64.9952393	0.0000000	0.0000000
56.2666664	64.9952393	0.0000000	0.0000000
58.0595245	64.9952393	0.0000000	0.0000000
59.8523788	64.9952393	0.0000000	0.0000000
61.6452408	64.9952393	0.0000000	0.0000000
63.4380951	64.9952393	-0.0583612	0.1634115
65.2309494	64.9952393	-0.1750837	0.1634115
67.0238113	64.9952393	0.0000000	0.0000000
68.8166656	64.9952393	0.0000000	0.0000000
70.6095276	64.9952393	0.0000000	0.0000000
-1.1047620	66.7880936	0.0000000	0.0000000
0.6880952	66.7880936	0.0000000	0.0000000
2.4809523	66.7880936	-0.1050502	-1.4823754
4.2738094	66.7880936	0.0000000	0.0000000
6.0666666	66.7880936	0.0000000	0.0000000
7.8595233	66.7880936	0.0000000	0.0000000
9.6523809	66.7880936	1.9492652	1.4940476
11.4452381	66.7880936	1.2956195	1.5874256
13.2380953	66.7880936	1.0038133	1.4940476
15.0309525	66.7880936	-0.0933780	-1.4940476
16.8238087	66.7880936	0.0000000	0.0000000
18.6166668	66.7880936	0.0000000	0.0000000
20.4095249	66.7880936	0.0000000	0.0000000
22.2023811	66.7880936	0.0000000	0.0000000
23.9952374	66.7880936	0.0000000	0.0000000
25.7880955	66.7880936	0.0000000	0.0000000
27.5809517	66.7880936	0.0000000	0.0000000
29.3738098	66.7880936	0.0000000	0.0000000
31.1666679	66.7880936	-0.7353516	-1.4590309
32.9595261	66.7880936	-0.8754185	-0.0233445
34.7523804	66.7880936	0.0000000	0.0000000
36.5452385	66.7880936	0.0000000	0.0000000
38.3380966	66.7880936	0.0000000	0.0000000
40.1309547	66.7880936	0.0000000	0.0000000
41.9238091	66.7880936	0.0000000	0.0000000
43.7166672	66.7880936	0.0000000	0.0000000
45.5095253	66.7880936	0.0000000	0.0000000
47.3023796	66.7880936	0.2451172	0.0000000
49.0952377	66.7880936	0.0000000	0.0000000
50.8880959	66.7880936	0.0000000	0.0000000
52.6809540	66.7880936	-1.5757533	1.5290644
54.4738083	66.7880936	-1.5874256	1.5173922
56.2666664	66.7880936	0.0000000	0.0000000
58.0595245	66.7880936	0.0000000	0.0000000
59.8523788	66.7880936	0.0000000	0.0000000
61.6452408	66.7880936	-0.5252512	2.8713727
63.4380951	66.7880936	0.0000000	0.0000000
65.2309494	66.7880936	-0.2684617	-0.0116722
67.0238113	66.7880936	0.0000000	0.0000000
68.8166656	66.7880936	0.0000000	0.0000000
70.6095276	66.7880936	0.0000000	0.0000000
-1.1047620	68.5809479	0.0000000	0.0000000
0.6880952	68.5809479	0.0000000	0.0000000
2.4809523	68.5809479	0.0000000	0.0000000
4.2738094	68.5809479	0.0000000	0.0000000
6.0666666	68.5809479	0.0000000	0.0000000
7.8595233	68.5809479	0.0000000	0.0000000
9.6523809	68.5809479	0.0000000	0.0000000
11.4452381	68.5809479	0.7353516	1.4707031
13.2380953	68.5809479	0.1984282	1.4823754
15.0309525	68.5809479	0.0000000	0.0000000
16.8238087	68.5809479	0.0000000	0.0000000
18.6166668	68.5809479	0.0000000	0.0000000
20.4095249	68.5809479	0.0000000	0.0000000
22.2023811	68.5809479	0.0000000	0.0000000
23.9952374	68.5809479	0.0000000	0.0000000
25.7880955	68.5809479	0.0000000	0.0000000
27.5809517	68.5809479	-0.6769903	-1.4473586
29.3738098	68.5809479	0.0000000	0.0000000
31.1666679	68.5809479	0.0000000	0.0000000
32.9595261	68.5809479	-0.6536459	-1.4707031
34.7523804	68.5809479	0.0000000	0.0000000
36.5452385	68.5809479	-0.6069568	0.0000000
38.3380966	68.5809479	0.0000000	0.0000000
40.1309547	68.5809479	1.0738467	1.4707031
41.9238091	68.5809479	-1.3306361	2.9764230
43.7166672	68.5809479	-0.9571243	0.0116722
45.5095253	68.5809479	0.0000000	0.0000000
47.3023796	68.5809479	0.0000000	0.0000000
49.0952377	68.5809479	-0.3384952	0.0466890
50.8880959	68.5809479	-0.4902344	0.0583612
52.6809540	68.5809479	0.0000000	0.0000000
54.4738083	68.5809479	-1.1905692	1.5173922
56.2666664	68.5809479	0.1283947	-1.3072917
58.0595245	68.5809479	0.0000000	0.0000000
59.8523788	68.5809479	0.0000000	0.0000000
61.6452408	68.5809479	0.0000000	0.0000000
63.4380951	68.5809479	-0.5369233	0.0116722
65.2309494	68.5809479	0.0000000	0.0000000
67.0238113	68.5809479	0.0000000	0.0000000
68.8166656	68.5809479	0.0000000	0.0000000
70.6095276	68.5809479	0.0000000	0.0000000
-1.1047620	70.3738098	0.0000000	0.0000000
0.6880952	70.3738098	0.0000000	0.0000000
2.4809523	70.3738098	0.0000000	0.0000000
4.2738094	70.3738098	0.0000000	0.0000000
6.0666666	70.3738098	0.0000000	0.0000000
7.8595233	70.3738098	0.2801339	2.9530785
9.6523809	70.3738098	0.6886626	2.8713727
11.4452381	70.3738098	0.0000000	0.0000000
13.2380953	70.3738098	0.3034784	2.9647508
15.0309525	70.3738098	0.3384952	2.9764230
16.8238087	70.3738098	0.0000000	0.0000000
18.6166668	70.3738098	0.0000000	0.0000000
20.4095249	70.3738098	0.0000000	0.0000000
22.2023811	70.3738098	0.0000000	0.0000000
23.9952374	70.3738098	0.0000000	0.0000000
25.7880955	70.3738098	-0.2101004	-1.4823754
27.5809517	70.3738098	-0.6769903	-1.4823754
29.3738098	70.3738098	0.0000000	0.0000000
31.1666679	70.3738098	0.0000000	0.0000000
32.9595261	70.3738098	0.0000000	0.0000000
34.7523804	70.3738098	0.0000000	0.0000000
36.5452385	70.3738098	0.0000000	0.0000000
38.3380966	70.3738098	0.0000000	0.0000000
40.1309547	70.3738098	0.0000000	0.0000000
41.9238091	70.3738098	0.0000000	0.0000000
43.7166672	70.3738098	0.0000000	0.0000000
45.5095253	70.3738098	0.0000000	0.0000000
47.3023796	70.3738098	0.0000000	0.0000000
49.0952377	70.3738098	0.0000000	0.0000000
50.8880959	70.3738098	0.0000000	0.0000000
52.6809540	70.3738098	-2.6379278	1.4940476
54.4738083	70.3738098	0.0000000	0.0000000
56.2666664	70.3738098	-0.8520740	2.9647508
58.0595245	70.3738098	0.0000000	0.0000000
59.8523788	70.3738098	0.0000000	0.0000000
61.6452408	70.3738098	0.0000000	0.0000000
63.4380951	70.3738098	0.0000000	0.0000000
65.2309494	70.3738098	0.0000000	0.0000000
67.0238113	70.3738098	0.0000000	0.0000000
68.8166656	70.3738098	0.0000000	0.0000000
70.6095276	70.3738098	0.0000000	0.0000000
-1.1047620	72.1666641	0.0000000	0.0000000
0.6880952	72.1666641	0.0000000	0.0000000
2.4809523	72.1666641	0.0000000	0.0000000
4.2738094	72.1666641	0.0000000	0.0000000
6.0666666	72.1666641	0.0000000	0.0000000
7.8595233	72.1666641	0.0817057	1.5407367
9.6523809	72.1666641	0.3151507	2.8480284
11.4452381	72.1666641	0.6419736	2.7079613
13.2380953	72.1666641	0.3851842	2.9530785
15.0309525	72.1666641	0.2801339	2.9764230
16.8238087	72.1666641	0.0000000	0.0000000
18.6166668	72.1666641	0.0000000	0.0000000
20.4095249	72.1666641	0.0000000	0.0000000
22.2023811	72.1666641	0.0000000	0.0000000
23.9952374	72.1666641	0.0000000	0.0000000
25.7880955	72.1666641	-0.7470238	-1.4823754
27.5809517	72.1666641	-0.9687965	-0.0233445
29.3738098	72.1666641	0.0000000	0.0000000
31.1666679	72.1666641	0.0000000	0.0000000
32.9595261	72.1666641	0.0000000	0.0000000
34.7523804	72.1666641	0.0000000	0.0000000
36.5452385	72.1666641	0.0000000	0.0000000
38.3380966	72.1666641	0.0000000	0.0000000
40.1309547	72.1666641	0.0000000	0.0000000
41.9238091	72.1666641	0.0000000	0.0000000
43.7166672	72.1666641	0.0000000	0.0000000
45.5095253	72.1666641	0.0000000	0.0000000
47.3023796	72.1666641	0.0000000	0.0000000
49.0952377	72.1666641	-1.1438802	1.6341146
50.8880959	72.1666641	-0.0466890	1.4590309
52.6809540	72.1666641	-0.5836124	1.5057199
54.4738083	72.1666641	0.0000000	0.0000000
56.2666664	72.1666641	0.0000000	0.0000000
58.0595245	72.1666641	0.1400670	2.9414063
59.8523788	72.1666641	0.2334449	3.1631789
61.6452408	72.1666641	0.0000000	0.0000000
63.4380951	72.1666641	0.0000000	0.0000000
65.2309494	72.1666641	0.0000000	0.0000000
67.0238113	72.1666641	0.0000000	0.0000000
68.8166656	72.1666641	0.0000000	0.0000000
70.6095276	72.1666641	0.0000000	0.0000000
-1.1047620	73.9595184	0.0000000	0.0000000
0.6880952	73.9595184	0.0000000	0.0000000
2.4809523	73.9595184	0.0000000	0.0000000
4.2738094	73.9595184	0.0000000	0.0000000
6.0666666	73.9595184	0.0000000	0.0000000
7.8595233	73.9595184	0.0000000	0.0000000
9.6523809	73.9595184	0.0700335	2.8363562
11.4452381	73.9595184	0.4202009	2.8597007
13.2380953	73.9595184	1.2606027	2.9414063
15.0309525	73.9595184	0.0000000	0.0000000
16.8238087	73.9595184	0.0000000	0.0000000
18.6166668	73.9595184	0.0000000	0.0000000
20.4095249	73.9595184	0.0000000	0.0000000
22.2023811	73.9595184	0.0000000	0.0000000
23.9952374	73.9595184	0.0000000	0.0000000
25.7880955	73.9595184	-0.5485956	-1.4707031
27.5809517	73.9595184	0.0000000	0.0000000
29.3738098	73.9595184	0.0000000	0.0000000
31.1666679	73.9595184	0.0000000	0.0000000
32.9595261	73.9595184	0.0000000	0.0000000
34.7523804	73.9595184	0.0000000	0.0000000
36.5452385	73.9595184	0.0000000	0.0000000
38.3380966	73.9595184	0.0000000	0.0000000
40.1309547	73.9595184	0.0000000	0.0000000
41.9238091	73.9595184	0.0000000	0.0000000
43.7166672	73.9595184	0.0000000	0.0000000
45.5095253	73.9595184	0.0000000	0.0000000
47.3023796	73.9595184	-1.3773252	2.9764230
49.0952377	73.9595184	-0.0466890	2.9647508
50.8880959	73.9595184	0.0000000	0.0000000
52.6809540	73.9595184	0.1050502	1.5407367
54.4738083	73.9595184	0.2801339	1.4823754
56.2666664	73.9595184	0.0000000	0.0000000
58.0595245	73.9595184	0.0000000	0.0000000
59.8523788	73.9595184	0.0000000	0.0000000
61.6452408	73.9595184	0.1750837	4.4004374
63.4380951	73.9595184	0.0000000	0.0000000
65.2309494	73.9595184	-0.0233445	1.4940476
67.0238113	73.9595184	0.0000000	0.0000000
68.8166656	73.9595184	0.0000000	0.0000000
70.6095276	73.9595184	0.0000000	0.0000000
-1.1047620	75.7523804	0.0000000	0.0000000
0.6880952	75.7523804	0.0000000	0.0000000
2.4809523	75.7523804	0.0000000	0.0000000
4.2738094	75.7523804	0.0000000	0.0000000
6.0666666	75.7523804	0.0000000	0.0000000
7.8595233	75.7523804	0.0000000	0.0000000
9.6523809	75.7523804	0.1867560	3.0231121
11.4452381	75.7523804	0.0000000	0.0000000
13.2380953	75.7523804	1.4356863	2.8597007
15.0309525	75.7523804	1.5990978	2.9764230
16.8238087	75.7523804	0.0000000	0.0000000
18.6166668	75.7523804	0.0000000	0.0000000
20.4095249	75.7523804	0.0000000	0.0000000
22.2023811	75.7523804	0.2918062	1.4940476
23.9952374	75.7523804	-0.0233445	-1.4823754
25.7880955	75.7523804	-0.0933780	-1.4940476
27.5809517	75.7523804	0.0000000	0.0000000
29.3738098	75.7523804	0.0000000	0.0000000
31.1666679	75.7523804	0.0000000	0.0000000
32.9595261	75.7523804	-2.0309711	-0.0233445
34.7523804	75.7523804	-0.8053851	-0.0466890
36.5452385	75.7523804	-0.1634115	0.0350167
38.3380966	75.7523804	0.0000000	0.0000000
40.1309547	75.7523804	-0.6186291	1.4707031
41.9238091	75.7523804	0.0000000	0.0000000
43.7166672	75.7523804	-0.6886626	2.9764230
45.5095253	75.7523804	0.0000000	0.0000000
47.3023796	75.7523804	0.0000000	0.0000000
49.0952377	75.7523804	-0.0583612	0.0583612
50.8880959	75.7523804	-0.0817057	0.1400670
52.6809540	75.7523804	0.0000000	0.0000000
54.4738083	75.7523804	-0.0817057	1.6691314
56.2666664	75.7523804	0.0000000	0.0000000
58.0595245	75.7523804	1.1205357	1.5990978
59.8523788	75.7523804	-0.3968564	0.1050502
61.6452408	75.7523804	-0.0817057	1.4356863
63.4380951	75.7523804	0.0000000	0.0000000
65.2309494	75.7523804	0.0000000	0.0000000
67.0238113	75.7523804	0.0000000	0.0000000
68.8166656	75.7523804	0.0000000	0.0000000
70.6095276	75.7523804	0.0000000	0.0000000
-1.1047620	77.5452347	0.0000000	0.0000000
0.6880952	77.5452347	0.0000000	0.0000000
2.4809523	77.5452347	0.0000000	0.0000000
4.2738094	77.5452347	-0.0116722	2.9530785
6.0666666	77.5452347	0.6653181	2.9997675
7.8595233	77.5452347	0.0000000	0.0000000
9.6523809	77.5452347	0.0000000	0.0000000
11.4452381	77.5452347	1.4240142	1.5640811
13.2380953	77.5452347	1.3423084	2.9063895
15.0309525	77.5452347	0.0000000	0.0000000
16.8238087	77.5452347	0.0000000	0.0000000
18.6166668	77.5452347	2.3227773	2.9764230
20.4095249	77.5452347	0.0000000	0.0000000
22.2023811	77.5452347	0.0000000	0.0000000
23.9952374	77.5452347	0.0000000	0.0000000
25.7880955	77.5452347	0.0583612	-1.4707031
27.5809517	77.5452347	0.0000000	0.0000000
29.3738098	77.5452347	0.0000000	0.0000000
31.1666679	77.5452347	0.0000000	0.0000000
32.9595261	77.5452347	-0.8053851	0.0233445
34.7523804	77.5452347	-0.1050502	1.4940476
36.5452385	77.5452347	0.4552176	0.0000000
38.3380966	77.5452347	-1.1672248	0.0233445
40.1309547	77.5452347	0.0000000	0.0000000
41.9238091	77.5452347	0.0000000	0.0000000
43.7166672	77.5452347	0.0000000	0.0000000
45.5095253	77.5452347	0.0000000	0.0000000
47.3023796	77.5452347	0.0000000	0.0000000
49.0952377	77.5452347	-0.1517392	0.0583612
50.8880959	77.5452347	0.0116722	1.4473586
52.6809540	77.5452347	-0.4202009	0.0583612
54.4738083	77.5452347	0.0000000	0.0000000
56.2666664	77.5452347	0.0000000	0.0000000
58.0595245	77.5452347	0.6186291	1.5874256
59.8523788	77.5452347	0.0000000	0.0000000
61.6452408	77.5452347	0.3501674	3.0464566
63.4380951	77.5452347	1.2372582	2.9530785
65.2309494	77.5452347	0.0000000	0.0000000
67.0238113	77.5452347	0.0000000	0.9571243
68.8166656	77.5452347	0.0000000	0.0000000
70.6095276	77.5452347	0.0000000	0.0000000
-1.1047620	79.3380966	0.0000000	0.0000000
0.6880952	79.3380966	0.0000000	0.0000000
2.4809523	79.3380966	0.0000000	0.0000000
4.2738094	79.3380966	0.0000000	0.0000000
6.0666666	79.3380966	0.1167225	3.0698011
7.8595233	79.3380966	0.1050502	3.0231121
9.6523809	79.3380966	0.0350167	3.0114398
11.4452381	79.3380966	1.2022414	3.3382628
13.2380953	79.3380966	0.0000000	0.0000000
15.0309525	79.3380966	0.5602679	3.3032460
16.8238087	79.3380966	0.3618397	3.5833800
18.6166668	79.3380966	0.0000000	0.0000000
20.4095249	79.3380966	0.0000000	0.0000000
22.2023811	79.3380966	0.6419736	0.0466890
23.9952374	79.3380966	0.7586961	-0.0116722
25.7880955	79.3380966	0.2918062	-0.0233445
27.5809517	79.3380966	-0.4085287	0.0000000
29.3738098	79.3380966	0.0000000	0.0000000
31.1666679	79.3380966	-0.8637463	0.0233445
32.9595261	79.3380966	-1.0621744	0.0000000
34.7523804	79.3380966	-0.8287296	0.0000000
36.5452385	79.3380966	0.0000000	0.0000000
38.3380966	79.3380966	0.0000000	0.0000000
40.1309547	79.3380966	0.0000000	0.0000000
41.9238091	79.3380966	0.0000000	0.0000000
43.7166672	79.3380966	0.0000000	0.0000000
45.5095253	79.3380966	0.3968564	0.0583612
47.3023796	79.3380966	0.0000000	0.0000000
49.0952377	79.3380966	0.0933780	1.4940476
50.8880959	79.3380966	-0.2918062	0.9104353
52.6809540	79.3380966	0.0000000	0.0000000
54.4738083	79.3380966	0.0000000	0.0000000
56.2666664	79.3380966	0.0000000	0.0000000
58.0595245	79.3380966	0.0233445	3.1748512
59.8523788	79.3380966	0.0000000	0.0000000
61.6452408	79.3380966	0.0000000	0.0000000
63.4380951	79.3380966	2.9997675	1.8558873
65.2309494	79.3380966	0.1750837	1.3656529
67.0238113	79.3380966	0.0000000	0.0000000
68.8166656	79.3380966	0.0000000	0.0000000
70.6095276	79.3380966	0.0000000	0.0000000
-1.1047620	81.1309509	0.0000000	0.0000000
0.6880952	81.1309509	0.0000000	0.0000000
2.4809523	81.1309509	0.0000000	0.0000000
4.2738094	81.1309509	0.0000000	0.0000000
6.0666666	81.1309509	-0.3384952	2.9764230
7.8595233	81.1309509	0.0350167	3.1631789
9.6523809	81.1309509	0.0817057	3.1281621
11.4452381	81.1309509	0.7586961	3.0231121
13.2380953	81.1309509	1.2839472	3.0347843
15.0309525	81.1309509	1.1905692	3.2332125
16.8238087	81.1309509	0.0000000	0.0000000
18.6166668	81.1309509	0.0000000	0.0000000
20.4095249	81.1309509	0.0000000	0.0000000
22.2023811	81.1309509	0.5602679	0.0817057
23.9952374	81.1309509	0.0000000	0.0000000
25.7880955	81.1309509	0.3735119	0.0233445
27.5809517	81.1309509	0.0000000	0.0000000
29.3738098	81.1309509	0.0000000	0.0000000
31.1666679	81.1309509	0.0000000	0.0000000
32.9595261	81.1309509	0.0000000	0.0000000
34.7523804	81.1309509	0.0000000	0.0000000
36.5452385	81.1309509	0.0000000	0.0000000
38.3380966	81.1309509	-0.8520740	0.0000000
40.1309547	81.1309509	-0.5019066	-0.0116722
41.9238091	81.1309509	-0.4552176	0.0350167
43.7166672	81.1309509	0.0000000	0.0000000
45.5095253	81.1309509	0.0000000	0.0000000
47.3023796	81.1309509	-0.3851842	0.0233445
49.0952377	81.1309509	-2.9414063	-0.0933780
50.8880959	81.1309509	-0.2451172	1.4473586
52.6809540	81.1309509	-0.1634115	0.3618397
54.4738083	81.1309509	0.0233445	0.7003348
56.2666664	81.1309509	-0.2567894	2.6729445
58.0595245	81.1309509	0.0000000	0.0000000
59.8523788	81.1309509	-0.2801339	0.9804688
61.6452408	81.1309509	0.0000000	0.0000000
63.4380951	81.1309509	-4.1203032	0.1050502
65.2309494	81.1309509	0.9337798	0.0116722
67.0238113	81.1309509	0.0000000	0.0000000
68.8166656	81.1309509	0.0000000	0.0000000
70.6095276	81.1309509	0.0000000	0.0000000
-1.1047620	82.9238052	0.0000000	0.0000000
0.6880952	82.9238052	0.0000000	0.0000000
2.4809523	82.9238052	0.0000000	0.0000000
4.2738094	82.9238052	0.0000000	0.0000000
6.0666666	82.9238052	0.0000000	0.0000000
7.8595233	82.9238052	0.5485956	2.9997675
9.6523809	82.9238052	0.8053851	3.1048179
11.4452381	82.9238052	1.2839472	3.2565570
13.2380953	82.9238052	0.0000000	0.0000000
15.0309525	82.9238052	0.0000000	0.0000000
16.8238087	82.9238052	-0.4202009	-0.0116722
18.6166668	82.9238052	0.0000000	0.0000000
20.4095249	82.9238052	-0.0116722	0.0350167
22.2023811	82.9238052	-0.4435454	-0.0466890
23.9952374	82.9238052	-0.0817057	0.0466890
25.7880955	82.9238052	-0.0933780	0.1167225
27.5809517	82.9238052	0.0000000	0.0000000
29.3738098	82.9238052	0.0000000	0.0000000
31.1666679	82.9238052	0.0000000	0.0000000
32.9595261	82.9238052	-0.8637463	0.0233445
34.7523804	82.9238052	-1.3189639	0.0233445
36.5452385	82.9238052	0.5135789	-0.2334449
38.3380966	82.9238052	0.2567894	-0.1750837
40.1309547	82.9238052	-0.1050502	-0.1517392
41.9238091	82.9238052	-0.5952846	-0.0466890
43.7166672	82.9238052	-0.7820405	0.0933780
45.5095253	82.9238052	0.0000000	0.0000000
47.3023796	82.9238052	-0.1634115	1.3189639
49.0952377	82.9238052	0.0466890	1.4707031
50.8880959	82.9238052	-0.1867560	1.4823754
52.6809540	82.9238052	-0.4785621	-0.0466890
54.4738083	82.9238052	-0.1167225	1.0154855
56.2666664	82.9238052	-0.6536459	-0.0700335
58.0595245	82.9238052	0.0000000	0.0000000
59.8523788	82.9238052	-0.1400670	0.9454520
61.6452408	82.9238052	-0.3034784	1.2839472
63.4380951	82.9238052	-0.1750837	1.2956195
65.2309494	82.9238052	0.0116722	0.8987631
67.0238113	82.9238052	0.0000000	0.0000000
68.8166656	82.9238052	0.0000000	0.0000000
70.6095276	82.9238052	0.0000000	0.0000000
-1.1047620	84.7166595	0.0000000	0.0000000
0.6880952	84.7166595	0.0000000	0.0000000
2.4809523	84.7166595	0.0000000	0.0000000
4.2738094	84.7166595	0.0000000	0.0000000
6.0666666	84.7166595	0.0000000	0.0000000
7.8595233	84.7166595	0.0000000	0.0000000
9.6523809	84.7166595	0.0000000	0.0000000
11.4452381	84.7166595	0.0233445	0.3501674
13.2380953	84.7166595	0.0000000	0.0000000
15.0309525	84.7166595	1.5057199	-1.3773252
16.8238087	84.7166595	-0.1517392	-0.2217727
18.6166668	84.7166595	0.0000000	0.0000000
20.4095249	84.7166595	0.1283947	0.0233445
22.2023811	84.7166595	-0.1167225	-0.0116722
23.9952374	84.7166595	0.0116722	0.0116722
25.7880955	84.7166595	-0.1283947	0.1517392
27.5809517	84.7166595	0.0000000	0.0000000
29.3738098	84.7166595	0.0000000	0.0000000
31.1666679	84.7166595	0.0000000	0.0000000
32.9595261	84.7166595	0.0000000	0.0000000
34.7523804	84.7166595	-0.2217727	-0.0350167
36.5452385	84.7166595	0.4085287	-0.2334449
38.3380966	84.7166595	0.5019066	-0.3151507
40.1309547	84.7166595	-0.6069568	0.5252512
41.9238091	84.7166595	-0.4902344	-0.1050502
43.7166672	84.7166595	-0.7703683	0.0817057
45.5095253	84.7166595	-0.7120071	0.7586961
47.3023796	84.7166595	-0.4552176	0.9921410
49.0952377	84.7166595	-0.3151507	1.4707031
50.8880959	84.7166595	0.2918062	1.4240142
52.6809540	84.7166595	0.0817057	1.1788970
54.4738083	84.7166595	0.0350167	0.5135789
56.2666664	84.7166595	-0.8987631	0.0233445
58.0595245	84.7166595	0.0000000	0.0000000
59.8523788	84.7166595	0.0000000	0.0000000
61.6452408	84.7166595	-0.0817057	0.6769903
63.4380951	84.7166595	-0.1517392	0.9337798
65.2309494	84.7166595	-0.0350167	1.5757533
67.0238113	84.7166595	0.0000000	0.0000000
68.8166656	84.7166595	0.0000000	0.0000000
70.6095276	84.7166595	0.0000000	0.0000000
-1.1047620	86.5095291	0.0000000	0.0000000
0.6880952	86.5095291	0.0000000	0.0000000
2.4809523	86.5095291	0.0000000	0.0000000
4.2738094	86.5095291	0.0000000	0.0000000
6.0666666	86.5095291	0.0000000	0.0000000
7.8595233	86.5095291	0.0000000	0.0000000
9.6523809	86.5095291	0.0000000	0.0000000
11.4452381	86.5095291	0.0000000	0.0000000
13.2380953	86.5095291	1.2722750	3.9218750
15.0309525	86.5095291	1.2722750	3.8401694
16.8238087	86.5095291	-0.5135789	0.1517392
18.6166668	86.5095291	0.0000000	0.0000000
20.4095249	86.5095291	0.0000000	0.0000000
22.2023811	86.5095291	0.0000000	0.0000000
23.9952374	86.5095291	0.0583612	0.0817057
25.7880955	86.5095291	-0.1750837	0.0700335
27.5809517	86.5095291	-0.1984282	0.0000000
29.3738098	86.5095291	0.0000000	0.0000000
31.1666679	86.5095291	0.0000000	0.0000000
32.9595261	86.5095291	0.0466890	0.0466890
34.7523804	86.5095291	-0.1283947	0.0000000
36.5452385	86.5095291	-0.1984282	0.2334449
38.3380966	86.5095291	-0.0933780	0.0817057
40.1309547	86.5095291	0.0700335	-0.0700335
41.9238091	86.5095291	0.0350167	-0.0116722
43.7166672	86.5095291	-0.4785621	0.2801339
45.5095253	86.5095291	-0.4318731	0.8404018
47.3023796	86.5095291	-0.4668899	0.2101004
49.0952377	86.5095291	0.0000000	0.0000000
50.8880959	86.5095291	0.1984282	1.2139137
52.6809540	86.5095291	-0.0350167	1.3306361
54.4738083	86.5095291	-0.1634115	0.8754185
56.2666664	86.5095291	-0.6769903	0.2217727
58.0595245	86.5095291	0.0000000	0.0000000
59.8523788	86.5095291	-0.0350167	1.5057199
61.6452408	86.5095291	-0.2451172	1.2022414
63.4380951	86.5095291	0.0000000	0.0000000
65.2309494	86.5095291	0.0000000	0.0000000
67.0238113	86.5095291	0.0000000	0.0000000
68.8166656	86.5095291	0.0000000	0.0000000
70.6095276	86.5095291	0.0000000	0.0000000
-1.1047620	88.3023834	0.0000000	0.0000000
0.6880952	88.3023834	0.0000000	0.0000000
2.4809523	88.3023834	0.0000000	0.0000000
4.2738094	88.3023834	0.0000000	0.0000000
6.0666666	88.3023834	-1.2956195	1.3889974
7.8595233	88.3023834	0.0000000	0.0000000
9.6523809	88.3023834	0.0000000	0.0000000
11.4452381	88.3023834	0.0000000	0.0000000
13.2380953	88.3023834	-0.4435454	0.0583612
15.0309525	88.3023834	0.0000000	0.0000000
16.8238087	88.3023834	0.0000000	0.0000000
18.6166668	88.3023834	-0.4668899	0.0817057
20.4095249	88.3023834	-0.1634115	0.0350167
22.2023811	88.3023834	-0.1283947	0.0000000
23.9952374	88.3023834	0.3384952	0.0350167
25.7880955	88.3023834	0.1400670	0.0933780
27.5809517	88.3023834	0.0817057	0.0000000
29.3738098	88.3023834	0.0000000	0.0000000
31.1666679	88.3023834	-0.4318731	0.0466890
32.9595261	88.3023834	-0.5019066	0.0000000
34.7523804	88.3023834	-0.2451172	0.1634115
36.5452385	88.3023834	-0.2217727	0.6653181
38.3380966	88.3023834	-0.0933780	0.2101004
40.1309547	88.3023834	-0.0350167	-0.0583612
41.9238091	88.3023834	0.0116722	-0.0350167
43.7166672	88.3023834	-0.0817057	0.0000000
45.5095253	88.3023834	-0.0583612	0.0933780
47.3023796	88.3023834	-0.4552176	0.1867560
49.0952377	88.3023834	-0.3501674	0.4668899
50.8880959	88.3023834	-0.1167225	1.1905692
52.6809540	88.3023834	-0.4435454	1.5640811
54.4738083	88.3023834	-0.2101004	1.6808035
56.2666664	88.3023834	0.0000000	0.0000000
58.0595245	88.3023834	-0.1750837	1.4473586
59.8523788	88.3023834	-0.0583612	1.2722750
61.6452408	88.3023834	-0.2451172	1.4356863
63.4380951	88.3023834	0.0000000	0.0000000
65.2309494	88.3023834	0.0000000	0.0000000
67.0238113	88.3023834	0.0000000	0.4785621
68.8166656	88.3023834	0.0000000	0.0000000
70.6095276	88.3023834	0.0000000	0.0000000
-1.1047620	90.0952377	0.0000000	0.0000000
0.6880952	90.0952377	0.0000000	0.0000000
2.4809523	90.0952377	0.0000000	0.0000000
4.2738094	90.0952377	-0.9921410	1.6224424
6.0666666	90.0952377	-1.1672248	1.5524089
7.8595233	90.0952377	-1.7274926	1.4006697
9.6523809	90.0952377	-0.6536459	0.2101004
11.4452381	90.0952377	1.3656529	-0.1283947
13.2380953	90.0952377	-0.6069568	0.1283947
15.0309525	90.0952377	-0.0350167	0.2918062
16.8238087	90.0952377	-0.3034784	0.1517392
18.6166668	90.0952377	-0.6536459	0.0233445
20.4095249	90.0952377	-0.2451172	0.0233445
22.2023811	90.0952377	0.0116722	-0.0583612
23.9952374	90.0952377	-0.0233445	0.0116722
25.7880955	90.0952377	0.0350167	0.0116722
27.5809517	90.0952377	0.0350167	0.0233445
29.3738098	90.0952377	-0.1634115	0.0350167
31.1666679	90.0952377	0.0000000	0.0000000
32.9595261	90.0952377	-0.6303014	0.0116722
34.7523804	90.0952377	-0.5485956	0.9804688
36.5452385	90.0952377	-0.2801339	0.5602679
38.3380966	90.0952377	-0.1050502	0.1517392
40.1309547	90.0952377	0.0700335	0.0700335
41.9238091	90.0952377	0.1517392	0.0350167
43.7166672	90.0952377	0.0466890	0.0466890
45.5095253	90.0952377	-0.1984282	0.1283947
47.3023796	90.0952377	-0.3501674	0.2567894
49.0952377	90.0952377	-0.5836124	0.4552176
50.8880959	90.0952377	-0.5485956	1.3656529
52.6809540	90.0952377	-0.6769903	0.0466890
54.4738083	90.0952377	-0.1050502	2.1243489
56.2666664	90.0952377	-0.6886626	1.6691314
58.0595245	90.0952377	-0.1167225	1.5057199
59.8523788	90.0952377	0.0000000	0.0000000
61.6452408	90.0952377	0.0233445	1.5640811
63.4380951	90.0952377	0.0000000	0.0000000
65.2309494	90.0952377	-0.3151507	1.2606027
67.0238113	90.0952377	-0.0233445	1.5640811
68.8166656	90.0952377	0.0000000	0.0000000
70.6095276	90.0952377	0.0000000	0.0000000
-1.1047620	91.8880920	0.0000000	0.0000000
0.6880952	91.8880920	1.3656529	0.0000000
2.4809523	91.8880920	0.0000000	0.0000000
4.2738094	91.8880920	-0.0583612	0.5719401
6.0666666	91.8880920	-0.0116722	0.1634115
7.8595233	91.8880920	0.0000000	0.0000000
9.6523809	91.8880920	-0.5369233	0.1867560
11.4452381	91.8880920	-0.7586961	0.1400670
13.2380953	91.8880920	-0.8520740	0.0700335
15.0309525	91.8880920	0.0000000	0.0000000
16.8238087	91.8880920	-0.6769903	0.0233445
18.6166668	91.8880920	-0.5602679	0.1400670
20.4095249	91.8880920	-0.3501674	-0.0466890
22.2023811	91.8880920	0.0000000	0.0933780
23.9952374	91.8880920	-0.2451172	0.0933780
25.7880955	91.8880920	-0.1050502	0.0466890
27.5809517	91.8880920	-0.1050502	0.0116722
29.3738098	91.8880920	-0.0466890	0.0116722
31.1666679	91.8880920	-0.1984282	-0.0116722
32.9595261	91.8880920	0.0000000	0.0000000
34.7523804	91.8880920	-0.7470238	1.1438802
36.5452385	91.8880920	-0.0700335	0.2101004
38.3380966	91.8880920	0.0000000	0.0466890
40.1309547	91.8880920	0.1283947	0.1984282
41.9238091	91.8880920	0.0350167	0.1634115
43.7166672	91.8880920	0.0350167	0.2334449
45.5095253	91.8880920	-0.0583612	0.4552176
47.3023796	91.8880920	-0.5719401	0.3034784
49.0952377	91.8880920	-1.3189639	1.3889974
50.8880959	91.8880920	-0.9687965	1.5874256
52.6809540	91.8880920	-0.6886626	1.5757533
54.4738083	91.8880920	-0.3618397	1.8325428
56.2666664	91.8880920	-0.6419736	1.2722750
58.0595245	91.8880920	0.0583612	1.5874256
59.8523788	91.8880920	0.1050502	1.3889974
61.6452408	91.8880920	-0.0350167	1.6341146
63.4380951	91.8880920	0.7820405	1.8208705
65.2309494	91.8880920	-0.2217727	1.5757533
67.0238113	91.8880920	0.0000000	0.0000000
68.8166656	91.8880920	0.0000000	0.0000000
70.6095276	91.8880920	0.0000000	0.0000000
-1.1047620	93.6809464	-0.9337798	0.0000000
0.6880952	93.6809464	3.5250187	1.4940476
2.4809523	93.6809464	0.0000000	0.0000000
4.2738094	93.6809464	-0.0466890	1.0271578
6.0666666	93.6809464	-0.2684617	0.7820405
7.8595233	93.6809464	-0.1400670	1.2839472
9.6523809	93.6809464	-0.5369233	0.2918062
11.4452381	93.6809464	-0.5952846	0.1400670
13.2380953	93.6809464	-0.7820405	-0.0700335
15.0309525	93.6809464	-0.7353516	0.0933780
16.8238087	93.6809464	-0.7353516	0.1634115
18.6166668	93.6809464	-0.7236793	0.5602679
20.4095249	93.6809464	-0.5836124	0.5485956
22.2023811	93.6809464	-0.5369233	0.0933780
23.9952374	93.6809464	-0.0933780	0.0233445
25.7880955	93.6809464	-0.1050502	0.0116722
27.5809517	93.6809464	-0.3151507	0.1400670
29.3738098	93.6809464	-0.0466890	1.4240142
31.1666679	93.6809464	0.0000000	0.0000000
32.9595261	93.6809464	-0.4785621	0.0933780
34.7523804	93.6809464	-0.1167225	0.1634115
36.5452385	93.6809464	0.0466890	0.1050502
38.3380966	93.6809464	0.1167225	0.0583612
40.1309547	93.6809464	0.0233445	0.2101004
41.9238091	93.6809464	0.0583612	0.1750837
43.7166672	93.6809464	0.0817057	0.3735119
45.5095253	93.6809464	0.1050502	0.6886626
47.3023796	93.6809464	-0.1400670	0.6303014
49.0952377	93.6809464	-1.6691314	1.3072917
50.8880959	93.6809464	-1.7625093	1.5524089
52.6809540	93.6809464	-1.1322080	1.5757533
54.4738083	93.6809464	0.0000000	0.0000000
56.2666664	93.6809464	-0.7586961	1.4590309
58.0595245	93.6809464	-0.0116722	1.4590309
59.8523788	93.6809464	-0.0933780	1.6691314
61.6452408	93.6809464	0.0817057	1.7975261
63.4380951	93.6809464	0.3968564	1.6224424
65.2309494	93.6809464	0.2451172	1.5757533
67.0238113	93.6809464	0.0000000	0.0000000
68.8166656	93.6809464	0.0000000	0.0000000
70.6095276	93.6809464	0.0000000	0.0000000
-1.1047620	95.4738083	0.0000000	0.0000000
0.6880952	95.4738083	0.0000000	0.0000000
2.4809523	95.4738083	0.0000000	0.0000000
4.2738094	95.4738083	-0.1283947	0.5369233
6.0666666	95.4738083	-0.1517392	0.6186291
7.8595233	95.4738083	-0.6069568	1.2956195
9.6523809	95.4738083	-0.8287296	0.1283947
11.4452381	95.4738083	-0.7236793	-0.0583612
13.2380953	95.4738083	-0.3618397	0.0116722
15.0309525	95.4738083	0.0000000	0.0000000
16.8238087	95.4738083	-0.7470238	0.7003348
18.6166668	95.4738083	-0.6769903	0.8404018
20.4095249	95.4738083	-0.5252512	0.7820405
22.2023811	95.4738083	-0.3034784	0.4552176
23.9952374	95.4738083	0.0933780	0.1867560
25.7880955	95.4738083	0.0233445	0.7470238
27.5809517	95.4738083	0.0116722	0.7003348
29.3738098	95.4738083	-0.1283947	0.3618397
31.1666679	95.4738083	0.1400670	0.3618397
32.9595261	95.4738083	-0.7120071	0.0700335
34.7523804	95.4738083	-0.0700335	0.2567894
36.5452385	95.4738083	0.0233445	0.2451172
38.3380966	95.4738083	0.2101004	0.2567894
40.1309547	95.4738083	-0.0583612	0.6186291
41.9238091	95.4738083	0.0583612	0.5485956
43.7166672	95.4738083	0.3268229	0.5135789
45.5095253	95.4738083	0.2684617	0.7353516
47.3023796	95.4738083	0.1867560	0.9221075
49.0952377	95.4738083	0.0000000	0.0000000
50.8880959	95.4738083	0.0000000	0.0000000
52.6809540	95.4738083	-0.4668899	0.2801339
54.4738083	95.4738083	-0.7586961	1.5524089
56.2666664	95.4738083	-0.6536459	1.4940476
58.0595245	95.4738083	-0.4668899	1.7858539
59.8523788	95.4738083	-0.3034784	1.9726098
61.6452408	95.4738083	0.2684617	1.8909041
63.4380951	95.4738083	0.0000000	0.0000000
65.2309494	95.4738083	0.3034784	0.1517392
67.0238113	95.4738083	-0.0700335	0.8520740
68.8166656	95.4738083	0.0000000	0.0000000
70.6095276	95.4738083	0.0000000	0.0000000
-1.1047620	97.2666702	0.0000000	0.0000000
0.6880952	97.2666702	0.0000000	0.0000000
2.4809523	97.2666702	0.0000000	0.0000000
4.2738094	97.2666702	-0.0700335	0.6186291
6.0666666	97.2666702	-0.3151507	1.1205357
7.8595233	97.2666702	0.0000000	0.0000000
9.6523809	97.2666702	0.0000000	0.0000000
11.4452381	97.2666702	-0.3384952	0.0116722
13.2380953	97.2666702	-0.1167225	-0.0350167
15.0309525	97.2666702	0.0000000	0.0000000
16.8238087	97.2666702	-0.6886626	0.7003348
18.6166668	97.2666702	-0.5485956	0.5719401
20.4095249	97.2666702	-0.2684617	0.5135789
22.2023811	97.2666702	-0.3151507	0.2334449
23.9952374	97.2666702	-0.4085287	0.1400670
25.7880955	97.2666702	-0.3151507	0.6419736
27.5809517	97.2666702	-0.0466890	0.4902344
29.3738098	97.2666702	0.0000000	0.0000000
31.1666679	97.2666702	-0.3151507	0.1283947
32.9595261	97.2666702	0.0000000	0.0000000
34.7523804	97.2666702	0.0000000	0.0000000
36.5452385	97.2666702	0.0000000	0.0000000
38.3380966	97.2666702	-0.0350167	0.0233445
40.1309547	97.2666702	0.0116722	0.4668899
41.9238091	97.2666702	0.0466890	0.3968564
43.7166672	97.2666702	0.1634115	0.4668899
45.5095253	97.2666702	0.5252512	0.6769903
47.3023796	97.2666702	0.0350167	1.0038133
49.0952377	97.2666702	-1.1788970	1.3539807
50.8880959	97.2666702	-0.8053851	1.3189639
52.6809540	97.2666702	-0.3735119	1.1205357
54.4738083	97.2666702	0.0000000	0.0000000
56.2666664	97.2666702	0.0000000	0.0000000
58.0595245	97.2666702	0.0000000	0.0000000
59.8523788	97.2666702	-0.1634115	1.4123420
61.6452408	97.2666702	-0.0933780	1.2839472
63.4380951	97.2666702	-0.2451172	1.2489305
65.2309494	97.2666702	-0.6186291	1.3423084
67.0238113	97.2666702	-0.1167225	1.2372582
68.8166656	97.2666702	0.0000000	0.0000000
70.6095276	97.2666702	0.0000000	0.0000000
-1.1047620	99.0595245	0.0000000	0.0000000
0.6880952	99.0595245	0.0000000	0.0000000
2.4809523	99.0595245	0.0000000	0.0000000
4.2738094	99.0595245	-0.1517392	0.0933780
6.0666666	99.0595245	-0.1167225	1.2839472
7.8595233	99.0595245	-0.1984282	1.6341146
9.6523809	99.0595245	0.0000000	0.0000000
11.4452381	99.0595245	0.1517392	0.0583612
13.2380953	99.0595245	-0.0583612	-0.0700335
15.0309525	99.0595245	-0.0233445	0.2101004
16.8238087	99.0595245	-0.0700335	0.3618397
18.6166668	99.0595245	-0.3034784	0.0116722
20.4095249	99.0595245	-0.2918062	0.0700335
22.2023811	99.0595245	-0.2334449	0.1517392
23.9952374	99.0595245	-0.5485956	0.3618397
25.7880955	99.0595245	-0.4668899	0.4202009
27.5809517	99.0595245	-0.1750837	0.0583612
29.3738098	99.0595245	0.0000000	0.0000000
31.1666679	99.0595245	0.0000000	0.0000000
32.9595261	99.0595245	0.0000000	0.0000000
34.7523804	99.0595245	0.0000000	0.0000000
36.5452385	99.0595245	0.2684617	1.7625093
38.3380966	99.0595245	-0.1517392	0.1984282
40.1309547	99.0595245	0.1634115	0.1750837
41.9238091	99.0595245	0.0000000	0.6536459
43.7166672	99.0595245	0.0000000	0.0000000
45.5095253	99.0595245	-0.5135789	1.4473586
47.3023796	99.0595245	-0.0700335	0.9804688
49.0952377	99.0595245	-1.2022414	1.3889974
50.8880959	99.0595245	-0.7353516	1.4707031
52.6809540	99.0595245	-0.3735119	1.3306361
54.4738083	99.0595245	-0.2217727	2.6962891
56.2666664	99.0595245	-0.3735119	1.3306361
58.0595245	99.0595245	-0.4202009	1.3656529
59.8523788	99.0595245	0.2451172	0.1167225
61.6452408	99.0595245	-0.2334449	1.3889974
63.4380951	99.0595245	-0.1867560	1.3539807
65.2309494	99.0595245	-0.6069568	1.4356863
67.0238113	99.0595245	-0.0466890	1.3889974
68.8166656	99.0595245	0.0000000	0.0000000
70.6095276	99.0595245	0.0000000	0.0000000
-1.1047620	100.8523788	0.0000000	0.0000000
0.6880952	100.8523788	-0.6303014	-2.9880953
2.4809523	100.8523788	0.0000000	0.0000000
4.2738094	100.8523788	0.0000000	0.0000000
6.0666666	100.8523788	-0.2334449	1.5290644
7.8595233	100.8523788	-0.0233445	1.5057199
9.6523809	100.8523788	0.0116722	0.2217727
11.4452381	100.8523788	-0.0933780	0.2217727
13.2380953	100.8523788	0.0116722	0.0583612
15.0309525	100.8523788	-0.0350167	-0.0116722
16.8238087	100.8523788	-0.1750837	0.0116722
18.6166668	100.8523788	-0.3618397	0.0933780
20.4095249	100.8523788	-0.5602679	1.5290644
22.2023811	100.8523788	-0.5602679	1.5757533
23.9952374	100.8523788	-0.1634115	0.0116722
25.7880955	100.8523788	0.0000000	0.0000000
27.5809517	100.8523788	-0.4902344	0.0700335
29.3738098	100.8523788	-0.1634115	1.3656529
31.1666679	100.8523788	0.0000000	0.0000000
32.9595261	100.8523788	-0.5019066	0.1283947
34.7523804	100.8523788	-0.6419736	0.0817057
36.5452385	100.8523788	0.3151507	0.7470238
38.3380966	100.8523788	-0.1050502	0.0817057
40.1309547	100.8523788	0.0000000	0.0466890
41.9238091	100.8523788	0.0116722	0.1283947
43.7166672	100.8523788	-0.0933780	0.9337798
45.5095253	100.8523788	-0.5602679	1.6224424
47.3023796	100.8523788	-0.6653181	1.6107701
49.0952377	100.8523788	-0.5252512	1.5524089
50.8880959	100.8523788	-0.6069568	1.5874256
52.6809540	100.8523788	-0.4318731	1.5640811
54.4738083	100.8523788	-0.4902344	0.9687965
56.2666664	100.8523788	-0.2918062	1.3072917
58.0595245	100.8523788	-0.7586961	1.6574591
59.8523788	100.8523788	-0.1283947	1.7158203
61.6452408	100.8523788	-0.1984282	1.5990978
63.4380951	100.8523788	-0.1984282	1.6457869
65.2309494	100.8523788	-0.0233445	1.7975261
67.0238113	100.8523788	0.0933780	1.6107701
68.8166656	100.8523788	0.0000000	0.0000000
70.6095276	100.8523788	0.0000000	0.0000000
-1.1047620	102.6452332	0.0000000	0.0000000
0.6880952	102.6452332	0.0000000	0.0000000
2.4809523	102.6452332	0.0000000	0.0000000
4.2738094	102.6452332	-0.5719401	0.4552176
6.0666666	102.6452332	-0.3618397	0.5252512
7.8595233	102.6452332	-0.3268229	0.5836124
9.6523809	102.6452332	-0.2101004	0.4668899
11.4452381	102.6452332	-0.1867560	0.2567894
13.2380953	102.6452332	-0.0933780	0.0583612
15.0309525	102.6452332	0.0116722	0.0233445
16.8238087	102.6452332	-0.1283947	-0.0116722
18.6166668	102.6452332	-0.2451172	0.0350167
20.4095249	102.6452332	-0.3151507	0.1283947
22.2023811	102.6452332	-0.4902344	0.0817057
23.9952374	102.6452332	-0.4902344	0.0700335
25.7880955	102.6452332	-0.0116722	0.0116722
27.5809517	102.6452332	-0.0233445	0.0466890
29.3738098	102.6452332	-0.1634115	1.3423084
31.1666679	102.6452332	0.0000000	0.0000000
32.9595261	102.6452332	0.0000000	0.0000000
34.7523804	102.6452332	-0.5719401	0.0817057
36.5452385	102.6452332	-0.4202009	-0.0583612
38.3380966	102.6452332	-0.0583612	0.1517392
40.1309547	102.6452332	-0.0466890	0.3501674
41.9238091	102.6452332	-0.0583612	0.6769903
43.7166672	102.6452332	-0.3851842	1.5990978
45.5095253	102.6452332	-0.5019066	1.8091983
47.3023796	102.6452332	-0.6886626	1.4590309
49.0952377	102.6452332	-1.1555525	0.8404018
50.8880959	102.6452332	-0.0583612	0.7586961
52.6809540	102.6452332	-0.5369233	0.1167225
54.4738083	102.6452332	-0.7937128	1.3072917
56.2666664	102.6452332	-0.4552176	1.5640811
58.0595245	102.6452332	-0.8053851	1.5990978
59.8523788	102.6452332	0.0000000	0.0000000
61.6452408	102.6452332	-0.1167225	1.6107701
63.4380951	102.6452332	-0.0116722	1.6924758
65.2309494	102.6452332	0.3618397	2.2877605
67.0238113	102.6452332	0.0000000	0.0000000
68.8166656	102.6452332	0.0000000	0.0000000
70.6095276	102.6452332	0.0000000	0.0000000
-1.1047620	104.4380951	0.0000000	0.0000000
0.6880952	104.4380951	0.0000000	0.0000000
2.4809523	104.4380951	0.0000000	0.0000000
4.2738094	104.4380951	-0.4785621	0.7120071
6.0666666	104.4380951	-0.6186291	0.2451172
7.8595233	104.4380951	-0.4785621	0.0350167
9.6523809	104.4380951	-0.1750837	0.0350167
11.4452381	104.4380951	-0.0817057	0.0583612
13.2380953	104.4380951	-0.1867560	0.0233445
15.0309525	104.4380951	-0.1050502	0.0116722
16.8238087	104.4380951	0.0000000	0.0233445
18.6166668	104.4380951	-0.1167225	0.0583612
20.4095249	104.4380951	0.0000000	0.0000000
22.2023811	104.4380951	-0.3851842	0.1634115
23.9952374	104.4380951	-0.3268229	0.0583612
25.7880955	104.4380951	-0.0817057	0.0116722
27.5809517	104.4380951	-0.0583612	0.0116722
29.3738098	104.4380951	0.0000000	0.0000000
31.1666679	104.4380951	0.0000000	0.0000000
32.9595261	104.4380951	-0.1283947	0.0817057
34.7523804	104.4380951	-0.5952846	0.4318731
36.5452385	104.4380951	-0.5602679	0.3384952
38.3380966	104.4380951	-0.0233445	0.1167225
40.1309547	104.4380951	-0.0700335	0.6419736
41.9238091	104.4380951	0.2567894	1.0621744
43.7166672	104.4380951	0.2684617	1.3656529
45.5095253	104.4380951	-0.6186291	1.9375930
47.3023796	104.4380951	-1.0388300	1.5524089
49.0952377	104.4380951	-1.3656529	1.3423084
50.8880959	104.4380951	-1.2022414	1.4473586
52.6809540	104.4380951	0.0000000	0.0000000
54.4738083	104.4380951	0.0000000	0.0000000
56.2666664	104.4380951	0.0000000	0.0000000
58.0595245	104.4380951	-0.8520740	2.1010046
59.8523788	104.4380951	-0.8404018	2.2177269
61.6452408	104.4380951	-0.3851842	2.1710379
63.4380951	104.4380951	-0.1400670	1.8675596
65.2309494	104.4380951	0.2451172	2.1476934
67.0238113	104.4380951	0.0000000	0.0000000
68.8166656	104.4380951	0.0000000	0.0000000
70.6095276	104.4380951	0.0000000	0.0000000
-1.1047620	106.2309494	0.0000000	0.0000000
0.6880952	106.2309494	0.0000000	0.0000000
2.4809523	106.2309494	0.0000000	0.0000000
4.2738094	106.2309494	0.0817057	0.5719401
6.0666666	106.2309494	0.0233445	0.6303014
7.8595233	106.2309494	-0.4785621	-0.1634115
9.6523809	106.2309494	-0.1167225	-0.0933780
11.4452381	106.2309494	-0.0817057	0.0817057
13.2380953	106.2309494	-0.0466890	0.0233445
15.0309525	106.2309494	-0.0466890	0.0233445
16.8238087	106.2309494	-0.0583612	0.0116722
18.6166668	106.2309494	-0.1283947	0.0583612
20.4095249	106.2309494	-0.4318731	0.0933780
22.2023811	106.2309494	-0.2101004	0.8520740
23.9952374	106.2309494	-0.1517392	0.3501674
25.7880955	106.2309494	0.0000000	0.0000000
27.5809517	106.2309494	0.0000000	0.0000000
29.3738098	106.2309494	0.0000000	0.0000000
31.1666679	106.2309494	0.0000000	0.0000000
32.9595261	106.2309494	-0.2918062	0.5602679
34.7523804	106.2309494	-0.3384952	0.1400670
36.5452385	106.2309494	-0.5369233	0.1634115
38.3380966	106.2309494	-0.6303014	1.1322080
40.1309547	106.2309494	-0.3968564	0.6769903
41.9238091	106.2309494	-0.2451172	0.9104353
43.7166672	106.2309494	0.0817057	1.4356863
45.5095253	106.2309494	-0.1050502	1.6224424
47.3023796	106.2309494	0.0000000	0.0000000
49.0952377	106.2309494	-1.3189639	1.4356863
50.8880959	106.2309494	-1.0505023	1.6457869
52.6809540	106.2309494	-1.4123420	1.6224424
54.4738083	106.2309494	-1.5757533	1.8792318
56.2666664	106.2309494	-0.3501674	2.1827102
58.0595245	106.2309494	-0.6419736	2.3811383
59.8523788	106.2309494	-0.1867560	2.1827102
61.6452408	106.2309494	-0.0350167	1.8909041
63.4380951	106.2309494	0.0583612	2.0426433
65.2309494	106.2309494	0.3268229	2.1243489
67.0238113	106.2309494	0.0000000	0.0000000
68.8166656	106.2309494	0.0000000	0.0000000
70.6095276	106.2309494	0.0000000	0.0000000
-1.1047620	108.0238037	0.0000000	0.0000000
0.6880952	108.0238037	0.0000000	0.0000000
2.4809523	108.0238037	0.0583612	0.7470238
4.2738094	108.0238037	0.0933780	0.5719401
6.0666666	108.0238037	0.1750837	0.8520740
7.8595233	108.0238037	0.0350167	0.3968564
9.6523809	108.0238037	-0.0233445	0.1167225
11.4452381	108.0238037	-0.0700335	0.0817057
13.2380953	108.0238037	-0.0116722	0.0583612
15.0309525	108.0238037	0.0116722	0.1050502
16.8238087	108.0238037	-0.1050502	0.0233445
18.6166668	108.0238037	0.0000000	0.0000000
20.4095249	108.0238037	-0.3034784	0.1050502
22.2023811	108.0238037	-0.2451172	0.1634115
23.9952374	108.0238037	-0.1050502	0.2918062
25.7880955	108.0238037	-0.1050502	0.0466890
27.5809517	108.0238037	0.0000000	0.0000000
29.3738098	108.0238037	-0.5485956	1.5057199
31.1666679	108.0238037	-0.5485956	0.0933780
32.9595261	108.0238037	-0.6536459	0.0116722
34.7523804	108.0238037	0.0000000	0.0000000
36.5452385	108.0238037	-0.6186291	0.2918062
38.3380966	108.0238037	-0.6769903	0.5485956
40.1309547	108.0238037	-0.5485956	0.7470238
41.9238091	108.0238037	-0.5252512	0.8170573
43.7166672	108.0238037	-0.3034784	1.2022414
45.5095253	108.0238037	-0.1984282	1.3773252
47.3023796	108.0238037	-0.0700335	2.0659878
49.0952377	108.0238037	-0.3151507	1.9375930
50.8880959	108.0238037	-0.7120071	1.9142486
52.6809540	108.0238037	-1.0271578	1.6457869
54.4738083	108.0238037	-1.0505023	1.5757533
56.2666664	108.0238037	-0.9104353	2.3694661
58.0595245	108.0238037	-0.5952846	2.6846168
59.8523788	108.0238037	-0.1634115	2.2527437
61.6452408	108.0238037	-0.3968564	2.1593657
63.4380951	108.0238037	0.4318731	1.4823754
65.2309494	108.0238037	0.7586961	1.6224424
67.0238113	108.0238037	0.0000000	0.0000000
68.8166656	108.0238037	0.0000000	0.0000000
70.6095276	108.0238037	0.0000000	0.0000000
-1.1047620	109.8166656	0.0000000	0.0000000
0.6880952	109.8166656	0.0000000	0.0000000
2.4809523	109.8166656	-0.0233445	0.6186291
4.2738094	109.8166656	-0.1283947	0.4902344
6.0666666	109.8166656	-0.0233445	0.4318731
7.8595233	109.8166656	-0.0583612	0.3151507
9.6523809	109.8166656	-0.0583612	0.1167225
11.4452381	109.8166656	-0.0700335	0.1167225
13.2380953	109.8166656	-0.1517392	0.0817057
15.0309525	109.8166656	-0.2801339	0.1050502
16.8238087	109.8166656	-0.0933780	0.0233445
18.6166668	109.8166656	-0.0466890	0.0000000
20.4095249	109.8166656	-0.0700335	0.0116722
22.2023811	109.8166656	-0.0933780	0.1867560
23.9952374	109.8166656	-0.0933780	0.1867560
25.7880955	109.8166656	0.0000000	0.0000000
27.5809517	109.8166656	0.0000000	0.0000000
29.3738098	109.8166656	0.0000000	0.0000000
31.1666679	109.8166656	0.0000000	0.0000000
32.9595261	109.8166656	0.0000000	0.0000000
34.7523804	109.8166656	0.5252512	4.4821429
36.5452385	109.8166656	-0.5485956	0.6303014
38.3380966	109.8166656	-0.8754185	0.7586961
40.1309547	109.8166656	-1.6341146	0.3501674
41.9238091	109.8166656	-0.7937128	0.9687965
43.7166672	109.8166656	-0.2684617	1.4823754
45.5095253	109.8166656	-0.2684617	1.3539807
47.3023796	109.8166656	-1.2606027	0.0700335
49.0952377	109.8166656	-0.2801339	2.1476934
50.8880959	109.8166656	-0.8053851	1.7391648
52.6809540	109.8166656	-0.4785621	1.6341146
54.4738083	109.8166656	-0.9687965	2.0309711
56.2666664	109.8166656	-0.6653181	2.4745164
58.0595245	109.8166656	-0.1050502	2.2177269
59.8523788	109.8166656	-0.0700335	2.0893323
61.6452408	109.8166656	-0.2684617	1.9842820
63.4380951	109.8166656	0.0466890	1.9609375
65.2309494	109.8166656	0.1283947	2.0543156
67.0238113	109.8166656	0.1283947	2.1593657
68.8166656	109.8166656	0.0000000	-2.9414063
70.6095276	109.8166656	0.0000000	0.0000000
-1.1047620	111.6095276	0.0000000	0.0000000
0.6880952	111.6095276	0.0000000	0.0000000
2.4809523	111.6095276	0.0000000	0.0000000
4.2738094	111.6095276	-0.0583612	0.2567894
6.0666666	111.6095276	-0.0700335	0.4552176
7.8595233	111.6095276	-0.0817057	0.2918062
9.6523809	111.6095276	-0.0700335	0.1867560
11.4452381	111.6095276	-0.2334449	0.1167225
13.2380953	111.6095276	-0.1517392	0.0233445
15.0309525	111.6095276	-0.2801339	0.1283947
16.8238087	111.6095276	-0.1984282	0.1634115
18.6166668	111.6095276	-0.0116722	0.0233445
20.4095249	111.6095276	0.0000000	0.0350167
22.2023811	111.6095276	-0.0116722	0.1050502
23.9952374	111.6095276	0.0233445	0.1984282
25.7880955	111.6095276	-0.1167225	0.0116722
27.5809517	111.6095276	0.0000000	0.0000000
29.3738098	111.6095276	-0.2684617	1.4940476
31.1666679	111.6095276	0.0000000	0.0000000
32.9595261	111.6095276	0.0000000	0.0000000
34.7523804	111.6095276	0.0000000	0.0000000
36.5452385	111.6095276	-0.1283947	1.2255859
38.3380966	111.6095276	-0.7820405	0.5485956
40.1309547	111.6095276	-0.7353516	0.9804688
41.9238091	111.6095276	-0.7120071	0.9221075
43.7166672	111.6095276	-0.6769903	1.2022414
45.5095253	111.6095276	-0.5369233	1.3889974
47.3023796	111.6095276	-0.1634115	1.4123420
49.0952377	111.6095276	-0.0700335	1.4356863
50.8880959	111.6095276	-0.3384952	1.9142486
52.6809540	111.6095276	0.3968564	1.4240142
54.4738083	111.6095276	-0.0466890	2.0192988
56.2666664	111.6095276	0.0817057	2.1243489
58.0595245	111.6095276	0.1750837	2.1943824
59.8523788	111.6095276	0.0350167	2.3227773
61.6452408	111.6095276	0.1050502	2.3344495
63.4380951	111.6095276	0.2334449	2.4394996
65.2309494	111.6095276	0.2801339	2.4278274
67.0238113	111.6095276	0.2918062	2.2293992
68.8166656	111.6095276	0.0000000	0.0000000
70.6095276	111.6095276	0.0000000	0.0000000
-1.1047620	113.4023819	0.0000000	0.0000000
0.6880952	113.4023819	0.0000000	0.0000000
2.4809523	113.4023819	-0.0933780	0.5135789
4.2738094	113.4023819	-0.1283947	0.2567894
6.0666666	113.4023819	-0.0817057	0.3851842
7.8595233	113.4023819	-0.0817057	0.3151507
9.6523809	113.4023819	-0.1167225	0.2101004
11.4452381	113.4023819	-0.2334449	0.1400670
13.2380953	113.4023819	-0.1400670	0.1283947
15.0309525	113.4023819	-0.3151507	0.1984282
16.8238087	113.4023819	-0.0700335	0.2567894
18.6166668	113.4023819	-0.0583612	0.2918062
20.4095249	113.4023819	-0.0583612	0.0116722
22.2023811	113.4023819	-0.0466890	0.0233445
23.9952374	113.4023819	-0.1634115	0.0466890
25.7880955	113.4023819	-0.1750837	0.0233445
27.5809517	113.4023819	0.1984282	0.0116722
29.3738098	113.4023819	0.0817057	0.0466890
31.1666679	113.4023819	0.0000000	0.0000000
32.9595261	113.4023819	0.0000000	0.0000000
34.7523804	113.4023819	0.0000000	0.0000000
36.5452385	113.4023819	0.0000000	0.0000000
38.3380966	113.4023819	-0.6303014	0.6419736
40.1309547	113.4023819	-0.5485956	0.9921410
41.9238091	113.4023819	-0.5485956	0.8170573
43.7166672	113.4023819	-0.6186291	1.0738467
45.5095253	113.4023819	-0.4668899	1.2722750
47.3023796	113.4023819	-0.0583612	1.3423084
49.0952377	113.4023819	-0.1867560	2.1010046
50.8880959	113.4023819	-0.1400670	1.5057199
52.6809540	113.4023819	0.0583612	1.2606027
54.4738083	113.4023819	-0.4902344	2.4278274
56.2666664	113.4023819	0.0817057	2.3461218
58.0595245	113.4023819	-0.0933780	2.8130116
59.8523788	113.4023819	0.1283947	2.7779949
61.6452408	113.4023819	0.3151507	2.5795667
63.4380951	113.4023819	0.0000000	1.0154855
65.2309494	113.4023819	-0.0817057	1.6224424
67.0238113	113.4023819	0.0583612	1.7975261
68.8166656	113.4023819	0.0000000	0.0000000
70.6095276	113.4023819	0.0000000	0.0000000
-1.1047620	115.1952362	0.0000000	0.0000000
0.6880952	115.1952362	0.0000000	0.0000000
2.4809523	115.1952362	-0.1050502	0.3268229
4.2738094	115.1952362	-0.1517392	0.3968564
6.0666666	115.1952362	-0.0700335	0.3501674
7.8595233	115.1952362	-0.0583612	0.2451172
9.6523809	115.1952362	-0.0233445	0.1517392
11.4452381	115.1952362	-0.1167225	0.1750837
13.2380953	115.1952362	-0.1984282	0.1984282
15.0309525	115.1952362	-0.2101004	0.4668899
16.8238087	115.1952362	-0.0700335	0.2801339
18.6166668	115.1952362	-0.0933780	0.1283947
20.4095249	115.1952362	-0.0700335	0.0700335
22.2023811	115.1952362	-0.0817057	0.0817057
23.9952374	115.1952362	-0.0933780	0.1400670
25.7880955	115.1952362	0.0000000	0.0000000
27.5809517	115.1952362	-0.1750837	0.0000000
29.3738098	115.1952362	0.0000000	1.3539807
31.1666679	115.1952362	-0.0466890	0.0233445
32.9595261	115.1952362	0.0000000	0.0000000
34.7523804	115.1952362	0.0000000	0.0000000
36.5452385	115.1952362	-0.6069568	1.4823754
38.3380966	115.1952362	0.0000000	0.0000000
40.1309547	115.1952362	0.0000000	0.0000000
41.9238091	115.1952362	-0.6653181	1.2489305
43.7166672	115.1952362	-0.7470238	0.3268229
45.5095253	115.1952362	-0.4785621	0.8987631
47.3023796	115.1952362	-0.3384952	1.4006697
49.0952377	115.1952362	-0.2334449	1.8091983
50.8880959	115.1952362	-0.2334449	0.8870908
52.6809540	115.1952362	-0.0700335	0.9804688
54.4738083	115.1952362	-0.4902344	2.6846168
56.2666664	115.1952362	-0.3618397	2.7313058
58.0595245	115.1952362	-0.2334449	2.7429781
59.8523788	115.1952362	-0.0817057	2.8246839
61.6452408	115.1952362	-0.0933780	1.6808035
63.4380951	115.1952362	-0.0933780	1.2606027
65.2309494	115.1952362	-0.1517392	1.3072917
67.0238113	115.1952362	0.0116722	1.4473586
68.8166656	115.1952362	0.0000000	0.0000000
70.6095276	115.1952362	0.0000000	0.0000000
-1.1047620	116.9880905	0.0000000	0.0000000
0.6880952	116.9880905	0.0000000	0.0000000
2.4809523	116.9880905	-0.1050502	0.5019066
4.2738094	116.9880905	-0.0933780	0.2918062
6.0666666	116.9880905	-0.0700335	0.1517392
7.8595233	116.9880905	-0.0583612	0.2567894
9.6523809	116.9880905	-0.0466890	0.2334449
11.4452381	116.9880905	-0.1167225	0.2217727
13.2380953	116.9880905	-0.0817057	0.3735119
15.0309525	116.9880905	-0.2334449	0.3151507
16.8238087	116.9880905	-0.1517392	0.3034784
18.6166668	116.9880905	-0.1517392	0.1283947
20.4095249	116.9880905	-0.1283947	0.1167225
22.2023811	116.9880905	-0.0466890	0.1400670
23.9952374	116.9880905	0.0350167	0.2451172
25.7880955	116.9880905	-0.0933780	0.0700335
27.5809517	116.9880905	-0.2217727	0.6186291
29.3738098	116.9880905	-0.0466890	0.1517392
31.1666679	116.9880905	0.0000000	0.0000000
32.9595261	116.9880905	0.0000000	0.0000000
34.7523804	116.9880905	0.0000000	0.0000000
36.5452385	116.9880905	0.0000000	0.0000000
38.3380966	116.9880905	0.0466890	0.8754185
40.1309547	116.9880905	0.0466890	0.8754185
41.9238091	116.9880905	-0.3151507	1.4940476
43.7166672	116.9880905	-0.6069568	1.2839472
45.5095253	116.9880905	-0.5719401	1.2372582
47.3023796	116.9880905	-0.6186291	1.3656529
49.0952377	116.9880905	-0.4435454	1.5407367
50.8880959	116.9880905	-0.3851842	1.5057199
52.6809540	116.9880905	-0.1050502	0.3034784
54.4738083	116.9880905	0.0000000	0.0000000
56.2666664	116.9880905	-0.6419736	2.4161551
58.0595245	116.9880905	-0.5719401	2.9880953
59.8523788	116.9880905	-0.6186291	0.1167225
61.6452408	116.9880905	0.0116722	1.2255859
63.4380951	116.9880905	-0.1167225	1.2372582
65.2309494	116.9880905	-0.0466890	0.5952846
67.0238113	116.9880905	0.0350167	1.0038133
68.8166656	116.9880905	0.0000000	0.0000000
70.6095276	116.9880905	0.0000000	0.0000000
-1.1047620	118.7809448	0.0000000	0.0000000
0.6880952	118.7809448	0.0000000	0.0000000
2.4809523	118.7809448	-0.0933780	0.3968564
4.2738094	118.7809448	-0.0233445	0.3268229
6.0666666	118.7809448	-0.0466890	0.3501674
7.8595233	118.7809448	-0.0350167	0.2801339
9.6523809	118.7809448	-0.0350167	0.4785621
11.4452381	118.7809448	-0.0933780	0.2101004
13.2380953	118.7809448	-0.1400670	0.1984282
15.0309525	118.7809448	-0.1517392	0.2334449
16.8238087	118.7809448	-0.1167225	0.2101004
18.6166668	118.7809448	-0.2684617	0.3384952
20.4095249	118.7809448	-0.0350167	0.1634115
22.2023811	118.7809448	-0.0700335	0.1400670
23.9952374	118.7809448	-0.1750837	0.0817057
25.7880955	118.7809448	-0.0466890	0.0817057
27.5809517	118.7809448	-0.0933780	0.8404018
29.3738098	118.7809448	0.0233445	0.3268229
31.1666679	118.7809448	0.0000000	0.0000000
32.9595261	118.7809448	0.0000000	0.0000000
34.7523804	118.7809448	0.0000000	0.0000000
36.5452385	118.7809448	0.0000000	0.0000000
38.3380966	118.7809448	0.0000000	0.0000000
40.1309547	118.7809448	0.0000000	0.0000000
41.9238091	118.7809448	0.0000000	0.0000000
43.7166672	118.7809448	0.0000000	0.0000000
45.5095253	118.7809448	-0.1750837	0.5485956
47.3023796	118.7809448	-0.5252512	1.2489305
49.0952377	118.7809448	0.2334449	0.3034784
50.8880959	118.7809448	-0.0700335	0.7586961
52.6809540	118.7809448	-0.4085287	1.2255859
54.4738083	118.7809448	-0.3151507	1.5874256
56.2666664	118.7809448	-0.1167225	1.4940476
58.0595245	118.7809448	-0.0466890	1.5990978
59.8523788	118.7809448	-0.0233445	1.0154855
61.6452408	118.7809448	0.0000000	1.4356863
63.4380951	118.7809448	0.0233445	1.5990978
65.2309494	118.7809448	0.0583612	0.9221075
67.0238113	118.7809448	0.0350167	0.8754185
68.8166656	118.7809448	0.0233445	0.8520740
70.6095276	118.7809448	0.0000000	0.0000000
-1.1047620	120.5738144	0.0000000	0.0000000
0.6880952	120.5738144	0.0000000	0.0000000
2.4809523	120.5738144	-0.0933780	0.2918062
4.2738094	120.5738144	0.0000000	0.2567894
6.0666666	120.5738144	-0.0116722	0.3618397
7.8595233	120.5738144	-0.0116722	0.3968564
9.6523809	120.5738144	-0.0700335	0.2334449
11.4452381	120.5738144	-0.0817057	0.2334449
13.2380953	120.5738144	-0.1167225	0.1750837
15.0309525	120.5738144	-0.1867560	0.1634115
16.8238087	120.5738144	-0.2101004	0.2567894
18.6166668	120.5738144	-0.1867560	0.4785621
20.4095249	120.5738144	-0.0933780	0.3151507
22.2023811	120.5738144	-0.4668899	0.2801339
23.9952374	120.5738144	-0.4785621	0.3151507
25.7880955	120.5738144	-0.1050502	0.5369233
27.5809517	120.5738144	0.0466890	0.6769903
29.3738098	120.5738144	0.1400670	0.6886626
31.1666679	120.5738144	0.0000000	0.0000000
32.9595261	120.5738144	0.0000000	0.0000000
34.7523804	120.5738144	0.0000000	0.0000000
36.5452385	120.5738144	-0.2918062	1.4940476
38.3380966	120.5738144	-0.3384952	0.9687965
40.1309547	120.5738144	0.0000000	0.0000000
41.9238091	120.5738144	0.0000000	0.0000000
43.7166672	120.5738144	0.0000000	0.0000000
45.5095253	120.5738144	-0.1283947	0.8754185
47.3023796	120.5738144	0.0000000	0.0000000
49.0952377	120.5738144	-0.0583612	1.4006697
50.8880959	120.5738144	-0.3735119	1.3072917
52.6809540	120.5738144	-0.3851842	1.4823754
54.4738083	120.5738144	-0.1984282	1.2956195
56.2666664	120.5738144	0.0933780	0.5836124
58.0595245	120.5738144	0.1400670	0.8987631
59.8523788	120.5738144	-0.0583612	1.2139137
61.6452408	120.5738144	-0.0583612	1.2956195
63.4380951	120.5738144	0.0350167	1.3773252
65.2309494	120.5738144	0.2451172	1.3306361
67.0238113	120.5738144	0.0233445	0.9571243
68.8166656	120.5738144	0.0233445	1.3189639
70.6095276	120.5738144	0.0000000	0.0000000
-1.1047620	122.3666687	0.0000000	0.0000000
0.6880952	122.3666687	0.0000000	0.0000000
2.4809523	122.3666687	0.0116722	0.4902344
4.2738094	122.3666687	0.0233445	0.4085287
6.0666666	122.3666687	0.0350167	0.6653181
7.8595233	122.3666687	0.0233445	0.6069568
9.6523809	122.3666687	-0.0583612	0.6886626
11.4452381	122.3666687	-0.0933780	0.3384952
13.2380953	122.3666687	-0.0933780	0.1984282
15.0309525	122.3666687	-0.0933780	0.6653181
16.8238087	122.3666687	-0.0933780	0.6886626
18.6166668	122.3666687	-0.0700335	0.6069568
20.4095249	122.3666687	0.0000000	0.0000000
22.2023811	122.3666687	0.0000000	0.7353516
23.9952374	122.3666687	-0.1517392	0.7353516
25.7880955	122.3666687	-0.0933780	0.7820405
27.5809517	122.3666687	0.0233445	0.7236793
29.3738098	122.3666687	0.1750837	0.7353516
31.1666679	122.3666687	0.0000000	0.0000000
32.9595261	122.3666687	0.0000000	0.0000000
34.7523804	122.3666687	0.0000000	0.0000000
36.5452385	122.3666687	0.0000000	0.0000000
38.3380966	122.3666687	0.0000000	0.0000000
40.1309547	122.3666687	0.0000000	0.0000000
41.9238091	122.3666687	0.0000000	0.0000000
43.7166672	122.3666687	0.0000000	0.0000000
45.5095253	122.3666687	-0.1400670	0.8637463
47.3023796	122.3666687	0.0000000	0.0000000
49.0952377	122.3666687	0.0000000	0.0000000
50.8880959	122.3666687	-0.0817057	0.7236793
52.6809540	122.3666687	-0.6303014	1.2372582
54.4738083	122.3666687	-0.2217727	1.1555525
56.2666664	122.3666687	-0.0350167	1.2606027
58.0595245	122.3666687	-0.0583612	1.1672248
59.8523788	122.3666687	-0.0233445	1.1555525
61.6452408	122.3666687	0.1400670	0.8520740
63.4380951	122.3666687	0.0350167	1.3773252
65.2309494	122.3666687	0.0116722	1.5173922
67.0238113	122.3666687	0.0233445	0.9687965
68.8166656	122.3666687	0.0000000	1.0154855
70.6095276	122.3666687	0.0000000	0.0000000
-1.1047620	124.1595230	0.0000000	0.0000000
0.6880952	124.1595230	0.0000000	0.0000000
2.4809523	124.1595230	0.0350167	0.5602679
4.2738094	124.1595230	0.0233445	0.5252512
6.0666666	124.1595230	0.0116722	0.5719401
7.8595233	124.1595230	0.0233445	0.3735119
9.6523809	124.1595230	0.0000000	0.0000000
11.4452381	124.1595230	-0.0933780	0.3618397
13.2380953	124.1595230	-0.1517392	0.4668899
15.0309525	124.1595230	-0.1283947	0.6186291
16.8238087	124.1595230	-0.0817057	0.6653181
18.6166668	124.1595230	-0.1283947	0.6069568
20.4095249	124.1595230	0.0000000	0.0000000
22.2023811	124.1595230	0.0000000	0.0000000
23.9952374	124.1595230	-0.0817057	0.7120071
25.7880955	124.1595230	0.0000000	0.0000000
27.5809517	124.1595230	-0.1984282	1.1672248
29.3738098	124.1595230	0.1167225	0.7937128
31.1666679	124.1595230	0.0000000	0.0000000
32.9595261	124.1595230	0.0000000	0.0000000
34.7523804	124.1595230	0.0000000	0.0000000
36.5452385	124.1595230	0.0000000	0.0000000
38.3380966	124.1595230	0.0000000	0.0000000
40.1309547	124.1595230	0.0000000	0.0000000
41.9238091	124.1595230	0.0000000	0.0000000
43.7166672	124.1595230	0.0000000	0.0000000
45.5095253	124.1595230	0.0000000	0.0000000
47.3023796	124.1595230	-0.2101004	1.8675596
49.0952377	124.1595230	0.0000000	0.0000000
50.8880959	124.1595230	0.0000000	0.0000000
52.6809540	124.1595230	-0.6419736	1.2489305
54.4738083	124.1595230	-0.0933780	1.4823754
56.2666664	124.1595230	-0.1400670	1.3423084
58.0595245	124.1595230	-0.0700335	1.4356863
59.8523788	124.1595230	0.0000000	1.1555525
61.6452408	124.1595230	0.0933780	0.4318731
63.4380951	124.1595230	0.0350167	1.4823754
65.2309494	124.1595230	-0.0583612	1.3539807
67.0238113	124.1595230	-0.2918062	1.4707031
68.8166656	124.1595230	0.0000000	0.0000000
70.6095276	124.1595230	0.0000000	0.0000000
-1.1047620	125.9523773	0.0000000	0.0000000
0.6880952	125.9523773	0.0000000	0.0000000
2.4809523	125.9523773	0.0350167	0.5369233
4.2738094	125.9523773	0.0116722	0.4435454
6.0666666	125.9523773	-0.0116722	0.3034784
7.8595233	125.9523773	-0.0466890	0.3851842
9.6523809	125.9523773	-0.0350167	0.5952846
11.4452381	125.9523773	-0.0350167	0.5719401
13.2380953	125.9523773	-0.0583612	0.5019066
15.0309525	125.9523773	-0.1400670	0.5602679
16.8238087	125.9523773	0.1050502	0.5369233
18.6166668	125.9523773	-0.1517392	0.1283947
20.4095249	125.9523773	-0.1400670	0.1517392
22.2023811	125.9523773	0.0000000	0.0000000
23.9952374	125.9523773	0.0000000	0.0000000
25.7880955	125.9523773	0.0000000	0.0000000
27.5809517	125.9523773	-0.0350167	1.3423084
29.3738098	125.9523773	-0.2101004	0.7470238
31.1666679	125.9523773	0.0000000	0.0000000
32.9595261	125.9523773	0.0000000	0.0000000
34.7523804	125.9523773	0.0000000	0.0000000
36.5452385	125.9523773	0.0000000	0.0000000
38.3380966	125.9523773	0.0000000	0.0000000
40.1309547	125.9523773	0.0000000	0.0000000
41.9238091	125.9523773	0.0000000	0.0000000
43.7166672	125.9523773	0.0000000	0.0000000
45.5095253	125.9523773	0.0000000	0.0000000
47.3023796	125.9523773	0.0000000	0.0000000
49.0952377	125.9523773	0.0000000	0.0000000
50.8880959	125.9523773	0.0000000	0.0000000
52.6809540	125.9523773	-0.0700335	1.2489305
54.4738083	125.9523773	0.0000000	0.0000000
56.2666664	125.9523773	0.0000000	0.0000000
58.0595245	125.9523773	0.0000000	0.0000000
59.8523788	125.9523773	0.1167225	1.0971912
61.6452408	125.9523773	0.0000000	0.0000000
63.4380951	125.9523773	0.1984282	1.6574591
65.2309494	125.9523773	0.2334449	2.1710379
67.0238113	125.9523773	0.0000000	0.0000000
68.8166656	125.9523773	-0.0466890	-0.0233445
70.6095276	125.9523773	0.0000000	0.0000000
-1.1047620	127.7452393	0.0000000	0.0000000
0.6880952	127.7452393	0.0000000	0.0000000
2.4809523	127.7452393	-0.0233445	0.6653181
4.2738094	127.7452393	0.0116722	0.5952846
6.0666666	127.7452393	-0.0233445	0.6769903
7.8595233	127.7452393	-0.0350167	0.5485956
9.6523809	127.7452393	-0.1283947	0.2217727
11.4452381	127.7452393	-0.0700335	0.6653181
13.2380953	127.7452393	-0.0583612	0.8170573
15.0309525	127.7452393	-0.0116722	0.3034784
16.8238087	127.7452393	0.0233445	0.0233445
18.6166668	127.7452393	0.0000000	0.0000000
20.4095249	127.7452393	0.0000000	0.0000000
22.2023811	127.7452393	0.0000000	0.0000000
23.9952374	127.7452393	0.0000000	0.0000000
25.7880955	127.7452393	0.0000000	0.0000000
27.5809517	127.7452393	0.0000000	0.0000000
29.3738098	127.7452393	-0.5719401	0.6303014
31.1666679	127.7452393	0.0000000	0.0000000
32.9595261	127.7452393	0.0000000	0.0000000
34.7523804	127.7452393	0.0000000	0.0000000
36.5452385	127.7452393	0.6186291	1.3072917
38.3380966	127.7452393	0.9221075	1.3539807
40.1309547	127.7452393	0.0000000	0.0000000
41.9238091	127.7452393	0.0000000	0.0000000
43.7166672	127.7452393	0.0000000	0.0000000
45.5095253	127.7452393	0.0000000	0.0000000
47.3023796	127.7452393	0.0000000	0.0000000
49.0952377	127.7452393	0.0000000	0.0000000
50.8880959	127.7452393	0.0000000	0.0000000
52.6809540	127.7452393	-0.2684617	1.5524089
54.4738083	127.7452393	-0.2684617	1.5524089
56.2666664	127.7452393	0.0000000	0.0000000
58.0595245	127.7452393	0.0000000	0.0000000
59.8523788	127.7452393	0.0000000	0.0000000
61.6452408	127.7452393	0.0000000	0.0000000
63.4380951	127.7452393	0.0000000	0.8520740
65.2309494	127.7452393	0.0000000	0.0000000
67.0238113	127.7452393	0.0000000	0.0000000
68.8166656	127.7452393	0.0000000	0.0000000
70.6095276	127.7452393	0.0000000	0.0000000
-1.1047620	129.5380859	0.0000000	0.0000000
0.6880952	129.5380859	0.0000000	0.0000000
2.4809523	129.5380859	-2.7896671	0.8287296
4.2738094	129.5380859	-0.0700335	0.7236793
6.0666666	129.5380859	-0.0350167	0.7470238
7.8595233	129.5380859	0.0233445	0.6069568
9.6523809	129.5380859	-0.1634115	0.6769903
11.4452381	129.5380859	-0.0350167	0.8053851
13.2380953	129.5380859	-0.0233445	1.1788970
15.0309525	129.5380859	0.0000000	0.0000000
16.8238087	129.5380859	0.0116722	0.7937128
18.6166668	129.5380859	-0.0233445	1.4707031
20.4095249	129.5380859	0.0000000	0.0000000
22.2023811	129.5380859	0.0000000	0.0000000
23.9952374	129.5380859	0.0000000	0.0000000
25.7880955	129.5380859	0.0000000	0.0000000
27.5809517	129.5380859	0.0000000	0.0000000
29.3738098	129.5380859	0.0000000	0.0000000
31.1666679	129.5380859	0.0000000	0.0000000
32.9595261	129.5380859	0.0000000	0.0000000
34.7523804	129.5380859	0.0000000	0.0000000
36.5452385	129.5380859	0.0000000	0.0000000
38.3380966	129.5380859	0.0000000	0.0000000
40.1309547	129.5380859	0.0000000	0.0000000
41.9238091	129.5380859	0.0000000	0.0000000
43.7166672	129.5380859	0.0000000	0.0000000
45.5095253	129.5380859	0.0000000	0.0000000
47.3023796	129.5380859	0.0000000	0.0000000
49.0952377	129.5380859	0.0000000	0.0000000
50.8880959	129.5380859	0.0116722	0.8287296
52.6809540	129.5380859	0.0000000	0.0000000
54.4738083	129.5380859	0.0000000	0.0000000
56.2666664	129.5380859	0.0000000	0.0000000
58.0595245	129.5380859	0.0000000	0.0000000
59.8523788	129.5380859	-0.7937128	1.5057199
61.6452408	129.5380859	0.0000000	0.0000000
63.4380951	129.5380859	0.0933780	1.4473586
65.2309494	129.5380859	0.0000000	0.0000000
67.0238113	129.5380859	0.0000000	0.0000000
68.8166656	129.5380859	0.0000000	0.0000000
70.6095276	129.5380859	0.0000000	0.0000000
-1.1047620	131.3309479	0.0000000	0.0000000
0.6880952	131.3309479	0.0000000	0.0000000
2.4809523	131.3309479	0.0000000	0.0000000
4.2738094	131.3309479	-0.1517392	0.7470238
6.0666666	131.3309479	-0.1400670	0.7586961
7.8595233	131.3309479	0.0583612	0.8404018
9.6523809	131.3309479	-0.1050502	0.7703683
11.4452381	131.3309479	0.1050502	0.8170573
13.2380953	131.3309479	0.1517392	0.8987631
15.0309525	131.3309479	0.0000000	0.0000000
16.8238087	131.3309479	0.0000000	0.0000000
18.6166668	131.3309479	0.0000000	0.0000000
20.4095249	131.3309479	0.0000000	0.0000000
22.2023811	131.3309479	0.0000000	0.0000000
23.9952374	131.3309479	0.0000000	0.0000000
25.7880955	131.3309479	0.0000000	0.0000000
27.5809517	131.3309479	0.0000000	0.0000000
29.3738098	131.3309479	0.0000000	0.0000000
31.1666679	131.3309479	0.0000000	0.0000000
32.9595261	131.3309479	0.0000000	0.0000000
34.7523804	131.3309479	0.0000000	0.0000000
36.5452385	131.3309479	0.0000000	0.0000000
38.3380966	131.3309479	0.0000000	0.0000000
40.1309547	131.3309479	0.0000000	0.0000000
41.9238091	131.3309479	0.0000000	0.0000000
43.7166672	131.3309479	0.0000000	0.0000000
45.5095253	131.3309479	0.0000000	0.0000000
47.3023796	131.3309479	0.0000000	0.0000000
49.0952377	131.3309479	0.0000000	0.0000000
50.8880959	131.3309479	0.0000000	0.0000000
52.6809540	131.3309479	0.0000000	0.0000000
54.4738083	131.3309479	0.0000000	0.0000000
56.2666664	131.3309479	0.0000000	0.0000000
58.0595245	131.3309479	0.0000000	0.0000000
59.8523788	131.3309479	-0.7937128	1.5057199
61.6452408	131.3309479	0.0000000	0.0000000
63.4380951	131.3309479	0.0000000	0.0000000
65.2309494	131.3309479	0.2334449	1.5990978
67.0238113	131.3309479	0.0000000	0.0000000
68.8166656	131.3309479	0.0000000	0.0000000
70.6095276	131.3309479	0.0000000	0.0000000
-1.1047620	133.1238098	0.0000000	0.0000000
0.6880952	133.1238098	0.0000000	0.0000000
2.4809523	133.1238098	0.0000000	0.0000000
4.2738094	133.1238098	0.0000000	0.0000000
6.0666666	133.1238098	0.0000000	0.0000000
7.8595233	133.1238098	0.0000000	0.0000000
9.6523809	133.1238098	-0.1050502	0.7353516
11.4452381	133.1238098	0.0233445	0.7703683
13.2380953	133.1238098	0.1634115	0.8170573
15.0309525	133.1238098	-0.0116722	1.4940476
16.8238087	133.1238098	0.0000000	0.0000000
18.6166668	133.1238098	0.0000000	0.0000000
20.4095249	133.1238098	0.0000000	0.0000000
22.2023811	133.1238098	0.0000000	0.0000000
23.9952374	133.1238098	0.0000000	0.0000000
25.7880955	133.1238098	0.0000000	0.0000000
27.5809517	133.1238098	0.0000000	0.0000000
29.3738098	133.1238098	0.0000000	0.0000000
31.1666679	133.1238098	0.0000000	0.0000000
32.9595261	133.1238098	0.0000000	0.0000000
34.7523804	133.1238098	0.0000000	0.0000000
36.5452385	133.1238098	0.0000000	0.0000000
38.3380966	133.1238098	0.0000000	0.0000000
40.1309547	133.1238098	0.0000000	0.0000000
41.9238091	133.1238098	0.0000000	0.0000000
43.7166672	133.1238098	0.0000000	0.0000000
45.5095253	133.1238098	0.0000000	0.0000000
47.3023796	133.1238098	0.0000000	0.0000000
49.0952377	133.1238098	0.0000000	0.0000000
50.8880959	133.1238098	0.0000000	0.0000000
52.6809540	133.1238098	0.0000000	0.0000000
54.4738083	133.1238098	0.0000000	0.0000000
56.2666664	133.1238098	0.0000000	0.0000000
58.0595245	133.1238098	0.0000000	0.0000000
59.8523788	133.1238098	0.0000000	0.0000000
61.6452408	133.1238098	0.0000000	0.0000000
63.4380951	133.1238098	0.0700335	2.9880953
65.2309494	133.1238098	0.0000000	0.0000000
67.0238113	133.1238098	-0.1867560	1.4590309
68.8166656	133.1238098	0.0000000	0.0000000
70.6095276	133.1238098	0.0000000	0.0000000
-1.1047620	134.9166565	0.0000000	0.0000000
0.6880952	134.9166565	0.0000000	0.0000000
2.4809523	134.9166565	0.0000000	0.0000000
4.2738094	134.9166565	0.1050502	0.8637463
6.0666666	134.9166565	0.0817057	0.8637463
7.8595233	134.9166565	0.0000000	0.0000000
9.6523809	134.9166565	0.1283947	1.4473586
11.4452381	134.9166565	0.0000000	0.0000000
13.2380953	134.9166565	0.0116722	0.9571243
15.0309525	134.9166565	-0.0116722	1.2255859
16.8238087	134.9166565	0.1867560	0.9804688
18.6166668	134.9166565	0.0000000	0.0000000
20.4095249	134.9166565	0.0000000	0.0000000
22.2023811	134.9166565	0.0000000	0.0000000
23.9952374	134.9166565	0.0000000	0.0000000
25.7880955	134.9166565	0.0000000	0.0000000
27.5809517	134.9166565	0.0000000	0.0000000
29.3738098	134.9166565	0.0000000	0.0000000
31.1666679	134.9166565	0.0000000	0.0000000
32.9595261	134.9166565	0.0000000	0.0000000
34.7523804	134.9166565	0.0000000	0.0000000
36.5452385	134.9166565	0.0000000	0.0000000
38.3380966	134.9166565	0.0000000	0.0000000
40.1309547	134.9166565	0.0000000	0.0000000
41.9238091	134.9166565	0.0000000	0.0000000
43.7166672	134.9166565	0.0000000	0.0000000
45.5095253	134.9166565	0.0000000	0.0000000
47.3023796	134.9166565	0.0000000	0.0000000
49.0952377	134.9166565	0.0000000	0.0000000
50.8880959	134.9166565	0.0000000	0.0000000
52.6809540	134.9166565	0.0000000	0.0000000
54.4738083	134.9166565	0.0000000	0.0000000
56.2666664	134.9166565	-0.5252512	1.1438802
58.0595245	134.9166565	0.0000000	0.0000000
59.8523788	134.9166565	0.0000000	0.0000000
61.6452408	134.9166565	0.0000000	0.0000000
63.4380951	134.9166565	0.0000000	0.0000000
65.2309494	134.9166565	0.6303014	0.0466890
67.0238113	134.9166565	0.0000000	0.0000000
68.8166656	134.9166565	0.0000000	0.0000000
70.6095276	134.9166565	1.2839472	0.0000000
-1.1047620	136.7095337	0.0000000	0.0000000
0.6880952	136.7095337	0.0000000	0.0000000
2.4809523	136.7095337	0.0000000	0.0000000
4.2738094	136.7095337	0.0000000	0.0000000
6.0666666	136.7095337	0.0000000	0.0000000
7.8595233	136.7095337	-0.0233445	0.9221075
9.6523809	136.7095337	0.1283947	1.4940476
11.4452381	136.7095337	0.0000000	0.0000000
13.2380953	136.7095337	0.0000000	0.0000000
15.0309525	136.7095337	0.0000000	0.0000000
16.8238087	136.7095337	0.0000000	0.0000000
18.6166668	136.7095337	0.0000000	0.0000000
20.4095249	136.7095337	0.0000000	0.0000000
22.2023811	136.7095337	0.0000000	0.0000000
23.9952374	136.7095337	0.0000000	0.0000000
25.7880955	136.7095337	0.0000000	0.0000000
27.5809517	136.7095337	0.0000000	0.0000000
29.3738098	136.7095337	0.0000000	0.0000000
31.1666679	136.7095337	0.0000000	0.0000000
32.9595261	136.7095337	0.0000000	0.0000000
34.7523804	136.7095337	0.0000000	0.0000000
36.5452385	136.7095337	0.0000000	0.0000000
38.3380966	136.7095337	0.0000000	0.0000000
40.1309547	136.7095337	0.0000000	0.0000000
41.9238091	136.7095337	0.0000000	0.0000000
43.7166672	136.7095337	0.0000000	0.0000000
45.5095253	136.7095337	0.0000000	0.0000000
47.3023796	136.7095337	0.0000000	0.0000000
49.0952377	136.7095337	0.0000000	0.0000000
50.8880959	136.7095337	0.0000000	0.0000000
52.6809540	136.7095337	0.0000000	0.0000000
54.4738083	136.7095337	0.0000000	0.0000000
56.2666664	136.7095337	-0.5252512	1.1788970
58.0595245	136.7095337	0.0000000	0.0000000
59.8523788	136.7095337	0.0000000	0.0000000
61.6452408	136.7095337	0.0000000	0.0000000
63.4380951	136.7095337	0.0000000	0.0000000
65.2309494	136.7095337	0.0000000	0.0000000
67.0238113	136.7095337	0.0000000	0.0000000
68.8166656	136.7095337	0.0000000	0.0000000
70.6095276	136.7095337	0.0000000	0.0000000
-1.1047620	138.5023804	0.0000000	0.0000000
0.6880952	138.5023804	0.0000000	0.0000000
2.4809523	138.5023804	0.0000000	0.0000000
4.2738094	138.5023804	0.0000000	0.0000000
6.0666666	138.5023804	0.0000000	0.0000000
7.8595233	138.5023804	0.0000000	0.0000000
9.6523809	138.5023804	-0.1517392	1.3189639
11.4452381	138.5023804	0.0000000	0.0000000
13.2380953	138.5023804	0.0000000	0.0000000
15.0309525	138.5023804	0.0000000	0.0000000
16.8238087	138.5023804	0.0000000	0.0000000
18.6166668	138.5023804	0.0000000	0.0000000
20.4095249	138.5023804	0.0000000	0.0000000
22.2023811	138.5023804	0.0000000	0.0000000
23.9952374	138.5023804	0.0000000	0.0000000
25.7880955	138.5023804	-1.5290644	-1.4940476
27.5809517	138.5023804	0.0000000	0.0000000
29.3738098	138.5023804	0.0000000	0.0000000
31.1666679	138.5023804	0.0000000	0.0000000
32.9595261	138.5023804	0.0000000	0.0000000
34.7523804	138.5023804	0.0000000	0.0000000
36.5452385	138.5023804	0.0000000	0.0000000
38.3380966	138.5023804	0.0000000	0.0000000
40.1309547	138.5023804	0.0000000	0.0000000
41.9238091	138.5023804	0.0000000	0.0000000
43.7166672	138.5023804	0.0000000	0.0000000
45.5095253	138.5023804	0.0000000	0.0000000
47.3023796	138.5023804	0.0000000	0.0000000
49.0952377	138.5023804	0.0000000	0.0000000
50.8880959	138.5023804	0.0000000	0.0000000
52.6809540	138.5023804	0.0000000	0.0000000
54.4738083	138.5023804	0.0000000	0.0000000
56.2666664	138.5023804	0.0000000	0.0000000
58.0595245	138.5023804	0.0000000	0.0000000
59.8523788	138.5023804	0.0000000	0.0000000
61.6452408	138.5023804	0.0000000	0.0000000
63.4380951	138.5023804	-0.0700335	1.8909041
65.2309494	138.5023804	-0.5602679	1.8325428
67.0238113	138.5023804	0.0000000	0.0000000
68.8166656	138.5023804	0.0000000	0.0000000
70.6095276	138.5023804	0.0000000	0.0000000
