-1.1047620	64.9952393	0.0000000	0.0000000
0.6880952	64.9952393	0.0000000	0.0000000
2.4809523	64.9952393	-0.0350167	1.4590309
4.2738094	64.9952393	0.0000000	0.0000000
6.0666666	64.9952393	-1.0038133	-0.0583612
7.8595233	64.9952393	-0.7703683	-0.1050502
9.6523809	64.9952393	-1.2022414	-1.3889974
11.4452381	64.9952393	-0.4085287	-0.9571243
13.2380953	64.9952393	-0.1400670	-0.9571243
15.0309525	64.9952393	-0.7003348	-1.5057199
16.8238087	64.9952393	0.0000000	0.0000000
18.6166668	64.9952393	0.0000000	0.0000000
20.4095249	64.9952393	0.0000000	0.0000000
22.2023811	64.9952393	0.0000000	0.0000000
23.9952374	64.9952393	0.0000000	0.0000000
25.7880955	64.9952393	0.0000000	0.0000000
27.5809517	64.9952393	0.0000000	0.0000000
29.3738098	64.9952393	-0.5369233	-0.0116722
31.1666679	64.9952393	-0.8754185	-0.0116722
32.9595261	64.9952393	0.0000000	0.0000000
34.7523804	64.9952393	-2.1243489	0.2801339
36.5452385	64.9952393	-1.5173922	0.2801339
38.3380966	64.9952393	-1.0621744	0.1283947
40.1309547	64.9952393	-0.8987631	0.0817057
41.9238091	64.9952393	-0.8870908	-0.0700335
43.7166672	64.9952393	-1.1555525	0.0817057
45.5095253	64.9952393	-0.6653181	0.0116722
47.3023796	64.9952393	0.0000000	0.0000000
49.0952377	64.9952393	0.9687965	2.9530785
50.8880959	64.9952393	2.1476934	2.8947172
52.6809540	64.9952393	0.9221075	0.0466890
54.4738083	64.9952393	0.0000000	0.0000000
56.2666664	64.9952393	0.0000000	0.0000000
58.0595245	64.9952393	0.0000000	0.0000000
59.8523788	64.9952393	0.0000000	0.0000000
61.6452408	64.9952393	0.0000000	0.0000000
63.4380951	64.9952393	3.7001023	1.7041481
65.2309494	64.9952393	0.0817057	0.7120071
67.0238113	64.9952393	0.0000000	0.0000000
68.8166656	64.9952393	0.0000000	0.0000000
70.6095276	64.9952393	0.0000000	0.0000000
-1.1047620	66.7880936	0.0000000	0.0000000
0.6880952	66.7880936	0.0000000	0.0000000
2.4809523	66.7880936	0.0000000	0.0000000
4.2738094	66.7880936	0.0000000	0.0000000
6.0666666	66.7880936	-1.2372582	-1.3072917
7.8595233	66.7880936	0.0000000	0.0000000
9.6523809	66.7880936	-0.6886626	-0.1283947
11.4452381	66.7880936	-0.0700335	0.0350167
13.2380953	66.7880936	-0.6419736	-1.3889974
15.0309525	66.7880936	-0.5719401	-1.4473586
16.8238087	66.7880936	-0.6536459	-1.4590309
18.6166668	66.7880936	0.0000000	0.0000000
20.4095249	66.7880936	0.0000000	0.0000000
22.2023811	66.7880936	0.0000000	0.0000000
23.9952374	66.7880936	0.0000000	0.0000000
25.7880955	66.7880936	0.0000000	0.0000000
27.5809517	66.7880936	0.0000000	0.0000000
29.3738098	66.7880936	0.0000000	0.0000000
31.1666679	66.7880936	0.8170573	-0.0466890
32.9595261	66.7880936	0.0000000	0.0000000
34.7523804	66.7880936	-0.2217727	-0.0933780
36.5452385	66.7880936	-1.0621744	0.0466890
38.3380966	66.7880936	-0.8053851	0.0466890
40.1309547	66.7880936	0.0000000	0.0000000
41.9238091	66.7880936	-0.5836124	-0.0233445
43.7166672	66.7880936	-0.5485956	0.0700335
45.5095253	66.7880936	0.0000000	0.0000000
47.3023796	66.7880936	0.0000000	0.0000000
49.0952377	66.7880936	0.9571243	3.0464566
50.8880959	66.7880936	1.7391648	3.2915738
52.6809540	66.7880936	1.1672248	0.0116722
54.4738083	66.7880936	1.9842820	1.5290644
56.2666664	66.7880936	0.0000000	0.0000000
58.0595245	66.7880936	0.0000000	0.0000000
59.8523788	66.7880936	0.0233445	1.4940476
61.6452408	66.7880936	0.0000000	0.0000000
63.4380951	66.7880936	-0.3618397	5.2992001
65.2309494	66.7880936	0.1283947	1.4823754
67.0238113	66.7880936	0.0000000	0.0000000
68.8166656	66.7880936	0.0000000	0.0000000
70.6095276	66.7880936	0.0000000	0.0000000
-1.1047620	68.5809479	0.0000000	0.0000000
0.6880952	68.5809479	0.0000000	0.0000000
2.4809523	68.5809479	0.0000000	0.0000000
4.2738094	68.5809479	0.0000000	0.0000000
6.0666666	68.5809479	0.0000000	0.0000000
7.8595233	68.5809479	0.0000000	0.0000000
9.6523809	68.5809479	-0.3151507	-0.0233445
11.4452381	68.5809479	-0.2918062	-0.0583612
13.2380953	68.5809479	-0.7353516	-1.3423084
15.0309525	68.5809479	-0.7003348	-1.4240142
16.8238087	68.5809479	-0.5952846	-1.4123420
18.6166668	68.5809479	-0.4085287	-1.4940476
20.4095249	68.5809479	0.0000000	0.0000000
22.2023811	68.5809479	0.0000000	0.0000000
23.9952374	68.5809479	0.0000000	0.0000000
25.7880955	68.5809479	1.3656529	1.4590309
27.5809517	68.5809479	0.0000000	0.0000000
29.3738098	68.5809479	0.6886626	0.0000000
31.1666679	68.5809479	0.0000000	0.0000000
32.9595261	68.5809479	-0.3151507	0.0000000
34.7523804	68.5809479	-0.8287296	-0.0350167
36.5452385	68.5809479	-0.9221075	-0.0583612
38.3380966	68.5809479	-0.8287296	0.0116722
40.1309547	68.5809479	0.0000000	0.0000000
41.9238091	68.5809479	-0.3851842	0.2451172
43.7166672	68.5809479	0.0000000	0.0000000
45.5095253	68.5809479	0.0000000	0.0000000
47.3023796	68.5809479	-0.0466890	1.4473586
49.0952377	68.5809479	0.6769903	3.0581288
50.8880959	68.5809479	0.7586961	3.0347843
52.6809540	68.5809479	1.8442150	3.2332125
54.4738083	68.5809479	0.0000000	0.0000000
56.2666664	68.5809479	0.0000000	0.0000000
58.0595245	68.5809479	0.0000000	0.0000000
59.8523788	68.5809479	0.0000000	0.0000000
61.6452408	68.5809479	0.0000000	0.0000000
63.4380951	68.5809479	0.0000000	0.0000000
65.2309494	68.5809479	0.1517392	1.3539807
67.0238113	68.5809479	0.0000000	0.0000000
68.8166656	68.5809479	0.0000000	0.0000000
70.6095276	68.5809479	0.0000000	0.0000000
-1.1047620	70.3738098	0.0000000	0.0000000
0.6880952	70.3738098	0.0000000	0.0000000
2.4809523	70.3738098	0.0000000	0.0000000
4.2738094	70.3738098	0.0000000	0.0000000
6.0666666	70.3738098	-1.0855190	-0.0466890
7.8595233	70.3738098	-1.1205357	-0.0350167
9.6523809	70.3738098	-0.5135789	-0.3501674
11.4452381	70.3738098	-0.3034784	-0.0933780
13.2380953	70.3738098	-0.7586961	-1.3773252
15.0309525	70.3738098	-0.7703683	-1.4240142
16.8238087	70.3738098	-0.7586961	-1.5524089
18.6166668	70.3738098	0.0000000	0.0000000
20.4095249	70.3738098	0.0000000	0.0000000
22.2023811	70.3738098	0.0000000	0.0000000
23.9952374	70.3738098	0.0000000	0.0000000
25.7880955	70.3738098	0.0000000	0.0000000
27.5809517	70.3738098	0.0000000	0.0000000
29.3738098	70.3738098	0.0000000	0.0000000
31.1666679	70.3738098	-0.6419736	-0.0116722
32.9595261	70.3738098	-1.1905692	0.0466890
34.7523804	70.3738098	-0.8170573	0.0466890
36.5452385	70.3738098	-0.9921410	-0.0350167
38.3380966	70.3738098	-1.2139137	-0.0233445
40.1309547	70.3738098	-1.3773252	-0.0116722
41.9238091	70.3738098	-0.0933780	0.0466890
43.7166672	70.3738098	0.0000000	0.0000000
45.5095253	70.3738098	0.1167225	2.9647508
47.3023796	70.3738098	0.0000000	0.0000000
49.0952377	70.3738098	0.0000000	0.0000000
50.8880959	70.3738098	0.0000000	0.0000000
52.6809540	70.3738098	0.0000000	0.0000000
54.4738083	70.3738098	0.0000000	0.0000000
56.2666664	70.3738098	0.6186291	2.9647508
58.0595245	70.3738098	0.0000000	0.0000000
59.8523788	70.3738098	0.0000000	0.0000000
61.6452408	70.3738098	0.0000000	0.0000000
63.4380951	70.3738098	0.1050502	1.8208705
65.2309494	70.3738098	-0.3268229	1.5874256
67.0238113	70.3738098	0.0000000	0.0000000
68.8166656	70.3738098	0.0000000	0.0000000
70.6095276	70.3738098	0.0000000	0.0000000
-1.1047620	72.1666641	0.0000000	0.0000000
0.6880952	72.1666641	0.0000000	0.0000000
2.4809523	72.1666641	0.0000000	0.0000000
4.2738094	72.1666641	-0.6769903	0.0233445
6.0666666	72.1666641	-1.0271578	0.0583612
7.8595233	72.1666641	-1.0621744	0.1517392
9.6523809	72.1666641	0.0000000	0.0000000
11.4452381	72.1666641	0.0000000	0.0000000
13.2380953	72.1666641	0.0000000	0.0000000
15.0309525	72.1666641	-0.8754185	-1.4707031
16.8238087	72.1666641	-0.7120071	-1.4823754
18.6166668	72.1666641	0.0000000	0.0000000
20.4095249	72.1666641	-0.6419736	-0.0116722
22.2023811	72.1666641	-1.2489305	0.0116722
23.9952374	72.1666641	0.0000000	0.0000000
25.7880955	72.1666641	-0.5135789	-0.0116722
27.5809517	72.1666641	2.1126769	2.9880953
29.3738098	72.1666641	0.0000000	0.0000000
31.1666679	72.1666641	0.0000000	0.0000000
32.9595261	72.1666641	-1.3539807	0.1634115
34.7523804	72.1666641	-1.2255859	0.1283947
36.5452385	72.1666641	-0.8287296	-0.0116722
38.3380966	72.1666641	-0.7703683	-0.0116722
40.1309547	72.1666641	-0.9221075	0.0466890
41.9238091	72.1666641	0.0000000	0.0000000
43.7166672	72.1666641	0.0000000	0.0000000
45.5095253	72.1666641	0.0000000	0.0000000
47.3023796	72.1666641	-3.6767578	-0.0233445
49.0952377	72.1666641	0.0000000	0.0000000
50.8880959	72.1666641	0.0000000	0.0000000
52.6809540	72.1666641	0.0000000	0.0000000
54.4738083	72.1666641	0.0000000	0.0000000
56.2666664	72.1666641	0.0000000	0.0000000
58.0595245	72.1666641	0.0000000	0.0000000
59.8523788	72.1666641	0.0000000	0.0000000
61.6452408	72.1666641	0.0000000	0.0000000
63.4380951	72.1666641	0.0000000	0.0000000
65.2309494	72.1666641	-0.0583612	1.1438802
67.0238113	72.1666641	0.0233445	0.8987631
68.8166656	72.1666641	0.0000000	0.0000000
70.6095276	72.1666641	0.0000000	0.0000000
-1.1047620	73.9595184	0.0000000	0.0000000
0.6880952	73.9595184	0.0000000	0.0000000
2.4809523	73.9595184	0.0000000	0.0000000
4.2738094	73.9595184	-0.0233445	1.5640811
6.0666666	73.9595184	-0.6419736	2.0309711
7.8595233	73.9595184	-0.6303014	1.2255859
9.6523809	73.9595184	-0.6419736	-0.1634115
11.4452381	73.9595184	0.0000000	0.0000000
13.2380953	73.9595184	0.0000000	0.0000000
15.0309525	73.9595184	-0.5719401	-1.4123420
16.8238087	73.9595184	-0.7937128	-1.3539807
18.6166668	73.9595184	-1.3189639	-0.1867560
20.4095249	73.9595184	-1.0038133	-0.0933780
22.2023811	73.9595184	-1.0855190	0.0116722
23.9952374	73.9595184	-0.5369233	-0.0933780
25.7880955	73.9595184	-0.6303014	-0.0583612
27.5809517	73.9595184	0.0000000	0.0000000
29.3738098	73.9595184	0.0000000	0.0000000
31.1666679	73.9595184	0.0000000	0.0000000
32.9595261	73.9595184	-0.1283947	0.0233445
34.7523804	73.9595184	-0.5135789	0.0817057
36.5452385	73.9595184	-0.7120071	0.0000000
38.3380966	73.9595184	-1.1205357	0.0116722
40.1309547	73.9595184	-0.6886626	0.1050502
41.9238091	73.9595184	-0.5952846	0.2217727
43.7166672	73.9595184	-0.5952846	0.5602679
45.5095253	73.9595184	-0.4552176	0.8637463
47.3023796	73.9595184	-0.4552176	1.3306361
49.0952377	73.9595184	0.0000000	0.0000000
50.8880959	73.9595184	0.0000000	0.0000000
52.6809540	73.9595184	0.0116722	1.4590309
54.4738083	73.9595184	-0.3501674	1.4473586
56.2666664	73.9595184	0.0000000	0.0000000
58.0595245	73.9595184	-2.7429781	0.0233445
59.8523788	73.9595184	0.1050502	0.0583612
61.6452408	73.9595184	0.0000000	0.0000000
63.4380951	73.9595184	0.0000000	0.0000000
65.2309494	73.9595184	0.0000000	0.0000000
67.0238113	73.9595184	0.0000000	0.0000000
68.8166656	73.9595184	0.0000000	0.0000000
70.6095276	73.9595184	0.0000000	0.0000000
-1.1047620	75.7523804	0.0000000	0.0000000
0.6880952	75.7523804	0.0000000	0.0000000
2.4809523	75.7523804	0.0000000	0.0000000
4.2738094	75.7523804	0.0000000	0.0000000
6.0666666	75.7523804	-0.4085287	1.4006697
7.8595233	75.7523804	-0.8870908	1.2255859
9.6523809	75.7523804	-0.8637463	-0.8520740
11.4452381	75.7523804	-0.3034784	-1.3072917
13.2380953	75.7523804	-1.0388300	-1.3656529
15.0309525	75.7523804	-0.9104353	-0.9104353
16.8238087	75.7523804	-1.1672248	-0.6886626
18.6166668	75.7523804	-1.2956195	-0.0233445
20.4095249	75.7523804	-0.9921410	0.0933780
22.2023811	75.7523804	-1.6808035	-0.0350167
23.9952374	75.7523804	-0.8287296	-0.0466890
25.7880955	75.7523804	-0.6536459	-0.0583612
27.5809517	75.7523804	0.0000000	0.0000000
29.3738098	75.7523804	0.0000000	0.0000000
31.1666679	75.7523804	0.0000000	0.0000000
32.9595261	75.7523804	-2.2760882	0.0233445
34.7523804	75.7523804	-1.8792318	0.0817057
36.5452385	75.7523804	0.0000000	0.0000000
38.3380966	75.7523804	-0.9337798	0.0933780
40.1309547	75.7523804	0.0000000	0.0000000
41.9238091	75.7523804	-0.7236793	1.1788970
43.7166672	75.7523804	-0.2801339	0.8987631
45.5095253	75.7523804	-0.0466890	0.4785621
47.3023796	75.7523804	-0.2918062	0.1867560
49.0952377	75.7523804	0.0000000	0.0000000
50.8880959	75.7523804	0.0000000	0.0000000
52.6809540	75.7523804	0.5836124	2.1010046
54.4738083	75.7523804	-0.1750837	1.6224424
56.2666664	75.7523804	0.0700335	1.3306361
58.0595245	75.7523804	0.0000000	0.0000000
59.8523788	75.7523804	0.0000000	0.0000000
61.6452408	75.7523804	0.0233445	3.0698011
63.4380951	75.7523804	-0.2334449	2.8363562
65.2309494	75.7523804	0.0000000	2.6029112
67.0238113	75.7523804	0.0000000	0.0000000
68.8166656	75.7523804	0.0000000	0.0000000
70.6095276	75.7523804	0.0000000	0.0000000
-1.1047620	77.5452347	0.0000000	0.0000000
0.6880952	77.5452347	0.0000000	0.0000000
2.4809523	77.5452347	-0.0350167	-1.4590309
4.2738094	77.5452347	0.0000000	0.0000000
6.0666666	77.5452347	-0.6186291	1.4240142
7.8595233	77.5452347	-0.7470238	1.1905692
9.6523809	77.5452347	-0.6303014	-0.8287296
11.4452381	77.5452347	-1.0154855	-1.2839472
13.2380953	77.5452347	-0.9921410	-1.3889974
15.0309525	77.5452347	-1.0505023	-1.1788970
16.8238087	77.5452347	-1.3656529	-0.5252512
18.6166668	77.5452347	-1.4006697	0.0233445
20.4095249	77.5452347	-0.7937128	0.0933780
22.2023811	77.5452347	-0.6653181	0.0350167
23.9952374	77.5452347	-0.9804688	0.0000000
25.7880955	77.5452347	0.0000000	0.0000000
27.5809517	77.5452347	0.0000000	0.0000000
29.3738098	77.5452347	-2.3461218	-0.0116722
31.1666679	77.5452347	0.0000000	0.0000000
32.9595261	77.5452347	-2.2527437	0.0817057
34.7523804	77.5452347	0.0000000	0.0000000
36.5452385	77.5452347	-1.8792318	0.0233445
38.3380966	77.5452347	0.0000000	0.0000000
40.1309547	77.5452347	0.0000000	0.0000000
41.9238091	77.5452347	-0.6886626	0.8287296
43.7166672	77.5452347	-0.6186291	0.6303014
45.5095253	77.5452347	-0.8170573	0.3034784
47.3023796	77.5452347	-1.6107701	0.0583612
49.0952377	77.5452347	0.0000000	0.0000000
50.8880959	77.5452347	0.0000000	0.0000000
52.6809540	77.5452347	-0.5485956	2.6612723
54.4738083	77.5452347	-0.2217727	1.6224424
56.2666664	77.5452347	-0.1050502	1.4123420
58.0595245	77.5452347	-0.3735119	2.9414063
59.8523788	77.5452347	-0.1750837	3.2448847
61.6452408	77.5452347	0.0000000	0.0000000
63.4380951	77.5452347	-1.3889974	0.3034784
65.2309494	77.5452347	-0.0350167	1.2956195
67.0238113	77.5452347	0.0000000	0.0000000
68.8166656	77.5452347	0.0000000	0.0000000
70.6095276	77.5452347	0.0000000	0.0000000
-1.1047620	79.3380966	0.0000000	0.0000000
0.6880952	79.3380966	0.0000000	0.0000000
2.4809523	79.3380966	0.0000000	0.0000000
4.2738094	79.3380966	0.0000000	0.0000000
6.0666666	79.3380966	0.0000000	0.0000000
7.8595233	79.3380966	-1.2139137	-0.0116722
9.6523809	79.3380966	0.0000000	0.0000000
11.4452381	79.3380966	-0.7120071	-1.1788970
13.2380953	79.3380966	-0.8053851	-1.4123420
15.0309525	79.3380966	-0.7937128	-0.9221075
16.8238087	79.3380966	-1.1438802	-0.4202009
18.6166668	79.3380966	-1.0971912	0.0000000
20.4095249	79.3380966	-0.7003348	-0.0233445
22.2023811	79.3380966	0.0000000	0.0000000
23.9952374	79.3380966	-0.8170573	0.0116722
25.7880955	79.3380966	-0.8754185	-0.2567894
27.5809517	79.3380966	-0.4785621	-0.0116722
29.3738098	79.3380966	0.0000000	0.0000000
31.1666679	79.3380966	0.0000000	0.0000000
32.9595261	79.3380966	0.0000000	0.0000000
34.7523804	79.3380966	0.0000000	0.0000000
36.5452385	79.3380966	-0.9804688	0.0350167
38.3380966	79.3380966	-1.2489305	-0.0116722
40.1309547	79.3380966	-0.8053851	0.0116722
41.9238091	79.3380966	-0.5952846	0.2801339
43.7166672	79.3380966	-0.6069568	0.6886626
45.5095253	79.3380966	-0.6886626	0.4318731
47.3023796	79.3380966	-1.4006697	1.3773252
49.0952377	79.3380966	0.0000000	0.0000000
50.8880959	79.3380966	-0.6303014	0.3151507
52.6809540	79.3380966	-0.3851842	1.3773252
54.4738083	79.3380966	-1.4940476	0.0933780
56.2666664	79.3380966	0.0000000	0.0000000
58.0595245	79.3380966	1.1205357	0.1283947
59.8523788	79.3380966	0.0000000	0.0000000
61.6452408	79.3380966	0.0000000	0.0000000
63.4380951	79.3380966	-1.1555525	3.1981957
65.2309494	79.3380966	0.0000000	0.0000000
67.0238113	79.3380966	-0.1050502	1.4707031
68.8166656	79.3380966	0.0000000	0.0000000
70.6095276	79.3380966	0.0000000	0.0000000
-1.1047620	81.1309509	0.0000000	0.0000000
0.6880952	81.1309509	0.0000000	0.0000000
2.4809523	81.1309509	0.0000000	0.0000000
4.2738094	81.1309509	0.0000000	0.0000000
6.0666666	81.1309509	-0.3851842	1.5290644
7.8595233	81.1309509	-1.3539807	0.3968564
9.6523809	81.1309509	-0.8987631	0.0233445
11.4452381	81.1309509	-0.5602679	-0.9571243
13.2380953	81.1309509	-0.7470238	-1.3773252
15.0309525	81.1309509	-0.6069568	-0.7586961
16.8238087	81.1309509	-0.6769903	-0.4435454
18.6166668	81.1309509	-0.8053851	0.0933780
20.4095249	81.1309509	-1.0038133	0.0466890
22.2023811	81.1309509	-1.5407367	1.4006697
23.9952374	81.1309509	0.0000000	0.0000000
25.7880955	81.1309509	-0.6536459	-1.2956195
27.5809517	81.1309509	0.0000000	0.0000000
29.3738098	81.1309509	0.0000000	0.0000000
31.1666679	81.1309509	0.0000000	0.0000000
32.9595261	81.1309509	0.0000000	0.0000000
34.7523804	81.1309509	0.0000000	0.0000000
36.5452385	81.1309509	-0.9337798	0.0116722
38.3380966	81.1309509	-0.9687965	0.1283947
40.1309547	81.1309509	-0.2684617	4.5288320
41.9238091	81.1309509	-0.4668899	-0.0466890
43.7166672	81.1309509	-0.6536459	1.1322080
45.5095253	81.1309509	0.0000000	0.0000000
47.3023796	81.1309509	-0.2451172	0.0583612
49.0952377	81.1309509	-0.2334449	0.1050502
50.8880959	81.1309509	-0.0233445	0.1750837
52.6809540	81.1309509	0.2918062	1.5524089
54.4738083	81.1309509	-0.5485956	1.5290644
56.2666664	81.1309509	-0.7236793	1.6457869
58.0595245	81.1309509	-0.6186291	2.8597007
59.8523788	81.1309509	-0.4552176	2.9414063
61.6452408	81.1309509	0.0000000	0.0000000
63.4380951	81.1309509	0.0000000	0.0000000
65.2309494	81.1309509	0.0350167	0.1867560
67.0238113	81.1309509	-0.0350167	1.0621744
68.8166656	81.1309509	0.0000000	0.0000000
70.6095276	81.1309509	0.0000000	0.0000000
-1.1047620	82.9238052	0.0000000	0.0000000
0.6880952	82.9238052	0.0000000	0.0000000
2.4809523	82.9238052	0.0000000	0.0000000
4.2738094	82.9238052	0.0466890	1.4356863
6.0666666	82.9238052	-0.4318731	1.6224424
7.8595233	82.9238052	-3.7001023	-3.1748512
9.6523809	82.9238052	-0.4435454	1.4240142
11.4452381	82.9238052	-0.5019066	-0.9687965
13.2380953	82.9238052	-0.7470238	-1.3072917
15.0309525	82.9238052	-1.0154855	-1.3656529
16.8238087	82.9238052	-0.8520740	-0.0350167
18.6166668	82.9238052	-1.0971912	0.0233445
20.4095249	82.9238052	-1.2722750	0.1167225
22.2023811	82.9238052	-1.4240142	1.1555525
23.9952374	82.9238052	0.0000000	0.0000000
25.7880955	82.9238052	0.0000000	0.0000000
27.5809517	82.9238052	0.0000000	0.0000000
29.3738098	82.9238052	0.0000000	0.0000000
31.1666679	82.9238052	0.0000000	0.0000000
32.9595261	82.9238052	-1.4356863	0.0000000
34.7523804	82.9238052	0.0000000	0.0000000
36.5452385	82.9238052	0.0000000	0.0000000
38.3380966	82.9238052	-0.7703683	0.0583612
40.1309547	82.9238052	0.0000000	0.0000000
41.9238091	82.9238052	-0.2334449	0.0466890
43.7166672	82.9238052	-0.1050502	0.6419736
45.5095253	82.9238052	-0.1050502	1.0738467
47.3023796	82.9238052	-0.0233445	0.2334449
49.0952377	82.9238052	-0.0466890	0.6886626
50.8880959	82.9238052	0.1634115	0.8637463
52.6809540	82.9238052	0.0817057	1.7041481
54.4738083	82.9238052	-0.0700335	1.5173922
56.2666664	82.9238052	0.0000000	0.0000000
58.0595245	82.9238052	1.7625093	0.1400670
59.8523788	82.9238052	-0.2217727	2.9414063
61.6452408	82.9238052	0.0000000	0.0000000
63.4380951	82.9238052	0.0000000	0.0000000
65.2309494	82.9238052	0.0350167	0.2334449
67.0238113	82.9238052	0.0000000	0.0000000
68.8166656	82.9238052	0.0000000	0.0000000
70.6095276	82.9238052	0.0000000	0.0000000
-1.1047620	84.7166595	0.0000000	0.0000000
0.6880952	84.7166595	0.0000000	0.0000000
2.4809523	84.7166595	0.0000000	0.0000000
4.2738094	84.7166595	-0.3384952	1.4123420
6.0666666	84.7166595	-0.0583612	2.7196336
7.8595233	84.7166595	0.0000000	0.0000000
9.6523809	84.7166595	-0.4552176	-0.0350167
11.4452381	84.7166595	-0.3851842	-0.8404018
13.2380953	84.7166595	-0.8637463	-0.7586961
15.0309525	84.7166595	-0.8637463	-1.1672248
16.8238087	84.7166595	-1.2139137	0.0466890
18.6166668	84.7166595	-1.2489305	-0.0233445
20.4095249	84.7166595	-0.9804688	-0.0933780
22.2023811	84.7166595	-0.2567894	-0.0583612
23.9952374	84.7166595	0.0000000	0.0000000
25.7880955	84.7166595	0.0933780	-1.3889974
27.5809517	84.7166595	0.2801339	-1.1322080
29.3738098	84.7166595	0.0700335	-0.0583612
31.1666679	84.7166595	0.0000000	0.0000000
32.9595261	84.7166595	-1.4940476	0.0350167
34.7523804	84.7166595	-0.9571243	0.0000000
36.5452385	84.7166595	0.0000000	0.0000000
38.3380966	84.7166595	-1.2022414	0.0700335
40.1309547	84.7166595	-0.8870908	0.0583612
41.9238091	84.7166595	-0.4085287	0.1400670
43.7166672	84.7166595	-0.3851842	1.3072917
45.5095253	84.7166595	0.0000000	0.0000000
47.3023796	84.7166595	-0.2334449	0.8754185
49.0952377	84.7166595	0.0000000	0.0000000
50.8880959	84.7166595	0.0000000	0.0000000
52.6809540	84.7166595	0.0000000	0.0000000
54.4738083	84.7166595	0.0817057	1.5874256
56.2666664	84.7166595	-0.3968564	3.1398344
58.0595245	84.7166595	-0.7236793	3.0231121
59.8523788	84.7166595	-0.0817057	2.9764230
61.6452408	84.7166595	0.8520740	2.7429781
63.4380951	84.7166595	-0.3151507	0.8754185
65.2309494	84.7166595	-0.0583612	1.0154855
67.0238113	84.7166595	0.0000000	0.0000000
68.8166656	84.7166595	0.0000000	0.0000000
70.6095276	84.7166595	0.0000000	0.0000000
-1.1047620	86.5095291	0.0000000	0.0000000
0.6880952	86.5095291	0.0000000	0.0000000
2.4809523	86.5095291	0.0000000	0.0000000
4.2738094	86.5095291	0.0000000	0.0000000
6.0666666	86.5095291	-0.3034784	2.8597007
7.8595233	86.5095291	-0.1167225	0.0116722
9.6523809	86.5095291	-0.5019066	0.0233445
11.4452381	86.5095291	-0.1167225	-0.9454520
13.2380953	86.5095291	-0.8287296	-0.9687965
15.0309525	86.5095291	-0.9804688	-0.6186291
16.8238087	86.5095291	-0.8637463	-0.3851842
18.6166668	86.5095291	-0.7236793	-0.1167225
20.4095249	86.5095291	0.0000000	0.0000000
22.2023811	86.5095291	0.0000000	0.0000000
23.9952374	86.5095291	0.0000000	0.0000000
25.7880955	86.5095291	0.0000000	0.0000000
27.5809517	86.5095291	-0.3384952	-0.0933780
29.3738098	86.5095291	0.0350167	0.0000000
31.1666679	86.5095291	0.0000000	0.0000000
32.9595261	86.5095291	0.0000000	0.0000000
34.7523804	86.5095291	0.0000000	0.0000000
36.5452385	86.5095291	-0.4785621	0.0000000
38.3380966	86.5095291	-1.2139137	0.0116722
40.1309547	86.5095291	0.0000000	0.0000000
41.9238091	86.5095291	0.0000000	0.0000000
43.7166672	86.5095291	-0.2801339	1.3656529
45.5095253	86.5095291	0.0233445	1.3072917
47.3023796	86.5095291	0.0000000	0.0000000
49.0952377	86.5095291	-1.0038133	0.0233445
50.8880959	86.5095291	0.0000000	0.0000000
52.6809540	86.5095291	0.0000000	0.0000000
54.4738083	86.5095291	-0.1634115	2.6379278
56.2666664	86.5095291	0.0000000	0.0000000
58.0595245	86.5095291	-0.2451172	2.9297340
59.8523788	86.5095291	-0.4202009	4.2953868
61.6452408	86.5095291	-0.1984282	4.2020092
63.4380951	86.5095291	-0.0350167	4.1436477
65.2309494	86.5095291	0.3618397	4.2720423
67.0238113	86.5095291	0.0000000	0.0000000
68.8166656	86.5095291	0.0116722	0.7120071
70.6095276	86.5095291	0.0000000	0.0000000
-1.1047620	88.3023834	0.0000000	0.0000000
0.6880952	88.3023834	0.0000000	0.0000000
2.4809523	88.3023834	0.0000000	0.0000000
4.2738094	88.3023834	-0.0116722	1.4123420
6.0666666	88.3023834	0.0350167	1.4473586
7.8595233	88.3023834	-0.1167225	0.0933780
9.6523809	88.3023834	-0.2101004	0.2101004
11.4452381	88.3023834	-0.1517392	-0.5369233
13.2380953	88.3023834	-0.8987631	-0.5485956
15.0309525	88.3023834	-0.8287296	-0.4202009
16.8238087	88.3023834	-0.8520740	-0.3384952
18.6166668	88.3023834	-0.5719401	-0.1984282
20.4095249	88.3023834	-0.2217727	-0.1400670
22.2023811	88.3023834	-0.1517392	-0.0466890
23.9952374	88.3023834	0.0000000	0.0000000
25.7880955	88.3023834	0.0000000	0.0000000
27.5809517	88.3023834	-0.6769903	0.0466890
29.3738098	88.3023834	0.0000000	0.0000000
31.1666679	88.3023834	0.0000000	0.0000000
32.9595261	88.3023834	-1.6224424	0.0466890
34.7523804	88.3023834	0.0000000	0.0000000
36.5452385	88.3023834	0.0000000	0.0000000
38.3380966	88.3023834	-0.9921410	0.0233445
40.1309547	88.3023834	-0.8404018	0.0350167
41.9238091	88.3023834	-0.8287296	0.0233445
43.7166672	88.3023834	0.0000000	0.0000000
45.5095253	88.3023834	-0.0933780	1.1088635
47.3023796	88.3023834	-0.1750837	1.9726098
49.0952377	88.3023834	-1.6808035	0.9571243
50.8880959	88.3023834	-0.2217727	0.1167225
52.6809540	88.3023834	-0.1750837	-0.0466890
54.4738083	88.3023834	0.2684617	2.7779949
56.2666664	88.3023834	0.0000000	0.0000000
58.0595245	88.3023834	-1.0388300	2.4044828
59.8523788	88.3023834	-0.2567894	4.3887649
61.6452408	88.3023834	-0.0233445	4.4938149
63.4380951	88.3023834	-0.7003348	4.5171595
65.2309494	88.3023834	-0.3501674	1.2606027
67.0238113	88.3023834	-0.0583612	0.9221075
68.8166656	88.3023834	0.0000000	0.0000000
70.6095276	88.3023834	0.0000000	0.0000000
-1.1047620	90.0952377	0.0000000	0.0000000
0.6880952	90.0952377	1.8675596	0.0000000
2.4809523	90.0952377	0.0000000	0.0000000
4.2738094	90.0952377	-0.0116722	0.3735119
6.0666666	90.0952377	-0.1283947	-0.1517392
7.8595233	90.0952377	-0.6419736	0.1984282
9.6523809	90.0952377	0.0000000	0.0000000
11.4452381	90.0952377	-0.8404018	-0.3501674
13.2380953	90.0952377	-0.9104353	-0.7003348
15.0309525	90.0952377	-0.8520740	-0.6886626
16.8238087	90.0952377	-0.8170573	-0.5952846
18.6166668	90.0952377	-0.6069568	-0.2217727
20.4095249	90.0952377	-0.3501674	0.0000000
22.2023811	90.0952377	-0.0700335	0.1517392
23.9952374	90.0952377	-0.0583612	0.1283947
25.7880955	90.0952377	0.0000000	0.0000000
27.5809517	90.0952377	-0.7236793	1.4240142
29.3738098	90.0952377	-1.0855190	1.5407367
31.1666679	90.0952377	-0.8170573	1.6341146
32.9595261	90.0952377	0.0000000	0.0000000
34.7523804	90.0952377	0.0000000	0.0000000
36.5452385	90.0952377	0.0000000	0.0000000
38.3380966	90.0952377	-0.6536459	0.0700335
40.1309547	90.0952377	-0.3268229	-0.1050502
41.9238091	90.0952377	-0.6186291	0.0817057
43.7166672	90.0952377	0.0000000	0.0000000
45.5095253	90.0952377	-0.0933780	1.4473586
47.3023796	90.0952377	0.0000000	0.0000000
49.0952377	90.0952377	-2.3577940	0.2801339
50.8880959	90.0952377	0.0000000	0.0000000
52.6809540	90.0952377	-0.3501674	0.2567894
54.4738083	90.0952377	0.0000000	0.0000000
56.2666664	90.0952377	0.0000000	0.0000000
58.0595245	90.0952377	0.0000000	0.0000000
59.8523788	90.0952377	-3.6884301	0.0933780
61.6452408	90.0952377	0.0000000	0.0000000
63.4380951	90.0952377	-0.2567894	4.4587984
65.2309494	90.0952377	-1.2489305	0.8404018
67.0238113	90.0952377	0.2684617	1.0971912
68.8166656	90.0952377	0.0000000	0.0000000
70.6095276	90.0952377	0.0000000	0.0000000
-1.1047620	91.8880920	0.0000000	0.0000000
0.6880952	91.8880920	0.0000000	0.0000000
2.4809523	91.8880920	0.0000000	0.0000000
4.2738094	91.8880920	-0.4202009	0.9921410
6.0666666	91.8880920	-0.4318731	0.1634115
7.8595233	91.8880920	-0.7470238	0.1867560
9.6523809	91.8880920	-0.1517392	0.2101004
11.4452381	91.8880920	-1.1672248	-0.1050502
13.2380953	91.8880920	-1.0271578	-0.4318731
15.0309525	91.8880920	-0.8754185	-0.4668899
16.8238087	91.8880920	-0.9454520	-0.2101004
18.6166668	91.8880920	-0.7703683	-0.1867560
20.4095249	91.8880920	-0.4902344	0.0233445
22.2023811	91.8880920	-0.3151507	0.0583612
23.9952374	91.8880920	-0.6886626	0.0233445
25.7880955	91.8880920	0.0000000	0.0000000
27.5809517	91.8880920	0.0000000	0.0000000
29.3738098	91.8880920	-1.9492652	-1.4473586
31.1666679	91.8880920	-2.0192988	-1.4240142
32.9595261	91.8880920	0.0000000	0.0000000
34.7523804	91.8880920	-0.8987631	0.0466890
36.5452385	91.8880920	0.0000000	0.0000000
38.3380966	91.8880920	-0.5602679	-0.0116722
40.1309547	91.8880920	-0.1517392	-0.0817057
41.9238091	91.8880920	-0.8520740	0.0583612
43.7166672	91.8880920	0.0000000	0.0000000
45.5095253	91.8880920	0.0000000	0.0000000
47.3023796	91.8880920	-0.1283947	1.3072917
49.0952377	91.8880920	-0.9104353	-0.2334449
50.8880959	91.8880920	-1.3773252	1.1905692
52.6809540	91.8880920	-1.2022414	-0.0233445
54.4738083	91.8880920	-0.6769903	0.0817057
56.2666664	91.8880920	0.0000000	0.0000000
58.0595245	91.8880920	-0.4435454	1.4590309
59.8523788	91.8880920	-0.9337798	1.7508371
61.6452408	91.8880920	-0.6186291	1.5290644
63.4380951	91.8880920	1.6107701	-0.0350167
65.2309494	91.8880920	0.3384952	0.0000000
67.0238113	91.8880920	0.0000000	0.0000000
68.8166656	91.8880920	0.0000000	0.0000000
70.6095276	91.8880920	-0.6069568	-2.9997675
-1.1047620	93.6809464	0.0000000	0.0000000
0.6880952	93.6809464	0.0000000	0.0000000
2.4809523	93.6809464	0.0000000	0.0000000
4.2738094	93.6809464	-0.1050502	1.3773252
6.0666666	93.6809464	-0.3034784	0.2684617
7.8595233	93.6809464	-0.6186291	0.1050502
9.6523809	93.6809464	-1.0388300	-0.0700335
11.4452381	93.6809464	-0.9221075	-0.0700335
13.2380953	93.6809464	-1.0154855	-0.1283947
15.0309525	93.6809464	-1.0271578	-0.2217727
16.8238087	93.6809464	-1.0154855	-0.0583612
18.6166668	93.6809464	-0.7937128	-0.0233445
20.4095249	93.6809464	-0.7470238	-0.0933780
22.2023811	93.6809464	-0.5602679	0.0233445
23.9952374	93.6809464	-0.2801339	0.0233445
25.7880955	93.6809464	-0.5369233	0.0466890
27.5809517	93.6809464	-0.1517392	0.0233445
29.3738098	93.6809464	0.0000000	0.0000000
31.1666679	93.6809464	0.0000000	0.0000000
32.9595261	93.6809464	-1.3072917	1.4940476
34.7523804	93.6809464	-0.8404018	0.0700335
36.5452385	93.6809464	-0.7937128	0.1283947
38.3380966	93.6809464	0.0000000	0.0000000
40.1309547	93.6809464	-0.1984282	0.3968564
41.9238091	93.6809464	-0.1984282	0.0700335
43.7166672	93.6809464	-0.7120071	1.4473586
45.5095253	93.6809464	0.0000000	0.0000000
47.3023796	93.6809464	-0.0817057	2.9414063
49.0952377	93.6809464	-1.5757533	1.8091983
50.8880959	93.6809464	0.0466890	0.2334449
52.6809540	93.6809464	-0.1050502	0.7003348
54.4738083	93.6809464	-0.0933780	0.2334449
56.2666664	93.6809464	0.4902344	0.1167225
58.0595245	93.6809464	-0.8754185	1.4240142
59.8523788	93.6809464	-0.7937128	1.5874256
61.6452408	93.6809464	-0.2101004	1.2839472
63.4380951	93.6809464	-0.1634115	2.1943824
65.2309494	93.6809464	-0.3384952	2.2060547
67.0238113	93.6809464	0.0000000	0.0000000
68.8166656	93.6809464	0.0000000	0.0000000
70.6095276	93.6809464	0.0000000	0.0000000
-1.1047620	95.4738083	0.0000000	0.0000000
0.6880952	95.4738083	0.0000000	0.0000000
2.4809523	95.4738083	0.0000000	0.0000000
4.2738094	95.4738083	-0.0233445	0.4902344
6.0666666	95.4738083	-0.2451172	0.5369233
7.8595233	95.4738083	-0.5719401	0.2334449
9.6523809	95.4738083	-0.9454520	0.0583612
11.4452381	95.4738083	-1.1438802	-0.0583612
13.2380953	95.4738083	-0.9221075	-0.1634115
15.0309525	95.4738083	-0.6769903	-0.2217727
16.8238087	95.4738083	-0.6769903	-0.1517392
18.6166668	95.4738083	-0.7120071	-0.0700335
20.4095249	95.4738083	-0.7120071	-0.1167225
22.2023811	95.4738083	-0.6419736	-0.0233445
23.9952374	95.4738083	-0.4085287	0.0466890
25.7880955	95.4738083	-0.4085287	0.2684617
27.5809517	95.4738083	-0.2101004	0.2451172
29.3738098	95.4738083	0.1283947	0.0350167
31.1666679	95.4738083	0.2567894	-0.0116722
32.9595261	95.4738083	0.2801339	-0.0350167
34.7523804	95.4738083	0.0000000	0.0000000
36.5452385	95.4738083	-0.9804688	0.2567894
38.3380966	95.4738083	0.0000000	0.0000000
40.1309547	95.4738083	0.0000000	1.2372582
41.9238091	95.4738083	-0.3501674	0.0000000
43.7166672	95.4738083	0.0000000	0.0000000
45.5095253	95.4738083	0.0817057	0.0466890
47.3023796	95.4738083	-0.5602679	1.2139137
49.0952377	95.4738083	0.0000000	0.0000000
50.8880959	95.4738083	-0.5485956	1.5290644
52.6809540	95.4738083	-0.2801339	1.4006697
54.4738083	95.4738083	0.3151507	0.1984282
56.2666664	95.4738083	0.0116722	0.2217727
58.0595245	95.4738083	0.0000000	0.0000000
59.8523788	95.4738083	-0.5836124	1.3889974
61.6452408	95.4738083	-0.5019066	1.5407367
63.4380951	95.4738083	-0.1517392	1.5057199
65.2309494	95.4738083	-0.0233445	1.6457869
67.0238113	95.4738083	-0.0350167	1.4707031
68.8166656	95.4738083	0.0000000	0.0000000
70.6095276	95.4738083	0.0000000	0.0000000
-1.1047620	97.2666702	0.0000000	0.0000000
0.6880952	97.2666702	0.0000000	0.0000000
2.4809523	97.2666702	0.0000000	0.0000000
4.2738094	97.2666702	-0.1750837	0.9687965
6.0666666	97.2666702	-0.1634115	0.4435454
7.8595233	97.2666702	-0.5135789	0.2684617
9.6523809	97.2666702	-0.6769903	0.1283947
11.4452381	97.2666702	-1.1322080	-0.0700335
13.2380953	97.2666702	-0.1750837	1.3889974
15.0309525	97.2666702	-0.5485956	-0.0700335
16.8238087	97.2666702	-0.5602679	-0.0583612
18.6166668	97.2666702	-0.6069568	-0.0583612
20.4095249	97.2666702	-0.7353516	-0.0466890
22.2023811	97.2666702	-0.6653181	-0.0233445
23.9952374	97.2666702	0.0000000	0.0000000
25.7880955	97.2666702	0.0000000	0.0000000
27.5809517	97.2666702	-0.5252512	0.1167225
29.3738098	97.2666702	-0.0817057	0.0466890
31.1666679	97.2666702	0.1984282	0.0350167
32.9595261	97.2666702	0.0000000	0.0000000
34.7523804	97.2666702	-0.9804688	-0.0233445
36.5452385	97.2666702	-1.9842820	0.0700335
38.3380966	97.2666702	0.0000000	0.0000000
40.1309547	97.2666702	0.0000000	0.0000000
41.9238091	97.2666702	-1.8909041	0.1167225
43.7166672	97.2666702	-0.2217727	1.1905692
45.5095253	97.2666702	0.0000000	0.0000000
47.3023796	97.2666702	-0.3034784	1.2606027
49.0952377	97.2666702	-0.9921410	2.0192988
50.8880959	97.2666702	-0.6303014	1.8091983
52.6809540	97.2666702	-0.4902344	1.6341146
54.4738083	97.2666702	0.0000000	0.0000000
56.2666664	97.2666702	0.0000000	0.0000000
58.0595245	97.2666702	-0.0700335	2.1243489
59.8523788	97.2666702	-0.3735119	1.6457869
61.6452408	97.2666702	-0.8170573	2.2527437
63.4380951	97.2666702	-0.1400670	1.2606027
65.2309494	97.2666702	-0.0233445	1.0388300
67.0238113	97.2666702	0.0000000	1.0154855
68.8166656	97.2666702	0.0000000	0.0000000
70.6095276	97.2666702	0.0000000	0.0000000
-1.1047620	99.0595245	0.0000000	0.0000000
0.6880952	99.0595245	0.0000000	0.0000000
2.4809523	99.0595245	0.0000000	0.0000000
4.2738094	99.0595245	0.0583612	1.5990978
6.0666666	99.0595245	0.1050502	0.8870908
7.8595233	99.0595245	-0.0583612	0.7820405
9.6523809	99.0595245	-0.8637463	0.1400670
11.4452381	99.0595245	-0.9687965	-0.1050502
13.2380953	99.0595245	0.0000000	0.0000000
15.0309525	99.0595245	-0.6536459	-0.1283947
16.8238087	99.0595245	-0.2684617	-0.0583612
18.6166668	99.0595245	-0.1517392	-0.0116722
20.4095249	99.0595245	-0.6303014	-0.0116722
22.2023811	99.0595245	-0.6419736	0.0116722
23.9952374	99.0595245	-0.6769903	0.0000000
25.7880955	99.0595245	0.0000000	0.0000000
27.5809517	99.0595245	0.0000000	0.0000000
29.3738098	99.0595245	-0.8520740	1.4940476
31.1666679	99.0595245	0.0000000	0.0000000
32.9595261	99.0595245	0.0000000	0.0000000
34.7523804	99.0595245	0.0000000	0.0000000
36.5452385	99.0595245	0.0000000	0.0000000
38.3380966	99.0595245	0.0000000	0.0000000
40.1309547	99.0595245	-0.8170573	0.2334449
41.9238091	99.0595245	-1.4006697	1.1672248
43.7166672	99.0595245	-1.6691314	1.2956195
45.5095253	99.0595245	-4.9023438	-0.0466890
47.3023796	99.0595245	0.0000000	0.0000000
49.0952377	99.0595245	0.0000000	0.0000000
50.8880959	99.0595245	-0.1283947	0.0817057
52.6809540	99.0595245	-1.5874256	-0.0700335
54.4738083	99.0595245	-0.4785621	1.7625093
56.2666664	99.0595245	0.0000000	0.0000000
58.0595245	99.0595245	-0.2451172	2.1126769
59.8523788	99.0595245	0.0000000	1.6457869
61.6452408	99.0595245	-0.0116722	1.9609375
63.4380951	99.0595245	-0.2451172	1.6341146
65.2309494	99.0595245	0.0116722	0.7586961
67.0238113	99.0595245	0.0000000	0.9104353
68.8166656	99.0595245	0.0000000	0.0000000
70.6095276	99.0595245	0.0000000	0.0000000
-1.1047620	100.8523788	0.0000000	0.0000000
0.6880952	100.8523788	0.0000000	0.0000000
2.4809523	100.8523788	-0.0350167	-1.4240142
4.2738094	100.8523788	0.1517392	1.6457869
6.0666666	100.8523788	0.2334449	0.8987631
7.8595233	100.8523788	0.0350167	0.7937128
9.6523809	100.8523788	-0.0817057	0.3034784
11.4452381	100.8523788	-0.8404018	-0.1517392
13.2380953	100.8523788	-0.6419736	-0.0933780
15.0309525	100.8523788	-0.4668899	-0.0817057
16.8238087	100.8523788	-0.2101004	-0.0350167
18.6166668	100.8523788	-0.6886626	0.0000000
20.4095249	100.8523788	-0.6653181	0.0116722
22.2023811	100.8523788	-0.8637463	0.2684617
23.9952374	100.8523788	-0.6069568	0.0233445
25.7880955	100.8523788	-0.0933780	0.1050502
27.5809517	100.8523788	-0.1400670	-0.1400670
29.3738098	100.8523788	-0.0350167	1.6341146
31.1666679	100.8523788	0.0000000	0.0000000
32.9595261	100.8523788	-1.3423084	1.5874256
34.7523804	100.8523788	-0.8053851	1.4823754
36.5452385	100.8523788	0.0000000	0.0000000
38.3380966	100.8523788	0.0000000	0.0000000
40.1309547	100.8523788	-0.2217727	0.3268229
41.9238091	100.8523788	-1.0971912	1.6107701
43.7166672	100.8523788	0.0000000	0.0000000
45.5095253	100.8523788	0.1167225	-0.0817057
47.3023796	100.8523788	0.0000000	0.0000000
49.0952377	100.8523788	0.0000000	0.0000000
50.8880959	100.8523788	-0.5252512	2.1360211
52.6809540	100.8523788	0.0000000	0.0000000
54.4738083	100.8523788	0.0933780	0.0583612
56.2666664	100.8523788	-0.6769903	2.1827102
58.0595245	100.8523788	-0.4668899	2.2527437
59.8523788	100.8523788	0.0000000	1.9609375
61.6452408	100.8523788	0.0350167	1.7158203
63.4380951	100.8523788	0.1517392	0.8170573
65.2309494	100.8523788	0.0116722	0.6069568
67.0238113	100.8523788	0.0233445	1.0621744
68.8166656	100.8523788	0.0000000	1.0154855
70.6095276	100.8523788	0.0000000	0.0000000
-1.1047620	102.6452332	0.0000000	0.0000000
0.6880952	102.6452332	0.0000000	0.0000000
2.4809523	102.6452332	0.0000000	0.0000000
4.2738094	102.6452332	0.0700335	1.4123420
6.0666666	102.6452332	0.0817057	0.9687965
7.8595233	102.6452332	0.0817057	0.6069568
9.6523809	102.6452332	0.0000000	0.0000000
11.4452381	102.6452332	-0.5019066	-0.0700335
13.2380953	102.6452332	-0.2101004	0.0933780
15.0309525	102.6452332	-0.1283947	0.0000000
16.8238087	102.6452332	-0.2334449	-0.0116722
18.6166668	102.6452332	-0.7236793	0.0000000
20.4095249	102.6452332	-0.7003348	0.0116722
22.2023811	102.6452332	-0.7236793	0.0116722
23.9952374	102.6452332	-0.5135789	-0.0116722
25.7880955	102.6452332	-0.2918062	-0.0116722
27.5809517	102.6452332	-0.0350167	0.1517392
29.3738098	102.6452332	-0.0466890	1.3539807
31.1666679	102.6452332	0.1634115	2.8830450
32.9595261	102.6452332	-0.8520740	1.4590309
34.7523804	102.6452332	0.0000000	0.0000000
36.5452385	102.6452332	-0.3384952	1.4123420
38.3380966	102.6452332	-0.7820405	0.6186291
40.1309547	102.6452332	-0.4552176	1.1322080
41.9238091	102.6452332	-1.5874256	2.3344495
43.7166672	102.6452332	0.2684617	0.0116722
45.5095253	102.6452332	0.0000000	0.0000000
47.3023796	102.6452332	0.1167225	1.0154855
49.0952377	102.6452332	0.2451172	1.3306361
50.8880959	102.6452332	-0.0700335	1.2139137
52.6809540	102.6452332	-0.0817057	1.8442150
54.4738083	102.6452332	-0.1283947	1.8909041
56.2666664	102.6452332	-0.1984282	2.2760882
58.0595245	102.6452332	-0.2217727	2.3811383
59.8523788	102.6452332	-0.0350167	1.9025763
61.6452408	102.6452332	0.0350167	1.7041481
63.4380951	102.6452332	0.1867560	0.9337798
65.2309494	102.6452332	0.1517392	0.5719401
67.0238113	102.6452332	0.1283947	1.1555525
68.8166656	102.6452332	0.0000000	0.0000000
70.6095276	102.6452332	0.0000000	0.0000000
-1.1047620	104.4380951	0.0000000	0.0000000
0.6880952	104.4380951	0.0000000	0.0000000
2.4809523	104.4380951	0.0000000	0.0000000
4.2738094	104.4380951	0.1167225	1.2956195
6.0666666	104.4380951	0.1400670	0.1867560
7.8595233	104.4380951	0.0933780	1.4473586
9.6523809	104.4380951	0.0116722	2.0893323
11.4452381	104.4380951	0.0116722	1.9842820
13.2380953	104.4380951	-0.1517392	0.0466890
15.0309525	104.4380951	-0.1167225	0.1984282
16.8238087	104.4380951	-0.5952846	0.0350167
18.6166668	104.4380951	-0.9104353	0.2334449
20.4095249	104.4380951	-0.5252512	0.0000000
22.2023811	104.4380951	-0.7470238	0.0233445
23.9952374	104.4380951	-0.3851842	-0.0933780
25.7880955	104.4380951	-0.3851842	-0.0700335
27.5809517	104.4380951	-0.1634115	0.1750837
29.3738098	104.4380951	-0.3268229	0.7236793
31.1666679	104.4380951	-0.0233445	2.6846168
32.9595261	104.4380951	-0.2684617	2.7779949
34.7523804	104.4380951	-0.9104353	2.0776601
36.5452385	104.4380951	-0.9104353	1.2139137
38.3380966	104.4380951	-0.4785621	0.1167225
40.1309547	104.4380951	-0.0233445	1.4356863
41.9238091	104.4380951	0.0000000	0.0000000
43.7166672	104.4380951	0.6653181	-0.0116722
45.5095253	104.4380951	0.0000000	0.0000000
47.3023796	104.4380951	0.0000000	0.0000000
49.0952377	104.4380951	-0.0583612	1.3539807
50.8880959	104.4380951	-1.1438802	-0.0233445
52.6809540	104.4380951	0.0466890	1.5757533
54.4738083	104.4380951	0.0000000	1.7508371
56.2666664	104.4380951	-0.0817057	2.1710379
58.0595245	104.4380951	-0.4668899	2.4745164
59.8523788	104.4380951	0.0233445	2.4161551
61.6452408	104.4380951	0.1634115	1.4590309
63.4380951	104.4380951	-0.0583612	0.7703683
65.2309494	104.4380951	0.1050502	0.6069568
67.0238113	104.4380951	0.0466890	1.1788970
68.8166656	104.4380951	0.0000000	0.0000000
70.6095276	104.4380951	0.0000000	0.0000000
-1.1047620	106.2309494	0.0000000	0.0000000
0.6880952	106.2309494	0.0000000	0.0000000
2.4809523	106.2309494	0.0350167	-1.4356863
4.2738094	106.2309494	0.0466890	1.6574591
6.0666666	106.2309494	0.1634115	1.2839472
7.8595233	106.2309494	0.3151507	0.3618397
9.6523809	106.2309494	0.0000000	0.0000000
11.4452381	106.2309494	-0.1283947	0.8170573
13.2380953	106.2309494	-0.1167225	0.2334449
15.0309525	106.2309494	-0.0466890	0.1400670
16.8238087	106.2309494	-0.6536459	0.0116722
18.6166668	106.2309494	-0.9337798	0.2101004
20.4095249	106.2309494	0.0000000	0.0000000
22.2023811	106.2309494	-0.7353516	0.0583612
23.9952374	106.2309494	-0.4085287	-0.0233445
25.7880955	106.2309494	-0.5836124	-0.0350167
27.5809517	106.2309494	-0.1050502	1.2606027
29.3738098	106.2309494	-0.2918062	0.1867560
31.1666679	106.2309494	0.0000000	0.0000000
32.9595261	106.2309494	-0.2451172	2.9414063
34.7523804	106.2309494	0.0000000	0.0000000
36.5452385	106.2309494	0.0000000	0.0000000
38.3380966	106.2309494	0.0000000	0.0000000
40.1309547	106.2309494	0.0700335	1.4006697
41.9238091	106.2309494	0.8287296	0.0233445
43.7166672	106.2309494	-0.2217727	0.2801339
45.5095253	106.2309494	0.0000000	0.0000000
47.3023796	106.2309494	0.1867560	1.3423084
49.0952377	106.2309494	0.1750837	1.3189639
50.8880959	106.2309494	-1.1438802	0.0116722
52.6809540	106.2309494	-0.0350167	1.6808035
54.4738083	106.2309494	-0.0583612	2.2877605
56.2666664	106.2309494	-0.0700335	2.3694661
58.0595245	106.2309494	-0.3851842	2.3694661
59.8523788	106.2309494	0.1167225	2.1126769
61.6452408	106.2309494	0.3384952	1.2139137
63.4380951	106.2309494	0.0350167	0.8053851
65.2309494	106.2309494	0.0700335	0.6536459
67.0238113	106.2309494	-0.0233445	1.0738467
68.8166656	106.2309494	0.0000000	0.0000000
70.6095276	106.2309494	0.0000000	0.0000000
-1.1047620	108.0238037	0.0000000	0.0000000
0.6880952	108.0238037	0.0000000	0.0000000
2.4809523	108.0238037	0.0000000	0.0000000
4.2738094	108.0238037	0.0000000	0.0000000
6.0666666	108.0238037	-0.1634115	1.3072917
7.8595233	108.0238037	-0.1634115	0.1167225
9.6523809	108.0238037	-0.0350167	0.1634115
11.4452381	108.0238037	-0.1984282	0.5252512
13.2380953	108.0238037	-0.0466890	0.2334449
15.0309525	108.0238037	0.0000000	0.0000000
16.8238087	108.0238037	0.0000000	0.0000000
18.6166668	108.0238037	-0.5252512	0.0000000
20.4095249	108.0238037	-0.6419736	0.0233445
22.2023811	108.0238037	-0.8404018	0.0583612
23.9952374	108.0238037	-0.7937128	-0.0350167
25.7880955	108.0238037	-0.9337798	-0.0116722
27.5809517	108.0238037	-0.3151507	1.3189639
29.3738098	108.0238037	-0.3968564	0.9687965
31.1666679	108.0238037	0.0000000	0.0000000
32.9595261	108.0238037	1.2722750	0.0000000
34.7523804	108.0238037	0.0350167	1.5874256
36.5452385	108.0238037	0.2801339	0.0116722
38.3380966	108.0238037	0.0000000	1.4123420
40.1309547	108.0238037	-0.1517392	0.6886626
41.9238091	108.0238037	0.2334449	1.4240142
43.7166672	108.0238037	0.3151507	1.5874256
45.5095253	108.0238037	0.6186291	1.6574591
47.3023796	108.0238037	0.1400670	1.6224424
49.0952377	108.0238037	0.0000000	0.0000000
50.8880959	108.0238037	0.0233445	1.4240142
52.6809540	108.0238037	-0.7003348	0.0700335
54.4738083	108.0238037	-0.0233445	2.4161551
56.2666664	108.0238037	0.0000000	2.2760882
58.0595245	108.0238037	-0.1167225	2.3461218
59.8523788	108.0238037	0.1867560	2.4278274
61.6452408	108.0238037	0.1750837	1.2839472
63.4380951	108.0238037	0.1867560	1.3072917
65.2309494	108.0238037	0.1400670	0.8987631
67.0238113	108.0238037	-0.0350167	1.3072917
68.8166656	108.0238037	0.0350167	0.8987631
70.6095276	108.0238037	0.0000000	0.0000000
-1.1047620	109.8166656	0.0000000	0.0000000
0.6880952	109.8166656	0.0000000	0.0000000
2.4809523	109.8166656	0.0116722	-1.2255859
4.2738094	109.8166656	0.0116722	1.6224424
6.0666666	109.8166656	-0.1167225	1.5407367
7.8595233	109.8166656	-0.1050502	0.8637463
9.6523809	109.8166656	-0.2101004	0.7003348
11.4452381	109.8166656	-0.4085287	0.2684617
13.2380953	109.8166656	-0.3618397	0.1283947
15.0309525	109.8166656	-0.4902344	0.0466890
16.8238087	109.8166656	-0.7003348	0.0817057
18.6166668	109.8166656	0.2217727	0.0116722
20.4095249	109.8166656	0.0000000	0.0000000
22.2023811	109.8166656	-0.7353516	0.0466890
23.9952374	109.8166656	-0.8520740	0.1400670
25.7880955	109.8166656	-0.7703683	0.2334449
27.5809517	109.8166656	-0.5135789	0.2801339
29.3738098	109.8166656	-0.6303014	0.7236793
31.1666679	109.8166656	-0.1400670	1.3189639
32.9595261	109.8166656	-0.1984282	1.5524089
34.7523804	109.8166656	-0.0466890	1.5757533
36.5452385	109.8166656	-0.1984282	1.6924758
38.3380966	109.8166656	-0.0700335	2.1360211
40.1309547	109.8166656	-0.0466890	1.9726098
41.9238091	109.8166656	-0.0933780	1.9259208
43.7166672	109.8166656	-0.0817057	2.2060547
45.5095253	109.8166656	0.0933780	2.2760882
47.3023796	109.8166656	-0.0933780	1.9842820
49.0952377	109.8166656	-0.3501674	2.1827102
50.8880959	109.8166656	-0.0233445	1.3773252
52.6809540	109.8166656	0.0350167	1.0738467
54.4738083	109.8166656	0.1400670	2.0192988
56.2666664	109.8166656	-0.1517392	1.9842820
58.0595245	109.8166656	-0.0817057	2.1010046
59.8523788	109.8166656	-0.1517392	1.7391648
61.6452408	109.8166656	0.2451172	1.4473586
63.4380951	109.8166656	0.3384952	1.3889974
65.2309494	109.8166656	0.1400670	0.9454520
67.0238113	109.8166656	0.1283947	1.2839472
68.8166656	109.8166656	0.0000000	0.0000000
70.6095276	109.8166656	0.0000000	0.0000000
-1.1047620	111.6095276	0.0000000	0.0000000
0.6880952	111.6095276	0.0000000	0.0000000
2.4809523	111.6095276	0.0000000	0.0000000
4.2738094	111.6095276	0.4318731	1.7508371
6.0666666	111.6095276	0.0000000	0.0000000
7.8595233	111.6095276	0.0583612	0.6769903
9.6523809	111.6095276	-0.2217727	0.8287296
11.4452381	111.6095276	-0.6303014	0.2101004
13.2380953	111.6095276	-0.5369233	0.0700335
15.0309525	111.6095276	-0.5135789	0.0466890
16.8238087	111.6095276	-0.5485956	0.1283947
18.6166668	111.6095276	0.1984282	0.0233445
20.4095249	111.6095276	-0.4902344	0.0116722
22.2023811	111.6095276	0.0000000	0.0000000
23.9952374	111.6095276	-0.7353516	0.1867560
25.7880955	111.6095276	-0.7586961	0.2684617
27.5809517	111.6095276	-0.4435454	0.5252512
29.3738098	111.6095276	-0.3735119	0.9571243
31.1666679	111.6095276	-0.4318731	1.2255859
32.9595261	111.6095276	0.0000000	0.0000000
34.7523804	111.6095276	-0.9804688	-0.0116722
36.5452385	111.6095276	0.0000000	0.0000000
38.3380966	111.6095276	-0.2918062	2.1827102
40.1309547	111.6095276	-0.1283947	2.4394996
41.9238091	111.6095276	-0.3968564	2.8947172
43.7166672	111.6095276	-0.4668899	2.9647508
45.5095253	111.6095276	-0.5602679	2.6379278
47.3023796	111.6095276	-0.0817057	2.0776601
49.0952377	111.6095276	-0.0583612	2.1360211
50.8880959	111.6095276	0.0000000	1.9726098
52.6809540	111.6095276	0.1517392	2.0192988
54.4738083	111.6095276	0.1984282	2.0776601
56.2666664	111.6095276	0.0116722	2.3461218
58.0595245	111.6095276	0.1050502	2.6379278
59.8523788	111.6095276	0.1867560	1.7158203
61.6452408	111.6095276	0.1867560	1.5290644
63.4380951	111.6095276	0.0700335	1.3656529
65.2309494	111.6095276	0.2101004	1.2722750
67.0238113	111.6095276	0.0466890	1.5524089
68.8166656	111.6095276	0.0000000	0.0000000
70.6095276	111.6095276	0.0000000	0.0000000
-1.1047620	113.4023819	0.0000000	0.0000000
0.6880952	113.4023819	0.0000000	0.0000000
2.4809523	113.4023819	-0.0233445	1.5524089
4.2738094	113.4023819	0.1050502	1.6691314
6.0666666	113.4023819	0.1634115	1.2139137
7.8595233	113.4023819	-0.1750837	1.0505023
9.6523809	113.4023819	-0.3034784	0.9104353
11.4452381	113.4023819	-0.7120071	0.2101004
13.2380953	113.4023819	-0.1283947	1.3656529
15.0309525	113.4023819	-0.5952846	0.0466890
16.8238087	113.4023819	-0.5602679	0.1634115
18.6166668	113.4023819	-0.6069568	0.3151507
20.4095249	113.4023819	-0.6069568	0.3151507
22.2023811	113.4023819	-0.7703683	0.0466890
23.9952374	113.4023819	-0.8170573	0.5602679
25.7880955	113.4023819	-0.8987631	0.3618397
27.5809517	113.4023819	-0.7120071	1.0855190
29.3738098	113.4023819	-0.1283947	1.1322080
31.1666679	113.4023819	-0.1634115	1.3306361
32.9595261	113.4023819	0.0233445	1.6924758
34.7523804	113.4023819	-0.3735119	0.0350167
36.5452385	113.4023819	-0.2567894	0.1517392
38.3380966	113.4023819	-0.4668899	2.8130116
40.1309547	113.4023819	0.0000000	0.0000000
41.9238091	113.4023819	-0.3618397	2.9880953
43.7166672	113.4023819	-0.3151507	2.9530785
45.5095253	113.4023819	-0.0583612	2.8830450
47.3023796	113.4023819	-0.0583612	2.4861887
49.0952377	113.4023819	0.0000000	0.0000000
50.8880959	113.4023819	-0.1050502	0.3384952
52.6809540	113.4023819	-0.0933780	0.2451172
54.4738083	113.4023819	0.7353516	-0.0233445
56.2666664	113.4023819	1.2489305	0.0116722
58.0595245	113.4023819	1.1438802	0.0000000
59.8523788	113.4023819	0.3384952	2.0659878
61.6452408	113.4023819	0.1634115	2.0426433
63.4380951	113.4023819	-0.0233445	1.4356863
65.2309494	113.4023819	-0.0233445	1.3773252
67.0238113	113.4023819	0.0000000	1.6691314
68.8166656	113.4023819	0.0000000	0.0000000
70.6095276	113.4023819	0.0000000	0.0000000
-1.1047620	115.1952362	0.0000000	0.0000000
0.6880952	115.1952362	0.0000000	0.0000000
2.4809523	115.1952362	0.0000000	0.0000000
4.2738094	115.1952362	0.0000000	1.4707031
6.0666666	115.1952362	-0.1634115	1.0855190
7.8595233	115.1952362	-0.4902344	1.0388300
9.6523809	115.1952362	-0.4668899	0.7937128
11.4452381	115.1952362	-0.7820405	0.1867560
13.2380953	115.1952362	-0.7470238	0.2101004
15.0309525	115.1952362	-0.1167225	0.0350167
16.8238087	115.1952362	0.0000000	0.0000000
18.6166668	115.1952362	0.0000000	0.0000000
20.4095249	115.1952362	0.0000000	0.0000000
22.2023811	115.1952362	0.0000000	0.0000000
23.9952374	115.1952362	-0.8053851	0.1750837
25.7880955	115.1952362	-0.6769903	0.0817057
27.5809517	115.1952362	-0.6536459	-0.0233445
29.3738098	115.1952362	0.0350167	-5.3692336
31.1666679	115.1952362	0.0233445	1.6107701
32.9595261	115.1952362	0.3034784	1.5524089
34.7523804	115.1952362	0.2918062	1.9259208
36.5452385	115.1952362	0.1867560	1.7508371
38.3380966	115.1952362	-0.2684617	1.5757533
40.1309547	115.1952362	-0.4902344	2.5095332
41.9238091	115.1952362	-0.1517392	2.2527437
43.7166672	115.1952362	-0.0700335	3.1048179
45.5095253	115.1952362	-0.0583612	2.9063895
47.3023796	115.1952362	0.0000000	0.0000000
49.0952377	115.1952362	-0.1283947	2.1010046
50.8880959	115.1952362	-0.0233445	2.3694661
52.6809540	115.1952362	0.0000000	0.0000000
54.4738083	115.1952362	0.0000000	0.0000000
56.2666664	115.1952362	0.0000000	0.0000000
58.0595245	115.1952362	0.3268229	2.3577940
59.8523788	115.1952362	0.2101004	2.3928106
61.6452408	115.1952362	0.3968564	1.7391648
63.4380951	115.1952362	-0.1517392	1.4240142
65.2309494	115.1952362	-0.0933780	1.3539807
67.0238113	115.1952362	0.1867560	1.6341146
68.8166656	115.1952362	0.0000000	0.0000000
70.6095276	115.1952362	0.0000000	0.0000000
-1.1047620	116.9880905	0.0000000	0.0000000
0.6880952	116.9880905	0.0000000	0.0000000
2.4809523	116.9880905	0.0000000	0.0000000
4.2738094	116.9880905	-0.1517392	1.7158203
6.0666666	116.9880905	-0.5135789	1.4123420
7.8595233	116.9880905	-0.9571243	0.6536459
9.6523809	116.9880905	-0.9921410	0.3151507
11.4452381	116.9880905	-0.9221075	0.1283947
13.2380953	116.9880905	-0.6769903	0.0817057
15.0309525	116.9880905	-0.6536459	0.0583612
16.8238087	116.9880905	0.0000000	0.0000000
18.6166668	116.9880905	0.0000000	0.0000000
20.4095249	116.9880905	-0.1750837	0.5952846
22.2023811	116.9880905	0.0000000	0.0000000
23.9952374	116.9880905	-0.6186291	0.0466890
25.7880955	116.9880905	-0.7470238	0.1050502
27.5809517	116.9880905	-0.9454520	0.0817057
29.3738098	116.9880905	-0.7120071	1.5524089
31.1666679	116.9880905	0.1283947	1.7158203
32.9595261	116.9880905	0.0000000	0.0000000
34.7523804	116.9880905	0.0466890	1.3539807
36.5452385	116.9880905	0.1050502	1.9025763
38.3380966	116.9880905	0.0116722	2.3928106
40.1309547	116.9880905	-0.2567894	2.7546504
41.9238091	116.9880905	-0.0466890	2.6029112
43.7166672	116.9880905	0.1634115	2.2994328
45.5095253	116.9880905	-0.0350167	2.4394996
47.3023796	116.9880905	0.0000000	2.2177269
49.0952377	116.9880905	0.0466890	2.2644160
50.8880959	116.9880905	0.0000000	2.4628441
52.6809540	116.9880905	0.0000000	0.0000000
54.4738083	116.9880905	0.0583612	2.7546504
56.2666664	116.9880905	0.2801339	2.2994328
58.0595245	116.9880905	0.0583612	1.7858539
59.8523788	116.9880905	0.1050502	1.8675596
61.6452408	116.9880905	0.3151507	1.6691314
63.4380951	116.9880905	0.1050502	1.2489305
65.2309494	116.9880905	-0.2101004	1.1788970
67.0238113	116.9880905	0.0700335	1.1672248
68.8166656	116.9880905	0.0000000	0.0000000
70.6095276	116.9880905	0.0000000	0.0000000
-1.1047620	118.7809448	0.0000000	0.0000000
0.6880952	118.7809448	0.0000000	0.0000000
2.4809523	118.7809448	0.0116722	5.3575616
4.2738094	118.7809448	-0.1517392	2.1243489
6.0666666	118.7809448	-0.3618397	1.6691314
7.8595233	118.7809448	-1.0388300	0.6303014
9.6523809	118.7809448	-1.0738467	0.4902344
11.4452381	118.7809448	-1.0271578	0.0700335
13.2380953	118.7809448	-0.9337798	0.0466890
15.0309525	118.7809448	-0.8520740	0.0233445
16.8238087	118.7809448	0.0000000	0.0000000
18.6166668	118.7809448	0.0000000	0.0000000
20.4095249	118.7809448	-0.1750837	0.6069568
22.2023811	118.7809448	-0.9571243	1.4823754
23.9952374	118.7809448	0.0000000	0.0000000
25.7880955	118.7809448	-0.8637463	0.3151507
27.5809517	118.7809448	-0.9687965	0.5485956
29.3738098	118.7809448	-0.8170573	0.6536459
31.1666679	118.7809448	-0.6536459	0.7586961
32.9595261	118.7809448	-0.4318731	2.5212054
34.7523804	118.7809448	-0.4435454	2.6379278
36.5452385	118.7809448	-0.1283947	1.0154855
38.3380966	118.7809448	-0.4435454	1.4473586
40.1309547	118.7809448	0.0000000	0.0000000
41.9238091	118.7809448	0.0000000	0.0000000
43.7166672	118.7809448	0.0233445	2.8130116
45.5095253	118.7809448	-0.0583612	2.6846168
47.3023796	118.7809448	-0.0583612	2.4161551
49.0952377	118.7809448	-0.1283947	2.4511719
50.8880959	118.7809448	-0.0233445	2.5212054
52.6809540	118.7809448	-0.0233445	2.6379278
54.4738083	118.7809448	0.0000000	0.0000000
56.2666664	118.7809448	0.0000000	0.0000000
58.0595245	118.7809448	0.1283947	2.1360211
59.8523788	118.7809448	0.0000000	0.0000000
61.6452408	118.7809448	0.2684617	-0.2451172
63.4380951	118.7809448	0.0933780	1.4940476
65.2309494	118.7809448	0.0466890	1.6457869
67.0238113	118.7809448	0.0583612	1.4473586
68.8166656	118.7809448	0.0000000	0.0000000
70.6095276	118.7809448	0.0000000	0.0000000
-1.1047620	120.5738144	0.0000000	0.0000000
0.6880952	120.5738144	0.0000000	0.0000000
2.4809523	120.5738144	0.0000000	0.0000000
4.2738094	120.5738144	-0.0350167	1.0505023
6.0666666	120.5738144	-0.1750837	0.8053851
7.8595233	120.5738144	-0.9454520	0.7120071
9.6523809	120.5738144	-1.3773252	0.1634115
11.4452381	120.5738144	-1.1788970	0.0583612
13.2380953	120.5738144	-1.0855190	0.0116722
15.0309525	120.5738144	-0.7120071	-0.0350167
16.8238087	120.5738144	-0.5485956	-0.0350167
18.6166668	120.5738144	-0.1050502	0.7820405
20.4095249	120.5738144	-1.0971912	1.5640811
22.2023811	120.5738144	-0.4435454	1.4823754
23.9952374	120.5738144	0.0000000	0.0000000
25.7880955	120.5738144	0.0000000	0.0000000
27.5809517	120.5738144	-1.0621744	1.1788970
29.3738098	120.5738144	-0.8520740	0.9104353
31.1666679	120.5738144	-0.9104353	0.8754185
32.9595261	120.5738144	-0.7120071	0.7120071
34.7523804	120.5738144	-0.7470238	0.8404018
36.5452385	120.5738144	-0.5369233	0.3384952
38.3380966	120.5738144	-0.5369233	0.2918062
40.1309547	120.5738144	-0.3851842	0.0933780
41.9238091	120.5738144	-0.0116722	3.1164899
43.7166672	120.5738144	-0.0350167	2.9297340
45.5095253	120.5738144	-0.0933780	2.9297340
47.3023796	120.5738144	-0.0350167	2.9530785
49.0952377	120.5738144	-0.2217727	2.6262555
50.8880959	120.5738144	-0.1517392	2.8947172
52.6809540	120.5738144	0.0116722	2.6729445
54.4738083	120.5738144	-0.1984282	2.6145835
56.2666664	120.5738144	-0.1283947	2.1593657
58.0595245	120.5738144	-0.1750837	2.0076265
59.8523788	120.5738144	0.0000000	0.0000000
61.6452408	120.5738144	0.0000000	0.0000000
63.4380951	120.5738144	0.1984282	1.2606027
65.2309494	120.5738144	0.1050502	1.4356863
67.0238113	120.5738144	0.0817057	2.1476934
68.8166656	120.5738144	0.0000000	0.0000000
70.6095276	120.5738144	0.0000000	0.0000000
-1.1047620	122.3666687	0.0000000	0.0000000
0.6880952	122.3666687	0.0000000	0.0000000
2.4809523	122.3666687	0.0000000	0.0000000
4.2738094	122.3666687	-0.0817057	1.9492652
6.0666666	122.3666687	-0.5019066	1.4356863
7.8595233	122.3666687	-0.5836124	1.1788970
9.6523809	122.3666687	-0.9921410	0.0350167
11.4452381	122.3666687	-0.9337798	0.0350167
13.2380953	122.3666687	-0.6069568	0.0116722
15.0309525	122.3666687	-0.5019066	-0.0233445
16.8238087	122.3666687	-0.4435454	-0.0116722
18.6166668	122.3666687	-0.0933780	0.7120071
20.4095249	122.3666687	-1.0971912	1.5640811
22.2023811	122.3666687	0.0000000	0.0000000
23.9952374	122.3666687	0.0000000	0.0000000
25.7880955	122.3666687	-0.8637463	0.8987631
27.5809517	122.3666687	-0.8287296	0.8170573
29.3738098	122.3666687	0.0000000	0.0000000
31.1666679	122.3666687	-0.8287296	0.7820405
32.9595261	122.3666687	-0.7703683	0.8170573
34.7523804	122.3666687	-0.9571243	1.3423084
36.5452385	122.3666687	-0.8053851	1.1322080
38.3380966	122.3666687	0.0000000	0.0000000
40.1309547	122.3666687	0.0000000	0.0000000
41.9238091	122.3666687	0.0466890	0.1634115
43.7166672	122.3666687	-0.0817057	2.9180617
45.5095253	122.3666687	-0.1283947	2.9764230
47.3023796	122.3666687	-0.0700335	2.5912390
49.0952377	122.3666687	-0.2451172	2.8947172
50.8880959	122.3666687	-0.1167225	2.9764230
52.6809540	122.3666687	-0.0933780	2.8830450
54.4738083	122.3666687	-0.1167225	2.6729445
56.2666664	122.3666687	-0.0817057	2.4161551
58.0595245	122.3666687	0.0116722	2.2994328
59.8523788	122.3666687	-0.0583612	2.0426433
61.6452408	122.3666687	0.0233445	1.6457869
63.4380951	122.3666687	0.2101004	2.0076265
65.2309494	122.3666687	0.3034784	1.7041481
67.0238113	122.3666687	0.0933780	1.8909041
68.8166656	122.3666687	0.0000000	0.0000000
70.6095276	122.3666687	0.0000000	0.0000000
-1.1047620	124.1595230	0.0000000	0.0000000
0.6880952	124.1595230	0.0000000	0.0000000
2.4809523	124.1595230	0.0000000	0.0000000
4.2738094	124.1595230	-0.0466890	2.2410715
6.0666666	124.1595230	-0.0817057	1.7391648
7.8595233	124.1595230	-0.4318731	1.5057199
9.6523809	124.1595230	-0.8053851	1.9842820
11.4452381	124.1595230	0.0000000	0.0000000
13.2380953	124.1595230	-0.2801339	0.8870908
15.0309525	124.1595230	0.0000000	0.0000000
16.8238087	124.1595230	-0.0933780	0.2918062
18.6166668	124.1595230	0.2217727	0.0233445
20.4095249	124.1595230	0.0000000	0.0000000
22.2023811	124.1595230	0.0000000	0.0000000
23.9952374	124.1595230	0.0000000	0.0000000
25.7880955	124.1595230	-0.9337798	1.4590309
27.5809517	124.1595230	0.0000000	0.0000000
29.3738098	124.1595230	0.0000000	0.0000000
31.1666679	124.1595230	-0.8170573	0.1517392
32.9595261	124.1595230	-0.7586961	1.2022414
34.7523804	124.1595230	-0.8053851	1.4356863
36.5452385	124.1595230	-0.6186291	1.4123420
38.3380966	124.1595230	-0.5602679	1.2255859
40.1309547	124.1595230	-0.3968564	1.5524089
41.9238091	124.1595230	-0.1867560	1.7158203
43.7166672	124.1595230	-0.1283947	2.4745164
45.5095253	124.1595230	-0.0116722	2.8130116
47.3023796	124.1595230	-0.2451172	2.6729445
49.0952377	124.1595230	-0.1517392	3.0464566
50.8880959	124.1595230	-0.0817057	3.1398344
52.6809540	124.1595230	-0.3268229	3.0347843
54.4738083	124.1595230	-0.0350167	2.5328777
56.2666664	124.1595230	-0.2101004	2.6496000
58.0595245	124.1595230	-0.0817057	2.3227773
59.8523788	124.1595230	-0.2101004	0.1867560
61.6452408	124.1595230	-0.2217727	1.2255859
63.4380951	124.1595230	-0.0817057	2.2060547
65.2309494	124.1595230	0.0000000	0.0000000
67.0238113	124.1595230	-0.0933780	0.7937128
68.8166656	124.1595230	0.0000000	0.0000000
70.6095276	124.1595230	0.0000000	0.0000000
-1.1047620	125.9523773	0.0000000	0.0000000
0.6880952	125.9523773	0.0000000	0.0000000
2.4809523	125.9523773	0.0583612	1.5640811
4.2738094	125.9523773	-0.0350167	1.6574591
6.0666666	125.9523773	-0.1050502	1.5173922
7.8595233	125.9523773	-0.0233445	1.4940476
9.6523809	125.9523773	0.0000000	0.0000000
11.4452381	125.9523773	0.0000000	0.0000000
13.2380953	125.9523773	-0.3034784	0.2334449
15.0309525	125.9523773	-0.0933780	0.9571243
16.8238087	125.9523773	0.0350167	0.6186291
18.6166668	125.9523773	-0.0700335	0.0583612
20.4095249	125.9523773	0.0000000	0.0000000
22.2023811	125.9523773	0.0000000	0.0000000
23.9952374	125.9523773	0.0000000	0.0000000
25.7880955	125.9523773	0.0000000	0.0000000
27.5809517	125.9523773	0.0000000	0.0000000
29.3738098	125.9523773	-0.7586961	1.4590309
31.1666679	125.9523773	-0.5952846	1.4473586
32.9595261	125.9523773	-0.7470238	1.3889974
34.7523804	125.9523773	-0.6419736	0.6886626
36.5452385	125.9523773	0.0000000	0.0000000
38.3380966	125.9523773	-0.6886626	1.2489305
40.1309547	125.9523773	-0.5836124	0.7820405
41.9238091	125.9523773	-0.5252512	1.2372582
43.7166672	125.9523773	-0.4785621	1.5524089
45.5095253	125.9523773	-0.1867560	1.8208705
47.3023796	125.9523773	-0.1167225	2.3694661
49.0952377	125.9523773	-0.2217727	2.8947172
50.8880959	125.9523773	-0.1984282	3.3732793
52.6809540	125.9523773	0.0000000	0.0000000
54.4738083	125.9523773	-0.1050502	1.5640811
56.2666664	125.9523773	0.0000000	0.0000000
58.0595245	125.9523773	-0.2451172	1.4240142
59.8523788	125.9523773	-0.2918062	2.3227773
61.6452408	125.9523773	-0.4785621	2.4161551
63.4380951	125.9523773	-0.3268229	1.8091983
65.2309494	125.9523773	-0.1167225	1.9025763
67.0238113	125.9523773	0.0583612	0.8053851
68.8166656	125.9523773	0.0233445	-0.0817057
70.6095276	125.9523773	0.0466890	-0.0583612
-1.1047620	127.7452393	0.0000000	0.0000000
0.6880952	127.7452393	0.0000000	0.0000000
2.4809523	127.7452393	0.0000000	0.0000000
4.2738094	127.7452393	0.0000000	0.0000000
6.0666666	127.7452393	0.0000000	0.0000000
7.8595233	127.7452393	0.0000000	0.0000000
9.6523809	127.7452393	0.0000000	0.0000000
11.4452381	127.7452393	0.0350167	0.9221075
13.2380953	127.7452393	0.0116722	1.2489305
15.0309525	127.7452393	0.0583612	1.5407367
16.8238087	127.7452393	0.0817057	1.4823754
18.6166668	127.7452393	0.1050502	0.0116722
20.4095249	127.7452393	0.0000000	0.0000000
22.2023811	127.7452393	0.0000000	0.0000000
23.9952374	127.7452393	0.0000000	0.0000000
25.7880955	127.7452393	0.0000000	0.0000000
27.5809517	127.7452393	0.0000000	0.0000000
29.3738098	127.7452393	-0.9454520	1.5057199
31.1666679	127.7452393	-0.7003348	1.4940476
32.9595261	127.7452393	-0.0700335	2.7779949
34.7523804	127.7452393	-1.0505023	2.8130116
36.5452385	127.7452393	-0.6653181	1.5524089
38.3380966	127.7452393	-0.6886626	1.2722750
40.1309547	127.7452393	-0.7586961	1.2722750
41.9238091	127.7452393	-0.5719401	1.2022414
43.7166672	127.7452393	-0.3735119	1.2139137
45.5095253	127.7452393	-0.3618397	1.6691314
47.3023796	127.7452393	0.0000000	0.0000000
49.0952377	127.7452393	0.0350167	1.3423084
50.8880959	127.7452393	0.1634115	0.1984282
52.6809540	127.7452393	-0.7120071	0.2801339
54.4738083	127.7452393	0.1867560	1.6924758
56.2666664	127.7452393	0.3151507	2.4161551
58.0595245	127.7452393	-0.1984282	2.0426433
59.8523788	127.7452393	-0.7937128	1.4240142
61.6452408	127.7452393	-0.1517392	2.1943824
63.4380951	127.7452393	-0.1283947	2.0426433
65.2309494	127.7452393	-0.1050502	1.1555525
67.0238113	127.7452393	0.0817057	1.1205357
68.8166656	127.7452393	-0.0350167	-0.0700335
70.6095276	127.7452393	0.0000000	0.0000000
-1.1047620	129.5380859	0.0000000	0.0000000
0.6880952	129.5380859	1.0738467	0.0000000
2.4809523	129.5380859	0.0000000	0.0000000
4.2738094	129.5380859	-0.0350167	1.7625093
6.0666666	129.5380859	0.0000000	0.0000000
7.8595233	129.5380859	0.0000000	0.0000000
9.6523809	129.5380859	0.0000000	0.0000000
11.4452381	129.5380859	0.1750837	1.1555525
13.2380953	129.5380859	0.1050502	1.4240142
15.0309525	129.5380859	0.2217727	1.7158203
16.8238087	129.5380859	0.5135789	1.4123420
18.6166668	129.5380859	0.0000000	0.0000000
20.4095249	129.5380859	-0.0583612	1.4707031
22.2023811	129.5380859	0.0000000	0.0000000
23.9952374	129.5380859	0.0466890	-1.4940476
25.7880955	129.5380859	0.0000000	0.0000000
27.5809517	129.5380859	0.0000000	0.0000000
29.3738098	129.5380859	0.0000000	0.0000000
31.1666679	129.5380859	-0.0817057	1.5057199
32.9595261	129.5380859	0.0000000	0.0000000
34.7523804	129.5380859	-0.6653181	1.5874256
36.5452385	129.5380859	-0.7353516	1.5407367
38.3380966	129.5380859	-0.4318731	1.3539807
40.1309547	129.5380859	-0.6186291	1.2139137
41.9238091	129.5380859	-0.6186291	1.3423084
43.7166672	129.5380859	-0.2334449	1.2255859
45.5095253	129.5380859	-0.2684617	0.6419736
47.3023796	129.5380859	-0.0700335	1.5990978
49.0952377	129.5380859	0.0350167	1.4707031
50.8880959	129.5380859	0.1167225	1.4123420
52.6809540	129.5380859	0.0233445	1.9142486
54.4738083	129.5380859	-0.0350167	2.0192988
56.2666664	129.5380859	0.2101004	2.4394996
58.0595245	129.5380859	0.0000000	0.0000000
59.8523788	129.5380859	-0.3618397	1.9375930
61.6452408	129.5380859	-0.0817057	1.5874256
63.4380951	129.5380859	0.0817057	2.8363562
65.2309494	129.5380859	0.1634115	2.2410715
67.0238113	129.5380859	0.0000000	0.0000000
68.8166656	129.5380859	0.0000000	0.0000000
70.6095276	129.5380859	0.0000000	0.0000000
-1.1047620	131.3309479	0.0000000	0.0000000
0.6880952	131.3309479	0.0000000	0.0000000
2.4809523	131.3309479	0.0000000	0.0000000
4.2738094	131.3309479	0.0350167	1.7625093
6.0666666	131.3309479	0.0000000	0.0000000
7.8595233	131.3309479	0.0000000	0.0000000
9.6523809	131.3309479	0.2567894	1.4356863
11.4452381	131.3309479	0.5485956	1.4356863
13.2380953	131.3309479	0.4085287	1.4240142
15.0309525	131.3309479	0.0700335	1.2839472
16.8238087	131.3309479	0.4552176	1.4240142
18.6166668	131.3309479	0.1750837	1.2956195
20.4095249	131.3309479	0.0233445	1.4823754
22.2023811	131.3309479	0.0000000	0.0000000
23.9952374	131.3309479	0.0000000	-1.4940476
25.7880955	131.3309479	0.0000000	0.0000000
27.5809517	131.3309479	0.0000000	0.0000000
29.3738098	131.3309479	0.0000000	0.0000000
31.1666679	131.3309479	0.0000000	0.0000000
32.9595261	131.3309479	-1.2255859	2.9997675
34.7523804	131.3309479	0.0000000	0.0000000
36.5452385	131.3309479	-0.7470238	0.1517392
38.3380966	131.3309479	-0.5369233	1.4707031
40.1309547	131.3309479	-0.6186291	1.2956195
41.9238091	131.3309479	-0.4902344	0.7937128
43.7166672	131.3309479	-0.3618397	0.8287296
45.5095253	131.3309479	-0.3735119	0.7820405
47.3023796	131.3309479	-0.2684617	0.9687965
49.0952377	131.3309479	-0.1167225	1.8091983
50.8880959	131.3309479	-0.0116722	0.9687965
52.6809540	131.3309479	0.1283947	2.7196336
54.4738083	131.3309479	-0.1517392	2.2060547
56.2666664	131.3309479	-0.0583612	2.5212054
58.0595245	131.3309479	0.3151507	2.5912390
59.8523788	131.3309479	0.2918062	1.8792318
61.6452408	131.3309479	1.1438802	1.9842820
63.4380951	131.3309479	0.1750837	1.9959543
65.2309494	131.3309479	0.2801339	1.5057199
67.0238113	131.3309479	0.0000000	0.0000000
68.8166656	131.3309479	0.0000000	0.0000000
70.6095276	131.3309479	0.0000000	0.0000000
-1.1047620	133.1238098	0.0000000	0.0000000
0.6880952	133.1238098	0.0000000	0.0000000
2.4809523	133.1238098	0.0000000	0.0000000
4.2738094	133.1238098	0.0466890	2.7429781
6.0666666	133.1238098	0.0000000	0.0000000
7.8595233	133.1238098	0.0700335	1.4940476
9.6523809	133.1238098	0.5252512	1.6574591
11.4452381	133.1238098	0.6303014	1.6107701
13.2380953	133.1238098	0.4085287	1.6224424
15.0309525	133.1238098	0.0233445	1.4823754
16.8238087	133.1238098	0.0116722	0.8637463
18.6166668	133.1238098	-0.0817057	0.5019066
20.4095249	133.1238098	0.0000000	0.0000000
22.2023811	133.1238098	0.0000000	0.0000000
23.9952374	133.1238098	-0.0233445	1.5057199
25.7880955	133.1238098	-0.1400670	1.5407367
27.5809517	133.1238098	0.0000000	0.0000000
29.3738098	133.1238098	1.8675596	0.0000000
31.1666679	133.1238098	0.0000000	0.0000000
32.9595261	133.1238098	0.0000000	0.0000000
34.7523804	133.1238098	0.0000000	0.0000000
36.5452385	133.1238098	-0.6653181	1.4823754
38.3380966	133.1238098	-0.5252512	1.4940476
40.1309547	133.1238098	-0.5135789	1.6224424
41.9238091	133.1238098	0.0000000	0.0000000
43.7166672	133.1238098	-0.3501674	0.7703683
45.5095253	133.1238098	-0.4085287	0.7120071
47.3023796	133.1238098	-0.3618397	0.8053851
49.0952377	133.1238098	-0.3034784	0.9571243
50.8880959	133.1238098	-0.0817057	0.5019066
52.6809540	133.1238098	-0.6186291	0.0350167
54.4738083	133.1238098	-0.0700335	2.7663226
56.2666664	133.1238098	-0.0466890	2.5095332
58.0595245	133.1238098	0.2334449	2.5678945
59.8523788	133.1238098	0.5019066	2.4861887
61.6452408	133.1238098	0.5602679	3.0581288
63.4380951	133.1238098	0.1517392	2.4511719
65.2309494	133.1238098	0.4085287	1.5057199
67.0238113	133.1238098	0.2101004	1.0038133
68.8166656	133.1238098	0.0000000	0.0000000
70.6095276	133.1238098	0.0000000	0.0000000
-1.1047620	134.9166565	0.0000000	0.0000000
0.6880952	134.9166565	0.0000000	0.0000000
2.4809523	134.9166565	0.0466890	1.6924758
4.2738094	134.9166565	0.1984282	2.0076265
6.0666666	134.9166565	0.7353516	0.0233445
7.8595233	134.9166565	0.9921410	1.4473586
9.6523809	134.9166565	0.7120071	2.0659878
11.4452381	134.9166565	0.4435454	1.6808035
13.2380953	134.9166565	-0.2451172	1.4123420
15.0309525	134.9166565	-0.3501674	0.9571243
16.8238087	134.9166565	-0.2217727	0.6069568
18.6166668	134.9166565	-0.2101004	0.0817057
20.4095249	134.9166565	0.0000000	0.0000000
22.2023811	134.9166565	0.0000000	0.0000000
23.9952374	134.9166565	0.0000000	0.0000000
25.7880955	134.9166565	0.0000000	0.0000000
27.5809517	134.9166565	0.0000000	0.0000000
29.3738098	134.9166565	0.0000000	0.0000000
31.1666679	134.9166565	0.0000000	0.0000000
32.9595261	134.9166565	0.0000000	0.0000000
34.7523804	134.9166565	0.0000000	0.0000000
36.5452385	134.9166565	-0.5485956	1.4823754
38.3380966	134.9166565	-0.5485956	1.5640811
40.1309547	134.9166565	-0.6653181	1.5874256
41.9238091	134.9166565	0.0000000	0.0000000
43.7166672	134.9166565	-0.3735119	0.9104353
45.5095253	134.9166565	-0.4085287	0.8053851
47.3023796	134.9166565	-0.5369233	0.9104353
49.0952377	134.9166565	-0.3034784	1.0154855
50.8880959	134.9166565	-0.5135789	0.8987631
52.6809540	134.9166565	-0.2801339	0.0116722
54.4738083	134.9166565	0.0000000	0.0000000
56.2666664	134.9166565	-0.0933780	2.6379278
58.0595245	134.9166565	0.2217727	2.2527437
59.8523788	134.9166565	-0.0700335	1.5640811
61.6452408	134.9166565	0.0000000	0.0000000
63.4380951	134.9166565	0.2918062	1.6341146
65.2309494	134.9166565	0.5369233	1.5057199
67.0238113	134.9166565	0.0233445	1.2606027
68.8166656	134.9166565	0.0000000	0.0000000
70.6095276	134.9166565	0.0000000	0.0000000
-1.1047620	136.7095337	0.0000000	0.0000000
0.6880952	136.7095337	0.0000000	0.0000000
2.4809523	136.7095337	-0.0350167	1.6574591
4.2738094	136.7095337	0.3268229	1.6691314
6.0666666	136.7095337	0.7703683	1.3539807
7.8595233	136.7095337	1.1788970	1.6457869
9.6523809	136.7095337	0.5719401	2.2994328
11.4452381	136.7095337	-0.3034784	1.7274926
13.2380953	136.7095337	-0.5369233	1.5290644
15.0309525	136.7095337	-0.5369233	0.6303014
16.8238087	136.7095337	-0.3384952	0.3268229
18.6166668	136.7095337	-0.4085287	0.0817057
20.4095249	136.7095337	-0.0583612	0.1517392
22.2023811	136.7095337	0.0000000	0.0000000
23.9952374	136.7095337	-0.2101004	1.4823754
25.7880955	136.7095337	-0.5019066	1.1438802
27.5809517	136.7095337	0.0000000	0.0000000
29.3738098	136.7095337	0.0000000	0.0000000
31.1666679	136.7095337	0.0000000	0.0000000
32.9595261	136.7095337	0.0000000	0.0000000
34.7523804	136.7095337	1.0621744	0.0000000
36.5452385	136.7095337	0.0000000	0.0000000
38.3380966	136.7095337	-0.6536459	1.4823754
40.1309547	136.7095337	-0.5602679	1.1905692
41.9238091	136.7095337	-0.2451172	0.9221075
43.7166672	136.7095337	0.0000000	0.0000000
45.5095253	136.7095337	-0.1750837	3.3849516
47.3023796	136.7095337	-0.4785621	3.2215402
49.0952377	136.7095337	-0.5369233	1.2139137
50.8880959	136.7095337	-0.4552176	1.2489305
52.6809540	136.7095337	-0.3151507	1.3072917
54.4738083	136.7095337	0.0233445	2.8130116
56.2666664	136.7095337	0.0817057	2.1126769
58.0595245	136.7095337	0.1867560	2.1710379
59.8523788	136.7095337	0.0000000	1.7158203
61.6452408	136.7095337	1.2139137	0.2217727
63.4380951	136.7095337	0.5252512	1.4823754
65.2309494	136.7095337	0.7937128	1.6341146
67.0238113	136.7095337	0.0817057	1.8325428
68.8166656	136.7095337	0.0000000	0.0000000
70.6095276	136.7095337	0.0000000	0.0000000
-1.1047620	138.5023804	0.0000000	0.0000000
0.6880952	138.5023804	0.0000000	0.0000000
2.4809523	138.5023804	-0.0116722	2.2644160
4.2738094	138.5023804	0.2918062	1.6808035
6.0666666	138.5023804	0.5252512	1.9142486
7.8595233	138.5023804	0.7937128	2.7079613
9.6523809	138.5023804	0.7353516	2.6379278
11.4452381	138.5023804	-0.1400670	2.2644160
13.2380953	138.5023804	0.0116722	2.1360211
15.0309525	138.5023804	-0.2684617	0.8404018
16.8238087	138.5023804	-0.2567894	0.0233445
18.6166668	138.5023804	-0.2918062	0.2684617
20.4095249	138.5023804	-0.2567894	0.6419736
22.2023811	138.5023804	0.0000000	0.0000000
23.9952374	138.5023804	0.0000000	0.0000000
25.7880955	138.5023804	0.0000000	0.0000000
27.5809517	138.5023804	0.0000000	0.0000000
29.3738098	138.5023804	0.0000000	0.0000000
31.1666679	138.5023804	-0.4202009	1.3189639
32.9595261	138.5023804	0.0000000	0.0000000
34.7523804	138.5023804	0.0000000	0.0000000
36.5452385	138.5023804	0.0000000	0.0000000
38.3380966	138.5023804	0.0000000	0.0000000
40.1309547	138.5023804	0.0000000	0.0000000
41.9238091	138.5023804	-0.3151507	1.4823754
43.7166672	138.5023804	-0.4668899	1.3306361
45.5095253	138.5023804	0.0000000	0.0000000
47.3023796	138.5023804	0.0000000	0.0000000
49.0952377	138.5023804	-0.1400670	1.4123420
50.8880959	138.5023804	-0.4202009	1.4240142
52.6809540	138.5023804	-0.1283947	1.4006697
54.4738083	138.5023804	-0.0233445	1.5290644
56.2666664	138.5023804	0.2101004	1.6924758
58.0595245	138.5023804	0.6653181	1.7508371
59.8523788	138.5023804	0.9221075	1.9959543
61.6452408	138.5023804	0.7353516	1.6924758
63.4380951	138.5023804	0.7470238	1.9142486
65.2309494	138.5023804	0.4085287	2.0543156
67.0238113	138.5023804	-0.0350167	2.7313058
68.8166656	138.5023804	0.0000000	0.0000000
70.6095276	138.5023804	0.0000000	0.0000000
