-1.1047620	64.9952393	0.0000000	0.0000000
0.6880952	64.9952393	0.0000000	0.0000000
2.4809523	64.9952393	0.0000000	0.0000000
4.2738094	64.9952393	-0.5369233	-0.2217727
6.0666666	64.9952393	-0.1634115	-1.2022414
7.8595233	64.9952393	-0.3034784	0.1517392
9.6523809	64.9952393	-0.0700335	0.4085287
11.4452381	64.9952393	-0.0700335	0.0466890
13.2380953	64.9952393	-0.6186291	-1.4823754
15.0309525	64.9952393	-1.0621744	-0.1750837
16.8238087	64.9952393	-1.1672248	-0.2801339
18.6166668	64.9952393	-1.6691314	-0.1283947
20.4095249	64.9952393	-1.5290644	-0.1050502
22.2023811	64.9952393	-0.8520740	0.0000000
23.9952374	64.9952393	0.0000000	0.0000000
25.7880955	64.9952393	-0.8754185	0.0350167
27.5809517	64.9952393	-0.8520740	0.0466890
29.3738098	64.9952393	-0.7586961	-0.2567894
31.1666679	64.9952393	0.1750837	1.3656529
32.9595261	64.9952393	0.1984282	1.3656529
34.7523804	64.9952393	-0.6069568	0.0700335
36.5452385	64.9952393	-0.8637463	0.1050502
38.3380966	64.9952393	-0.8987631	0.0933780
40.1309547	64.9952393	-0.4785621	1.3773252
41.9238091	64.9952393	0.0817057	1.2722750
43.7166672	64.9952393	0.1167225	0.1050502
45.5095253	64.9952393	0.5485956	0.8754185
47.3023796	64.9952393	0.7120071	0.9104353
49.0952377	64.9952393	0.5836124	1.2956195
50.8880959	64.9952393	-0.7470238	-2.9414063
52.6809540	64.9952393	1.7858539	-0.0116722
54.4738083	64.9952393	-0.0233445	0.8287296
56.2666664	64.9952393	0.2451172	0.6653181
58.0595245	64.9952393	0.0000000	0.0000000
59.8523788	64.9952393	1.0621744	0.3268229
61.6452408	64.9952393	0.7236793	-0.0933780
63.4380951	64.9952393	0.3735119	0.0583612
65.2309494	64.9952393	0.0583612	0.0350167
67.0238113	64.9952393	0.0000000	0.0000000
68.8166656	64.9952393	0.0000000	0.0000000
70.6095276	64.9952393	0.0000000	0.0000000
-1.1047620	66.7880936	0.0700335	-1.4940476
0.6880952	66.7880936	0.0000000	0.0000000
2.4809523	66.7880936	0.0000000	0.0000000
4.2738094	66.7880936	-0.4902344	-0.5485956
6.0666666	66.7880936	-0.6536459	0.0466890
7.8595233	66.7880936	-0.4902344	0.3618397
9.6523809	66.7880936	-0.1750837	0.5252512
11.4452381	66.7880936	0.0000000	0.0000000
13.2380953	66.7880936	-0.1400670	-1.4823754
15.0309525	66.7880936	-0.6769903	-0.0700335
16.8238087	66.7880936	0.0000000	0.0000000
18.6166668	66.7880936	-2.0076265	-0.0350167
20.4095249	66.7880936	-1.9142486	-0.1167225
22.2023811	66.7880936	-1.1438802	0.0116722
23.9952374	66.7880936	-0.6769903	-0.0116722
25.7880955	66.7880936	-0.5485956	0.0000000
27.5809517	66.7880936	-0.5252512	0.0700335
29.3738098	66.7880936	-0.0233445	0.0116722
31.1666679	66.7880936	-0.4435454	0.0350167
32.9595261	66.7880936	-0.1167225	1.5407367
34.7523804	66.7880936	0.0116722	1.4473586
36.5452385	66.7880936	-0.6886626	0.1050502
38.3380966	66.7880936	-0.0233445	-0.0116722
40.1309547	66.7880936	-0.0116722	0.0233445
41.9238091	66.7880936	0.3268229	0.0116722
43.7166672	66.7880936	0.1517392	0.2217727
45.5095253	66.7880936	0.0116722	0.3268229
47.3023796	66.7880936	0.8987631	0.0583612
49.0952377	66.7880936	1.2606027	0.0466890
50.8880959	66.7880936	0.4668899	0.0350167
52.6809540	66.7880936	1.2956195	0.0350167
54.4738083	66.7880936	0.9571243	0.1167225
56.2666664	66.7880936	0.8287296	0.1750837
58.0595245	66.7880936	1.0855190	0.1283947
59.8523788	66.7880936	1.6341146	-0.1517392
61.6452408	66.7880936	1.6107701	-0.1634115
63.4380951	66.7880936	1.2956195	0.0933780
65.2309494	66.7880936	1.5640811	0.0700335
67.0238113	66.7880936	0.0116722	-1.2956195
68.8166656	66.7880936	0.0000000	0.0000000
70.6095276	66.7880936	0.0000000	0.0000000
-1.1047620	68.5809479	0.0000000	0.0000000
0.6880952	68.5809479	0.0000000	0.0000000
2.4809523	68.5809479	0.0000000	0.0000000
4.2738094	68.5809479	-0.5019066	-0.7937128
6.0666666	68.5809479	-0.2918062	0.0000000
7.8595233	68.5809479	-0.3501674	0.3851842
9.6523809	68.5809479	-0.2101004	0.6069568
11.4452381	68.5809479	0.0000000	0.0000000
13.2380953	68.5809479	0.0000000	0.0000000
15.0309525	68.5809479	-1.4473586	-0.1050502
16.8238087	68.5809479	-1.9842820	-0.1400670
18.6166668	68.5809479	0.0000000	0.0000000
20.4095249	68.5809479	-1.6107701	-1.2255859
22.2023811	68.5809479	-0.8053851	-0.0350167
23.9952374	68.5809479	-0.7120071	0.1400670
25.7880955	68.5809479	0.0233445	-0.0116722
27.5809517	68.5809479	-0.0933780	0.0000000
29.3738098	68.5809479	-0.1400670	-0.1750837
31.1666679	68.5809479	0.0583612	0.3735119
32.9595261	68.5809479	-0.1517392	0.1167225
34.7523804	68.5809479	-0.0233445	1.3423084
36.5452385	68.5809479	-0.0817057	0.1867560
38.3380966	68.5809479	0.1634115	0.0116722
40.1309547	68.5809479	0.2567894	0.1167225
41.9238091	68.5809479	0.2217727	0.0817057
43.7166672	68.5809479	0.0000000	0.0000000
45.5095253	68.5809479	0.0000000	0.0000000
47.3023796	68.5809479	0.0116722	-0.0233445
49.0952377	68.5809479	0.5019066	0.0350167
50.8880959	68.5809479	0.4552176	0.0350167
52.6809540	68.5809479	0.7586961	0.0466890
54.4738083	68.5809479	0.8987631	0.0000000
56.2666664	68.5809479	1.0505023	0.0233445
58.0595245	68.5809479	1.3306361	-0.8053851
59.8523788	68.5809479	0.0000000	0.0000000
61.6452408	68.5809479	1.6341146	0.1517392
63.4380951	68.5809479	1.6924758	0.0933780
65.2309494	68.5809479	0.0000000	0.0000000
67.0238113	68.5809479	-0.0817057	1.1205357
68.8166656	68.5809479	0.0000000	0.0000000
70.6095276	68.5809479	0.0000000	0.0000000
-1.1047620	70.3738098	0.0000000	0.0000000
0.6880952	70.3738098	0.0000000	0.0000000
2.4809523	70.3738098	0.0000000	0.0000000
4.2738094	70.3738098	-0.2567894	-1.4473586
6.0666666	70.3738098	-0.2918062	0.1634115
7.8595233	70.3738098	-0.5485956	0.7003348
9.6523809	70.3738098	-0.4552176	0.2334449
11.4452381	70.3738098	0.0000000	0.0000000
13.2380953	70.3738098	-0.0933780	-1.4590309
15.0309525	70.3738098	0.7353516	-1.4123420
16.8238087	70.3738098	-0.7470238	-0.0116722
18.6166668	70.3738098	0.0000000	0.0000000
20.4095249	70.3738098	0.0000000	0.0000000
22.2023811	70.3738098	-1.0621744	0.0233445
23.9952374	70.3738098	-0.7003348	0.0466890
25.7880955	70.3738098	-0.0350167	0.2567894
27.5809517	70.3738098	0.0000000	0.0000000
29.3738098	70.3738098	-0.7586961	0.1283947
31.1666679	70.3738098	-0.0700335	0.4318731
32.9595261	70.3738098	-0.4785621	0.3501674
34.7523804	70.3738098	-0.1283947	0.9221075
36.5452385	70.3738098	-0.2451172	0.5135789
38.3380966	70.3738098	0.1517392	0.0583612
40.1309547	70.3738098	0.2101004	0.1283947
41.9238091	70.3738098	-0.1517392	-0.1283947
43.7166672	70.3738098	0.0000000	0.0000000
45.5095253	70.3738098	0.0000000	0.0000000
47.3023796	70.3738098	-0.2567894	-0.1400670
49.0952377	70.3738098	0.0583612	0.0466890
50.8880959	70.3738098	0.7003348	1.4240142
52.6809540	70.3738098	0.7703683	0.0116722
54.4738083	70.3738098	0.5485956	0.0233445
56.2666664	70.3738098	1.0621744	-0.0700335
58.0595245	70.3738098	1.5057199	-1.2255859
59.8523788	70.3738098	1.2606027	-0.6886626
61.6452408	70.3738098	0.9571243	-0.1167225
63.4380951	70.3738098	1.3889974	-0.0350167
65.2309494	70.3738098	0.0000000	0.0000000
67.0238113	70.3738098	0.0233445	1.3889974
68.8166656	70.3738098	0.0000000	0.0000000
70.6095276	70.3738098	0.0000000	0.0000000
-1.1047620	72.1666641	0.0000000	0.0000000
0.6880952	72.1666641	0.0000000	0.0000000
2.4809523	72.1666641	0.0000000	0.0000000
4.2738094	72.1666641	0.0000000	0.0000000
6.0666666	72.1666641	-0.4318731	0.0583612
7.8595233	72.1666641	-0.9104353	0.2334449
9.6523809	72.1666641	-0.3268229	-0.2918062
11.4452381	72.1666641	-0.0466890	-0.2684617
13.2380953	72.1666641	0.0350167	-1.4240142
15.0309525	72.1666641	0.3384952	-1.4356863
16.8238087	72.1666641	0.0000000	0.0000000
18.6166668	72.1666641	0.0000000	0.0000000
20.4095249	72.1666641	-0.7703683	-0.1050502
22.2023811	72.1666641	-0.6419736	0.1400670
23.9952374	72.1666641	-0.3851842	0.2918062
25.7880955	72.1666641	0.0000000	0.0000000
27.5809517	72.1666641	-0.3151507	1.4473586
29.3738098	72.1666641	-0.3968564	0.1050502
31.1666679	72.1666641	-0.6536459	0.8287296
32.9595261	72.1666641	-0.6769903	1.2839472
34.7523804	72.1666641	-0.6186291	1.3656529
36.5452385	72.1666641	-0.5135789	0.0817057
38.3380966	72.1666641	-0.5719401	0.0583612
40.1309547	72.1666641	-0.2801339	0.0700335
41.9238091	72.1666641	-0.2684617	-0.0583612
43.7166672	72.1666641	-0.2918062	-0.3034784
45.5095253	72.1666641	-0.1283947	-0.3851842
47.3023796	72.1666641	-0.0583612	-0.5252512
49.0952377	72.1666641	0.0700335	-0.0466890
50.8880959	72.1666641	0.2217727	0.0233445
52.6809540	72.1666641	0.7820405	0.0700335
54.4738083	72.1666641	0.5135789	0.0466890
56.2666664	72.1666641	1.7274926	-0.0466890
58.0595245	72.1666641	0.0000000	0.0000000
59.8523788	72.1666641	0.8637463	0.0116722
61.6452408	72.1666641	0.9104353	-0.3501674
63.4380951	72.1666641	1.6224424	0.1984282
65.2309494	72.1666641	1.4940476	0.3151507
67.0238113	72.1666641	0.0700335	-0.0933780
68.8166656	72.1666641	-0.0116722	-1.4823754
70.6095276	72.1666641	0.0000000	0.0000000
-1.1047620	73.9595184	0.0000000	0.0000000
0.6880952	73.9595184	0.0000000	0.0000000
2.4809523	73.9595184	0.0000000	0.0000000
4.2738094	73.9595184	-0.1050502	-0.0350167
6.0666666	73.9595184	-0.7003348	0.0466890
7.8595233	73.9595184	-0.1167225	-0.1050502
9.6523809	73.9595184	-0.0350167	-0.2334449
11.4452381	73.9595184	0.1050502	-0.2801339
13.2380953	73.9595184	0.0817057	-1.5173922
15.0309525	73.9595184	0.5019066	0.0000000
16.8238087	73.9595184	0.0000000	0.0000000
18.6166668	73.9595184	-0.5952846	-0.0116722
20.4095249	73.9595184	0.0000000	0.0000000
22.2023811	73.9595184	-0.6536459	0.1167225
23.9952374	73.9595184	-0.6186291	0.4552176
25.7880955	73.9595184	-0.6069568	1.3306361
27.5809517	73.9595184	-0.1400670	1.4590309
29.3738098	73.9595184	0.0000000	0.0000000
31.1666679	73.9595184	0.0000000	0.0000000
32.9595261	73.9595184	0.0000000	0.0000000
34.7523804	73.9595184	0.1984282	1.4940476
36.5452385	73.9595184	-0.7703683	0.6886626
38.3380966	73.9595184	-0.5135789	0.0466890
40.1309547	73.9595184	-0.5019066	-0.0350167
41.9238091	73.9595184	-0.3501674	-0.0350167
43.7166672	73.9595184	-0.2801339	0.0700335
45.5095253	73.9595184	0.0000000	0.0000000
47.3023796	73.9595184	-0.7353516	-1.4707031
49.0952377	73.9595184	0.3735119	-0.0116722
50.8880959	73.9595184	0.6303014	0.0233445
52.6809540	73.9595184	0.4085287	0.0233445
54.4738083	73.9595184	0.7003348	-0.0700335
56.2666664	73.9595184	0.9221075	-0.0350167
58.0595245	73.9595184	0.7937128	-1.3072917
59.8523788	73.9595184	0.0000000	0.0000000
61.6452408	73.9595184	0.0350167	0.0583612
63.4380951	73.9595184	0.1634115	0.1167225
65.2309494	73.9595184	0.7236793	0.2801339
67.0238113	73.9595184	-0.0466890	0.4785621
68.8166656	73.9595184	0.0000000	0.0000000
70.6095276	73.9595184	0.0000000	0.0000000
-1.1047620	75.7523804	-0.6303014	-1.4940476
0.6880952	75.7523804	0.0000000	0.0000000
2.4809523	75.7523804	0.0000000	0.0000000
4.2738094	75.7523804	0.0000000	0.0000000
6.0666666	75.7523804	-0.3384952	-0.0350167
7.8595233	75.7523804	-0.0233445	-0.3034784
9.6523809	75.7523804	0.2217727	-0.1867560
11.4452381	75.7523804	0.4435454	-0.2567894
13.2380953	75.7523804	-0.0817057	-0.0700335
15.0309525	75.7523804	0.3735119	-0.0116722
16.8238087	75.7523804	0.5952846	-0.0116722
18.6166668	75.7523804	0.0000000	0.0000000
20.4095249	75.7523804	-1.3423084	0.0116722
22.2023811	75.7523804	-0.7353516	0.1283947
23.9952374	75.7523804	-0.7586961	0.1167225
25.7880955	75.7523804	0.0000000	0.0000000
27.5809517	75.7523804	-0.1867560	1.4590309
29.3738098	75.7523804	0.0000000	0.0000000
31.1666679	75.7523804	-0.4552176	1.4823754
32.9595261	75.7523804	-0.9337798	0.8520740
34.7523804	75.7523804	-0.8520740	1.3306361
36.5452385	75.7523804	-0.6069568	0.4202009
38.3380966	75.7523804	-0.5135789	0.0116722
40.1309547	75.7523804	-0.6886626	-0.0583612
41.9238091	75.7523804	-0.8870908	-0.0350167
43.7166672	75.7523804	-0.9687965	-0.0700335
45.5095253	75.7523804	-0.7353516	-0.5369233
47.3023796	75.7523804	-0.6769903	-1.2606027
49.0952377	75.7523804	0.3618397	-0.7003348
50.8880959	75.7523804	0.4085287	-0.0817057
52.6809540	75.7523804	0.7937128	0.0583612
54.4738083	75.7523804	0.8404018	0.0933780
56.2666664	75.7523804	0.0700335	0.0350167
58.0595245	75.7523804	0.0000000	0.0000000
59.8523788	75.7523804	0.0000000	0.0000000
61.6452408	75.7523804	0.0000000	0.0000000
63.4380951	75.7523804	0.1517392	0.7236793
65.2309494	75.7523804	0.2918062	0.7586961
67.0238113	75.7523804	0.0000000	0.0000000
68.8166656	75.7523804	0.0000000	0.0000000
70.6095276	75.7523804	0.0000000	0.0000000
-1.1047620	77.5452347	0.0000000	0.0000000
0.6880952	77.5452347	0.0000000	0.0000000
2.4809523	77.5452347	0.0000000	0.0000000
4.2738094	77.5452347	0.0000000	0.0000000
6.0666666	77.5452347	0.1984282	0.0000000
7.8595233	77.5452347	0.1984282	-0.0116722
9.6523809	77.5452347	0.2101004	-0.3618397
11.4452381	77.5452347	0.1167225	-0.3384952
13.2380953	77.5452347	-0.0700335	-0.3851842
15.0309525	77.5452347	0.0000000	0.0000000
16.8238087	77.5452347	0.5719401	-0.0116722
18.6166668	77.5452347	-0.5485956	0.0000000
20.4095249	77.5452347	-0.0933780	-0.0116722
22.2023811	77.5452347	-0.8637463	0.1634115
23.9952374	77.5452347	-1.1788970	0.1750837
25.7880955	77.5452347	-0.6069568	0.0933780
27.5809517	77.5452347	-0.4202009	1.4356863
29.3738098	77.5452347	0.0000000	0.0000000
31.1666679	77.5452347	0.0000000	0.0000000
32.9595261	77.5452347	-0.9687965	0.7470238
34.7523804	77.5452347	0.0000000	0.0000000
36.5452385	77.5452347	-0.4435454	0.0583612
38.3380966	77.5452347	-0.1867560	0.0583612
40.1309547	77.5452347	-0.7703683	0.0116722
41.9238091	77.5452347	-0.1867560	0.1750837
43.7166672	77.5452347	-0.7820405	-0.0233445
45.5095253	77.5452347	-0.8170573	-0.7120071
47.3023796	77.5452347	-0.4902344	-1.2839472
49.0952377	77.5452347	-0.6536459	-1.3656529
50.8880959	77.5452347	-0.6419736	-0.5719401
52.6809540	77.5452347	-0.0350167	-0.5369233
54.4738083	77.5452347	0.6886626	0.0933780
56.2666664	77.5452347	0.8170573	0.1634115
58.0595245	77.5452347	1.5757533	0.4435454
59.8523788	77.5452347	0.9921410	0.2918062
61.6452408	77.5452347	0.9687965	-0.0817057
63.4380951	77.5452347	0.0933780	0.8404018
65.2309494	77.5452347	0.3501674	0.8170573
67.0238113	77.5452347	0.0000000	0.0000000
68.8166656	77.5452347	0.0000000	0.0000000
70.6095276	77.5452347	0.0000000	0.0000000
-1.1047620	79.3380966	0.0000000	0.0000000
0.6880952	79.3380966	0.0000000	0.0000000
2.4809523	79.3380966	0.0000000	0.0000000
4.2738094	79.3380966	0.0000000	0.0000000
6.0666666	79.3380966	0.3034784	0.0233445
7.8595233	79.3380966	0.5369233	0.0000000
9.6523809	79.3380966	0.6653181	-0.0817057
11.4452381	79.3380966	0.7703683	-0.1050502
13.2380953	79.3380966	0.6186291	0.0350167
15.0309525	79.3380966	-0.3151507	-1.0621744
16.8238087	79.3380966	-0.0466890	-0.1867560
18.6166668	79.3380966	-0.1283947	0.3384952
20.4095249	79.3380966	-0.6886626	0.0233445
22.2023811	79.3380966	-0.6419736	1.1555525
23.9952374	79.3380966	-0.8637463	0.2101004
25.7880955	79.3380966	-0.5369233	0.6419736
27.5809517	79.3380966	-0.5602679	1.2372582
29.3738098	79.3380966	0.0116722	1.4473586
31.1666679	79.3380966	0.0116722	1.4707031
32.9595261	79.3380966	-0.0933780	1.4590309
34.7523804	79.3380966	-1.2489305	0.1750837
36.5452385	79.3380966	-0.8287296	-0.0350167
38.3380966	79.3380966	-1.0505023	0.0233445
40.1309547	79.3380966	-0.8053851	0.1283947
41.9238091	79.3380966	-0.7586961	0.1517392
43.7166672	79.3380966	-0.6419736	-0.3618397
45.5095253	79.3380966	-0.5719401	-0.8754185
47.3023796	79.3380966	-0.4318731	-1.2489305
49.0952377	79.3380966	-0.7820405	-1.0388300
50.8880959	79.3380966	-0.8754185	-0.7353516
52.6809540	79.3380966	-0.5836124	-0.3851842
54.4738083	79.3380966	-0.7470238	-0.1517392
56.2666664	79.3380966	-0.5602679	-0.3968564
58.0595245	79.3380966	0.5485956	-0.0350167
59.8523788	79.3380966	0.7470238	0.1517392
61.6452408	79.3380966	0.3968564	0.6303014
63.4380951	79.3380966	-0.0817057	0.7353516
65.2309494	79.3380966	0.1400670	0.8170573
67.0238113	79.3380966	0.0000000	0.0000000
68.8166656	79.3380966	0.0000000	0.0000000
70.6095276	79.3380966	0.0000000	0.0000000
-1.1047620	81.1309509	0.0000000	0.0000000
0.6880952	81.1309509	0.0000000	0.0000000
2.4809523	81.1309509	0.0000000	0.0000000
4.2738094	81.1309509	0.0933780	1.4473586
6.0666666	81.1309509	0.5485956	0.0466890
7.8595233	81.1309509	1.3189639	-0.0466890
9.6523809	81.1309509	1.2839472	-0.0700335
11.4452381	81.1309509	1.3423084	-0.0116722
13.2380953	81.1309509	0.9221075	0.0583612
15.0309525	81.1309509	0.6886626	-0.0466890
16.8238087	81.1309509	-0.1167225	-0.1400670
18.6166668	81.1309509	0.1634115	0.6769903
20.4095249	81.1309509	0.0583612	-1.4707031
22.2023811	81.1309509	-0.7353516	0.1050502
23.9952374	81.1309509	-0.4785621	0.0466890
25.7880955	81.1309509	-0.6769903	0.9804688
27.5809517	81.1309509	-0.6653181	1.2606027
29.3738098	81.1309509	0.1984282	1.4240142
31.1666679	81.1309509	0.4435454	1.4823754
32.9595261	81.1309509	-0.0116722	1.5290644
34.7523804	81.1309509	-0.3268229	1.2606027
36.5452385	81.1309509	-0.9804688	0.3034784
38.3380966	81.1309509	-0.6069568	0.1400670
40.1309547	81.1309509	-1.0388300	0.1283947
41.9238091	81.1309509	-1.5990978	2.2177269
43.7166672	81.1309509	-0.6653181	-0.4668899
45.5095253	81.1309509	-1.1788970	-0.8287296
47.3023796	81.1309509	-0.6769903	-0.7820405
49.0952377	81.1309509	-0.6769903	-0.5836124
50.8880959	81.1309509	-0.7470238	-0.9454520
52.6809540	81.1309509	-0.9104353	-0.8287296
54.4738083	81.1309509	-0.7820405	-0.7120071
56.2666664	81.1309509	-0.5952846	-0.7937128
58.0595245	81.1309509	-0.6653181	0.0000000
59.8523788	81.1309509	0.0000000	0.0000000
61.6452408	81.1309509	-0.0116722	0.8987631
63.4380951	81.1309509	-0.3034784	0.3384952
65.2309494	81.1309509	0.0000000	0.0000000
67.0238113	81.1309509	0.0000000	0.0000000
68.8166656	81.1309509	0.0000000	0.0000000
70.6095276	81.1309509	0.0000000	0.0000000
-1.1047620	82.9238052	0.0000000	0.0000000
0.6880952	82.9238052	0.0000000	0.0000000
2.4809523	82.9238052	0.0000000	0.0000000
4.2738094	82.9238052	0.0817057	0.2801339
6.0666666	82.9238052	0.7937128	0.1517392
7.8595233	82.9238052	1.2489305	0.0116722
9.6523809	82.9238052	1.3656529	0.0583612
11.4452381	82.9238052	0.9804688	0.0466890
13.2380953	82.9238052	0.5952846	0.0116722
15.0309525	82.9238052	0.7586961	0.0817057
16.8238087	82.9238052	0.5135789	0.1634115
18.6166668	82.9238052	0.1050502	0.0116722
20.4095249	82.9238052	0.0000000	0.0000000
22.2023811	82.9238052	0.0466890	-0.0466890
23.9952374	82.9238052	-1.2139137	1.2839472
25.7880955	82.9238052	-0.2567894	1.1088635
27.5809517	82.9238052	-0.6303014	1.4823754
29.3738098	82.9238052	0.0000000	0.0000000
31.1666679	82.9238052	-0.4085287	1.4707031
32.9595261	82.9238052	-0.1050502	1.3306361
34.7523804	82.9238052	-0.1634115	1.1672248
36.5452385	82.9238052	-0.6886626	1.2606027
38.3380966	82.9238052	-0.5836124	0.3851842
40.1309547	82.9238052	-1.2956195	0.2918062
41.9238091	82.9238052	-0.6536459	0.1167225
43.7166672	82.9238052	0.0000000	0.0000000
45.5095253	82.9238052	-1.0271578	-0.6186291
47.3023796	82.9238052	-1.0971912	-0.7820405
49.0952377	82.9238052	-0.7470238	-0.7470238
50.8880959	82.9238052	-0.3735119	-0.0583612
52.6809540	82.9238052	-0.7353516	-0.6303014
54.4738083	82.9238052	-1.0621744	-0.7236793
56.2666664	82.9238052	-0.7236793	-0.2334449
58.0595245	82.9238052	-0.8404018	-0.0233445
59.8523788	82.9238052	-0.6536459	0.0350167
61.6452408	82.9238052	-0.6769903	-0.0116722
63.4380951	82.9238052	-0.5019066	0.0700335
65.2309494	82.9238052	0.5135789	0.0700335
67.0238113	82.9238052	0.0116722	0.3501674
68.8166656	82.9238052	0.0000000	0.0000000
70.6095276	82.9238052	0.0000000	0.0000000
-1.1047620	84.7166595	0.0000000	0.0000000
0.6880952	84.7166595	0.0000000	0.0000000
2.4809523	84.7166595	0.0000000	0.0000000
4.2738094	84.7166595	0.1283947	0.1050502
6.0666666	84.7166595	0.1984282	-0.1050502
7.8595233	84.7166595	0.2918062	0.1984282
9.6523809	84.7166595	0.6653181	0.1867560
11.4452381	84.7166595	0.5719401	0.1867560
13.2380953	84.7166595	0.3151507	0.0116722
15.0309525	84.7166595	0.5602679	0.0700335
16.8238087	84.7166595	0.2801339	0.0116722
18.6166668	84.7166595	-0.6303014	-0.0116722
20.4095249	84.7166595	0.0116722	-0.0700335
22.2023811	84.7166595	0.7003348	-1.4123420
23.9952374	84.7166595	-0.1634115	-0.1400670
25.7880955	84.7166595	-0.1167225	0.0933780
27.5809517	84.7166595	0.0233445	1.5990978
29.3738098	84.7166595	-0.4785621	1.3889974
31.1666679	84.7166595	-0.5836124	1.2722750
32.9595261	84.7166595	-0.2451172	1.2722750
34.7523804	84.7166595	-0.1400670	1.2489305
36.5452385	84.7166595	-2.3111050	-1.4473586
38.3380966	84.7166595	-1.0271578	1.3539807
40.1309547	84.7166595	0.0000000	0.0000000
41.9238091	84.7166595	-0.7003348	0.2567894
43.7166672	84.7166595	-0.4435454	0.1167225
45.5095253	84.7166595	-0.5836124	-0.1050502
47.3023796	84.7166595	-0.7120071	-0.6769903
49.0952377	84.7166595	-0.8637463	-0.6069568
50.8880959	84.7166595	-1.3189639	-0.1517392
52.6809540	84.7166595	-1.0971912	-0.1517392
54.4738083	84.7166595	-0.9221075	-0.1050502
56.2666664	84.7166595	-0.6769903	-0.4202009
58.0595245	84.7166595	-0.6186291	-0.1634115
59.8523788	84.7166595	-0.7120071	-0.2217727
61.6452408	84.7166595	-0.6419736	0.2101004
63.4380951	84.7166595	-0.7470238	0.4668899
65.2309494	84.7166595	-0.5252512	0.4785621
67.0238113	84.7166595	0.0000000	0.0000000
68.8166656	84.7166595	0.0000000	0.0000000
70.6095276	84.7166595	0.0000000	0.0000000
-1.1047620	86.5095291	0.0000000	0.0000000
0.6880952	86.5095291	0.0000000	0.0000000
2.4809523	86.5095291	0.0000000	0.0000000
4.2738094	86.5095291	0.2918062	0.1283947
6.0666666	86.5095291	0.3384952	0.1167225
7.8595233	86.5095291	0.0817057	0.1167225
9.6523809	86.5095291	0.5719401	0.1400670
11.4452381	86.5095291	0.2684617	0.0583612
13.2380953	86.5095291	0.1050502	0.0233445
15.0309525	86.5095291	0.5719401	0.0000000
16.8238087	86.5095291	-0.0583612	0.0000000
18.6166668	86.5095291	0.0000000	0.0000000
20.4095249	86.5095291	-0.6186291	-0.2217727
22.2023811	86.5095291	-0.6886626	-0.0817057
23.9952374	86.5095291	-0.6653181	-0.0466890
25.7880955	86.5095291	-0.4902344	0.1167225
27.5809517	86.5095291	0.1283947	1.5524089
29.3738098	86.5095291	-0.4902344	1.6808035
31.1666679	86.5095291	-0.3735119	1.5757533
32.9595261	86.5095291	-1.2489305	1.6224424
34.7523804	86.5095291	-1.4006697	1.4356863
36.5452385	86.5095291	-1.4940476	0.5485956
38.3380966	86.5095291	-1.0038133	0.1167225
40.1309547	86.5095291	-0.4202009	0.5602679
41.9238091	86.5095291	-0.3034784	0.1867560
43.7166672	86.5095291	-0.2801339	0.1984282
45.5095253	86.5095291	-0.2451172	-0.0817057
47.3023796	86.5095291	-0.5135789	-0.1167225
49.0952377	86.5095291	-1.0388300	-0.0817057
50.8880959	86.5095291	-1.4006697	-0.1634115
52.6809540	86.5095291	-1.4473586	-0.4085287
54.4738083	86.5095291	-1.3072917	-0.6303014
56.2666664	86.5095291	-0.6303014	-0.4085287
58.0595245	86.5095291	-0.6886626	-0.1050502
59.8523788	86.5095291	-0.6536459	-0.1634115
61.6452408	86.5095291	-0.8053851	0.1050502
63.4380951	86.5095291	-0.6653181	-0.0233445
65.2309494	86.5095291	-0.6069568	0.1050502
67.0238113	86.5095291	0.0233445	0.9571243
68.8166656	86.5095291	0.0000000	0.0000000
70.6095276	86.5095291	0.0000000	0.0000000
-1.1047620	88.3023834	0.0000000	0.0000000
0.6880952	88.3023834	0.0000000	0.0000000
2.4809523	88.3023834	0.0000000	0.0000000
4.2738094	88.3023834	0.1283947	0.5252512
6.0666666	88.3023834	0.2334449	0.2801339
7.8595233	88.3023834	0.1283947	0.1984282
9.6523809	88.3023834	-0.1867560	-0.0116722
11.4452381	88.3023834	0.0116722	0.0466890
13.2380953	88.3023834	0.5369233	0.0000000
15.0309525	88.3023834	0.4552176	0.0000000
16.8238087	88.3023834	0.1750837	0.0000000
18.6166668	88.3023834	0.1984282	-0.1050502
20.4095249	88.3023834	0.0116722	-0.7820405
22.2023811	88.3023834	-0.8404018	0.0000000
23.9952374	88.3023834	-0.5952846	0.0466890
25.7880955	88.3023834	-0.5369233	0.0700335
27.5809517	88.3023834	-0.3618397	0.0700335
29.3738098	88.3023834	-0.0466890	1.8208705
31.1666679	88.3023834	-0.5252512	2.2177269
32.9595261	88.3023834	0.0000000	0.0000000
34.7523804	88.3023834	-1.3423084	0.2217727
36.5452385	88.3023834	-1.4590309	0.5135789
38.3380966	88.3023834	-0.8637463	0.0700335
40.1309547	88.3023834	0.0000000	0.0000000
41.9238091	88.3023834	-0.7703683	0.3735119
43.7166672	88.3023834	-0.6769903	0.2567894
45.5095253	88.3023834	-0.2918062	-0.0350167
47.3023796	88.3023834	-0.1867560	0.0000000
49.0952377	88.3023834	-1.2255859	-0.0700335
50.8880959	88.3023834	-1.2255859	-0.3034784
52.6809540	88.3023834	-0.8637463	-0.8404018
54.4738083	88.3023834	-0.9921410	-1.1788970
56.2666664	88.3023834	-0.6303014	-0.7236793
58.0595245	88.3023834	-0.5719401	-0.1517392
59.8523788	88.3023834	-0.8520740	-0.5485956
61.6452408	88.3023834	-0.8754185	-0.5602679
63.4380951	88.3023834	-0.4552176	-0.1634115
65.2309494	88.3023834	-0.2334449	0.0000000
67.0238113	88.3023834	0.0000000	0.6303014
68.8166656	88.3023834	0.0000000	0.0000000
70.6095276	88.3023834	0.0000000	0.0000000
-1.1047620	90.0952377	0.0000000	0.0000000
0.6880952	90.0952377	0.0000000	0.0000000
2.4809523	90.0952377	0.0000000	0.0000000
4.2738094	90.0952377	-0.0233445	0.5602679
6.0666666	90.0952377	-0.1283947	0.5252512
7.8595233	90.0952377	0.3618397	0.1750837
9.6523809	90.0952377	-0.1984282	0.0116722
11.4452381	90.0952377	0.2918062	-0.0350167
13.2380953	90.0952377	-0.0817057	0.0116722
15.0309525	90.0952377	-0.7003348	-0.0116722
16.8238087	90.0952377	-0.5485956	-0.0233445
18.6166668	90.0952377	-1.2139137	0.1167225
20.4095249	90.0952377	-1.3539807	0.0583612
22.2023811	90.0952377	-1.1905692	0.0233445
23.9952374	90.0952377	-0.5952846	0.0700335
25.7880955	90.0952377	-0.4435454	0.0000000
27.5809517	90.0952377	-0.1400670	1.3423084
29.3738098	90.0952377	0.0233445	2.2877605
31.1666679	90.0952377	-0.1050502	2.4394996
32.9595261	90.0952377	-0.0583612	2.8597007
34.7523804	90.0952377	-0.0116722	1.4707031
36.5452385	90.0952377	-0.6186291	0.0700335
38.3380966	90.0952377	-1.3539807	0.1634115
40.1309547	90.0952377	-0.8170573	0.9454520
41.9238091	90.0952377	-0.7937128	0.3268229
43.7166672	90.0952377	-0.2334449	0.2801339
45.5095253	90.0952377	-0.1167225	0.0933780
47.3023796	90.0952377	0.0000000	0.0000000
49.0952377	90.0952377	-0.1634115	-1.0855190
50.8880959	90.0952377	-0.8637463	-0.8287296
52.6809540	90.0952377	-0.6536459	-1.2255859
54.4738083	90.0952377	-0.3968564	-0.8637463
56.2666664	90.0952377	-0.5019066	-0.3618397
58.0595245	90.0952377	-0.6419736	-0.5135789
59.8523788	90.0952377	-0.8287296	-0.5135789
61.6452408	90.0952377	-0.4435454	-0.5719401
63.4380951	90.0952377	-0.2918062	-0.0466890
65.2309494	90.0952377	-0.0933780	-0.3618397
67.0238113	90.0952377	0.0000000	0.0000000
68.8166656	90.0952377	0.0000000	0.0000000
70.6095276	90.0952377	0.0000000	0.0000000
-1.1047620	91.8880920	0.0000000	0.0000000
0.6880952	91.8880920	0.0000000	0.0000000
2.4809523	91.8880920	0.0000000	0.0000000
4.2738094	91.8880920	0.0700335	0.3618397
6.0666666	91.8880920	0.4785621	0.3268229
7.8595233	91.8880920	0.7353516	0.1167225
9.6523809	91.8880920	0.6536459	0.0583612
11.4452381	91.8880920	0.5719401	-0.0466890
13.2380953	91.8880920	0.0466890	-0.0466890
15.0309525	91.8880920	-0.2801339	0.0116722
16.8238087	91.8880920	-0.6886626	0.0116722
18.6166668	91.8880920	0.0350167	-0.0933780
20.4095249	91.8880920	-0.7003348	0.3384952
22.2023811	91.8880920	-0.5252512	0.8287296
23.9952374	91.8880920	0.5719401	-1.4707031
25.7880955	91.8880920	-0.8870908	1.3189639
27.5809517	91.8880920	0.0000000	0.0000000
29.3738098	91.8880920	0.2217727	2.0076265
31.1666679	91.8880920	0.0583612	2.1243489
32.9595261	91.8880920	-0.0466890	1.4940476
34.7523804	91.8880920	0.0000000	0.0000000
36.5452385	91.8880920	-0.2684617	1.4240142
38.3380966	91.8880920	-0.5485956	1.4356863
40.1309547	91.8880920	-0.8287296	0.3501674
41.9238091	91.8880920	-0.5836124	0.3501674
43.7166672	91.8880920	-0.5952846	0.5952846
45.5095253	91.8880920	-0.0700335	0.2918062
47.3023796	91.8880920	0.1400670	1.2722750
49.0952377	91.8880920	-0.1400670	-1.3889974
50.8880959	91.8880920	-0.5836124	-0.6419736
52.6809540	91.8880920	-0.8520740	-0.8287296
54.4738083	91.8880920	-0.6769903	-1.1205357
56.2666664	91.8880920	-0.9687965	-1.1672248
58.0595245	91.8880920	-0.7820405	-1.0738467
59.8523788	91.8880920	-0.5485956	-0.5836124
61.6452408	91.8880920	-0.2918062	-0.3851842
63.4380951	91.8880920	-0.0583612	0.1283947
65.2309494	91.8880920	-0.2101004	-0.2567894
67.0238113	91.8880920	0.0000000	0.0000000
68.8166656	91.8880920	0.0000000	0.0000000
70.6095276	91.8880920	-0.1750837	-1.4940476
-1.1047620	93.6809464	0.0000000	0.0000000
0.6880952	93.6809464	0.0000000	0.0000000
2.4809523	93.6809464	0.0000000	0.0000000
4.2738094	93.6809464	0.1634115	0.0700335
6.0666666	93.6809464	0.5019066	0.1750837
7.8595233	93.6809464	0.6536459	0.5602679
9.6523809	93.6809464	0.7470238	0.2334449
11.4452381	93.6809464	0.0000000	0.0000000
13.2380953	93.6809464	-0.0116722	0.0817057
15.0309525	93.6809464	-0.8170573	0.1167225
16.8238087	93.6809464	0.0000000	0.0000000
18.6166668	93.6809464	-0.8287296	0.1984282
20.4095249	93.6809464	-0.8287296	0.8520740
22.2023811	93.6809464	-0.7470238	0.4552176
23.9952374	93.6809464	-0.8987631	1.3889974
25.7880955	93.6809464	-0.3851842	1.2606027
27.5809517	93.6809464	-0.2684617	1.5057199
29.3738098	93.6809464	0.0350167	2.7196336
31.1666679	93.6809464	0.0466890	2.7313058
32.9595261	93.6809464	0.2217727	1.5874256
34.7523804	93.6809464	0.0000000	0.0000000
36.5452385	93.6809464	0.1050502	1.4590309
38.3380966	93.6809464	0.1750837	1.2956195
40.1309547	93.6809464	0.0000000	0.0000000
41.9238091	93.6809464	-0.7703683	0.2684617
43.7166672	93.6809464	-0.6303014	0.7003348
45.5095253	93.6809464	-0.6303014	0.3034784
47.3023796	93.6809464	0.0583612	0.1634115
49.0952377	93.6809464	0.1517392	0.6536459
50.8880959	93.6809464	-0.1750837	-0.3384952
52.6809540	93.6809464	-0.8053851	-0.6069568
54.4738083	93.6809464	-0.3501674	-0.9571243
56.2666664	93.6809464	-1.2489305	-0.6186291
58.0595245	93.6809464	-0.8404018	-0.7820405
59.8523788	93.6809464	-0.6653181	-0.9571243
61.6452408	93.6809464	-0.4202009	-0.7703683
63.4380951	93.6809464	-0.1050502	-0.6303014
65.2309494	93.6809464	-0.3618397	-0.1750837
67.0238113	93.6809464	-0.1283947	-0.5719401
68.8166656	93.6809464	-0.0116722	-1.4940476
70.6095276	93.6809464	0.0000000	0.0000000
-1.1047620	95.4738083	0.0000000	0.0000000
0.6880952	95.4738083	0.0000000	0.0000000
2.4809523	95.4738083	0.0000000	0.0000000
4.2738094	95.4738083	0.0466890	0.3384952
6.0666666	95.4738083	0.2684617	0.5019066
7.8595233	95.4738083	0.3851842	0.2801339
9.6523809	95.4738083	0.2334449	0.0817057
11.4452381	95.4738083	-0.1400670	0.4552176
13.2380953	95.4738083	-0.4202009	0.2451172
15.0309525	95.4738083	-0.7353516	0.1400670
16.8238087	95.4738083	-0.8520740	0.3735119
18.6166668	95.4738083	-0.9687965	0.4785621
20.4095249	95.4738083	-1.1205357	0.8987631
22.2023811	95.4738083	-1.1905692	0.6886626
23.9952374	95.4738083	-0.7003348	1.6107701
25.7880955	95.4738083	-0.4085287	1.3656529
27.5809517	95.4738083	-0.1283947	1.7625093
29.3738098	95.4738083	-0.1984282	2.8363562
31.1666679	95.4738083	0.0350167	2.9530785
32.9595261	95.4738083	0.4902344	2.4861887
34.7523804	95.4738083	0.1400670	2.8713727
36.5452385	95.4738083	0.0933780	1.4940476
38.3380966	95.4738083	0.3268229	1.4240142
40.1309547	95.4738083	0.0000000	1.2956195
41.9238091	95.4738083	0.1517392	1.3889974
43.7166672	95.4738083	-0.5485956	1.2022414
45.5095253	95.4738083	-0.5602679	0.5019066
47.3023796	95.4738083	-0.8170573	-0.1400670
49.0952377	95.4738083	-0.6069568	-0.0583612
50.8880959	95.4738083	-0.1750837	0.0700335
52.6809540	95.4738083	-0.3384952	0.0466890
54.4738083	95.4738083	-0.8520740	-0.5369233
56.2666664	95.4738083	-1.2489305	-0.7703683
58.0595245	95.4738083	-0.7820405	-0.8870908
59.8523788	95.4738083	-0.5836124	-0.8870908
61.6452408	95.4738083	-0.1634115	-0.6653181
63.4380951	95.4738083	-0.1400670	-0.6653181
65.2309494	95.4738083	-0.1050502	-0.0817057
67.0238113	95.4738083	-0.0233445	0.4202009
68.8166656	95.4738083	0.0000000	0.0000000
70.6095276	95.4738083	0.0000000	0.0000000
-1.1047620	97.2666702	0.0000000	0.0000000
0.6880952	97.2666702	0.0000000	0.0000000
2.4809523	97.2666702	0.0000000	0.0000000
4.2738094	97.2666702	-0.0583612	0.2217727
6.0666666	97.2666702	0.0000000	0.1283947
7.8595233	97.2666702	-0.1167225	0.0933780
9.6523809	97.2666702	0.0817057	0.1517392
11.4452381	97.2666702	-0.3851842	1.3539807
13.2380953	97.2666702	-0.1283947	0.4668899
15.0309525	97.2666702	0.0583612	0.4435454
16.8238087	97.2666702	-0.0116722	0.2334449
18.6166668	97.2666702	-0.6653181	1.2956195
20.4095249	97.2666702	0.0000000	0.0000000
22.2023811	97.2666702	-1.0038133	0.1867560
23.9952374	97.2666702	-0.7120071	2.0543156
25.7880955	97.2666702	-0.6303014	2.7663226
27.5809517	97.2666702	-0.9337798	2.2410715
29.3738098	97.2666702	-0.7236793	2.9297340
31.1666679	97.2666702	-0.4085287	3.0347843
32.9595261	97.2666702	-0.0116722	2.8013394
34.7523804	97.2666702	0.1283947	3.0464566
36.5452385	97.2666702	0.1283947	1.5057199
38.3380966	97.2666702	-2.0893323	1.9842820
40.1309547	97.2666702	0.2567894	2.1010046
41.9238091	97.2666702	0.4785621	1.5290644
43.7166672	97.2666702	-0.0466890	1.3656529
45.5095253	97.2666702	-0.3268229	1.3423084
47.3023796	97.2666702	-0.4785621	-0.0583612
49.0952377	97.2666702	0.0233445	0.0817057
50.8880959	97.2666702	-0.7470238	-0.1867560
52.6809540	97.2666702	0.0000000	0.0000000
54.4738083	97.2666702	-0.8520740	-0.4085287
56.2666664	97.2666702	-0.8170573	-0.5836124
58.0595245	97.2666702	-0.7120071	-1.2139137
59.8523788	97.2666702	-0.5252512	-0.8053851
61.6452408	97.2666702	-0.3618397	-0.8170573
63.4380951	97.2666702	-0.5019066	-0.6886626
65.2309494	97.2666702	-0.0583612	-0.0817057
67.0238113	97.2666702	-0.0350167	0.0000000
68.8166656	97.2666702	-0.0116722	-1.4940476
70.6095276	97.2666702	0.0000000	0.0000000
-1.1047620	99.0595245	0.0000000	0.0000000
0.6880952	99.0595245	0.0000000	0.0000000
2.4809523	99.0595245	0.0000000	0.0000000
4.2738094	99.0595245	-0.1984282	0.2567894
6.0666666	99.0595245	-0.2801339	0.2334449
7.8595233	99.0595245	-0.0466890	0.2451172
9.6523809	99.0595245	-0.0700335	0.4202009
11.4452381	99.0595245	-0.0233445	0.7703683
13.2380953	99.0595245	0.0350167	0.7820405
15.0309525	99.0595245	0.0116722	0.8754185
16.8238087	99.0595245	-0.3384952	0.7120071
18.6166668	99.0595245	-1.5407367	0.9221075
20.4095249	99.0595245	-0.7470238	0.6419736
22.2023811	99.0595245	-0.9571243	0.6186291
23.9952374	99.0595245	-0.4902344	0.9804688
25.7880955	99.0595245	-0.6769903	2.7546504
27.5809517	99.0595245	0.0000000	0.0000000
29.3738098	99.0595245	-0.6069568	2.9647508
31.1666679	99.0595245	0.0000000	0.0000000
32.9595261	99.0595245	0.0583612	2.7896671
34.7523804	99.0595245	0.2684617	2.6612723
36.5452385	99.0595245	0.2451172	2.6846168
38.3380966	99.0595245	0.5602679	2.7079613
40.1309547	99.0595245	0.4668899	1.8325428
41.9238091	99.0595245	0.0817057	1.8675596
43.7166672	99.0595245	-0.0350167	1.6341146
45.5095253	99.0595245	-0.7120071	0.3268229
47.3023796	99.0595245	-0.4202009	0.4785621
49.0952377	99.0595245	-0.1283947	-3.0698011
50.8880959	99.0595245	-1.0738467	-0.1050502
52.6809540	99.0595245	-0.7003348	-0.2918062
54.4738083	99.0595245	-0.8754185	-0.2684617
56.2666664	99.0595245	-0.9221075	-0.3618397
58.0595245	99.0595245	-0.4202009	-0.3501674
59.8523788	99.0595245	-0.5952846	-0.8520740
61.6452408	99.0595245	-0.4902344	-0.9687965
63.4380951	99.0595245	-0.2334449	-0.7586961
65.2309494	99.0595245	-0.0116722	-0.0466890
67.0238113	99.0595245	-0.0817057	0.0700335
68.8166656	99.0595245	0.0000000	0.0000000
70.6095276	99.0595245	0.0000000	0.0000000
-1.1047620	100.8523788	0.0000000	0.0000000
0.6880952	100.8523788	0.0000000	0.0000000
2.4809523	100.8523788	0.0000000	0.0000000
4.2738094	100.8523788	0.0000000	0.5252512
6.0666666	100.8523788	-0.1283947	0.5485956
7.8595233	100.8523788	-0.0700335	0.3151507
9.6523809	100.8523788	-0.0350167	0.2918062
11.4452381	100.8523788	0.0116722	0.4202009
13.2380953	100.8523788	0.0466890	0.4902344
15.0309525	100.8523788	-0.8404018	1.2839472
16.8238087	100.8523788	-0.1634115	1.0738467
18.6166668	100.8523788	-1.5524089	0.5135789
20.4095249	100.8523788	0.0000000	0.0000000
22.2023811	100.8523788	-0.7353516	0.8870908
23.9952374	100.8523788	-0.8287296	1.1555525
25.7880955	100.8523788	-0.6303014	0.0700335
27.5809517	100.8523788	0.0700335	0.0466890
29.3738098	100.8523788	-0.1517392	1.3423084
31.1666679	100.8523788	-0.1867560	1.5290644
32.9595261	100.8523788	0.1167225	2.9880953
34.7523804	100.8523788	0.4902344	2.0076265
36.5452385	100.8523788	0.7003348	2.4745164
38.3380966	100.8523788	0.7820405	2.4394996
40.1309547	100.8523788	-0.0233445	2.3344495
41.9238091	100.8523788	-0.1750837	2.1243489
43.7166672	100.8523788	-0.4085287	1.4006697
45.5095253	100.8523788	-0.8170573	1.3773252
47.3023796	100.8523788	0.0000000	0.0000000
49.0952377	100.8523788	0.0000000	0.0000000
50.8880959	100.8523788	-0.9454520	-0.0817057
52.6809540	100.8523788	-1.4356863	-0.4085287
54.4738083	100.8523788	0.0000000	0.0000000
56.2666664	100.8523788	-0.8987631	-0.0817057
58.0595245	100.8523788	-0.3151507	-0.3034784
59.8523788	100.8523788	-0.3851842	-0.8404018
61.6452408	100.8523788	-0.6186291	-0.9104353
63.4380951	100.8523788	-0.2101004	-0.7703683
65.2309494	100.8523788	-0.0817057	-0.3268229
67.0238113	100.8523788	-0.0817057	0.0583612
68.8166656	100.8523788	0.0000000	0.0000000
70.6095276	100.8523788	0.0000000	0.0000000
-1.1047620	102.6452332	0.0000000	0.0000000
0.6880952	102.6452332	0.0000000	0.0000000
2.4809523	102.6452332	0.0000000	0.0000000
4.2738094	102.6452332	0.0466890	0.4085287
6.0666666	102.6452332	0.0350167	0.7820405
7.8595233	102.6452332	0.0350167	0.7470238
9.6523809	102.6452332	0.1050502	0.3268229
11.4452381	102.6452332	0.0466890	0.1867560
13.2380953	102.6452332	-0.0116722	0.0933780
15.0309525	102.6452332	-0.6186291	1.5874256
16.8238087	102.6452332	-0.8637463	1.6341146
18.6166668	102.6452332	-0.2101004	0.0000000
20.4095249	102.6452332	-0.1517392	0.9804688
22.2023811	102.6452332	-0.8170573	0.7703683
23.9952374	102.6452332	-0.7120071	0.8287296
25.7880955	102.6452332	-0.6186291	0.5369233
27.5809517	102.6452332	-0.1634115	0.3268229
29.3738098	102.6452332	0.4085287	0.0933780
31.1666679	102.6452332	-0.2801339	0.2451172
32.9595261	102.6452332	0.0116722	1.2956195
34.7523804	102.6452332	0.0817057	0.1400670
36.5452385	102.6452332	0.1750837	0.1167225
38.3380966	102.6452332	0.6069568	2.2877605
40.1309547	102.6452332	0.0233445	2.4978609
41.9238091	102.6452332	-0.0700335	2.2877605
43.7166672	102.6452332	-0.1167225	1.7858539
45.5095253	102.6452332	-0.5485956	1.0505023
47.3023796	102.6452332	-1.0388300	0.8053851
49.0952377	102.6452332	-0.4902344	0.2101004
50.8880959	102.6452332	-0.8287296	0.0466890
52.6809540	102.6452332	-1.3189639	-0.3968564
54.4738083	102.6452332	-0.9454520	-0.1400670
56.2666664	102.6452332	-0.4318731	-0.7586961
58.0595245	102.6452332	-0.7353516	-0.6653181
59.8523788	102.6452332	-0.5602679	-0.7236793
61.6452408	102.6452332	-0.7236793	-0.7120071
63.4380951	102.6452332	-0.4552176	-0.8404018
65.2309494	102.6452332	-0.3384952	-0.2101004
67.0238113	102.6452332	-0.0583612	0.4435454
68.8166656	102.6452332	0.0000000	0.0000000
70.6095276	102.6452332	0.0000000	0.0000000
-1.1047620	104.4380951	0.0000000	0.0000000
0.6880952	104.4380951	0.0000000	0.0000000
2.4809523	104.4380951	0.0000000	0.0000000
4.2738094	104.4380951	0.0000000	0.0933780
6.0666666	104.4380951	-0.0466890	0.6653181
7.8595233	104.4380951	0.0350167	0.7586961
9.6523809	104.4380951	0.1050502	0.7120071
11.4452381	104.4380951	0.0700335	0.2801339
13.2380953	104.4380951	0.0700335	0.0817057
15.0309525	104.4380951	-0.2334449	2.1827102
16.8238087	104.4380951	-0.5369233	2.4161551
18.6166668	104.4380951	-0.0700335	0.0000000
20.4095249	104.4380951	-0.1750837	-0.0466890
22.2023811	104.4380951	0.4085287	0.0466890
23.9952374	104.4380951	-0.5485956	0.4435454
25.7880955	104.4380951	-0.4668899	0.3034784
27.5809517	104.4380951	-0.1517392	0.2567894
29.3738098	104.4380951	-0.0583612	1.0388300
31.1666679	104.4380951	-0.1517392	1.6341146
32.9595261	104.4380951	-0.1283947	1.6107701
34.7523804	104.4380951	0.2567894	0.6769903
36.5452385	104.4380951	0.3735119	0.3501674
38.3380966	104.4380951	0.4668899	1.4006697
40.1309547	104.4380951	0.0817057	1.8909041
41.9238091	104.4380951	-0.0933780	2.2527437
43.7166672	104.4380951	-0.1167225	2.0659878
45.5095253	104.4380951	-0.0350167	1.8091983
47.3023796	104.4380951	-0.0817057	0.8170573
49.0952377	104.4380951	-0.4435454	0.5719401
50.8880959	104.4380951	-0.1167225	0.3735119
52.6809540	104.4380951	-0.6303014	-0.1167225
54.4738083	104.4380951	-0.7586961	-0.1400670
56.2666664	104.4380951	-0.1283947	-0.4435454
58.0595245	104.4380951	-0.5952846	-0.7120071
59.8523788	104.4380951	-0.5019066	-0.7820405
61.6452408	104.4380951	-0.2801339	-0.7470238
63.4380951	104.4380951	-0.3384952	-0.6536459
65.2309494	104.4380951	-0.2684617	0.0933780
67.0238113	104.4380951	-0.0700335	-0.4435454
68.8166656	104.4380951	0.0000000	0.0000000
70.6095276	104.4380951	0.0000000	0.0000000
-1.1047620	106.2309494	0.0000000	0.0000000
0.6880952	106.2309494	0.0000000	0.0000000
2.4809523	106.2309494	-0.0350167	0.7820405
4.2738094	106.2309494	-0.0466890	0.1867560
6.0666666	106.2309494	-0.0817057	0.8170573
7.8595233	106.2309494	0.0583612	0.7703683
9.6523809	106.2309494	0.1050502	0.7120071
11.4452381	106.2309494	0.0466890	0.5952846
13.2380953	106.2309494	0.0000000	0.5252512
15.0309525	106.2309494	-0.0583612	1.9025763
16.8238087	106.2309494	-0.1283947	2.6262555
18.6166668	106.2309494	-0.1283947	1.4707031
20.4095249	106.2309494	-0.0817057	0.0233445
22.2023811	106.2309494	-0.1400670	0.9104353
23.9952374	106.2309494	-1.0038133	1.3189639
25.7880955	106.2309494	-0.3268229	0.6769903
27.5809517	106.2309494	-0.0933780	0.1867560
29.3738098	106.2309494	-0.1050502	0.5135789
31.1666679	106.2309494	0.0233445	2.1593657
32.9595261	106.2309494	0.0817057	1.2022414
34.7523804	106.2309494	0.6536459	0.7470238
36.5452385	106.2309494	0.2801339	0.6419736
38.3380966	106.2309494	-1.1088635	0.1867560
40.1309547	106.2309494	0.7586961	1.4473586
41.9238091	106.2309494	0.7937128	1.0738467
43.7166672	106.2309494	0.6069568	2.7196336
45.5095253	106.2309494	-0.3034784	1.6341146
47.3023796	106.2309494	-0.1050502	0.6186291
49.0952377	106.2309494	-0.1283947	0.3384952
50.8880959	106.2309494	-0.4085287	0.2451172
52.6809540	106.2309494	-0.2334449	0.1984282
54.4738083	106.2309494	-0.1283947	0.2567894
56.2666664	106.2309494	-0.5485956	0.0466890
58.0595245	106.2309494	-0.2451172	-0.6069568
59.8523788	106.2309494	-0.5952846	-0.7120071
61.6452408	106.2309494	-0.3034784	-0.7937128
63.4380951	106.2309494	-0.2217727	0.5252512
65.2309494	106.2309494	-0.2101004	0.2217727
67.0238113	106.2309494	0.0000000	0.5836124
68.8166656	106.2309494	0.0000000	0.0000000
70.6095276	106.2309494	0.0000000	0.0000000
-1.1047620	108.0238037	0.0000000	0.0000000
0.6880952	108.0238037	0.0000000	0.0000000
2.4809523	108.0238037	0.0000000	0.0000000
4.2738094	108.0238037	-0.0116722	0.5719401
6.0666666	108.0238037	0.1867560	0.8987631
7.8595233	108.0238037	0.1167225	1.0038133
9.6523809	108.0238037	-0.0466890	0.7353516
11.4452381	108.0238037	-0.3851842	0.5602679
13.2380953	108.0238037	-0.0700335	0.6069568
15.0309525	108.0238037	-0.7820405	0.1634115
16.8238087	108.0238037	0.0466890	2.8947172
18.6166668	108.0238037	-0.0466890	0.6769903
20.4095249	108.0238037	-0.0466890	0.5836124
22.2023811	108.0238037	-0.0583612	1.1555525
23.9952374	108.0238037	-1.0271578	1.4123420
25.7880955	108.0238037	-0.0933780	0.5019066
27.5809517	108.0238037	-0.2101004	0.0933780
29.3738098	108.0238037	-0.0233445	0.1400670
31.1666679	108.0238037	0.0000000	1.7041481
32.9595261	108.0238037	0.0000000	0.0000000
34.7523804	108.0238037	0.3034784	1.0505023
36.5452385	108.0238037	0.2101004	0.7820405
38.3380966	108.0238037	0.1400670	0.9104353
40.1309547	108.0238037	0.0583612	1.2839472
41.9238091	108.0238037	-0.1750837	1.5057199
43.7166672	108.0238037	0.1634115	2.7546504
45.5095253	108.0238037	0.1050502	1.8558873
47.3023796	108.0238037	0.1283947	1.4590309
49.0952377	108.0238037	-0.1167225	1.1088635
50.8880959	108.0238037	-0.2101004	0.5602679
52.6809540	108.0238037	0.0000000	0.3151507
54.4738083	108.0238037	-0.0933780	0.5836124
56.2666664	108.0238037	0.0233445	0.4668899
58.0595245	108.0238037	-0.0583612	-0.2451172
59.8523788	108.0238037	-0.4668899	-0.6886626
61.6452408	108.0238037	-0.5952846	-0.6536459
63.4380951	108.0238037	-0.1750837	-0.6536459
65.2309494	108.0238037	-0.1283947	0.1167225
67.0238113	108.0238037	-0.0583612	0.2801339
68.8166656	108.0238037	0.0000000	0.0000000
70.6095276	108.0238037	0.0000000	0.0000000
-1.1047620	109.8166656	0.0000000	0.0000000
0.6880952	109.8166656	0.0000000	0.0000000
2.4809523	109.8166656	0.0000000	0.0000000
4.2738094	109.8166656	-0.1050502	0.2567894
6.0666666	109.8166656	0.0700335	0.9221075
7.8595233	109.8166656	0.0933780	1.0388300
9.6523809	109.8166656	-0.0583612	0.6536459
11.4452381	109.8166656	-0.5719401	0.6069568
13.2380953	109.8166656	-0.6536459	0.5369233
15.0309525	109.8166656	-0.4902344	1.1438802
16.8238087	109.8166656	-0.0583612	2.4044828
18.6166668	109.8166656	0.5602679	2.1593657
20.4095249	109.8166656	0.1867560	0.0583612
22.2023811	109.8166656	0.0817057	0.0583612
23.9952374	109.8166656	0.0817057	-0.0116722
25.7880955	109.8166656	-0.0466890	-0.0700335
27.5809517	109.8166656	-0.4552176	0.2217727
29.3738098	109.8166656	0.0000000	0.4902344
31.1666679	109.8166656	-0.1050502	1.5057199
32.9595261	109.8166656	-0.0350167	1.4473586
34.7523804	109.8166656	-0.1050502	0.7353516
36.5452385	109.8166656	0.0000000	0.0000000
38.3380966	109.8166656	-0.0116722	1.2956195
40.1309547	109.8166656	-0.0583612	1.3189639
41.9238091	109.8166656	-0.1517392	1.4940476
43.7166672	109.8166656	0.1984282	1.6691314
45.5095253	109.8166656	0.5485956	2.7546504
47.3023796	109.8166656	0.1984282	1.9959543
49.0952377	109.8166656	0.6069568	1.5874256
50.8880959	109.8166656	-0.0700335	0.7236793
52.6809540	109.8166656	0.1400670	0.6653181
54.4738083	109.8166656	-0.1867560	0.7236793
56.2666664	109.8166656	-0.2684617	0.7003348
58.0595245	109.8166656	0.1517392	0.3384952
59.8523788	109.8166656	-0.3268229	-0.2684617
61.6452408	109.8166656	-0.5719401	-0.2801339
63.4380951	109.8166656	-0.7120071	-0.3735119
65.2309494	109.8166656	-0.5019066	-0.2334449
67.0238113	109.8166656	-0.1634115	0.2217727
68.8166656	109.8166656	0.0000000	0.0000000
70.6095276	109.8166656	0.0000000	0.0000000
-1.1047620	111.6095276	0.0000000	0.0000000
0.6880952	111.6095276	0.0000000	0.0000000
2.4809523	111.6095276	-0.0466890	0.8870908
4.2738094	111.6095276	-0.4785621	0.3151507
6.0666666	111.6095276	-0.0350167	0.9337798
7.8595233	111.6095276	0.0116722	1.1788970
9.6523809	111.6095276	0.0583612	1.0271578
11.4452381	111.6095276	-0.1283947	0.7470238
13.2380953	111.6095276	-0.7586961	0.4435454
15.0309525	111.6095276	-1.0505023	0.5252512
16.8238087	111.6095276	-0.8404018	0.7470238
18.6166668	111.6095276	-0.0233445	1.4473586
20.4095249	111.6095276	0.2567894	0.6653181
22.2023811	111.6095276	-0.5135789	0.1867560
23.9952374	111.6095276	-0.1050502	-0.0817057
25.7880955	111.6095276	-0.5135789	0.0000000
27.5809517	111.6095276	-0.1634115	0.5369233
29.3738098	111.6095276	-0.1867560	0.1867560
31.1666679	111.6095276	-0.5836124	-0.0116722
32.9595261	111.6095276	-0.4318731	0.3618397
34.7523804	111.6095276	-1.0154855	0.2918062
36.5452385	111.6095276	0.0000000	0.0000000
38.3380966	111.6095276	0.0000000	0.0000000
40.1309547	111.6095276	-0.0116722	1.5757533
41.9238091	111.6095276	0.0000000	0.0000000
43.7166672	111.6095276	0.3151507	1.7508371
45.5095253	111.6095276	0.5252512	1.7741816
47.3023796	111.6095276	0.2684617	1.6691314
49.0952377	111.6095276	0.3501674	0.1400670
50.8880959	111.6095276	0.0116722	0.9221075
52.6809540	111.6095276	0.2684617	0.8053851
54.4738083	111.6095276	0.3618397	0.8287296
56.2666664	111.6095276	0.1634115	0.8754185
58.0595245	111.6095276	-0.0350167	0.4435454
59.8523788	111.6095276	-0.1517392	-0.0466890
61.6452408	111.6095276	-0.3501674	-0.1634115
63.4380951	111.6095276	-0.6653181	-0.2567894
65.2309494	111.6095276	-0.3735119	-0.0933780
67.0238113	111.6095276	-0.0466890	-0.0233445
68.8166656	111.6095276	0.0000000	0.0000000
70.6095276	111.6095276	0.0000000	0.0000000
-1.1047620	113.4023819	0.0000000	0.0000000
0.6880952	113.4023819	0.0000000	0.0000000
2.4809523	113.4023819	-0.5019066	0.1750837
4.2738094	113.4023819	-0.6419736	0.3735119
6.0666666	113.4023819	-0.4785621	0.7003348
7.8595233	113.4023819	-0.0700335	1.2489305
9.6523809	113.4023819	-0.0116722	0.9804688
11.4452381	113.4023819	-0.3501674	1.2372582
13.2380953	113.4023819	-0.1517392	0.9804688
15.0309525	113.4023819	-0.8987631	0.2567894
16.8238087	113.4023819	-0.7586961	0.5485956
18.6166668	113.4023819	-0.5252512	0.9687965
20.4095249	113.4023819	-0.3851842	1.2372582
22.2023811	113.4023819	-0.8404018	0.9454520
23.9952374	113.4023819	-0.1634115	0.2334449
25.7880955	113.4023819	-0.1867560	0.3384952
27.5809517	113.4023819	0.0233445	0.3735119
29.3738098	113.4023819	0.1050502	0.3501674
31.1666679	113.4023819	0.0000000	0.5602679
32.9595261	113.4023819	-0.6186291	0.6653181
34.7523804	113.4023819	-1.1672248	0.5135789
36.5452385	113.4023819	-1.2956195	0.3384952
38.3380966	113.4023819	-0.7586961	0.7937128
40.1309547	113.4023819	-0.7703683	2.2644160
41.9238091	113.4023819	0.5719401	1.7041481
43.7166672	113.4023819	0.2334449	1.7858539
45.5095253	113.4023819	0.3851842	1.3539807
47.3023796	113.4023819	0.8287296	1.3189639
49.0952377	113.4023819	0.7937128	1.6924758
50.8880959	113.4023819	0.7236793	1.3889974
52.6809540	113.4023819	0.5719401	1.1088635
54.4738083	113.4023819	0.6653181	0.8637463
56.2666664	113.4023819	0.2801339	0.9921410
58.0595245	113.4023819	0.0233445	0.5952846
59.8523788	113.4023819	0.0933780	0.1634115
61.6452408	113.4023819	0.1400670	0.1400670
63.4380951	113.4023819	-0.1400670	0.3034784
65.2309494	113.4023819	-0.0583612	-0.5485956
67.0238113	113.4023819	0.0000000	0.0000000
68.8166656	113.4023819	0.0000000	0.0000000
70.6095276	113.4023819	0.0000000	0.0000000
-1.1047620	115.1952362	0.0000000	0.0000000
0.6880952	115.1952362	0.0000000	0.0000000
2.4809523	115.1952362	0.0000000	0.0000000
4.2738094	115.1952362	-0.5252512	0.4085287
6.0666666	115.1952362	-0.6536459	0.7586961
7.8595233	115.1952362	-0.4552176	0.8520740
9.6523809	115.1952362	-0.2217727	0.9687965
11.4452381	115.1952362	-0.5019066	0.3034784
13.2380953	115.1952362	-0.4552176	1.2839472
15.0309525	115.1952362	0.0000000	0.6653181
16.8238087	115.1952362	-0.5485956	0.8053851
18.6166668	115.1952362	-0.6303014	0.8520740
20.4095249	115.1952362	-0.3384952	0.5019066
22.2023811	115.1952362	-0.1167225	0.3501674
23.9952374	115.1952362	0.0466890	0.3735119
25.7880955	115.1952362	-0.0466890	0.7937128
27.5809517	115.1952362	-0.0933780	0.8287296
29.3738098	115.1952362	0.0817057	0.6536459
31.1666679	115.1952362	0.1400670	0.6653181
32.9595261	115.1952362	-0.1283947	0.8053851
34.7523804	115.1952362	-1.2022414	0.8053851
36.5452385	115.1952362	-1.1438802	0.8053851
38.3380966	115.1952362	-0.9337798	0.7820405
40.1309547	115.1952362	-0.6653181	0.6769903
41.9238091	115.1952362	-0.7820405	0.8170573
43.7166672	115.1952362	-1.5173922	0.2801339
45.5095253	115.1952362	-2.0192988	0.1400670
47.3023796	115.1952362	0.0000000	0.0000000
49.0952377	115.1952362	0.0466890	1.5640811
50.8880959	115.1952362	0.4668899	1.4707031
52.6809540	115.1952362	0.3151507	1.3306361
54.4738083	115.1952362	0.3034784	0.7353516
56.2666664	115.1952362	0.2918062	0.8287296
58.0595245	115.1952362	0.0817057	0.7703683
59.8523788	115.1952362	-0.1634115	0.2334449
61.6452408	115.1952362	0.0583612	0.4435454
63.4380951	115.1952362	-0.1867560	0.5836124
65.2309494	115.1952362	-0.4202009	-0.6303014
67.0238113	115.1952362	-0.0933780	-1.0855190
68.8166656	115.1952362	0.0000000	0.0000000
70.6095276	115.1952362	0.0000000	0.0000000
-1.1047620	116.9880905	0.0000000	0.0000000
0.6880952	116.9880905	0.0000000	0.0000000
2.4809523	116.9880905	-0.0583612	0.5252512
4.2738094	116.9880905	-0.4085287	0.4085287
6.0666666	116.9880905	-0.6303014	0.8053851
7.8595233	116.9880905	-0.6303014	0.8637463
9.6523809	116.9880905	-0.1283947	0.3501674
11.4452381	116.9880905	-0.1867560	0.1984282
13.2380953	116.9880905	-0.0583612	0.2801339
15.0309525	116.9880905	0.1400670	0.3618397
16.8238087	116.9880905	0.1050502	0.1984282
18.6166668	116.9880905	-0.1517392	0.4902344
20.4095249	116.9880905	-0.2217727	0.4435454
22.2023811	116.9880905	-0.1167225	0.1867560
23.9952374	116.9880905	-0.0233445	0.5485956
25.7880955	116.9880905	-0.0583612	1.0271578
27.5809517	116.9880905	-0.0583612	1.0271578
29.3738098	116.9880905	0.1517392	0.9337798
31.1666679	116.9880905	0.2451172	0.8520740
32.9595261	116.9880905	-0.0700335	1.1438802
34.7523804	116.9880905	0.0000000	0.0000000
36.5452385	116.9880905	-0.9337798	0.5952846
38.3380966	116.9880905	-0.2334449	0.3268229
40.1309547	116.9880905	-0.3501674	0.6069568
41.9238091	116.9880905	-0.5719401	0.7937128
43.7166672	116.9880905	-0.9221075	0.8404018
45.5095253	116.9880905	-0.2217727	0.6536459
47.3023796	116.9880905	0.0583612	0.9454520
49.0952377	116.9880905	0.0466890	1.5757533
50.8880959	116.9880905	0.1984282	1.3189639
52.6809540	116.9880905	0.0233445	1.2139137
54.4738083	116.9880905	-0.0233445	0.7820405
56.2666664	116.9880905	0.0466890	0.6769903
58.0595245	116.9880905	0.0466890	0.7937128
59.8523788	116.9880905	-0.0116722	0.4552176
61.6452408	116.9880905	0.4902344	0.2918062
63.4380951	116.9880905	-0.3151507	0.1634115
65.2309494	116.9880905	-0.5952846	-0.0233445
67.0238113	116.9880905	-0.1517392	-0.5485956
68.8166656	116.9880905	0.0000000	0.0000000
70.6095276	116.9880905	0.0000000	0.0000000
-1.1047620	118.7809448	0.0000000	0.0000000
0.6880952	118.7809448	0.0000000	0.0000000
2.4809523	118.7809448	-0.1283947	0.6419736
4.2738094	118.7809448	-0.2334449	0.4202009
6.0666666	118.7809448	-0.2217727	0.6186291
7.8595233	118.7809448	-0.1517392	0.7937128
9.6523809	118.7809448	-0.0583612	0.2684617
11.4452381	118.7809448	-0.0700335	0.0466890
13.2380953	118.7809448	-0.0116722	0.0583612
15.0309525	118.7809448	0.0700335	0.0233445
16.8238087	118.7809448	0.1517392	0.1283947
18.6166668	118.7809448	0.0350167	0.6653181
20.4095249	118.7809448	0.3501674	0.4435454
22.2023811	118.7809448	0.0933780	0.2684617
23.9952374	118.7809448	0.0817057	0.5836124
25.7880955	118.7809448	-0.0583612	0.9104353
27.5809517	118.7809448	-0.0700335	0.8754185
29.3738098	118.7809448	0.0000000	0.9104353
31.1666679	118.7809448	0.0116722	1.2489305
32.9595261	118.7809448	0.0233445	1.0505023
34.7523804	118.7809448	-0.4668899	1.3306361
36.5452385	118.7809448	-0.4902344	0.6303014
38.3380966	118.7809448	-0.0466890	0.5836124
40.1309547	118.7809448	-0.1634115	0.3851842
41.9238091	118.7809448	-0.1867560	0.4552176
43.7166672	118.7809448	-0.5719401	0.8870908
45.5095253	118.7809448	-0.2918062	0.6303014
47.3023796	118.7809448	-0.2217727	0.7586961
49.0952377	118.7809448	-0.4552176	1.2022414
50.8880959	118.7809448	-0.6419736	0.1167225
52.6809540	118.7809448	-0.0466890	0.6069568
54.4738083	118.7809448	-0.0466890	0.5952846
56.2666664	118.7809448	-0.0233445	0.3851842
58.0595245	118.7809448	0.1984282	0.7703683
59.8523788	118.7809448	0.0116722	0.7470238
61.6452408	118.7809448	0.4668899	0.0116722
63.4380951	118.7809448	0.3034784	-0.0116722
65.2309494	118.7809448	0.3268229	0.0466890
67.0238113	118.7809448	0.0000000	0.0000000
68.8166656	118.7809448	0.0000000	0.0000000
70.6095276	118.7809448	0.0000000	0.0000000
-1.1047620	120.5738144	0.0000000	0.0000000
0.6880952	120.5738144	0.0000000	0.0000000
2.4809523	120.5738144	-0.2217727	0.2217727
4.2738094	120.5738144	-0.5952846	0.3968564
6.0666666	120.5738144	-0.3384952	0.4785621
7.8595233	120.5738144	-0.1750837	0.5369233
9.6523809	120.5738144	-0.0350167	0.1400670
11.4452381	120.5738144	-0.0700335	0.0933780
13.2380953	120.5738144	0.0000000	0.0933780
15.0309525	120.5738144	0.0466890	0.1750837
16.8238087	120.5738144	0.0933780	0.2217727
18.6166668	120.5738144	0.1400670	0.6303014
20.4095249	120.5738144	0.5952846	0.5602679
22.2023811	120.5738144	0.5602679	0.4668899
23.9952374	120.5738144	0.1517392	0.6186291
25.7880955	120.5738144	-0.2217727	0.9337798
27.5809517	120.5738144	-0.5135789	0.8754185
29.3738098	120.5738144	-0.1750837	0.9804688
31.1666679	120.5738144	-0.0350167	1.4590309
32.9595261	120.5738144	-0.2684617	1.1438802
34.7523804	120.5738144	-0.1400670	0.8637463
36.5452385	120.5738144	-0.1867560	0.7353516
38.3380966	120.5738144	-0.1283947	0.7236793
40.1309547	120.5738144	-0.1050502	0.6536459
41.9238091	120.5738144	-0.1050502	0.5369233
43.7166672	120.5738144	-0.5135789	0.8637463
45.5095253	120.5738144	-0.2567894	0.5252512
47.3023796	120.5738144	-0.3501674	0.6419736
49.0952377	120.5738144	-0.2334449	1.3072917
50.8880959	120.5738144	-0.2684617	1.3656529
52.6809540	120.5738144	-0.4318731	0.5836124
54.4738083	120.5738144	-0.2451172	0.7003348
56.2666664	120.5738144	-0.0233445	0.8987631
58.0595245	120.5738144	0.0933780	0.5836124
59.8523788	120.5738144	0.1050502	0.8170573
61.6452408	120.5738144	0.5602679	0.0700335
63.4380951	120.5738144	0.2684617	0.0116722
65.2309494	120.5738144	0.7470238	0.1167225
67.0238113	120.5738144	0.1867560	0.5019066
68.8166656	120.5738144	0.0000000	0.0000000
70.6095276	120.5738144	0.0000000	0.0000000
-1.1047620	122.3666687	0.0000000	0.0000000
0.6880952	122.3666687	0.0000000	0.0000000
2.4809523	122.3666687	-0.0583612	0.3151507
4.2738094	122.3666687	-0.3034784	0.1283947
6.0666666	122.3666687	-0.1517392	0.1517392
7.8595233	122.3666687	-0.1984282	0.1167225
9.6523809	122.3666687	-0.3384952	0.1750837
11.4452381	122.3666687	-0.0933780	0.2684617
13.2380953	122.3666687	0.0116722	0.2334449
15.0309525	122.3666687	0.0817057	0.2801339
16.8238087	122.3666687	-0.1283947	0.3268229
18.6166668	122.3666687	-0.3501674	0.2918062
20.4095249	122.3666687	-0.0116722	0.4785621
22.2023811	122.3666687	0.0700335	0.7003348
23.9952374	122.3666687	-0.0350167	0.8637463
25.7880955	122.3666687	-0.3151507	0.7937128
27.5809517	122.3666687	-0.7003348	1.1088635
29.3738098	122.3666687	-0.3618397	1.0154855
31.1666679	122.3666687	-0.5836124	1.3423084
32.9595261	122.3666687	-0.4552176	0.8287296
34.7523804	122.3666687	-0.3851842	1.0621744
36.5452385	122.3666687	-0.3034784	0.8287296
38.3380966	122.3666687	-0.1167225	0.6536459
40.1309547	122.3666687	-0.0817057	0.8053851
41.9238091	122.3666687	-0.1634115	1.0038133
43.7166672	122.3666687	-0.3735119	1.2956195
45.5095253	122.3666687	-0.2684617	0.6419736
47.3023796	122.3666687	-0.3501674	0.8520740
49.0952377	122.3666687	-0.2567894	1.3072917
50.8880959	122.3666687	0.0233445	0.9221075
52.6809540	122.3666687	-0.0233445	0.7820405
54.4738083	122.3666687	-0.1167225	1.0271578
56.2666664	122.3666687	-0.1283947	0.8404018
58.0595245	122.3666687	-0.0817057	0.8870908
59.8523788	122.3666687	0.0466890	0.1867560
61.6452408	122.3666687	0.4668899	0.0933780
63.4380951	122.3666687	0.4668899	0.0700335
65.2309494	122.3666687	0.1283947	0.5952846
67.0238113	122.3666687	0.5719401	0.1984282
68.8166656	122.3666687	0.0000000	0.0000000
70.6095276	122.3666687	0.0000000	0.0000000
-1.1047620	124.1595230	0.0000000	0.0000000
0.6880952	124.1595230	0.0000000	0.0000000
2.4809523	124.1595230	0.0350167	0.3501674
4.2738094	124.1595230	-0.0116722	0.1517392
6.0666666	124.1595230	-0.1400670	0.0466890
7.8595233	124.1595230	-0.0700335	0.0466890
9.6523809	124.1595230	-0.4202009	0.0700335
11.4452381	124.1595230	-0.1634115	0.1050502
13.2380953	124.1595230	-0.2801339	0.1167225
15.0309525	124.1595230	-0.2217727	0.4785621
16.8238087	124.1595230	-0.4202009	0.6186291
18.6166668	124.1595230	-0.3501674	0.3034784
20.4095249	124.1595230	-0.0933780	0.6186291
22.2023811	124.1595230	-0.0700335	0.7820405
23.9952374	124.1595230	-0.3851842	1.0271578
25.7880955	124.1595230	-0.6186291	0.8754185
27.5809517	124.1595230	-0.4318731	0.8520740
29.3738098	124.1595230	-0.4668899	0.7586961
31.1666679	124.1595230	-0.5019066	1.0971912
32.9595261	124.1595230	-0.2217727	0.7003348
34.7523804	124.1595230	0.0000000	0.8404018
36.5452385	124.1595230	-0.1867560	1.2839472
38.3380966	124.1595230	-0.1517392	1.3189639
40.1309547	124.1595230	-0.1050502	1.3773252
41.9238091	124.1595230	-0.1167225	1.1088635
43.7166672	124.1595230	-0.7120071	1.0855190
45.5095253	124.1595230	-0.7937128	1.1438802
47.3023796	124.1595230	-0.1867560	1.1788970
49.0952377	124.1595230	0.0700335	1.0038133
50.8880959	124.1595230	0.1050502	0.5135789
52.6809540	124.1595230	0.3968564	0.2334449
54.4738083	124.1595230	0.1750837	0.7236793
56.2666664	124.1595230	-0.0350167	0.8287296
58.0595245	124.1595230	0.0817057	0.7937128
59.8523788	124.1595230	0.3968564	0.5719401
61.6452408	124.1595230	0.2684617	0.0933780
63.4380951	124.1595230	0.2217727	-0.0233445
65.2309494	124.1595230	0.4552176	0.1400670
67.0238113	124.1595230	0.2801339	0.1984282
68.8166656	124.1595230	0.0000000	0.0000000
70.6095276	124.1595230	0.0000000	0.0000000
-1.1047620	125.9523773	0.0000000	0.0000000
0.6880952	125.9523773	0.0000000	0.0000000
2.4809523	125.9523773	0.0933780	0.7353516
4.2738094	125.9523773	0.0583612	0.2101004
6.0666666	125.9523773	-0.0817057	0.1400670
7.8595233	125.9523773	0.0000000	0.0350167
9.6523809	125.9523773	0.0350167	0.0700335
11.4452381	125.9523773	-0.1400670	0.1167225
13.2380953	125.9523773	-0.8287296	0.1400670
15.0309525	125.9523773	-0.5952846	0.2451172
16.8238087	125.9523773	-0.5019066	0.6886626
18.6166668	125.9523773	-0.2684617	0.5485956
20.4095249	125.9523773	-0.2918062	0.5836124
22.2023811	125.9523773	-0.7586961	0.2334449
23.9952374	125.9523773	-0.7586961	0.3851842
25.7880955	125.9523773	-0.6186291	0.6303014
27.5809517	125.9523773	-0.5836124	0.1750837
29.3738098	125.9523773	-0.3268229	0.2567894
31.1666679	125.9523773	-0.2918062	0.6303014
32.9595261	125.9523773	-0.0466890	0.6536459
34.7523804	125.9523773	-0.0233445	1.1438802
36.5452385	125.9523773	-0.1283947	1.3656529
38.3380966	125.9523773	-0.1167225	1.3423084
40.1309547	125.9523773	-0.2801339	1.2489305
41.9238091	125.9523773	-0.0700335	1.2606027
43.7166672	125.9523773	-0.1634115	1.2722750
45.5095253	125.9523773	-0.5485956	1.1322080
47.3023796	125.9523773	-0.4435454	1.2606027
49.0952377	125.9523773	0.7937128	0.3618397
50.8880959	125.9523773	0.2801339	0.2684617
52.6809540	125.9523773	0.2334449	0.6303014
54.4738083	125.9523773	0.1400670	0.8404018
56.2666664	125.9523773	0.3268229	1.2255859
58.0595245	125.9523773	0.3735119	0.9687965
59.8523788	125.9523773	0.4668899	0.7586961
61.6452408	125.9523773	0.5135789	0.1517392
63.4380951	125.9523773	0.3968564	0.0233445
65.2309494	125.9523773	0.1517392	0.0233445
67.0238113	125.9523773	0.0700335	0.0000000
68.8166656	125.9523773	0.0000000	0.0000000
70.6095276	125.9523773	0.0933780	0.0000000
-1.1047620	127.7452393	0.0000000	0.0000000
0.6880952	127.7452393	0.0000000	0.0000000
2.4809523	127.7452393	0.0933780	0.6303014
4.2738094	127.7452393	0.2918062	0.1400670
6.0666666	127.7452393	0.4318731	0.1283947
7.8595233	127.7452393	-0.1167225	0.2101004
9.6523809	127.7452393	-0.4318731	0.2101004
11.4452381	127.7452393	-0.7120071	0.4318731
13.2380953	127.7452393	-1.1322080	0.1400670
15.0309525	127.7452393	-0.8987631	0.1634115
16.8238087	127.7452393	-1.0621744	0.5135789
18.6166668	127.7452393	-0.7003348	0.5369233
20.4095249	127.7452393	-0.7003348	0.9221075
22.2023811	127.7452393	-1.0621744	0.3384952
23.9952374	127.7452393	-0.7470238	0.3151507
25.7880955	127.7452393	-0.6653181	0.2801339
27.5809517	127.7452393	-0.5952846	0.1984282
29.3738098	127.7452393	-0.3151507	0.0817057
31.1666679	127.7452393	0.1400670	0.2217727
32.9595261	127.7452393	0.1984282	0.1283947
34.7523804	127.7452393	-0.1634115	0.9571243
36.5452385	127.7452393	-0.1167225	0.8053851
38.3380966	127.7452393	-0.0350167	0.9804688
40.1309547	127.7452393	0.0233445	1.1905692
41.9238091	127.7452393	0.0583612	1.1205357
43.7166672	127.7452393	-0.1167225	1.0738467
45.5095253	127.7452393	-0.3618397	0.9221075
47.3023796	127.7452393	-0.1283947	0.8637463
49.0952377	127.7452393	0.1867560	0.8637463
50.8880959	127.7452393	0.3618397	0.9454520
52.6809540	127.7452393	0.3501674	0.5836124
54.4738083	127.7452393	0.2801339	0.5952846
56.2666664	127.7452393	0.1867560	0.7120071
58.0595245	127.7452393	0.0817057	0.8520740
59.8523788	127.7452393	0.4552176	0.6186291
61.6452408	127.7452393	0.6536459	0.2567894
63.4380951	127.7452393	0.0233445	0.3501674
65.2309494	127.7452393	-0.0350167	-0.0233445
67.0238113	127.7452393	-0.0233445	-0.0933780
68.8166656	127.7452393	0.0000000	0.0000000
70.6095276	127.7452393	0.0000000	0.0000000
-1.1047620	129.5380859	0.0000000	0.0000000
0.6880952	129.5380859	0.0000000	0.0000000
2.4809523	129.5380859	0.1050502	0.7003348
4.2738094	129.5380859	0.4552176	0.4435454
6.0666666	129.5380859	0.5836124	0.4202009
7.8595233	129.5380859	0.2334449	0.4202009
9.6523809	129.5380859	-0.4435454	0.6069568
11.4452381	129.5380859	-0.1517392	0.5135789
13.2380953	129.5380859	-0.6536459	0.2567894
15.0309525	129.5380859	-0.7937128	0.3034784
16.8238087	129.5380859	-0.9337798	0.4552176
18.6166668	129.5380859	-0.8053851	0.6186291
20.4095249	129.5380859	-0.9571243	1.0388300
22.2023811	129.5380859	-0.7236793	0.8987631
23.9952374	129.5380859	-0.5485956	0.5836124
25.7880955	129.5380859	-0.3384952	0.4785621
27.5809517	129.5380859	-0.0817057	0.3151507
29.3738098	129.5380859	-0.0933780	0.1167225
31.1666679	129.5380859	0.0583612	0.1517392
32.9595261	129.5380859	0.1867560	0.3151507
34.7523804	129.5380859	0.3034784	0.1867560
36.5452385	129.5380859	0.3735119	0.2334449
38.3380966	129.5380859	0.1050502	0.2451172
40.1309547	129.5380859	0.1283947	0.7003348
41.9238091	129.5380859	0.2567894	1.2722750
43.7166672	129.5380859	-0.0466890	0.6886626
45.5095253	129.5380859	-0.0700335	0.8287296
47.3023796	129.5380859	0.1050502	0.8987631
49.0952377	129.5380859	0.4552176	0.7236793
50.8880959	129.5380859	0.5485956	0.7820405
52.6809540	129.5380859	0.3851842	0.5952846
54.4738083	129.5380859	0.6769903	0.7353516
56.2666664	129.5380859	0.4202009	0.6769903
58.0595245	129.5380859	0.0933780	0.7353516
59.8523788	129.5380859	-0.0700335	0.3735119
61.6452408	129.5380859	0.0466890	0.1400670
63.4380951	129.5380859	0.2801339	0.1517392
65.2309494	129.5380859	-0.0700335	-0.1750837
67.0238113	129.5380859	-0.1867560	-0.1400670
68.8166656	129.5380859	0.0000000	-1.4707031
70.6095276	129.5380859	0.0000000	0.0000000
-1.1047620	131.3309479	0.0000000	0.0000000
0.6880952	131.3309479	0.0000000	0.0000000
2.4809523	131.3309479	0.0000000	0.0000000
4.2738094	131.3309479	-0.6769903	-0.0933780
6.0666666	131.3309479	0.0700335	0.4902344
7.8595233	131.3309479	0.0233445	0.7003348
9.6523809	131.3309479	-0.3384952	0.6536459
11.4452381	131.3309479	0.1167225	0.5602679
13.2380953	131.3309479	0.0700335	0.4318731
15.0309525	131.3309479	-0.5019066	0.0817057
16.8238087	131.3309479	-0.6886626	0.3034784
18.6166668	131.3309479	-0.7703683	0.5252512
20.4095249	131.3309479	-0.5836124	1.2956195
22.2023811	131.3309479	-0.5602679	1.3656529
23.9952374	131.3309479	-0.0817057	0.7937128
25.7880955	131.3309479	0.1517392	0.6886626
27.5809517	131.3309479	0.1050502	0.4902344
29.3738098	131.3309479	-0.0817057	0.2451172
31.1666679	131.3309479	-0.1517392	0.0933780
32.9595261	131.3309479	-0.1400670	0.1634115
34.7523804	131.3309479	0.1050502	0.3034784
36.5452385	131.3309479	0.3618397	0.5135789
38.3380966	131.3309479	0.1517392	0.4435454
40.1309547	131.3309479	0.1750837	0.5252512
41.9238091	131.3309479	0.5602679	0.0933780
43.7166672	131.3309479	0.2567894	0.1634115
45.5095253	131.3309479	0.3034784	0.7353516
47.3023796	131.3309479	0.2101004	0.9571243
49.0952377	131.3309479	0.0466890	1.1905692
50.8880959	131.3309479	0.2334449	1.1205357
52.6809540	131.3309479	0.3968564	0.8520740
54.4738083	131.3309479	0.0350167	0.1634115
56.2666664	131.3309479	0.0350167	1.1322080
58.0595245	131.3309479	-1.4240142	1.5874256
59.8523788	131.3309479	0.1050502	0.1050502
61.6452408	131.3309479	0.1050502	-0.0817057
63.4380951	131.3309479	0.1167225	0.0233445
65.2309494	131.3309479	-0.0116722	0.0116722
67.0238113	131.3309479	-0.0116722	0.0817057
68.8166656	131.3309479	0.0000000	0.0000000
70.6095276	131.3309479	0.0000000	0.0000000
-1.1047620	133.1238098	0.0000000	0.0000000
0.6880952	133.1238098	0.0000000	0.0000000
2.4809523	133.1238098	0.0000000	0.0000000
4.2738094	133.1238098	-0.6653181	-0.0933780
6.0666666	133.1238098	-0.5369233	0.0466890
7.8595233	133.1238098	-0.2451172	0.6186291
9.6523809	133.1238098	-0.1517392	0.3618397
11.4452381	133.1238098	-0.8987631	0.9921410
13.2380953	133.1238098	-0.8637463	0.9804688
15.0309525	133.1238098	-0.0116722	0.0000000
16.8238087	133.1238098	-0.5135789	0.1750837
18.6166668	133.1238098	-0.2217727	0.3034784
20.4095249	133.1238098	-0.1400670	0.4435454
22.2023811	133.1238098	-0.1167225	0.6653181
23.9952374	133.1238098	0.1750837	0.5836124
25.7880955	133.1238098	0.2801339	0.6186291
27.5809517	133.1238098	0.3851842	0.1867560
29.3738098	133.1238098	0.0583612	0.1984282
31.1666679	133.1238098	-0.0933780	0.2567894
32.9595261	133.1238098	-0.1167225	0.0233445
34.7523804	133.1238098	-0.2567894	0.0116722
36.5452385	133.1238098	0.0817057	0.5952846
38.3380966	133.1238098	0.1984282	0.7820405
40.1309547	133.1238098	0.1050502	0.5836124
41.9238091	133.1238098	0.1167225	0.7120071
43.7166672	133.1238098	-0.0233445	0.7470238
45.5095253	133.1238098	0.0116722	0.9104353
47.3023796	133.1238098	0.0583612	0.9454520
49.0952377	133.1238098	0.0817057	1.0271578
50.8880959	133.1238098	0.2567894	1.0154855
52.6809540	133.1238098	-0.0350167	0.8870908
54.4738083	133.1238098	-0.0116722	1.2255859
56.2666664	133.1238098	0.0350167	1.3306361
58.0595245	133.1238098	0.0000000	0.0000000
59.8523788	133.1238098	-0.0466890	-0.0933780
61.6452408	133.1238098	-0.0583612	0.0933780
63.4380951	133.1238098	0.0700335	-0.0233445
65.2309494	133.1238098	-0.0116722	0.0233445
67.0238113	133.1238098	-0.0466890	-0.0817057
68.8166656	133.1238098	0.0000000	0.0000000
70.6095276	133.1238098	0.0000000	0.0000000
-1.1047620	134.9166565	0.0000000	0.0000000
0.6880952	134.9166565	0.0000000	0.0000000
2.4809523	134.9166565	-0.4552176	-0.0233445
4.2738094	134.9166565	-0.8754185	-0.0233445
6.0666666	134.9166565	-0.6769903	0.0233445
7.8595233	134.9166565	-0.2801339	0.4435454
9.6523809	134.9166565	-0.1050502	0.1167225
11.4452381	134.9166565	-0.0700335	0.1400670
13.2380953	134.9166565	-0.1167225	0.1517392
15.0309525	134.9166565	-0.0817057	0.0817057
16.8238087	134.9166565	-0.1867560	0.0116722
18.6166668	134.9166565	-0.1283947	0.1750837
20.4095249	134.9166565	0.1634115	0.2217727
22.2023811	134.9166565	0.3735119	0.2101004
23.9952374	134.9166565	0.1400670	0.3268229
25.7880955	134.9166565	0.1867560	0.2801339
27.5809517	134.9166565	0.2334449	0.7937128
29.3738098	134.9166565	0.1984282	0.5252512
31.1666679	134.9166565	-0.0233445	0.4318731
32.9595261	134.9166565	-0.1634115	0.1517392
34.7523804	134.9166565	-0.3735119	0.2101004
36.5452385	134.9166565	-0.5485956	0.0116722
38.3380966	134.9166565	-0.5369233	0.6303014
40.1309547	134.9166565	-0.3735119	0.7353516
41.9238091	134.9166565	-0.0466890	0.4668899
43.7166672	134.9166565	0.0350167	0.7703683
45.5095253	134.9166565	0.0466890	0.9571243
47.3023796	134.9166565	-0.0700335	1.0971912
49.0952377	134.9166565	0.0466890	1.1672248
50.8880959	134.9166565	0.1867560	1.0388300
52.6809540	134.9166565	0.0583612	0.7820405
54.4738083	134.9166565	-0.0116722	0.9687965
56.2666664	134.9166565	0.0000000	1.0154855
58.0595245	134.9166565	0.0817057	0.8637463
59.8523788	134.9166565	0.1867560	0.2918062
61.6452408	134.9166565	0.0116722	0.0350167
63.4380951	134.9166565	0.0000000	-0.0116722
65.2309494	134.9166565	0.0233445	0.0233445
67.0238113	134.9166565	0.0233445	0.1517392
68.8166656	134.9166565	0.0000000	0.0000000
70.6095276	134.9166565	0.0000000	0.0000000
-1.1047620	136.7095337	0.0000000	0.0000000
0.6880952	136.7095337	0.0000000	0.0000000
2.4809523	136.7095337	-0.0700335	0.8053851
4.2738094	136.7095337	-0.9104353	-0.0116722
6.0666666	136.7095337	-0.7586961	0.0116722
7.8595233	136.7095337	-0.4902344	0.1283947
9.6523809	136.7095337	-0.3151507	0.1167225
11.4452381	136.7095337	-0.0700335	0.5252512
13.2380953	136.7095337	-0.0466890	0.1517392
15.0309525	136.7095337	0.0116722	0.0583612
16.8238087	136.7095337	0.0116722	0.0233445
18.6166668	136.7095337	-0.0233445	-0.0116722
20.4095249	136.7095337	-0.0466890	-0.0116722
22.2023811	136.7095337	-0.0350167	0.2334449
23.9952374	136.7095337	-0.0350167	0.2217727
25.7880955	136.7095337	0.1283947	0.1867560
27.5809517	136.7095337	0.7236793	0.3618397
29.3738098	136.7095337	0.1400670	0.6419736
31.1666679	136.7095337	0.1283947	0.6886626
32.9595261	136.7095337	0.0350167	0.2451172
34.7523804	136.7095337	-0.0817057	0.1750837
36.5452385	136.7095337	-0.3151507	0.2334449
38.3380966	136.7095337	-0.6536459	0.5019066
40.1309547	136.7095337	-0.6069568	0.5252512
41.9238091	136.7095337	-0.6186291	0.3851842
43.7166672	136.7095337	-0.1867560	1.0271578
45.5095253	136.7095337	-0.1634115	1.2606027
47.3023796	136.7095337	-0.2334449	1.0971912
49.0952377	136.7095337	0.0233445	0.7820405
50.8880959	136.7095337	0.0350167	0.6069568
52.6809540	136.7095337	-0.0233445	0.7236793
54.4738083	136.7095337	0.1050502	0.8287296
56.2666664	136.7095337	0.0583612	0.9104353
58.0595245	136.7095337	0.1050502	0.5369233
59.8523788	136.7095337	0.1634115	0.3501674
61.6452408	136.7095337	0.1167225	0.0000000
63.4380951	136.7095337	-0.0933780	-0.0233445
65.2309494	136.7095337	0.0933780	0.0466890
67.0238113	136.7095337	0.0466890	0.0350167
68.8166656	136.7095337	0.0000000	0.0000000
70.6095276	136.7095337	0.0000000	0.0000000
-1.1047620	138.5023804	0.0000000	0.0000000
0.6880952	138.5023804	0.0000000	0.0000000
2.4809523	138.5023804	0.0000000	0.0000000
4.2738094	138.5023804	-0.7353516	0.0700335
6.0666666	138.5023804	-0.6886626	0.2684617
7.8595233	138.5023804	-0.6303014	0.3501674
9.6523809	138.5023804	-0.5135789	0.2567894
11.4452381	138.5023804	-0.1750837	0.5369233
13.2380953	138.5023804	-0.0116722	0.2684617
15.0309525	138.5023804	0.0116722	0.1634115
16.8238087	138.5023804	-0.0466890	-0.0116722
18.6166668	138.5023804	0.0233445	-0.0116722
20.4095249	138.5023804	-0.0583612	0.0000000
22.2023811	138.5023804	-0.0350167	0.2567894
23.9952374	138.5023804	-0.0583612	0.1634115
25.7880955	138.5023804	-0.0233445	0.2101004
27.5809517	138.5023804	0.6886626	0.3268229
29.3738098	138.5023804	0.0817057	0.8053851
31.1666679	138.5023804	0.1400670	0.7820405
32.9595261	138.5023804	0.2451172	0.4668899
34.7523804	138.5023804	0.1400670	0.1867560
36.5452385	138.5023804	-0.0466890	0.4435454
38.3380966	138.5023804	-0.5019066	0.7586961
40.1309547	138.5023804	-0.5252512	0.5836124
41.9238091	138.5023804	-0.6886626	0.2918062
43.7166672	138.5023804	-0.4668899	0.3968564
45.5095253	138.5023804	-0.1867560	0.6069568
47.3023796	138.5023804	-0.1867560	0.5602679
49.0952377	138.5023804	-0.0350167	0.3151507
50.8880959	138.5023804	-0.0116722	0.3501674
52.6809540	138.5023804	0.0000000	0.6069568
54.4738083	138.5023804	-0.0116722	0.9221075
56.2666664	138.5023804	0.1283947	0.6186291
58.0595245	138.5023804	0.0350167	0.2451172
59.8523788	138.5023804	0.0350167	0.2101004
61.6452408	138.5023804	0.1167225	0.0466890
63.4380951	138.5023804	-0.0466890	0.0466890
65.2309494	138.5023804	0.1750837	0.1517392
67.0238113	138.5023804	-0.0116722	-0.0233445
68.8166656	138.5023804	0.0000000	0.0000000
70.6095276	138.5023804	0.0000000	0.0000000
