Burst/rec/seq: 	0	15	15
Time stamp:  	27/06/13 	14:18:42:303
Elapsed time (ms): 	      67
-1.1047620	64.9952393	0.0000000	0.0000000
0.6880952	64.9952393	0.0000000	0.0000000
2.4809523	64.9952393	-0.0116722	1.2255859
4.2738094	64.9952393	0.0000000	0.0000000
6.0666666	64.9952393	0.0000000	0.0000000
7.8595233	64.9952393	-1.1555525	0.0233445
9.6523809	64.9952393	1.3423084	-0.0350167
11.4452381	64.9952393	0.9337798	-1.3306361
13.2380953	64.9952393	0.7236793	-0.2567894
15.0309525	64.9952393	0.7820405	-0.1050502
16.8238087	64.9952393	0.0000000	0.0000000
18.6166668	64.9952393	0.0000000	0.0000000
20.4095249	64.9952393	0.0000000	0.0000000
22.2023811	64.9952393	-0.8987631	0.0116722
23.9952374	64.9952393	-1.2489305	-0.1984282
25.7880955	64.9952393	0.0000000	0.0000000
27.5809517	64.9952393	0.0000000	0.0000000
29.3738098	64.9952393	0.0000000	0.0000000
31.1666679	64.9952393	0.0000000	0.0000000
32.9595261	64.9952393	0.0000000	0.0000000
34.7523804	64.9952393	0.0000000	0.0000000
36.5452385	64.9952393	0.0000000	0.0000000
38.3380966	64.9952393	3.4433129	-0.0933780
40.1309547	64.9952393	0.0000000	0.0000000
41.9238091	64.9952393	-4.3887649	0.0700335
43.7166672	64.9952393	-0.8987631	0.0116722
45.5095253	64.9952393	-2.0893323	1.7158203
47.3023796	64.9952393	0.0000000	0.0000000
49.0952377	64.9952393	0.0000000	0.0000000
50.8880959	64.9952393	0.0000000	0.0000000
52.6809540	64.9952393	-0.8404018	0.0000000
54.4738083	64.9952393	0.0000000	0.0000000
56.2666664	64.9952393	-0.8053851	3.1865234
58.0595245	64.9952393	0.0000000	0.0000000
59.8523788	64.9952393	0.0000000	0.0000000
61.6452408	64.9952393	0.0000000	0.0000000
63.4380951	64.9952393	0.0817057	1.4940476
65.2309494	64.9952393	0.0000000	0.0000000
67.0238113	64.9952393	0.0000000	0.0000000
68.8166656	64.9952393	0.0000000	0.0000000
70.6095276	64.9952393	0.0000000	0.0000000
-1.1047620	66.7880936	0.0000000	0.0000000
0.6880952	66.7880936	0.0000000	0.0000000
2.4809523	66.7880936	0.0000000	0.0000000
4.2738094	66.7880936	0.0817057	1.5407367
6.0666666	66.7880936	0.0000000	0.0000000
7.8595233	66.7880936	0.0000000	0.0000000
9.6523809	66.7880936	1.3773252	-0.3851842
11.4452381	66.7880936	1.1788970	-0.8053851
13.2380953	66.7880936	0.5485956	-0.1867560
15.0309525	66.7880936	-0.3618397	1.4473586
16.8238087	66.7880936	0.0000000	0.0000000
18.6166668	66.7880936	0.0000000	0.0000000
20.4095249	66.7880936	0.0000000	0.0000000
22.2023811	66.7880936	-0.5135789	0.3034784
23.9952374	66.7880936	-1.2956195	-0.1400670
25.7880955	66.7880936	0.0000000	0.0000000
27.5809517	66.7880936	0.0000000	0.0000000
29.3738098	66.7880936	0.0000000	0.0000000
31.1666679	66.7880936	-0.1400670	0.1283947
32.9595261	66.7880936	0.0000000	0.0000000
34.7523804	66.7880936	0.0000000	0.0000000
36.5452385	66.7880936	0.0000000	0.0000000
38.3380966	66.7880936	3.4433129	-0.0817057
40.1309547	66.7880936	0.0000000	0.0000000
41.9238091	66.7880936	-1.5407367	4.4237819
43.7166672	66.7880936	-0.5369233	0.0233445
45.5095253	66.7880936	0.0000000	0.0000000
47.3023796	66.7880936	0.0000000	0.0000000
49.0952377	66.7880936	0.3384952	1.1905692
50.8880959	66.7880936	0.0000000	0.0000000
52.6809540	66.7880936	0.0000000	0.0000000
54.4738083	66.7880936	0.5952846	1.3306361
56.2666664	66.7880936	0.0000000	0.0000000
58.0595245	66.7880936	0.0000000	0.0000000
59.8523788	66.7880936	0.0000000	0.0000000
61.6452408	66.7880936	-0.6419736	-5.8944850
63.4380951	66.7880936	0.0000000	0.0000000
65.2309494	66.7880936	0.0000000	0.0000000
67.0238113	66.7880936	0.0000000	0.0000000
68.8166656	66.7880936	0.0000000	0.0000000
70.6095276	66.7880936	0.0000000	0.0000000
-1.1047620	68.5809479	0.0000000	0.0000000
0.6880952	68.5809479	0.0000000	0.0000000
2.4809523	68.5809479	0.0000000	0.0000000
4.2738094	68.5809479	0.0000000	0.0000000
6.0666666	68.5809479	1.2255859	1.1322080
7.8595233	68.5809479	0.6886626	-0.0583612
9.6523809	68.5809479	0.1517392	-0.2334449
11.4452381	68.5809479	0.3034784	-0.1167225
13.2380953	68.5809479	0.1867560	0.0116722
15.0309525	68.5809479	0.4785621	0.0116722
16.8238087	68.5809479	0.0000000	0.0000000
18.6166668	68.5809479	0.0000000	0.0000000
20.4095249	68.5809479	0.0000000	0.0000000
22.2023811	68.5809479	0.1050502	1.3306361
23.9952374	68.5809479	-1.5057199	-0.1867560
25.7880955	68.5809479	-1.5757533	0.0700335
27.5809517	68.5809479	-1.6808035	0.1984282
29.3738098	68.5809479	0.0000000	0.0000000
31.1666679	68.5809479	-0.3384952	3.0231121
32.9595261	68.5809479	-1.2956195	1.5640811
34.7523804	68.5809479	0.0000000	0.0000000
36.5452385	68.5809479	0.0000000	0.0000000
38.3380966	68.5809479	0.0000000	0.0000000
40.1309547	68.5809479	0.0000000	0.0000000
41.9238091	68.5809479	-0.2101004	2.8363562
43.7166672	68.5809479	0.0933780	-0.0116722
45.5095253	68.5809479	0.0000000	0.0000000
47.3023796	68.5809479	0.0000000	0.0000000
49.0952377	68.5809479	0.0000000	0.0000000
50.8880959	68.5809479	0.0000000	0.0000000
52.6809540	68.5809479	-0.0583612	1.5407367
54.4738083	68.5809479	0.0000000	0.0000000
56.2666664	68.5809479	0.0000000	0.0000000
58.0595245	68.5809479	0.0000000	0.0000000
59.8523788	68.5809479	0.0000000	0.0000000
61.6452408	68.5809479	5.1007719	-1.3656529
63.4380951	68.5809479	0.0000000	0.0000000
65.2309494	68.5809479	0.0000000	0.0000000
67.0238113	68.5809479	0.0000000	0.0000000
68.8166656	68.5809479	0.0000000	0.0000000
70.6095276	68.5809479	0.0000000	0.0000000
-1.1047620	70.3738098	0.0000000	0.0000000
0.6880952	70.3738098	0.0000000	0.0000000
2.4809523	70.3738098	0.0000000	0.0000000
4.2738094	70.3738098	0.0000000	0.0000000
6.0666666	70.3738098	0.8287296	1.0038133
7.8595233	70.3738098	0.5252512	-0.0700335
9.6523809	70.3738098	-0.0583612	0.2101004
11.4452381	70.3738098	-0.0350167	0.2217727
13.2380953	70.3738098	0.1984282	-0.0350167
15.0309525	70.3738098	0.9804688	0.0000000
16.8238087	70.3738098	0.0000000	0.0000000
18.6166668	70.3738098	0.0000000	0.0000000
20.4095249	70.3738098	0.7586961	-5.9761906
22.2023811	70.3738098	0.0000000	0.0000000
23.9952374	70.3738098	-1.2372582	-0.0350167
25.7880955	70.3738098	0.0000000	0.0000000
27.5809517	70.3738098	-1.8909041	0.8404018
29.3738098	70.3738098	0.0000000	0.0000000
31.1666679	70.3738098	0.0817057	1.8792318
32.9595261	70.3738098	-1.6341146	1.5407367
34.7523804	70.3738098	0.0000000	0.0000000
36.5452385	70.3738098	-3.4082961	-0.0116722
38.3380966	70.3738098	-0.2567894	-1.4940476
40.1309547	70.3738098	-0.3034784	-1.4707031
41.9238091	70.3738098	-2.0776601	3.0114398
43.7166672	70.3738098	0.0000000	0.0000000
45.5095253	70.3738098	0.0000000	0.0000000
47.3023796	70.3738098	0.0000000	0.0000000
49.0952377	70.3738098	0.0000000	0.0000000
50.8880959	70.3738098	0.0000000	0.0000000
52.6809540	70.3738098	0.0933780	1.4707031
54.4738083	70.3738098	0.0000000	0.0000000
56.2666664	70.3738098	0.0000000	0.0000000
58.0595245	70.3738098	0.0000000	0.0000000
59.8523788	70.3738098	0.0000000	0.0000000
61.6452408	70.3738098	-1.1088635	4.4821429
63.4380951	70.3738098	0.0000000	0.0000000
65.2309494	70.3738098	0.0000000	0.0000000
67.0238113	70.3738098	0.0000000	0.0000000
68.8166656	70.3738098	-0.0116722	0.1867560
70.6095276	70.3738098	0.0000000	0.0000000
-1.1047620	72.1666641	0.0000000	0.0000000
0.6880952	72.1666641	0.0000000	0.0000000
2.4809523	72.1666641	0.0000000	0.0000000
4.2738094	72.1666641	0.1984282	1.0505023
6.0666666	72.1666641	-0.2451172	-1.2489305
7.8595233	72.1666641	-0.1283947	-1.1555525
9.6523809	72.1666641	0.3151507	-0.0933780
11.4452381	72.1666641	0.0000000	0.0000000
13.2380953	72.1666641	0.6886626	-0.2217727
15.0309525	72.1666641	0.7353516	-0.1867560
16.8238087	72.1666641	1.6341146	0.3618397
18.6166668	72.1666641	0.0000000	0.0000000
20.4095249	72.1666641	0.0116722	1.4006697
22.2023811	72.1666641	-1.1088635	0.1750837
23.9952374	72.1666641	-1.5057199	0.1050502
25.7880955	72.1666641	-1.7158203	0.0583612
27.5809517	72.1666641	-2.2527437	0.1283947
29.3738098	72.1666641	-2.1827102	1.3539807
31.1666679	72.1666641	0.0466890	2.1943824
32.9595261	72.1666641	0.0000000	0.0000000
34.7523804	72.1666641	0.0000000	0.0000000
36.5452385	72.1666641	0.7353516	-0.1400670
38.3380966	72.1666641	0.0000000	0.0000000
40.1309547	72.1666641	-3.1048179	4.4821429
41.9238091	72.1666641	0.0000000	0.0000000
43.7166672	72.1666641	0.0000000	0.0000000
45.5095253	72.1666641	-1.1905692	2.9764230
47.3023796	72.1666641	0.0000000	0.0000000
49.0952377	72.1666641	0.0116722	4.4821429
50.8880959	72.1666641	1.0271578	1.5290644
52.6809540	72.1666641	0.0000000	0.0000000
54.4738083	72.1666641	0.0000000	0.0000000
56.2666664	72.1666641	0.0000000	0.0000000
58.0595245	72.1666641	0.0000000	0.0000000
59.8523788	72.1666641	0.0000000	0.0000000
61.6452408	72.1666641	0.0000000	0.0000000
63.4380951	72.1666641	-0.1517392	4.3887649
65.2309494	72.1666641	0.0000000	0.0000000
67.0238113	72.1666641	0.0000000	0.0000000
68.8166656	72.1666641	0.0000000	0.0000000
70.6095276	72.1666641	0.0000000	0.0000000
-1.1047620	73.9595184	0.0000000	0.0000000
0.6880952	73.9595184	0.0000000	0.0000000
2.4809523	73.9595184	0.0000000	0.0000000
4.2738094	73.9595184	-0.1984282	0.0817057
6.0666666	73.9595184	0.1167225	0.3034784
7.8595233	73.9595184	0.0000000	0.0000000
9.6523809	73.9595184	-0.1400670	-0.0233445
11.4452381	73.9595184	-0.0817057	1.6808035
13.2380953	73.9595184	0.0000000	0.0000000
15.0309525	73.9595184	1.4006697	-0.0466890
16.8238087	73.9595184	-0.7236793	1.4940476
18.6166668	73.9595184	-0.7470238	1.4823754
20.4095249	73.9595184	0.0000000	0.0000000
22.2023811	73.9595184	-0.7820405	0.0933780
23.9952374	73.9595184	-0.9337798	0.0466890
25.7880955	73.9595184	-1.4823754	0.1167225
27.5809517	73.9595184	-1.4707031	0.1167225
29.3738098	73.9595184	-2.0893323	1.4590309
31.1666679	73.9595184	-1.7508371	1.4940476
32.9595261	73.9595184	-2.5445499	1.5990978
34.7523804	73.9595184	-1.6924758	1.4240142
36.5452385	73.9595184	-2.8830450	2.9297340
38.3380966	73.9595184	-2.8013394	2.9180617
40.1309547	73.9595184	-6.0345516	1.4707031
41.9238091	73.9595184	0.0000000	0.0000000
43.7166672	73.9595184	0.0000000	0.0000000
45.5095253	73.9595184	0.0000000	0.0000000
47.3023796	73.9595184	0.0000000	0.0000000
49.0952377	73.9595184	0.0000000	0.0000000
50.8880959	73.9595184	0.0000000	0.0000000
52.6809540	73.9595184	0.0000000	0.0000000
54.4738083	73.9595184	0.0000000	0.0000000
56.2666664	73.9595184	-0.1050502	1.4123420
58.0595245	73.9595184	0.0000000	0.0000000
59.8523788	73.9595184	0.0000000	0.0000000
61.6452408	73.9595184	2.0309711	0.8520740
63.4380951	73.9595184	0.0000000	0.0000000
65.2309494	73.9595184	-0.0466890	1.4940476
67.0238113	73.9595184	0.0000000	0.0000000
68.8166656	73.9595184	0.0000000	0.0000000
70.6095276	73.9595184	0.0000000	0.0000000
-1.1047620	75.7523804	0.0000000	0.0000000
0.6880952	75.7523804	0.0000000	0.0000000
2.4809523	75.7523804	0.0000000	0.0000000
4.2738094	75.7523804	0.1634115	1.2022414
6.0666666	75.7523804	0.4085287	0.1167225
7.8595233	75.7523804	0.0000000	0.0000000
9.6523809	75.7523804	-0.8637463	0.0933780
11.4452381	75.7523804	-0.3968564	0.0466890
13.2380953	75.7523804	-1.7741816	-0.0233445
15.0309525	75.7523804	0.0000000	0.0000000
16.8238087	75.7523804	0.0000000	0.0000000
18.6166668	75.7523804	0.0000000	0.0000000
20.4095249	75.7523804	0.0000000	0.0000000
22.2023811	75.7523804	-0.7003348	1.5407367
23.9952374	75.7523804	0.0000000	0.0000000
25.7880955	75.7523804	-0.9104353	0.0233445
27.5809517	75.7523804	-0.3501674	1.3773252
29.3738098	75.7523804	0.0000000	0.0000000
31.1666679	75.7523804	-2.4745164	1.5173922
32.9595261	75.7523804	-0.2918062	0.1400670
34.7523804	75.7523804	0.4435454	3.0347843
36.5452385	75.7523804	0.0000000	0.0000000
38.3380966	75.7523804	-3.6767578	1.5290644
40.1309547	75.7523804	0.0000000	4.4938149
41.9238091	75.7523804	-2.1827102	0.0116722
43.7166672	75.7523804	0.0000000	0.0000000
45.5095253	75.7523804	-0.0583612	1.5290644
47.3023796	75.7523804	0.0000000	0.0000000
49.0952377	75.7523804	0.0000000	0.0000000
50.8880959	75.7523804	0.0000000	0.0000000
52.6809540	75.7523804	0.0000000	0.0000000
54.4738083	75.7523804	0.0000000	0.0000000
56.2666664	75.7523804	0.0000000	0.0000000
58.0595245	75.7523804	0.0000000	0.0000000
59.8523788	75.7523804	0.0000000	0.0000000
61.6452408	75.7523804	0.0000000	0.0000000
63.4380951	75.7523804	0.0000000	0.0000000
65.2309494	75.7523804	0.0000000	0.0000000
67.0238113	75.7523804	0.0000000	0.0000000
68.8166656	75.7523804	0.0000000	0.0000000
70.6095276	75.7523804	0.0000000	0.0000000
-1.1047620	77.5452347	0.0000000	0.0000000
0.6880952	77.5452347	0.0000000	0.0000000
2.4809523	77.5452347	0.0000000	0.0000000
4.2738094	77.5452347	0.0466890	-0.3384952
6.0666666	77.5452347	0.0817057	-0.3268229
7.8595233	77.5452347	-0.3268229	0.0116722
9.6523809	77.5452347	-1.2255859	0.8520740
11.4452381	77.5452347	-1.5290644	0.0466890
13.2380953	77.5452347	-1.8558873	-0.0817057
15.0309525	77.5452347	-1.4123420	-0.0116722
16.8238087	77.5452347	-1.8792318	1.4590309
18.6166668	77.5452347	0.0000000	0.0000000
20.4095249	77.5452347	0.0000000	0.0000000
22.2023811	77.5452347	0.0000000	0.0000000
23.9952374	77.5452347	0.0000000	0.0000000
25.7880955	77.5452347	0.0000000	0.0000000
27.5809517	77.5452347	0.0000000	0.0000000
29.3738098	77.5452347	0.2334449	-1.4356863
31.1666679	77.5452347	0.0000000	0.0000000
32.9595261	77.5452347	0.0000000	0.0000000
34.7523804	77.5452347	0.0000000	0.0000000
36.5452385	77.5452347	-2.5095332	2.9647508
38.3380966	77.5452347	-3.1164899	2.6846168
40.1309547	77.5452347	-2.9997675	4.5405040
41.9238091	77.5452347	0.0000000	0.0000000
43.7166672	77.5452347	0.0000000	0.0000000
45.5095253	77.5452347	0.0000000	0.0000000
47.3023796	77.5452347	1.8091983	0.0116722
49.0952377	77.5452347	0.0000000	0.0000000
50.8880959	77.5452347	-0.0817057	1.4707031
52.6809540	77.5452347	0.0000000	0.0000000
54.4738083	77.5452347	0.0000000	0.0000000
56.2666664	77.5452347	0.0000000	0.0000000
58.0595245	77.5452347	0.0000000	0.0000000
59.8523788	77.5452347	0.0000000	0.0000000
61.6452408	77.5452347	0.3384952	1.5290644
63.4380951	77.5452347	0.0466890	0.1167225
65.2309494	77.5452347	0.2217727	0.2567894
67.0238113	77.5452347	0.0000000	0.0000000
68.8166656	77.5452347	0.0000000	0.0000000
70.6095276	77.5452347	0.0000000	0.0000000
-1.1047620	79.3380966	0.0000000	0.0000000
0.6880952	79.3380966	0.0000000	0.0000000
2.4809523	79.3380966	0.0000000	0.0000000
4.2738094	79.3380966	-0.0700335	-0.0233445
6.0666666	79.3380966	-0.0466890	0.0350167
7.8595233	79.3380966	-1.7041481	0.1867560
9.6523809	79.3380966	-1.9492652	0.2217727
11.4452381	79.3380966	-2.0893323	0.0350167
13.2380953	79.3380966	0.0000000	0.0000000
15.0309525	79.3380966	-1.7975261	-0.0116722
16.8238087	79.3380966	-2.4278274	1.3072917
18.6166668	79.3380966	0.0000000	0.0000000
20.4095249	79.3380966	0.0000000	0.0000000
22.2023811	79.3380966	0.0000000	0.0000000
23.9952374	79.3380966	-2.2994328	0.0466890
25.7880955	79.3380966	-1.9492652	0.0583612
27.5809517	79.3380966	0.0000000	0.0000000
29.3738098	79.3380966	-1.5057199	1.5874256
31.1666679	79.3380966	1.9842820	5.9645185
32.9595261	79.3380966	-2.2877605	1.7041481
34.7523804	79.3380966	-2.0309711	1.4123420
36.5452385	79.3380966	0.0000000	0.0000000
38.3380966	79.3380966	0.0000000	0.0000000
40.1309547	79.3380966	0.0000000	0.0000000
41.9238091	79.3380966	0.0000000	0.0000000
43.7166672	79.3380966	0.0000000	0.0000000
45.5095253	79.3380966	0.0000000	0.0000000
47.3023796	79.3380966	0.0000000	0.0000000
49.0952377	79.3380966	0.0000000	0.0000000
50.8880959	79.3380966	0.0000000	0.0000000
52.6809540	79.3380966	-0.4435454	4.7622766
54.4738083	79.3380966	0.0000000	0.0000000
56.2666664	79.3380966	0.0000000	0.0000000
58.0595245	79.3380966	0.0000000	0.0000000
59.8523788	79.3380966	-0.1750837	4.7506046
61.6452408	79.3380966	-0.1050502	0.2801339
63.4380951	79.3380966	0.0466890	0.0000000
65.2309494	79.3380966	0.1050502	-0.3034784
67.0238113	79.3380966	0.0000000	0.0000000
68.8166656	79.3380966	0.0000000	0.0000000
70.6095276	79.3380966	0.0000000	0.0000000
-1.1047620	81.1309509	0.0000000	0.0000000
0.6880952	81.1309509	0.0000000	0.0000000
2.4809523	81.1309509	0.0000000	0.0000000
4.2738094	81.1309509	-0.2918062	-0.3268229
6.0666666	81.1309509	-0.6653181	0.4902344
7.8595233	81.1309509	-1.3656529	0.7470238
9.6523809	81.1309509	-2.1010046	0.3151507
11.4452381	81.1309509	-2.0659878	0.2217727
13.2380953	81.1309509	0.1167225	-1.3189639
15.0309525	81.1309509	0.0000000	0.0000000
16.8238087	81.1309509	-2.9414063	1.4707031
18.6166668	81.1309509	0.0000000	0.0000000
20.4095249	81.1309509	-2.4278274	1.6457869
22.2023811	81.1309509	-2.0893323	1.3189639
23.9952374	81.1309509	-1.9375930	0.6186291
25.7880955	81.1309509	0.0000000	0.0000000
27.5809517	81.1309509	0.0000000	0.0000000
29.3738098	81.1309509	-2.0309711	1.6808035
31.1666679	81.1309509	-2.1710379	1.8675596
32.9595261	81.1309509	-2.2293992	1.8558873
34.7523804	81.1309509	-1.9609375	1.9142486
36.5452385	81.1309509	2.9997675	-4.5405040
38.3380966	81.1309509	0.0000000	0.0000000
40.1309547	81.1309509	0.0000000	0.0000000
41.9238091	81.1309509	0.0000000	0.0000000
43.7166672	81.1309509	-1.3889974	1.5173922
45.5095253	81.1309509	-0.3968564	0.0466890
47.3023796	81.1309509	0.0000000	0.0000000
49.0952377	81.1309509	0.0000000	0.0000000
50.8880959	81.1309509	0.0000000	0.0000000
52.6809540	81.1309509	0.0000000	0.0000000
54.4738083	81.1309509	0.0466890	5.9995351
56.2666664	81.1309509	-0.1867560	4.4704709
58.0595245	81.1309509	0.0000000	0.0000000
59.8523788	81.1309509	0.0000000	0.0000000
61.6452408	81.1309509	0.0000000	0.0000000
63.4380951	81.1309509	-0.0233445	0.0116722
65.2309494	81.1309509	0.0000000	0.0000000
67.0238113	81.1309509	0.0000000	0.0000000
68.8166656	81.1309509	0.0000000	0.0000000
70.6095276	81.1309509	0.0000000	0.0000000
-1.1047620	82.9238052	0.0000000	0.0000000
0.6880952	82.9238052	0.0000000	0.0000000
2.4809523	82.9238052	0.0000000	0.0000000
4.2738094	82.9238052	-0.1984282	-0.0933780
6.0666666	82.9238052	-0.7353516	-0.1867560
7.8595233	82.9238052	-1.2139137	0.6419736
9.6523809	82.9238052	-1.9259208	0.7353516
11.4452381	82.9238052	-1.6341146	0.6419736
13.2380953	82.9238052	-2.2994328	0.0466890
15.0309525	82.9238052	-2.0893323	0.0000000
16.8238087	82.9238052	-2.1710379	0.1050502
18.6166668	82.9238052	-2.2644160	1.4356863
20.4095249	82.9238052	-2.3694661	1.3656529
22.2023811	82.9238052	-2.1827102	0.8637463
23.9952374	82.9238052	-1.8091983	0.1050502
25.7880955	82.9238052	0.0000000	0.0000000
27.5809517	82.9238052	0.0000000	0.0000000
29.3738098	82.9238052	-2.0076265	1.5173922
31.1666679	82.9238052	-2.0543156	1.7274926
32.9595261	82.9238052	-2.4161551	1.8558873
34.7523804	82.9238052	0.0000000	0.0000000
36.5452385	82.9238052	-0.2217727	-0.0466890
38.3380966	82.9238052	-0.0933780	0.0350167
40.1309547	82.9238052	-0.1867560	0.0116722
41.9238091	82.9238052	-0.2567894	0.1517392
43.7166672	82.9238052	-1.4240142	1.6457869
45.5095253	82.9238052	0.0000000	0.0000000
47.3023796	82.9238052	0.0000000	0.0000000
49.0952377	82.9238052	0.0000000	0.0000000
50.8880959	82.9238052	0.0000000	0.0000000
52.6809540	82.9238052	0.0000000	0.0000000
54.4738083	82.9238052	0.0000000	0.0000000
56.2666664	82.9238052	0.0000000	0.0000000
58.0595245	82.9238052	0.0000000	0.0000000
59.8523788	82.9238052	0.0000000	0.0000000
61.6452408	82.9238052	0.0000000	0.0000000
63.4380951	82.9238052	-0.0700335	1.4473586
65.2309494	82.9238052	-0.0933780	1.5757533
67.0238113	82.9238052	-0.0583612	1.1205357
68.8166656	82.9238052	0.0000000	0.0000000
70.6095276	82.9238052	0.0000000	0.0000000
-1.1047620	84.7166595	0.0000000	0.0000000
0.6880952	84.7166595	0.0000000	0.0000000
2.4809523	84.7166595	0.0000000	0.0000000
4.2738094	84.7166595	0.0350167	-0.6186291
6.0666666	84.7166595	-0.1750837	-0.3501674
7.8595233	84.7166595	-1.5057199	1.3189639
9.6523809	84.7166595	-2.0893323	1.0855190
11.4452381	84.7166595	-0.2567894	1.6691314
13.2380953	84.7166595	-2.3111050	0.0700335
15.0309525	84.7166595	-1.9726098	0.0116722
16.8238087	84.7166595	-1.9842820	0.1867560
18.6166668	84.7166595	-1.4590309	0.1400670
20.4095249	84.7166595	-0.2567894	0.1283947
22.2023811	84.7166595	-1.6574591	0.0350167
23.9952374	84.7166595	0.0000000	0.0000000
25.7880955	84.7166595	0.0000000	0.0000000
27.5809517	84.7166595	-1.3656529	0.0583612
29.3738098	84.7166595	-2.4044828	1.5407367
31.1666679	84.7166595	0.0000000	0.0000000
32.9595261	84.7166595	-2.2060547	2.6846168
34.7523804	84.7166595	0.0000000	0.0000000
36.5452385	84.7166595	0.0000000	0.0000000
38.3380966	84.7166595	0.0000000	0.0000000
40.1309547	84.7166595	0.0000000	0.0000000
41.9238091	84.7166595	0.0000000	0.0000000
43.7166672	84.7166595	0.0000000	0.0000000
45.5095253	84.7166595	0.0000000	0.0000000
47.3023796	84.7166595	0.0000000	0.0000000
49.0952377	84.7166595	0.0000000	0.0000000
50.8880959	84.7166595	0.0000000	0.0000000
52.6809540	84.7166595	0.0000000	0.0000000
54.4738083	84.7166595	0.0116722	1.5874256
56.2666664	84.7166595	-0.1750837	1.5290644
58.0595245	84.7166595	0.0000000	0.0000000
59.8523788	84.7166595	0.0000000	0.0000000
61.6452408	84.7166595	-0.7120071	0.1050502
63.4380951	84.7166595	0.0000000	0.0000000
65.2309494	84.7166595	0.0000000	0.0000000
67.0238113	84.7166595	0.0000000	0.0000000
68.8166656	84.7166595	0.0000000	0.0000000
70.6095276	84.7166595	0.0000000	0.0000000
-1.1047620	86.5095291	0.0000000	0.0000000
0.6880952	86.5095291	0.0000000	0.0000000
2.4809523	86.5095291	0.0000000	0.0000000
4.2738094	86.5095291	-0.2334449	-0.6186291
6.0666666	86.5095291	-0.4902344	-0.2451172
7.8595233	86.5095291	-1.7274926	1.2722750
9.6523809	86.5095291	-1.9375930	1.1438802
11.4452381	86.5095291	-1.0505023	1.3189639
13.2380953	86.5095291	-1.9726098	0.0350167
15.0309525	86.5095291	-1.7041481	0.1283947
16.8238087	86.5095291	-1.4823754	0.2101004
18.6166668	86.5095291	-1.5173922	0.0817057
20.4095249	86.5095291	-1.3189639	0.0350167
22.2023811	86.5095291	0.0000000	0.0000000
23.9952374	86.5095291	0.0000000	0.0000000
25.7880955	86.5095291	0.0000000	0.0000000
27.5809517	86.5095291	-1.9959543	1.3072917
29.3738098	86.5095291	-2.1710379	1.4006697
31.1666679	86.5095291	0.0000000	0.0000000
32.9595261	86.5095291	0.0000000	0.0000000
34.7523804	86.5095291	-2.1360211	3.1865234
36.5452385	86.5095291	-2.2410715	2.7429781
38.3380966	86.5095291	-0.9687965	0.2451172
40.1309547	86.5095291	0.0000000	0.0000000
41.9238091	86.5095291	0.0000000	0.0000000
43.7166672	86.5095291	-1.4590309	1.4473586
45.5095253	86.5095291	-1.4006697	1.4006697
47.3023796	86.5095291	0.0000000	0.0000000
49.0952377	86.5095291	0.0000000	0.0000000
50.8880959	86.5095291	0.2567894	0.0583612
52.6809540	86.5095291	0.0000000	0.0000000
54.4738083	86.5095291	0.1400670	1.5173922
56.2666664	86.5095291	0.0000000	0.0000000
58.0595245	86.5095291	0.1984282	0.0350167
59.8523788	86.5095291	0.0000000	0.0000000
61.6452408	86.5095291	0.0000000	0.0000000
63.4380951	86.5095291	-0.0466890	2.6262555
65.2309494	86.5095291	-0.0350167	0.1867560
67.0238113	86.5095291	-0.0466890	0.2684617
68.8166656	86.5095291	0.0000000	0.0000000
70.6095276	86.5095291	0.0000000	0.0000000
-1.1047620	88.3023834	0.0000000	0.0000000
0.6880952	88.3023834	0.0000000	0.0000000
2.4809523	88.3023834	0.0000000	0.0000000
4.2738094	88.3023834	-0.8404018	-0.2801339
6.0666666	88.3023834	0.0000000	0.0000000
7.8595233	88.3023834	-1.7158203	1.5874256
9.6523809	88.3023834	-2.3461218	1.4123420
11.4452381	88.3023834	-1.6341146	1.2489305
13.2380953	88.3023834	0.0000000	0.0000000
15.0309525	88.3023834	-1.9025763	0.2101004
16.8238087	88.3023834	-1.8091983	0.1634115
18.6166668	88.3023834	-1.7741816	0.1517392
20.4095249	88.3023834	-1.8325428	0.1400670
22.2023811	88.3023834	-1.9142486	1.2839472
23.9952374	88.3023834	-0.8987631	0.2567894
25.7880955	88.3023834	-1.0038133	1.1905692
27.5809517	88.3023834	-2.0426433	1.4707031
29.3738098	88.3023834	-1.8792318	1.3423084
31.1666679	88.3023834	-2.2527437	1.3656529
32.9595261	88.3023834	0.0000000	0.0000000
34.7523804	88.3023834	-0.5252512	0.0817057
36.5452385	88.3023834	-0.5602679	0.0116722
38.3380966	88.3023834	-2.8013394	-3.1515067
40.1309547	88.3023834	0.0350167	0.3851842
41.9238091	88.3023834	-0.6769903	0.1050502
43.7166672	88.3023834	0.0000000	0.0000000
45.5095253	88.3023834	0.0000000	0.0000000
47.3023796	88.3023834	0.0233445	2.8246839
49.0952377	88.3023834	-0.0583612	1.4823754
50.8880959	88.3023834	-0.7236793	1.5173922
52.6809540	88.3023834	0.4085287	0.0466890
54.4738083	88.3023834	0.0000000	0.0000000
56.2666664	88.3023834	-0.2101004	0.0933780
58.0595245	88.3023834	-0.3151507	0.2101004
59.8523788	88.3023834	0.0000000	0.0000000
61.6452408	88.3023834	0.0583612	1.1788970
63.4380951	88.3023834	0.0700335	0.8987631
65.2309494	88.3023834	-0.0817057	0.9221075
67.0238113	88.3023834	-0.0350167	0.8987631
68.8166656	88.3023834	0.0000000	0.0000000
70.6095276	88.3023834	0.0000000	0.0000000
-1.1047620	90.0952377	0.0000000	0.0000000
0.6880952	90.0952377	0.0000000	0.0000000
2.4809523	90.0952377	0.0000000	0.0000000
4.2738094	90.0952377	-0.7586961	-0.1050502
6.0666666	90.0952377	0.0000000	0.0000000
7.8595233	90.0952377	-1.9492652	1.4123420
9.6523809	90.0952377	0.0000000	0.0000000
11.4452381	90.0952377	-2.0543156	1.3539807
13.2380953	90.0952377	-2.4861887	0.6886626
15.0309525	90.0952377	0.0000000	0.0000000
16.8238087	90.0952377	-2.5328777	1.2722750
18.6166668	90.0952377	-2.2410715	0.7937128
20.4095249	90.0952377	-1.8442150	0.9337798
22.2023811	90.0952377	-1.3656529	0.1400670
23.9952374	90.0952377	-1.4356863	1.1205357
25.7880955	90.0952377	-1.3072917	1.2606027
27.5809517	90.0952377	-2.2060547	2.8013394
29.3738098	90.0952377	0.0000000	0.0000000
31.1666679	90.0952377	0.0000000	0.0000000
32.9595261	90.0952377	0.0000000	0.0000000
34.7523804	90.0952377	0.0000000	0.0000000
36.5452385	90.0952377	0.0000000	0.0000000
38.3380966	90.0952377	0.0000000	0.0000000
40.1309547	90.0952377	-1.2722750	2.9880953
41.9238091	90.0952377	-0.0933780	1.4940476
43.7166672	90.0952377	-0.4318731	0.1167225
45.5095253	90.0952377	-0.2101004	0.1400670
47.3023796	90.0952377	0.0000000	0.0000000
49.0952377	90.0952377	0.0000000	0.0000000
50.8880959	90.0952377	0.0000000	0.0000000
52.6809540	90.0952377	0.0350167	0.0933780
54.4738083	90.0952377	-0.0583612	0.0700335
56.2666664	90.0952377	-0.0817057	0.1634115
58.0595245	90.0952377	-0.0350167	0.2684617
59.8523788	90.0952377	0.0583612	0.2101004
61.6452408	90.0952377	-0.1167225	0.8404018
63.4380951	90.0952377	-0.0700335	0.7353516
65.2309494	90.0952377	0.1050502	0.9687965
67.0238113	90.0952377	0.0000000	0.0000000
68.8166656	90.0952377	0.0000000	0.0000000
70.6095276	90.0952377	0.0000000	0.0000000
-1.1047620	91.8880920	0.0000000	0.0000000
0.6880952	91.8880920	0.0000000	0.0000000
2.4809523	91.8880920	-0.0700335	-1.4240142
4.2738094	91.8880920	-0.5719401	0.0116722
6.0666666	91.8880920	0.0000000	0.0000000
7.8595233	91.8880920	-1.5173922	0.3151507
9.6523809	91.8880920	-1.0621744	0.0466890
11.4452381	91.8880920	-2.2410715	0.1750837
13.2380953	91.8880920	-2.7546504	1.3656529
15.0309525	91.8880920	-2.3111050	1.4473586
16.8238087	91.8880920	-2.3227773	1.5057199
18.6166668	91.8880920	-2.3461218	1.3072917
20.4095249	91.8880920	-1.9025763	1.2022414
22.2023811	91.8880920	-1.1555525	0.1050502
23.9952374	91.8880920	-0.8520740	0.0583612
25.7880955	91.8880920	-1.3189639	1.6691314
27.5809517	91.8880920	-0.3268229	1.5757533
29.3738098	91.8880920	-1.7274926	1.9375930
31.1666679	91.8880920	-1.5057199	1.4707031
32.9595261	91.8880920	0.0000000	0.0000000
34.7523804	91.8880920	0.0000000	0.0000000
36.5452385	91.8880920	0.0000000	0.0000000
38.3380966	91.8880920	-2.3227773	0.0700335
40.1309547	91.8880920	-1.5057199	0.0466890
41.9238091	91.8880920	-1.4123420	0.0233445
43.7166672	91.8880920	0.0000000	0.0000000
45.5095253	91.8880920	0.0000000	0.0000000
47.3023796	91.8880920	0.0000000	0.0000000
49.0952377	91.8880920	0.0000000	0.0000000
50.8880959	91.8880920	-0.0933780	1.3889974
52.6809540	91.8880920	-0.2567894	2.7896671
54.4738083	91.8880920	0.0000000	0.0000000
56.2666664	91.8880920	0.1867560	1.4123420
58.0595245	91.8880920	0.4085287	1.4707031
59.8523788	91.8880920	-0.1050502	1.3423084
61.6452408	91.8880920	-0.4785621	1.4590309
63.4380951	91.8880920	-0.1634115	1.1555525
65.2309494	91.8880920	-0.1050502	0.8287296
67.0238113	91.8880920	0.0000000	0.0000000
68.8166656	91.8880920	0.0000000	0.0000000
70.6095276	91.8880920	0.0000000	0.0000000
-1.1047620	93.6809464	0.0000000	0.0000000
0.6880952	93.6809464	0.0000000	0.0000000
2.4809523	93.6809464	0.0000000	0.0000000
4.2738094	93.6809464	-0.5952846	-0.0583612
6.0666666	93.6809464	-0.8170573	0.1400670
7.8595233	93.6809464	-1.5640811	0.6653181
9.6523809	93.6809464	-0.9571243	0.0933780
11.4452381	93.6809464	-0.8170573	0.1634115
13.2380953	93.6809464	-0.6653181	0.2217727
15.0309525	93.6809464	-2.2177269	1.5524089
16.8238087	93.6809464	-1.9609375	1.5990978
18.6166668	93.6809464	-1.6457869	1.5524089
20.4095249	93.6809464	-1.0505023	1.2606027
22.2023811	93.6809464	-0.6653181	0.0700335
23.9952374	93.6809464	-1.4590309	1.4356863
25.7880955	93.6809464	-1.5173922	1.5173922
27.5809517	93.6809464	-2.3227773	1.1438802
29.3738098	93.6809464	-2.1360211	1.3539807
31.1666679	93.6809464	-1.3072917	1.4590309
32.9595261	93.6809464	-1.1672248	1.5757533
34.7523804	93.6809464	-0.0817057	1.1788970
36.5452385	93.6809464	-2.9764230	0.7937128
38.3380966	93.6809464	0.0000000	0.0000000
40.1309547	93.6809464	0.0000000	0.0000000
41.9238091	93.6809464	-2.6496000	1.5057199
43.7166672	93.6809464	0.0000000	0.0000000
45.5095253	93.6809464	0.0000000	0.0000000
47.3023796	93.6809464	-0.6186291	0.4552176
49.0952377	93.6809464	-0.5485956	0.2334449
50.8880959	93.6809464	0.0000000	0.0000000
52.6809540	93.6809464	-0.5602679	0.1867560
54.4738083	93.6809464	0.1283947	0.0116722
56.2666664	93.6809464	1.0038133	0.1750837
58.0595245	93.6809464	0.0000000	0.0000000
59.8523788	93.6809464	-0.9221075	0.2567894
61.6452408	93.6809464	-0.5369233	1.2489305
63.4380951	93.6809464	-0.0116722	0.9687965
65.2309494	93.6809464	0.0000000	0.0000000
67.0238113	93.6809464	0.0000000	0.0000000
68.8166656	93.6809464	0.0000000	0.0000000
70.6095276	93.6809464	0.0000000	0.0000000
-1.1047620	95.4738083	0.0000000	0.0000000
0.6880952	95.4738083	0.0000000	0.0000000
2.4809523	95.4738083	0.0000000	0.0000000
4.2738094	95.4738083	-0.3268229	0.0933780
6.0666666	95.4738083	-0.2451172	0.2101004
7.8595233	95.4738083	-0.5485956	0.3151507
9.6523809	95.4738083	-0.7937128	0.0116722
11.4452381	95.4738083	-1.0271578	-0.0933780
13.2380953	95.4738083	-0.9104353	0.0933780
15.0309525	95.4738083	-1.9609375	1.1322080
16.8238087	95.4738083	-1.9492652	1.2722750
18.6166668	95.4738083	-1.4123420	1.4823754
20.4095249	95.4738083	-0.7586961	1.3539807
22.2023811	95.4738083	0.0000000	0.0000000
23.9952374	95.4738083	-1.7274926	1.6574591
25.7880955	95.4738083	0.0000000	0.0000000
27.5809517	95.4738083	-2.0893323	0.7470238
29.3738098	95.4738083	-2.0776601	1.3072917
31.1666679	95.4738083	-1.4473586	1.6457869
32.9595261	95.4738083	-1.3306361	1.5173922
34.7523804	95.4738083	0.0000000	0.0000000
36.5452385	95.4738083	-2.1943824	1.4473586
38.3380966	95.4738083	0.0000000	0.0000000
40.1309547	95.4738083	0.0000000	0.0000000
41.9238091	95.4738083	-1.8091983	0.6653181
43.7166672	95.4738083	-1.4240142	0.2918062
45.5095253	95.4738083	-0.6653181	0.2334449
47.3023796	95.4738083	-0.4902344	0.6769903
49.0952377	95.4738083	0.0000000	0.0000000
50.8880959	95.4738083	-0.7586961	0.0116722
52.6809540	95.4738083	-0.7937128	0.0583612
54.4738083	95.4738083	-0.8170573	0.1634115
56.2666664	95.4738083	0.0000000	0.0700335
58.0595245	95.4738083	-0.0466890	1.1438802
59.8523788	95.4738083	0.0350167	1.3189639
61.6452408	95.4738083	-0.8520740	0.1634115
63.4380951	95.4738083	-0.9454520	0.2334449
65.2309494	95.4738083	-0.9571243	0.0583612
67.0238113	95.4738083	-0.0583612	0.3735119
68.8166656	95.4738083	0.0000000	0.0000000
70.6095276	95.4738083	0.0000000	0.0000000
-1.1047620	97.2666702	0.0000000	0.0000000
0.6880952	97.2666702	0.0000000	0.0000000
2.4809523	97.2666702	0.0000000	0.0000000
4.2738094	97.2666702	-0.1634115	0.3501674
6.0666666	97.2666702	-0.3501674	0.0466890
7.8595233	97.2666702	-0.6769903	-0.0466890
9.6523809	97.2666702	-0.9804688	-0.1167225
11.4452381	97.2666702	-1.1555525	-0.0466890
13.2380953	97.2666702	-1.3423084	0.0817057
15.0309525	97.2666702	-2.0659878	1.3773252
16.8238087	97.2666702	-2.2760882	1.2722750
18.6166668	97.2666702	3.9685640	-2.7429781
20.4095249	97.2666702	-1.5524089	0.6536459
22.2023811	97.2666702	0.0000000	0.0000000
23.9952374	97.2666702	-1.5990978	1.5407367
25.7880955	97.2666702	0.0000000	0.0000000
27.5809517	97.2666702	-2.2644160	0.8637463
29.3738098	97.2666702	-1.6574591	1.4707031
31.1666679	97.2666702	-1.5757533	1.5874256
32.9595261	97.2666702	0.0000000	0.0000000
34.7523804	97.2666702	0.0000000	0.0000000
36.5452385	97.2666702	0.0000000	0.0000000
38.3380966	97.2666702	0.0000000	0.0000000
40.1309547	97.2666702	-2.0659878	0.2684617
41.9238091	97.2666702	-1.9259208	0.4668899
43.7166672	97.2666702	-1.2139137	1.0621744
45.5095253	97.2666702	-0.6886626	0.1517392
47.3023796	97.2666702	-0.2451172	0.3501674
49.0952377	97.2666702	0.0000000	0.0000000
50.8880959	97.2666702	-1.0505023	0.0933780
52.6809540	97.2666702	-0.4202009	1.4590309
54.4738083	97.2666702	0.0000000	0.0000000
56.2666664	97.2666702	0.0000000	0.0000000
58.0595245	97.2666702	0.0933780	2.9063895
59.8523788	97.2666702	-0.7937128	1.4707031
61.6452408	97.2666702	-0.9104353	1.0154855
63.4380951	97.2666702	-0.1984282	0.8053851
65.2309494	97.2666702	-0.8170573	0.0817057
67.0238113	97.2666702	-0.0466890	0.7470238
68.8166656	97.2666702	0.0000000	0.0000000
70.6095276	97.2666702	0.0000000	0.0000000
-1.1047620	99.0595245	0.0000000	0.0000000
0.6880952	99.0595245	0.0000000	0.0000000
2.4809523	99.0595245	0.0000000	0.0000000
4.2738094	99.0595245	-0.0700335	0.6186291
6.0666666	99.0595245	-0.5369233	0.1167225
7.8595233	99.0595245	-0.6419736	-0.1167225
9.6523809	99.0595245	-0.9337798	-0.1400670
11.4452381	99.0595245	-1.0621744	0.0116722
13.2380953	99.0595245	-1.4473586	0.2801339
15.0309525	99.0595245	0.0000000	0.0000000
16.8238087	99.0595245	-2.6729445	1.0621744
18.6166668	99.0595245	-2.0659878	0.0350167
20.4095249	99.0595245	-1.8325428	0.3851842
22.2023811	99.0595245	-1.1905692	0.3618397
23.9952374	99.0595245	0.0000000	0.0000000
25.7880955	99.0595245	-0.3384952	3.1981957
27.5809517	99.0595245	-1.4940476	1.6924758
29.3738098	99.0595245	-1.4473586	1.6341146
31.1666679	99.0595245	0.0000000	0.0000000
32.9595261	99.0595245	-1.7508371	2.8597007
34.7523804	99.0595245	0.0000000	0.0000000
36.5452385	99.0595245	0.0000000	0.0000000
38.3380966	99.0595245	-0.6536459	-0.0700335
40.1309547	99.0595245	-0.4318731	1.4823754
41.9238091	99.0595245	-1.2255859	0.0700335
43.7166672	99.0595245	-1.4006697	0.0933780
45.5095253	99.0595245	-0.7003348	0.1517392
47.3023796	99.0595245	0.0000000	0.1400670
49.0952377	99.0595245	0.7703683	1.5173922
50.8880959	99.0595245	0.5836124	1.4356863
52.6809540	99.0595245	0.0000000	0.0000000
54.4738083	99.0595245	0.0000000	0.0000000
56.2666664	99.0595245	0.0000000	0.5369233
58.0595245	99.0595245	-0.3501674	1.1322080
59.8523788	99.0595245	-1.2139137	1.5757533
61.6452408	99.0595245	0.0933780	0.3151507
63.4380951	99.0595245	-0.0700335	-0.0116722
65.2309494	99.0595245	-0.7003348	0.0116722
67.0238113	99.0595245	0.0000000	0.0000000
68.8166656	99.0595245	0.0000000	0.0000000
70.6095276	99.0595245	0.0000000	0.0000000
-1.1047620	100.8523788	0.0000000	0.0000000
0.6880952	100.8523788	0.0000000	0.0000000
2.4809523	100.8523788	0.0000000	0.0000000
4.2738094	100.8523788	-0.3501674	0.2567894
6.0666666	100.8523788	-0.3501674	0.3384952
7.8595233	100.8523788	-0.7703683	0.0700335
9.6523809	100.8523788	-0.8053851	-0.1400670
11.4452381	100.8523788	-0.9221075	0.0466890
13.2380953	100.8523788	-0.9921410	0.2801339
15.0309525	100.8523788	-1.9375930	0.0466890
16.8238087	100.8523788	-0.7703683	0.0700335
18.6166668	100.8523788	-1.0738467	0.0000000
20.4095249	100.8523788	-1.6808035	0.6769903
22.2023811	100.8523788	-1.6691314	0.8520740
23.9952374	100.8523788	0.0000000	0.0000000
25.7880955	100.8523788	-1.4240142	2.9180617
27.5809517	100.8523788	-1.1322080	1.8442150
29.3738098	100.8523788	-1.2956195	1.7975261
31.1666679	100.8523788	-1.7858539	2.9414063
32.9595261	100.8523788	0.0000000	0.0000000
34.7523804	100.8523788	0.0000000	0.0000000
36.5452385	100.8523788	0.0000000	0.0000000
38.3380966	100.8523788	0.0000000	0.0000000
40.1309547	100.8523788	-0.3618397	0.1517392
41.9238091	100.8523788	-0.7470238	0.2451172
43.7166672	100.8523788	-0.1400670	-0.0583612
45.5095253	100.8523788	0.0000000	0.0000000
47.3023796	100.8523788	-0.2217727	1.4123420
49.0952377	100.8523788	0.0000000	0.0000000
50.8880959	100.8523788	0.0000000	0.0000000
52.6809540	100.8523788	0.1984282	1.2255859
54.4738083	100.8523788	0.6536459	1.4006697
56.2666664	100.8523788	1.4123420	0.2801339
58.0595245	100.8523788	-0.0116722	0.7586961
59.8523788	100.8523788	-0.3618397	0.4552176
61.6452408	100.8523788	0.6653181	-0.0700335
63.4380951	100.8523788	-0.2217727	0.6886626
65.2309494	100.8523788	-0.0817057	-0.0233445
67.0238113	100.8523788	0.0116722	-0.5602679
68.8166656	100.8523788	0.0000000	0.0000000
70.6095276	100.8523788	0.0000000	0.0000000
-1.1047620	102.6452332	0.0000000	0.0000000
0.6880952	102.6452332	0.0000000	0.0000000
2.4809523	102.6452332	0.0000000	0.0000000
4.2738094	102.6452332	-0.2918062	0.2451172
6.0666666	102.6452332	-0.4202009	0.1984282
7.8595233	102.6452332	-0.5485956	0.0817057
9.6523809	102.6452332	-0.7353516	-0.0583612
11.4452381	102.6452332	-0.7003348	0.0700335
13.2380953	102.6452332	-1.2489305	0.4902344
15.0309525	102.6452332	-1.0971912	0.5135789
16.8238087	102.6452332	-0.9337798	0.1283947
18.6166668	102.6452332	-1.0388300	0.0466890
20.4095249	102.6452332	-0.9687965	-0.0116722
22.2023811	102.6452332	-2.2644160	1.5290644
23.9952374	102.6452332	0.0000000	0.0000000
25.7880955	102.6452332	1.7041481	-3.6300688
27.5809517	102.6452332	-0.3851842	0.2334449
29.3738098	102.6452332	-1.1088635	0.0817057
31.1666679	102.6452332	0.0000000	0.0000000
32.9595261	102.6452332	-2.6262555	2.9647508
34.7523804	102.6452332	-2.5328777	-0.0817057
36.5452385	102.6452332	0.0000000	0.0000000
38.3380966	102.6452332	-0.0700335	1.4707031
40.1309547	102.6452332	-1.2255859	0.9454520
41.9238091	102.6452332	-1.5874256	0.5252512
43.7166672	102.6452332	0.0000000	0.0000000
45.5095253	102.6452332	-0.5485956	1.3189639
47.3023796	102.6452332	-0.4318731	1.7508371
49.0952377	102.6452332	-0.1400670	1.3539807
50.8880959	102.6452332	0.2101004	1.9842820
52.6809540	102.6452332	0.0817057	2.2293992
54.4738083	102.6452332	-0.9221075	0.1400670
56.2666664	102.6452332	0.6303014	0.7470238
58.0595245	102.6452332	0.0000000	0.0000000
59.8523788	102.6452332	0.0000000	0.0000000
61.6452408	102.6452332	-0.7703683	1.4240142
63.4380951	102.6452332	-0.1984282	0.5019066
65.2309494	102.6452332	-0.1167225	0.1400670
67.0238113	102.6452332	0.0350167	-0.0700335
68.8166656	102.6452332	0.0000000	0.0000000
70.6095276	102.6452332	0.0000000	0.0000000
-1.1047620	104.4380951	0.0000000	0.0000000
0.6880952	104.4380951	0.0000000	0.0000000
2.4809523	104.4380951	0.0000000	0.0000000
4.2738094	104.4380951	-0.5369233	0.0933780
6.0666666	104.4380951	-0.4435454	0.0233445
7.8595233	104.4380951	-0.4202009	0.0350167
9.6523809	104.4380951	-0.6186291	-0.0350167
11.4452381	104.4380951	-0.7937128	0.0116722
13.2380953	104.4380951	-0.6186291	0.0817057
15.0309525	104.4380951	-0.9221075	0.0700335
16.8238087	104.4380951	-1.0388300	0.0700335
18.6166668	104.4380951	-1.4473586	0.0233445
20.4095249	104.4380951	-1.2606027	0.2334449
22.2023811	104.4380951	-2.3111050	2.1243489
23.9952374	104.4380951	-2.0192988	2.1827102
25.7880955	104.4380951	-1.3423084	2.0543156
27.5809517	104.4380951	0.0000000	0.0000000
29.3738098	104.4380951	-1.4940476	2.4511719
31.1666679	104.4380951	-1.6574591	2.2760882
32.9595261	104.4380951	-2.5795667	2.8130116
34.7523804	104.4380951	0.0000000	0.0000000
36.5452385	104.4380951	0.0000000	0.0000000
38.3380966	104.4380951	0.0000000	0.0000000
40.1309547	104.4380951	-1.6224424	0.8287296
41.9238091	104.4380951	0.0000000	0.0000000
43.7166672	104.4380951	-1.5524089	0.2451172
45.5095253	104.4380951	0.0000000	0.0000000
47.3023796	104.4380951	0.1400670	0.0817057
49.0952377	104.4380951	0.1984282	0.9921410
50.8880959	104.4380951	-0.0933780	2.8013394
52.6809540	104.4380951	0.3501674	2.5562222
54.4738083	104.4380951	0.1283947	2.5795667
56.2666664	104.4380951	0.9221075	0.2684617
58.0595245	104.4380951	0.0000000	0.0000000
59.8523788	104.4380951	0.0000000	0.0000000
61.6452408	104.4380951	-0.0116722	0.1283947
63.4380951	104.4380951	-0.0583612	0.1283947
65.2309494	104.4380951	-0.0583612	0.0933780
67.0238113	104.4380951	0.0000000	0.0000000
68.8166656	104.4380951	0.0000000	0.0000000
70.6095276	104.4380951	0.0000000	0.0000000
-1.1047620	106.2309494	0.0000000	0.0000000
0.6880952	106.2309494	0.0000000	0.0000000
2.4809523	106.2309494	0.0000000	0.0000000
4.2738094	106.2309494	-0.5485956	0.0933780
6.0666666	106.2309494	-0.5135789	0.1167225
7.8595233	106.2309494	-0.2567894	-0.0350167
9.6523809	106.2309494	-0.2101004	-0.1167225
11.4452381	106.2309494	-0.5952846	-0.0233445
13.2380953	106.2309494	-0.5135789	-0.0116722
15.0309525	106.2309494	-1.4473586	0.7937128
16.8238087	106.2309494	-0.9337798	0.1634115
18.6166668	106.2309494	-1.5290644	0.2217727
20.4095249	106.2309494	0.0000000	0.0000000
22.2023811	106.2309494	0.0000000	0.0000000
23.9952374	106.2309494	-2.4745164	2.2060547
25.7880955	106.2309494	-2.2527437	2.4161551
27.5809517	106.2309494	-2.1943824	2.9297340
29.3738098	106.2309494	0.0000000	0.0000000
31.1666679	106.2309494	0.0000000	0.0000000
32.9595261	106.2309494	0.0000000	0.0000000
34.7523804	106.2309494	-0.0233445	1.5173922
36.5452385	106.2309494	0.0000000	0.0000000
38.3380966	106.2309494	-0.8170573	1.5524089
40.1309547	106.2309494	-0.2918062	0.0116722
41.9238091	106.2309494	-1.4356863	0.5252512
43.7166672	106.2309494	-1.2956195	1.4123420
45.5095253	106.2309494	-0.9687965	1.9375930
47.3023796	106.2309494	0.0000000	0.0000000
49.0952377	106.2309494	0.0000000	0.0000000
50.8880959	106.2309494	-0.0933780	2.8947172
52.6809540	106.2309494	0.0817057	2.1593657
54.4738083	106.2309494	0.1167225	1.4823754
56.2666664	106.2309494	-0.1750837	1.4707031
58.0595245	106.2309494	-0.2334449	1.5290644
59.8523788	106.2309494	0.1283947	0.0700335
61.6452408	106.2309494	-0.1517392	0.1517392
63.4380951	106.2309494	-0.2451172	0.1517392
65.2309494	106.2309494	-0.0350167	0.1167225
67.0238113	106.2309494	0.0116722	0.7236793
68.8166656	106.2309494	0.0000000	0.0000000
70.6095276	106.2309494	0.0000000	0.0000000
-1.1047620	108.0238037	0.0000000	0.0000000
0.6880952	108.0238037	0.0000000	0.0000000
2.4809523	108.0238037	0.0000000	0.0000000
4.2738094	108.0238037	-0.5369233	0.1867560
6.0666666	108.0238037	-0.3151507	0.0700335
7.8595233	108.0238037	-0.2567894	-0.0583612
9.6523809	108.0238037	-0.2101004	0.1167225
11.4452381	108.0238037	-0.5369233	0.0700335
13.2380953	108.0238037	-0.6536459	0.0350167
15.0309525	108.0238037	0.0000000	0.0000000
16.8238087	108.0238037	-1.0038133	0.2334449
18.6166668	108.0238037	-1.5524089	0.1750837
20.4095249	108.0238037	-2.4394996	0.5836124
22.2023811	108.0238037	-2.9880953	1.3656529
23.9952374	108.0238037	-2.5212054	1.8208705
25.7880955	108.0238037	0.0000000	0.0000000
27.5809517	108.0238037	0.0000000	0.0000000
29.3738098	108.0238037	-2.3111050	3.0231121
31.1666679	108.0238037	0.0000000	0.0000000
32.9595261	108.0238037	0.0000000	0.0000000
34.7523804	108.0238037	0.0000000	0.0000000
36.5452385	108.0238037	0.0350167	-0.0700335
38.3380966	108.0238037	0.0000000	0.0000000
40.1309547	108.0238037	-1.2956195	1.7975261
41.9238091	108.0238037	-0.6419736	1.3189639
43.7166672	108.0238037	-0.9687965	2.4628441
45.5095253	108.0238037	-1.0505023	2.7429781
47.3023796	108.0238037	-0.4435454	2.9530785
49.0952377	108.0238037	-0.0233445	3.0114398
50.8880959	108.0238037	-0.0817057	2.8246839
52.6809540	108.0238037	-0.4202009	0.0116722
54.4738083	108.0238037	-0.6419736	1.1322080
56.2666664	108.0238037	-0.4552176	1.4940476
58.0595245	108.0238037	-0.2684617	1.3189639
59.8523788	108.0238037	0.3268229	0.0700335
61.6452408	108.0238037	-0.2334449	0.5252512
63.4380951	108.0238037	-0.1750837	0.3151507
65.2309494	108.0238037	0.0000000	0.1750837
67.0238113	108.0238037	0.0583612	0.0350167
68.8166656	108.0238037	0.0000000	0.0000000
70.6095276	108.0238037	0.0000000	0.0000000
-1.1047620	109.8166656	0.0000000	0.0000000
0.6880952	109.8166656	0.0000000	0.0000000
2.4809523	109.8166656	0.0000000	0.0000000
4.2738094	109.8166656	-0.1517392	0.4668899
6.0666666	109.8166656	-0.2217727	0.0700335
7.8595233	109.8166656	-0.1750837	0.0933780
9.6523809	109.8166656	-0.1517392	0.2801339
11.4452381	109.8166656	-0.5369233	0.1634115
13.2380953	109.8166656	-0.6303014	0.0350167
15.0309525	109.8166656	-0.7586961	0.1050502
16.8238087	109.8166656	-1.4473586	1.2022414
18.6166668	109.8166656	-0.6653181	0.1283947
20.4095249	109.8166656	-1.2489305	0.3384952
22.2023811	109.8166656	-0.8987631	0.1167225
23.9952374	109.8166656	-0.2684617	0.7586961
25.7880955	109.8166656	-1.3889974	1.6341146
27.5809517	109.8166656	-2.3694661	2.8130116
29.3738098	109.8166656	0.0000000	0.0000000
31.1666679	109.8166656	-0.5485956	1.6924758
32.9595261	109.8166656	-1.7858539	2.8246839
34.7523804	109.8166656	-1.5057199	2.8947172
36.5452385	109.8166656	-1.8091983	0.3501674
38.3380966	109.8166656	-0.2567894	0.2801339
40.1309547	109.8166656	-0.8404018	0.1984282
41.9238091	109.8166656	-0.8170573	1.2489305
43.7166672	109.8166656	-1.3189639	3.1164899
45.5095253	109.8166656	-1.0855190	2.9997675
47.3023796	109.8166656	-0.0466890	0.7120071
49.0952377	109.8166656	-0.0583612	0.7586961
50.8880959	109.8166656	0.1984282	0.1634115
52.6809540	109.8166656	-0.5952846	0.0466890
54.4738083	109.8166656	-0.1400670	0.2918062
56.2666664	109.8166656	-0.3384952	1.3539807
58.0595245	109.8166656	-0.0350167	1.4473586
59.8523788	109.8166656	0.2801339	0.2451172
61.6452408	109.8166656	-0.2918062	0.1867560
63.4380951	109.8166656	-0.1283947	0.1283947
65.2309494	109.8166656	-0.1050502	0.1050502
67.0238113	109.8166656	0.0000000	0.0000000
68.8166656	109.8166656	0.0000000	0.0000000
70.6095276	109.8166656	0.0000000	0.0000000
-1.1047620	111.6095276	0.0000000	0.0000000
0.6880952	111.6095276	0.0000000	0.0000000
2.4809523	111.6095276	0.0000000	0.0000000
4.2738094	111.6095276	-0.1167225	0.5485956
6.0666666	111.6095276	-0.1050502	0.1634115
7.8595233	111.6095276	-0.1283947	0.1984282
9.6523809	111.6095276	-0.2101004	0.2451172
11.4452381	111.6095276	-0.4552176	0.1984282
13.2380953	111.6095276	-0.6303014	0.1283947
15.0309525	111.6095276	-0.7120071	0.0700335
16.8238087	111.6095276	-0.6886626	0.0583612
18.6166668	111.6095276	-0.2567894	0.0350167
20.4095249	111.6095276	-0.9921410	0.3151507
22.2023811	111.6095276	-0.7120071	0.6419736
23.9952374	111.6095276	-0.5719401	1.3072917
25.7880955	111.6095276	-0.3735119	0.1167225
27.5809517	111.6095276	-0.1283947	0.3501674
29.3738098	111.6095276	-0.6303014	2.8713727
31.1666679	111.6095276	-0.1984282	3.2799015
32.9595261	111.6095276	-1.9959543	3.2799015
34.7523804	111.6095276	-3.9452195	0.0700335
36.5452385	111.6095276	-1.3539807	1.8208705
38.3380966	111.6095276	-0.1400670	1.0271578
40.1309547	111.6095276	1.4823754	-1.5290644
41.9238091	111.6095276	-0.7236793	1.2022414
43.7166672	111.6095276	0.0000000	0.0000000
45.5095253	111.6095276	2.2177269	0.0817057
47.3023796	111.6095276	-1.3306361	2.9764230
49.0952377	111.6095276	0.0000000	0.0000000
50.8880959	111.6095276	0.0350167	0.0116722
52.6809540	111.6095276	-1.8558873	1.3423084
54.4738083	111.6095276	-0.1283947	1.3189639
56.2666664	111.6095276	0.0000000	0.0000000
58.0595245	111.6095276	-0.1750837	0.3501674
59.8523788	111.6095276	-0.1283947	0.3151507
61.6452408	111.6095276	-0.1283947	0.5719401
63.4380951	111.6095276	-0.1984282	0.3151507
65.2309494	111.6095276	-0.0583612	0.1050502
67.0238113	111.6095276	0.0000000	0.0000000
68.8166656	111.6095276	0.0000000	0.0000000
70.6095276	111.6095276	0.0000000	0.0000000
-1.1047620	113.4023819	0.0000000	0.0000000
0.6880952	113.4023819	0.0000000	0.0000000
2.4809523	113.4023819	0.0000000	0.0000000
4.2738094	113.4023819	-0.1167225	0.7703683
6.0666666	113.4023819	-0.2567894	0.5019066
7.8595233	113.4023819	-0.2918062	0.0466890
9.6523809	113.4023819	-0.4202009	0.1867560
11.4452381	113.4023819	-0.5836124	0.1984282
13.2380953	113.4023819	-0.6419736	0.1867560
15.0309525	113.4023819	-0.6536459	0.1400670
16.8238087	113.4023819	-1.1205357	0.7586961
18.6166668	113.4023819	0.0000000	0.0000000
20.4095249	113.4023819	-0.9454520	0.3618397
22.2023811	113.4023819	-0.8637463	0.5019066
23.9952374	113.4023819	-0.7353516	0.8404018
25.7880955	113.4023819	-0.8170573	1.2372582
27.5809517	113.4023819	-0.7703683	0.7120071
29.3738098	113.4023819	-1.1672248	0.5369233
31.1666679	113.4023819	-0.0817057	0.9571243
32.9595261	113.4023819	-1.6691314	-4.7506046
34.7523804	113.4023819	-0.0233445	1.0388300
36.5452385	113.4023819	-1.2722750	1.7158203
38.3380966	113.4023819	-0.6186291	0.2217727
40.1309547	113.4023819	0.0116722	0.9221075
41.9238091	113.4023819	-0.6769903	0.8287296
43.7166672	113.4023819	0.0116722	0.7703683
45.5095253	113.4023819	-0.2567894	3.3032460
47.3023796	113.4023819	-0.2217727	3.3616071
49.0952377	113.4023819	-0.9337798	5.9878626
50.8880959	113.4023819	0.0000000	0.0000000
52.6809540	113.4023819	-1.5407367	1.1205357
54.4738083	113.4023819	-0.7937128	1.3889974
56.2666664	113.4023819	-0.6536459	0.9337798
58.0595245	113.4023819	-0.5952846	0.0233445
59.8523788	113.4023819	-0.2217727	0.1517392
61.6452408	113.4023819	-0.4902344	0.1400670
63.4380951	113.4023819	-0.2918062	0.1400670
65.2309494	113.4023819	0.0000000	0.0000000
67.0238113	113.4023819	0.0000000	0.0000000
68.8166656	113.4023819	0.0000000	0.0000000
70.6095276	113.4023819	0.0000000	0.0000000
-1.1047620	115.1952362	0.0000000	0.0000000
0.6880952	115.1952362	0.0000000	0.0000000
2.4809523	115.1952362	0.0116722	0.8754185
4.2738094	115.1952362	-0.1634115	0.8287296
6.0666666	115.1952362	-0.1867560	0.8754185
7.8595233	115.1952362	-0.4668899	0.1750837
9.6523809	115.1952362	-0.4202009	0.2101004
11.4452381	115.1952362	-0.5369233	0.1283947
13.2380953	115.1952362	-0.5952846	0.1750837
15.0309525	115.1952362	-0.6886626	0.1867560
16.8238087	115.1952362	-0.7120071	0.1517392
18.6166668	115.1952362	-0.8053851	0.0466890
20.4095249	115.1952362	-0.6769903	0.0583612
22.2023811	115.1952362	-0.7937128	0.6303014
23.9952374	115.1952362	-0.7470238	0.8053851
25.7880955	115.1952362	-0.5135789	0.8520740
27.5809517	115.1952362	-0.7120071	0.6769903
29.3738098	115.1952362	-0.6536459	0.9571243
31.1666679	115.1952362	-0.7820405	1.0271578
32.9595261	115.1952362	-0.8754185	0.3501674
34.7523804	115.1952362	0.0000000	0.0000000
36.5452385	115.1952362	-0.2101004	0.6886626
38.3380966	115.1952362	0.0000000	0.0000000
40.1309547	115.1952362	0.1167225	1.2839472
41.9238091	115.1952362	0.4668899	1.4590309
43.7166672	115.1952362	0.0000000	0.0000000
45.5095253	115.1952362	-0.2217727	-0.7236793
47.3023796	115.1952362	-0.6769903	0.0000000
49.0952377	115.1952362	-0.7353516	2.9063895
50.8880959	115.1952362	-1.4240142	1.8208705
52.6809540	115.1952362	-1.4006697	2.0309711
54.4738083	115.1952362	-1.0038133	1.5990978
56.2666664	115.1952362	-0.9454520	0.4785621
58.0595245	115.1952362	-0.8287296	-0.0350167
59.8523788	115.1952362	-0.1167225	0.0466890
61.6452408	115.1952362	-0.6303014	0.2567894
63.4380951	115.1952362	-0.1400670	0.0817057
65.2309494	115.1952362	-0.0583612	0.4435454
67.0238113	115.1952362	0.2101004	0.7586961
68.8166656	115.1952362	-0.0116722	0.5369233
70.6095276	115.1952362	0.0000000	0.0000000
-1.1047620	116.9880905	0.0000000	0.0000000
0.6880952	116.9880905	0.0000000	0.0000000
2.4809523	116.9880905	-0.2334449	1.4356863
4.2738094	116.9880905	-0.3851842	1.3889974
6.0666666	116.9880905	-0.1167225	1.3189639
7.8595233	116.9880905	-0.3735119	0.1050502
9.6523809	116.9880905	-0.4202009	0.1283947
11.4452381	116.9880905	-0.4552176	0.0933780
13.2380953	116.9880905	-0.6069568	0.2101004
15.0309525	116.9880905	-0.6419736	0.1400670
16.8238087	116.9880905	-0.6069568	0.1283947
18.6166668	116.9880905	-0.5485956	0.1634115
20.4095249	116.9880905	-0.7353516	0.1400670
22.2023811	116.9880905	-0.8754185	0.1750837
23.9952374	116.9880905	-0.7236793	0.8053851
25.7880955	116.9880905	-0.5836124	0.6886626
27.5809517	116.9880905	-0.2101004	0.6769903
29.3738098	116.9880905	-0.5019066	0.9221075
31.1666679	116.9880905	-1.6224424	3.4316406
32.9595261	116.9880905	-0.5485956	1.0038133
34.7523804	116.9880905	-0.5019066	1.2489305
36.5452385	116.9880905	-0.0817057	0.9454520
38.3380966	116.9880905	0.2101004	1.6224424
40.1309547	116.9880905	0.1167225	1.9142486
41.9238091	116.9880905	0.0116722	1.5057199
43.7166672	116.9880905	0.0466890	1.4356863
45.5095253	116.9880905	-1.1905692	0.3735119
47.3023796	116.9880905	-0.3268229	0.0583612
49.0952377	116.9880905	0.0000000	0.0000000
50.8880959	116.9880905	0.0000000	0.0000000
52.6809540	116.9880905	0.0000000	0.0000000
54.4738083	116.9880905	-0.5836124	0.9687965
56.2666664	116.9880905	-1.1322080	0.6886626
58.0595245	116.9880905	-1.1322080	0.7820405
59.8523788	116.9880905	-0.7937128	0.2801339
61.6452408	116.9880905	-0.5019066	0.6536459
63.4380951	116.9880905	-0.2918062	0.7586961
65.2309494	116.9880905	0.1283947	0.8754185
67.0238113	116.9880905	0.1867560	1.2255859
68.8166656	116.9880905	0.0000000	0.0000000
70.6095276	116.9880905	0.0000000	0.0000000
-1.1047620	118.7809448	0.0000000	0.0000000
0.6880952	118.7809448	0.0000000	0.0000000
2.4809523	118.7809448	-0.0116722	1.3889974
4.2738094	118.7809448	0.2217727	1.3306361
6.0666666	118.7809448	0.7353516	0.9921410
7.8595233	118.7809448	-0.2567894	0.1867560
9.6523809	118.7809448	-0.3735119	0.1634115
11.4452381	118.7809448	-0.3384952	0.1517392
13.2380953	118.7809448	-0.1984282	0.2334449
15.0309525	118.7809448	-0.5952846	0.1517392
16.8238087	118.7809448	-0.5719401	0.1167225
18.6166668	118.7809448	-0.5836124	0.1750837
20.4095249	118.7809448	0.0000000	0.0000000
22.2023811	118.7809448	0.0000000	0.0000000
23.9952374	118.7809448	-0.7586961	1.1555525
25.7880955	118.7809448	0.0000000	0.0000000
27.5809517	118.7809448	-1.5524089	3.0581288
29.3738098	118.7809448	-0.3618397	0.1867560
31.1666679	118.7809448	0.0000000	0.0000000
32.9595261	118.7809448	-0.4435454	0.8287296
34.7523804	118.7809448	-0.5369233	1.0038133
36.5452385	118.7809448	-0.4785621	1.7041481
38.3380966	118.7809448	-0.5836124	0.5602679
40.1309547	118.7809448	0.0233445	2.3111050
41.9238091	118.7809448	0.0000000	1.8558873
43.7166672	118.7809448	0.0933780	-4.7389321
45.5095253	118.7809448	0.0000000	0.0000000
47.3023796	118.7809448	-0.4435454	1.5990978
49.0952377	118.7809448	-2.0309711	2.1943824
50.8880959	118.7809448	0.6536459	-4.4938149
52.6809540	118.7809448	0.0000000	0.0000000
54.4738083	118.7809448	0.0000000	0.0000000
56.2666664	118.7809448	-1.0271578	0.5719401
58.0595245	118.7809448	-1.0971912	0.6303014
59.8523788	118.7809448	-1.0038133	0.7703683
61.6452408	118.7809448	-0.3501674	0.8053851
63.4380951	118.7809448	0.4668899	1.5524089
65.2309494	118.7809448	0.1050502	0.3851842
67.0238113	118.7809448	0.1283947	0.5135789
68.8166656	118.7809448	0.0000000	0.0000000
70.6095276	118.7809448	0.0000000	0.0000000
-1.1047620	120.5738144	0.0000000	0.0000000
0.6880952	120.5738144	0.0000000	0.0000000
2.4809523	120.5738144	-0.0116722	1.4707031
4.2738094	120.5738144	0.4668899	1.4356863
6.0666666	120.5738144	0.5485956	1.5407367
7.8595233	120.5738144	0.1050502	1.4006697
9.6523809	120.5738144	-0.4435454	0.0233445
11.4452381	120.5738144	-0.1517392	0.0116722
13.2380953	120.5738144	-0.0233445	0.2451172
15.0309525	120.5738144	-0.4668899	0.1750837
16.8238087	120.5738144	-0.5369233	0.1400670
18.6166668	120.5738144	-0.1400670	0.0233445
20.4095249	120.5738144	0.0000000	0.0000000
22.2023811	120.5738144	0.0000000	0.0000000
23.9952374	120.5738144	-0.8754185	0.3618397
25.7880955	120.5738144	-0.6303014	0.0817057
27.5809517	120.5738144	-0.8170573	1.4707031
29.3738098	120.5738144	-0.8520740	1.4356863
31.1666679	120.5738144	-0.5019066	0.6653181
32.9595261	120.5738144	-0.5602679	0.8053851
34.7523804	120.5738144	-0.5252512	0.8637463
36.5452385	120.5738144	-0.4552176	1.0505023
38.3380966	120.5738144	-0.1283947	0.6303014
40.1309547	120.5738144	0.0817057	1.0154855
41.9238091	120.5738144	0.5602679	0.8170573
43.7166672	120.5738144	0.2451172	1.5057199
45.5095253	120.5738144	-1.5407367	2.9414063
47.3023796	120.5738144	-0.1634115	2.0776601
49.0952377	120.5738144	0.0000000	0.0000000
50.8880959	120.5738144	0.0000000	0.0000000
52.6809540	120.5738144	0.0000000	0.0000000
54.4738083	120.5738144	-1.0154855	0.8170573
56.2666664	120.5738144	-0.9104353	0.9337798
58.0595245	120.5738144	-0.8870908	0.8170573
59.8523788	120.5738144	-1.2839472	0.7470238
61.6452408	120.5738144	0.1167225	1.3889974
63.4380951	120.5738144	0.5135789	1.4356863
65.2309494	120.5738144	-0.0233445	0.8637463
67.0238113	120.5738144	0.1167225	0.8520740
68.8166656	120.5738144	0.0000000	0.0000000
70.6095276	120.5738144	0.0000000	0.0000000
-1.1047620	122.3666687	0.0000000	0.0000000
0.6880952	122.3666687	0.0000000	0.0000000
2.4809523	122.3666687	0.0583612	1.5990978
4.2738094	122.3666687	-0.2801339	1.5757533
6.0666666	122.3666687	0.8287296	1.5874256
7.8595233	122.3666687	0.6536459	1.7741816
9.6523809	122.3666687	0.1167225	0.5135789
11.4452381	122.3666687	0.0466890	-0.0817057
13.2380953	122.3666687	0.0700335	0.0933780
15.0309525	122.3666687	-0.4785621	0.5019066
16.8238087	122.3666687	-0.4552176	0.3618397
18.6166668	122.3666687	-0.3384952	0.0350167
20.4095249	122.3666687	-0.3384952	0.0933780
22.2023811	122.3666687	0.0000000	0.0000000
23.9952374	122.3666687	0.0000000	0.0000000
25.7880955	122.3666687	-0.6536459	0.0817057
27.5809517	122.3666687	0.0000000	0.0000000
29.3738098	122.3666687	0.0000000	0.0000000
31.1666679	122.3666687	-0.4435454	0.2334449
32.9595261	122.3666687	-0.7703683	1.1088635
34.7523804	122.3666687	-0.6069568	1.2139137
36.5452385	122.3666687	-0.2101004	0.7120071
38.3380966	122.3666687	-0.1750837	0.5719401
40.1309547	122.3666687	0.0933780	0.6419736
41.9238091	122.3666687	0.4902344	0.9804688
43.7166672	122.3666687	0.5836124	1.3423084
45.5095253	122.3666687	-1.9375930	1.5990978
47.3023796	122.3666687	-0.1283947	2.8830450
49.0952377	122.3666687	0.0000000	0.0000000
50.8880959	122.3666687	-0.9454520	2.2410715
52.6809540	122.3666687	-0.6419736	2.1710379
54.4738083	122.3666687	-0.8404018	1.4590309
56.2666664	122.3666687	-0.7353516	1.4006697
58.0595245	122.3666687	-0.9571243	1.3423084
59.8523788	122.3666687	-1.2139137	0.8287296
61.6452408	122.3666687	-0.3968564	1.3423084
63.4380951	122.3666687	-0.1517392	0.9921410
65.2309494	122.3666687	-0.1984282	0.7470238
67.0238113	122.3666687	0.0000000	0.0000000
68.8166656	122.3666687	0.0000000	0.0000000
70.6095276	122.3666687	0.0000000	0.0000000
-1.1047620	124.1595230	0.0000000	0.0000000
0.6880952	124.1595230	0.0000000	0.0000000
2.4809523	124.1595230	0.0000000	0.0000000
4.2738094	124.1595230	0.1634115	1.5524089
6.0666666	124.1595230	0.5836124	1.5173922
7.8595233	124.1595230	0.7236793	1.5173922
9.6523809	124.1595230	0.3384952	0.8170573
11.4452381	124.1595230	0.2801339	0.1517392
13.2380953	124.1595230	0.0233445	0.3501674
15.0309525	124.1595230	-0.4785621	0.8053851
16.8238087	124.1595230	-0.2451172	0.5135789
18.6166668	124.1595230	-0.4435454	-0.0350167
20.4095249	124.1595230	-0.2334449	0.2918062
22.2023811	124.1595230	-0.2451172	0.3034784
23.9952374	124.1595230	-0.7120071	1.1438802
25.7880955	124.1595230	0.0000000	0.0000000
27.5809517	124.1595230	0.0000000	0.0000000
29.3738098	124.1595230	0.0000000	0.0000000
31.1666679	124.1595230	-0.6186291	0.6303014
32.9595261	124.1595230	-0.5485956	0.7236793
34.7523804	124.1595230	-0.3968564	0.6653181
36.5452385	124.1595230	-0.2567894	0.4085287
38.3380966	124.1595230	-0.1283947	0.6186291
40.1309547	124.1595230	0.0000000	0.8520740
41.9238091	124.1595230	0.5836124	1.2372582
43.7166672	124.1595230	0.8870908	1.5874256
45.5095253	124.1595230	0.1867560	2.8246839
47.3023796	124.1595230	0.2567894	2.6496000
49.0952377	124.1595230	0.0466890	2.8246839
50.8880959	124.1595230	0.0000000	0.0000000
52.6809540	124.1595230	0.0000000	0.0000000
54.4738083	124.1595230	-1.6924758	0.3384952
56.2666664	124.1595230	-0.5252512	1.1905692
58.0595245	124.1595230	0.0000000	0.0000000
59.8523788	124.1595230	-2.3344495	1.4473586
61.6452408	124.1595230	-0.5602679	1.5757533
63.4380951	124.1595230	-0.5019066	1.1205357
65.2309494	124.1595230	-0.4785621	0.7003348
67.0238113	124.1595230	-0.0466890	0.5252512
68.8166656	124.1595230	0.0000000	0.0000000
70.6095276	124.1595230	0.0000000	0.0000000
-1.1047620	125.9523773	0.0000000	0.0000000
0.6880952	125.9523773	0.0000000	0.0000000
2.4809523	125.9523773	0.0000000	0.0000000
4.2738094	125.9523773	0.4202009	1.7041481
6.0666666	125.9523773	0.7120071	1.7625093
7.8595233	125.9523773	0.7820405	1.5407367
9.6523809	125.9523773	0.2101004	0.8520740
11.4452381	125.9523773	0.2101004	0.4318731
13.2380953	125.9523773	0.0583612	0.2101004
15.0309525	125.9523773	-0.6419736	1.2489305
16.8238087	125.9523773	-0.1050502	0.6886626
18.6166668	125.9523773	-0.2451172	0.0700335
20.4095249	125.9523773	-0.0933780	0.0933780
22.2023811	125.9523773	0.0000000	0.0000000
23.9952374	125.9523773	-0.7003348	0.0116722
25.7880955	125.9523773	0.1283947	0.0116722
27.5809517	125.9523773	0.0000000	0.0000000
29.3738098	125.9523773	0.0000000	0.0000000
31.1666679	125.9523773	-0.4668899	0.0933780
32.9595261	125.9523773	0.0000000	0.0000000
34.7523804	125.9523773	0.0000000	0.0000000
36.5452385	125.9523773	-0.2918062	0.5369233
38.3380966	125.9523773	-0.2801339	0.2801339
40.1309547	125.9523773	-0.1400670	0.9337798
41.9238091	125.9523773	0.0000000	0.0000000
43.7166672	125.9523773	0.3851842	2.9997675
45.5095253	125.9523773	0.2101004	3.2215402
47.3023796	125.9523773	-0.0350167	2.6846168
49.0952377	125.9523773	-0.2801339	3.0931456
50.8880959	125.9523773	-0.7236793	3.0581288
52.6809540	125.9523773	-4.3887649	-0.2684617
54.4738083	125.9523773	-0.7353516	2.1126769
56.2666664	125.9523773	0.0000000	0.0000000
58.0595245	125.9523773	2.2060547	-0.1867560
59.8523788	125.9523773	0.0000000	0.0000000
61.6452408	125.9523773	-0.5836124	1.2956195
63.4380951	125.9523773	-3.2915738	3.9102027
65.2309494	125.9523773	-0.2101004	0.0700335
67.0238113	125.9523773	0.4902344	0.5719401
68.8166656	125.9523773	-0.5602679	-1.4473586
70.6095276	125.9523773	0.0000000	0.0233445
-1.1047620	127.7452393	0.0000000	0.0000000
0.6880952	127.7452393	0.0000000	0.0000000
2.4809523	127.7452393	-0.0233445	2.1710379
4.2738094	127.7452393	0.3384952	2.0893323
6.0666666	127.7452393	0.7937128	1.7391648
7.8595233	127.7452393	0.6303014	1.8091983
9.6523809	127.7452393	0.5252512	1.6107701
11.4452381	127.7452393	0.1283947	0.1867560
13.2380953	127.7452393	0.0233445	0.3735119
15.0309525	127.7452393	-0.2101004	0.1400670
16.8238087	127.7452393	0.0000000	0.0000000
18.6166668	127.7452393	-0.0817057	0.0933780
20.4095249	127.7452393	-0.0933780	0.1050502
22.2023811	127.7452393	0.0000000	0.0000000
23.9952374	127.7452393	0.0000000	0.0000000
25.7880955	127.7452393	0.0000000	0.0000000
27.5809517	127.7452393	0.0000000	0.0000000
29.3738098	127.7452393	0.0000000	0.0000000
31.1666679	127.7452393	0.0000000	0.0000000
32.9595261	127.7452393	-0.6419736	0.3034784
34.7523804	127.7452393	-0.6069568	0.7353516
36.5452385	127.7452393	-0.5485956	0.2217727
38.3380966	127.7452393	-0.4552176	0.3501674
40.1309547	127.7452393	-0.2217727	0.5836124
41.9238091	127.7452393	-0.0116722	0.8170573
43.7166672	127.7452393	1.5757533	-0.0933780
45.5095253	127.7452393	0.4902344	1.7625093
47.3023796	127.7452393	0.0700335	2.1943824
49.0952377	127.7452393	0.2217727	-0.4435454
50.8880959	127.7452393	-0.5485956	2.9297340
52.6809540	127.7452393	0.0000000	0.0000000
54.4738083	127.7452393	-0.7820405	3.8985305
56.2666664	127.7452393	-0.3501674	3.1281621
58.0595245	127.7452393	0.0000000	0.0000000
59.8523788	127.7452393	0.0000000	0.0000000
61.6452408	127.7452393	-0.8170573	0.9337798
63.4380951	127.7452393	-0.8870908	0.1283947
65.2309494	127.7452393	-0.3501674	0.0233445
67.0238113	127.7452393	0.0933780	-0.3268229
68.8166656	127.7452393	0.0000000	0.0000000
70.6095276	127.7452393	0.0000000	0.0000000
-1.1047620	129.5380859	0.0000000	0.0000000
0.6880952	129.5380859	0.0000000	0.0000000
2.4809523	129.5380859	0.0700335	2.5445499
4.2738094	129.5380859	0.2101004	1.9609375
6.0666666	129.5380859	0.7236793	1.4006697
7.8595233	129.5380859	1.4006697	1.6808035
9.6523809	129.5380859	1.0388300	1.5173922
11.4452381	129.5380859	0.4318731	0.7120071
13.2380953	129.5380859	-0.0350167	0.5485956
15.0309525	129.5380859	-0.1867560	0.4435454
16.8238087	129.5380859	-0.1517392	0.5369233
18.6166668	129.5380859	-0.0817057	0.5719401
20.4095249	129.5380859	-0.1283947	0.2451172
22.2023811	129.5380859	-0.3735119	0.0116722
23.9952374	129.5380859	0.0000000	0.0000000
25.7880955	129.5380859	0.0000000	0.0000000
27.5809517	129.5380859	-0.3501674	0.7820405
29.3738098	129.5380859	0.0000000	0.0000000
31.1666679	129.5380859	0.0000000	0.0000000
32.9595261	129.5380859	0.0000000	0.0000000
34.7523804	129.5380859	-0.6069568	1.3539807
36.5452385	129.5380859	-0.4085287	0.2567894
38.3380966	129.5380859	-0.4902344	0.3618397
40.1309547	129.5380859	-0.5369233	0.3384952
41.9238091	129.5380859	-0.0700335	0.5602679
43.7166672	129.5380859	0.0000000	0.0000000
45.5095253	129.5380859	0.8053851	3.3265905
47.3023796	129.5380859	0.0583612	2.9764230
49.0952377	129.5380859	0.1634115	3.0114398
50.8880959	129.5380859	-0.1634115	4.4587984
52.6809540	129.5380859	-0.8170573	3.9802363
54.4738083	129.5380859	-0.5019066	3.6650856
56.2666664	129.5380859	0.0000000	0.0000000
58.0595245	129.5380859	0.0233445	3.9335473
59.8523788	129.5380859	-0.1050502	3.2448847
61.6452408	129.5380859	-0.6886626	0.7236793
63.4380951	129.5380859	0.0000000	0.0000000
65.2309494	129.5380859	-0.2334449	-0.1867560
67.0238113	129.5380859	0.0000000	0.9571243
68.8166656	129.5380859	0.0000000	0.0000000
70.6095276	129.5380859	0.0000000	0.0000000
-1.1047620	131.3309479	0.0000000	0.0000000
0.6880952	131.3309479	0.0000000	0.0000000
2.4809523	131.3309479	0.0000000	0.0000000
4.2738094	131.3309479	0.2567894	2.2994328
6.0666666	131.3309479	0.3268229	1.9259208
7.8595233	131.3309479	0.7937128	1.5640811
9.6523809	131.3309479	0.9104353	1.7391648
11.4452381	131.3309479	0.8404018	1.3189639
13.2380953	131.3309479	-0.1984282	0.6886626
15.0309525	131.3309479	-0.2801339	0.5485956
16.8238087	131.3309479	-0.1750837	0.5135789
18.6166668	131.3309479	-0.1517392	0.3501674
20.4095249	131.3309479	-0.1050502	0.2217727
22.2023811	131.3309479	-0.1867560	0.0350167
23.9952374	131.3309479	0.0000000	0.0000000
25.7880955	131.3309479	-0.6186291	1.4123420
27.5809517	131.3309479	-0.6303014	1.4123420
29.3738098	131.3309479	-0.5719401	0.0233445
31.1666679	131.3309479	-0.8053851	2.9764230
32.9595261	131.3309479	0.0000000	0.0000000
34.7523804	131.3309479	-0.5602679	0.5135789
36.5452385	131.3309479	-0.4668899	0.1283947
38.3380966	131.3309479	-0.6536459	0.2684617
40.1309547	131.3309479	-0.6886626	0.2101004
41.9238091	131.3309479	-0.5369233	0.1517392
43.7166672	131.3309479	0.0000000	0.0000000
45.5095253	131.3309479	-0.6886626	3.0464566
47.3023796	131.3309479	0.0000000	0.0000000
49.0952377	131.3309479	0.0000000	0.0000000
50.8880959	131.3309479	-0.1867560	4.0035806
52.6809540	131.3309479	0.3968564	3.8401694
54.4738083	131.3309479	-0.1283947	3.8168249
56.2666664	131.3309479	0.0000000	0.0000000
58.0595245	131.3309479	-0.5836124	3.1398344
59.8523788	131.3309479	0.0000000	0.0000000
61.6452408	131.3309479	0.0000000	0.0000000
63.4380951	131.3309479	-0.1050502	0.5485956
65.2309494	131.3309479	-0.0350167	-0.0700335
67.0238113	131.3309479	0.1050502	-0.1400670
68.8166656	131.3309479	0.0000000	0.0000000
70.6095276	131.3309479	0.0000000	0.0000000
-1.1047620	133.1238098	0.0000000	0.0000000
0.6880952	133.1238098	0.0000000	0.0000000
2.4809523	133.1238098	0.1634115	2.3111050
4.2738094	133.1238098	0.5369233	2.6029112
6.0666666	133.1238098	0.6653181	2.3694661
7.8595233	133.1238098	1.0621744	1.8208705
9.6523809	133.1238098	0.7003348	1.9492652
11.4452381	133.1238098	0.1750837	0.8637463
13.2380953	133.1238098	-0.1517392	0.6653181
15.0309525	133.1238098	-0.1750837	0.6419736
16.8238087	133.1238098	-0.1400670	0.4085287
18.6166668	133.1238098	-0.2101004	0.4085287
20.4095249	133.1238098	-0.5019066	0.0583612
22.2023811	133.1238098	-1.5990978	-0.0583612
23.9952374	133.1238098	-0.2451172	0.2918062
25.7880955	133.1238098	0.0000000	0.0000000
27.5809517	133.1238098	0.0000000	0.0000000
29.3738098	133.1238098	0.0000000	0.0000000
31.1666679	133.1238098	-1.0971912	0.0466890
32.9595261	133.1238098	0.0000000	0.0000000
34.7523804	133.1238098	0.0000000	0.0000000
36.5452385	133.1238098	-0.7236793	0.9337798
38.3380966	133.1238098	-0.7470238	0.6303014
40.1309547	133.1238098	-0.7236793	0.3384952
41.9238091	133.1238098	-0.7820405	0.5719401
43.7166672	133.1238098	0.0000000	0.0000000
45.5095253	133.1238098	-0.7003348	2.9764230
47.3023796	133.1238098	-0.6886626	3.3732793
49.0952377	133.1238098	5.8361235	1.4707031
50.8880959	133.1238098	-0.2918062	3.8284972
52.6809540	133.1238098	0.0000000	0.0000000
54.4738083	133.1238098	0.0000000	0.0000000
56.2666664	133.1238098	0.0000000	0.0000000
58.0595245	133.1238098	-0.5602679	3.2215402
59.8523788	133.1238098	0.0466890	4.1553202
61.6452408	133.1238098	-0.4318731	4.0035806
63.4380951	133.1238098	0.6886626	0.4318731
65.2309494	133.1238098	0.3851842	-0.0933780
67.0238113	133.1238098	0.3735119	-0.0350167
68.8166656	133.1238098	0.0000000	0.0000000
70.6095276	133.1238098	0.0000000	0.0000000
-1.1047620	134.9166565	0.0000000	0.0000000
0.6880952	134.9166565	0.0000000	0.0000000
2.4809523	134.9166565	0.0233445	1.9959543
4.2738094	134.9166565	0.5019066	2.4978609
6.0666666	134.9166565	0.6303014	2.3928106
7.8595233	134.9166565	0.1634115	2.0426433
9.6523809	134.9166565	0.1867560	1.5524089
11.4452381	134.9166565	-0.0583612	0.8637463
13.2380953	134.9166565	-0.1867560	0.7586961
15.0309525	134.9166565	-0.2217727	0.7003348
16.8238087	134.9166565	-0.3501674	0.4202009
18.6166668	134.9166565	-0.4085287	0.1517392
20.4095249	134.9166565	-0.3034784	0.2101004
22.2023811	134.9166565	0.0000000	0.0000000
23.9952374	134.9166565	-0.2334449	0.2217727
25.7880955	134.9166565	0.0000000	0.0000000
27.5809517	134.9166565	0.0000000	0.0000000
29.3738098	134.9166565	0.0000000	0.0000000
31.1666679	134.9166565	0.0000000	0.0000000
32.9595261	134.9166565	0.0000000	0.0000000
34.7523804	134.9166565	0.0000000	0.0000000
36.5452385	134.9166565	0.0000000	0.0000000
38.3380966	134.9166565	-0.7703683	0.6769903
40.1309547	134.9166565	-0.8987631	0.3384952
41.9238091	134.9166565	-1.0038133	0.5602679
43.7166672	134.9166565	-0.7120071	2.1710379
45.5095253	134.9166565	-0.8287296	3.2098680
47.3023796	134.9166565	-0.5602679	0.0233445
49.0952377	134.9166565	0.0000000	0.0000000
50.8880959	134.9166565	0.5485956	-0.0466890
52.6809540	134.9166565	-0.1400670	3.8168249
54.4738083	134.9166565	0.1400670	1.4006697
56.2666664	134.9166565	0.0000000	0.0000000
58.0595245	134.9166565	0.0000000	0.0000000
59.8523788	134.9166565	0.6536459	3.2799015
61.6452408	134.9166565	0.0000000	0.0000000
63.4380951	134.9166565	0.9921410	0.8404018
65.2309494	134.9166565	0.8053851	0.4085287
67.0238113	134.9166565	0.1984282	0.3851842
68.8166656	134.9166565	0.0000000	0.0000000
70.6095276	134.9166565	0.0000000	0.0000000
-1.1047620	136.7095337	0.0000000	0.0000000
0.6880952	136.7095337	0.0000000	0.0000000
2.4809523	136.7095337	-0.1050502	1.7041481
4.2738094	136.7095337	-0.0233445	1.7508371
6.0666666	136.7095337	0.0116722	1.5524089
7.8595233	136.7095337	0.0583612	1.7741816
9.6523809	136.7095337	0.1050502	1.6341146
11.4452381	136.7095337	0.0583612	1.3423084
13.2380953	136.7095337	-0.2918062	0.9804688
15.0309525	136.7095337	-0.3735119	0.7236793
16.8238087	136.7095337	-0.3968564	0.4902344
18.6166668	136.7095337	-0.3735119	0.1750837
20.4095249	136.7095337	-0.2567894	0.2334449
22.2023811	136.7095337	-0.2101004	0.0116722
23.9952374	136.7095337	0.0000000	0.0000000
25.7880955	136.7095337	0.0000000	0.0000000
27.5809517	136.7095337	0.0000000	0.0000000
29.3738098	136.7095337	0.0000000	0.0000000
31.1666679	136.7095337	0.0000000	0.0000000
32.9595261	136.7095337	0.0000000	0.0000000
34.7523804	136.7095337	0.0000000	0.0000000
36.5452385	136.7095337	-0.1750837	1.4940476
38.3380966	136.7095337	2.9997675	-1.4240142
40.1309547	136.7095337	0.0000000	0.0000000
41.9238091	136.7095337	-1.4356863	1.0621744
43.7166672	136.7095337	-1.5524089	2.9414063
45.5095253	136.7095337	-0.4902344	2.0192988
47.3023796	136.7095337	0.0000000	0.0000000
49.0952377	136.7095337	0.0000000	0.0000000
50.8880959	136.7095337	-0.4552176	4.3420758
52.6809540	136.7095337	0.0000000	0.0000000
54.4738083	136.7095337	0.0000000	0.0000000
56.2666664	136.7095337	0.7470238	0.3268229
58.0595245	136.7095337	1.3189639	0.7820405
59.8523788	136.7095337	-0.1283947	0.9571243
61.6452408	136.7095337	2.5912390	0.9687965
63.4380951	136.7095337	2.1827102	0.3618397
65.2309494	136.7095337	0.8287296	0.6536459
67.0238113	136.7095337	0.5485956	0.5952846
68.8166656	136.7095337	0.0000000	0.0000000
70.6095276	136.7095337	0.0000000	0.0000000
-1.1047620	138.5023804	0.0000000	0.0000000
0.6880952	138.5023804	0.0000000	0.0000000
2.4809523	138.5023804	0.0000000	0.0000000
4.2738094	138.5023804	0.0000000	1.9259208
6.0666666	138.5023804	0.0233445	1.9492652
7.8595233	138.5023804	0.0350167	1.9842820
9.6523809	138.5023804	0.0116722	1.6691314
11.4452381	138.5023804	-0.2217727	1.3306361
13.2380953	138.5023804	-0.6186291	0.9104353
15.0309525	138.5023804	-0.6419736	0.6419736
16.8238087	138.5023804	-0.6419736	0.2101004
18.6166668	138.5023804	-0.4318731	0.1167225
20.4095249	138.5023804	-0.2801339	0.1050502
22.2023811	138.5023804	-0.1167225	0.5485956
23.9952374	138.5023804	-0.1283947	0.6419736
25.7880955	138.5023804	0.0000000	0.0000000
27.5809517	138.5023804	0.0000000	0.0000000
29.3738098	138.5023804	0.0000000	0.0000000
31.1666679	138.5023804	0.0000000	0.0000000
32.9595261	138.5023804	0.0000000	0.0000000
34.7523804	138.5023804	0.0000000	0.0000000
36.5452385	138.5023804	0.0000000	0.0000000
38.3380966	138.5023804	0.0000000	0.0000000
40.1309547	138.5023804	0.0000000	0.0000000
41.9238091	138.5023804	-1.1322080	1.5874256
43.7166672	138.5023804	-1.1322080	2.2527437
45.5095253	138.5023804	-0.7003348	2.1243489
47.3023796	138.5023804	-0.6536459	2.2527437
49.0952377	138.5023804	5.4976282	-2.7779949
50.8880959	138.5023804	0.0583612	2.4628441
52.6809540	138.5023804	0.0466890	2.1593657
54.4738083	138.5023804	0.4202009	1.4356863
56.2666664	138.5023804	0.6653181	1.2139137
58.0595245	138.5023804	0.3851842	1.0505023
59.8523788	138.5023804	0.8404018	0.2334449
61.6452408	138.5023804	2.3461218	1.7625093
63.4380951	138.5023804	0.9687965	0.9454520
65.2309494	138.5023804	0.5485956	0.9337798
67.0238113	138.5023804	0.2918062	0.8870908
68.8166656	138.5023804	0.0000000	0.0000000
70.6095276	138.5023804	1.0971912	0.0000000
