Burst/rec/seq: 	0	11	11
Time stamp:  	27/06/13 	15:55:46:136
Elapsed time (ms): 	     133
-1.1047620	64.9952393	0.0000000	0.0000000
0.6880952	64.9952393	0.0000000	0.0000000
2.4809523	64.9952393	0.0000000	0.0000000
4.2738094	64.9952393	-0.3735119	-0.0700335
6.0666666	64.9952393	-1.2722750	-0.0700335
7.8595233	64.9952393	-1.0388300	0.0000000
9.6523809	64.9952393	-0.3151507	-0.0116722
11.4452381	64.9952393	0.0000000	0.0000000
13.2380953	64.9952393	-1.0621744	-0.1984282
15.0309525	64.9952393	-1.5524089	-0.0350167
16.8238087	64.9952393	-1.0154855	-0.1167225
18.6166668	64.9952393	-1.1672248	-0.1050502
20.4095249	64.9952393	-0.5952846	0.0116722
22.2023811	64.9952393	-0.1984282	-0.0933780
23.9952374	64.9952393	-0.0350167	-1.2489305
25.7880955	64.9952393	-0.5485956	-0.2918062
27.5809517	64.9952393	-0.8170573	-0.4085287
29.3738098	64.9952393	-0.7120071	-0.6186291
31.1666679	64.9952393	-0.7003348	-0.3034784
32.9595261	64.9952393	-0.7703683	-0.2451172
34.7523804	64.9952393	-0.9804688	-0.1167225
36.5452385	64.9952393	-0.6186291	-0.0583612
38.3380966	64.9952393	-0.7470238	-0.5952846
40.1309547	64.9952393	-0.0933780	0.0233445
41.9238091	64.9952393	0.0000000	0.0000000
43.7166672	64.9952393	0.0466890	1.6691314
45.5095253	64.9952393	-0.3501674	0.0817057
47.3023796	64.9952393	-0.2684617	0.1400670
49.0952377	64.9952393	-0.0116722	0.3034784
50.8880959	64.9952393	0.0233445	0.0933780
52.6809540	64.9952393	0.1167225	0.1283947
54.4738083	64.9952393	-0.7353516	0.0350167
56.2666664	64.9952393	-0.5836124	0.0000000
58.0595245	64.9952393	0.0000000	0.0000000
59.8523788	64.9952393	1.4590309	-0.1867560
61.6452408	64.9952393	1.6691314	-1.3423084
63.4380951	64.9952393	0.0000000	0.0000000
65.2309494	64.9952393	1.4823754	-0.0233445
67.0238113	64.9952393	0.0000000	0.0000000
68.8166656	64.9952393	0.0000000	0.0000000
70.6095276	64.9952393	0.0000000	0.0000000
-1.1047620	66.7880936	0.0000000	0.0000000
0.6880952	66.7880936	0.0000000	0.0000000
2.4809523	66.7880936	0.0000000	0.0000000
4.2738094	66.7880936	-0.0233445	-1.4356863
6.0666666	66.7880936	-1.4940476	-0.1167225
7.8595233	66.7880936	-0.8754185	-0.0350167
9.6523809	66.7880936	-0.6419736	0.0000000
11.4452381	66.7880936	-0.7003348	-0.0233445
13.2380953	66.7880936	-0.9571243	0.0233445
15.0309525	66.7880936	-1.0621744	0.0466890
16.8238087	66.7880936	-0.9687965	-0.2567894
18.6166668	66.7880936	-0.8404018	-0.3034784
20.4095249	66.7880936	-0.6186291	0.0233445
22.2023811	66.7880936	-0.2684617	-0.0466890
23.9952374	66.7880936	-0.4902344	-0.3151507
25.7880955	66.7880936	-0.2101004	-0.5135789
27.5809517	66.7880936	-0.5952846	-0.4902344
29.3738098	66.7880936	-0.4202009	-0.1867560
31.1666679	66.7880936	-0.5719401	-0.5019066
32.9595261	66.7880936	-0.5836124	-0.1400670
34.7523804	66.7880936	-0.5135789	0.0116722
36.5452385	66.7880936	-0.5952846	0.0116722
38.3380966	66.7880936	-0.6303014	-0.0116722
40.1309547	66.7880936	0.0000000	0.0000000
41.9238091	66.7880936	0.0000000	0.0000000
43.7166672	66.7880936	-0.1750837	0.1050502
45.5095253	66.7880936	-0.0466890	0.2101004
47.3023796	66.7880936	-0.0933780	0.2918062
49.0952377	66.7880936	0.0233445	0.4085287
50.8880959	66.7880936	0.6069568	0.1984282
52.6809540	66.7880936	0.0583612	0.2684617
54.4738083	66.7880936	1.5290644	0.1283947
56.2666664	66.7880936	0.0000000	0.0000000
58.0595245	66.7880936	0.4435454	1.4707031
59.8523788	66.7880936	1.2839472	-0.3501674
61.6452408	66.7880936	1.1088635	-0.2451172
63.4380951	66.7880936	0.0000000	0.0000000
65.2309494	66.7880936	0.5836124	-0.0700335
67.0238113	66.7880936	0.0000000	0.0000000
68.8166656	66.7880936	0.0000000	0.0000000
70.6095276	66.7880936	0.0000000	0.0000000
-1.1047620	68.5809479	0.0000000	0.0000000
0.6880952	68.5809479	0.0000000	0.0000000
2.4809523	68.5809479	0.0000000	0.0000000
4.2738094	68.5809479	-0.2918062	-0.1050502
6.0666666	68.5809479	-1.0038133	-0.3268229
7.8595233	68.5809479	-0.7937128	-0.1167225
9.6523809	68.5809479	-0.7120071	-0.0350167
11.4452381	68.5809479	-0.7703683	-0.0350167
13.2380953	68.5809479	-1.6924758	-0.0233445
15.0309525	68.5809479	-1.5173922	-0.0116722
16.8238087	68.5809479	-1.1088635	-0.1167225
18.6166668	68.5809479	-0.6419736	-0.0933780
20.4095249	68.5809479	-0.6419736	0.0233445
22.2023811	68.5809479	-0.1167225	0.0466890
23.9952374	68.5809479	-0.6069568	0.0116722
25.7880955	68.5809479	-0.5135789	-0.1283947
27.5809517	68.5809479	-0.6419736	-0.0466890
29.3738098	68.5809479	-0.5719401	-0.0233445
31.1666679	68.5809479	-0.7236793	0.0000000
32.9595261	68.5809479	-0.8053851	-0.0233445
34.7523804	68.5809479	-0.5952846	0.0583612
36.5452385	68.5809479	-0.4435454	-0.0116722
38.3380966	68.5809479	-0.5836124	0.0350167
40.1309547	68.5809479	-0.6186291	0.0700335
41.9238091	68.5809479	-0.2101004	0.0466890
43.7166672	68.5809479	0.0000000	0.1050502
45.5095253	68.5809479	0.0350167	0.1750837
47.3023796	68.5809479	0.2567894	0.5369233
49.0952377	68.5809479	0.1984282	0.5836124
50.8880959	68.5809479	0.5952846	0.9221075
52.6809540	68.5809479	0.0000000	0.0000000
54.4738083	68.5809479	0.0000000	0.0000000
56.2666664	68.5809479	0.0000000	0.0000000
58.0595245	68.5809479	1.5990978	0.0116722
59.8523788	68.5809479	1.2606027	0.0466890
61.6452408	68.5809479	0.0000000	0.0000000
63.4380951	68.5809479	0.7703683	0.0233445
65.2309494	68.5809479	-0.1283947	-0.0233445
67.0238113	68.5809479	0.0000000	0.0000000
68.8166656	68.5809479	0.0000000	-1.4356863
70.6095276	68.5809479	0.0000000	0.0000000
-1.1047620	70.3738098	0.0000000	0.0000000
0.6880952	70.3738098	0.0000000	0.0000000
2.4809523	70.3738098	0.0000000	0.0000000
4.2738094	70.3738098	-0.2451172	-0.3034784
6.0666666	70.3738098	-0.8870908	-0.2217727
7.8595233	70.3738098	-0.8287296	-0.1517392
9.6523809	70.3738098	-1.2022414	-0.1283947
11.4452381	70.3738098	0.0000000	0.0000000
13.2380953	70.3738098	-1.6691314	-0.0116722
15.0309525	70.3738098	0.0000000	0.0000000
16.8238087	70.3738098	-1.0038133	-0.1867560
18.6166668	70.3738098	-0.7353516	-0.0583612
20.4095249	70.3738098	0.0000000	0.0000000
22.2023811	70.3738098	-0.3151507	-0.0583612
23.9952374	70.3738098	-0.1167225	0.0350167
25.7880955	70.3738098	-0.1984282	-0.0583612
27.5809517	70.3738098	-0.4785621	0.0233445
29.3738098	70.3738098	-0.2217727	0.0233445
31.1666679	70.3738098	-0.8404018	0.0466890
32.9595261	70.3738098	-0.5019066	0.0817057
34.7523804	70.3738098	-0.2101004	0.0350167
36.5452385	70.3738098	-0.2334449	0.0116722
38.3380966	70.3738098	-0.5836124	0.1167225
40.1309547	70.3738098	-0.3851842	0.2217727
41.9238091	70.3738098	0.0583612	0.3384952
43.7166672	70.3738098	0.3618397	0.1984282
45.5095253	70.3738098	-0.0466890	0.2801339
47.3023796	70.3738098	0.5019066	0.6069568
49.0952377	70.3738098	0.7703683	0.4785621
50.8880959	70.3738098	0.8637463	0.4552176
52.6809540	70.3738098	0.0000000	0.0000000
54.4738083	70.3738098	0.8987631	0.5719401
56.2666664	70.3738098	0.8520740	0.1750837
58.0595245	70.3738098	0.7236793	0.0000000
59.8523788	70.3738098	0.0000000	0.0000000
61.6452408	70.3738098	0.1050502	0.0233445
63.4380951	70.3738098	0.6536459	0.0233445
65.2309494	70.3738098	-0.0933780	0.3735119
67.0238113	70.3738098	-0.1050502	0.6769903
68.8166656	70.3738098	0.0000000	0.0000000
70.6095276	70.3738098	0.0000000	0.0000000
-1.1047620	72.1666641	0.0000000	0.0000000
0.6880952	72.1666641	0.0000000	0.0000000
2.4809523	72.1666641	0.0000000	0.0000000
4.2738094	72.1666641	-0.0466890	-0.3735119
6.0666666	72.1666641	-0.8287296	-0.0116722
7.8595233	72.1666641	-1.2489305	-0.1984282
9.6523809	72.1666641	-1.4707031	-0.1167225
11.4452381	72.1666641	0.0000000	0.0000000
13.2380953	72.1666641	-0.5135789	-0.0350167
15.0309525	72.1666641	-0.7353516	-0.0233445
16.8238087	72.1666641	-0.1167225	0.0000000
18.6166668	72.1666641	-0.5135789	0.0000000
20.4095249	72.1666641	-0.7236793	-0.3034784
22.2023811	72.1666641	-0.8754185	-0.2684617
23.9952374	72.1666641	-0.4085287	-0.0466890
25.7880955	72.1666641	-0.1167225	-0.0116722
27.5809517	72.1666641	-0.2567894	-0.4318731
29.3738098	72.1666641	-0.1283947	-0.1634115
31.1666679	72.1666641	0.0000000	0.0000000
32.9595261	72.1666641	-0.2101004	-0.0583612
34.7523804	72.1666641	-0.2567894	-0.0817057
36.5452385	72.1666641	-0.0233445	-0.1867560
38.3380966	72.1666641	-0.0700335	-0.5602679
40.1309547	72.1666641	0.4552176	-0.0817057
41.9238091	72.1666641	0.0116722	0.5485956
43.7166672	72.1666641	0.1283947	0.6536459
45.5095253	72.1666641	0.5135789	0.3851842
47.3023796	72.1666641	1.1322080	0.9571243
49.0952377	72.1666641	1.2022414	0.4668899
50.8880959	72.1666641	1.1322080	0.5485956
52.6809540	72.1666641	0.8987631	0.7236793
54.4738083	72.1666641	0.8404018	0.7937128
56.2666664	72.1666641	0.6536459	0.4552176
58.0595245	72.1666641	0.0817057	0.0233445
59.8523788	72.1666641	0.7703683	0.0700335
61.6452408	72.1666641	0.0000000	0.0000000
63.4380951	72.1666641	0.3968564	0.1167225
65.2309494	72.1666641	0.2101004	0.1750837
67.0238113	72.1666641	-0.0466890	0.4318731
68.8166656	72.1666641	0.0000000	0.0000000
70.6095276	72.1666641	0.0000000	0.0000000
-1.1047620	73.9595184	0.0000000	0.0000000
0.6880952	73.9595184	0.0000000	0.0000000
2.4809523	73.9595184	0.0000000	0.0000000
4.2738094	73.9595184	-0.1400670	0.0933780
6.0666666	73.9595184	-1.1088635	0.0933780
7.8595233	73.9595184	-1.5640811	-0.1750837
9.6523809	73.9595184	-1.4123420	-0.1400670
11.4452381	73.9595184	-1.2606027	-0.0350167
13.2380953	73.9595184	-0.8287296	0.0000000
15.0309525	73.9595184	-0.5019066	0.0000000
16.8238087	73.9595184	-0.4902344	0.0000000
18.6166668	73.9595184	0.0000000	0.0000000
20.4095249	73.9595184	-0.8053851	0.0116722
22.2023811	73.9595184	-0.5485956	-0.1867560
23.9952374	73.9595184	-0.8287296	0.0116722
25.7880955	73.9595184	-0.6419736	-0.3618397
27.5809517	73.9595184	-0.2451172	-0.5135789
29.3738098	73.9595184	-0.6536459	-0.0116722
31.1666679	73.9595184	-0.2101004	0.0583612
32.9595261	73.9595184	-0.0700335	-0.0233445
34.7523804	73.9595184	0.0000000	-0.2217727
36.5452385	73.9595184	0.0466890	-0.4085287
38.3380966	73.9595184	0.7236793	-0.0700335
40.1309547	73.9595184	0.0116722	0.0116722
41.9238091	73.9595184	0.2451172	-0.0933780
43.7166672	73.9595184	0.0000000	0.0000000
45.5095253	73.9595184	0.0000000	0.7120071
47.3023796	73.9595184	0.7586961	0.0233445
49.0952377	73.9595184	1.1905692	1.2956195
50.8880959	73.9595184	0.6536459	0.9571243
52.6809540	73.9595184	0.9337798	0.9571243
54.4738083	73.9595184	0.6303014	1.4707031
56.2666664	73.9595184	0.6653181	1.4240142
58.0595245	73.9595184	0.0000000	0.0000000
59.8523788	73.9595184	0.6536459	0.0466890
61.6452408	73.9595184	0.5135789	0.0116722
63.4380951	73.9595184	0.6653181	0.0116722
65.2309494	73.9595184	0.2101004	0.2451172
67.0238113	73.9595184	0.0116722	0.7236793
68.8166656	73.9595184	0.0000000	0.0000000
70.6095276	73.9595184	2.4278274	0.0000000
-1.1047620	75.7523804	0.0000000	0.0000000
0.6880952	75.7523804	0.0000000	0.0000000
2.4809523	75.7523804	0.0000000	0.0000000
4.2738094	75.7523804	0.0000000	0.0000000
6.0666666	75.7523804	-1.7041481	-0.0466890
7.8595233	75.7523804	-1.5173922	-0.0233445
9.6523809	75.7523804	-1.4473586	-0.0583612
11.4452381	75.7523804	-1.1438802	-0.0350167
13.2380953	75.7523804	-1.0388300	0.0000000
15.0309525	75.7523804	-0.6419736	0.0000000
16.8238087	75.7523804	-0.8404018	0.0000000
18.6166668	75.7523804	-0.9571243	0.0000000
20.4095249	75.7523804	-0.8053851	0.0116722
22.2023811	75.7523804	-0.6886626	-0.2451172
23.9952374	75.7523804	-1.0038133	-0.2918062
25.7880955	75.7523804	-0.8053851	-0.2918062
27.5809517	75.7523804	-0.3151507	-0.2101004
29.3738098	75.7523804	-0.3851842	-0.0817057
31.1666679	75.7523804	-0.1750837	0.0466890
32.9595261	75.7523804	0.0466890	0.1050502
34.7523804	75.7523804	0.1984282	0.0700335
36.5452385	75.7523804	0.1750837	0.0583612
38.3380966	75.7523804	0.8053851	-0.0817057
40.1309547	75.7523804	0.3618397	-0.0233445
41.9238091	75.7523804	0.4552176	-0.2801339
43.7166672	75.7523804	0.1167225	-0.7003348
45.5095253	75.7523804	0.1984282	-0.6769903
47.3023796	75.7523804	-0.5952846	1.3189639
49.0952377	75.7523804	0.2918062	1.4123420
50.8880959	75.7523804	0.6303014	1.4240142
52.6809540	75.7523804	0.6886626	1.3072917
54.4738083	75.7523804	0.4435454	1.4473586
56.2666664	75.7523804	0.2684617	1.2956195
58.0595245	75.7523804	0.3151507	0.5369233
59.8523788	75.7523804	0.5836124	0.1400670
61.6452408	75.7523804	0.5719401	0.1400670
63.4380951	75.7523804	0.6536459	0.1400670
65.2309494	75.7523804	0.9921410	0.1050502
67.0238113	75.7523804	-0.0116722	-1.4356863
68.8166656	75.7523804	0.0000000	0.0000000
70.6095276	75.7523804	0.0000000	0.0000000
-1.1047620	77.5452347	0.0000000	0.0000000
0.6880952	77.5452347	0.0000000	0.0000000
2.4809523	77.5452347	0.0000000	0.0000000
4.2738094	77.5452347	-1.5173922	0.2217727
6.0666666	77.5452347	-1.6924758	0.0350167
7.8595233	77.5452347	-1.4823754	-0.0817057
9.6523809	77.5452347	-1.4473586	-0.1283947
11.4452381	77.5452347	-0.9804688	-0.0583612
13.2380953	77.5452347	-0.8170573	-0.0700335
15.0309525	77.5452347	-0.5719401	0.0116722
16.8238087	77.5452347	-0.7937128	0.0116722
18.6166668	77.5452347	-0.7937128	0.0233445
20.4095249	77.5452347	-0.6419736	-0.0233445
22.2023811	77.5452347	-0.6186291	-0.1283947
23.9952374	77.5452347	-0.6653181	-0.1050502
25.7880955	77.5452347	-0.4085287	0.0233445
27.5809517	77.5452347	-0.3851842	-0.0233445
29.3738098	77.5452347	-0.5252512	0.0233445
31.1666679	77.5452347	-0.2918062	0.0583612
32.9595261	77.5452347	0.4785621	0.0817057
34.7523804	77.5452347	0.5602679	0.1634115
36.5452385	77.5452347	0.6069568	-0.0233445
38.3380966	77.5452347	0.0817057	-0.0700335
40.1309547	77.5452347	0.1283947	0.0466890
41.9238091	77.5452347	-0.0466890	-0.1867560
43.7166672	77.5452347	-0.0116722	-0.1400670
45.5095253	77.5452347	0.2334449	-0.0233445
47.3023796	77.5452347	-0.6069568	1.2372582
49.0952377	77.5452347	0.0000000	0.0000000
50.8880959	77.5452347	-0.0933780	0.1050502
52.6809540	77.5452347	-0.0233445	0.0700335
54.4738083	77.5452347	0.6536459	0.1984282
56.2666664	77.5452347	0.5719401	1.1672248
58.0595245	77.5452347	1.0271578	0.1167225
59.8523788	77.5452347	0.7820405	0.1400670
61.6452408	77.5452347	1.1788970	0.5485956
63.4380951	77.5452347	0.7003348	0.1517392
65.2309494	77.5452347	0.7703683	0.5836124
67.0238113	77.5452347	0.0000000	0.0000000
68.8166656	77.5452347	0.0000000	0.0000000
70.6095276	77.5452347	1.3889974	0.0000000
-1.1047620	79.3380966	0.0000000	0.0000000
0.6880952	79.3380966	0.0000000	0.0000000
2.4809523	79.3380966	0.0000000	0.0000000
4.2738094	79.3380966	-0.7586961	0.0000000
6.0666666	79.3380966	-1.1205357	-0.0233445
7.8595233	79.3380966	-1.5757533	-0.0700335
9.6523809	79.3380966	-1.5057199	-0.0583612
11.4452381	79.3380966	-0.7236793	-0.1050502
13.2380953	79.3380966	-0.6419736	-0.1167225
15.0309525	79.3380966	-0.6186291	0.0466890
16.8238087	79.3380966	-0.4202009	-0.1634115
18.6166668	79.3380966	-0.1400670	0.0350167
20.4095249	79.3380966	-0.5836124	-0.0350167
22.2023811	79.3380966	-0.2801339	-0.0933780
23.9952374	79.3380966	-0.4085287	-0.0817057
25.7880955	79.3380966	-0.1167225	-0.1167225
27.5809517	79.3380966	-0.1167225	-0.2217727
29.3738098	79.3380966	-0.2217727	-0.2217727
31.1666679	79.3380966	-0.0233445	-0.0466890
32.9595261	79.3380966	0.1283947	0.0233445
34.7523804	79.3380966	0.3384952	0.0466890
36.5452385	79.3380966	0.3501674	0.0466890
38.3380966	79.3380966	0.1400670	0.0233445
40.1309547	79.3380966	0.1167225	0.0466890
41.9238091	79.3380966	-0.3034784	-0.1634115
43.7166672	79.3380966	-0.1634115	-0.1867560
45.5095253	79.3380966	-0.0233445	0.0466890
47.3023796	79.3380966	-0.0817057	0.0817057
49.0952377	79.3380966	0.2217727	0.0466890
50.8880959	79.3380966	0.0933780	0.0350167
52.6809540	79.3380966	0.1517392	0.0233445
54.4738083	79.3380966	0.2567894	0.1167225
56.2666664	79.3380966	0.1634115	-0.0116722
58.0595245	79.3380966	0.6536459	1.3773252
59.8523788	79.3380966	0.0000000	0.0000000
61.6452408	79.3380966	0.5135789	0.1400670
63.4380951	79.3380966	0.6303014	0.0933780
65.2309494	79.3380966	0.0817057	0.1283947
67.0238113	79.3380966	-0.0350167	0.4318731
68.8166656	79.3380966	0.0000000	-1.4356863
70.6095276	79.3380966	0.0000000	0.0000000
-1.1047620	81.1309509	0.0000000	0.0000000
0.6880952	81.1309509	0.0000000	0.0000000
2.4809523	81.1309509	0.0000000	0.0000000
4.2738094	81.1309509	0.0000000	0.0000000
6.0666666	81.1309509	-0.6419736	-0.1283947
7.8595233	81.1309509	-1.1905692	-0.0233445
9.6523809	81.1309509	-1.5407367	0.0350167
11.4452381	81.1309509	-1.2722750	-0.0700335
13.2380953	81.1309509	-0.8287296	-0.1050502
15.0309525	81.1309509	-0.7003348	-0.0116722
16.8238087	81.1309509	-0.5602679	-0.1167225
18.6166668	81.1309509	-0.3034784	0.0933780
20.4095249	81.1309509	-0.3618397	0.0933780
22.2023811	81.1309509	-0.3968564	-0.1400670
23.9952374	81.1309509	-0.6886626	-0.0933780
25.7880955	81.1309509	-0.4785621	0.0116722
27.5809517	81.1309509	-0.0233445	-0.1750837
29.3738098	81.1309509	-0.1750837	-0.2101004
31.1666679	81.1309509	-0.1750837	-0.0350167
32.9595261	81.1309509	-0.0700335	0.0233445
34.7523804	81.1309509	0.1984282	0.0233445
36.5452385	81.1309509	0.0933780	0.1517392
38.3380966	81.1309509	0.3151507	0.2918062
40.1309547	81.1309509	-0.0466890	0.1167225
41.9238091	81.1309509	-0.1984282	-0.2451172
43.7166672	81.1309509	-0.0466890	-0.1400670
45.5095253	81.1309509	-0.4318731	-0.0350167
47.3023796	81.1309509	-0.5369233	0.0350167
49.0952377	81.1309509	-0.4785621	-0.0817057
50.8880959	81.1309509	-0.2451172	-0.0817057
52.6809540	81.1309509	-0.5719401	0.0583612
54.4738083	81.1309509	-0.3968564	-0.0466890
56.2666664	81.1309509	-0.2101004	0.0350167
58.0595245	81.1309509	0.6886626	0.8170573
59.8523788	81.1309509	0.6069568	0.9221075
61.6452408	81.1309509	0.0000000	0.0000000
63.4380951	81.1309509	0.7353516	0.1050502
65.2309494	81.1309509	0.0000000	0.0000000
67.0238113	81.1309509	0.0000000	0.0000000
68.8166656	81.1309509	0.0000000	0.0000000
70.6095276	81.1309509	0.0000000	0.0000000
-1.1047620	82.9238052	0.0000000	0.0000000
0.6880952	82.9238052	0.0000000	0.0000000
2.4809523	82.9238052	0.0000000	0.0000000
4.2738094	82.9238052	0.0000000	0.0000000
6.0666666	82.9238052	-0.7586961	0.2101004
7.8595233	82.9238052	0.0000000	0.0000000
9.6523809	82.9238052	-1.4473586	0.0350167
11.4452381	82.9238052	-1.0505023	-0.0583612
13.2380953	82.9238052	-0.6186291	-0.0233445
15.0309525	82.9238052	-0.4202009	0.0817057
16.8238087	82.9238052	-0.4668899	0.0933780
18.6166668	82.9238052	-0.5485956	0.0933780
20.4095249	82.9238052	-0.6886626	0.0350167
22.2023811	82.9238052	-0.5719401	0.0116722
23.9952374	82.9238052	-0.7236793	-0.1050502
25.7880955	82.9238052	-0.3618397	0.0000000
27.5809517	82.9238052	0.0233445	-0.1517392
29.3738098	82.9238052	-0.4668899	0.0700335
31.1666679	82.9238052	-0.4202009	0.0116722
32.9595261	82.9238052	-0.1050502	0.0000000
34.7523804	82.9238052	0.1283947	-0.0350167
36.5452385	82.9238052	0.1517392	0.2451172
38.3380966	82.9238052	0.5485956	0.1750837
40.1309547	82.9238052	0.1050502	0.1167225
41.9238091	82.9238052	-0.0233445	-0.1283947
43.7166672	82.9238052	-0.0933780	-0.1867560
45.5095253	82.9238052	-0.2567894	0.0000000
47.3023796	82.9238052	-0.1517392	0.0466890
49.0952377	82.9238052	-0.8637463	-0.1750837
50.8880959	82.9238052	-0.5602679	-0.1167225
52.6809540	82.9238052	-0.5719401	-0.4902344
54.4738083	82.9238052	-0.3735119	-0.1167225
56.2666664	82.9238052	-0.3384952	0.0116722
58.0595245	82.9238052	0.0700335	0.2451172
59.8523788	82.9238052	0.0000000	0.0000000
61.6452408	82.9238052	-0.3268229	0.0700335
63.4380951	82.9238052	0.0583612	0.1283947
65.2309494	82.9238052	0.0233445	0.0700335
67.0238113	82.9238052	0.0000000	0.0000000
68.8166656	82.9238052	0.0000000	0.0000000
70.6095276	82.9238052	0.0000000	0.0000000
-1.1047620	84.7166595	0.0000000	0.0000000
0.6880952	84.7166595	0.0000000	0.0000000
2.4809523	84.7166595	0.0000000	0.0000000
4.2738094	84.7166595	0.0000000	0.0000000
6.0666666	84.7166595	-0.6653181	0.0116722
7.8595233	84.7166595	-1.2022414	0.0817057
9.6523809	84.7166595	-1.2489305	-0.0116722
11.4452381	84.7166595	-0.5602679	0.0233445
13.2380953	84.7166595	-0.8637463	0.0233445
15.0309525	84.7166595	-0.5602679	0.0583612
16.8238087	84.7166595	-0.2217727	-0.0466890
18.6166668	84.7166595	-0.4668899	0.0350167
20.4095249	84.7166595	-0.4318731	0.0583612
22.2023811	84.7166595	-0.5602679	0.0700335
23.9952374	84.7166595	-0.5719401	-0.0933780
25.7880955	84.7166595	-0.2684617	-0.1400670
27.5809517	84.7166595	-0.1167225	0.0466890
29.3738098	84.7166595	-0.6769903	0.1167225
31.1666679	84.7166595	-0.2334449	-0.0116722
32.9595261	84.7166595	-0.0583612	-0.1984282
34.7523804	84.7166595	0.1050502	-0.1750837
36.5452385	84.7166595	0.3384952	0.1750837
38.3380966	84.7166595	0.4085287	0.3034784
40.1309547	84.7166595	0.0466890	0.0700335
41.9238091	84.7166595	0.0933780	-0.0583612
43.7166672	84.7166595	0.0116722	-0.0700335
45.5095253	84.7166595	-0.0817057	-0.0233445
47.3023796	84.7166595	-0.0116722	-0.0233445
49.0952377	84.7166595	-0.0233445	0.0116722
50.8880959	84.7166595	-0.5719401	-0.0817057
52.6809540	84.7166595	-0.5952846	-0.2334449
54.4738083	84.7166595	-0.6536459	-0.5719401
56.2666664	84.7166595	-0.2918062	-0.1283947
58.0595245	84.7166595	-0.0817057	-0.0233445
59.8523788	84.7166595	0.0000000	0.0000000
61.6452408	84.7166595	0.1400670	1.3072917
63.4380951	84.7166595	0.0817057	1.2139137
65.2309494	84.7166595	-0.0233445	0.1750837
67.0238113	84.7166595	0.0000000	0.3735119
68.8166656	84.7166595	0.0000000	0.0000000
70.6095276	84.7166595	0.0000000	0.0000000
-1.1047620	86.5095291	0.0000000	0.0000000
0.6880952	86.5095291	0.0000000	0.0000000
2.4809523	86.5095291	0.0000000	0.0000000
4.2738094	86.5095291	0.0000000	0.0000000
6.0666666	86.5095291	-0.1984282	0.0000000
7.8595233	86.5095291	-0.1984282	-0.0116722
9.6523809	86.5095291	-0.1517392	-0.0116722
11.4452381	86.5095291	-0.4668899	0.0233445
13.2380953	86.5095291	-0.5019066	0.0233445
15.0309525	86.5095291	-0.7586961	-0.0583612
16.8238087	86.5095291	-0.2918062	0.0000000
18.6166668	86.5095291	-0.5952846	0.1283947
20.4095249	86.5095291	-0.1050502	0.1167225
22.2023811	86.5095291	-0.1750837	0.0000000
23.9952374	86.5095291	0.0000000	0.0000000
25.7880955	86.5095291	-0.5719401	-0.0116722
27.5809517	86.5095291	-0.3151507	-0.0350167
29.3738098	86.5095291	-0.6536459	0.0466890
31.1666679	86.5095291	-0.1167225	0.0700335
32.9595261	86.5095291	-0.0233445	-0.0583612
34.7523804	86.5095291	-0.0350167	0.0583612
36.5452385	86.5095291	-0.1283947	0.5719401
38.3380966	86.5095291	-0.1400670	0.2217727
40.1309547	86.5095291	-0.0116722	0.0000000
41.9238091	86.5095291	-0.0583612	0.0000000
43.7166672	86.5095291	-0.6186291	-0.0116722
45.5095253	86.5095291	-0.1283947	0.0700335
47.3023796	86.5095291	-0.4668899	0.0466890
49.0952377	86.5095291	0.0000000	0.0000000
50.8880959	86.5095291	-0.6769903	-0.0350167
52.6809540	86.5095291	0.0000000	0.0000000
54.4738083	86.5095291	-0.4902344	-0.8404018
56.2666664	86.5095291	-0.0700335	-1.0154855
58.0595245	86.5095291	-0.2451172	0.0350167
59.8523788	86.5095291	-0.1167225	1.5173922
61.6452408	86.5095291	0.0000000	0.0000000
63.4380951	86.5095291	0.0233445	1.3656529
65.2309494	86.5095291	-0.0583612	0.7586961
67.0238113	86.5095291	-0.0466890	0.6653181
68.8166656	86.5095291	-0.0233445	0.8987631
70.6095276	86.5095291	0.0000000	0.0000000
-1.1047620	88.3023834	0.0000000	0.0000000
0.6880952	88.3023834	0.0000000	0.0000000
2.4809523	88.3023834	0.0000000	0.0000000
4.2738094	88.3023834	0.0000000	0.0000000
6.0666666	88.3023834	0.1517392	0.1984282
7.8595233	88.3023834	0.0466890	0.1167225
9.6523809	88.3023834	-0.0116722	-0.0350167
11.4452381	88.3023834	0.3968564	-0.0350167
13.2380953	88.3023834	0.0233445	-1.3539807
15.0309525	88.3023834	-0.7703683	0.1050502
16.8238087	88.3023834	-0.8520740	0.3618397
18.6166668	88.3023834	-0.2918062	0.7470238
20.4095249	88.3023834	-0.4202009	0.0116722
22.2023811	88.3023834	-0.6536459	0.0466890
23.9952374	88.3023834	-0.1283947	0.0350167
25.7880955	88.3023834	0.0116722	0.0000000
27.5809517	88.3023834	-0.7003348	-0.0116722
29.3738098	88.3023834	-0.8287296	0.0000000
31.1666679	88.3023834	0.0116722	0.0700335
32.9595261	88.3023834	0.0817057	0.1050502
34.7523804	88.3023834	0.1050502	0.0933780
36.5452385	88.3023834	-0.0700335	0.7470238
38.3380966	88.3023834	-0.1050502	0.9571243
40.1309547	88.3023834	-0.0817057	0.1400670
41.9238091	88.3023834	0.0817057	0.0583612
43.7166672	88.3023834	-0.7937128	0.0466890
45.5095253	88.3023834	-0.8637463	0.2101004
47.3023796	88.3023834	-1.0388300	-0.0350167
49.0952377	88.3023834	-1.2606027	-0.0583612
50.8880959	88.3023834	-0.8520740	-0.0933780
52.6809540	88.3023834	-0.7236793	-0.1867560
54.4738083	88.3023834	-0.5252512	-0.8170573
56.2666664	88.3023834	-0.1517392	-0.8287296
58.0595245	88.3023834	-0.0583612	0.4785621
59.8523788	88.3023834	-0.0350167	1.3773252
61.6452408	88.3023834	0.0233445	1.4473586
63.4380951	88.3023834	-0.1517392	1.3539807
65.2309494	88.3023834	0.0350167	0.1167225
67.0238113	88.3023834	-0.0583612	0.8520740
68.8166656	88.3023834	0.0000000	-0.9687965
70.6095276	88.3023834	0.0000000	0.0000000
-1.1047620	90.0952377	0.0000000	0.0000000
0.6880952	90.0952377	0.0000000	0.0000000
2.4809523	90.0952377	0.0000000	0.0000000
4.2738094	90.0952377	-0.0933780	-0.0350167
6.0666666	90.0952377	0.0350167	0.0700335
7.8595233	90.0952377	0.0116722	0.3618397
9.6523809	90.0952377	0.1167225	-0.0233445
11.4452381	90.0952377	0.2684617	0.0233445
13.2380953	90.0952377	-0.2451172	-0.0583612
15.0309525	90.0952377	-0.6186291	0.1634115
16.8238087	90.0952377	-0.7703683	0.3618397
18.6166668	90.0952377	-0.4552176	0.2217727
20.4095249	90.0952377	-0.4202009	0.1283947
22.2023811	90.0952377	-0.8287296	0.1867560
23.9952374	90.0952377	-0.2918062	0.1750837
25.7880955	90.0952377	-0.2567894	0.0466890
27.5809517	90.0952377	0.0000000	0.0000000
29.3738098	90.0952377	-0.8987631	-0.2334449
31.1666679	90.0952377	-0.5602679	-0.0817057
32.9595261	90.0952377	0.1050502	0.1867560
34.7523804	90.0952377	0.2918062	0.3384952
36.5452385	90.0952377	-0.0116722	0.4085287
38.3380966	90.0952377	0.1400670	0.3034784
40.1309547	90.0952377	-0.0116722	0.1517392
41.9238091	90.0952377	-0.7353516	0.0466890
43.7166672	90.0952377	-0.7003348	0.1400670
45.5095253	90.0952377	-0.7353516	0.7120071
47.3023796	90.0952377	-0.8404018	0.1167225
49.0952377	90.0952377	-1.1905692	0.4902344
50.8880959	90.0952377	-0.5719401	0.1634115
52.6809540	90.0952377	-0.5019066	-0.0933780
54.4738083	90.0952377	-0.6886626	-0.5135789
56.2666664	90.0952377	-0.6653181	-0.5135789
58.0595245	90.0952377	-0.7120071	0.0700335
59.8523788	90.0952377	-0.6769903	0.1167225
61.6452408	90.0952377	0.2918062	1.4006697
63.4380951	90.0952377	0.0000000	0.0000000
65.2309494	90.0952377	0.0000000	0.0000000
67.0238113	90.0952377	0.0583612	0.7353516
68.8166656	90.0952377	0.0000000	0.0000000
70.6095276	90.0952377	0.0000000	0.0000000
-1.1047620	91.8880920	0.0000000	0.0000000
0.6880952	91.8880920	0.0000000	0.0000000
2.4809523	91.8880920	0.0000000	0.0000000
4.2738094	91.8880920	0.0233445	-0.2451172
6.0666666	91.8880920	-0.0350167	-0.1517392
7.8595233	91.8880920	0.0233445	0.1634115
9.6523809	91.8880920	-0.4902344	-0.1167225
11.4452381	91.8880920	-0.3851842	-0.1517392
13.2380953	91.8880920	0.1167225	-0.5485956
15.0309525	91.8880920	-0.3618397	0.1167225
16.8238087	91.8880920	-0.9687965	0.5836124
18.6166668	91.8880920	-0.6419736	0.4668899
20.4095249	91.8880920	-0.5836124	0.6536459
22.2023811	91.8880920	-1.5290644	0.7820405
23.9952374	91.8880920	-0.7820405	0.3151507
25.7880955	91.8880920	-0.1634115	-0.0233445
27.5809517	91.8880920	-0.6303014	0.0000000
29.3738098	91.8880920	-0.4435454	-0.1050502
31.1666679	91.8880920	-0.7003348	-0.5252512
32.9595261	91.8880920	-0.3735119	0.0000000
34.7523804	91.8880920	-0.1167225	0.1400670
36.5452385	91.8880920	-0.3618397	0.6769903
38.3380966	91.8880920	-0.2918062	0.8520740
40.1309547	91.8880920	-0.1167225	0.1867560
41.9238091	91.8880920	-0.2217727	0.1050502
43.7166672	91.8880920	-0.5019066	0.1517392
45.5095253	91.8880920	-0.5019066	0.3618397
47.3023796	91.8880920	-1.2839472	0.3501674
49.0952377	91.8880920	-1.2839472	0.3384952
50.8880959	91.8880920	-0.6536459	0.0700335
52.6809540	91.8880920	-0.6769903	-0.0466890
54.4738083	91.8880920	-0.7586961	-0.0116722
56.2666664	91.8880920	-0.6069568	0.1283947
58.0595245	91.8880920	-0.7820405	-1.3189639
59.8523788	91.8880920	-0.4202009	1.3539807
61.6452408	91.8880920	0.2918062	1.3539807
63.4380951	91.8880920	0.0000000	0.0000000
65.2309494	91.8880920	0.2101004	1.1555525
67.0238113	91.8880920	-0.0233445	1.5290644
68.8166656	91.8880920	0.0000000	0.0000000
70.6095276	91.8880920	0.0000000	0.0000000
-1.1047620	93.6809464	0.0000000	0.0000000
0.6880952	93.6809464	0.0000000	0.0000000
2.4809523	93.6809464	0.0000000	0.0000000
4.2738094	93.6809464	-0.0116722	-0.1400670
6.0666666	93.6809464	-0.0233445	-0.0817057
7.8595233	93.6809464	0.0233445	0.0000000
9.6523809	93.6809464	-0.3268229	0.0000000
11.4452381	93.6809464	0.1167225	-0.0233445
13.2380953	93.6809464	0.6069568	-0.0350167
15.0309525	93.6809464	-0.0350167	0.0817057
16.8238087	93.6809464	-0.7120071	0.5369233
18.6166668	93.6809464	-0.2567894	0.6419736
20.4095249	93.6809464	-0.6303014	0.7120071
22.2023811	93.6809464	-0.9571243	0.1634115
23.9952374	93.6809464	-0.9337798	0.5369233
25.7880955	93.6809464	-0.2684617	0.1634115
27.5809517	93.6809464	-0.3151507	0.1400670
29.3738098	93.6809464	-0.1517392	-0.0116722
31.1666679	93.6809464	-0.2918062	-0.0466890
32.9595261	93.6809464	-0.1867560	0.1283947
34.7523804	93.6809464	-0.1634115	0.2567894
36.5452385	93.6809464	-0.6069568	0.4318731
38.3380966	93.6809464	-0.6069568	0.5836124
40.1309547	93.6809464	-0.5602679	0.5135789
41.9238091	93.6809464	-0.6069568	0.1283947
43.7166672	93.6809464	-0.3384952	0.1167225
45.5095253	93.6809464	-0.4668899	0.0700335
47.3023796	93.6809464	-1.4006697	0.2334449
49.0952377	93.6809464	-1.3539807	0.1750837
50.8880959	93.6809464	-0.7586961	0.1984282
52.6809540	93.6809464	-0.5369233	0.0700335
54.4738083	93.6809464	-0.1400670	0.1283947
56.2666664	93.6809464	-0.3384952	0.0933780
58.0595245	93.6809464	-0.7586961	-1.3072917
59.8523788	93.6809464	-0.0817057	0.8053851
61.6452408	93.6809464	-0.0466890	1.0388300
63.4380951	93.6809464	0.0933780	1.3889974
65.2309494	93.6809464	0.1517392	1.3306361
67.0238113	93.6809464	0.0000000	0.0000000
68.8166656	93.6809464	0.0000000	0.0000000
70.6095276	93.6809464	0.0000000	0.0000000
-1.1047620	95.4738083	0.0000000	0.0000000
0.6880952	95.4738083	0.0000000	0.0000000
2.4809523	95.4738083	0.0000000	0.0000000
4.2738094	95.4738083	0.0000000	0.0000000
6.0666666	95.4738083	-0.0583612	0.0583612
7.8595233	95.4738083	0.1167225	0.1517392
9.6523809	95.4738083	0.6303014	0.2217727
11.4452381	95.4738083	0.5135789	0.1283947
13.2380953	95.4738083	0.6186291	0.0466890
15.0309525	95.4738083	0.0116722	0.0583612
16.8238087	95.4738083	0.0583612	0.1517392
18.6166668	95.4738083	-0.1517392	0.5719401
20.4095249	95.4738083	-1.2022414	1.2139137
22.2023811	95.4738083	-0.9687965	0.8404018
23.9952374	95.4738083	-0.7470238	0.6069568
25.7880955	95.4738083	-0.2567894	0.3618397
27.5809517	95.4738083	0.0000000	0.5952846
29.3738098	95.4738083	-0.2918062	0.3268229
31.1666679	95.4738083	0.0000000	0.0700335
32.9595261	95.4738083	-0.7586961	0.5135789
34.7523804	95.4738083	-1.2139137	0.5252512
36.5452385	95.4738083	-0.8870908	0.8754185
38.3380966	95.4738083	-0.7353516	0.3268229
40.1309547	95.4738083	-0.6303014	0.4785621
41.9238091	95.4738083	-0.4668899	0.1283947
43.7166672	95.4738083	-0.2217727	1.3656529
45.5095253	95.4738083	0.0000000	0.0000000
47.3023796	95.4738083	-0.0700335	-0.0700335
49.0952377	95.4738083	-0.0700335	-0.4902344
50.8880959	95.4738083	-0.1634115	-0.1167225
52.6809540	95.4738083	0.0000000	0.0466890
54.4738083	95.4738083	0.0233445	0.1750837
56.2666664	95.4738083	-0.4435454	0.1634115
58.0595245	95.4738083	-0.6536459	-0.0350167
59.8523788	95.4738083	-0.7703683	0.1400670
61.6452408	95.4738083	-0.2684617	0.2918062
63.4380951	95.4738083	0.0000000	0.0000000
65.2309494	95.4738083	-0.1400670	0.5485956
67.0238113	95.4738083	-0.0233445	1.0855190
68.8166656	95.4738083	0.0000000	0.0000000
70.6095276	95.4738083	0.0000000	0.0000000
-1.1047620	97.2666702	0.0000000	0.0000000
0.6880952	97.2666702	0.0000000	0.0000000
2.4809523	97.2666702	0.0000000	0.0000000
4.2738094	97.2666702	-0.5719401	-0.0583612
6.0666666	97.2666702	-0.3034784	-0.0700335
7.8595233	97.2666702	-0.1167225	0.0000000
9.6523809	97.2666702	0.0000000	0.0233445
11.4452381	97.2666702	0.2451172	0.1984282
13.2380953	97.2666702	0.2451172	0.0350167
15.0309525	97.2666702	0.6653181	0.0466890
16.8238087	97.2666702	0.5019066	0.0933780
18.6166668	97.2666702	-0.1634115	0.4435454
20.4095249	97.2666702	0.1050502	-0.5252512
22.2023811	97.2666702	-1.0038133	0.6886626
23.9952374	97.2666702	0.0000000	0.0000000
25.7880955	97.2666702	-0.2217727	0.7470238
27.5809517	97.2666702	-0.1634115	0.7703683
29.3738098	97.2666702	-0.3384952	0.4668899
31.1666679	97.2666702	-0.2684617	0.3851842
32.9595261	97.2666702	-0.1517392	0.7586961
34.7523804	97.2666702	-1.2372582	0.6536459
36.5452385	97.2666702	-0.9454520	0.6419736
38.3380966	97.2666702	-0.6186291	1.3889974
40.1309547	97.2666702	-0.1867560	0.7820405
41.9238091	97.2666702	-0.5135789	0.7120071
43.7166672	97.2666702	-0.7236793	0.1867560
45.5095253	97.2666702	-0.6419736	0.1050502
47.3023796	97.2666702	-0.2918062	-0.1167225
49.0952377	97.2666702	-0.3268229	-0.2918062
50.8880959	97.2666702	-0.1167225	-0.1400670
52.6809540	97.2666702	-0.2101004	-0.5019066
54.4738083	97.2666702	-0.7003348	0.1400670
56.2666664	97.2666702	-0.8053851	0.4318731
58.0595245	97.2666702	-0.4785621	0.2918062
59.8523788	97.2666702	-0.7703683	0.1984282
61.6452408	97.2666702	0.0000000	0.0000000
63.4380951	97.2666702	-0.2684617	0.2918062
65.2309494	97.2666702	0.3034784	0.1634115
67.0238113	97.2666702	0.0233445	0.1400670
68.8166656	97.2666702	-0.0466890	0.4085287
70.6095276	97.2666702	0.0000000	0.0000000
-1.1047620	99.0595245	0.0000000	0.0000000
0.6880952	99.0595245	0.0000000	0.0000000
2.4809523	99.0595245	0.0000000	0.0000000
4.2738094	99.0595245	0.0000000	0.0000000
6.0666666	99.0595245	-0.1867560	-0.0933780
7.8595233	99.0595245	-0.3501674	-0.1167225
9.6523809	99.0595245	-0.2567894	-0.1400670
11.4452381	99.0595245	0.0350167	-0.2451172
13.2380953	99.0595245	-0.0350167	0.1283947
15.0309525	99.0595245	0.1050502	0.1283947
16.8238087	99.0595245	0.5719401	0.0466890
18.6166668	99.0595245	0.3618397	-0.0116722
20.4095249	99.0595245	-0.5369233	0.1283947
22.2023811	99.0595245	-0.7120071	1.3656529
23.9952374	99.0595245	-0.5485956	1.3072917
25.7880955	99.0595245	-0.0583612	1.0271578
27.5809517	99.0595245	-0.1167225	1.2839472
29.3738098	99.0595245	-0.1400670	0.0233445
31.1666679	99.0595245	-0.2801339	0.2567894
32.9595261	99.0595245	-0.5602679	1.4006697
34.7523804	99.0595245	-0.8987631	0.5602679
36.5452385	99.0595245	-0.8170573	0.6886626
38.3380966	99.0595245	0.0000000	0.0000000
40.1309547	99.0595245	-0.9221075	1.4006697
41.9238091	99.0595245	-0.1750837	0.2101004
43.7166672	99.0595245	-0.6419736	0.2684617
45.5095253	99.0595245	-0.2217727	0.0700335
47.3023796	99.0595245	-0.8870908	0.0583612
49.0952377	99.0595245	-0.2918062	0.0817057
50.8880959	99.0595245	-0.1283947	0.0233445
52.6809540	99.0595245	-0.0466890	-0.2101004
54.4738083	99.0595245	-0.4435454	-0.1750837
56.2666664	99.0595245	-0.7236793	0.1517392
58.0595245	99.0595245	-0.2684617	0.4902344
59.8523788	99.0595245	-0.2217727	0.8170573
61.6452408	99.0595245	-0.2334449	0.8637463
63.4380951	99.0595245	-0.2101004	0.1634115
65.2309494	99.0595245	-0.0116722	0.2684617
67.0238113	99.0595245	-0.0466890	0.6303014
68.8166656	99.0595245	0.0000000	0.0000000
70.6095276	99.0595245	0.0000000	0.0000000
-1.1047620	100.8523788	0.0000000	0.0000000
0.6880952	100.8523788	0.0000000	0.0000000
2.4809523	100.8523788	0.0000000	0.0000000
4.2738094	100.8523788	0.1400670	-0.0466890
6.0666666	100.8523788	0.0000000	0.0000000
7.8595233	100.8523788	-0.0116722	-0.0583612
9.6523809	100.8523788	-0.0933780	-0.1634115
11.4452381	100.8523788	-0.1517392	-0.1517392
13.2380953	100.8523788	-0.3618397	0.4202009
15.0309525	100.8523788	0.0350167	0.3968564
16.8238087	100.8523788	0.7003348	0.1050502
18.6166668	100.8523788	0.6653181	0.1750837
20.4095249	100.8523788	-0.0817057	0.8287296
22.2023811	100.8523788	-0.4085287	0.1984282
23.9952374	100.8523788	-0.0116722	1.1672248
25.7880955	100.8523788	0.0000000	1.1788970
27.5809517	100.8523788	-0.0933780	0.3735119
29.3738098	100.8523788	-0.2801339	0.2101004
31.1666679	100.8523788	-0.0583612	0.1517392
32.9595261	100.8523788	0.1167225	0.1984282
34.7523804	100.8523788	-0.5369233	1.2489305
36.5452385	100.8523788	-0.6303014	1.3072917
38.3380966	100.8523788	-0.5019066	1.5874256
40.1309547	100.8523788	-0.1517392	1.5290644
41.9238091	100.8523788	0.0000000	0.0000000
43.7166672	100.8523788	-0.7937128	0.2334449
45.5095253	100.8523788	-0.7470238	0.0933780
47.3023796	100.8523788	-0.4785621	0.1867560
49.0952377	100.8523788	-0.2217727	0.0116722
50.8880959	100.8523788	-0.0817057	0.0000000
52.6809540	100.8523788	0.0116722	-0.1283947
54.4738083	100.8523788	-0.2101004	-0.1283947
56.2666664	100.8523788	-0.8053851	0.0817057
58.0595245	100.8523788	-0.9104353	0.1517392
59.8523788	100.8523788	-0.8053851	0.0583612
61.6452408	100.8523788	-0.0116722	0.7937128
63.4380951	100.8523788	-0.2101004	0.9454520
65.2309494	100.8523788	-0.0817057	0.6303014
67.0238113	100.8523788	-0.0583612	0.6303014
68.8166656	100.8523788	0.0233445	-1.0505023
70.6095276	100.8523788	0.0000000	0.0000000
-1.1047620	102.6452332	0.0000000	0.0000000
0.6880952	102.6452332	0.0000000	0.0000000
2.4809523	102.6452332	0.0000000	0.0000000
4.2738094	102.6452332	0.3268229	0.0233445
6.0666666	102.6452332	0.5019066	-0.0933780
7.8595233	102.6452332	0.4902344	-0.0700335
9.6523809	102.6452332	-0.1050502	-0.2217727
11.4452381	102.6452332	-0.3268229	-0.1750837
13.2380953	102.6452332	-0.2801339	-0.1634115
15.0309525	102.6452332	-0.1050502	-0.0933780
16.8238087	102.6452332	0.0583612	0.0233445
18.6166668	102.6452332	0.1400670	0.1283947
20.4095249	102.6452332	-0.8053851	1.5290644
22.2023811	102.6452332	-0.1400670	0.7120071
23.9952374	102.6452332	-0.0466890	1.2255859
25.7880955	102.6452332	0.0933780	1.4240142
27.5809517	102.6452332	-0.3968564	1.5057199
29.3738098	102.6452332	-1.2489305	1.0038133
31.1666679	102.6452332	0.0700335	1.4123420
32.9595261	102.6452332	0.0116722	1.1438802
34.7523804	102.6452332	-0.5602679	1.4707031
36.5452385	102.6452332	-0.7470238	1.5290644
38.3380966	102.6452332	-0.4552176	1.7274926
40.1309547	102.6452332	-0.1984282	1.3189639
41.9238091	102.6452332	-0.2101004	1.4473586
43.7166672	102.6452332	-0.7820405	0.0817057
45.5095253	102.6452332	-0.4085287	0.7586961
47.3023796	102.6452332	-0.3384952	0.3151507
49.0952377	102.6452332	-0.0350167	0.2918062
50.8880959	102.6452332	0.0233445	0.1050502
52.6809540	102.6452332	-0.1050502	-0.1400670
54.4738083	102.6452332	-0.0583612	-0.0817057
56.2666664	102.6452332	0.0000000	0.0000000
58.0595245	102.6452332	-0.9687965	0.0817057
59.8523788	102.6452332	-0.2801339	-0.0350167
61.6452408	102.6452332	0.0000000	0.0000000
63.4380951	102.6452332	-0.2567894	1.4823754
65.2309494	102.6452332	-0.3735119	1.5524089
67.0238113	102.6452332	0.0000000	1.0271578
68.8166656	102.6452332	0.0350167	-1.5990978
70.6095276	102.6452332	0.0000000	0.0000000
-1.1047620	104.4380951	0.0000000	0.0000000
0.6880952	104.4380951	0.0000000	0.0000000
2.4809523	104.4380951	0.0000000	0.0000000
4.2738094	104.4380951	0.3851842	-0.0116722
6.0666666	104.4380951	0.1867560	-0.0233445
7.8595233	104.4380951	-0.3501674	-0.0350167
9.6523809	104.4380951	-0.0233445	0.0000000
11.4452381	104.4380951	-0.1283947	-0.1750837
13.2380953	104.4380951	0.0700335	-0.1167225
15.0309525	104.4380951	-0.2684617	-0.0583612
16.8238087	104.4380951	-0.5485956	-0.0466890
18.6166668	104.4380951	-0.2217727	-0.0583612
20.4095249	104.4380951	-0.6419736	0.2217727
22.2023811	104.4380951	-0.1984282	0.1634115
23.9952374	104.4380951	-0.4202009	1.5057199
25.7880955	104.4380951	-0.2684617	1.2839472
27.5809517	104.4380951	-0.2567894	1.6691314
29.3738098	104.4380951	-0.2567894	1.5407367
31.1666679	104.4380951	0.0000000	0.0000000
32.9595261	104.4380951	0.1050502	1.6224424
34.7523804	104.4380951	-0.0466890	1.4473586
36.5452385	104.4380951	-0.3384952	1.4823754
38.3380966	104.4380951	-0.0583612	1.5173922
40.1309547	104.4380951	-0.1634115	1.6341146
41.9238091	104.4380951	-0.2101004	1.7858539
43.7166672	104.4380951	0.0350167	1.7041481
45.5095253	104.4380951	-0.3151507	1.2489305
47.3023796	104.4380951	-0.1050502	0.5719401
49.0952377	104.4380951	0.0350167	0.8520740
50.8880959	104.4380951	0.5252512	0.2217727
52.6809540	104.4380951	-0.3618397	0.1400670
54.4738083	104.4380951	0.3384952	-0.0116722
56.2666664	104.4380951	0.0000000	0.8170573
58.0595245	104.4380951	-0.5369233	0.1634115
59.8523788	104.4380951	-0.3034784	0.1167225
61.6452408	104.4380951	-0.4318731	-0.0350167
63.4380951	104.4380951	-0.7470238	0.1283947
65.2309494	104.4380951	-0.6303014	0.0583612
67.0238113	104.4380951	0.0116722	0.8170573
68.8166656	104.4380951	0.0350167	-1.0855190
70.6095276	104.4380951	0.0000000	0.0000000
-1.1047620	106.2309494	0.0000000	0.0000000
0.6880952	106.2309494	0.0000000	0.0000000
2.4809523	106.2309494	0.0000000	0.0000000
4.2738094	106.2309494	-0.0466890	-0.1167225
6.0666666	106.2309494	-0.1283947	-0.0700335
7.8595233	106.2309494	-0.2217727	-0.0350167
9.6523809	106.2309494	-0.0700335	-0.0350167
11.4452381	106.2309494	-0.0466890	-0.0466890
13.2380953	106.2309494	-0.1517392	-0.1167225
15.0309525	106.2309494	-0.1867560	-0.0933780
16.8238087	106.2309494	-0.2334449	-0.1283947
18.6166668	106.2309494	-0.1750837	-0.1517392
20.4095249	106.2309494	-0.0933780	-0.0116722
22.2023811	106.2309494	-0.6769903	0.0700335
23.9952374	106.2309494	0.0000000	0.0000000
25.7880955	106.2309494	0.0000000	0.0000000
27.5809517	106.2309494	-0.4902344	1.3539807
29.3738098	106.2309494	0.0000000	0.0000000
31.1666679	106.2309494	-0.1984282	1.9842820
32.9595261	106.2309494	0.0000000	0.0000000
34.7523804	106.2309494	0.0000000	0.0000000
36.5452385	106.2309494	0.0000000	0.0000000
38.3380966	106.2309494	-0.2567894	1.5990978
40.1309547	106.2309494	-0.2684617	1.9259208
41.9238091	106.2309494	-0.0350167	1.8442150
43.7166672	106.2309494	0.0116722	1.7625093
45.5095253	106.2309494	-0.3151507	1.5290644
47.3023796	106.2309494	-0.1283947	1.1788970
49.0952377	106.2309494	-0.0233445	0.7003348
50.8880959	106.2309494	-0.3268229	0.0817057
52.6809540	106.2309494	-0.3968564	0.4785621
54.4738083	106.2309494	1.2139137	-0.0233445
56.2666664	106.2309494	0.0933780	0.4202009
58.0595245	106.2309494	-0.2101004	0.5369233
59.8523788	106.2309494	-0.5135789	0.1750837
61.6452408	106.2309494	-0.1283947	0.9687965
63.4380951	106.2309494	-0.3968564	0.0817057
65.2309494	106.2309494	-0.5719401	-0.0233445
67.0238113	106.2309494	-0.1517392	0.6886626
68.8166656	106.2309494	0.0000000	0.0000000
70.6095276	106.2309494	0.0000000	0.0000000
-1.1047620	108.0238037	0.0000000	0.0000000
0.6880952	108.0238037	0.0000000	0.0000000
2.4809523	108.0238037	0.0000000	0.0000000
4.2738094	108.0238037	-0.0466890	-0.3735119
6.0666666	108.0238037	-0.1283947	-0.3384952
7.8595233	108.0238037	-0.0933780	-0.1517392
9.6523809	108.0238037	-0.0583612	-0.0233445
11.4452381	108.0238037	-0.1984282	-0.1400670
13.2380953	108.0238037	-0.2217727	-0.1167225
15.0309525	108.0238037	-0.2217727	-0.1050502
16.8238087	108.0238037	-0.1400670	-0.0350167
18.6166668	108.0238037	-0.1867560	-0.3268229
20.4095249	108.0238037	-0.1517392	-0.0583612
22.2023811	108.0238037	-0.0933780	-0.1050502
23.9952374	108.0238037	0.0000000	0.0000000
25.7880955	108.0238037	0.1283947	1.4940476
27.5809517	108.0238037	-0.1517392	1.3656529
29.3738098	108.0238037	-0.3151507	1.6808035
31.1666679	108.0238037	0.0000000	0.0000000
32.9595261	108.0238037	0.4435454	0.0933780
34.7523804	108.0238037	-0.0933780	1.1438802
36.5452385	108.0238037	-0.5719401	1.9609375
38.3380966	108.0238037	-0.6186291	1.7975261
40.1309547	108.0238037	-0.3501674	1.8909041
41.9238091	108.0238037	0.0000000	0.0000000
43.7166672	108.0238037	0.0000000	0.0000000
45.5095253	108.0238037	-0.0933780	2.3111050
47.3023796	108.0238037	0.2918062	1.5407367
49.0952377	108.0238037	0.4085287	-0.0350167
50.8880959	108.0238037	0.2217727	0.2451172
52.6809540	108.0238037	0.4785621	0.1050502
54.4738083	108.0238037	0.0233445	0.4552176
56.2666664	108.0238037	-0.1634115	0.6186291
58.0595245	108.0238037	0.0000000	0.5135789
59.8523788	108.0238037	0.0000000	0.0000000
61.6452408	108.0238037	-0.1400670	0.5019066
63.4380951	108.0238037	-0.4552176	0.1750837
65.2309494	108.0238037	-0.5836124	0.2101004
67.0238113	108.0238037	-0.0466890	0.7003348
68.8166656	108.0238037	-0.0466890	0.8987631
70.6095276	108.0238037	0.0000000	0.0000000
-1.1047620	109.8166656	0.0000000	0.0000000
0.6880952	109.8166656	0.0000000	0.0000000
2.4809523	109.8166656	-0.0116722	-1.4823754
4.2738094	109.8166656	-0.1050502	-0.3501674
6.0666666	109.8166656	-0.0116722	-0.4318731
7.8595233	109.8166656	-0.0817057	-0.1634115
9.6523809	109.8166656	-0.0466890	-0.0583612
11.4452381	109.8166656	-0.1750837	-0.1050502
13.2380953	109.8166656	-0.1283947	-0.1400670
15.0309525	109.8166656	-0.0933780	-0.1167225
16.8238087	109.8166656	-0.0466890	-0.0350167
18.6166668	109.8166656	-0.1283947	-0.1517392
20.4095249	109.8166656	-0.0233445	-0.1167225
22.2023811	109.8166656	-0.0466890	-0.1984282
23.9952374	109.8166656	0.0000000	0.0000000
25.7880955	109.8166656	-0.4785621	0.4552176
27.5809517	109.8166656	-0.0817057	0.7353516
29.3738098	109.8166656	-0.1400670	1.5290644
31.1666679	109.8166656	-0.1283947	1.5640811
32.9595261	109.8166656	-0.7003348	1.9142486
34.7523804	109.8166656	-0.5952846	2.1360211
36.5452385	109.8166656	-0.6536459	2.2527437
38.3380966	109.8166656	0.0000000	0.0000000
40.1309547	109.8166656	0.0000000	0.0000000
41.9238091	109.8166656	0.0700335	1.7041481
43.7166672	109.8166656	0.1167225	1.5057199
45.5095253	109.8166656	0.4085287	1.2489305
47.3023796	109.8166656	0.7820405	0.8870908
49.0952377	109.8166656	0.4902344	0.1984282
50.8880959	109.8166656	0.6653181	0.1867560
52.6809540	109.8166656	0.8053851	0.3618397
54.4738083	109.8166656	-0.0116722	0.8170573
56.2666664	109.8166656	-0.1167225	0.8637463
58.0595245	109.8166656	-0.0116722	0.6769903
59.8523788	109.8166656	-0.0233445	0.6886626
61.6452408	109.8166656	0.0000000	0.0000000
63.4380951	109.8166656	-0.4318731	0.5252512
65.2309494	109.8166656	-0.6303014	0.5602679
67.0238113	109.8166656	-0.0350167	0.8870908
68.8166656	109.8166656	0.0000000	0.0000000
70.6095276	109.8166656	0.0000000	0.0000000
-1.1047620	111.6095276	0.0000000	0.0000000
0.6880952	111.6095276	0.0000000	0.0000000
2.4809523	111.6095276	0.0000000	0.0000000
4.2738094	111.6095276	-0.1400670	-0.5019066
6.0666666	111.6095276	-0.1517392	-0.4668899
7.8595233	111.6095276	-0.1750837	-0.2334449
9.6523809	111.6095276	-0.2684617	-0.0466890
11.4452381	111.6095276	-0.3618397	-0.0700335
13.2380953	111.6095276	-0.2334449	-0.2334449
15.0309525	111.6095276	-0.1050502	-0.0817057
16.8238087	111.6095276	-0.1400670	0.0233445
18.6166668	111.6095276	-0.1400670	0.4785621
20.4095249	111.6095276	-0.0700335	-0.2567894
22.2023811	111.6095276	0.0000000	-0.2101004
23.9952374	111.6095276	0.0700335	-0.1750837
25.7880955	111.6095276	0.0350167	-0.7236793
27.5809517	111.6095276	-0.1050502	1.1788970
29.3738098	111.6095276	-0.4785621	1.9842820
31.1666679	111.6095276	-0.3501674	1.8909041
32.9595261	111.6095276	-0.7003348	2.2877605
34.7523804	111.6095276	-0.7120071	2.2760882
36.5452385	111.6095276	-0.4902344	2.0659878
38.3380966	111.6095276	-0.2918062	1.7158203
40.1309547	111.6095276	-0.1984282	1.7041481
41.9238091	111.6095276	0.7586961	0.2451172
43.7166672	111.6095276	0.0583612	0.0466890
45.5095253	111.6095276	-0.0233445	0.2801339
47.3023796	111.6095276	0.2217727	0.9687965
49.0952377	111.6095276	0.1750837	0.6419736
50.8880959	111.6095276	0.2684617	0.4668899
52.6809540	111.6095276	0.6886626	0.9221075
54.4738083	111.6095276	0.0233445	1.2022414
56.2666664	111.6095276	-0.0933780	0.7003348
58.0595245	111.6095276	0.0466890	0.8404018
59.8523788	111.6095276	-0.0700335	0.6769903
61.6452408	111.6095276	-0.1750837	0.9337798
63.4380951	111.6095276	-0.0817057	0.8053851
65.2309494	111.6095276	-0.4668899	0.4202009
67.0238113	111.6095276	-0.0350167	0.8637463
68.8166656	111.6095276	0.0000000	0.0000000
70.6095276	111.6095276	0.0000000	0.0000000
-1.1047620	113.4023819	0.0000000	0.0000000
0.6880952	113.4023819	0.0000000	0.0000000
2.4809523	113.4023819	0.0000000	0.0000000
4.2738094	113.4023819	-0.3268229	-0.0817057
6.0666666	113.4023819	-0.1867560	-0.2334449
7.8595233	113.4023819	-0.1400670	-0.2217727
9.6523809	113.4023819	-0.0233445	-0.1750837
11.4452381	113.4023819	-0.3501674	-0.1167225
13.2380953	113.4023819	-0.4202009	-0.1867560
15.0309525	113.4023819	-0.2567894	-0.1400670
16.8238087	113.4023819	-0.1517392	-0.2918062
18.6166668	113.4023819	-0.0700335	0.0116722
20.4095249	113.4023819	-0.0583612	-0.1400670
22.2023811	113.4023819	-0.0583612	-0.3501674
23.9952374	113.4023819	0.0817057	-0.0817057
25.7880955	113.4023819	0.0466890	0.0583612
27.5809517	113.4023819	-0.1400670	2.1943824
29.3738098	113.4023819	-0.8754185	1.9259208
31.1666679	113.4023819	-0.6653181	2.0543156
32.9595261	113.4023819	-0.6303014	2.2760882
34.7523804	113.4023819	-0.6769903	2.0776601
36.5452385	113.4023819	-0.5135789	1.9842820
38.3380966	113.4023819	-0.5719401	2.0192988
40.1309547	113.4023819	-0.1867560	1.8909041
41.9238091	113.4023819	-0.2217727	0.2334449
43.7166672	113.4023819	0.0116722	1.3773252
45.5095253	113.4023819	0.1400670	1.3189639
47.3023796	113.4023819	-0.1867560	1.2372582
49.0952377	113.4023819	0.0116722	1.1905692
50.8880959	113.4023819	0.3384952	0.7353516
52.6809540	113.4023819	0.6303014	0.2217727
54.4738083	113.4023819	0.3968564	0.8637463
56.2666664	113.4023819	-0.2451172	0.5719401
58.0595245	113.4023819	-0.6186291	0.6536459
59.8523788	113.4023819	-0.1283947	0.6419736
61.6452408	113.4023819	-0.0350167	0.3618397
63.4380951	113.4023819	-0.0700335	0.6886626
65.2309494	113.4023819	-0.1984282	0.8404018
67.0238113	113.4023819	-0.0933780	0.8987631
68.8166656	113.4023819	-0.0583612	0.8520740
70.6095276	113.4023819	0.0000000	0.0000000
-1.1047620	115.1952362	0.0000000	0.0000000
0.6880952	115.1952362	0.0000000	0.0000000
2.4809523	115.1952362	0.0000000	0.0000000
4.2738094	115.1952362	-0.1517392	-0.1400670
6.0666666	115.1952362	-0.0233445	-0.1167225
7.8595233	115.1952362	-0.0583612	-0.4668899
9.6523809	115.1952362	0.0233445	-0.1867560
11.4452381	115.1952362	-0.1050502	-0.0700335
13.2380953	115.1952362	-0.2567894	-0.0583612
15.0309525	115.1952362	-0.2684617	-0.0933780
16.8238087	115.1952362	-0.1984282	-0.5602679
18.6166668	115.1952362	-0.2217727	-0.5836124
20.4095249	115.1952362	-0.5252512	-0.1634115
22.2023811	115.1952362	-0.1400670	-0.2217727
23.9952374	115.1952362	-0.0817057	0.0350167
25.7880955	115.1952362	0.0000000	0.1634115
27.5809517	115.1952362	-0.1050502	1.4240142
29.3738098	115.1952362	-0.5369233	1.9609375
31.1666679	115.1952362	-0.6886626	2.1010046
32.9595261	115.1952362	-0.9337798	1.7741816
34.7523804	115.1952362	0.0000000	0.0000000
36.5452385	115.1952362	-0.4902344	1.4707031
38.3380966	115.1952362	-0.5485956	2.1126769
40.1309547	115.1952362	-0.1634115	1.3306361
41.9238091	115.1952362	-0.2451172	1.2606027
43.7166672	115.1952362	-0.3034784	1.1555525
45.5095253	115.1952362	-0.5952846	1.4823754
47.3023796	115.1952362	-0.6069568	0.8987631
49.0952377	115.1952362	-0.4902344	0.2684617
50.8880959	115.1952362	0.6653181	1.3072917
52.6809540	115.1952362	0.7470238	1.4123420
54.4738083	115.1952362	0.2567894	1.7508371
56.2666664	115.1952362	0.0116722	1.6107701
58.0595245	115.1952362	-0.3851842	0.7353516
59.8523788	115.1952362	-0.0817057	0.8754185
61.6452408	115.1952362	0.0350167	0.8520740
63.4380951	115.1952362	-0.0700335	0.9921410
65.2309494	115.1952362	0.0466890	0.8987631
67.0238113	115.1952362	0.0000000	0.9454520
68.8166656	115.1952362	0.0350167	0.9337798
70.6095276	115.1952362	0.0000000	0.0000000
-1.1047620	116.9880905	0.0000000	0.0000000
0.6880952	116.9880905	0.0000000	0.0000000
2.4809523	116.9880905	0.0000000	0.0000000
4.2738094	116.9880905	-0.0233445	0.0466890
6.0666666	116.9880905	-0.1517392	-0.0817057
7.8595233	116.9880905	0.0350167	-0.5252512
9.6523809	116.9880905	0.0350167	-0.2101004
11.4452381	116.9880905	0.1167225	-0.2217727
13.2380953	116.9880905	0.1634115	-0.1517392
15.0309525	116.9880905	0.0583612	-0.2567894
16.8238087	116.9880905	-0.1283947	-0.5836124
18.6166668	116.9880905	-0.1283947	-0.7120071
20.4095249	116.9880905	-0.6769903	0.0233445
22.2023811	116.9880905	-0.6186291	0.0000000
23.9952374	116.9880905	-0.6069568	0.1984282
25.7880955	116.9880905	-0.1867560	0.2101004
27.5809517	116.9880905	-0.0466890	1.4473586
29.3738098	116.9880905	-0.4318731	2.1827102
31.1666679	116.9880905	-0.6653181	2.2060547
32.9595261	116.9880905	-0.6653181	1.5057199
34.7523804	116.9880905	-0.1517392	1.5057199
36.5452385	116.9880905	0.0116722	2.1126769
38.3380966	116.9880905	0.0000000	0.0000000
40.1309547	116.9880905	-0.0700335	1.0154855
41.9238091	116.9880905	-0.3034784	1.2839472
43.7166672	116.9880905	-0.7353516	1.4240142
45.5095253	116.9880905	0.0000000	0.0000000
47.3023796	116.9880905	-0.4202009	1.3889974
49.0952377	116.9880905	-0.2567894	1.4006697
50.8880959	116.9880905	0.2101004	1.3539807
52.6809540	116.9880905	0.1050502	1.4123420
54.4738083	116.9880905	-0.0233445	1.1788970
56.2666664	116.9880905	-0.0350167	0.9571243
58.0595245	116.9880905	0.0817057	0.5719401
59.8523788	116.9880905	0.0817057	0.6303014
61.6452408	116.9880905	-0.0350167	1.5874256
63.4380951	116.9880905	-0.1050502	1.2722750
65.2309494	116.9880905	-0.0116722	0.9104353
67.0238113	116.9880905	-0.0116722	1.0038133
68.8166656	116.9880905	0.0000000	0.0000000
70.6095276	116.9880905	0.0000000	0.0000000
-1.1047620	118.7809448	0.0000000	0.0000000
0.6880952	118.7809448	0.0000000	0.0000000
2.4809523	118.7809448	0.0000000	0.0000000
4.2738094	118.7809448	0.0933780	0.0116722
6.0666666	118.7809448	-0.1400670	-0.0116722
7.8595233	118.7809448	0.0466890	-0.0817057
9.6523809	118.7809448	0.0233445	-0.0933780
11.4452381	118.7809448	0.0583612	-0.1517392
13.2380953	118.7809448	-0.0700335	-0.5019066
15.0309525	118.7809448	-0.0700335	-0.5952846
16.8238087	118.7809448	-0.4552176	-0.1984282
18.6166668	118.7809448	-0.6769903	-0.0350167
20.4095249	118.7809448	-0.6186291	-0.1517392
22.2023811	118.7809448	-0.3151507	-0.0583612
23.9952374	118.7809448	-0.4318731	0.0700335
25.7880955	118.7809448	-0.2451172	0.0466890
27.5809517	118.7809448	1.3306361	0.0350167
29.3738098	118.7809448	-0.7120071	2.0776601
31.1666679	118.7809448	-0.5369233	2.0659878
32.9595261	118.7809448	0.0583612	1.4823754
34.7523804	118.7809448	0.0700335	1.0154855
36.5452385	118.7809448	0.1167225	2.1360211
38.3380966	118.7809448	0.0817057	2.0309711
40.1309547	118.7809448	-0.0583612	1.1438802
41.9238091	118.7809448	-0.2334449	1.1555525
43.7166672	118.7809448	-0.3384952	1.4940476
45.5095253	118.7809448	-0.4785621	1.4707031
47.3023796	118.7809448	-0.3851842	0.8870908
49.0952377	118.7809448	-0.5952846	1.4123420
50.8880959	118.7809448	-0.2801339	1.5057199
52.6809540	118.7809448	-0.2801339	1.3072917
54.4738083	118.7809448	-0.3968564	1.5990978
56.2666664	118.7809448	-0.4785621	1.4707031
58.0595245	118.7809448	-0.0933780	1.1788970
59.8523788	118.7809448	-0.0700335	1.1205357
61.6452408	118.7809448	-0.1167225	1.1905692
63.4380951	118.7809448	0.1517392	1.3539807
65.2309494	118.7809448	-0.0350167	1.0855190
67.0238113	118.7809448	0.0000000	1.2839472
68.8166656	118.7809448	0.0817057	1.4707031
70.6095276	118.7809448	0.0000000	0.0000000
-1.1047620	120.5738144	0.0000000	0.0000000
0.6880952	120.5738144	0.0000000	0.0000000
2.4809523	120.5738144	0.0000000	0.0000000
4.2738094	120.5738144	0.4085287	0.0817057
6.0666666	120.5738144	0.0933780	-0.0583612
7.8595233	120.5738144	0.0700335	-0.3618397
9.6523809	120.5738144	0.0233445	-0.1167225
11.4452381	120.5738144	0.0700335	-0.3735119
13.2380953	120.5738144	-0.0233445	-0.1867560
15.0309525	120.5738144	-0.1634115	-0.4668899
16.8238087	120.5738144	-0.1050502	-0.4085287
18.6166668	120.5738144	-0.2684617	-0.3034784
20.4095249	120.5738144	-0.4785621	-0.0233445
22.2023811	120.5738144	-0.5719401	-0.1750837
23.9952374	120.5738144	-0.3851842	-0.0116722
25.7880955	120.5738144	-0.1517392	0.2801339
27.5809517	120.5738144	-0.4668899	0.4902344
29.3738098	120.5738144	-0.7470238	1.4240142
31.1666679	120.5738144	-0.0933780	1.4940476
32.9595261	120.5738144	0.0350167	1.3072917
34.7523804	120.5738144	0.3618397	0.9337798
36.5452385	120.5738144	-0.1517392	2.0426433
38.3380966	120.5738144	-0.1050502	1.7041481
40.1309547	120.5738144	-0.0700335	1.5757533
41.9238091	120.5738144	-0.4085287	1.6341146
43.7166672	120.5738144	-0.4435454	1.4473586
45.5095253	120.5738144	-0.7703683	1.2489305
47.3023796	120.5738144	-0.2217727	0.5369233
49.0952377	120.5738144	-0.5369233	0.8870908
50.8880959	120.5738144	-0.3151507	1.1205357
52.6809540	120.5738144	-0.1400670	1.2839472
54.4738083	120.5738144	-0.5485956	1.5640811
56.2666664	120.5738144	-0.1867560	1.5173922
58.0595245	120.5738144	-0.0933780	1.2489305
59.8523788	120.5738144	0.1634115	1.3189639
61.6452408	120.5738144	0.1283947	1.7975261
63.4380951	120.5738144	0.0817057	1.4473586
65.2309494	120.5738144	-0.0583612	1.1788970
67.0238113	120.5738144	0.0933780	1.4123420
68.8166656	120.5738144	-0.0116722	1.1555525
70.6095276	120.5738144	0.0000000	0.0000000
-1.1047620	122.3666687	0.0000000	0.0000000
0.6880952	122.3666687	0.0000000	0.0000000
2.4809523	122.3666687	0.1050502	-0.7703683
4.2738094	122.3666687	0.0000000	0.0000000
6.0666666	122.3666687	0.4552176	-0.1750837
7.8595233	122.3666687	0.0933780	-0.1400670
9.6523809	122.3666687	0.1050502	-0.1050502
11.4452381	122.3666687	0.1517392	-0.1634115
13.2380953	122.3666687	0.1634115	-0.1634115
15.0309525	122.3666687	-0.1050502	-0.1400670
16.8238087	122.3666687	-0.1517392	-0.1167225
18.6166668	122.3666687	-0.2334449	-0.1400670
20.4095249	122.3666687	-0.2101004	-0.2334449
22.2023811	122.3666687	-0.3151507	-0.3034784
23.9952374	122.3666687	-0.1634115	-0.1750837
25.7880955	122.3666687	-0.0116722	-0.0350167
27.5809517	122.3666687	-0.0583612	0.5602679
29.3738098	122.3666687	0.0000000	1.3072917
31.1666679	122.3666687	-0.0817057	1.4006697
32.9595261	122.3666687	0.0583612	1.0971912
34.7523804	122.3666687	-0.0116722	1.4240142
36.5452385	122.3666687	-0.0233445	1.4823754
38.3380966	122.3666687	-0.1634115	1.4240142
40.1309547	122.3666687	-0.0933780	1.2255859
41.9238091	122.3666687	-0.1867560	0.8287296
43.7166672	122.3666687	-0.1517392	0.8053851
45.5095253	122.3666687	-0.1167225	0.1400670
47.3023796	122.3666687	-0.1634115	0.9921410
49.0952377	122.3666687	-0.4552176	1.3072917
50.8880959	122.3666687	-0.4552176	1.2139137
52.6809540	122.3666687	-0.1750837	1.1322080
54.4738083	122.3666687	0.6769903	0.1167225
56.2666664	122.3666687	-0.0233445	0.0817057
58.0595245	122.3666687	0.0000000	1.2956195
59.8523788	122.3666687	0.1400670	1.5173922
61.6452408	122.3666687	0.1984282	-0.0116722
63.4380951	122.3666687	0.8170573	0.1867560
65.2309494	122.3666687	0.0350167	0.2684617
67.0238113	122.3666687	0.0350167	1.4823754
68.8166656	122.3666687	0.0000000	0.0000000
70.6095276	122.3666687	0.0000000	0.0000000
-1.1047620	124.1595230	0.0000000	0.0000000
0.6880952	124.1595230	0.0000000	0.0000000
2.4809523	124.1595230	0.0000000	0.0000000
4.2738094	124.1595230	0.0700335	-0.0233445
6.0666666	124.1595230	0.1283947	-0.0817057
7.8595233	124.1595230	0.0817057	-0.0700335
9.6523809	124.1595230	0.2101004	-0.1750837
11.4452381	124.1595230	-0.0466890	-0.1867560
13.2380953	124.1595230	0.2451172	-0.1400670
15.0309525	124.1595230	0.0817057	-0.1400670
16.8238087	124.1595230	-0.0700335	-0.0466890
18.6166668	124.1595230	-0.1400670	-0.0817057
20.4095249	124.1595230	-0.2451172	-0.0583612
22.2023811	124.1595230	-0.1050502	-0.2918062
23.9952374	124.1595230	-0.1400670	-0.2918062
25.7880955	124.1595230	-0.0817057	-0.4085287
27.5809517	124.1595230	0.0000000	0.0000000
29.3738098	124.1595230	-0.3501674	2.0776601
31.1666679	124.1595230	-1.5640811	-0.9337798
32.9595261	124.1595230	0.1283947	1.4240142
34.7523804	124.1595230	-0.0700335	1.6457869
36.5452385	124.1595230	-0.0116722	1.7508371
38.3380966	124.1595230	-0.0583612	1.6808035
40.1309547	124.1595230	-0.0583612	0.6069568
41.9238091	124.1595230	-0.5836124	1.2139137
43.7166672	124.1595230	-0.7353516	1.3656529
45.5095253	124.1595230	-0.5369233	1.4823754
47.3023796	124.1595230	-0.6653181	1.4356863
49.0952377	124.1595230	-0.0700335	1.2489305
50.8880959	124.1595230	-0.1400670	1.4590309
52.6809540	124.1595230	-0.0700335	0.2684617
54.4738083	124.1595230	0.0466890	1.7391648
56.2666664	124.1595230	0.0466890	1.1438802
58.0595245	124.1595230	-0.2101004	1.8675596
59.8523788	124.1595230	-0.1167225	1.9259208
61.6452408	124.1595230	0.0700335	1.3889974
63.4380951	124.1595230	0.1750837	0.6186291
65.2309494	124.1595230	0.0350167	0.6303014
67.0238113	124.1595230	0.1517392	0.2334449
68.8166656	124.1595230	-0.0233445	1.0154855
70.6095276	124.1595230	0.0000000	0.0000000
-1.1047620	125.9523773	0.0000000	0.0000000
0.6880952	125.9523773	0.0000000	0.0000000
2.4809523	125.9523773	0.1050502	-0.1517392
4.2738094	125.9523773	0.0466890	-0.0583612
6.0666666	125.9523773	0.0350167	-0.1050502
7.8595233	125.9523773	0.0466890	-0.1283947
9.6523809	125.9523773	0.2101004	-0.2217727
11.4452381	125.9523773	-0.0817057	-0.1750837
13.2380953	125.9523773	0.2451172	-0.1750837
15.0309525	125.9523773	0.2918062	-0.0933780
16.8238087	125.9523773	0.0700335	-0.0466890
18.6166668	125.9523773	-0.0233445	-0.0933780
20.4095249	125.9523773	-0.2918062	-0.0233445
22.2023811	125.9523773	-0.0817057	0.1517392
23.9952374	125.9523773	-0.1517392	-0.0933780
25.7880955	125.9523773	-0.4202009	-0.1050502
27.5809517	125.9523773	-0.0350167	1.2606027
29.3738098	125.9523773	0.0000000	0.0000000
31.1666679	125.9523773	0.0116722	1.6808035
32.9595261	125.9523773	0.1283947	2.0076265
34.7523804	125.9523773	-0.0933780	2.2060547
36.5452385	125.9523773	0.0116722	2.0076265
38.3380966	125.9523773	-0.0350167	1.3306361
40.1309547	125.9523773	-0.0233445	1.2372582
41.9238091	125.9523773	-0.3968564	1.5524089
43.7166672	125.9523773	-0.6769903	1.5057199
45.5095253	125.9523773	-0.6653181	1.5290644
47.3023796	125.9523773	-0.5369233	1.4473586
49.0952377	125.9523773	-0.2801339	1.3773252
50.8880959	125.9523773	-0.0817057	1.6457869
52.6809540	125.9523773	-0.0233445	2.0776601
54.4738083	125.9523773	-0.0583612	2.0543156
56.2666664	125.9523773	-0.3151507	2.1126769
58.0595245	125.9523773	-0.1984282	2.1827102
59.8523788	125.9523773	0.1867560	0.1050502
61.6452408	125.9523773	-0.0933780	1.1788970
63.4380951	125.9523773	0.0000000	1.5874256
65.2309494	125.9523773	-0.0233445	1.2255859
67.0238113	125.9523773	0.0933780	0.7820405
68.8166656	125.9523773	-0.1050502	0.2684617
70.6095276	125.9523773	-0.0466890	0.0116722
-1.1047620	127.7452393	0.0000000	0.0000000
0.6880952	127.7452393	0.0000000	0.0000000
2.4809523	127.7452393	0.0000000	0.0000000
4.2738094	127.7452393	0.0000000	-0.0817057
6.0666666	127.7452393	-0.0466890	-0.1867560
7.8595233	127.7452393	-0.0350167	-0.1167225
9.6523809	127.7452393	0.0700335	-0.0350167
11.4452381	127.7452393	0.0583612	-0.0933780
13.2380953	127.7452393	0.4552176	-0.0466890
15.0309525	127.7452393	0.3268229	-0.0700335
16.8238087	127.7452393	0.0583612	-0.0466890
18.6166668	127.7452393	0.0933780	0.0233445
20.4095249	127.7452393	-0.2451172	0.1167225
22.2023811	127.7452393	-0.0700335	0.0700335
23.9952374	127.7452393	-0.0817057	-0.0700335
25.7880955	127.7452393	-0.1984282	0.1634115
27.5809517	127.7452393	-0.7820405	0.1517392
29.3738098	127.7452393	-0.3268229	1.7158203
31.1666679	127.7452393	-0.0116722	1.5407367
32.9595261	127.7452393	0.1984282	1.8558873
34.7523804	127.7452393	-0.0350167	2.5562222
36.5452385	127.7452393	0.1400670	0.2567894
38.3380966	127.7452393	-0.1050502	0.5836124
40.1309547	127.7452393	0.0000000	0.0000000
41.9238091	127.7452393	-0.2801339	1.7625093
43.7166672	127.7452393	-0.0583612	1.6457869
45.5095253	127.7452393	-0.1167225	1.4823754
47.3023796	127.7452393	-0.2567894	1.3539807
49.0952377	127.7452393	0.0817057	0.8404018
50.8880959	127.7452393	0.1400670	1.6691314
52.6809540	127.7452393	0.1400670	2.2644160
54.4738083	127.7452393	0.0583612	2.1827102
56.2666664	127.7452393	0.0817057	2.2177269
58.0595245	127.7452393	0.0700335	2.2760882
59.8523788	127.7452393	-0.1400670	1.6808035
61.6452408	127.7452393	-0.0466890	1.6808035
63.4380951	127.7452393	0.1167225	0.5135789
65.2309494	127.7452393	0.1400670	0.6069568
67.0238113	127.7452393	0.0817057	0.8754185
68.8166656	127.7452393	0.0000000	1.1788970
70.6095276	127.7452393	0.0000000	0.0000000
-1.1047620	129.5380859	0.0000000	0.0000000
0.6880952	129.5380859	0.0000000	0.0000000
2.4809523	129.5380859	0.0700335	-1.0855190
4.2738094	129.5380859	-0.0466890	-0.0583612
6.0666666	129.5380859	-0.0350167	-0.0933780
7.8595233	129.5380859	-0.0933780	0.0233445
9.6523809	129.5380859	-0.0116722	0.0000000
11.4452381	129.5380859	-0.1283947	-0.0116722
13.2380953	129.5380859	-0.0700335	-0.1634115
15.0309525	129.5380859	-0.3151507	0.0116722
16.8238087	129.5380859	-0.1984282	0.0116722
18.6166668	129.5380859	-0.1867560	-0.0233445
20.4095249	129.5380859	-0.0700335	-0.2101004
22.2023811	129.5380859	-0.0817057	-0.1750837
23.9952374	129.5380859	-0.0933780	-0.0933780
25.7880955	129.5380859	-0.0350167	0.1517392
27.5809517	129.5380859	-0.4085287	0.8170573
29.3738098	129.5380859	-0.1050502	1.5757533
31.1666679	129.5380859	-0.1400670	1.7391648
32.9595261	129.5380859	-0.0466890	2.2177269
34.7523804	129.5380859	-0.0583612	2.2060547
36.5452385	129.5380859	-0.3384952	1.2372582
38.3380966	129.5380859	-0.8754185	0.1283947
40.1309547	129.5380859	0.0466890	0.4668899
41.9238091	129.5380859	-0.0233445	1.4006697
43.7166672	129.5380859	0.2684617	1.5407367
45.5095253	129.5380859	0.0817057	1.4590309
47.3023796	129.5380859	-0.1167225	0.7937128
49.0952377	129.5380859	-0.4668899	0.6536459
50.8880959	129.5380859	-0.1283947	1.0621744
52.6809540	129.5380859	0.1750837	2.0776601
54.4738083	129.5380859	0.0700335	2.2644160
56.2666664	129.5380859	0.0933780	2.1243489
58.0595245	129.5380859	0.0817057	2.1126769
59.8523788	129.5380859	-0.1400670	1.9609375
61.6452408	129.5380859	0.2334449	1.7391648
63.4380951	129.5380859	-0.1867560	1.4707031
65.2309494	129.5380859	0.0350167	0.5369233
67.0238113	129.5380859	0.1400670	0.0817057
68.8166656	129.5380859	0.0000000	0.0000000
70.6095276	129.5380859	0.0000000	0.0000000
-1.1047620	131.3309479	0.0000000	0.0000000
0.6880952	131.3309479	0.0000000	0.0000000
2.4809523	131.3309479	0.0000000	0.0000000
4.2738094	131.3309479	-0.0583612	-0.0817057
6.0666666	131.3309479	-0.0350167	-0.1517392
7.8595233	131.3309479	0.0000000	-0.1984282
9.6523809	131.3309479	0.1750837	-0.4785621
11.4452381	131.3309479	0.2217727	-0.4668899
13.2380953	131.3309479	0.1050502	-0.3618397
15.0309525	131.3309479	-0.2684617	-0.0817057
16.8238087	131.3309479	-0.1400670	-0.0933780
18.6166668	131.3309479	-0.2451172	-0.0116722
20.4095249	131.3309479	-0.0933780	-0.0583612
22.2023811	131.3309479	-0.1283947	-0.0233445
23.9952374	131.3309479	-0.0350167	-0.0933780
25.7880955	131.3309479	-0.0116722	0.0350167
27.5809517	131.3309479	-0.2101004	0.6069568
29.3738098	131.3309479	-0.0116722	1.3189639
31.1666679	131.3309479	-0.1750837	1.7158203
32.9595261	131.3309479	-0.4668899	2.2293992
34.7523804	131.3309479	-0.0116722	1.7975261
36.5452385	131.3309479	-0.0233445	1.6691314
38.3380966	131.3309479	-0.2217727	1.3306361
40.1309547	131.3309479	-0.0583612	0.9687965
41.9238091	131.3309479	0.0466890	1.6107701
43.7166672	131.3309479	-0.2567894	1.9609375
45.5095253	131.3309479	-0.0466890	0.9221075
47.3023796	131.3309479	-0.0933780	1.2372582
49.0952377	131.3309479	-0.0817057	0.5369233
50.8880959	131.3309479	-0.2451172	0.7703683
52.6809540	131.3309479	-0.0933780	1.6457869
54.4738083	131.3309479	-0.0817057	1.6808035
56.2666664	131.3309479	0.1050502	1.6224424
58.0595245	131.3309479	0.0000000	0.0000000
59.8523788	131.3309479	-0.1634115	1.9609375
61.6452408	131.3309479	-0.1400670	2.0543156
63.4380951	131.3309479	-0.0817057	1.6107701
65.2309494	131.3309479	-0.1167225	0.1867560
67.0238113	131.3309479	0.0233445	-0.0933780
68.8166656	131.3309479	0.0000000	0.0000000
70.6095276	131.3309479	0.0000000	0.0000000
-1.1047620	133.1238098	0.0000000	0.0000000
0.6880952	133.1238098	0.0000000	0.0000000
2.4809523	133.1238098	0.0000000	0.0000000
4.2738094	133.1238098	0.0116722	-0.0933780
6.0666666	133.1238098	-0.0233445	-0.2918062
7.8595233	133.1238098	0.0466890	-0.4785621
9.6523809	133.1238098	0.1750837	-0.5952846
11.4452381	133.1238098	0.2567894	-0.5485956
13.2380953	133.1238098	0.2334449	-0.4435454
15.0309525	133.1238098	0.0116722	-0.1400670
16.8238087	133.1238098	-0.0933780	-0.0933780
18.6166668	133.1238098	-0.0817057	-0.1517392
20.4095249	133.1238098	-0.1167225	-0.0933780
22.2023811	133.1238098	-0.0700335	-0.0116722
23.9952374	133.1238098	0.0350167	-0.2684617
25.7880955	133.1238098	0.2334449	-0.0233445
27.5809517	133.1238098	-0.1167225	1.1905692
29.3738098	133.1238098	-0.1750837	1.4123420
31.1666679	133.1238098	-0.1867560	2.3227773
32.9595261	133.1238098	-0.1050502	2.3811383
34.7523804	133.1238098	0.4202009	1.5173922
36.5452385	133.1238098	0.7586961	1.3889974
38.3380966	133.1238098	0.0233445	0.7703683
40.1309547	133.1238098	-0.0116722	0.6186291
41.9238091	133.1238098	0.5952846	0.7470238
43.7166672	133.1238098	0.0350167	2.0893323
45.5095253	133.1238098	0.1867560	0.3735119
47.3023796	133.1238098	0.0700335	0.6419736
49.0952377	133.1238098	0.7003348	0.2217727
50.8880959	133.1238098	-0.2801339	1.0505023
52.6809540	133.1238098	-0.2451172	1.4240142
54.4738083	133.1238098	-0.0350167	1.4707031
56.2666664	133.1238098	0.2217727	1.5173922
58.0595245	133.1238098	0.2334449	1.3889974
59.8523788	133.1238098	0.1283947	1.6924758
61.6452408	133.1238098	-0.3034784	2.0776601
63.4380951	133.1238098	-0.0350167	1.8675596
65.2309494	133.1238098	0.2684617	0.1867560
67.0238113	133.1238098	0.1867560	0.1050502
68.8166656	133.1238098	0.0000000	0.0000000
70.6095276	133.1238098	0.0000000	0.0000000
-1.1047620	134.9166565	0.0000000	0.0000000
0.6880952	134.9166565	0.0000000	0.0000000
2.4809523	134.9166565	0.0116722	0.7703683
4.2738094	134.9166565	-0.1517392	-0.3384952
6.0666666	134.9166565	-0.0700335	-0.3034784
7.8595233	134.9166565	-0.0466890	-0.4435454
9.6523809	134.9166565	0.0933780	-0.4785621
11.4452381	134.9166565	0.2684617	-0.2567894
13.2380953	134.9166565	0.1984282	-0.2334449
15.0309525	134.9166565	0.1984282	-0.0933780
16.8238087	134.9166565	-0.0583612	-0.0350167
18.6166668	134.9166565	-0.3268229	-0.2334449
20.4095249	134.9166565	-0.4785621	-0.0466890
22.2023811	134.9166565	-0.1867560	-0.2451172
23.9952374	134.9166565	0.0000000	-0.3618397
25.7880955	134.9166565	0.2217727	-0.3151507
27.5809517	134.9166565	0.4435454	-0.0817057
29.3738098	134.9166565	-0.1050502	1.4240142
31.1666679	134.9166565	-0.1984282	2.1010046
32.9595261	134.9166565	0.0700335	2.1243489
34.7523804	134.9166565	0.6886626	1.5757533
36.5452385	134.9166565	0.7820405	1.1088635
38.3380966	134.9166565	0.7236793	1.4123420
40.1309547	134.9166565	0.1984282	1.5057199
41.9238091	134.9166565	0.5135789	0.7353516
43.7166672	134.9166565	0.3618397	1.5290644
45.5095253	134.9166565	0.3735119	1.3539807
47.3023796	134.9166565	0.2684617	0.2567894
49.0952377	134.9166565	0.1283947	0.8053851
50.8880959	134.9166565	-0.0700335	1.0388300
52.6809540	134.9166565	0.0000000	1.0271578
54.4738083	134.9166565	0.0233445	0.8870908
56.2666664	134.9166565	-0.3851842	0.9221075
58.0595245	134.9166565	0.1283947	0.1750837
59.8523788	134.9166565	0.2217727	1.7858539
61.6452408	134.9166565	0.1283947	2.1126769
63.4380951	134.9166565	0.0233445	1.9842820
65.2309494	134.9166565	0.2217727	0.6186291
67.0238113	134.9166565	0.0817057	0.5369233
68.8166656	134.9166565	0.0000000	0.0000000
70.6095276	134.9166565	0.0000000	0.0000000
-1.1047620	136.7095337	0.0000000	0.0000000
0.6880952	136.7095337	0.0000000	0.0000000
2.4809523	136.7095337	-0.0116722	-0.6886626
4.2738094	136.7095337	-0.4318731	-0.2684617
6.0666666	136.7095337	-0.3151507	-0.2918062
7.8595233	136.7095337	-0.1634115	-0.5836124
9.6523809	136.7095337	-0.0817057	-0.3034784
11.4452381	136.7095337	0.0817057	-0.1984282
13.2380953	136.7095337	0.3968564	-0.0817057
15.0309525	136.7095337	0.0116722	0.0933780
16.8238087	136.7095337	-0.0466890	0.0700335
18.6166668	136.7095337	-0.5019066	0.0116722
20.4095249	136.7095337	-0.2684617	-0.0933780
22.2023811	136.7095337	-0.2801339	-0.1400670
23.9952374	136.7095337	0.0116722	-0.3151507
25.7880955	136.7095337	0.1400670	-0.3735119
27.5809517	136.7095337	-0.4435454	0.0116722
29.3738098	136.7095337	-0.0350167	1.5990978
31.1666679	136.7095337	-0.0583612	0.0583612
32.9595261	136.7095337	2.1943824	0.0583612
34.7523804	136.7095337	0.8987631	1.2255859
36.5452385	136.7095337	0.4435454	1.3773252
38.3380966	136.7095337	0.4785621	1.2022414
40.1309547	136.7095337	0.0700335	1.4823754
41.9238091	136.7095337	0.1167225	1.2489305
43.7166672	136.7095337	0.4435454	0.7236793
45.5095253	136.7095337	0.1167225	0.9454520
47.3023796	136.7095337	0.0116722	0.6069568
49.0952377	136.7095337	0.0000000	0.5485956
50.8880959	136.7095337	0.1634115	0.5602679
52.6809540	136.7095337	0.1984282	0.6653181
54.4738083	136.7095337	-0.0350167	0.7470238
56.2666664	136.7095337	0.0700335	1.0855190
58.0595245	136.7095337	0.1050502	0.0817057
59.8523788	136.7095337	0.0000000	0.0000000
61.6452408	136.7095337	-0.0233445	1.8442150
63.4380951	136.7095337	-0.1400670	1.5990978
65.2309494	136.7095337	0.2334449	0.7820405
67.0238113	136.7095337	0.2101004	0.3851842
68.8166656	136.7095337	0.0350167	-1.1905692
70.6095276	136.7095337	0.0000000	0.0000000
-1.1047620	138.5023804	0.0000000	0.0000000
0.6880952	138.5023804	0.0000000	0.0000000
2.4809523	138.5023804	0.0000000	-0.8520740
4.2738094	138.5023804	-0.5252512	-0.2567894
6.0666666	138.5023804	-0.1517392	-0.1050502
7.8595233	138.5023804	-0.1283947	-0.1517392
9.6523809	138.5023804	-0.3735119	-0.3268229
11.4452381	138.5023804	-0.2801339	-0.1283947
13.2380953	138.5023804	-0.1984282	0.0817057
15.0309525	138.5023804	-0.1634115	0.2101004
16.8238087	138.5023804	-0.2684617	0.1400670
18.6166668	138.5023804	-0.3268229	0.0000000
20.4095249	138.5023804	-0.5602679	-0.1167225
22.2023811	138.5023804	-0.1984282	-0.1400670
23.9952374	138.5023804	-0.0466890	-0.1634115
25.7880955	138.5023804	0.1750837	-0.2334449
27.5809517	138.5023804	-0.3501674	0.1050502
29.3738098	138.5023804	-0.4318731	0.0000000
31.1666679	138.5023804	-0.2101004	1.4123420
32.9595261	138.5023804	0.0000000	0.0000000
34.7523804	138.5023804	0.0000000	0.0000000
36.5452385	138.5023804	0.5135789	1.4006697
38.3380966	138.5023804	-0.6653181	0.7937128
40.1309547	138.5023804	-0.7353516	0.1167225
41.9238091	138.5023804	0.0000000	0.0000000
43.7166672	138.5023804	-0.1050502	0.2801339
45.5095253	138.5023804	-0.0233445	0.7353516
47.3023796	138.5023804	0.0116722	0.8170573
49.0952377	138.5023804	0.0466890	0.6886626
50.8880959	138.5023804	0.0933780	0.4785621
52.6809540	138.5023804	0.1634115	0.7236793
54.4738083	138.5023804	0.0933780	0.7937128
56.2666664	138.5023804	-0.1167225	1.2606027
58.0595245	138.5023804	0.0000000	0.0000000
59.8523788	138.5023804	-0.0233445	2.1710379
61.6452408	138.5023804	-0.1050502	1.9842820
63.4380951	138.5023804	0.2918062	1.2722750
65.2309494	138.5023804	0.6769903	0.7003348
67.0238113	138.5023804	0.2684617	0.7353516
68.8166656	138.5023804	0.0000000	0.0000000
70.6095276	138.5023804	0.0000000	0.0000000
