Burst/rec/seq: 	0	17	17
Time stamp:  	27/06/13 	16:22:31:488
Elapsed time (ms): 	      67
-1.1047620	64.9952393	0.0000000	0.0000000
0.6880952	64.9952393	0.0000000	0.0000000
2.4809523	64.9952393	0.0000000	0.0000000
4.2738094	64.9952393	0.0350167	1.1205357
6.0666666	64.9952393	0.1400670	3.1631789
7.8595233	64.9952393	0.0000000	0.0000000
9.6523809	64.9952393	-0.5719401	0.0233445
11.4452381	64.9952393	-0.5602679	0.0000000
13.2380953	64.9952393	-0.1167225	0.0000000
15.0309525	64.9952393	0.0000000	0.0000000
16.8238087	64.9952393	0.0000000	0.0000000
18.6166668	64.9952393	0.0000000	0.0000000
20.4095249	64.9952393	0.0000000	0.0000000
22.2023811	64.9952393	0.0000000	0.0000000
23.9952374	64.9952393	0.0000000	0.0000000
25.7880955	64.9952393	0.0000000	0.0000000
27.5809517	64.9952393	0.0000000	0.0000000
29.3738098	64.9952393	0.0000000	0.0000000
31.1666679	64.9952393	0.0000000	0.0000000
32.9595261	64.9952393	0.0000000	0.0000000
34.7523804	64.9952393	0.0000000	0.0000000
36.5452385	64.9952393	0.0000000	0.0000000
38.3380966	64.9952393	0.0000000	0.0000000
40.1309547	64.9952393	-0.0466890	0.0233445
41.9238091	64.9952393	0.0000000	0.0000000
43.7166672	64.9952393	0.0000000	0.0000000
45.5095253	64.9952393	0.0000000	0.0000000
47.3023796	64.9952393	0.0000000	0.0000000
49.0952377	64.9952393	0.0000000	0.0000000
50.8880959	64.9952393	0.0000000	0.0000000
52.6809540	64.9952393	-0.2217727	0.5952846
54.4738083	64.9952393	-0.3968564	0.2217727
56.2666664	64.9952393	0.0000000	0.0000000
58.0595245	64.9952393	0.2101004	1.7975261
59.8523788	64.9952393	0.0000000	1.7274926
61.6452408	64.9952393	0.0000000	0.0000000
63.4380951	64.9952393	0.0000000	0.0000000
65.2309494	64.9952393	0.0583612	-0.0116722
67.0238113	64.9952393	0.8987631	0.0583612
68.8166656	64.9952393	0.0233445	0.8053851
70.6095276	64.9952393	0.0000000	0.0000000
-1.1047620	66.7880936	0.0000000	0.0000000
0.6880952	66.7880936	0.0000000	0.0000000
2.4809523	66.7880936	0.0000000	0.0000000
4.2738094	66.7880936	-0.0466890	0.4202009
6.0666666	66.7880936	-0.0233445	0.1283947
7.8595233	66.7880936	-0.0466890	0.0700335
9.6523809	66.7880936	0.0000000	0.0000000
11.4452381	66.7880936	0.0000000	0.0000000
13.2380953	66.7880936	0.0000000	0.0000000
15.0309525	66.7880936	0.0000000	0.0000000
16.8238087	66.7880936	0.0000000	0.0000000
18.6166668	66.7880936	0.0000000	0.0000000
20.4095249	66.7880936	0.0000000	0.0000000
22.2023811	66.7880936	0.0000000	0.0000000
23.9952374	66.7880936	0.0000000	0.0000000
25.7880955	66.7880936	0.0000000	0.0000000
27.5809517	66.7880936	0.0000000	0.0000000
29.3738098	66.7880936	0.0000000	0.0000000
31.1666679	66.7880936	0.0000000	0.0000000
32.9595261	66.7880936	0.0000000	0.0000000
34.7523804	66.7880936	-1.4473586	0.0000000
36.5452385	66.7880936	0.0000000	0.0000000
38.3380966	66.7880936	-0.8754185	-0.0466890
40.1309547	66.7880936	-1.2022414	-0.0583612
41.9238091	66.7880936	-0.5719401	0.0700335
43.7166672	66.7880936	0.0000000	0.0000000
45.5095253	66.7880936	0.0000000	0.0000000
47.3023796	66.7880936	0.0000000	0.0000000
49.0952377	66.7880936	0.0000000	0.0000000
50.8880959	66.7880936	0.0000000	0.0000000
52.6809540	66.7880936	-0.0700335	1.1672248
54.4738083	66.7880936	-0.1984282	0.1517392
56.2666664	66.7880936	1.6107701	0.0000000
58.0595245	66.7880936	0.0000000	0.0000000
59.8523788	66.7880936	0.0000000	0.0000000
61.6452408	66.7880936	-0.8170573	0.1517392
63.4380951	66.7880936	0.0000000	0.0000000
65.2309494	66.7880936	0.0116722	2.8947172
67.0238113	66.7880936	-0.0817057	1.4940476
68.8166656	66.7880936	0.0000000	0.0000000
70.6095276	66.7880936	0.0000000	0.0000000
-1.1047620	68.5809479	0.0000000	0.0000000
0.6880952	68.5809479	0.0000000	0.0000000
2.4809523	68.5809479	0.0000000	0.0000000
4.2738094	68.5809479	0.0000000	0.0000000
6.0666666	68.5809479	0.0350167	0.0000000
7.8595233	68.5809479	-0.1634115	0.0233445
9.6523809	68.5809479	-0.3968564	-0.0700335
11.4452381	68.5809479	-0.1283947	-0.1050502
13.2380953	68.5809479	0.0000000	0.0000000
15.0309525	68.5809479	0.0000000	0.0000000
16.8238087	68.5809479	0.0000000	0.0000000
18.6166668	68.5809479	0.0000000	0.0000000
20.4095249	68.5809479	0.0000000	0.0000000
22.2023811	68.5809479	0.0000000	0.0000000
23.9952374	68.5809479	0.0000000	0.0000000
25.7880955	68.5809479	0.0000000	0.0000000
27.5809517	68.5809479	0.0000000	0.0000000
29.3738098	68.5809479	0.0000000	0.0000000
31.1666679	68.5809479	0.2217727	-1.4823754
32.9595261	68.5809479	0.0000000	0.0000000
34.7523804	68.5809479	0.0000000	0.0000000
36.5452385	68.5809479	0.0000000	0.0000000
38.3380966	68.5809479	-0.9104353	-0.1400670
40.1309547	68.5809479	-0.6769903	-0.0583612
41.9238091	68.5809479	-1.0038133	-0.1750837
43.7166672	68.5809479	-1.1322080	0.1400670
45.5095253	68.5809479	0.0000000	0.0000000
47.3023796	68.5809479	0.0000000	0.0000000
49.0952377	68.5809479	0.0000000	0.0000000
50.8880959	68.5809479	0.0000000	0.0000000
52.6809540	68.5809479	-0.1517392	-0.0583612
54.4738083	68.5809479	-0.0817057	0.0000000
56.2666664	68.5809479	0.0000000	0.0000000
58.0595245	68.5809479	0.0000000	0.0000000
59.8523788	68.5809479	0.0000000	0.0000000
61.6452408	68.5809479	-0.7703683	0.1634115
63.4380951	68.5809479	-1.4707031	0.1050502
65.2309494	68.5809479	-0.1867560	2.2877605
67.0238113	68.5809479	-0.1750837	0.8053851
68.8166656	68.5809479	0.0000000	0.0000000
70.6095276	68.5809479	0.0000000	0.0000000
-1.1047620	70.3738098	0.0000000	0.0000000
0.6880952	70.3738098	0.0000000	0.0000000
2.4809523	70.3738098	0.0000000	0.0000000
4.2738094	70.3738098	-0.1167225	-0.0817057
6.0666666	70.3738098	-0.2101004	-0.0233445
7.8595233	70.3738098	-0.1867560	0.0116722
9.6523809	70.3738098	-0.2101004	-0.1400670
11.4452381	70.3738098	-0.1750837	-0.1167225
13.2380953	70.3738098	-0.0116722	-0.0116722
15.0309525	70.3738098	0.0000000	0.0000000
16.8238087	70.3738098	0.0000000	0.0000000
18.6166668	70.3738098	0.0000000	0.0000000
20.4095249	70.3738098	0.0000000	0.0000000
22.2023811	70.3738098	0.0000000	0.0000000
23.9952374	70.3738098	0.0000000	0.0000000
25.7880955	70.3738098	-0.8404018	0.0000000
27.5809517	70.3738098	0.0000000	0.0000000
29.3738098	70.3738098	0.0000000	0.0000000
31.1666679	70.3738098	0.0000000	0.0000000
32.9595261	70.3738098	0.0000000	0.0000000
34.7523804	70.3738098	-1.1322080	-0.0700335
36.5452385	70.3738098	-1.1088635	-0.0700335
38.3380966	70.3738098	-0.9687965	-0.0933780
40.1309547	70.3738098	0.0000000	0.0000000
41.9238091	70.3738098	-0.8404018	-0.3268229
43.7166672	70.3738098	0.0000000	0.0000000
45.5095253	70.3738098	0.0000000	0.0000000
47.3023796	70.3738098	0.0000000	0.0000000
49.0952377	70.3738098	-1.5640811	0.0233445
50.8880959	70.3738098	0.0000000	0.0000000
52.6809540	70.3738098	0.0000000	0.0000000
54.4738083	70.3738098	0.0000000	0.0000000
56.2666664	70.3738098	0.0000000	0.0000000
58.0595245	70.3738098	0.0000000	0.0000000
59.8523788	70.3738098	0.0000000	0.0000000
61.6452408	70.3738098	0.0000000	0.0000000
63.4380951	70.3738098	-0.5485956	0.5252512
65.2309494	70.3738098	-0.7820405	3.0698011
67.0238113	70.3738098	0.0000000	0.0000000
68.8166656	70.3738098	0.0233445	0.9104353
70.6095276	70.3738098	0.0000000	0.0000000
-1.1047620	72.1666641	0.0000000	0.0000000
0.6880952	72.1666641	0.0000000	0.0000000
2.4809523	72.1666641	0.0000000	0.0000000
4.2738094	72.1666641	-0.1984282	-0.2801339
6.0666666	72.1666641	-0.2217727	-0.1167225
7.8595233	72.1666641	-0.3501674	-0.4902344
9.6523809	72.1666641	-0.2217727	-0.5836124
11.4452381	72.1666641	-0.5719401	-0.3034784
13.2380953	72.1666641	-0.0350167	0.3735119
15.0309525	72.1666641	-0.2451172	-0.0933780
16.8238087	72.1666641	0.0000000	0.0000000
18.6166668	72.1666641	0.0000000	0.0000000
20.4095249	72.1666641	0.0000000	0.0000000
22.2023811	72.1666641	0.0000000	0.0000000
23.9952374	72.1666641	0.0000000	0.0000000
25.7880955	72.1666641	0.0000000	0.0000000
27.5809517	72.1666641	0.0000000	0.0000000
29.3738098	72.1666641	0.0000000	0.0000000
31.1666679	72.1666641	0.0000000	0.0000000
32.9595261	72.1666641	0.0000000	0.0000000
34.7523804	72.1666641	0.0000000	0.0000000
36.5452385	72.1666641	0.0000000	0.0000000
38.3380966	72.1666641	0.0000000	0.0000000
40.1309547	72.1666641	-0.8870908	-0.2101004
41.9238091	72.1666641	-0.8637463	-0.2567894
43.7166672	72.1666641	0.0000000	0.0000000
45.5095253	72.1666641	0.0000000	0.0000000
47.3023796	72.1666641	-0.4202009	1.4123420
49.0952377	72.1666641	0.0000000	0.0000000
50.8880959	72.1666641	0.0000000	0.0000000
52.6809540	72.1666641	0.0000000	0.0000000
54.4738083	72.1666641	0.0000000	0.0000000
56.2666664	72.1666641	4.0619421	-0.2217727
58.0595245	72.1666641	0.0000000	0.0000000
59.8523788	72.1666641	0.4202009	0.1517392
61.6452408	72.1666641	0.0000000	0.0000000
63.4380951	72.1666641	0.0000000	0.0000000
65.2309494	72.1666641	-0.2451172	2.9180617
67.0238113	72.1666641	-0.1167225	3.0114398
68.8166656	72.1666641	0.0000000	0.0000000
70.6095276	72.1666641	0.0000000	0.0000000
-1.1047620	73.9595184	0.0000000	0.0000000
0.6880952	73.9595184	0.0000000	0.0000000
2.4809523	73.9595184	0.0000000	0.0000000
4.2738094	73.9595184	-0.1867560	-0.2918062
6.0666666	73.9595184	-0.2334449	-0.4785621
7.8595233	73.9595184	-0.4318731	-0.4085287
9.6523809	73.9595184	-0.3735119	-0.5836124
11.4452381	73.9595184	-0.3034784	-0.7470238
13.2380953	73.9595184	0.0000000	0.0000000
15.0309525	73.9595184	0.0000000	0.0000000
16.8238087	73.9595184	0.0000000	0.0000000
18.6166668	73.9595184	-0.2801339	-0.0116722
20.4095249	73.9595184	0.0000000	0.0000000
22.2023811	73.9595184	0.0000000	0.0000000
23.9952374	73.9595184	0.0000000	0.0000000
25.7880955	73.9595184	0.0000000	0.0000000
27.5809517	73.9595184	0.0000000	0.0000000
29.3738098	73.9595184	-1.5757533	1.7391648
31.1666679	73.9595184	0.0000000	0.0000000
32.9595261	73.9595184	0.0000000	0.0000000
34.7523804	73.9595184	0.0000000	0.0000000
36.5452385	73.9595184	-0.7236793	1.3656529
38.3380966	73.9595184	-0.2684617	0.0000000
40.1309547	73.9595184	-0.8754185	-0.0350167
41.9238091	73.9595184	-0.8287296	-0.0466890
43.7166672	73.9595184	-1.3656529	1.4006697
45.5095253	73.9595184	0.0000000	0.0000000
47.3023796	73.9595184	0.0000000	0.0000000
49.0952377	73.9595184	-1.1322080	1.1788970
50.8880959	73.9595184	0.0000000	0.0000000
52.6809540	73.9595184	0.0000000	0.0000000
54.4738083	73.9595184	0.0000000	0.0000000
56.2666664	73.9595184	0.3851842	-1.6808035
58.0595245	73.9595184	-0.5369233	1.5524089
59.8523788	73.9595184	0.0000000	0.0000000
61.6452408	73.9595184	0.0000000	0.0000000
63.4380951	73.9595184	0.0000000	0.0000000
65.2309494	73.9595184	-2.3811383	-0.1283947
67.0238113	73.9595184	-0.0817057	3.2215402
68.8166656	73.9595184	0.0000000	0.0000000
70.6095276	73.9595184	0.0000000	0.0000000
-1.1047620	75.7523804	0.0000000	0.0000000
0.6880952	75.7523804	0.0000000	0.0000000
2.4809523	75.7523804	0.0000000	0.0000000
4.2738094	75.7523804	-0.0350167	-0.8170573
6.0666666	75.7523804	-0.2451172	-0.5719401
7.8595233	75.7523804	-0.3618397	-0.5135789
9.6523809	75.7523804	-0.2918062	-0.7820405
11.4452381	75.7523804	-0.1283947	-0.8754185
13.2380953	75.7523804	0.0000000	0.0000000
15.0309525	75.7523804	0.0000000	0.0000000
16.8238087	75.7523804	0.0000000	0.0000000
18.6166668	75.7523804	0.0000000	0.0000000
20.4095249	75.7523804	0.0000000	0.0000000
22.2023811	75.7523804	0.0000000	0.0000000
23.9952374	75.7523804	0.0000000	0.0000000
25.7880955	75.7523804	0.0000000	0.0000000
27.5809517	75.7523804	0.0000000	0.0000000
29.3738098	75.7523804	-1.5874256	1.7858539
31.1666679	75.7523804	-1.0271578	0.0116722
32.9595261	75.7523804	-0.7937128	0.0233445
34.7523804	75.7523804	-0.5836124	0.0116722
36.5452385	75.7523804	0.0000000	0.0000000
38.3380966	75.7523804	-0.6653181	0.0350167
40.1309547	75.7523804	0.0000000	0.0000000
41.9238091	75.7523804	-0.5952846	0.0000000
43.7166672	75.7523804	-0.7120071	0.0817057
45.5095253	75.7523804	0.0000000	0.0000000
47.3023796	75.7523804	-0.8404018	0.1400670
49.0952377	75.7523804	-0.6769903	0.5602679
50.8880959	75.7523804	-1.4707031	-0.1400670
52.6809540	75.7523804	0.0000000	0.0000000
54.4738083	75.7523804	0.0000000	0.0000000
56.2666664	75.7523804	-0.9804688	2.2293992
58.0595245	75.7523804	0.0000000	0.0000000
59.8523788	75.7523804	-2.0192988	3.0931456
61.6452408	75.7523804	-0.7703683	0.2334449
63.4380951	75.7523804	-0.0583612	3.4666574
65.2309494	75.7523804	-3.6884301	0.0350167
67.0238113	75.7523804	0.0000000	0.0000000
68.8166656	75.7523804	-0.0233445	2.8597007
70.6095276	75.7523804	0.0000000	0.0000000
-1.1047620	77.5452347	0.0000000	0.0000000
0.6880952	77.5452347	0.0000000	0.0000000
2.4809523	77.5452347	0.0000000	0.0000000
4.2738094	77.5452347	-0.0817057	-0.6186291
6.0666666	77.5452347	-0.2567894	-0.3501674
7.8595233	77.5452347	-0.2567894	-0.4785621
9.6523809	77.5452347	-0.3501674	-0.6653181
11.4452381	77.5452347	-0.4435454	-0.6069568
13.2380953	77.5452347	0.0233445	0.5836124
15.0309525	77.5452347	-0.0116722	0.6069568
16.8238087	77.5452347	0.0000000	0.0000000
18.6166668	77.5452347	0.0000000	0.0000000
20.4095249	77.5452347	0.0000000	0.0000000
22.2023811	77.5452347	0.0000000	0.0000000
23.9952374	77.5452347	0.0000000	0.0000000
25.7880955	77.5452347	0.0000000	0.0000000
27.5809517	77.5452347	0.0000000	0.0000000
29.3738098	77.5452347	0.0000000	0.0000000
31.1666679	77.5452347	0.0000000	0.0000000
32.9595261	77.5452347	0.0000000	0.0000000
34.7523804	77.5452347	-0.8987631	0.0350167
36.5452385	77.5452347	0.0000000	0.0000000
38.3380966	77.5452347	-1.1088635	0.1984282
40.1309547	77.5452347	-0.7937128	0.0933780
41.9238091	77.5452347	-1.2022414	0.2101004
43.7166672	77.5452347	-0.6419736	0.2217727
45.5095253	77.5452347	-0.8987631	0.1634115
47.3023796	77.5452347	0.0000000	0.0000000
49.0952377	77.5452347	-0.8170573	2.9180617
50.8880959	77.5452347	-0.9104353	3.8401694
52.6809540	77.5452347	0.0000000	0.0000000
54.4738083	77.5452347	0.0000000	0.0000000
56.2666664	77.5452347	-1.4473586	2.7779949
58.0595245	77.5452347	-1.3656529	2.8013394
59.8523788	77.5452347	-1.5173922	4.4004374
61.6452408	77.5452347	0.0000000	0.0000000
63.4380951	77.5452347	0.0000000	0.0000000
65.2309494	77.5452347	-1.3773252	3.1515067
67.0238113	77.5452347	0.3151507	1.3539807
68.8166656	77.5452347	0.0000000	0.0000000
70.6095276	77.5452347	0.0000000	0.0000000
-1.1047620	79.3380966	0.0000000	0.0000000
0.6880952	79.3380966	0.0000000	0.0000000
2.4809523	79.3380966	0.0000000	0.0000000
4.2738094	79.3380966	-0.0933780	-0.4668899
6.0666666	79.3380966	-0.2217727	-0.5485956
7.8595233	79.3380966	-0.2334449	-0.4668899
9.6523809	79.3380966	-0.2801339	-0.3034784
11.4452381	79.3380966	-0.1750837	-0.1634115
13.2380953	79.3380966	-0.1750837	-0.1750837
15.0309525	79.3380966	0.0000000	0.0000000
16.8238087	79.3380966	0.0000000	0.0000000
18.6166668	79.3380966	0.0817057	0.1750837
20.4095249	79.3380966	0.0000000	0.0000000
22.2023811	79.3380966	0.0000000	0.0000000
23.9952374	79.3380966	0.0000000	0.0000000
25.7880955	79.3380966	0.0000000	0.0000000
27.5809517	79.3380966	0.0000000	0.0000000
29.3738098	79.3380966	0.0000000	0.0000000
31.1666679	79.3380966	-1.2255859	1.3773252
32.9595261	79.3380966	0.0000000	0.0000000
34.7523804	79.3380966	0.0000000	0.0000000
36.5452385	79.3380966	-0.5952846	1.4707031
38.3380966	79.3380966	-1.3189639	0.2217727
40.1309547	79.3380966	-1.3189639	0.0466890
41.9238091	79.3380966	-0.4085287	1.2956195
43.7166672	79.3380966	-0.9221075	0.9571243
45.5095253	79.3380966	-1.5173922	0.4085287
47.3023796	79.3380966	0.0000000	0.0000000
49.0952377	79.3380966	0.0000000	0.0000000
50.8880959	79.3380966	0.0000000	0.0000000
52.6809540	79.3380966	0.2451172	-3.3966238
54.4738083	79.3380966	0.0000000	0.0000000
56.2666664	79.3380966	-1.8091983	3.3382628
58.0595245	79.3380966	0.0000000	0.0000000
59.8523788	79.3380966	0.0000000	0.0000000
61.6452408	79.3380966	0.0000000	0.0000000
63.4380951	79.3380966	-1.1322080	3.1631789
65.2309494	79.3380966	-0.4785621	2.8130116
67.0238113	79.3380966	0.0000000	1.4940476
68.8166656	79.3380966	0.0000000	0.0000000
70.6095276	79.3380966	0.0000000	0.0000000
-1.1047620	81.1309509	0.0000000	0.0000000
0.6880952	81.1309509	0.0000000	0.0000000
2.4809523	81.1309509	0.0000000	0.0000000
4.2738094	81.1309509	-0.3268229	-0.0700335
6.0666666	81.1309509	-0.2801339	-0.1517392
7.8595233	81.1309509	-0.3501674	-0.2217727
9.6523809	81.1309509	-0.4085287	-0.1634115
11.4452381	81.1309509	-0.4318731	-0.2217727
13.2380953	81.1309509	-0.1167225	-0.0700335
15.0309525	81.1309509	0.0000000	0.0000000
16.8238087	81.1309509	0.0000000	0.0000000
18.6166668	81.1309509	0.0000000	0.0000000
20.4095249	81.1309509	0.0000000	0.0000000
22.2023811	81.1309509	0.0000000	0.0000000
23.9952374	81.1309509	0.0000000	0.0000000
25.7880955	81.1309509	-1.4240142	3.0114398
27.5809517	81.1309509	0.0000000	0.0000000
29.3738098	81.1309509	0.0350167	-1.4940476
31.1666679	81.1309509	0.0000000	0.0000000
32.9595261	81.1309509	0.0000000	0.0000000
34.7523804	81.1309509	0.0000000	0.0000000
36.5452385	81.1309509	0.0000000	0.0000000
38.3380966	81.1309509	0.0000000	0.0000000
40.1309547	81.1309509	-1.2839472	0.2918062
41.9238091	81.1309509	-0.9687965	0.1050502
43.7166672	81.1309509	-0.6769903	0.1050502
45.5095253	81.1309509	-0.7703683	0.5252512
47.3023796	81.1309509	0.0000000	0.0000000
49.0952377	81.1309509	-0.6536459	1.6457869
50.8880959	81.1309509	0.0000000	0.0000000
52.6809540	81.1309509	0.0583612	1.0738467
54.4738083	81.1309509	1.6691314	-0.0933780
56.2666664	81.1309509	0.0000000	0.0000000
58.0595245	81.1309509	-1.5874256	3.9218750
59.8523788	81.1309509	-1.3423084	4.4821429
61.6452408	81.1309509	0.0000000	0.0000000
63.4380951	81.1309509	-1.5640811	3.7001023
65.2309494	81.1309509	-0.2217727	3.0698011
67.0238113	81.1309509	-0.5019066	2.9880953
68.8166656	81.1309509	0.0700335	-1.1205357
70.6095276	81.1309509	0.0000000	0.0000000
-1.1047620	82.9238052	0.0000000	0.0000000
0.6880952	82.9238052	0.0000000	0.0000000
2.4809523	82.9238052	0.0000000	0.0000000
4.2738094	82.9238052	-0.1867560	0.0000000
6.0666666	82.9238052	-0.1750837	-0.1283947
7.8595233	82.9238052	-0.2918062	-0.2918062
9.6523809	82.9238052	-0.2567894	-0.4085287
11.4452381	82.9238052	-0.2684617	-0.1517392
13.2380953	82.9238052	-0.0700335	-0.1517392
15.0309525	82.9238052	-0.2567894	-0.2334449
16.8238087	82.9238052	0.0000000	0.0000000
18.6166668	82.9238052	0.0000000	0.0000000
20.4095249	82.9238052	0.0000000	0.0000000
22.2023811	82.9238052	0.0000000	0.0000000
23.9952374	82.9238052	0.0000000	0.0000000
25.7880955	82.9238052	0.0000000	0.0000000
27.5809517	82.9238052	0.0000000	0.0000000
29.3738098	82.9238052	0.0000000	0.0000000
31.1666679	82.9238052	0.0000000	0.0000000
32.9595261	82.9238052	0.0000000	0.0000000
34.7523804	82.9238052	0.0000000	0.0000000
36.5452385	82.9238052	0.0000000	0.0000000
38.3380966	82.9238052	-1.0971912	0.1050502
40.1309547	82.9238052	-1.1555525	0.6419736
41.9238091	82.9238052	-0.9571243	0.8287296
43.7166672	82.9238052	0.0000000	0.0000000
45.5095253	82.9238052	-0.4902344	0.7353516
47.3023796	82.9238052	-0.8287296	0.8520740
49.0952377	82.9238052	-0.4552176	0.7937128
50.8880959	82.9238052	0.0350167	0.9104353
52.6809540	82.9238052	0.0000000	0.0000000
54.4738083	82.9238052	0.0000000	0.0000000
56.2666664	82.9238052	-0.3268229	2.9063895
58.0595245	82.9238052	-1.4707031	4.5755210
59.8523788	82.9238052	-0.9804688	4.2136812
61.6452408	82.9238052	-1.3423084	3.8051527
63.4380951	82.9238052	-1.3189639	4.0269251
65.2309494	82.9238052	-0.2684617	3.1981957
67.0238113	82.9238052	0.0000000	0.0000000
68.8166656	82.9238052	0.0583612	1.0388300
70.6095276	82.9238052	0.0000000	0.0000000
-1.1047620	84.7166595	0.0000000	0.0000000
0.6880952	84.7166595	0.0000000	0.0000000
2.4809523	84.7166595	0.0000000	0.0000000
4.2738094	84.7166595	-0.1517392	0.1984282
6.0666666	84.7166595	-0.2101004	0.0350167
7.8595233	84.7166595	-0.3851842	-0.5019066
9.6523809	84.7166595	-0.4202009	-0.5252512
11.4452381	84.7166595	-0.2334449	-0.5836124
13.2380953	84.7166595	-0.2451172	-0.2217727
15.0309525	84.7166595	-0.2567894	-0.2334449
16.8238087	84.7166595	0.0000000	0.0000000
18.6166668	84.7166595	0.0000000	0.0000000
20.4095249	84.7166595	0.0000000	0.0000000
22.2023811	84.7166595	0.0000000	0.0000000
23.9952374	84.7166595	0.0000000	0.0000000
25.7880955	84.7166595	0.0000000	0.0000000
27.5809517	84.7166595	0.0000000	0.0000000
29.3738098	84.7166595	0.0000000	0.0000000
31.1666679	84.7166595	0.0000000	0.0000000
32.9595261	84.7166595	0.0000000	0.0000000
34.7523804	84.7166595	0.0000000	0.0000000
36.5452385	84.7166595	0.0000000	0.0000000
38.3380966	84.7166595	0.0000000	0.0000000
40.1309547	84.7166595	-0.9104353	0.7586961
41.9238091	84.7166595	-0.8637463	0.7820405
43.7166672	84.7166595	-0.7003348	0.9104353
45.5095253	84.7166595	-0.6419736	0.8287296
47.3023796	84.7166595	-0.3968564	0.7937128
49.0952377	84.7166595	-0.5952846	0.8754185
50.8880959	84.7166595	-0.1517392	0.8987631
52.6809540	84.7166595	0.0583612	1.0154855
54.4738083	84.7166595	-0.0817057	3.0347843
56.2666664	84.7166595	-0.0583612	3.1631789
58.0595245	84.7166595	2.0192988	-0.7236793
59.8523788	84.7166595	-0.8987631	4.7739491
61.6452408	84.7166595	-1.1088635	4.4004374
63.4380951	84.7166595	-0.3968564	4.0035806
65.2309494	84.7166595	0.0000000	0.0000000
67.0238113	84.7166595	0.1634115	3.4666574
68.8166656	84.7166595	0.0116722	3.1398344
70.6095276	84.7166595	0.0000000	0.0000000
-1.1047620	86.5095291	0.0000000	0.0000000
0.6880952	86.5095291	0.0000000	0.0000000
2.4809523	86.5095291	0.0000000	0.0000000
4.2738094	86.5095291	-0.0700335	-0.1167225
6.0666666	86.5095291	-0.1750837	-0.0933780
7.8595233	86.5095291	-0.1400670	0.2567894
9.6523809	86.5095291	-0.4085287	-0.7236793
11.4452381	86.5095291	-0.0817057	-0.5252512
13.2380953	86.5095291	-0.1400670	-0.0933780
15.0309525	86.5095291	-0.0466890	0.0000000
16.8238087	86.5095291	0.0000000	0.0000000
18.6166668	86.5095291	0.0000000	0.0000000
20.4095249	86.5095291	0.0000000	0.0000000
22.2023811	86.5095291	0.0000000	0.0000000
23.9952374	86.5095291	0.0000000	0.0000000
25.7880955	86.5095291	0.0000000	0.0000000
27.5809517	86.5095291	0.0000000	0.0000000
29.3738098	86.5095291	0.0000000	0.0000000
31.1666679	86.5095291	0.0000000	0.0000000
32.9595261	86.5095291	0.0000000	0.0000000
34.7523804	86.5095291	0.0000000	0.0000000
36.5452385	86.5095291	0.0000000	0.0000000
38.3380966	86.5095291	0.0000000	0.0000000
40.1309547	86.5095291	0.0000000	0.0000000
41.9238091	86.5095291	-0.8053851	1.2606027
43.7166672	86.5095291	-0.6886626	0.9687965
45.5095253	86.5095291	-0.6769903	0.9454520
47.3023796	86.5095291	-0.6303014	1.0271578
49.0952377	86.5095291	-0.4902344	0.7820405
50.8880959	86.5095291	-0.3151507	0.9221075
52.6809540	86.5095291	0.1750837	1.1788970
54.4738083	86.5095291	-0.2101004	3.2098680
56.2666664	86.5095291	-1.2022414	4.8206382
58.0595245	86.5095291	4.6805711	0.0116722
59.8523788	86.5095291	0.0000000	0.0000000
61.6452408	86.5095291	1.1905692	-1.2839472
63.4380951	86.5095291	-0.2451172	4.3654203
65.2309494	86.5095291	-0.5485956	3.6067245
67.0238113	86.5095291	-0.0116722	3.5133464
68.8166656	86.5095291	0.0000000	0.0000000
70.6095276	86.5095291	0.0000000	0.0000000
-1.1047620	88.3023834	0.0000000	0.0000000
0.6880952	88.3023834	0.0000000	0.0000000
2.4809523	88.3023834	0.0000000	0.0000000
4.2738094	88.3023834	0.0000000	0.0000000
6.0666666	88.3023834	-0.2217727	-0.0233445
7.8595233	88.3023834	-0.0116722	0.5836124
9.6523809	88.3023834	-0.0233445	-0.4552176
11.4452381	88.3023834	0.0350167	-0.4085287
13.2380953	88.3023834	0.0700335	0.1634115
15.0309525	88.3023834	0.0000000	0.0000000
16.8238087	88.3023834	0.0000000	0.0000000
18.6166668	88.3023834	0.0000000	0.0000000
20.4095249	88.3023834	0.0000000	0.0000000
22.2023811	88.3023834	0.0000000	0.0000000
23.9952374	88.3023834	0.0000000	0.0000000
25.7880955	88.3023834	0.0000000	0.0000000
27.5809517	88.3023834	0.0000000	0.0000000
29.3738098	88.3023834	0.0000000	0.0000000
31.1666679	88.3023834	0.0000000	0.0000000
32.9595261	88.3023834	0.0000000	0.0000000
34.7523804	88.3023834	0.0000000	0.0000000
36.5452385	88.3023834	-1.0038133	1.5057199
38.3380966	88.3023834	0.0000000	0.0000000
40.1309547	88.3023834	-0.8287296	1.5057199
41.9238091	88.3023834	-0.8404018	1.1555525
43.7166672	88.3023834	-0.8170573	1.0855190
45.5095253	88.3023834	-0.7586961	1.1088635
47.3023796	88.3023834	-0.7120071	1.1438802
49.0952377	88.3023834	-0.6769903	0.8637463
50.8880959	88.3023834	-0.5135789	1.0855190
52.6809540	88.3023834	-0.5019066	1.5173922
54.4738083	88.3023834	0.0000000	0.0000000
56.2666664	88.3023834	-0.1517392	3.8635137
58.0595245	88.3023834	-0.2217727	4.3887649
59.8523788	88.3023834	-0.3384952	1.5874256
61.6452408	88.3023834	0.0000000	0.0000000
63.4380951	88.3023834	0.0000000	0.0000000
65.2309494	88.3023834	-0.1867560	2.4278274
67.0238113	88.3023834	0.0000000	0.0000000
68.8166656	88.3023834	0.0350167	-1.0154855
70.6095276	88.3023834	0.0000000	0.0000000
-1.1047620	90.0952377	0.0000000	0.0000000
0.6880952	90.0952377	0.0000000	0.0000000
2.4809523	90.0952377	0.0000000	0.0000000
4.2738094	90.0952377	0.0000000	0.0000000
6.0666666	90.0952377	0.0000000	0.0000000
7.8595233	90.0952377	-0.1283947	0.0817057
9.6523809	90.0952377	0.1050502	0.0000000
11.4452381	90.0952377	0.1050502	-0.0116722
13.2380953	90.0952377	0.3968564	0.2567894
15.0309525	90.0952377	0.0000000	0.0000000
16.8238087	90.0952377	0.0000000	0.0000000
18.6166668	90.0952377	0.0000000	0.0000000
20.4095249	90.0952377	0.0000000	0.0000000
22.2023811	90.0952377	0.0000000	0.0000000
23.9952374	90.0952377	0.0000000	0.0000000
25.7880955	90.0952377	0.0000000	0.0000000
27.5809517	90.0952377	0.0000000	0.0000000
29.3738098	90.0952377	0.0000000	0.0000000
31.1666679	90.0952377	0.0000000	0.0000000
32.9595261	90.0952377	0.0000000	0.0000000
34.7523804	90.0952377	0.0000000	0.0000000
36.5452385	90.0952377	-0.8754185	1.4473586
38.3380966	90.0952377	0.0000000	0.0000000
40.1309547	90.0952377	-0.8170573	1.4823754
41.9238091	90.0952377	-1.4006697	1.3539807
43.7166672	90.0952377	-1.3423084	1.3539807
45.5095253	90.0952377	-0.7820405	1.5290644
47.3023796	90.0952377	-0.8520740	1.5640811
49.0952377	90.0952377	-0.4318731	1.2255859
50.8880959	90.0952377	-0.8520740	0.9104353
52.6809540	90.0952377	-0.7120071	1.4707031
54.4738083	90.0952377	-0.8637463	1.4006697
56.2666664	90.0952377	-0.4202009	3.1164899
58.0595245	90.0952377	-0.0933780	-0.5602679
59.8523788	90.0952377	0.0000000	0.0000000
61.6452408	90.0952377	0.0350167	-1.5524089
63.4380951	90.0952377	0.0000000	0.0000000
65.2309494	90.0952377	0.0000000	0.0000000
67.0238113	90.0952377	0.8520740	-0.1050502
68.8166656	90.0952377	0.0000000	0.0000000
70.6095276	90.0952377	0.0000000	0.0000000
-1.1047620	91.8880920	0.0000000	0.0000000
0.6880952	91.8880920	0.0000000	0.0000000
2.4809523	91.8880920	0.0000000	0.0000000
4.2738094	91.8880920	0.0000000	0.0000000
6.0666666	91.8880920	0.1050502	0.3618397
7.8595233	91.8880920	0.0933780	0.1984282
9.6523809	91.8880920	0.0933780	0.1050502
11.4452381	91.8880920	0.0933780	-0.0350167
13.2380953	91.8880920	0.0700335	-0.0466890
15.0309525	91.8880920	-0.2918062	-0.0116722
16.8238087	91.8880920	0.0000000	0.0000000
18.6166668	91.8880920	0.0000000	0.0000000
20.4095249	91.8880920	0.0000000	0.0000000
22.2023811	91.8880920	0.0000000	0.0000000
23.9952374	91.8880920	0.0000000	0.0000000
25.7880955	91.8880920	0.0000000	0.0000000
27.5809517	91.8880920	0.0000000	0.0000000
29.3738098	91.8880920	0.0000000	0.0000000
31.1666679	91.8880920	0.0000000	0.0000000
32.9595261	91.8880920	0.0000000	0.0000000
34.7523804	91.8880920	0.0000000	0.0000000
36.5452385	91.8880920	0.0000000	0.0000000
38.3380966	91.8880920	0.0000000	0.0000000
40.1309547	91.8880920	0.0000000	0.0000000
41.9238091	91.8880920	-0.6419736	1.4356863
43.7166672	91.8880920	-0.8404018	1.4473586
45.5095253	91.8880920	0.0000000	0.0000000
47.3023796	91.8880920	-1.0154855	1.8675596
49.0952377	91.8880920	-0.7003348	1.4473586
50.8880959	91.8880920	-0.8053851	1.3072917
52.6809540	91.8880920	-0.7353516	1.6691314
54.4738083	91.8880920	-0.7470238	1.7858539
56.2666664	91.8880920	-0.7003348	1.7975261
58.0595245	91.8880920	-0.1867560	3.4316406
59.8523788	91.8880920	-0.2684617	3.8401694
61.6452408	91.8880920	0.0000000	0.0000000
63.4380951	91.8880920	0.0000000	0.0000000
65.2309494	91.8880920	0.2567894	0.8053851
67.0238113	91.8880920	0.2451172	4.9256883
68.8166656	91.8880920	0.0000000	4.2720423
70.6095276	91.8880920	0.0000000	0.0000000
-1.1047620	93.6809464	0.0000000	0.0000000
0.6880952	93.6809464	0.0000000	0.0000000
2.4809523	93.6809464	0.0000000	0.0000000
4.2738094	93.6809464	-0.0350167	1.2722750
6.0666666	93.6809464	-0.1167225	1.3189639
7.8595233	93.6809464	0.1167225	0.5135789
9.6523809	93.6809464	0.2101004	-0.0700335
11.4452381	93.6809464	0.2217727	0.1634115
13.2380953	93.6809464	0.1867560	0.2101004
15.0309525	93.6809464	0.1283947	0.0233445
16.8238087	93.6809464	0.0000000	0.0000000
18.6166668	93.6809464	0.0000000	0.0000000
20.4095249	93.6809464	0.0000000	0.0000000
22.2023811	93.6809464	0.0000000	0.0000000
23.9952374	93.6809464	0.0000000	0.0000000
25.7880955	93.6809464	0.0000000	0.0000000
27.5809517	93.6809464	0.0000000	0.0000000
29.3738098	93.6809464	0.0000000	0.0000000
31.1666679	93.6809464	0.0000000	0.0000000
32.9595261	93.6809464	0.0000000	0.0000000
34.7523804	93.6809464	0.0000000	0.0000000
36.5452385	93.6809464	0.0000000	0.0000000
38.3380966	93.6809464	-0.9571243	1.9375930
40.1309547	93.6809464	0.0000000	0.0000000
41.9238091	93.6809464	0.0000000	0.0000000
43.7166672	93.6809464	-1.1322080	2.9530785
45.5095253	93.6809464	0.0000000	0.0000000
47.3023796	93.6809464	0.0000000	0.0000000
49.0952377	93.6809464	-1.0038133	1.6691314
50.8880959	93.6809464	-0.8287296	1.5407367
52.6809540	93.6809464	-1.1205357	1.9609375
54.4738083	93.6809464	-0.8870908	1.7041481
56.2666664	93.6809464	-0.7236793	1.5173922
58.0595245	93.6809464	0.0000000	0.0000000
59.8523788	93.6809464	-0.7586961	3.9919086
61.6452408	93.6809464	-0.8520740	4.3770928
63.4380951	93.6809464	-0.7703683	4.5405040
65.2309494	93.6809464	1.5990978	1.4940476
67.0238113	93.6809464	0.0000000	0.0000000
68.8166656	93.6809464	0.0817057	2.6496000
70.6095276	93.6809464	0.0000000	0.0000000
-1.1047620	95.4738083	0.0000000	0.0000000
0.6880952	95.4738083	0.0000000	0.0000000
2.4809523	95.4738083	0.0000000	0.0000000
4.2738094	95.4738083	0.0000000	0.0000000
6.0666666	95.4738083	0.0000000	0.7003348
7.8595233	95.4738083	0.2334449	0.2567894
9.6523809	95.4738083	0.1634115	0.0350167
11.4452381	95.4738083	0.1517392	0.0116722
13.2380953	95.4738083	0.0000000	0.0000000
15.0309525	95.4738083	0.2567894	0.0700335
16.8238087	95.4738083	0.0000000	0.0000000
18.6166668	95.4738083	0.0000000	0.0000000
20.4095249	95.4738083	0.0000000	0.0000000
22.2023811	95.4738083	0.0000000	0.0000000
23.9952374	95.4738083	0.0000000	0.0000000
25.7880955	95.4738083	0.0000000	0.0000000
27.5809517	95.4738083	0.0000000	0.0000000
29.3738098	95.4738083	-0.2684617	1.5057199
31.1666679	95.4738083	-1.1438802	2.1710379
32.9595261	95.4738083	1.3539807	0.0000000
34.7523804	95.4738083	0.0000000	0.0000000
36.5452385	95.4738083	0.0000000	0.0000000
38.3380966	95.4738083	0.0000000	0.0000000
40.1309547	95.4738083	0.0000000	0.0000000
41.9238091	95.4738083	0.0000000	0.0000000
43.7166672	95.4738083	0.0000000	0.0000000
45.5095253	95.4738083	-1.1555525	3.0698011
47.3023796	95.4738083	3.1048179	1.4940476
49.0952377	95.4738083	0.0000000	0.0000000
50.8880959	95.4738083	0.0000000	0.0000000
52.6809540	95.4738083	-0.8987631	2.1710379
54.4738083	95.4738083	-0.9104353	2.0192988
56.2666664	95.4738083	-0.8170573	1.9142486
58.0595245	95.4738083	-0.6886626	2.2177269
59.8523788	95.4738083	0.0000000	0.0000000
61.6452408	95.4738083	0.0000000	0.0000000
63.4380951	95.4738083	0.0000000	0.0000000
65.2309494	95.4738083	3.9802363	0.1167225
67.0238113	95.4738083	0.0000000	0.0000000
68.8166656	95.4738083	-0.0350167	3.0464566
70.6095276	95.4738083	0.0000000	0.0000000
-1.1047620	97.2666702	0.0000000	0.0000000
0.6880952	97.2666702	0.0000000	0.0000000
2.4809523	97.2666702	0.0000000	0.0000000
4.2738094	97.2666702	-0.0466890	0.0933780
6.0666666	97.2666702	0.0116722	0.1517392
7.8595233	97.2666702	0.1283947	0.2101004
9.6523809	97.2666702	0.1167225	0.1050502
11.4452381	97.2666702	0.0000000	0.0000000
13.2380953	97.2666702	0.0000000	0.0000000
15.0309525	97.2666702	0.1283947	-0.0233445
16.8238087	97.2666702	0.0000000	0.0000000
18.6166668	97.2666702	0.0000000	0.0000000
20.4095249	97.2666702	0.0000000	0.0000000
22.2023811	97.2666702	0.0000000	0.0000000
23.9952374	97.2666702	0.0000000	0.0000000
25.7880955	97.2666702	0.0000000	0.0000000
27.5809517	97.2666702	0.0000000	0.0000000
29.3738098	97.2666702	0.0000000	0.0000000
31.1666679	97.2666702	0.0000000	0.0000000
32.9595261	97.2666702	0.0000000	0.0000000
34.7523804	97.2666702	0.0000000	0.0000000
36.5452385	97.2666702	0.0000000	0.0000000
38.3380966	97.2666702	0.0000000	0.0000000
40.1309547	97.2666702	0.0000000	0.0000000
41.9238091	97.2666702	0.0000000	0.0000000
43.7166672	97.2666702	-0.6653181	1.6808035
45.5095253	97.2666702	-0.6653181	1.7975261
47.3023796	97.2666702	-0.7353516	1.5057199
49.0952377	97.2666702	-0.8870908	1.7741816
50.8880959	97.2666702	-0.8987631	2.0076265
52.6809540	97.2666702	-0.8754185	2.2527437
54.4738083	97.2666702	-0.8754185	2.8597007
56.2666664	97.2666702	-0.7937128	2.3344495
58.0595245	97.2666702	-0.5252512	2.3928106
59.8523788	97.2666702	-0.2451172	2.2060547
61.6452408	97.2666702	-1.9259208	-0.0350167
63.4380951	97.2666702	0.0000000	0.0000000
65.2309494	97.2666702	0.0000000	0.0000000
67.0238113	97.2666702	0.6536459	3.8051527
68.8166656	97.2666702	0.0000000	0.0000000
70.6095276	97.2666702	0.0000000	0.0000000
-1.1047620	99.0595245	0.0000000	0.0000000
0.6880952	99.0595245	0.0000000	0.0000000
2.4809523	99.0595245	0.0000000	0.0000000
4.2738094	99.0595245	0.0000000	0.4318731
6.0666666	99.0595245	0.1400670	0.2801339
7.8595233	99.0595245	0.1634115	0.0817057
9.6523809	99.0595245	0.1167225	0.1167225
11.4452381	99.0595245	0.2801339	0.4085287
13.2380953	99.0595245	0.2684617	0.4085287
15.0309525	99.0595245	0.0350167	0.1750837
16.8238087	99.0595245	0.0000000	0.0000000
18.6166668	99.0595245	0.0000000	0.0000000
20.4095249	99.0595245	0.0000000	0.0000000
22.2023811	99.0595245	0.0000000	0.0000000
23.9952374	99.0595245	0.0000000	0.0000000
25.7880955	99.0595245	0.0000000	0.0000000
27.5809517	99.0595245	0.0000000	0.0000000
29.3738098	99.0595245	0.0000000	0.0000000
31.1666679	99.0595245	0.0000000	0.0000000
32.9595261	99.0595245	0.0000000	0.0000000
34.7523804	99.0595245	0.0000000	0.0000000
36.5452385	99.0595245	0.0000000	0.0000000
38.3380966	99.0595245	0.0000000	0.0000000
40.1309547	99.0595245	0.0000000	0.0000000
41.9238091	99.0595245	-0.8404018	1.7858539
43.7166672	99.0595245	0.0000000	0.0000000
45.5095253	99.0595245	-0.6653181	1.7625093
47.3023796	99.0595245	0.0000000	0.0000000
49.0952377	99.0595245	0.0000000	0.0000000
50.8880959	99.0595245	0.0000000	0.0000000
52.6809540	99.0595245	-0.8987631	2.9297340
54.4738083	99.0595245	0.0000000	0.0000000
56.2666664	99.0595245	-0.6419736	2.9063895
58.0595245	99.0595245	-0.6886626	2.9414063
59.8523788	99.0595245	-0.3268229	2.1827102
61.6452408	99.0595245	-0.1750837	1.9025763
63.4380951	99.0595245	-0.7470238	0.1167225
65.2309494	99.0595245	0.0000000	0.0000000
67.0238113	99.0595245	0.1400670	-0.9454520
68.8166656	99.0595245	0.0000000	0.0000000
70.6095276	99.0595245	0.0000000	0.0000000
-1.1047620	100.8523788	0.0000000	0.0000000
0.6880952	100.8523788	0.0000000	0.0000000
2.4809523	100.8523788	0.0000000	0.0000000
4.2738094	100.8523788	0.0466890	0.1283947
6.0666666	100.8523788	0.0350167	0.4202009
7.8595233	100.8523788	0.1984282	0.2567894
9.6523809	100.8523788	-0.0116722	0.1283947
11.4452381	100.8523788	0.1634115	0.8287296
13.2380953	100.8523788	0.3501674	0.8870908
15.0309525	100.8523788	0.0000000	0.0000000
16.8238087	100.8523788	0.0000000	0.0000000
18.6166668	100.8523788	0.0000000	0.0000000
20.4095249	100.8523788	0.0000000	0.0000000
22.2023811	100.8523788	0.0000000	0.0000000
23.9952374	100.8523788	0.0000000	0.0000000
25.7880955	100.8523788	0.0000000	0.0000000
27.5809517	100.8523788	0.0000000	0.0000000
29.3738098	100.8523788	0.0000000	0.0000000
31.1666679	100.8523788	0.0000000	0.0000000
32.9595261	100.8523788	0.0000000	0.0000000
34.7523804	100.8523788	0.0000000	0.0000000
36.5452385	100.8523788	0.0000000	0.0000000
38.3380966	100.8523788	0.0000000	0.0000000
40.1309547	100.8523788	0.0000000	0.0000000
41.9238091	100.8523788	-1.2255859	3.0814734
43.7166672	100.8523788	0.0000000	0.0000000
45.5095253	100.8523788	-0.7586961	1.6924758
47.3023796	100.8523788	0.0000000	0.0000000
49.0952377	100.8523788	0.0000000	0.0000000
50.8880959	100.8523788	-0.9571243	3.0698011
52.6809540	100.8523788	0.0000000	0.0000000
54.4738083	100.8523788	0.0000000	0.0000000
56.2666664	100.8523788	-0.7703683	3.1048179
58.0595245	100.8523788	-0.6069568	3.3149183
59.8523788	100.8523788	-0.5719401	3.0464566
61.6452408	100.8523788	0.0000000	0.0000000
63.4380951	100.8523788	-0.0933780	3.9919086
65.2309494	100.8523788	0.1517392	3.8635137
67.0238113	100.8523788	0.1867560	3.2799015
68.8166656	100.8523788	0.0000000	0.0000000
70.6095276	100.8523788	0.0000000	0.0000000
-1.1047620	102.6452332	0.0000000	0.0000000
0.6880952	102.6452332	0.0000000	0.0000000
2.4809523	102.6452332	0.0000000	0.0000000
4.2738094	102.6452332	0.0466890	0.6769903
6.0666666	102.6452332	0.0583612	0.7703683
7.8595233	102.6452332	0.1750837	0.9921410
9.6523809	102.6452332	0.1283947	0.8170573
11.4452381	102.6452332	0.0000000	0.0000000
13.2380953	102.6452332	0.4785621	1.4006697
15.0309525	102.6452332	0.0000000	0.0000000
16.8238087	102.6452332	0.8870908	4.4587984
18.6166668	102.6452332	0.0000000	0.0000000
20.4095249	102.6452332	0.0000000	0.0000000
22.2023811	102.6452332	0.0000000	0.0000000
23.9952374	102.6452332	0.0000000	0.0000000
25.7880955	102.6452332	0.0000000	0.0000000
27.5809517	102.6452332	0.0000000	0.0000000
29.3738098	102.6452332	0.0000000	0.0000000
31.1666679	102.6452332	0.0000000	0.0000000
32.9595261	102.6452332	0.0000000	0.0000000
34.7523804	102.6452332	0.0000000	0.0000000
36.5452385	102.6452332	0.0000000	0.0000000
38.3380966	102.6452332	0.0000000	0.0000000
40.1309547	102.6452332	0.0000000	0.0000000
41.9238091	102.6452332	-1.3773252	3.0231121
43.7166672	102.6452332	0.0000000	0.0000000
45.5095253	102.6452332	0.0000000	0.0000000
47.3023796	102.6452332	0.0000000	0.0000000
49.0952377	102.6452332	0.0000000	0.0000000
50.8880959	102.6452332	-0.5135789	2.6729445
52.6809540	102.6452332	-0.5602679	2.7663226
54.4738083	102.6452332	0.0000000	0.0000000
56.2666664	102.6452332	-0.4318731	3.9919086
58.0595245	102.6452332	-0.4552176	3.0347843
59.8523788	102.6452332	-0.5719401	3.3032460
61.6452408	102.6452332	-0.3384952	2.8246839
63.4380951	102.6452332	-0.1634115	2.7896671
65.2309494	102.6452332	-0.0583612	2.8713727
67.0238113	102.6452332	0.1634115	0.2101004
68.8166656	102.6452332	0.0000000	0.0000000
70.6095276	102.6452332	0.0000000	0.0000000
-1.1047620	104.4380951	0.0000000	0.0000000
0.6880952	104.4380951	0.0000000	0.0000000
2.4809523	104.4380951	0.0000000	0.0000000
4.2738094	104.4380951	0.0700335	1.0621744
6.0666666	104.4380951	0.1167225	1.2606027
7.8595233	104.4380951	0.3851842	1.3889974
9.6523809	104.4380951	0.0000000	0.0000000
11.4452381	104.4380951	0.0000000	0.0000000
13.2380953	104.4380951	0.0000000	0.0000000
15.0309525	104.4380951	0.0000000	0.0000000
16.8238087	104.4380951	0.0000000	0.0000000
18.6166668	104.4380951	0.0000000	0.0000000
20.4095249	104.4380951	0.0000000	0.0000000
22.2023811	104.4380951	0.0000000	0.0000000
23.9952374	104.4380951	0.0000000	0.0000000
25.7880955	104.4380951	0.0000000	0.0000000
27.5809517	104.4380951	0.0000000	0.0000000
29.3738098	104.4380951	0.0000000	0.0000000
31.1666679	104.4380951	0.0000000	0.0000000
32.9595261	104.4380951	0.0000000	0.0000000
34.7523804	104.4380951	0.0000000	0.0000000
36.5452385	104.4380951	0.0000000	0.0000000
38.3380966	104.4380951	0.0000000	0.0000000
40.1309547	104.4380951	0.0000000	0.0000000
41.9238091	104.4380951	0.0000000	0.0000000
43.7166672	104.4380951	0.0000000	0.0000000
45.5095253	104.4380951	0.0000000	0.0000000
47.3023796	104.4380951	0.0000000	0.0000000
49.0952377	104.4380951	-0.6536459	2.9414063
50.8880959	104.4380951	0.0000000	0.0000000
52.6809540	104.4380951	0.0000000	0.0000000
54.4738083	104.4380951	0.0000000	0.0000000
56.2666664	104.4380951	-0.7353516	3.8051527
58.0595245	104.4380951	0.0000000	0.0000000
59.8523788	104.4380951	-0.5719401	2.8246839
61.6452408	104.4380951	-0.3034784	2.9414063
63.4380951	104.4380951	-0.1634115	3.6300688
65.2309494	104.4380951	0.0000000	0.0000000
67.0238113	104.4380951	-1.6107701	0.7820405
68.8166656	104.4380951	-0.0933780	2.5095332
70.6095276	104.4380951	0.0000000	0.0000000
-1.1047620	106.2309494	0.0000000	0.0000000
0.6880952	106.2309494	0.0000000	0.0000000
2.4809523	106.2309494	0.0000000	0.0000000
4.2738094	106.2309494	0.0700335	1.3773252
6.0666666	106.2309494	0.0000000	0.0000000
7.8595233	106.2309494	0.1634115	1.6808035
9.6523809	106.2309494	0.1283947	1.8091983
11.4452381	106.2309494	0.0000000	0.0000000
13.2380953	106.2309494	0.0000000	0.0000000
15.0309525	106.2309494	0.0000000	0.0000000
16.8238087	106.2309494	0.0000000	0.0000000
18.6166668	106.2309494	0.0000000	0.0000000
20.4095249	106.2309494	1.5173922	1.4940476
22.2023811	106.2309494	0.0000000	0.0000000
23.9952374	106.2309494	0.0000000	0.0000000
25.7880955	106.2309494	0.0000000	0.0000000
27.5809517	106.2309494	0.0000000	0.0000000
29.3738098	106.2309494	0.0000000	0.0000000
31.1666679	106.2309494	0.0000000	0.0000000
32.9595261	106.2309494	0.0000000	0.0000000
34.7523804	106.2309494	0.0000000	0.0000000
36.5452385	106.2309494	0.0000000	0.0000000
38.3380966	106.2309494	0.0000000	0.0000000
40.1309547	106.2309494	0.0000000	0.0000000
41.9238091	106.2309494	0.0000000	0.0000000
43.7166672	106.2309494	0.0000000	0.0000000
45.5095253	106.2309494	0.0000000	0.0000000
47.3023796	106.2309494	0.0000000	0.0000000
49.0952377	106.2309494	0.0000000	0.0000000
50.8880959	106.2309494	0.0000000	0.0000000
52.6809540	106.2309494	0.0000000	0.0000000
54.4738083	106.2309494	0.0000000	0.0000000
56.2666664	106.2309494	-0.7820405	2.9530785
58.0595245	106.2309494	0.0000000	0.0000000
59.8523788	106.2309494	-0.5952846	2.9180617
61.6452408	106.2309494	-0.1167225	3.8284972
63.4380951	106.2309494	2.2177269	-0.1984282
65.2309494	106.2309494	0.1634115	4.8439827
67.0238113	106.2309494	0.0233445	2.4978609
68.8166656	106.2309494	0.0000000	0.0000000
70.6095276	106.2309494	0.0000000	0.0000000
-1.1047620	108.0238037	0.0000000	0.0000000
0.6880952	108.0238037	0.0000000	0.0000000
2.4809523	108.0238037	0.0000000	0.0000000
4.2738094	108.0238037	0.0000000	0.0000000
6.0666666	108.0238037	0.1634115	1.3773252
7.8595233	108.0238037	0.3268229	1.4940476
9.6523809	108.0238037	0.0000000	0.0116722
11.4452381	108.0238037	0.0000000	0.0000000
13.2380953	108.0238037	0.0000000	0.0000000
15.0309525	108.0238037	0.0000000	0.0000000
16.8238087	108.0238037	0.0000000	0.0000000
18.6166668	108.0238037	0.0000000	0.0000000
20.4095249	108.0238037	0.0000000	0.0000000
22.2023811	108.0238037	0.0000000	0.0000000
23.9952374	108.0238037	0.0000000	0.0000000
25.7880955	108.0238037	0.0000000	0.0000000
27.5809517	108.0238037	0.0000000	0.0000000
29.3738098	108.0238037	0.0000000	0.0000000
31.1666679	108.0238037	0.0000000	0.0000000
32.9595261	108.0238037	0.0000000	0.0000000
34.7523804	108.0238037	0.0000000	0.0000000
36.5452385	108.0238037	0.0000000	0.0000000
38.3380966	108.0238037	0.0000000	0.0000000
40.1309547	108.0238037	0.0000000	0.0000000
41.9238091	108.0238037	-1.3656529	4.4938149
43.7166672	108.0238037	0.0000000	0.0000000
45.5095253	108.0238037	0.0000000	0.0000000
47.3023796	108.0238037	0.0000000	0.0000000
49.0952377	108.0238037	0.0000000	0.0000000
50.8880959	108.0238037	0.0000000	0.0000000
52.6809540	108.0238037	0.0000000	0.0000000
54.4738083	108.0238037	0.0000000	0.0000000
56.2666664	108.0238037	0.0000000	0.0000000
58.0595245	108.0238037	0.0000000	0.0000000
59.8523788	108.0238037	-0.0466890	2.9647508
61.6452408	108.0238037	-0.1050502	2.9880953
63.4380951	108.0238037	-0.0933780	2.9880953
65.2309494	108.0238037	0.0000000	0.0000000
67.0238113	108.0238037	0.0000000	0.0000000
68.8166656	108.0238037	0.0000000	0.0000000
70.6095276	108.0238037	0.0000000	0.0000000
-1.1047620	109.8166656	0.0000000	0.0000000
0.6880952	109.8166656	0.0000000	0.0000000
2.4809523	109.8166656	0.0000000	0.0000000
4.2738094	109.8166656	0.0000000	0.0000000
6.0666666	109.8166656	0.0000000	0.0000000
7.8595233	109.8166656	0.0000000	0.0000000
9.6523809	109.8166656	0.0000000	0.0000000
11.4452381	109.8166656	0.0000000	0.0000000
13.2380953	109.8166656	0.0000000	0.0000000
15.0309525	109.8166656	0.0000000	0.0000000
16.8238087	109.8166656	0.0000000	0.0000000
18.6166668	109.8166656	0.0000000	0.0000000
20.4095249	109.8166656	0.0000000	0.0000000
22.2023811	109.8166656	0.0000000	0.0000000
23.9952374	109.8166656	0.0000000	0.0000000
25.7880955	109.8166656	0.0000000	0.0000000
27.5809517	109.8166656	0.0000000	0.0000000
29.3738098	109.8166656	0.0000000	0.0000000
31.1666679	109.8166656	0.0000000	0.0000000
32.9595261	109.8166656	0.0000000	0.0000000
34.7523804	109.8166656	0.0000000	0.0000000
36.5452385	109.8166656	0.0000000	0.0000000
38.3380966	109.8166656	0.0000000	0.0000000
40.1309547	109.8166656	0.0000000	0.0000000
41.9238091	109.8166656	0.0000000	0.0000000
43.7166672	109.8166656	0.0000000	0.0000000
45.5095253	109.8166656	0.0000000	0.0000000
47.3023796	109.8166656	0.0000000	0.0000000
49.0952377	109.8166656	0.0000000	0.0000000
50.8880959	109.8166656	0.0000000	0.0000000
52.6809540	109.8166656	0.0000000	0.0000000
54.4738083	109.8166656	0.0000000	0.0000000
56.2666664	109.8166656	0.0000000	0.0000000
58.0595245	109.8166656	0.0000000	0.0000000
59.8523788	109.8166656	0.0000000	0.0000000
61.6452408	109.8166656	0.0000000	0.0000000
63.4380951	109.8166656	0.0000000	0.0000000
65.2309494	109.8166656	0.0000000	0.0000000
67.0238113	109.8166656	0.0000000	0.0000000
68.8166656	109.8166656	0.0000000	0.0000000
70.6095276	109.8166656	0.0000000	0.0000000
-1.1047620	111.6095276	0.0000000	0.0000000
0.6880952	111.6095276	0.0000000	0.0000000
2.4809523	111.6095276	0.0000000	0.0000000
4.2738094	111.6095276	0.0000000	0.0000000
6.0666666	111.6095276	0.0000000	0.0000000
7.8595233	111.6095276	0.0000000	0.0000000
9.6523809	111.6095276	0.0000000	0.0000000
11.4452381	111.6095276	0.0000000	0.0000000
13.2380953	111.6095276	0.0000000	0.0000000
15.0309525	111.6095276	0.0000000	0.0000000
16.8238087	111.6095276	0.0000000	0.0000000
18.6166668	111.6095276	0.0000000	0.0000000
20.4095249	111.6095276	0.0000000	0.0000000
22.2023811	111.6095276	0.0000000	0.0000000
23.9952374	111.6095276	0.0000000	0.0000000
25.7880955	111.6095276	0.0000000	0.0000000
27.5809517	111.6095276	0.0000000	0.0000000
29.3738098	111.6095276	0.0000000	0.0000000
31.1666679	111.6095276	0.0000000	0.0000000
32.9595261	111.6095276	0.0000000	0.0000000
34.7523804	111.6095276	0.0000000	0.0000000
36.5452385	111.6095276	0.0000000	0.0000000
38.3380966	111.6095276	0.0000000	0.0000000
40.1309547	111.6095276	0.0000000	0.0000000
41.9238091	111.6095276	0.0000000	0.0000000
43.7166672	111.6095276	0.0000000	0.0000000
45.5095253	111.6095276	0.0000000	0.0000000
47.3023796	111.6095276	0.0000000	0.0000000
49.0952377	111.6095276	0.0000000	0.0000000
50.8880959	111.6095276	0.0000000	0.0000000
52.6809540	111.6095276	0.0000000	0.0000000
54.4738083	111.6095276	0.0000000	0.0000000
56.2666664	111.6095276	-0.0583612	3.5950522
58.0595245	111.6095276	-0.7470238	3.4549851
59.8523788	111.6095276	-0.1050502	1.5173922
61.6452408	111.6095276	-0.1517392	3.3849516
63.4380951	111.6095276	-0.1634115	3.3849516
65.2309494	111.6095276	0.0000000	0.0000000
67.0238113	111.6095276	0.0933780	2.6379278
68.8166656	111.6095276	0.0000000	0.0000000
70.6095276	111.6095276	0.0000000	0.0000000
-1.1047620	113.4023819	0.0000000	0.0000000
0.6880952	113.4023819	0.0000000	0.0000000
2.4809523	113.4023819	0.0000000	0.0000000
4.2738094	113.4023819	0.0000000	0.0000000
6.0666666	113.4023819	0.0000000	0.0000000
7.8595233	113.4023819	0.0000000	0.0000000
9.6523809	113.4023819	0.0000000	0.0000000
11.4452381	113.4023819	0.0000000	0.0000000
13.2380953	113.4023819	0.0000000	0.0000000
15.0309525	113.4023819	0.0000000	0.0000000
16.8238087	113.4023819	0.0000000	0.0000000
18.6166668	113.4023819	0.0000000	0.0000000
20.4095249	113.4023819	0.0000000	0.0000000
22.2023811	113.4023819	0.0000000	0.0000000
23.9952374	113.4023819	0.0000000	0.0000000
25.7880955	113.4023819	0.0000000	0.0000000
27.5809517	113.4023819	0.0000000	0.0000000
29.3738098	113.4023819	0.0000000	0.0000000
31.1666679	113.4023819	0.0000000	0.0000000
32.9595261	113.4023819	0.0000000	0.0000000
34.7523804	113.4023819	0.0000000	0.0000000
36.5452385	113.4023819	0.0000000	0.0000000
38.3380966	113.4023819	0.0000000	0.0000000
40.1309547	113.4023819	0.0000000	0.0000000
41.9238091	113.4023819	0.0000000	0.0000000
43.7166672	113.4023819	0.0000000	0.0000000
45.5095253	113.4023819	0.0000000	0.0000000
47.3023796	113.4023819	0.0000000	0.0000000
49.0952377	113.4023819	0.0000000	0.0000000
50.8880959	113.4023819	0.0000000	0.0000000
52.6809540	113.4023819	0.0000000	0.0000000
54.4738083	113.4023819	0.0000000	0.0000000
56.2666664	113.4023819	0.0000000	0.0000000
58.0595245	113.4023819	0.0000000	0.0000000
59.8523788	113.4023819	0.0000000	0.0000000
61.6452408	113.4023819	-0.3384952	3.8518417
63.4380951	113.4023819	-0.2801339	1.4823754
65.2309494	113.4023819	0.0000000	0.0000000
67.0238113	113.4023819	0.0000000	0.0000000
68.8166656	113.4023819	0.0000000	0.0000000
70.6095276	113.4023819	0.0000000	0.0000000
-1.1047620	115.1952362	0.0000000	0.0000000
0.6880952	115.1952362	0.0000000	0.0000000
2.4809523	115.1952362	0.0000000	0.0000000
4.2738094	115.1952362	0.0000000	0.0000000
6.0666666	115.1952362	0.0000000	0.0000000
7.8595233	115.1952362	0.0000000	0.0000000
9.6523809	115.1952362	0.0000000	0.0000000
11.4452381	115.1952362	0.0000000	0.0000000
13.2380953	115.1952362	0.0000000	0.0000000
15.0309525	115.1952362	0.0000000	0.0000000
16.8238087	115.1952362	0.0000000	0.0000000
18.6166668	115.1952362	0.0000000	0.0000000
20.4095249	115.1952362	0.0000000	0.0000000
22.2023811	115.1952362	0.0000000	0.0000000
23.9952374	115.1952362	0.0000000	0.0000000
25.7880955	115.1952362	0.0000000	0.0000000
27.5809517	115.1952362	0.0000000	0.0000000
29.3738098	115.1952362	0.0000000	0.0000000
31.1666679	115.1952362	0.0000000	0.0000000
32.9595261	115.1952362	0.0000000	0.0000000
34.7523804	115.1952362	0.0000000	0.0000000
36.5452385	115.1952362	0.0000000	0.0000000
38.3380966	115.1952362	0.0000000	0.0000000
40.1309547	115.1952362	0.0000000	0.0000000
41.9238091	115.1952362	0.0000000	0.0000000
43.7166672	115.1952362	0.0000000	0.0000000
45.5095253	115.1952362	0.0000000	0.0000000
47.3023796	115.1952362	0.0000000	0.0000000
49.0952377	115.1952362	-1.9726098	0.0583612
50.8880959	115.1952362	-0.4435454	-0.0116722
52.6809540	115.1952362	0.0000000	0.0000000
54.4738083	115.1952362	0.0000000	0.0000000
56.2666664	115.1952362	0.0000000	0.0000000
58.0595245	115.1952362	0.0000000	0.0000000
59.8523788	115.1952362	0.0000000	0.0000000
61.6452408	115.1952362	0.0000000	0.0000000
63.4380951	115.1952362	0.0000000	0.0000000
65.2309494	115.1952362	0.0000000	0.0000000
67.0238113	115.1952362	0.0000000	0.0000000
68.8166656	115.1952362	0.0000000	0.0000000
70.6095276	115.1952362	0.0000000	0.0000000
-1.1047620	116.9880905	0.0000000	0.0000000
0.6880952	116.9880905	0.0000000	0.0000000
2.4809523	116.9880905	0.0000000	0.0000000
4.2738094	116.9880905	0.0000000	0.0000000
6.0666666	116.9880905	0.0000000	0.0000000
7.8595233	116.9880905	0.0000000	0.0000000
9.6523809	116.9880905	0.0000000	0.0000000
11.4452381	116.9880905	0.0000000	0.0000000
13.2380953	116.9880905	0.0000000	0.0000000
15.0309525	116.9880905	0.0000000	0.0000000
16.8238087	116.9880905	0.0000000	0.0000000
18.6166668	116.9880905	0.0000000	0.0000000
20.4095249	116.9880905	0.0000000	0.0000000
22.2023811	116.9880905	0.0000000	0.0000000
23.9952374	116.9880905	0.0000000	0.0000000
25.7880955	116.9880905	0.0000000	0.0000000
27.5809517	116.9880905	0.0000000	0.0000000
29.3738098	116.9880905	0.0000000	0.0000000
31.1666679	116.9880905	0.0000000	0.0000000
32.9595261	116.9880905	0.0000000	0.0000000
34.7523804	116.9880905	0.0000000	0.0000000
36.5452385	116.9880905	0.0000000	0.0000000
38.3380966	116.9880905	0.0000000	0.0000000
40.1309547	116.9880905	0.0000000	0.0000000
41.9238091	116.9880905	0.0000000	0.0000000
43.7166672	116.9880905	0.0000000	0.0000000
45.5095253	116.9880905	0.0000000	0.0000000
47.3023796	116.9880905	-1.0621744	2.9530785
49.0952377	116.9880905	-0.8287296	2.9414063
50.8880959	116.9880905	-0.5019066	2.9530785
52.6809540	116.9880905	0.0000000	0.0000000
54.4738083	116.9880905	0.0000000	0.0000000
56.2666664	116.9880905	0.0000000	0.0000000
58.0595245	116.9880905	0.0000000	0.0000000
59.8523788	116.9880905	0.0000000	0.0000000
61.6452408	116.9880905	0.0000000	0.0000000
63.4380951	116.9880905	0.0000000	0.0000000
65.2309494	116.9880905	0.0000000	0.0000000
67.0238113	116.9880905	0.0000000	0.0000000
68.8166656	116.9880905	0.0000000	0.0000000
70.6095276	116.9880905	0.0000000	0.0000000
-1.1047620	118.7809448	0.0000000	0.0000000
0.6880952	118.7809448	0.0000000	0.0000000
2.4809523	118.7809448	0.0000000	0.0000000
4.2738094	118.7809448	0.0000000	0.0000000
6.0666666	118.7809448	0.0000000	0.0000000
7.8595233	118.7809448	0.0000000	0.0000000
9.6523809	118.7809448	0.0000000	0.0000000
11.4452381	118.7809448	0.0000000	0.0000000
13.2380953	118.7809448	0.0000000	0.0000000
15.0309525	118.7809448	0.0000000	0.0000000
16.8238087	118.7809448	0.0000000	0.0000000
18.6166668	118.7809448	0.0000000	0.0000000
20.4095249	118.7809448	0.0000000	0.0000000
22.2023811	118.7809448	0.0000000	0.0000000
23.9952374	118.7809448	0.0000000	0.0000000
25.7880955	118.7809448	0.0000000	0.0000000
27.5809517	118.7809448	0.0000000	0.0000000
29.3738098	118.7809448	0.0000000	0.0000000
31.1666679	118.7809448	0.0000000	0.0000000
32.9595261	118.7809448	0.0000000	0.0000000
34.7523804	118.7809448	0.0000000	0.0000000
36.5452385	118.7809448	0.0000000	0.0000000
38.3380966	118.7809448	0.0000000	0.0000000
40.1309547	118.7809448	0.0000000	0.0000000
41.9238091	118.7809448	0.0000000	0.0000000
43.7166672	118.7809448	0.0000000	0.0000000
45.5095253	118.7809448	0.0000000	0.0000000
47.3023796	118.7809448	0.0000000	0.0000000
49.0952377	118.7809448	0.1050502	1.5173922
50.8880959	118.7809448	0.0000000	0.0000000
52.6809540	118.7809448	0.0000000	0.0000000
54.4738083	118.7809448	0.0000000	0.0000000
56.2666664	118.7809448	0.0000000	0.0000000
58.0595245	118.7809448	0.0000000	0.0000000
59.8523788	118.7809448	0.0000000	0.0000000
61.6452408	118.7809448	0.0000000	0.0000000
63.4380951	118.7809448	0.0000000	0.0000000
65.2309494	118.7809448	0.0000000	0.0000000
67.0238113	118.7809448	0.0000000	0.0000000
68.8166656	118.7809448	0.0000000	0.0000000
70.6095276	118.7809448	0.0000000	0.0000000
-1.1047620	120.5738144	0.0000000	0.0000000
0.6880952	120.5738144	0.0000000	0.0000000
2.4809523	120.5738144	0.0000000	0.0000000
4.2738094	120.5738144	0.0000000	0.0000000
6.0666666	120.5738144	0.0000000	0.0000000
7.8595233	120.5738144	0.0000000	0.0000000
9.6523809	120.5738144	0.0000000	0.0000000
11.4452381	120.5738144	0.0000000	0.0000000
13.2380953	120.5738144	0.0000000	0.0000000
15.0309525	120.5738144	0.0000000	0.0000000
16.8238087	120.5738144	0.0000000	0.0000000
18.6166668	120.5738144	0.0000000	0.0000000
20.4095249	120.5738144	0.0000000	0.0000000
22.2023811	120.5738144	0.0000000	0.0000000
23.9952374	120.5738144	0.0000000	0.0000000
25.7880955	120.5738144	0.0000000	0.0000000
27.5809517	120.5738144	0.0000000	0.0000000
29.3738098	120.5738144	0.0000000	0.0000000
31.1666679	120.5738144	0.0000000	0.0000000
32.9595261	120.5738144	0.0000000	0.0000000
34.7523804	120.5738144	0.0000000	0.0000000
36.5452385	120.5738144	0.0000000	0.0000000
38.3380966	120.5738144	0.0000000	0.0000000
40.1309547	120.5738144	0.0000000	0.0000000
41.9238091	120.5738144	0.0000000	0.0000000
43.7166672	120.5738144	0.0000000	0.0000000
45.5095253	120.5738144	0.0000000	0.0000000
47.3023796	120.5738144	0.0000000	0.0000000
49.0952377	120.5738144	0.0000000	0.0000000
50.8880959	120.5738144	0.0000000	0.0000000
52.6809540	120.5738144	0.0000000	0.0000000
54.4738083	120.5738144	0.0000000	0.0000000
56.2666664	120.5738144	0.0000000	0.0000000
58.0595245	120.5738144	0.0000000	0.0000000
59.8523788	120.5738144	0.0000000	0.0000000
61.6452408	120.5738144	0.0000000	0.0000000
63.4380951	120.5738144	0.0000000	0.0000000
65.2309494	120.5738144	0.0000000	0.0000000
67.0238113	120.5738144	0.2101004	1.4940476
68.8166656	120.5738144	0.0000000	0.0000000
70.6095276	120.5738144	0.0000000	0.0000000
-1.1047620	122.3666687	0.0000000	0.0000000
0.6880952	122.3666687	0.0000000	0.0000000
2.4809523	122.3666687	0.0000000	0.0000000
4.2738094	122.3666687	0.0000000	0.0000000
6.0666666	122.3666687	0.0000000	0.0000000
7.8595233	122.3666687	0.0000000	0.0000000
9.6523809	122.3666687	0.0000000	0.0000000
11.4452381	122.3666687	0.0000000	0.0000000
13.2380953	122.3666687	0.0000000	0.0000000
15.0309525	122.3666687	0.0000000	0.0000000
16.8238087	122.3666687	0.0000000	0.0000000
18.6166668	122.3666687	0.0000000	0.0000000
20.4095249	122.3666687	0.0000000	0.0000000
22.2023811	122.3666687	0.0000000	0.0000000
23.9952374	122.3666687	0.0000000	0.0000000
25.7880955	122.3666687	0.0000000	0.0000000
27.5809517	122.3666687	0.0000000	0.0000000
29.3738098	122.3666687	0.0000000	0.0000000
31.1666679	122.3666687	0.0000000	0.0000000
32.9595261	122.3666687	0.0000000	0.0000000
34.7523804	122.3666687	0.0000000	0.0000000
36.5452385	122.3666687	0.0000000	0.0000000
38.3380966	122.3666687	0.0000000	0.0000000
40.1309547	122.3666687	0.0000000	0.0000000
41.9238091	122.3666687	0.0000000	0.0000000
43.7166672	122.3666687	0.0000000	0.0000000
45.5095253	122.3666687	0.0000000	0.0000000
47.3023796	122.3666687	0.0000000	0.0000000
49.0952377	122.3666687	0.0000000	0.0000000
50.8880959	122.3666687	0.0000000	0.0000000
52.6809540	122.3666687	0.0000000	0.0000000
54.4738083	122.3666687	0.0000000	0.0000000
56.2666664	122.3666687	0.0000000	0.0000000
58.0595245	122.3666687	0.0000000	0.0000000
59.8523788	122.3666687	0.0000000	0.0000000
61.6452408	122.3666687	0.0000000	0.0000000
63.4380951	122.3666687	0.0000000	0.0000000
65.2309494	122.3666687	0.0000000	0.0000000
67.0238113	122.3666687	0.0000000	0.0000000
68.8166656	122.3666687	0.0000000	0.0000000
70.6095276	122.3666687	0.0000000	0.0000000
-1.1047620	124.1595230	0.0000000	4.4821429
0.6880952	124.1595230	0.0000000	0.0000000
2.4809523	124.1595230	0.0000000	0.0000000
4.2738094	124.1595230	0.0000000	0.0000000
6.0666666	124.1595230	0.0000000	0.0000000
7.8595233	124.1595230	0.0000000	0.0000000
9.6523809	124.1595230	0.0000000	0.0000000
11.4452381	124.1595230	0.0000000	0.0000000
13.2380953	124.1595230	0.0000000	0.0000000
15.0309525	124.1595230	0.0000000	0.0000000
16.8238087	124.1595230	0.0000000	0.0000000
18.6166668	124.1595230	0.0000000	0.0000000
20.4095249	124.1595230	0.0000000	0.0000000
22.2023811	124.1595230	0.0000000	0.0000000
23.9952374	124.1595230	0.0000000	0.0000000
25.7880955	124.1595230	0.0000000	0.0000000
27.5809517	124.1595230	0.0000000	0.0000000
29.3738098	124.1595230	0.0000000	0.0000000
31.1666679	124.1595230	0.0000000	0.0000000
32.9595261	124.1595230	0.0000000	0.0000000
34.7523804	124.1595230	0.0000000	0.0000000
36.5452385	124.1595230	0.0000000	0.0000000
38.3380966	124.1595230	0.0000000	0.0000000
40.1309547	124.1595230	0.0000000	0.0000000
41.9238091	124.1595230	0.0000000	0.0000000
43.7166672	124.1595230	0.0000000	0.0000000
45.5095253	124.1595230	0.0000000	0.0000000
47.3023796	124.1595230	0.0000000	0.0000000
49.0952377	124.1595230	0.0000000	0.0000000
50.8880959	124.1595230	0.0000000	0.0000000
52.6809540	124.1595230	0.0000000	0.0000000
54.4738083	124.1595230	0.0000000	0.0000000
56.2666664	124.1595230	0.0000000	0.0000000
58.0595245	124.1595230	0.0000000	0.0000000
59.8523788	124.1595230	0.0000000	0.0000000
61.6452408	124.1595230	0.0000000	0.0000000
63.4380951	124.1595230	0.0000000	0.0000000
65.2309494	124.1595230	0.0000000	0.0000000
67.0238113	124.1595230	0.0000000	0.0000000
68.8166656	124.1595230	0.0000000	0.0000000
70.6095276	124.1595230	0.0000000	0.0000000
-1.1047620	125.9523773	0.0000000	0.0000000
0.6880952	125.9523773	0.0000000	0.0000000
2.4809523	125.9523773	0.0000000	0.0000000
4.2738094	125.9523773	0.0000000	0.0000000
6.0666666	125.9523773	0.0000000	0.0000000
7.8595233	125.9523773	0.0000000	0.0000000
9.6523809	125.9523773	0.0000000	0.0000000
11.4452381	125.9523773	0.0000000	0.0000000
13.2380953	125.9523773	0.0000000	0.0000000
15.0309525	125.9523773	0.0000000	0.0000000
16.8238087	125.9523773	0.0000000	0.0000000
18.6166668	125.9523773	0.0000000	0.0000000
20.4095249	125.9523773	0.0000000	0.0000000
22.2023811	125.9523773	0.0000000	0.0000000
23.9952374	125.9523773	0.0000000	0.0000000
25.7880955	125.9523773	0.0000000	0.0000000
27.5809517	125.9523773	0.0000000	0.0000000
29.3738098	125.9523773	0.0000000	0.0000000
31.1666679	125.9523773	0.0000000	0.0000000
32.9595261	125.9523773	0.0000000	0.0000000
34.7523804	125.9523773	0.0000000	0.0000000
36.5452385	125.9523773	0.0000000	0.0000000
38.3380966	125.9523773	0.0000000	0.0000000
40.1309547	125.9523773	0.0000000	0.0000000
41.9238091	125.9523773	0.0000000	0.0000000
43.7166672	125.9523773	0.0000000	0.0000000
45.5095253	125.9523773	0.0000000	0.0000000
47.3023796	125.9523773	0.0000000	0.0000000
49.0952377	125.9523773	0.0000000	0.0000000
50.8880959	125.9523773	0.0000000	0.0000000
52.6809540	125.9523773	0.0000000	0.0000000
54.4738083	125.9523773	0.0000000	0.0000000
56.2666664	125.9523773	0.0000000	0.0000000
58.0595245	125.9523773	0.0000000	0.0000000
59.8523788	125.9523773	0.0000000	0.0000000
61.6452408	125.9523773	0.0000000	0.0000000
63.4380951	125.9523773	0.0000000	0.0000000
65.2309494	125.9523773	0.0000000	0.0000000
67.0238113	125.9523773	0.0116722	-1.4940476
68.8166656	125.9523773	-0.1050502	0.0000000
70.6095276	125.9523773	0.8520740	-1.4707031
-1.1047620	127.7452393	0.0000000	0.0000000
0.6880952	127.7452393	0.0000000	0.0000000
2.4809523	127.7452393	0.0000000	0.0000000
4.2738094	127.7452393	0.0000000	0.0000000
6.0666666	127.7452393	0.0000000	0.0000000
7.8595233	127.7452393	0.0000000	0.0000000
9.6523809	127.7452393	0.0000000	0.0000000
11.4452381	127.7452393	0.0000000	0.0000000
13.2380953	127.7452393	0.0000000	0.0000000
15.0309525	127.7452393	0.0000000	0.0000000
16.8238087	127.7452393	0.0000000	0.0000000
18.6166668	127.7452393	0.0000000	0.0000000
20.4095249	127.7452393	0.0000000	0.0000000
22.2023811	127.7452393	0.0000000	0.0000000
23.9952374	127.7452393	0.0000000	0.0000000
25.7880955	127.7452393	0.0000000	0.0000000
27.5809517	127.7452393	0.0000000	0.0000000
29.3738098	127.7452393	0.0000000	0.0000000
31.1666679	127.7452393	0.0000000	0.0000000
32.9595261	127.7452393	0.0000000	0.0000000
34.7523804	127.7452393	0.0000000	0.0000000
36.5452385	127.7452393	0.0000000	0.0000000
38.3380966	127.7452393	0.0000000	0.0000000
40.1309547	127.7452393	0.0000000	0.0000000
41.9238091	127.7452393	0.0000000	0.0000000
43.7166672	127.7452393	0.0000000	0.0000000
45.5095253	127.7452393	0.0000000	0.0000000
47.3023796	127.7452393	0.0000000	0.0000000
49.0952377	127.7452393	0.0000000	0.0000000
50.8880959	127.7452393	0.0000000	0.0000000
52.6809540	127.7452393	0.0000000	0.0000000
54.4738083	127.7452393	0.0000000	0.0000000
56.2666664	127.7452393	0.0000000	0.0000000
58.0595245	127.7452393	0.0000000	0.0000000
59.8523788	127.7452393	0.0000000	0.0000000
61.6452408	127.7452393	0.0000000	0.0000000
63.4380951	127.7452393	0.0000000	0.0000000
65.2309494	127.7452393	-0.0233445	0.0350167
67.0238113	127.7452393	0.0000000	0.0000000
68.8166656	127.7452393	0.0000000	0.0000000
70.6095276	127.7452393	0.0000000	0.0000000
-1.1047620	129.5380859	0.0000000	0.0000000
0.6880952	129.5380859	0.0000000	0.0000000
2.4809523	129.5380859	0.0000000	0.0000000
4.2738094	129.5380859	0.0000000	0.0000000
6.0666666	129.5380859	0.0000000	0.0000000
7.8595233	129.5380859	0.0000000	0.0000000
9.6523809	129.5380859	0.0000000	0.0000000
11.4452381	129.5380859	0.0000000	0.0000000
13.2380953	129.5380859	0.0000000	0.0000000
15.0309525	129.5380859	0.0000000	0.0000000
16.8238087	129.5380859	0.0000000	0.0000000
18.6166668	129.5380859	0.0000000	0.0000000
20.4095249	129.5380859	0.0000000	0.0000000
22.2023811	129.5380859	0.0000000	0.0000000
23.9952374	129.5380859	0.0000000	0.0000000
25.7880955	129.5380859	0.0000000	0.0000000
27.5809517	129.5380859	0.0000000	0.0000000
29.3738098	129.5380859	0.0000000	0.0000000
31.1666679	129.5380859	0.0000000	0.0000000
32.9595261	129.5380859	0.0000000	0.0000000
34.7523804	129.5380859	0.0000000	0.0000000
36.5452385	129.5380859	0.0000000	0.0000000
38.3380966	129.5380859	0.0000000	0.0000000
40.1309547	129.5380859	0.0000000	0.0000000
41.9238091	129.5380859	0.0000000	0.0000000
43.7166672	129.5380859	0.0000000	0.0000000
45.5095253	129.5380859	0.0000000	0.0000000
47.3023796	129.5380859	0.0000000	0.0000000
49.0952377	129.5380859	0.0000000	0.0000000
50.8880959	129.5380859	0.0000000	0.0000000
52.6809540	129.5380859	0.0000000	0.0000000
54.4738083	129.5380859	0.0000000	0.0000000
56.2666664	129.5380859	0.0000000	0.0000000
58.0595245	129.5380859	0.0000000	0.0000000
59.8523788	129.5380859	0.0000000	0.0000000
61.6452408	129.5380859	0.0000000	0.0000000
63.4380951	129.5380859	0.0000000	0.0000000
65.2309494	129.5380859	0.0000000	0.0000000
67.0238113	129.5380859	0.0000000	0.0000000
68.8166656	129.5380859	0.0000000	0.0000000
70.6095276	129.5380859	0.0000000	0.0000000
-1.1047620	131.3309479	0.0000000	0.0000000
0.6880952	131.3309479	0.0000000	0.0000000
2.4809523	131.3309479	0.0000000	0.0000000
4.2738094	131.3309479	0.0000000	0.0000000
6.0666666	131.3309479	0.0000000	0.0000000
7.8595233	131.3309479	0.0000000	0.0000000
9.6523809	131.3309479	0.0000000	0.0000000
11.4452381	131.3309479	0.0000000	0.0000000
13.2380953	131.3309479	0.0000000	0.0000000
15.0309525	131.3309479	0.0000000	0.0000000
16.8238087	131.3309479	0.0000000	0.0000000
18.6166668	131.3309479	0.0000000	0.0000000
20.4095249	131.3309479	0.0000000	0.0000000
22.2023811	131.3309479	0.0000000	0.0000000
23.9952374	131.3309479	0.0000000	0.0000000
25.7880955	131.3309479	0.0000000	0.0000000
27.5809517	131.3309479	0.0000000	0.0000000
29.3738098	131.3309479	0.0000000	0.0000000
31.1666679	131.3309479	0.0000000	0.0000000
32.9595261	131.3309479	0.0000000	0.0000000
34.7523804	131.3309479	0.0000000	0.0000000
36.5452385	131.3309479	0.0000000	0.0000000
38.3380966	131.3309479	0.0000000	0.0000000
40.1309547	131.3309479	0.0000000	0.0000000
41.9238091	131.3309479	0.0000000	0.0000000
43.7166672	131.3309479	0.0000000	0.0000000
45.5095253	131.3309479	0.0000000	0.0000000
47.3023796	131.3309479	0.0000000	0.0000000
49.0952377	131.3309479	0.0000000	0.0000000
50.8880959	131.3309479	0.0000000	0.0000000
52.6809540	131.3309479	0.7003348	1.5057199
54.4738083	131.3309479	0.0000000	0.0000000
56.2666664	131.3309479	0.0000000	0.0000000
58.0595245	131.3309479	0.0000000	0.0000000
59.8523788	131.3309479	0.0000000	0.0000000
61.6452408	131.3309479	0.0000000	0.0000000
63.4380951	131.3309479	0.0000000	0.0000000
65.2309494	131.3309479	0.0000000	0.0000000
67.0238113	131.3309479	0.0000000	0.0000000
68.8166656	131.3309479	0.0000000	0.0000000
70.6095276	131.3309479	0.0000000	0.0000000
-1.1047620	133.1238098	0.0000000	0.0000000
0.6880952	133.1238098	0.0000000	0.0000000
2.4809523	133.1238098	0.0000000	0.0000000
4.2738094	133.1238098	0.0000000	0.0000000
6.0666666	133.1238098	0.0000000	0.0000000
7.8595233	133.1238098	0.0000000	0.0000000
9.6523809	133.1238098	0.0000000	0.0000000
11.4452381	133.1238098	0.0000000	0.0000000
13.2380953	133.1238098	0.0000000	0.0000000
15.0309525	133.1238098	0.0000000	0.0000000
16.8238087	133.1238098	0.0000000	0.0000000
18.6166668	133.1238098	0.0000000	0.0000000
20.4095249	133.1238098	0.0000000	0.0000000
22.2023811	133.1238098	0.0000000	0.0000000
23.9952374	133.1238098	0.0000000	0.0000000
25.7880955	133.1238098	0.0000000	0.0000000
27.5809517	133.1238098	0.0000000	0.0000000
29.3738098	133.1238098	0.0000000	0.0000000
31.1666679	133.1238098	0.0000000	0.0000000
32.9595261	133.1238098	0.0000000	0.0000000
34.7523804	133.1238098	0.0000000	0.0000000
36.5452385	133.1238098	0.0000000	0.0000000
38.3380966	133.1238098	0.0000000	0.0000000
40.1309547	133.1238098	0.0000000	0.0000000
41.9238091	133.1238098	0.0000000	0.0000000
43.7166672	133.1238098	0.0000000	0.0000000
45.5095253	133.1238098	0.0000000	0.0000000
47.3023796	133.1238098	0.0000000	0.0000000
49.0952377	133.1238098	0.0000000	0.0000000
50.8880959	133.1238098	0.0000000	0.0000000
52.6809540	133.1238098	0.0000000	0.0000000
54.4738083	133.1238098	0.0000000	0.0000000
56.2666664	133.1238098	0.0000000	0.0000000
58.0595245	133.1238098	0.0000000	0.0000000
59.8523788	133.1238098	0.0000000	0.0000000
61.6452408	133.1238098	0.0000000	0.0000000
63.4380951	133.1238098	0.0000000	0.0000000
65.2309494	133.1238098	0.0000000	0.0000000
67.0238113	133.1238098	0.0000000	0.0000000
68.8166656	133.1238098	0.0000000	0.0000000
70.6095276	133.1238098	0.0000000	0.0000000
-1.1047620	134.9166565	0.0000000	0.0000000
0.6880952	134.9166565	0.0000000	0.0000000
2.4809523	134.9166565	0.0000000	0.0000000
4.2738094	134.9166565	0.0000000	0.0000000
6.0666666	134.9166565	0.0000000	0.0000000
7.8595233	134.9166565	0.0000000	0.0000000
9.6523809	134.9166565	0.0000000	0.0000000
11.4452381	134.9166565	0.0000000	0.0000000
13.2380953	134.9166565	0.0000000	0.0000000
15.0309525	134.9166565	0.0000000	0.0000000
16.8238087	134.9166565	0.0000000	0.0000000
18.6166668	134.9166565	0.0000000	0.0000000
20.4095249	134.9166565	0.0000000	0.0000000
22.2023811	134.9166565	0.0000000	0.0000000
23.9952374	134.9166565	0.0000000	0.0000000
25.7880955	134.9166565	0.0000000	0.0000000
27.5809517	134.9166565	0.0000000	0.0000000
29.3738098	134.9166565	0.0000000	0.0000000
31.1666679	134.9166565	0.0000000	0.0000000
32.9595261	134.9166565	0.0000000	0.0000000
34.7523804	134.9166565	0.0000000	0.0000000
36.5452385	134.9166565	0.0000000	0.0000000
38.3380966	134.9166565	0.0000000	0.0000000
40.1309547	134.9166565	0.0000000	0.0000000
41.9238091	134.9166565	0.0000000	0.0000000
43.7166672	134.9166565	0.0000000	0.0000000
45.5095253	134.9166565	0.0000000	0.0000000
47.3023796	134.9166565	0.0000000	0.0000000
49.0952377	134.9166565	0.0000000	0.0000000
50.8880959	134.9166565	0.0000000	0.0000000
52.6809540	134.9166565	0.0000000	0.0000000
54.4738083	134.9166565	0.0000000	0.0000000
56.2666664	134.9166565	0.0000000	0.0000000
58.0595245	134.9166565	0.0000000	0.0000000
59.8523788	134.9166565	0.0000000	0.0000000
61.6452408	134.9166565	0.0000000	0.0000000
63.4380951	134.9166565	0.0000000	0.0000000
65.2309494	134.9166565	0.0000000	0.0000000
67.0238113	134.9166565	0.0000000	0.0000000
68.8166656	134.9166565	0.0000000	0.0000000
70.6095276	134.9166565	0.0000000	0.0000000
-1.1047620	136.7095337	0.0000000	0.0000000
0.6880952	136.7095337	0.9571243	0.0000000
2.4809523	136.7095337	0.0000000	0.0000000
4.2738094	136.7095337	0.0000000	0.0000000
6.0666666	136.7095337	0.0000000	0.0000000
7.8595233	136.7095337	0.0000000	0.0000000
9.6523809	136.7095337	0.0000000	0.0000000
11.4452381	136.7095337	0.0000000	0.0000000
13.2380953	136.7095337	0.0000000	0.0000000
15.0309525	136.7095337	0.0000000	0.0000000
16.8238087	136.7095337	0.0000000	0.0000000
18.6166668	136.7095337	0.0000000	0.0000000
20.4095249	136.7095337	0.0000000	0.0000000
22.2023811	136.7095337	0.0000000	0.0000000
23.9952374	136.7095337	0.0000000	0.0000000
25.7880955	136.7095337	0.0000000	0.0000000
27.5809517	136.7095337	0.0000000	0.0000000
29.3738098	136.7095337	0.0000000	0.0000000
31.1666679	136.7095337	0.0000000	0.0000000
32.9595261	136.7095337	0.0000000	0.0000000
34.7523804	136.7095337	0.0000000	0.0000000
36.5452385	136.7095337	0.0000000	0.0000000
38.3380966	136.7095337	0.0000000	0.0000000
40.1309547	136.7095337	0.0000000	0.0000000
41.9238091	136.7095337	0.0000000	0.0000000
43.7166672	136.7095337	0.0000000	0.0000000
45.5095253	136.7095337	0.0000000	0.0000000
47.3023796	136.7095337	0.0000000	0.0000000
49.0952377	136.7095337	0.0000000	0.0000000
50.8880959	136.7095337	0.0000000	0.0000000
52.6809540	136.7095337	0.0000000	0.0000000
54.4738083	136.7095337	0.0000000	0.0000000
56.2666664	136.7095337	0.0000000	0.0000000
58.0595245	136.7095337	0.0000000	0.0000000
59.8523788	136.7095337	0.0000000	0.0000000
61.6452408	136.7095337	0.0000000	0.0000000
63.4380951	136.7095337	0.0000000	0.0000000
65.2309494	136.7095337	0.0000000	0.0000000
67.0238113	136.7095337	0.0000000	0.0000000
68.8166656	136.7095337	0.0000000	0.0000000
70.6095276	136.7095337	0.0000000	0.0000000
-1.1047620	138.5023804	0.0000000	0.0000000
0.6880952	138.5023804	0.0000000	0.0000000
2.4809523	138.5023804	0.0000000	0.0000000
4.2738094	138.5023804	0.0000000	0.0000000
6.0666666	138.5023804	0.0000000	0.0000000
7.8595233	138.5023804	0.0000000	0.0000000
9.6523809	138.5023804	0.0000000	0.0000000
11.4452381	138.5023804	0.0000000	0.0000000
13.2380953	138.5023804	0.0000000	0.0000000
15.0309525	138.5023804	0.0000000	0.0000000
16.8238087	138.5023804	0.0000000	0.0000000
18.6166668	138.5023804	0.0000000	0.0000000
20.4095249	138.5023804	0.0000000	0.0000000
22.2023811	138.5023804	0.0000000	0.0000000
23.9952374	138.5023804	0.0000000	0.0000000
25.7880955	138.5023804	0.0000000	0.0000000
27.5809517	138.5023804	0.0000000	0.0000000
29.3738098	138.5023804	0.0000000	0.0000000
31.1666679	138.5023804	0.0000000	0.0000000
32.9595261	138.5023804	0.0000000	0.0000000
34.7523804	138.5023804	0.0000000	0.0000000
36.5452385	138.5023804	0.0000000	0.0000000
38.3380966	138.5023804	0.0000000	0.0000000
40.1309547	138.5023804	0.0000000	0.0000000
41.9238091	138.5023804	0.0000000	0.0000000
43.7166672	138.5023804	0.0000000	0.0000000
45.5095253	138.5023804	0.0000000	0.0000000
47.3023796	138.5023804	0.0000000	0.0000000
49.0952377	138.5023804	0.0000000	0.0000000
50.8880959	138.5023804	0.0000000	0.0000000
52.6809540	138.5023804	0.0000000	0.0000000
54.4738083	138.5023804	0.0000000	0.0000000
56.2666664	138.5023804	0.0000000	0.0000000
58.0595245	138.5023804	0.0000000	0.0000000
59.8523788	138.5023804	0.0000000	0.0000000
61.6452408	138.5023804	0.0000000	0.0000000
63.4380951	138.5023804	0.0000000	0.0000000
65.2309494	138.5023804	0.0000000	0.0000000
67.0238113	138.5023804	0.0000000	0.0000000
68.8166656	138.5023804	0.0000000	0.0000000
70.6095276	138.5023804	0.0000000	0.0000000
