Burst/rec/seq: 	0	14	14
Time stamp:  	27/06/13 	16:29:04:865
Elapsed time (ms): 	      67
-1.1048000	64.9952011	0.0000000	0.0000000
0.6880000	64.9952011	0.0000000	0.0000000
2.4807999	64.9952011	0.0000000	0.0000000
4.2736001	64.9952011	0.0000000	0.0000000
6.0664001	64.9952011	0.6886407	0.0000000
7.8592005	64.9952011	-0.0700313	1.4239689
9.6519995	64.9952011	0.3151406	0.1283906
11.4448004	64.9952011	0.6886407	-0.0817031
13.2376003	64.9952011	-1.4940001	1.3539376
15.0304003	64.9952011	1.9025158	-0.3384844
16.8232002	64.9952011	0.1867500	-0.1167188
18.6160011	64.9952011	0.3268125	-0.0116719
20.4088001	64.9952011	-0.0466875	-0.0700313
22.2015991	64.9952011	0.0583594	-0.0933750
23.9944019	64.9952011	-0.1283906	-0.5369063
25.7872009	64.9952011	-0.1634063	-0.4785469
27.5799999	64.9952011	-0.1634063	-0.0700313
29.3728008	64.9952011	-0.0933750	0.0583594
31.1655998	64.9952011	-0.1867500	-0.0116719
32.9584007	64.9952011	0.5485781	-0.0817031
34.7511978	64.9952011	0.1984219	0.0817031
36.5440025	64.9952011	-0.5369063	1.3422658
38.3368034	64.9952011	0.1050469	-0.0116719
40.1296005	64.9952011	-0.5719219	0.0583594
41.9224014	64.9952011	0.0000000	0.0000000
43.7152023	64.9952011	0.0000000	0.0000000
45.5079994	64.9952011	-0.1050469	1.5523596
47.3008003	64.9952011	0.0000000	0.0000000
49.0936012	64.9952011	-1.4239688	2.2876878
50.8863983	64.9952011	1.1788595	-0.0116719
52.6791992	64.9952011	1.2022032	0.0466875
54.4720001	64.9952011	0.0000000	0.0000000
56.2648010	64.9952011	0.0350156	3.0813754
58.0576019	64.9952011	0.0583594	0.0233438
59.8504028	64.9952011	-0.7586719	3.1980941
61.6432037	64.9952011	-0.9687657	3.4198599
63.4360008	64.9952011	-0.1050469	3.2797973
65.2288055	64.9952011	-0.1283906	4.0267973
67.0215988	64.9952011	-0.6069375	4.3886256
68.8144073	64.9952011	0.0000000	0.0000000
70.6072006	64.9952011	0.0000000	0.0000000
-1.1048000	66.7880020	0.0000000	0.0000000
0.6880000	66.7880020	0.0000000	0.0000000
2.4807999	66.7880020	0.0000000	0.0000000
4.2736001	66.7880020	0.0000000	0.0000000
6.0664001	66.7880020	0.1167188	-0.0350156
7.8592005	66.7880020	0.1867500	-0.0233438
9.6519995	66.7880020	0.7119844	-0.0116719
11.4448004	66.7880020	0.9104063	-0.0350156
13.2376003	66.7880020	0.0000000	0.0000000
15.0304003	66.7880020	0.0233438	3.0113442
16.8232002	66.7880020	-0.1634063	-0.0116719
18.6160011	66.7880020	-0.6069375	0.0233438
20.4088001	66.7880020	-0.4318594	-0.1167188
22.2015991	66.7880020	0.0000000	0.0000000
23.9944019	66.7880020	-0.0466875	-0.4201876
25.7872009	66.7880020	-0.1050469	-0.1400625
27.5799999	66.7880020	-0.0700313	0.0350156
29.3728008	66.7880020	-0.0350156	0.1400625
31.1655998	66.7880020	-0.0817031	-0.1167188
32.9584007	66.7880020	0.1283906	-0.0116719
34.7511978	66.7880020	-0.2334375	0.5135626
36.5440025	66.7880020	0.5252344	-0.0116719
38.3368034	66.7880020	0.5719219	-0.0933750
40.1296005	66.7880020	-0.9804376	0.1984219
41.9224014	66.7880020	-0.0116719	1.4356408
43.7152023	66.7880020	-1.2488906	1.5056721
45.5079994	66.7880020	-1.4239688	1.4706564
47.3008003	66.7880020	0.0000000	0.0000000
49.0936012	66.7880020	-1.4006251	2.9880004
50.8863983	66.7880020	-0.1283906	3.0113442
52.6791992	66.7880020	-1.8324845	3.0697036
54.4720001	66.7880020	-0.4085156	3.7583442
56.2648010	66.7880020	-0.7119844	4.2368913
58.0576019	66.7880020	0.0000000	0.0000000
59.8504028	66.7880020	-0.9337500	2.9880004
61.6432037	66.7880020	-0.5835938	3.0813754
63.4360008	66.7880020	-0.5719219	4.3886256
65.2288055	66.7880020	-0.1750781	4.1085005
67.0215988	66.7880020	-0.6419532	4.3419380
68.8144073	66.7880020	0.0000000	0.0000000
70.6072006	66.7880020	0.0000000	0.0000000
-1.1048000	68.5807953	0.0000000	0.0000000
0.6880000	68.5807953	0.0000000	0.0000000
2.4807999	68.5807953	0.0000000	0.0000000
4.2736001	68.5807953	0.0000000	0.0000000
6.0664001	68.5807953	-0.3268125	1.3305939
7.8592005	68.5807953	0.1867500	0.0583594
9.6519995	68.5807953	0.6069375	0.0933750
11.4448004	68.5807953	0.0817031	-1.3889533
13.2376003	68.5807953	0.1867500	-1.4006252
15.0304003	68.5807953	-0.2217656	0.1400625
16.8232002	68.5807953	-0.4902188	0.2100938
18.6160011	68.5807953	-0.4552031	0.2217657
20.4088001	68.5807953	-0.1750781	-0.0700313
22.2015991	68.5807953	0.0466875	-1.3889533
23.9944019	68.5807953	0.2217656	-1.2372189
25.7872009	68.5807953	0.5719219	-0.8170314
27.5799999	68.5807953	0.2334375	0.1984219
29.3728008	68.5807953	0.0700313	0.5952657
31.1655998	68.5807953	-0.0233438	-0.2334375
32.9584007	68.5807953	-0.0350156	-0.0116719
34.7511978	68.5807953	-0.2217656	0.0116719
36.5440025	68.5807953	0.1283906	-0.0466875
38.3368034	68.5807953	0.4902188	0.0116719
40.1296005	68.5807953	-0.8870625	1.4706564
41.9224014	68.5807953	-0.1400625	1.4706564
43.7152023	68.5807953	-1.4589845	1.5173440
45.5079994	68.5807953	-1.3889532	1.4706564
47.3008003	68.5807953	-3.5249064	-0.0817031
49.0936012	68.5807953	-3.2331095	0.2801250
50.8863983	68.5807953	-0.0466875	2.9996722
52.6791992	68.5807953	-0.1167188	1.5406877
54.4720001	68.5807953	-0.2567813	3.0113442
56.2648010	68.5807953	0.0000000	0.0000000
58.0576019	68.5807953	0.0000000	0.0000000
59.8504028	68.5807953	0.0000000	0.0000000
61.6432037	68.5807953	0.0000000	0.0000000
63.4360008	68.5807953	-0.7470000	4.1668601
65.2288055	68.5807953	-0.0933750	4.2835789
67.0215988	68.5807953	-2.1359532	-1.5406877
68.8144073	68.5807953	0.0000000	0.0000000
70.6072006	68.5807953	0.0000000	0.0000000
-1.1048000	70.3736038	0.0350156	-2.9880004
0.6880000	70.3736038	0.0000000	0.0000000
2.4807999	70.3736038	0.0000000	0.0000000
4.2736001	70.3736038	0.0000000	0.0000000
6.0664001	70.3736038	-0.2451094	-0.0700313
7.8592005	70.3736038	-0.0233438	-0.0233438
9.6519995	70.3736038	-0.2100938	-1.2605627
11.4448004	70.3736038	0.0933750	-1.2722346
13.2376003	70.3736038	0.0700313	-1.1905314
15.0304003	70.3736038	-0.0817031	-0.2217657
16.8232002	70.3736038	-0.1283906	0.1750782
18.6160011	70.3736038	-0.0116719	0.2217657
20.4088001	70.3736038	0.3268125	-1.4239689
22.2015991	70.3736038	0.0000000	0.0000000
23.9944019	70.3736038	-0.2451094	-0.0933750
25.7872009	70.3736038	0.0933750	0.0233438
27.5799999	70.3736038	-0.2217656	0.2451094
29.3728008	70.3736038	-0.2100938	0.5952657
31.1655998	70.3736038	-0.1750781	-0.5018907
32.9584007	70.3736038	-0.1283906	0.1283906
34.7511978	70.3736038	-0.6186094	0.0000000
36.5440025	70.3736038	-0.6186094	0.1050469
38.3368034	70.3736038	0.0000000	0.0000000
40.1296005	70.3736038	-0.6069375	1.4589846
41.9224014	70.3736038	-0.2684532	1.5056721
43.7152023	70.3736038	-1.5173439	1.5757034
45.5079994	70.3736038	-0.5135625	-4.4586568
47.3008003	70.3736038	0.0000000	0.0000000
49.0936012	70.3736038	-2.2293282	4.4236412
50.8863983	70.3736038	-0.7820157	2.4394221
52.6791992	70.3736038	-0.7353281	2.1476252
54.4720001	70.3736038	0.0000000	0.0000000
56.2648010	70.3736038	-1.9492033	4.4002976
58.0576019	70.3736038	-1.7624532	4.3069224
59.8504028	70.3736038	0.0000000	0.0000000
61.6432037	70.3736038	-0.5952656	4.0968285
63.4360008	70.3736038	0.0000000	0.0000000
65.2288055	70.3736038	3.6766407	-0.2334375
67.0215988	70.3736038	0.1050469	0.0466875
68.8144073	70.3736038	-0.0233438	1.1205001
70.6072006	70.3736038	0.0000000	0.0000000
-1.1048000	72.1663971	0.0000000	0.0000000
0.6880000	72.1663971	0.0000000	0.0000000
2.4807999	72.1663971	0.0000000	0.0000000
4.2736001	72.1663971	0.0000000	0.0000000
6.0664001	72.1663971	-0.3034688	-0.0350156
7.8592005	72.1663971	-0.1750781	-0.0233438
9.6519995	72.1663971	-0.1167188	-0.1517344
11.4448004	72.1663971	-0.0350156	-1.4823283
13.2376003	72.1663971	-0.0350156	-1.4239689
15.0304003	72.1663971	-0.3618281	-1.4122970
16.8232002	72.1663971	-0.3268125	-1.3072501
18.6160011	72.1663971	0.0116719	-1.0154532
20.4088001	72.1663971	0.0000000	0.0000000
22.2015991	72.1663971	0.0466875	-1.3422658
23.9944019	72.1663971	-0.2801250	-0.0350156
25.7872009	72.1663971	-0.1867500	0.3034688
27.5799999	72.1663971	-0.0233438	0.1400625
29.3728008	72.1663971	-0.0583594	-0.0466875
31.1655998	72.1663971	0.0933750	2.9179692
32.9584007	72.1663971	-0.3501563	0.2917969
34.7511978	72.1663971	-1.1088282	0.0817031
36.5440025	72.1663971	-0.6652969	0.1050469
38.3368034	72.1663971	-1.0854844	1.3656095
40.1296005	72.1663971	-0.4785469	1.5290158
41.9224014	72.1663971	-1.4823282	2.9413128
43.7152023	72.1663971	-2.1943126	1.4823283
45.5079994	72.1663971	-1.7974689	1.4706564
47.3008003	72.1663971	-0.2451094	0.0233438
49.0936012	72.1663971	-2.3577189	0.1750782
50.8863983	72.1663971	0.2567813	2.9763286
52.6791992	72.1663971	-2.5327971	4.5520320
54.4720001	72.1663971	-2.1476252	4.4119692
56.2648010	72.1663971	-1.5173439	4.3769536
58.0576019	72.1663971	-1.7274376	4.4119692
59.8504028	72.1663971	0.0000000	0.0000000
61.6432037	72.1663971	0.0000000	0.0000000
63.4360008	72.1663971	0.6069375	2.3460472
65.2288055	72.1663971	-0.1750781	3.1280630
67.0215988	72.1663971	0.0000000	0.0000000
68.8144073	72.1663971	0.1050469	0.9220783
70.6072006	72.1663971	0.0000000	0.0000000
-1.1048000	73.9591980	0.0000000	0.0000000
0.6880000	73.9591980	0.0000000	0.0000000
2.4807999	73.9591980	-0.0350156	2.9763286
4.2736001	73.9591980	0.0000000	0.0000000
6.0664001	73.9591980	-0.4902188	-0.0350156
7.8592005	73.9591980	-0.0933750	-0.0466875
9.6519995	73.9591980	-0.6769688	-1.6107190
11.4448004	73.9591980	-0.7003126	-1.4823283
13.2376003	73.9591980	-1.1321720	-1.3189220
15.0304003	73.9591980	-1.0037813	-1.1905314
16.8232002	73.9591980	-0.1283906	-1.3422658
18.6160011	73.9591980	0.0116719	-0.8637189
20.4088001	73.9591980	-0.2100938	-0.0700313
22.2015991	73.9591980	-0.6069375	-0.0233438
23.9944019	73.9591980	-0.7353281	-0.0116719
25.7872009	73.9591980	-0.4435313	0.1750782
27.5799999	73.9591980	0.0233438	0.2684532
29.3728008	73.9591980	-0.0466875	0.0933750
31.1655998	73.9591980	-0.2451094	0.2217657
32.9584007	73.9591980	-0.6769688	0.6419532
34.7511978	73.9591980	-0.9921094	0.3034688
36.5440025	73.9591980	-0.5719219	0.0700313
38.3368034	73.9591980	-1.2605625	1.5290158
40.1296005	73.9591980	0.0000000	0.0000000
41.9224014	73.9591980	0.0000000	0.0000000
43.7152023	73.9591980	-1.8091407	1.4356408
45.5079994	73.9591980	-1.9258595	1.4706564
47.3008003	73.9591980	0.0000000	0.0000000
49.0936012	73.9591980	0.0000000	0.0000000
50.8863983	73.9591980	0.0000000	0.0000000
52.6791992	73.9591980	0.0000000	0.0000000
54.4720001	73.9591980	0.0000000	0.0000000
56.2648010	73.9591980	-0.2334375	0.1283906
58.0576019	73.9591980	-0.2451094	-0.0116719
59.8504028	73.9591980	-0.0466875	3.0113442
61.6432037	73.9591980	-0.4435313	2.9179692
63.4360008	73.9591980	2.1826408	0.0466875
65.2288055	73.9591980	0.0000000	0.0000000
67.0215988	73.9591980	0.0000000	1.0037814
68.8144073	73.9591980	0.0583594	0.8520470
70.6072006	73.9591980	0.0000000	0.0000000
-1.1048000	75.7519989	0.0000000	0.0000000
0.6880000	75.7519989	0.0000000	0.0000000
2.4807999	75.7519989	0.0000000	0.0000000
4.2736001	75.7519989	0.0000000	0.0000000
6.0664001	75.7519989	0.1283906	0.0700313
7.8592005	75.7519989	-0.3501563	0.0000000
9.6519995	75.7519989	-0.8287032	-1.4823283
11.4448004	75.7519989	-0.8170313	-0.0817031
13.2376003	75.7519989	-1.2255470	-1.5290158
15.0304003	75.7519989	-1.0971563	-1.3772814
16.8232002	75.7519989	-0.3618281	-0.1167188
18.6160011	75.7519989	-0.7236563	-0.0817031
20.4088001	75.7519989	-0.6302813	-0.0233438
22.2015991	75.7519989	-1.2022032	0.0233438
23.9944019	75.7519989	-0.7703438	0.0817031
25.7872009	75.7519989	-0.6186094	0.2334375
27.5799999	75.7519989	-0.5252344	0.0583594
29.3728008	75.7519989	-0.0817031	0.0817031
31.1655998	75.7519989	-0.1867500	0.1167188
32.9584007	75.7519989	-0.7703438	0.2684532
34.7511978	75.7519989	-0.6886407	0.3151407
36.5440025	75.7519989	-0.5369063	0.5602500
38.3368034	75.7519989	-2.2760158	1.5290158
40.1296005	75.7519989	-2.1943126	1.6690784
41.9224014	75.7519989	-1.5290157	1.6340628
43.7152023	75.7519989	-1.8791720	1.6223909
45.5079994	75.7519989	1.7741251	0.0466875
47.3008003	75.7519989	-1.4589845	-0.0116719
49.0936012	75.7519989	-0.0466875	-0.0116719
50.8863983	75.7519989	0.0000000	0.0000000
52.6791992	75.7519989	0.0000000	0.0000000
54.4720001	75.7519989	-1.2255470	2.6728597
56.2648010	75.7519989	-3.8400471	0.0933750
58.0576019	75.7519989	2.0075626	-0.1750782
59.8504028	75.7519989	0.9220782	0.0116719
61.6432037	75.7519989	1.4589845	0.0116719
63.4360008	75.7519989	-0.6886407	1.3305939
65.2288055	75.7519989	-0.2917969	2.9763286
67.0215988	75.7519989	0.0000000	0.0000000
68.8144073	75.7519989	0.0000000	0.0000000
70.6072006	75.7519989	0.0233438	2.9763286
-1.1048000	77.5447998	0.0000000	0.0000000
0.6880000	77.5447998	0.0000000	0.0000000
2.4807999	77.5447998	0.0000000	0.0000000
4.2736001	77.5447998	0.0000000	0.0000000
6.0664001	77.5447998	-0.2917969	-0.0466875
7.8592005	77.5447998	-1.5173439	-0.1634063
9.6519995	77.5447998	0.0000000	0.0000000
11.4448004	77.5447998	-1.3305938	-1.3539376
13.2376003	77.5447998	0.0000000	0.0000000
15.0304003	77.5447998	-0.8520469	-2.4744377
16.8232002	77.5447998	-1.3422657	-1.2605627
18.6160011	77.5447998	-1.4823282	-0.0700313
20.4088001	77.5447998	-1.9258595	0.0000000
22.2015991	77.5447998	-1.2138751	0.0350156
23.9944019	77.5447998	0.0000000	0.0000000
25.7872009	77.5447998	-0.7236563	0.3968438
27.5799999	77.5447998	-0.6186094	0.5719219
29.3728008	77.5447998	-0.6419532	0.1634063
31.1655998	77.5447998	-0.3151406	1.5523596
32.9584007	77.5447998	-0.1283906	1.0387970
34.7511978	77.5447998	-0.1167188	1.3889533
36.5440025	77.5447998	-0.6536250	1.3539376
38.3368034	77.5447998	-0.8170313	1.4356408
40.1296005	77.5447998	-2.9880002	1.5990471
41.9224014	77.5447998	-2.0892658	2.6962035
43.7152023	77.5447998	-2.1359532	1.5290158
45.5079994	77.5447998	0.0000000	0.0000000
47.3008003	77.5447998	-2.2993596	3.1747503
49.0936012	77.5447998	-3.0580313	4.4469848
50.8863983	77.5447998	-2.1709688	2.9646566
52.6791992	77.5447998	-2.6028283	1.7040939
54.4720001	77.5447998	-1.6690782	2.7428911
56.2648010	77.5447998	-0.9804376	0.0933750
58.0576019	77.5447998	-2.1359532	1.5640315
59.8504028	77.5447998	-1.6223907	1.5290158
61.6432037	77.5447998	-1.4940001	1.2488908
63.4360008	77.5447998	0.2801250	0.0700313
65.2288055	77.5447998	-0.1750781	3.6182818
67.0215988	77.5447998	-0.0466875	1.0154532
68.8144073	77.5447998	0.0000000	0.0000000
70.6072006	77.5447998	0.0000000	0.0000000
-1.1048000	79.3376007	0.0000000	0.0000000
0.6880000	79.3376007	0.0000000	0.0000000
2.4807999	79.3376007	0.0000000	0.0000000
4.2736001	79.3376007	0.0000000	0.0000000
6.0664001	79.3376007	-1.5173439	-0.7003126
7.8592005	79.3376007	0.0000000	0.0000000
9.6519995	79.3376007	-1.3072500	-1.3305939
11.4448004	79.3376007	-1.3422657	-1.4589846
13.2376003	79.3376007	-1.4706563	-1.5873752
15.0304003	79.3376007	-1.1438438	-1.6340628
16.8232002	79.3376007	0.0000000	0.0000000
18.6160011	79.3376007	-1.9958907	-0.0817031
20.4088001	79.3376007	-1.9608752	0.0000000
22.2015991	79.3376007	-1.7391095	0.0583594
23.9944019	79.3376007	-1.7391095	0.0583594
25.7872009	79.3376007	-0.8287032	0.3618282
27.5799999	79.3376007	-0.6652969	0.3501563
29.3728008	79.3376007	-0.7353281	0.3384844
31.1655998	79.3376007	0.0000000	0.0000000
32.9584007	79.3376007	-0.8870625	1.4239689
34.7511978	79.3376007	0.0000000	0.0000000
36.5440025	79.3376007	0.0000000	0.0000000
38.3368034	79.3376007	-0.6419532	1.4473127
40.1296005	79.3376007	0.0000000	0.0000000
41.9224014	79.3376007	-2.1009376	1.6107190
43.7152023	79.3376007	-1.7040938	1.4589846
45.5079994	79.3376007	0.0000000	0.0000000
47.3008003	79.3376007	-0.0466875	0.1283906
49.0936012	79.3376007	-1.5757033	2.9529848
50.8863983	79.3376007	-0.4435313	0.0000000
52.6791992	79.3376007	0.0000000	0.0000000
54.4720001	79.3376007	-1.7857970	1.6807503
56.2648010	79.3376007	-1.9725469	1.5873752
58.0576019	79.3376007	-1.8324845	-1.6107190
59.8504028	79.3376007	-1.5873750	1.4356408
61.6432037	79.3376007	-0.6069375	1.0154532
63.4360008	79.3376007	-0.1634063	-0.4435313
65.2288055	79.3376007	1.4122969	1.5290158
67.0215988	79.3376007	-0.0933750	0.1283906
68.8144073	79.3376007	-0.0233438	2.6145003
70.6072006	79.3376007	0.0000000	0.0000000
-1.1048000	81.1304016	0.0000000	0.0000000
0.6880000	81.1304016	0.0000000	0.0000000
2.4807999	81.1304016	0.0000000	0.0000000
4.2736001	81.1304016	0.0000000	0.0000000
6.0664001	81.1304016	-1.6223907	-0.2567813
7.8592005	81.1304016	-1.4940001	-1.0037814
9.6519995	81.1304016	-1.3422657	-1.3189220
11.4448004	81.1304016	-1.6457344	-0.1050469
13.2376003	81.1304016	-1.3422657	-1.4706564
15.0304003	81.1304016	-1.8908439	-1.2138752
16.8232002	81.1304016	-1.9375314	-0.1400625
18.6160011	81.1304016	-2.2643440	-0.0233438
20.4088001	81.1304016	-1.7741251	0.0466875
22.2015991	81.1304016	0.0000000	0.0000000
23.9944019	81.1304016	-1.6107188	0.3851719
25.7872009	81.1304016	4.5637035	-2.8012505
27.5799999	81.1304016	-1.4239688	1.3189220
29.3728008	81.1304016	-1.6574063	1.2488908
31.1655998	81.1304016	-1.5990469	1.3422658
32.9584007	81.1304016	-1.3189219	1.4940002
34.7511978	81.1304016	-0.6886407	1.5290158
36.5440025	81.1304016	0.0000000	0.0000000
38.3368034	81.1304016	-0.7470000	1.4356408
40.1296005	81.1304016	-1.2372189	1.5640315
41.9224014	81.1304016	-1.3889532	1.3422658
43.7152023	81.1304016	-1.3539376	0.2917969
45.5079994	81.1304016	-2.3693907	2.8946254
47.3008003	81.1304016	-2.0192344	2.8946254
49.0936012	81.1304016	-1.4589845	2.8479378
50.8863983	81.1304016	0.5135625	0.0233438
52.6791992	81.1304016	0.0000000	0.0000000
54.4720001	81.1304016	0.0000000	0.0000000
56.2648010	81.1304016	-1.5873750	1.4706564
58.0576019	81.1304016	-1.1555157	0.6302813
59.8504028	81.1304016	-0.7936875	0.1750782
61.6432037	81.1304016	-0.2334375	-0.1050469
63.4360008	81.1304016	-0.5602500	-0.1634063
65.2288055	81.1304016	0.3268125	1.1438439
67.0215988	81.1304016	0.4201875	0.1283906
68.8144073	81.1304016	0.0000000	0.0000000
70.6072006	81.1304016	0.0000000	0.0000000
-1.1048000	82.9232025	0.0000000	0.0000000
0.6880000	82.9232025	0.0000000	0.0000000
2.4807999	82.9232025	0.0000000	0.0000000
4.2736001	82.9232025	0.0000000	0.0000000
6.0664001	82.9232025	-1.2605625	-1.3422658
7.8592005	82.9232025	-1.0854844	-1.2605627
9.6519995	82.9232025	-1.6340625	-0.1634063
11.4448004	82.9232025	0.0000000	0.0000000
13.2376003	82.9232025	-1.3422657	-1.4706564
15.0304003	82.9232025	-1.6340625	-1.3772814
16.8232002	82.9232025	-1.7274376	-1.0387970
18.6160011	82.9232025	-2.2993596	-0.0116719
20.4088001	82.9232025	-1.8675001	-0.0817031
22.2015991	82.9232025	-2.1009376	0.1400625
23.9944019	82.9232025	-2.4160783	0.8987345
25.7872009	82.9232025	-2.0659220	0.7936876
27.5799999	82.9232025	-1.8091407	1.3072501
29.3728008	82.9232025	-2.4044063	1.3189220
31.1655998	82.9232025	-2.1826408	1.4823283
32.9584007	82.9232025	0.0000000	0.0000000
34.7511978	82.9232025	0.0000000	0.0000000
36.5440025	82.9232025	-1.3305938	1.4122970
38.3368034	82.9232025	-0.8637188	0.3151407
40.1296005	82.9232025	-0.5018907	1.3305939
41.9224014	82.9232025	0.0000000	0.0000000
43.7152023	82.9232025	-1.2022032	0.9220783
45.5079994	82.9232025	-2.0192344	2.6495159
47.3008003	82.9232025	0.0000000	0.0000000
49.0936012	82.9232025	0.0000000	0.0000000
50.8863983	82.9232025	0.0116719	0.0116719
52.6791992	82.9232025	0.1634063	-0.0350156
54.4720001	82.9232025	-0.6886407	1.7391096
56.2648010	82.9232025	-0.9570938	1.5173440
58.0576019	82.9232025	-0.6769688	0.5485782
59.8504028	82.9232025	-0.7936875	0.2451094
61.6432037	82.9232025	-0.4318594	-0.3735000
63.4360008	82.9232025	-0.4435313	-0.2917969
65.2288055	82.9232025	0.1283906	1.5873752
67.0215988	82.9232025	0.1517344	1.0271251
68.8144073	82.9232025	0.0000000	0.0000000
70.6072006	82.9232025	0.0000000	0.0000000
-1.1048000	84.7160034	0.0000000	0.0000000
0.6880000	84.7160034	0.0000000	0.0000000
2.4807999	84.7160034	0.0000000	0.0000000
4.2736001	84.7160034	0.0000000	0.0000000
6.0664001	84.7160034	-0.8987345	-0.1984219
7.8592005	84.7160034	-0.7353281	-0.9687657
9.6519995	84.7160034	-0.6652969	-1.2138752
11.4448004	84.7160034	-0.6769688	-1.3189220
13.2376003	84.7160034	-0.9921094	-1.4006252
15.0304003	84.7160034	-1.3539376	-1.2022033
16.8232002	84.7160034	-1.6807501	-0.2217657
18.6160011	84.7160034	-2.0892658	-0.0233438
20.4088001	84.7160034	-1.6107188	-0.0583594
22.2015991	84.7160034	-2.1592970	0.1050469
23.9944019	84.7160034	-2.1476252	0.1634063
25.7872009	84.7160034	-2.2293282	0.2917969
27.5799999	84.7160034	-3.0697033	1.4589846
29.3728008	84.7160034	-2.7895782	1.4706564
31.1655998	84.7160034	-2.8829532	1.4940002
32.9584007	84.7160034	-1.9958907	1.4823283
34.7511978	84.7160034	-2.0192344	1.7040939
36.5440025	84.7160034	-0.1750781	-0.0233438
38.3368034	84.7160034	-0.6302813	1.3072501
40.1296005	84.7160034	-0.5952656	1.3772814
41.9224014	84.7160034	-0.9104063	1.8441565
43.7152023	84.7160034	-1.0504688	1.3656095
45.5079994	84.7160034	-1.4122969	1.5640315
47.3008003	84.7160034	-1.1088282	1.4823283
49.0936012	84.7160034	-0.2334375	2.8946254
50.8863983	84.7160034	0.2100938	1.5523596
52.6791992	84.7160034	0.0000000	0.0000000
54.4720001	84.7160034	-0.6186094	1.4823283
56.2648010	84.7160034	-0.1050469	0.6186094
58.0576019	84.7160034	-0.6652969	0.8170314
59.8504028	84.7160034	-0.6769688	0.2801250
61.6432037	84.7160034	-0.3268125	-0.0466875
63.4360008	84.7160034	-0.3618281	0.0933750
65.2288055	84.7160034	-0.2100938	0.0933750
67.0215988	84.7160034	-0.2917969	0.0000000
68.8144073	84.7160034	0.0000000	0.0000000
70.6072006	84.7160034	0.0000000	0.0000000
-1.1048000	86.5088043	0.0000000	0.0000000
0.6880000	86.5088043	0.0000000	0.0000000
2.4807999	86.5088043	0.0000000	0.0000000
4.2736001	86.5088043	0.0000000	0.0000000
6.0664001	86.5088043	-0.8870625	-0.2801250
7.8592005	86.5088043	-0.8053594	-1.3889533
9.6519995	86.5088043	-1.0037813	-1.4473127
11.4448004	86.5088043	0.0000000	0.0000000
13.2376003	86.5088043	-0.6886407	-1.4589846
15.0304003	86.5088043	0.0000000	0.0000000
16.8232002	86.5088043	-1.4473126	-0.3268125
18.6160011	86.5088043	-1.7974689	-0.0233438
20.4088001	86.5088043	-1.8091407	0.0116719
22.2015991	86.5088043	-1.9492033	0.1167188
23.9944019	86.5088043	-1.9842188	0.1283906
25.7872009	86.5088043	-1.8441564	0.1984219
27.5799999	86.5088043	-1.7507813	0.2217657
29.3728008	86.5088043	-2.3460469	1.3422658
31.1655998	86.5088043	0.0000000	0.0000000
32.9584007	86.5088043	-2.2059846	1.4356408
34.7511978	86.5088043	-1.9608752	1.6807503
36.5440025	86.5088043	-0.2451094	1.5406877
38.3368034	86.5088043	-0.7703438	0.2684532
40.1296005	86.5088043	-0.7470000	1.2488908
41.9224014	86.5088043	-0.7236563	1.0154532
43.7152023	86.5088043	-0.6886407	1.3889533
45.5079994	86.5088043	0.1050469	1.6574064
47.3008003	86.5088043	1.2488906	1.4239689
49.0936012	86.5088043	0.0000000	0.0000000
50.8863983	86.5088043	0.4435313	1.5990471
52.6791992	86.5088043	0.5719219	1.5757034
54.4720001	86.5088043	0.0116719	0.1283906
56.2648010	86.5088043	0.5135625	1.3189220
58.0576019	86.5088043	0.1283906	1.3656095
59.8504028	86.5088043	0.0000000	0.0000000
61.6432037	86.5088043	-0.4318594	-0.0116719
63.4360008	86.5088043	-0.4785469	0.0700313
65.2288055	86.5088043	-0.5835938	0.1867500
67.0215988	86.5088043	-0.1750781	0.0817031
68.8144073	86.5088043	0.0000000	0.0000000
70.6072006	86.5088043	0.0000000	0.0000000
-1.1048000	88.3015976	0.0000000	0.0000000
0.6880000	88.3015976	0.0000000	0.0000000
2.4807999	88.3015976	0.0000000	0.0000000
4.2736001	88.3015976	0.0000000	0.0000000
6.0664001	88.3015976	-1.3189219	-0.1167188
7.8592005	88.3015976	-1.1321720	-1.2488908
9.6519995	88.3015976	-0.7820157	-0.1050469
11.4448004	88.3015976	-0.6419532	-0.0583594
13.2376003	88.3015976	-1.2488906	-1.3539376
15.0304003	88.3015976	0.0583594	0.0000000
16.8232002	88.3015976	-1.7391095	-0.5252345
18.6160011	88.3015976	-0.9687657	-0.0583594
20.4088001	88.3015976	-1.4006251	0.0000000
22.2015991	88.3015976	-1.4356407	0.1283906
23.9944019	88.3015976	-2.0309064	0.2217657
25.7872009	88.3015976	-1.7507813	0.4201876
27.5799999	88.3015976	-1.7274376	0.6302813
29.3728008	88.3015976	-1.8675001	1.2839065
31.1655998	88.3015976	-1.7040938	1.3656095
32.9584007	88.3015976	-1.1788595	1.3539376
34.7511978	88.3015976	-0.4435313	1.4006252
36.5440025	88.3015976	-1.3189219	1.1205001
38.3368034	88.3015976	-0.1167188	-0.0233438
40.1296005	88.3015976	-1.4940001	0.4552032
41.9224014	88.3015976	-1.1555157	0.5835938
43.7152023	88.3015976	-0.1984219	0.5485782
45.5079994	88.3015976	-1.5640314	0.2801250
47.3008003	88.3015976	-0.0700313	1.6690784
49.0936012	88.3015976	-1.2605625	-0.0350156
50.8863983	88.3015976	-1.5056720	1.4356408
52.6791992	88.3015976	0.9921094	1.5290158
54.4720001	88.3015976	-0.2334375	0.0817031
56.2648010	88.3015976	-0.8637188	0.0583594
58.0576019	88.3015976	-0.4902188	-0.7119845
59.8504028	88.3015976	-0.1984219	-0.0350156
61.6432037	88.3015976	-0.7236563	0.4201876
63.4360008	88.3015976	-0.7003126	0.2917969
65.2288055	88.3015976	-0.2801250	0.3034688
67.0215988	88.3015976	-0.1517344	0.6769688
68.8144073	88.3015976	0.0000000	0.0000000
70.6072006	88.3015976	0.0000000	0.0000000
-1.1048000	90.0944061	0.0000000	0.0000000
0.6880000	90.0944061	0.0000000	0.0000000
2.4807999	90.0944061	0.0000000	0.0000000
4.2736001	90.0944061	0.0000000	0.0000000
6.0664001	90.0944061	-1.1205001	-0.0817031
7.8592005	90.0944061	0.0000000	0.0000000
9.6519995	90.0944061	-1.2605625	-0.1867500
11.4448004	90.0944061	-0.2801250	-0.0817031
13.2376003	90.0944061	-0.9337500	-0.0466875
15.0304003	90.0944061	-1.2722344	-0.0700313
16.8232002	90.0944061	-0.6186094	-0.5369063
18.6160011	90.0944061	-1.0621407	-0.7003126
20.4088001	90.0944061	-0.6419532	-0.1400625
22.2015991	90.0944061	-0.9104063	0.0583594
23.9944019	90.0944061	-2.1592970	0.0000000
25.7872009	90.0944061	-2.1476252	0.0116719
27.5799999	90.0944061	-2.1242814	0.3618282
29.3728008	90.0944061	-1.6457344	1.0387970
31.1655998	90.0944061	-0.8870625	0.0817031
32.9584007	90.0944061	-0.7003126	0.0000000
34.7511978	90.0944061	0.0000000	0.0000000
36.5440025	90.0944061	-2.1359532	1.2372189
38.3368034	90.0944061	-0.0583594	-0.1634063
40.1296005	90.0944061	-1.8324845	0.0700313
41.9224014	90.0944061	-1.8441564	0.5952657
43.7152023	90.0944061	-1.4356407	0.3034688
45.5079994	90.0944061	-1.4473126	0.1283906
47.3008003	90.0944061	-1.2605625	0.1167188
49.0936012	90.0944061	-1.3772813	0.0933750
50.8863983	90.0944061	-0.5018907	0.0466875
52.6791992	90.0944061	-0.1634063	1.4706564
54.4720001	90.0944061	0.0000000	0.0000000
56.2648010	90.0944061	-0.5719219	1.6223909
58.0576019	90.0944061	-0.4902188	0.0000000
59.8504028	90.0944061	-0.4552031	0.1984219
61.6432037	90.0944061	-0.9104063	0.3151407
63.4360008	90.0944061	-0.1517344	0.4902188
65.2288055	90.0944061	-0.2801250	0.5135626
67.0215988	90.0944061	-0.4552031	0.8870626
68.8144073	90.0944061	0.0000000	0.0000000
70.6072006	90.0944061	0.0000000	0.0000000
-1.1048000	91.8871994	0.0000000	0.0000000
0.6880000	91.8871994	0.0000000	0.0000000
2.4807999	91.8871994	0.0000000	0.0000000
4.2736001	91.8871994	-0.0583594	1.4356408
6.0664001	91.8871994	-0.2567813	0.0233438
7.8592005	91.8871994	-0.1867500	0.0233438
9.6519995	91.8871994	-0.4552031	0.0116719
11.4448004	91.8871994	-0.1984219	-0.0233438
13.2376003	91.8871994	-1.2488906	-0.3501563
15.0304003	91.8871994	-0.8170313	-0.3034688
16.8232002	91.8871994	-0.6769688	-0.6886407
18.6160011	91.8871994	-0.6302813	-0.9454220
20.4088001	91.8871994	-0.4668750	-0.2100938
22.2015991	91.8871994	-0.1867500	0.0233438
23.9944019	91.8871994	0.0000000	0.0000000
25.7872009	91.8871994	-2.2760158	0.0233438
27.5799999	91.8871994	-2.2410002	0.2217657
29.3728008	91.8871994	-1.4473126	0.2451094
31.1655998	91.8871994	-1.1671876	0.0933750
32.9584007	91.8871994	-1.1088282	-0.0466875
34.7511978	91.8871994	0.0000000	0.0000000
36.5440025	91.8871994	0.0000000	0.0000000
38.3368034	91.8871994	0.0000000	0.0000000
40.1296005	91.8871994	-0.1634063	0.0233438
41.9224014	91.8871994	-0.1984219	0.0350156
43.7152023	91.8871994	-1.9375314	0.1750782
45.5079994	91.8871994	-1.8324845	0.1283906
47.3008003	91.8871994	-1.2372189	0.0817031
49.0936012	91.8871994	-1.3422657	0.0350156
50.8863983	91.8871994	-0.6069375	0.1634063
52.6791992	91.8871994	0.0000000	0.0000000
54.4720001	91.8871994	0.0000000	0.0000000
56.2648010	91.8871994	0.0000000	0.0000000
58.0576019	91.8871994	-0.4902188	0.0700313
59.8504028	91.8871994	-0.8637188	0.2451094
61.6432037	91.8871994	-0.7236563	0.1867500
63.4360008	91.8871994	-0.0350156	0.4085157
65.2288055	91.8871994	-0.0933750	0.6419532
67.0215988	91.8871994	-0.1400625	0.5835938
68.8144073	91.8871994	0.0000000	0.0000000
70.6072006	91.8871994	0.0000000	0.0000000
-1.1048000	93.6800003	0.0000000	0.0000000
0.6880000	93.6800003	0.0000000	0.0000000
2.4807999	93.6800003	0.0000000	0.0000000
4.2736001	93.6800003	0.0000000	0.0000000
6.0664001	93.6800003	-0.4785469	0.1050469
7.8592005	93.6800003	-0.6886407	0.1634063
9.6519995	93.6800003	-0.4318594	0.0583594
11.4448004	93.6800003	-0.1867500	0.0000000
13.2376003	93.6800003	-1.1905313	-0.1400625
15.0304003	93.6800003	-0.7703438	-0.6186094
16.8232002	93.6800003	-0.4085156	-0.3501563
18.6160011	93.6800003	-0.2217656	-0.5369063
20.4088001	93.6800003	-0.8987345	0.1283906
22.2015991	93.6800003	-0.2100938	0.0233438
23.9944019	93.6800003	-1.0854844	0.0933750
25.7872009	93.6800003	-1.4589845	1.4473127
27.5799999	93.6800003	-1.4006251	1.4239689
29.3728008	93.6800003	-0.7936875	0.1867500
31.1655998	93.6800003	-1.4356407	0.3501563
32.9584007	93.6800003	-1.2605625	0.0817031
34.7511978	93.6800003	-1.8324845	1.2839065
36.5440025	93.6800003	-0.7236563	0.3384844
38.3368034	93.6800003	-0.8287032	0.0350156
40.1296005	93.6800003	-0.2334375	0.0000000
41.9224014	93.6800003	-0.1167188	-0.0583594
43.7152023	93.6800003	-0.7353281	0.0000000
45.5079994	93.6800003	-1.2255470	0.2684532
47.3008003	93.6800003	-1.7741251	0.1984219
49.0936012	93.6800003	-1.6574063	0.2917969
50.8863983	93.6800003	-1.9375314	0.1400625
52.6791992	93.6800003	-2.1126094	0.0583594
54.4720001	93.6800003	-0.1400625	0.0000000
56.2648010	93.6800003	0.0583594	1.3189220
58.0576019	93.6800003	-0.3151406	1.2022033
59.8504028	93.6800003	0.0000000	0.0000000
61.6432037	93.6800003	-0.1984219	0.1283906
63.4360008	93.6800003	-0.5252344	0.1984219
65.2288055	93.6800003	-0.0700313	0.6769688
67.0215988	93.6800003	-0.1634063	0.5135626
68.8144073	93.6800003	0.0000000	0.0000000
70.6072006	93.6800003	0.0000000	0.0000000
-1.1048000	95.4728088	0.1167188	4.4820004
0.6880000	95.4728088	0.0000000	0.0000000
2.4807999	95.4728088	0.0000000	0.0000000
4.2736001	95.4728088	0.0000000	0.0000000
6.0664001	95.4728088	-0.3151406	1.4122970
7.8592005	95.4728088	-0.8053594	0.2100938
9.6519995	95.4728088	-0.5952656	0.0817031
11.4448004	95.4728088	-0.7003126	0.0466875
13.2376003	95.4728088	-0.8520469	-0.0700313
15.0304003	95.4728088	-0.7703438	-0.1167188
16.8232002	95.4728088	-0.4668750	-0.1167188
18.6160011	95.4728088	-0.6886407	-0.1167188
20.4088001	95.4728088	-1.0154532	0.0350156
22.2015991	95.4728088	-0.7119844	0.1050469
23.9944019	95.4728088	-1.5406876	1.2955782
25.7872009	95.4728088	-1.4356407	1.2839065
27.5799999	95.4728088	-1.6107188	1.4239689
29.3728008	95.4728088	-1.4823282	1.3422658
31.1655998	95.4728088	-1.1671876	1.2372189
32.9584007	95.4728088	-1.3072500	1.3889533
34.7511978	95.4728088	-0.7003126	0.1750782
36.5440025	95.4728088	-0.0233438	0.0116719
38.3368034	95.4728088	-0.7353281	0.0350156
40.1296005	95.4728088	-0.8403751	0.0116719
41.9224014	95.4728088	-0.6419532	1.3072501
43.7152023	95.4728088	-0.3735000	0.1050469
45.5079994	95.4728088	-0.2217656	0.2567813
47.3008003	95.4728088	-2.1592970	1.0154532
49.0936012	95.4728088	-2.1943126	0.8403751
50.8863983	95.4728088	-0.8170313	0.5835938
52.6791992	95.4728088	-0.7470000	0.3735000
54.4720001	95.4728088	-0.0933750	0.0933750
56.2648010	95.4728088	0.0000000	1.2255471
58.0576019	95.4728088	-0.9921094	1.4589846
59.8504028	95.4728088	-0.1517344	-0.0233438
61.6432037	95.4728088	-0.2917969	0.1283906
63.4360008	95.4728088	0.0233438	0.3735000
65.2288055	95.4728088	0.0116719	0.6069376
67.0215988	95.4728088	-0.1400625	0.8287032
68.8144073	95.4728088	0.0000000	1.0154532
70.6072006	95.4728088	0.0000000	0.0000000
-1.1048000	97.2656021	0.0000000	0.0000000
0.6880000	97.2656021	0.0000000	0.0000000
2.4807999	97.2656021	0.0000000	0.0000000
4.2736001	97.2656021	0.0000000	0.0000000
6.0664001	97.2656021	-0.2451094	1.2839065
7.8592005	97.2656021	-0.5952656	0.0700313
9.6519995	97.2656021	-0.7119844	0.0466875
11.4448004	97.2656021	-0.7470000	0.0116719
13.2376003	97.2656021	-0.7936875	-0.0466875
15.0304003	97.2656021	-0.9104063	0.0466875
16.8232002	97.2656021	-0.7470000	-0.0116719
18.6160011	97.2656021	-0.7003126	0.0583594
20.4088001	97.2656021	-0.8987345	0.0466875
22.2015991	97.2656021	-1.0854844	0.2801250
23.9944019	97.2656021	-0.8753906	0.1634063
25.7872009	97.2656021	0.0000000	0.0000000
27.5799999	97.2656021	-1.1321720	0.1867500
29.3728008	97.2656021	-0.8987345	0.2684532
31.1655998	97.2656021	-0.6186094	0.1283906
32.9584007	97.2656021	-0.6302813	0.0233438
34.7511978	97.2656021	-0.4552031	0.0350156
36.5440025	97.2656021	0.0350156	0.0000000
38.3368034	97.2656021	0.1050469	0.0466875
40.1296005	97.2656021	-0.7003126	0.8287032
41.9224014	97.2656021	-1.5406876	-1.4823283
43.7152023	97.2656021	-0.8987345	0.0466875
45.5079994	97.2656021	-0.1517344	0.0233438
47.3008003	97.2656021	-2.1359532	1.3189220
49.0936012	97.2656021	-2.2760158	1.1671877
50.8863983	97.2656021	-1.5640314	0.9921095
52.6791992	97.2656021	-2.0775938	0.0350156
54.4720001	97.2656021	1.1555157	-0.0933750
56.2648010	97.2656021	0.2100938	-0.0583594
58.0576019	97.2656021	-0.7470000	1.4356408
59.8504028	97.2656021	0.0000000	0.0233438
61.6432037	97.2656021	0.4318594	0.3268125
63.4360008	97.2656021	-0.0233438	0.7936876
65.2288055	97.2656021	-0.0700313	1.2022033
67.0215988	97.2656021	-0.0700313	1.2839065
68.8144073	97.2656021	0.0000000	0.0000000
70.6072006	97.2656021	0.0000000	0.0000000
-1.1048000	99.0584030	0.0000000	0.0000000
0.6880000	99.0584030	0.0000000	0.0000000
2.4807999	99.0584030	0.0000000	0.0000000
4.2736001	99.0584030	0.0000000	0.0000000
6.0664001	99.0584030	-0.2451094	1.4356408
7.8592005	99.0584030	-0.8870625	1.3305939
9.6519995	99.0584030	-0.5952656	0.3034688
11.4448004	99.0584030	-0.3151406	0.4552032
13.2376003	99.0584030	-0.9454219	0.0233438
15.0304003	99.0584030	-0.9104063	-0.0233438
16.8232002	99.0584030	-0.3851719	-0.0583594
18.6160011	99.0584030	-0.4668750	0.1517344
20.4088001	99.0584030	-0.6886407	0.0466875
22.2015991	99.0584030	-0.8053594	0.5252345
23.9944019	99.0584030	-0.9921094	0.6886407
25.7872009	99.0584030	-1.2372189	0.0233438
27.5799999	99.0584030	-0.7236563	0.0933750
29.3728008	99.0584030	-1.5290157	1.4589846
31.1655998	99.0584030	-0.3384844	0.0116719
32.9584007	99.0584030	-0.6769688	0.1283906
34.7511978	99.0584030	-0.7119844	0.0000000
36.5440025	99.0584030	-0.8053594	0.0116719
38.3368034	99.0584030	-0.2567813	-0.0233438
40.1296005	99.0584030	0.5135625	0.0583594
41.9224014	99.0584030	-1.0154532	0.0116719
43.7152023	99.0584030	-1.4122969	0.0817031
45.5079994	99.0584030	-1.9492033	0.7820157
47.3008003	99.0584030	-2.8245938	-0.0233438
49.0936012	99.0584030	-0.7003126	0.2451094
50.8863983	99.0584030	-1.4239688	0.9220783
52.6791992	99.0584030	0.0000000	0.0000000
54.4720001	99.0584030	-0.6069375	0.7703438
56.2648010	99.0584030	-0.4201875	0.9570939
58.0576019	99.0584030	-0.0933750	0.2451094
59.8504028	99.0584030	-0.1750781	0.0350156
61.6432037	99.0584030	-0.0933750	0.0700313
63.4360008	99.0584030	0.0933750	0.4552032
65.2288055	99.0584030	-0.3735000	1.3189220
67.0215988	99.0584030	-0.3034688	1.2372189
68.8144073	99.0584030	0.0000000	0.0000000
70.6072006	99.0584030	0.0000000	0.0000000
-1.1048000	100.8512039	0.0000000	0.0000000
0.6880000	100.8512039	0.0000000	0.0000000
2.4807999	100.8512039	0.0000000	0.0000000
4.2736001	100.8512039	-0.0350156	1.4356408
6.0664001	100.8512039	-0.1634063	1.4006252
7.8592005	100.8512039	-0.3851719	1.3072501
9.6519995	100.8512039	-0.6886407	0.1984219
11.4448004	100.8512039	-0.7470000	0.1867500
13.2376003	100.8512039	-0.8403751	-0.1634063
15.0304003	100.8512039	-1.1788595	-0.0233438
16.8232002	100.8512039	-0.8170313	-0.0817031
18.6160011	100.8512039	-0.5135625	-0.0350156
20.4088001	100.8512039	-0.2917969	-0.0116719
22.2015991	100.8512039	-0.6769688	0.7236564
23.9944019	100.8512039	-0.8520469	1.3305939
25.7872009	100.8512039	-1.0738126	0.1634063
27.5799999	100.8512039	-0.9454219	0.0583594
29.3728008	100.8512039	-1.6340625	1.5056721
31.1655998	100.8512039	-0.6536250	0.0350156
32.9584007	100.8512039	-1.5523595	0.1867500
34.7511978	100.8512039	-1.1788595	0.1283906
36.5440025	100.8512039	-0.7470000	0.1283906
38.3368034	100.8512039	-0.8287032	0.1517344
40.1296005	100.8512039	-0.6069375	0.3151407
41.9224014	100.8512039	-0.0583594	3.6182818
43.7152023	100.8512039	-1.3189219	1.3072501
45.5079994	100.8512039	-1.3889532	0.8170314
47.3008003	100.8512039	-1.4823282	0.6069376
49.0936012	100.8512039	0.1984219	1.2022033
50.8863983	100.8512039	-0.4085156	0.1050469
52.6791992	100.8512039	-0.2100938	0.5952657
54.4720001	100.8512039	-0.0817031	0.1750782
56.2648010	100.8512039	-0.0350156	0.1984219
58.0576019	100.8512039	-0.0466875	0.3034688
59.8504028	100.8512039	-0.1517344	0.2334375
61.6432037	100.8512039	-0.0233438	0.4785469
63.4360008	100.8512039	0.1167188	1.0154532
65.2288055	100.8512039	0.0000000	1.3072501
67.0215988	100.8512039	0.0116719	1.3656095
68.8144073	100.8512039	0.0000000	0.0000000
70.6072006	100.8512039	0.0000000	0.0000000
-1.1048000	102.6440048	0.0000000	0.0000000
0.6880000	102.6440048	0.0000000	0.0000000
2.4807999	102.6440048	0.0000000	0.0000000
4.2736001	102.6440048	-0.0583594	1.4356408
6.0664001	102.6440048	-1.0504688	1.5173440
7.8592005	102.6440048	-0.9570938	1.2372189
9.6519995	102.6440048	-0.7586719	0.1517344
11.4448004	102.6440048	-0.6536250	0.0933750
13.2376003	102.6440048	-0.5952656	-0.1634063
15.0304003	102.6440048	-0.8753906	-0.1750782
16.8232002	102.6440048	-1.1205001	0.0350156
18.6160011	102.6440048	-0.6302813	0.0350156
20.4088001	102.6440048	-0.0933750	-0.1634063
22.2015991	102.6440048	-0.7586719	1.2839065
23.9944019	102.6440048	-1.4589845	1.3189220
25.7872009	102.6440048	-1.5757033	1.1671877
27.5799999	102.6440048	-1.4356407	1.5173440
29.3728008	102.6440048	-0.7003126	1.6107190
31.1655998	102.6440048	-0.5719219	1.1671877
32.9584007	102.6440048	-1.3889532	1.0971564
34.7511978	102.6440048	-0.2917969	0.8637189
36.5440025	102.6440048	-1.1321720	0.2217657
38.3368034	102.6440048	-1.1205001	0.0233438
40.1296005	102.6440048	-0.7003126	0.6069376
41.9224014	102.6440048	-1.4356407	1.3656095
43.7152023	102.6440048	2.9763284	-1.5523596
45.5079994	102.6440048	-1.3889532	1.4823283
47.3008003	102.6440048	-0.7820157	1.3889533
49.0936012	102.6440048	-0.1400625	0.1167188
50.8863983	102.6440048	-0.1984219	0.2684532
52.6791992	102.6440048	0.0350156	0.1750782
54.4720001	102.6440048	0.0233438	0.2801250
56.2648010	102.6440048	-0.0933750	0.3268125
58.0576019	102.6440048	-0.1984219	0.6186094
59.8504028	102.6440048	-0.2801250	0.5602500
61.6432037	102.6440048	-0.0116719	0.5835938
63.4360008	102.6440048	-0.1634063	1.1088283
65.2288055	102.6440048	-0.4201875	1.3305939
67.0215988	102.6440048	-0.5018907	0.2100938
68.8144073	102.6440048	0.0000000	0.0000000
70.6072006	102.6440048	0.0000000	0.0000000
-1.1048000	104.4367981	0.0000000	0.0000000
0.6880000	104.4367981	0.0000000	0.0000000
2.4807999	104.4367981	0.0000000	0.0000000
4.2736001	104.4367981	0.0000000	0.0000000
6.0664001	104.4367981	-0.8987345	1.4589846
7.8592005	104.4367981	-0.8403751	1.3422658
9.6519995	104.4367981	-0.6069375	0.3384844
11.4448004	104.4367981	-0.8753906	0.0583594
13.2376003	104.4367981	-0.7353281	-0.1050469
15.0304003	104.4367981	-0.6652969	-0.1167188
16.8232002	104.4367981	-0.8053594	-0.0116719
18.6160011	104.4367981	-0.4902188	0.0233438
20.4088001	104.4367981	-0.1167188	-0.2217657
22.2015991	104.4367981	-0.5485781	0.6302813
23.9944019	104.4367981	-0.9687657	1.2138752
25.7872009	104.4367981	-1.1088282	1.1555158
27.5799999	104.4367981	-0.9454219	1.2022033
29.3728008	104.4367981	-1.2138751	1.5290158
31.1655998	104.4367981	-0.8403751	1.4706564
32.9584007	104.4367981	0.1634063	0.4785469
34.7511978	104.4367981	0.1167188	0.1517344
36.5440025	104.4367981	-0.3384844	0.0233438
38.3368034	104.4367981	-1.3422657	0.0233438
40.1296005	104.4367981	-1.8324845	1.3539376
41.9224014	104.4367981	-1.5990469	1.3889533
43.7152023	104.4367981	-1.0387969	1.5873752
45.5079994	104.4367981	-0.8403751	1.4239689
47.3008003	104.4367981	0.0000000	0.0000000
49.0936012	104.4367981	0.1283906	0.0466875
50.8863983	104.4367981	0.1167188	0.0350156
52.6791992	104.4367981	0.1050469	0.2567813
54.4720001	104.4367981	0.0817031	0.1400625
56.2648010	104.4367981	-0.0817031	0.2334375
58.0576019	104.4367981	-0.3618281	0.8753908
59.8504028	104.4367981	-0.2567813	0.7119845
61.6432037	104.4367981	0.0583594	0.8987345
63.4360008	104.4367981	0.0000000	0.0000000
65.2288055	104.4367981	-0.1517344	1.2255471
67.0215988	104.4367981	0.0000000	0.0000000
68.8144073	104.4367981	0.0000000	0.0000000
70.6072006	104.4367981	0.0000000	0.0000000
-1.1048000	106.2296066	0.0000000	0.0000000
0.6880000	106.2296066	0.0000000	0.0000000
2.4807999	106.2296066	0.0000000	0.0000000
4.2736001	106.2296066	0.0000000	0.0000000
6.0664001	106.2296066	-1.0387969	1.4940002
7.8592005	106.2296066	0.1400625	0.2217657
9.6519995	106.2296066	-0.1167188	1.2605627
11.4448004	106.2296066	-0.7236563	0.1400625
13.2376003	106.2296066	-0.5952656	-0.0233438
15.0304003	106.2296066	-0.4902188	-0.0933750
16.8232002	106.2296066	-0.6419532	-0.1167188
18.6160011	106.2296066	-0.8053594	0.0350156
20.4088001	106.2296066	-1.2372189	0.0233438
22.2015991	106.2296066	-0.6419532	0.9921095
23.9944019	106.2296066	-1.0154532	1.3072501
25.7872009	106.2296066	-0.7353281	1.2255471
27.5799999	106.2296066	-1.0504688	1.4823283
29.3728008	106.2296066	-0.1517344	1.5056721
31.1655998	106.2296066	-0.1283906	1.0037814
32.9584007	106.2296066	0.2567813	0.6186094
34.7511978	106.2296066	0.0466875	0.2684532
36.5440025	106.2296066	-0.1283906	0.2917969
38.3368034	106.2296066	-0.2451094	0.5485782
40.1296005	106.2296066	-0.9570938	0.1050469
41.9224014	106.2296066	-0.6419532	0.8987345
43.7152023	106.2296066	0.0000000	0.0000000
45.5079994	106.2296066	-0.1283906	0.0817031
47.3008003	106.2296066	-0.7586719	0.1867500
49.0936012	106.2296066	-0.6419532	0.1167188
50.8863983	106.2296066	-0.0817031	0.2217657
52.6791992	106.2296066	0.4201875	0.0933750
54.4720001	106.2296066	0.2917969	0.7119845
56.2648010	106.2296066	0.1050469	0.6886407
58.0576019	106.2296066	-0.0350156	0.2100938
59.8504028	106.2296066	-0.1400625	0.0233438
61.6432037	106.2296066	-0.1984219	0.6186094
63.4360008	106.2296066	-0.0233438	0.4435313
65.2288055	106.2296066	0.0233438	0.8520470
67.0215988	106.2296066	-0.1050469	1.1905314
68.8144073	106.2296066	0.0350156	1.0738126
70.6072006	106.2296066	0.0000000	0.0000000
-1.1048000	108.0223999	0.0000000	0.0000000
0.6880000	108.0223999	0.0000000	0.0000000
2.4807999	108.0223999	0.0000000	0.0000000
4.2736001	108.0223999	-0.0233438	1.4589846
6.0664001	108.0223999	0.8987345	0.0933750
7.8592005	108.0223999	0.0817031	1.4006252
9.6519995	108.0223999	-0.0933750	1.3772814
11.4448004	108.0223999	-0.3851719	0.5135626
13.2376003	108.0223999	-0.5252344	0.0817031
15.0304003	108.0223999	-0.5018907	0.0000000
16.8232002	108.0223999	-0.2684532	-0.0233438
18.6160011	108.0223999	-0.1283906	-0.0700313
20.4088001	108.0223999	-0.1867500	-0.0233438
22.2015991	108.0223999	-0.6536250	0.6536251
23.9944019	108.0223999	-0.3735000	0.2334375
25.7872009	108.0223999	-0.1750781	0.2100938
27.5799999	108.0223999	-0.0933750	0.2801250
29.3728008	108.0223999	0.0000000	0.1634063
31.1655998	108.0223999	0.0933750	0.3618282
32.9584007	108.0223999	0.0700313	0.6652970
34.7511978	108.0223999	-0.0583594	0.7703438
36.5440025	108.0223999	-0.1167188	0.9220783
38.3368034	108.0223999	-0.1050469	0.9104064
40.1296005	108.0223999	-0.3151406	0.7236564
41.9224014	108.0223999	0.0000000	0.0000000
43.7152023	108.0223999	-0.2917969	0.0466875
45.5079994	108.0223999	0.0000000	0.0000000
47.3008003	108.0223999	-0.1050469	0.1750782
49.0936012	108.0223999	0.2567813	0.0233438
50.8863983	108.0223999	0.0233438	1.1671877
52.6791992	108.0223999	0.8987345	0.1167188
54.4720001	108.0223999	0.2100938	1.2722346
56.2648010	108.0223999	0.1050469	1.2372189
58.0576019	108.0223999	0.0933750	1.1905314
59.8504028	108.0223999	-0.0700313	1.1205001
61.6432037	108.0223999	-0.2451094	0.7703438
63.4360008	108.0223999	0.0000000	0.0000000
65.2288055	108.0223999	0.0000000	0.0116719
67.0215988	108.0223999	0.2451094	0.3384844
68.8144073	108.0223999	0.0000000	0.4668751
70.6072006	108.0223999	0.0000000	0.0000000
-1.1048000	109.8152008	0.0000000	0.0000000
0.6880000	109.8152008	0.0000000	0.0000000
2.4807999	109.8152008	0.0000000	0.0000000
4.2736001	109.8152008	-0.0233438	1.6340628
6.0664001	109.8152008	-0.3851719	1.4823283
7.8592005	109.8152008	-0.1517344	1.2372189
9.6519995	109.8152008	0.0933750	1.3656095
11.4448004	109.8152008	-0.0466875	1.2839065
13.2376003	109.8152008	-0.3268125	0.3034688
15.0304003	109.8152008	-0.5835938	0.1517344
16.8232002	109.8152008	-0.3034688	0.1050469
18.6160011	109.8152008	-0.2100938	-0.2217657
20.4088001	109.8152008	-0.1283906	-0.1167188
22.2015991	109.8152008	-0.4785469	0.2684532
23.9944019	109.8152008	-0.1517344	0.0817031
25.7872009	109.8152008	-0.2451094	0.1167188
27.5799999	109.8152008	-0.0466875	0.2917969
29.3728008	109.8152008	-0.0233438	0.2217657
31.1655998	109.8152008	-0.0583594	0.6769688
32.9584007	109.8152008	-0.2334375	0.7353282
34.7511978	109.8152008	-0.1283906	1.1321720
36.5440025	109.8152008	-0.0700313	0.6652970
38.3368034	109.8152008	-0.0116719	0.6886407
40.1296005	109.8152008	-0.0700313	0.7236564
41.9224014	109.8152008	-0.3034688	1.2138752
43.7152023	109.8152008	-0.1634063	1.1321720
45.5079994	109.8152008	-0.0700313	1.0738126
47.3008003	109.8152008	0.0466875	1.0154532
49.0936012	109.8152008	0.1867500	0.8170314
50.8863983	109.8152008	0.2217656	1.0854845
52.6791992	109.8152008	0.0000000	0.0000000
54.4720001	109.8152008	0.0233438	-0.5719219
56.2648010	109.8152008	0.3034688	1.3422658
58.0576019	109.8152008	0.0700313	1.2955782
59.8504028	109.8152008	-0.3618281	0.6536251
61.6432037	109.8152008	-0.1283906	0.7936876
63.4360008	109.8152008	-0.2334375	0.3501563
65.2288055	109.8152008	0.0350156	0.0933750
67.0215988	109.8152008	0.0933750	0.2801250
68.8144073	109.8152008	-0.0116719	0.9570939
70.6072006	109.8152008	0.0000000	0.0000000
-1.1048000	111.6080093	0.0000000	0.0000000
0.6880000	111.6080093	0.0000000	0.0000000
2.4807999	111.6080093	0.0000000	0.0000000
4.2736001	111.6080093	-0.0116719	2.6378441
6.0664001	111.6080093	-0.3034688	1.3539376
7.8592005	111.6080093	-0.2567813	1.2255471
9.6519995	111.6080093	0.0817031	1.5990471
11.4448004	111.6080093	0.1283906	1.5056721
13.2376003	111.6080093	-0.4902188	0.1984219
15.0304003	111.6080093	-0.4552031	-0.0466875
16.8232002	111.6080093	-0.5835938	-0.0933750
18.6160011	111.6080093	-0.5835938	-0.5602500
20.4088001	111.6080093	-0.2801250	0.0116719
22.2015991	111.6080093	0.0116719	-0.0116719
23.9944019	111.6080093	0.0000000	0.1517344
25.7872009	111.6080093	-0.0233438	0.1984219
27.5799999	111.6080093	-0.0116719	0.5252345
29.3728008	111.6080093	0.3735000	0.2684532
31.1655998	111.6080093	0.2684532	0.1517344
32.9584007	111.6080093	0.0583594	0.5252345
34.7511978	111.6080093	-0.2567813	0.2217657
36.5440025	111.6080093	-0.0116719	0.6302813
38.3368034	111.6080093	-0.1167188	0.7470001
40.1296005	111.6080093	-0.0350156	0.8287032
41.9224014	111.6080093	0.0466875	0.7820157
43.7152023	111.6080093	0.0466875	0.8637189
45.5079994	111.6080093	-0.0116719	0.6769688
47.3008003	111.6080093	0.2567813	0.1750782
49.0936012	111.6080093	0.1750781	0.6652970
50.8863983	111.6080093	0.3034688	1.4356408
52.6791992	111.6080093	0.5135625	1.2022033
54.4720001	111.6080093	0.7586719	0.8287032
56.2648010	111.6080093	-0.0116719	1.0271251
58.0576019	111.6080093	-0.0700313	1.3305939
59.8504028	111.6080093	-0.4552031	0.0350156
61.6432037	111.6080093	-0.0466875	2.6495159
63.4360008	111.6080093	0.1517344	0.5602500
65.2288055	111.6080093	-0.0583594	0.9570939
67.0215988	111.6080093	0.1517344	0.9687657
68.8144073	111.6080093	0.0000000	0.0000000
70.6072006	111.6080093	1.3072500	-1.5056721
-1.1048000	113.4008026	0.0000000	0.0000000
0.6880000	113.4008026	0.0000000	0.0000000
2.4807999	113.4008026	0.0000000	0.0000000
4.2736001	113.4008026	-0.1167188	1.4356408
6.0664001	113.4008026	-0.7003126	1.1321720
7.8592005	113.4008026	-0.6886407	0.8637189
9.6519995	113.4008026	-0.7003126	1.2138752
11.4448004	113.4008026	-0.7820157	0.1984219
13.2376003	113.4008026	-0.7119844	-0.0350156
15.0304003	113.4008026	-0.8053594	-0.1167188
16.8232002	113.4008026	-0.7353281	0.0350156
18.6160011	113.4008026	0.0933750	0.5135626
20.4088001	113.4008026	0.4201875	0.7470001
22.2015991	113.4008026	0.0116719	-0.2451094
23.9944019	113.4008026	0.5485781	-0.0116719
25.7872009	113.4008026	0.5369063	-0.0817031
27.5799999	113.4008026	0.4318594	-0.0116719
29.3728008	113.4008026	0.0466875	0.6419532
31.1655998	113.4008026	0.0700313	0.7470001
32.9584007	113.4008026	-0.0583594	0.7936876
34.7511978	113.4008026	-0.1167188	0.6886407
36.5440025	113.4008026	0.0350156	0.6886407
38.3368034	113.4008026	-0.0700313	0.4552032
40.1296005	113.4008026	0.0466875	0.7470001
41.9224014	113.4008026	0.2334375	0.6186094
43.7152023	113.4008026	0.2684532	0.7353282
45.5079994	113.4008026	0.1167188	0.8053595
47.3008003	113.4008026	0.2451094	0.6186094
49.0936012	113.4008026	0.0233438	0.3735000
50.8863983	113.4008026	0.4902188	1.3189220
52.6791992	113.4008026	0.8053594	1.2255471
54.4720001	113.4008026	0.0000000	0.0000000
56.2648010	113.4008026	0.5369063	0.1984219
58.0576019	113.4008026	0.0000000	0.7820157
59.8504028	113.4008026	0.1750781	0.2801250
61.6432037	113.4008026	-0.0116719	0.5602500
63.4360008	113.4008026	0.0350156	0.5018907
65.2288055	113.4008026	-0.0583594	0.6652970
67.0215988	113.4008026	0.0000000	0.6536251
68.8144073	113.4008026	0.0000000	0.9220783
70.6072006	113.4008026	0.0000000	0.0000000
-1.1048000	115.1936035	0.0000000	0.0000000
0.6880000	115.1936035	0.0000000	0.0000000
2.4807999	115.1936035	0.0000000	0.0000000
4.2736001	115.1936035	-0.0817031	2.6145003
6.0664001	115.1936035	-0.7353281	1.6924222
7.8592005	115.1936035	-0.5602500	1.2022033
9.6519995	115.1936035	-0.8870625	0.3034688
11.4448004	115.1936035	-0.8520469	0.1050469
13.2376003	115.1936035	-0.7586719	0.0350156
15.0304003	115.1936035	-0.7119844	-0.0116719
16.8232002	115.1936035	-0.6769688	0.1167188
18.6160011	115.1936035	-0.5369063	0.0466875
20.4088001	115.1936035	-0.0933750	-0.1050469
22.2015991	115.1936035	0.0000000	-0.3268125
23.9944019	115.1936035	-0.0933750	-0.1400625
25.7872009	115.1936035	0.0700313	0.0817031
27.5799999	115.1936035	0.2334375	0.0350156
29.3728008	115.1936035	-0.0116719	0.6536251
31.1655998	115.1936035	0.0000000	0.5952657
32.9584007	115.1936035	-0.0933750	0.7119845
34.7511978	115.1936035	-0.0700313	0.6186094
36.5440025	115.1936035	-0.3384844	0.6186094
38.3368034	115.1936035	-0.1167188	0.6886407
40.1296005	115.1936035	-0.0233438	0.7703438
41.9224014	115.1936035	0.2801250	0.5952657
43.7152023	115.1936035	0.3268125	0.8403751
45.5079994	115.1936035	0.0350156	0.7820157
47.3008003	115.1936035	-0.0116719	1.0504689
49.0936012	115.1936035	0.4085156	0.8870626
50.8863983	115.1936035	0.1050469	1.5873752
52.6791992	115.1936035	0.3501563	1.7040939
54.4720001	115.1936035	0.1400625	1.2488908
56.2648010	115.1936035	-0.0116719	1.3889533
58.0576019	115.1936035	0.1167188	1.1905314
59.8504028	115.1936035	0.1283906	1.2255471
61.6432037	115.1936035	-0.4668750	0.0583594
63.4360008	115.1936035	0.2567813	0.3151407
65.2288055	115.1936035	0.6302813	0.2100938
67.0215988	115.1936035	-0.0116719	0.4085157
68.8144073	115.1936035	0.0000000	0.0000000
70.6072006	115.1936035	0.0000000	0.0000000
-1.1048000	116.9864044	0.0000000	0.0000000
0.6880000	116.9864044	0.0000000	0.0000000
2.4807999	116.9864044	0.0000000	0.0000000
4.2736001	116.9864044	-0.0583594	1.4589846
6.0664001	116.9864044	2.0892658	-2.7662346
7.8592005	116.9864044	-1.2605625	1.1671877
9.6519995	116.9864044	-1.4006251	0.1517344
11.4448004	116.9864044	-0.7936875	0.1634063
13.2376003	116.9864044	-0.4201875	1.1321720
15.0304003	116.9864044	-0.1634063	-0.5952657
16.8232002	116.9864044	-0.3034688	-0.1283906
18.6160011	116.9864044	-0.1283906	-0.0933750
20.4088001	116.9864044	-0.0583594	-0.0933750
22.2015991	116.9864044	-0.0583594	-0.1400625
23.9944019	116.9864044	0.0700313	-0.1167188
25.7872009	116.9864044	0.0233438	0.0466875
27.5799999	116.9864044	-0.1167188	0.0933750
29.3728008	116.9864044	-0.0817031	0.5485782
31.1655998	116.9864044	-0.1050469	0.6302813
32.9584007	116.9864044	-0.1167188	0.5719219
34.7511978	116.9864044	0.0583594	0.1283906
36.5440025	116.9864044	-0.0583594	0.2567813
38.3368034	116.9864044	-0.0583594	0.3851719
40.1296005	116.9864044	-0.0817031	0.8287032
41.9224014	116.9864044	-0.0233438	1.0387970
43.7152023	116.9864044	0.1167188	0.9104064
45.5079994	116.9864044	-0.3384844	1.0854845
47.3008003	116.9864044	-0.2451094	1.4356408
49.0936012	116.9864044	-0.3735000	1.6574064
50.8863983	116.9864044	-0.0466875	1.6223909
52.6791992	116.9864044	0.0933750	0.7470001
54.4720001	116.9864044	0.0700313	0.1750782
56.2648010	116.9864044	0.0700313	0.4435313
58.0576019	116.9864044	0.1634063	0.3034688
59.8504028	116.9864044	0.0817031	0.2334375
61.6432037	116.9864044	0.6069375	0.0350156
63.4360008	116.9864044	0.0000000	0.0000000
65.2288055	116.9864044	1.0271250	-0.0466875
67.0215988	116.9864044	-0.5602500	0.1867500
68.8144073	116.9864044	0.0000000	0.0000000
70.6072006	116.9864044	0.0000000	0.0000000
-1.1048000	118.7792053	0.0000000	0.0000000
0.6880000	118.7792053	0.0000000	0.0000000
2.4807999	118.7792053	0.0000000	0.0000000
4.2736001	118.7792053	-0.0233438	2.7312191
6.0664001	118.7792053	-0.0233438	2.7779067
7.8592005	118.7792053	-1.6574063	1.3539376
9.6519995	118.7792053	-0.2684532	3.0697036
11.4448004	118.7792053	-1.3772813	0.0817031
13.2376003	118.7792053	-0.7003126	1.4356408
15.0304003	118.7792053	-0.5135625	1.4473127
16.8232002	118.7792053	0.0350156	0.0000000
18.6160011	118.7792053	0.0700313	0.0933750
20.4088001	118.7792053	-0.0466875	-0.0583594
22.2015991	118.7792053	0.0583594	-0.0700313
23.9944019	118.7792053	0.1984219	-0.0700313
25.7872009	118.7792053	0.3268125	0.0350156
27.5799999	118.7792053	-0.1050469	0.1517344
29.3728008	118.7792053	-0.1984219	0.5252345
31.1655998	118.7792053	-0.1050469	0.0116719
32.9584007	118.7792053	0.3851719	-0.0116719
34.7511978	118.7792053	0.2100938	0.1283906
36.5440025	118.7792053	0.2100938	0.1750782
38.3368034	118.7792053	0.3501563	0.4552032
40.1296005	118.7792053	-0.1400625	0.7820157
41.9224014	118.7792053	-0.0116719	0.7936876
43.7152023	118.7792053	0.0817031	0.8753908
45.5079994	118.7792053	0.0466875	0.6536251
47.3008003	118.7792053	0.3968438	0.0116719
49.0936012	118.7792053	-0.0466875	0.2217657
50.8863983	118.7792053	0.3501563	0.7470001
52.6791992	118.7792053	0.2100938	0.5369063
54.4720001	118.7792053	0.5135625	0.1634063
56.2648010	118.7792053	0.1167188	0.6652970
58.0576019	118.7792053	0.0116719	1.3539376
59.8504028	118.7792053	0.0700313	1.6340628
61.6432037	118.7792053	-0.0466875	1.3189220
63.4360008	118.7792053	0.0000000	0.0000000
65.2288055	118.7792053	-0.5485781	0.7003126
67.0215988	118.7792053	-0.6652969	0.4435313
68.8144073	118.7792053	0.0000000	0.0000000
70.6072006	118.7792053	0.0000000	0.0000000
-1.1048000	120.5719986	0.0000000	0.0000000
0.6880000	120.5719986	0.0000000	0.0000000
2.4807999	120.5719986	0.0233438	2.6495159
4.2736001	120.5719986	0.0233438	2.8829534
6.0664001	120.5719986	0.0233438	2.8946254
7.8592005	120.5719986	-1.4122969	2.2410002
9.6519995	120.5719986	-0.6186094	1.4706564
11.4448004	120.5719986	-1.2605625	0.8520470
13.2376003	120.5719986	-0.9454219	0.8170314
15.0304003	120.5719986	-0.0466875	0.3501563
16.8232002	120.5719986	0.0116719	0.2451094
18.6160011	120.5719986	0.0700313	0.0350156
20.4088001	120.5719986	0.0350156	-0.0583594
22.2015991	120.5719986	0.0350156	-0.0933750
23.9944019	120.5719986	0.2334375	-0.1984219
25.7872009	120.5719986	0.6536250	-0.0700313
27.5799999	120.5719986	0.1517344	0.6186094
29.3728008	120.5719986	-0.0583594	0.6069376
31.1655998	120.5719986	-0.2451094	0.1517344
32.9584007	120.5719986	0.1283906	0.0583594
34.7511978	120.5719986	0.0933750	0.2917969
36.5440025	120.5719986	0.3618281	0.3151407
38.3368034	120.5719986	0.0583594	0.7003126
40.1296005	120.5719986	-0.1167188	0.8870626
41.9224014	120.5719986	0.0233438	0.9220783
43.7152023	120.5719986	0.1167188	0.8053595
45.5079994	120.5719986	-0.5719219	0.9570939
47.3008003	120.5719986	-0.5719219	1.2255471
49.0936012	120.5719986	-0.2100938	0.9104064
50.8863983	120.5719986	0.3151406	0.4668751
52.6791992	120.5719986	0.3501563	0.2801250
54.4720001	120.5719986	0.8870625	0.2917969
56.2648010	120.5719986	0.5485781	0.1750782
58.0576019	120.5719986	0.1984219	2.0775940
59.8504028	120.5719986	-0.3034688	1.6107190
61.6432037	120.5719986	-0.1750781	1.1438439
63.4360008	120.5719986	-0.2801250	1.4356408
65.2288055	120.5719986	-0.3501563	1.3772814
67.0215988	120.5719986	-0.5369063	2.0892658
68.8144073	120.5719986	0.0000000	0.0000000
70.6072006	120.5719986	0.0000000	0.0000000
-1.1048000	122.3648071	0.0000000	0.0000000
0.6880000	122.3648071	0.0000000	0.0000000
2.4807999	122.3648071	0.0000000	0.0000000
4.2736001	122.3648071	0.0116719	3.0580316
6.0664001	122.3648071	-0.1984219	3.1163909
7.8592005	122.3648071	0.0000000	0.0000000
9.6519995	122.3648071	0.0000000	0.0000000
11.4448004	122.3648071	0.0000000	0.0000000
13.2376003	122.3648071	0.3034688	1.3656095
15.0304003	122.3648071	-0.0583594	0.5719219
16.8232002	122.3648071	-0.0116719	0.1400625
18.6160011	122.3648071	-0.0233438	-0.0466875
20.4088001	122.3648071	-0.0583594	-0.1167188
22.2015991	122.3648071	0.0350156	-0.2217657
23.9944019	122.3648071	0.0466875	-0.2334375
25.7872009	122.3648071	0.1517344	0.0817031
27.5799999	122.3648071	0.1167188	0.6886407
29.3728008	122.3648071	0.3268125	1.0387970
31.1655998	122.3648071	0.0933750	0.6536251
32.9584007	122.3648071	0.1167188	0.4552032
34.7511978	122.3648071	0.0233438	0.5252345
36.5440025	122.3648071	0.1400625	0.4902188
38.3368034	122.3648071	-0.0583594	0.5018907
40.1296005	122.3648071	0.0116719	0.7353282
41.9224014	122.3648071	0.0700313	0.8987345
43.7152023	122.3648071	0.1283906	0.8403751
45.5079994	122.3648071	-0.7003126	0.6186094
47.3008003	122.3648071	-0.5952656	0.4201876
49.0936012	122.3648071	-0.0116719	0.4785469
50.8863983	122.3648071	0.2100938	0.9454220
52.6791992	122.3648071	0.1283906	1.9025159
54.4720001	122.3648071	0.6652969	0.0700313
56.2648010	122.3648071	0.9104063	0.5602500
58.0576019	122.3648071	0.7236563	1.2605627
59.8504028	122.3648071	0.8520469	1.6690784
61.6432037	122.3648071	0.5719219	2.2760160
63.4360008	122.3648071	-0.1984219	1.4473127
65.2288055	122.3648071	-0.2684532	1.6223909
67.0215988	122.3648071	-0.1750781	1.9725472
68.8144073	122.3648071	0.0000000	0.8870626
70.6072006	122.3648071	0.0000000	0.0000000
-1.1048000	124.1576004	0.0000000	0.0000000
0.6880000	124.1576004	0.0000000	0.0000000
2.4807999	124.1576004	0.0000000	0.0000000
4.2736001	124.1576004	0.0000000	2.7312191
6.0664001	124.1576004	0.0933750	2.7545629
7.8592005	124.1576004	0.0000000	0.0000000
9.6519995	124.1576004	0.5485781	0.0466875
11.4448004	124.1576004	0.1867500	1.3189220
13.2376003	124.1576004	0.1517344	1.4006252
15.0304003	124.1576004	-0.1984219	0.7003126
16.8232002	124.1576004	-0.0116719	0.4318594
18.6160011	124.1576004	-0.1517344	-0.1050469
20.4088001	124.1576004	-0.4668750	0.5719219
22.2015991	124.1576004	0.0466875	-0.1750782
23.9944019	124.1576004	0.0817031	-0.0817031
25.7872009	124.1576004	0.0700313	0.1750782
27.5799999	124.1576004	-0.0583594	0.5835938
29.3728008	124.1576004	0.1283906	1.0738126
31.1655998	124.1576004	0.0000000	0.0000000
32.9584007	124.1576004	0.7470000	3.2797973
34.7511978	124.1576004	0.0700313	0.6652970
36.5440025	124.1576004	0.1400625	0.6886407
38.3368034	124.1576004	0.1400625	0.6769688
40.1296005	124.1576004	0.0817031	0.8870626
41.9224014	124.1576004	0.1283906	1.0037814
43.7152023	124.1576004	-0.1050469	1.2022033
45.5079994	124.1576004	-0.6419532	0.8170314
47.3008003	124.1576004	-0.5252344	0.5835938
49.0936012	124.1576004	-0.1400625	0.3735000
50.8863983	124.1576004	-0.0933750	0.4785469
52.6791992	124.1576004	0.2567813	0.9921095
54.4720001	124.1576004	0.2801250	0.2100938
56.2648010	124.1576004	0.5719219	0.7470001
58.0576019	124.1576004	0.2334375	1.3305939
59.8504028	124.1576004	0.7586719	1.5173440
61.6432037	124.1576004	-0.7936875	-0.0817031
63.4360008	124.1576004	0.6302813	1.9375315
65.2288055	124.1576004	0.2451094	1.6107190
67.0215988	124.1576004	0.0000000	0.0000000
68.8144073	124.1576004	0.0000000	0.0000000
70.6072006	124.1576004	0.0000000	0.0000000
-1.1048000	125.9504089	0.0000000	0.0000000
0.6880000	125.9504089	0.0000000	0.0000000
2.4807999	125.9504089	0.0700313	-2.9413128
4.2736001	125.9504089	0.0583594	2.7545629
6.0664001	125.9504089	0.1400625	3.1747503
7.8592005	125.9504089	0.2917969	2.7545629
9.6519995	125.9504089	1.3889532	0.1167188
11.4448004	125.9504089	0.9687657	0.2100938
13.2376003	125.9504089	-0.0350156	0.8287032
15.0304003	125.9504089	0.1750781	0.9687657
16.8232002	125.9504089	0.0583594	0.7936876
18.6160011	125.9504089	0.0116719	-0.0700313
20.4088001	125.9504089	0.1750781	-0.1283906
22.2015991	125.9504089	0.1517344	-0.0817031
23.9944019	125.9504089	0.0350156	0.0116719
25.7872009	125.9504089	0.0350156	0.4435313
27.5799999	125.9504089	-0.0700313	0.6769688
29.3728008	125.9504089	0.0817031	0.1984219
31.1655998	125.9504089	0.0817031	0.8753908
32.9584007	125.9504089	0.0000000	0.6069376
34.7511978	125.9504089	0.1984219	0.1517344
36.5440025	125.9504089	0.2100938	0.9220783
38.3368034	125.9504089	0.1167188	1.1555158
40.1296005	125.9504089	0.4552031	0.6652970
41.9224014	125.9504089	0.2100938	0.6886407
43.7152023	125.9504089	0.0233438	1.1438439
45.5079994	125.9504089	-0.6652969	0.2567813
47.3008003	125.9504089	-0.0583594	0.9570939
49.0936012	125.9504089	0.0700313	0.6069376
50.8863983	125.9504089	-0.1167188	0.3034688
52.6791992	125.9504089	0.0583594	0.4902188
54.4720001	125.9504089	0.3034688	0.2684532
56.2648010	125.9504089	0.1050469	0.8287032
58.0576019	125.9504089	0.0000000	0.0000000
59.8504028	125.9504089	0.7353281	1.3072501
61.6432037	125.9504089	-0.0466875	1.3422658
63.4360008	125.9504089	1.2839063	1.3889533
65.2288055	125.9504089	0.9570938	0.9337502
67.0215988	125.9504089	0.7003126	0.2451094
68.8144073	125.9504089	-0.1750781	0.8403751
70.6072006	125.9504089	0.0000000	0.0000000
-1.1048000	127.7432022	0.0000000	0.0000000
0.6880000	127.7432022	0.0000000	0.0000000
2.4807999	127.7432022	0.0000000	0.0000000
4.2736001	127.7432022	0.1167188	2.2526722
6.0664001	127.7432022	0.0817031	1.3072501
7.8592005	127.7432022	0.0116719	1.1088283
9.6519995	127.7432022	0.0700313	1.2255471
11.4448004	127.7432022	0.1050469	1.1905314
13.2376003	127.7432022	0.1283906	1.4239689
15.0304003	127.7432022	0.2567813	1.4122970
16.8232002	127.7432022	0.0000000	0.6186094
18.6160011	127.7432022	0.2334375	0.0583594
20.4088001	127.7432022	0.1050469	-0.1400625
22.2015991	127.7432022	0.0116719	-0.1634063
23.9944019	127.7432022	0.0350156	0.0233438
25.7872009	127.7432022	0.0116719	0.2684532
27.5799999	127.7432022	0.0000000	0.5952657
29.3728008	127.7432022	-0.0116719	0.7003126
31.1655998	127.7432022	-0.1867500	0.9570939
32.9584007	127.7432022	-0.0350156	0.8287032
34.7511978	127.7432022	0.3268125	0.1517344
36.5440025	127.7432022	0.0583594	0.4318594
38.3368034	127.7432022	0.1867500	1.0037814
40.1296005	127.7432022	0.5018907	1.1788595
41.9224014	127.7432022	0.5719219	1.0387970
43.7152023	127.7432022	0.3501563	1.2138752
45.5079994	127.7432022	-0.2100938	0.5952657
47.3008003	127.7432022	0.1634063	0.0466875
49.0936012	127.7432022	0.4552031	0.1984219
50.8863983	127.7432022	0.0000000	0.5485782
52.6791992	127.7432022	0.1283906	0.0350156
54.4720001	127.7432022	0.2684532	0.2801250
56.2648010	127.7432022	-0.1517344	0.8170314
58.0576019	127.7432022	0.0000000	0.8520470
59.8504028	127.7432022	0.1283906	2.7545629
61.6432037	127.7432022	-0.1283906	-0.5602500
63.4360008	127.7432022	1.2372189	0.0000000
65.2288055	127.7432022	-0.2100938	-0.0583594
67.0215988	127.7432022	1.0154532	1.9608753
68.8144073	127.7432022	-0.1050469	0.8403751
70.6072006	127.7432022	-0.8870625	4.4936724
-1.1048000	129.5359955	0.0000000	0.0000000
0.6880000	129.5359955	0.0000000	0.0000000
2.4807999	129.5359955	0.0000000	0.0000000
4.2736001	129.5359955	0.0350156	1.4473127
6.0664001	129.5359955	0.2100938	1.4473127
7.8592005	129.5359955	0.0933750	1.4239689
9.6519995	129.5359955	-0.0583594	1.0971564
11.4448004	129.5359955	0.0000000	1.4823283
13.2376003	129.5359955	0.0116719	1.7274377
15.0304003	129.5359955	0.1984219	1.6107190
16.8232002	129.5359955	0.4668750	0.1517344
18.6160011	129.5359955	0.2217656	0.1050469
20.4088001	129.5359955	0.2334375	-0.0233438
22.2015991	129.5359955	0.1050469	-0.0817031
23.9944019	129.5359955	0.0700313	0.0350156
25.7872009	129.5359955	0.0000000	0.2334375
27.5799999	129.5359955	-0.0466875	0.7470001
29.3728008	129.5359955	-0.2100938	0.8287032
31.1655998	129.5359955	-0.0933750	0.7936876
32.9584007	129.5359955	-0.0116719	0.7936876
34.7511978	129.5359955	-0.1283906	0.4085157
36.5440025	129.5359955	-0.0350156	0.5602500
38.3368034	129.5359955	0.0700313	0.7236564
40.1296005	129.5359955	0.0933750	0.6886407
41.9224014	129.5359955	0.3501563	0.5602500
43.7152023	129.5359955	0.6302813	1.2372189
45.5079994	129.5359955	0.3735000	0.1050469
47.3008003	129.5359955	0.1167188	-0.0700313
49.0936012	129.5359955	0.0000000	-0.0350156
50.8863983	129.5359955	0.0700313	0.4201876
52.6791992	129.5359955	0.0000000	0.0700313
54.4720001	129.5359955	-0.0116719	2.7312191
56.2648010	129.5359955	0.1750781	2.0775940
58.0576019	129.5359955	0.0000000	0.0000000
59.8504028	129.5359955	0.5369063	0.7470001
61.6432037	129.5359955	0.0933750	0.7003126
63.4360008	129.5359955	-0.5719219	1.3656095
65.2288055	129.5359955	-0.0116719	2.6728597
67.0215988	129.5359955	0.1634063	2.6962035
68.8144073	129.5359955	0.0000000	0.0000000
70.6072006	129.5359955	0.0000000	0.0000000
-1.1048000	131.3288116	0.0000000	0.0000000
0.6880000	131.3288116	0.0000000	0.0000000
2.4807999	131.3288116	0.0000000	0.0000000
4.2736001	131.3288116	0.0350156	1.5173440
6.0664001	131.3288116	0.1517344	1.2255471
7.8592005	131.3288116	0.0350156	1.4706564
9.6519995	131.3288116	-0.1050469	1.0037814
11.4448004	131.3288116	-0.0466875	1.3889533
13.2376003	131.3288116	0.0700313	1.5173440
15.0304003	131.3288116	0.4085156	1.3305939
16.8232002	131.3288116	0.1984219	0.3618282
18.6160011	131.3288116	0.1283906	0.1167188
20.4088001	131.3288116	0.2100938	0.0116719
22.2015991	131.3288116	0.1517344	-0.0700313
23.9944019	131.3288116	0.1283906	-0.0116719
25.7872009	131.3288116	0.1634063	0.1167188
27.5799999	131.3288116	0.1867500	0.5952657
29.3728008	131.3288116	0.0700313	1.1205001
31.1655998	131.3288116	0.1400625	0.8753908
32.9584007	131.3288116	0.0700313	0.1634063
34.7511978	131.3288116	-0.1400625	0.5602500
36.5440025	131.3288116	-0.2334375	0.5719219
38.3368034	131.3288116	0.5018907	-0.0466875
40.1296005	131.3288116	0.0233438	0.2100938
41.9224014	131.3288116	-0.1167188	0.2801250
43.7152023	131.3288116	0.8170313	1.1438439
45.5079994	131.3288116	0.8287032	1.4940002
47.3008003	131.3288116	0.1167188	0.3501563
49.0936012	131.3288116	0.0000000	-0.0350156
50.8863983	131.3288116	-0.1867500	0.4902188
52.6791992	131.3288116	0.0000000	0.0000000
54.4720001	131.3288116	0.0000000	0.0000000
56.2648010	131.3288116	-4.1435161	2.1242816
58.0576019	131.3288116	0.6302813	1.0738126
59.8504028	131.3288116	0.3268125	0.5835938
61.6432037	131.3288116	-0.7470000	1.3189220
63.4360008	131.3288116	0.1283906	0.1984219
65.2288055	131.3288116	0.0350156	1.3305939
67.0215988	131.3288116	-0.1634063	0.7936876
68.8144073	131.3288116	-0.0466875	0.9337502
70.6072006	131.3288116	0.0000000	0.0000000
-1.1048000	133.1216125	0.0000000	0.0000000
0.6880000	133.1216125	0.0000000	0.0000000
2.4807999	133.1216125	0.0000000	0.0000000
4.2736001	133.1216125	0.0116719	1.3889533
6.0664001	133.1216125	0.0466875	1.6924222
7.8592005	133.1216125	0.2451094	0.8637189
9.6519995	133.1216125	0.0116719	0.9804376
11.4448004	133.1216125	-0.1400625	0.6652970
13.2376003	133.1216125	-0.0933750	0.7936876
15.0304003	133.1216125	0.0700313	0.5835938
16.8232002	133.1216125	0.0583594	0.5719219
18.6160011	133.1216125	0.2100938	0.2567813
20.4088001	133.1216125	0.3384844	0.1167188
22.2015991	133.1216125	0.0583594	0.2451094
23.9944019	133.1216125	0.1167188	0.0700313
25.7872009	133.1216125	0.3034688	0.0817031
27.5799999	133.1216125	0.1167188	0.1867500
29.3728008	133.1216125	0.2100938	0.7119845
31.1655998	133.1216125	0.3268125	0.8053595
32.9584007	133.1216125	0.0933750	0.5602500
34.7511978	133.1216125	0.2217656	0.7703438
36.5440025	133.1216125	0.0817031	0.4435313
38.3368034	133.1216125	0.1867500	0.3618282
40.1296005	133.1216125	0.1750781	0.0350156
41.9224014	133.1216125	0.1050469	0.0116719
43.7152023	133.1216125	0.0000000	0.6302813
45.5079994	133.1216125	0.6886407	1.5056721
47.3008003	133.1216125	0.5252344	0.7820157
49.0936012	133.1216125	0.1400625	0.4318594
50.8863983	133.1216125	-0.7003126	0.5835938
52.6791992	133.1216125	-0.8753906	0.4085157
54.4720001	133.1216125	-0.2334375	0.3851719
56.2648010	133.1216125	-0.5252344	0.7703438
58.0576019	133.1216125	0.0116719	1.0504689
59.8504028	133.1216125	-0.0700313	1.2839065
61.6432037	133.1216125	-0.5602500	1.0854845
63.4360008	133.1216125	-0.6302813	0.6652970
65.2288055	133.1216125	-0.5952656	0.6419532
67.0215988	133.1216125	-0.4785469	0.5835938
68.8144073	133.1216125	-0.0233438	3.4315317
70.6072006	133.1216125	-0.4201875	-1.4823283
-1.1048000	134.9143982	0.0000000	0.0000000
0.6880000	134.9143982	0.0000000	0.0000000
2.4807999	134.9143982	0.0000000	0.9454220
4.2736001	134.9143982	0.0233438	1.0154532
6.0664001	134.9143982	0.1400625	1.4706564
7.8592005	134.9143982	0.2801250	0.7936876
9.6519995	134.9143982	0.1050469	0.3501563
11.4448004	134.9143982	0.1984219	1.0738126
13.2376003	134.9143982	0.0116719	0.6652970
15.0304003	134.9143982	0.0116719	0.3851719
16.8232002	134.9143982	-0.0116719	0.1517344
18.6160011	134.9143982	0.3735000	0.2217657
20.4088001	134.9143982	0.4785469	0.1867500
22.2015991	134.9143982	0.0350156	0.0116719
23.9944019	134.9143982	0.2917969	-0.0233438
25.7872009	134.9143982	0.3968438	-0.0116719
27.5799999	134.9143982	0.1167188	0.7353282
29.3728008	134.9143982	0.3034688	0.8870626
31.1655998	134.9143982	0.5369063	0.7470001
32.9584007	134.9143982	0.4902188	0.6069376
34.7511978	134.9143982	0.6069375	0.8520470
36.5440025	134.9143982	0.4201875	0.6186094
38.3368034	134.9143982	0.0466875	0.5252345
40.1296005	134.9143982	0.1867500	0.1050469
41.9224014	134.9143982	0.3268125	0.0466875
43.7152023	134.9143982	0.1517344	0.6652970
45.5079994	134.9143982	0.5252344	1.0621408
47.3008003	134.9143982	0.6419532	0.5952657
49.0936012	134.9143982	0.0233438	0.3384844
50.8863983	134.9143982	-0.9337500	0.7353282
52.6791992	134.9143982	-0.9570938	0.8870626
54.4720001	134.9143982	-0.7353281	1.0271251
56.2648010	134.9143982	-0.7586719	0.8987345
58.0576019	134.9143982	-0.2567813	1.3189220
59.8504028	134.9143982	-0.6769688	1.2605627
61.6432037	134.9143982	-1.2372189	1.0854845
63.4360008	134.9143982	-1.0037813	0.9921095
65.2288055	134.9143982	-0.1750781	0.1517344
67.0215988	134.9143982	-0.6069375	0.3968438
68.8144073	134.9143982	-0.0700313	3.1280630
70.6072006	134.9143982	0.0000000	0.0000000
-1.1048000	136.7071991	0.0000000	0.0000000
0.6880000	136.7071991	0.0000000	0.0000000
2.4807999	136.7071991	0.0000000	0.0000000
4.2736001	136.7071991	0.0116719	0.7236564
6.0664001	136.7071991	0.0700313	0.4785469
7.8592005	136.7071991	0.1050469	0.8637189
9.6519995	136.7071991	0.4201875	0.7586720
11.4448004	136.7071991	0.2451094	1.0621408
13.2376003	136.7071991	0.0817031	0.9220783
15.0304003	136.7071991	0.1050469	0.6652970
16.8232002	136.7071991	0.1634063	0.5952657
18.6160011	136.7071991	0.2567813	0.4785469
20.4088001	136.7071991	0.4668750	0.6769688
22.2015991	136.7071991	0.0000000	0.0350156
23.9944019	136.7071991	0.0817031	0.1634063
25.7872009	136.7071991	0.0466875	0.2334375
27.5799999	136.7071991	0.2684532	0.6536251
29.3728008	136.7071991	0.1634063	0.6652970
31.1655998	136.7071991	0.1867500	0.6302813
32.9584007	136.7071991	0.2100938	0.8053595
34.7511978	136.7071991	0.2100938	0.7586720
36.5440025	136.7071991	-0.1050469	0.4435313
38.3368034	136.7071991	0.1050469	0.3151407
40.1296005	136.7071991	0.2334375	0.0466875
41.9224014	136.7071991	0.5485781	0.0350156
43.7152023	136.7071991	0.0233438	0.3151407
45.5079994	136.7071991	0.5252344	0.4902188
47.3008003	136.7071991	0.4668750	0.5252345
49.0936012	136.7071991	-0.2684532	0.7936876
50.8863983	136.7071991	-0.6186094	1.2955782
52.6791992	136.7071991	0.0000000	0.0000000
54.4720001	136.7071991	-0.3151406	0.8170314
56.2648010	136.7071991	-0.3968438	1.2605627
58.0576019	136.7071991	-0.8287032	1.4940002
59.8504028	136.7071991	-0.8287032	1.4940002
61.6432037	136.7071991	-1.0154532	1.3072501
63.4360008	136.7071991	-1.0738126	1.0271251
65.2288055	136.7071991	-0.7470000	0.6302813
67.0215988	136.7071991	-0.4552031	0.3968438
68.8144073	136.7071991	0.1517344	0.3034688
70.6072006	136.7071991	0.0000000	0.0000000
-1.1048000	138.5000000	0.0000000	0.0000000
0.6880000	138.5000000	0.0000000	0.0000000
2.4807999	138.5000000	0.0000000	0.0000000
4.2736001	138.5000000	0.2217656	0.9570939
6.0664001	138.5000000	0.3968438	0.7470001
7.8592005	138.5000000	0.4201875	0.7820157
9.6519995	138.5000000	0.3034688	1.0037814
11.4448004	138.5000000	0.0466875	0.9570939
13.2376003	138.5000000	0.0350156	0.8403751
15.0304003	138.5000000	0.1517344	0.5952657
16.8232002	138.5000000	0.2801250	0.5719219
18.6160011	138.5000000	0.2451094	0.6769688
20.4088001	138.5000000	0.0466875	0.0817031
22.2015991	138.5000000	0.1167188	0.0466875
23.9944019	138.5000000	0.0817031	0.1984219
25.7872009	138.5000000	0.0583594	0.4902188
27.5799999	138.5000000	-0.0233438	0.7470001
29.3728008	138.5000000	0.0000000	0.6652970
31.1655998	138.5000000	0.0700313	0.6302813
32.9584007	138.5000000	0.2684532	0.7119845
34.7511978	138.5000000	0.3268125	0.7470001
36.5440025	138.5000000	0.1400625	0.5135626
38.3368034	138.5000000	0.4201875	0.0700313
40.1296005	138.5000000	0.3268125	0.1634063
41.9224014	138.5000000	0.4902188	0.5369063
43.7152023	138.5000000	0.9104063	0.2684532
45.5079994	138.5000000	0.8170313	0.4318594
47.3008003	138.5000000	0.0817031	1.0621408
49.0936012	138.5000000	-0.1867500	1.1205001
50.8863983	138.5000000	-0.4435313	0.7003126
52.6791992	138.5000000	-1.0504688	1.3656095
54.4720001	138.5000000	-0.4435313	1.3889533
56.2648010	138.5000000	-0.2567813	1.2255471
58.0576019	138.5000000	-0.8637188	1.7157658
59.8504028	138.5000000	-0.6769688	1.5406877
61.6432037	138.5000000	-1.2138751	1.7274377
63.4360008	138.5000000	-1.3072500	0.8170314
65.2288055	138.5000000	-0.9687657	0.2451094
67.0215988	138.5000000	-0.6302813	0.2217657
68.8144073	138.5000000	0.0350156	0.8753908
70.6072006	138.5000000	0.0000000	0.0000000
