0.8891521	65.8891525	0.0000000	0.0000000
2.6728802	65.8891525	0.0348384	-0.3716100
4.4566083	65.8891525	0.2206434	-0.1741922
6.2403364	65.8891525	0.2322563	-0.5225766
8.0240641	65.8891525	0.1045153	-0.7083817
9.8077927	65.8891525	-0.1277409	-0.7896714
11.5915203	65.8891525	0.0000000	0.0000000
13.3752489	65.8891525	-0.0116128	-0.5922535
15.1589766	65.8891525	0.0464513	-0.7432201
16.9427032	65.8891525	0.3135459	-0.6038663
18.7264328	65.8891525	0.6270919	-0.1858050
20.5101604	65.8891525	0.8128969	-0.3716100
22.2938881	65.8891525	0.7316072	-0.1858050
24.0776157	65.8891525	0.5922534	-0.0696769
25.8613453	65.8891525	0.6038663	0.0580641
27.6450729	65.8891525	0.6735432	0.1277409
29.4288006	65.8891525	0.4761253	-0.0464513
31.2125282	65.8891525	0.6967688	-0.1045153
32.9962578	65.8891525	0.8593482	0.0116128
34.7799835	65.8891525	0.6967688	-0.1161281
36.5637131	65.8891525	0.4761253	-0.1161281
38.3474426	65.8891525	-0.0696769	0.1277409
40.1311722	65.8891525	0.0000000	0.0000000
41.9148979	65.8891525	0.5225766	0.0000000
43.6986275	65.8891525	0.0000000	0.0000000
45.4823532	65.8891525	0.0000000	0.0000000
47.2660828	65.8891525	-0.3716100	0.6967688
49.0498085	65.8891525	-0.2322563	0.4296741
50.8335381	65.8891525	-0.0812897	0.4296741
52.6172676	65.8891525	0.0000000	0.0000000
54.4009972	65.8891525	0.0000000	0.0000000
56.1847229	65.8891525	-0.1509666	0.1625794
57.9684486	65.8891525	-0.3019331	0.7664457
59.7521782	65.8891525	0.0232256	0.8128970
61.5359077	65.8891525	0.0348384	0.7664457
63.3196297	65.8891525	-0.1161281	1.0335405
65.1033630	65.8891525	0.0929025	1.1612813
66.8870850	65.8891525	0.1277409	0.9754764
68.6708145	65.8891525	0.0580641	1.0567660
70.4545441	65.8891525	0.0000000	0.0000000
72.2382736	65.8891525	1.0335404	0.0000000
0.8891521	67.6728821	0.0000000	0.0000000
2.6728802	67.6728821	-0.0116128	-1.4051505
4.4566083	67.6728821	0.1974178	-0.5341895
6.2403364	67.6728821	0.5341894	-0.2438691
8.0240641	67.6728821	0.3832228	-0.5458022
9.8077927	67.6728821	0.0929025	-0.7083817
11.5915203	67.6728821	-0.0348384	-0.4412869
13.3752489	67.6728821	0.0580641	-0.8593482
15.1589766	67.6728821	0.0116128	-0.8012841
16.9427032	67.6728821	0.0000000	-0.8245098
18.7264328	67.6728821	0.0929025	-0.7316073
20.5101604	67.6728821	0.2090306	-0.1741922
22.2938881	67.6728821	0.5922534	-0.2322563
24.0776157	67.6728821	0.5109638	-0.0232256
25.8613453	67.6728821	0.5574150	0.0232256
27.6450729	67.6728821	0.5225766	-0.0232256
29.4288006	67.6728821	0.6270919	-0.0232256
31.2125282	67.6728821	0.8593482	0.0000000
32.9962578	67.6728821	0.7432200	0.0464513
34.7799835	67.6728821	0.7896713	-0.0696769
36.5637131	67.6728821	0.6503175	-0.1509666
38.3474426	67.6728821	-0.0929025	0.6038663
40.1311722	67.6728821	-0.8709610	-0.0929025
41.9148979	67.6728821	-0.8709610	0.0696769
43.6986275	67.6728821	0.0000000	0.0000000
45.4823532	67.6728821	-0.3019331	0.0929025
47.2660828	67.6728821	-0.6270919	0.6503175
49.0498085	67.6728821	-0.4296741	0.6735432
50.8335381	67.6728821	-0.6154791	0.5109638
52.6172676	67.6728821	0.0000000	0.0000000
54.4009972	67.6728821	0.0000000	0.0000000
56.1847229	67.6728821	-0.4528997	1.3586992
57.9684486	67.6728821	-0.4877381	1.3122480
59.7521782	67.6728821	0.0000000	0.0000000
61.5359077	67.6728821	-0.0812897	1.0219276
63.3196297	67.6728821	-0.1045153	1.0683789
65.1033630	67.6728821	0.1509666	1.1496686
66.8870850	67.6728821	0.0348384	0.9290251
68.6708145	67.6728821	0.0000000	0.0000000
70.4545441	67.6728821	0.0000000	0.0000000
72.2382736	67.6728821	0.0000000	0.0000000
0.8891521	69.4566040	0.0000000	0.0000000
2.6728802	69.4566040	0.0000000	0.0000000
4.4566083	69.4566040	0.0000000	0.0000000
6.2403364	69.4566040	0.2554819	-0.6387048
8.0240641	69.4566040	0.4761253	-0.6851560
9.8077927	69.4566040	0.2438691	-0.3948357
11.5915203	69.4566040	0.0348384	-0.7083817
13.3752489	69.4566040	0.0696769	-0.8941867
15.1589766	69.4566040	0.0232256	-0.8245098
16.9427032	69.4566040	-0.0232256	-0.9057995
18.7264328	69.4566040	-0.0464513	-0.7896714
20.5101604	69.4566040	0.0000000	-0.6038663
22.2938881	69.4566040	0.2903203	-0.6851560
24.0776157	69.4566040	0.5574150	0.0464513
25.8613453	69.4566040	0.4993510	0.1161281
27.6450729	69.4566040	0.5690278	-0.0232256
29.4288006	69.4566040	0.5690278	-0.0464513
31.2125282	69.4566040	0.8012841	0.0464513
32.9962578	69.4566040	0.6503175	0.0348384
34.7799835	69.4566040	0.6270919	-0.1045153
36.5637131	69.4566040	0.0348384	-0.5109638
38.3474426	69.4566040	-0.2090306	0.6503175
40.1311722	69.4566040	-0.4412869	0.0929025
41.9148979	69.4566040	-0.8012841	0.0348384
43.6986275	69.4566040	-0.6038663	0.0812897
45.4823532	69.4566040	-0.7316072	0.5225766
47.2660828	69.4566040	-0.2903203	0.8012841
49.0498085	69.4566040	-0.5225766	0.7083817
50.8335381	69.4566040	-0.4761253	0.6619304
52.6172676	69.4566040	0.0000000	0.0000000
54.4009972	69.4566040	-0.6851560	0.7432201
56.1847229	69.4566040	0.0000000	0.0000000
57.9684486	69.4566040	0.0000000	0.0000000
59.7521782	69.4566040	-0.1509666	1.3006351
61.5359077	69.4566040	-0.2787075	1.3238608
63.3196297	69.4566040	-0.1741922	1.1612813
65.1033630	69.4566040	-0.0812897	1.0451533
66.8870850	69.4566040	-0.0232256	0.8593482
68.6708145	69.4566040	-0.0116128	0.8593482
70.4545441	69.4566040	0.0000000	0.0000000
72.2382736	69.4566040	0.0000000	0.0000000
0.8891521	71.2403336	0.0000000	0.0000000
2.6728802	71.2403336	0.0000000	0.0000000
4.4566083	71.2403336	-0.0464513	-0.7432201
6.2403364	71.2403336	-0.0232256	-0.6270919
8.0240641	71.2403336	0.0000000	0.0000000
9.8077927	71.2403336	0.0116128	-0.5341895
11.5915203	71.2403336	-0.0232256	-0.6851560
13.3752489	71.2403336	0.0000000	-0.7664457
15.1589766	71.2403336	0.0812897	-0.8012841
16.9427032	71.2403336	-0.0348384	-0.7083817
18.7264328	71.2403336	-0.0812897	-0.6270919
20.5101604	71.2403336	-0.0464513	-0.6270919
22.2938881	71.2403336	-0.0116128	-0.4296741
24.0776157	71.2403336	-0.0116128	-0.2438691
25.8613453	71.2403336	0.2090306	-0.0348384
27.6450729	71.2403336	0.3483844	-0.0116128
29.4288006	71.2403336	0.5690278	-0.1045153
31.2125282	71.2403336	0.3599972	-0.1858050
32.9962578	71.2403336	0.5109638	-0.0812897
34.7799835	71.2403336	0.4296741	-0.0812897
36.5637131	71.2403336	0.2206434	-0.1974178
38.3474426	71.2403336	-0.1277409	0.4180613
40.1311722	71.2403336	-0.6851560	0.5574151
41.9148979	71.2403336	-0.5806407	0.0696769
43.6986275	71.2403336	-0.7432200	0.6967688
45.4823532	71.2403336	-0.5341894	1.2077327
47.2660828	71.2403336	-0.2787075	0.8941867
49.0498085	71.2403336	-0.3483844	0.8012841
50.8335381	71.2403336	-0.5341894	0.7316073
52.6172676	71.2403336	-0.6387047	0.7548329
54.4009972	71.2403336	0.0000000	0.0000000
56.1847229	71.2403336	0.0000000	0.0000000
57.9684486	71.2403336	-0.1393538	1.2657967
59.7521782	71.2403336	-0.1509666	1.4516017
61.5359077	71.2403336	-0.2670947	1.5096658
63.3196297	71.2403336	-0.0929025	1.0567660
65.1033630	71.2403336	0.1393538	0.4993510
66.8870850	71.2403336	0.0232256	0.6735432
68.6708145	71.2403336	0.0000000	0.8245098
70.4545441	71.2403336	0.0000000	0.0000000
72.2382736	71.2403336	0.0000000	0.0000000
0.8891521	73.0240631	0.0000000	0.0000000
2.6728802	73.0240631	0.0000000	0.0000000
4.4566083	73.0240631	-0.0812897	-0.9754764
6.2403364	73.0240631	-0.0464513	-0.6387048
8.0240641	73.0240631	-0.1277409	-0.1045153
9.8077927	73.0240631	-0.3716100	-0.0580641
11.5915203	73.0240631	-0.5690278	-0.1161281
13.3752489	73.0240631	0.0580641	-0.4993510
15.1589766	73.0240631	0.1161281	-0.6387048
16.9427032	73.0240631	-0.0812897	-0.6387048
18.7264328	73.0240631	-0.0464513	-0.6851560
20.5101604	73.0240631	0.0348384	-0.2554819
22.2938881	73.0240631	0.0116128	-0.2554819
24.0776157	73.0240631	0.2670947	-0.2090307
25.8613453	73.0240631	0.1277409	-0.2322563
27.6450729	73.0240631	0.2090306	-0.2090307
29.4288006	73.0240631	0.6154791	-0.1741922
31.2125282	73.0240631	0.6387047	-0.3483844
32.9962578	73.0240631	0.4877381	-0.0929025
34.7799835	73.0240631	0.0696769	-0.1393538
36.5637131	73.0240631	-0.0464513	-0.4528998
38.3474426	73.0240631	0.0000000	0.0000000
40.1311722	73.0240631	0.0000000	0.0000000
41.9148979	73.0240631	-0.4528997	0.1858050
43.6986275	73.0240631	-1.1032172	1.2309582
45.4823532	73.0240631	-1.0799916	1.3238608
47.2660828	73.0240631	-0.6851560	1.2774096
49.0498085	73.0240631	-0.8012841	0.6270919
50.8335381	73.0240631	-0.6387047	0.7664457
52.6172676	73.0240631	-0.6503175	0.9057995
54.4009972	73.0240631	-0.5109638	1.0799917
56.1847229	73.0240631	-0.4528997	1.1612813
57.9684486	73.0240631	-0.4296741	1.2890223
59.7521782	73.0240631	-0.1161281	1.2774096
61.5359077	73.0240631	-0.0580641	1.4516017
63.3196297	73.0240631	-0.1393538	1.1496686
65.1033630	73.0240631	0.1625794	0.7664457
66.8870850	73.0240631	0.0580641	0.6619304
68.6708145	73.0240631	0.0000000	1.1148301
70.4545441	73.0240631	0.0000000	0.0000000
72.2382736	73.0240631	0.0000000	0.0000000
0.8891521	74.8077927	0.0000000	0.0000000
2.6728802	74.8077927	0.0000000	0.0000000
4.4566083	74.8077927	-0.0580641	-1.3354737
6.2403364	74.8077927	-0.0929025	-1.4167633
8.0240641	74.8077927	0.0000000	0.0000000
9.8077927	74.8077927	-0.0696769	-0.0464513
11.5915203	74.8077927	0.0000000	0.0000000
13.3752489	74.8077927	0.1625794	-0.3483844
15.1589766	74.8077927	0.3251588	-0.1625794
16.9427032	74.8077927	0.1625794	-0.5225766
18.7264328	74.8077927	0.2438691	-0.7199945
20.5101604	74.8077927	0.1509666	-0.6619304
22.2938881	74.8077927	0.1393538	0.0000000
24.0776157	74.8077927	0.3019331	-0.1509666
25.8613453	74.8077927	0.3832228	-0.2787075
27.6450729	74.8077927	0.4761253	-0.4412869
29.4288006	74.8077927	0.6154791	-0.1277409
31.2125282	74.8077927	0.3832228	-0.0812897
32.9962578	74.8077927	0.1161281	0.0464513
34.7799835	74.8077927	0.1741922	-0.5225766
36.5637131	74.8077927	0.0812897	-0.6851560
38.3474426	74.8077927	-0.3367716	0.0812897
40.1311722	74.8077927	0.1858050	1.4283761
41.9148979	74.8077927	-0.1393538	1.3238608
43.6986275	74.8077927	-1.0567660	1.1961198
45.4823532	74.8077927	0.0000000	0.0000000
47.2660828	74.8077927	-0.8361225	1.2541839
49.0498085	74.8077927	-0.6735432	1.1961198
50.8335381	74.8077927	-0.8825738	1.1032174
52.6172676	74.8077927	-0.4412869	1.1728942
54.4009972	74.8077927	-0.7548329	1.1961198
56.1847229	74.8077927	-0.6154791	1.0451533
57.9684486	74.8077927	-0.3832228	1.1845070
59.7521782	74.8077927	0.0348384	1.4516017
61.5359077	74.8077927	0.0464513	1.4516017
63.3196297	74.8077927	0.0348384	1.2425711
65.1033630	74.8077927	0.1161281	0.5225766
66.8870850	74.8077927	-0.0348384	0.7664457
68.6708145	74.8077927	0.0116128	1.1148301
70.4545441	74.8077927	0.0000000	0.0000000
72.2382736	74.8077927	0.0000000	0.0000000
0.8891521	76.5915222	0.0000000	0.0000000
2.6728802	76.5915222	0.0000000	0.0000000
4.4566083	76.5915222	-0.3135459	-1.4283761
6.2403364	76.5915222	-0.1858050	-1.4399890
8.0240641	76.5915222	0.0348384	-1.3819249
9.8077927	76.5915222	0.1974178	-1.4167633
11.5915203	76.5915222	0.4412869	-0.9174123
13.3752489	76.5915222	0.5225766	-0.8361226
15.1589766	76.5915222	0.4645125	-0.1393538
16.9427032	76.5915222	0.3948357	-0.5458022
18.7264328	76.5915222	0.3483844	-0.6503175
20.5101604	76.5915222	0.1277409	-0.6967688
22.2938881	76.5915222	0.1625794	-0.3367716
24.0776157	76.5915222	0.2554819	-0.0464513
25.8613453	76.5915222	0.4412869	-0.1625794
27.6450729	76.5915222	0.4412869	-0.2090307
29.4288006	76.5915222	0.4412869	-0.1741922
31.2125282	76.5915222	0.0929025	-0.0116128
32.9962578	76.5915222	-0.1161281	0.0348384
34.7799835	76.5915222	0.4993510	-0.0929025
36.5637131	76.5915222	0.0812897	-0.5225766
38.3474426	76.5915222	0.0000000	-0.0348384
40.1311722	76.5915222	-0.6270919	1.3935376
41.9148979	76.5915222	-0.3019331	1.4399890
43.6986275	76.5915222	-0.8593482	1.2309582
45.4823532	76.5915222	0.0000000	0.0000000
47.2660828	76.5915222	-1.1148300	1.4283761
49.0498085	76.5915222	-0.6851560	1.4748274
50.8335381	76.5915222	-0.7664456	1.3586992
52.6172676	76.5915222	-0.9174122	1.2309582
54.4009972	76.5915222	-0.6038663	1.0103148
56.1847229	76.5915222	-0.7199944	1.1728942
57.9684486	76.5915222	-0.3367716	1.4748274
59.7521782	76.5915222	0.0580641	1.5445043
61.5359077	76.5915222	0.1045153	1.5096658
63.3196297	76.5915222	-0.0348384	1.2309582
65.1033630	76.5915222	-0.1625794	0.8245098
66.8870850	76.5915222	-0.0812897	0.8825738
68.6708145	76.5915222	0.0000000	0.0000000
70.4545441	76.5915222	0.0000000	0.0000000
72.2382736	76.5915222	0.0000000	0.0000000
0.8891521	78.3752518	0.0000000	0.0000000
2.6728802	78.3752518	0.0000000	0.0000000
4.4566083	78.3752518	0.1625794	0.3367716
6.2403364	78.3752518	-0.0812897	-1.3586992
8.0240641	78.3752518	0.0812897	-1.3703121
9.8077927	78.3752518	0.0812897	-1.3586992
11.5915203	78.3752518	0.3832228	-0.7432201
13.3752489	78.3752518	0.5574150	-0.5341895
15.1589766	78.3752518	0.2903203	-0.1625794
16.9427032	78.3752518	0.6387047	-0.3135460
18.7264328	78.3752518	0.5806407	-0.4993510
20.5101604	78.3752518	0.2322563	-0.7316073
22.2938881	78.3752518	0.2438691	-0.4180613
24.0776157	78.3752518	0.4064485	-0.0812897
25.8613453	78.3752518	0.2903203	-0.0812897
27.6450729	78.3752518	0.1509666	-0.0580641
29.4288006	78.3752518	0.4993510	-0.2206435
31.2125282	78.3752518	-0.0812897	-0.0696769
32.9962578	78.3752518	0.1393538	-0.0812897
34.7799835	78.3752518	0.5341894	-0.2206435
36.5637131	78.3752518	0.5806407	-0.1974178
38.3474426	78.3752518	0.3948357	-0.0929025
40.1311722	78.3752518	-0.9522507	1.3354737
41.9148979	78.3752518	-0.8941866	1.3935376
43.6986275	78.3752518	-0.5341894	1.1496686
45.4823532	78.3752518	-0.6038663	0.9174123
47.2660828	78.3752518	-0.1974178	1.1496686
49.0498085	78.3752518	0.0000000	0.0000000
50.8335381	78.3752518	-0.8361225	1.2541839
52.6172676	78.3752518	-0.8825738	1.3238608
54.4009972	78.3752518	-0.6851560	0.7780585
56.1847229	78.3752518	-0.2090306	1.1612813
57.9684486	78.3752518	-0.4993510	1.1148301
59.7521782	78.3752518	-0.1741922	1.6025683
61.5359077	78.3752518	-0.0464513	1.5212786
63.3196297	78.3752518	0.0232256	1.1612813
65.1033630	78.3752518	-0.0696769	0.7548329
66.8870850	78.3752518	-0.0696769	0.8709611
68.6708145	78.3752518	-0.0348384	1.1728942
70.4545441	78.3752518	0.0000000	0.0000000
72.2382736	78.3752518	0.0000000	0.0000000
0.8891521	80.1589737	0.0000000	0.0000000
2.6728802	80.1589737	-0.0580641	0.0000000
4.4566083	80.1589737	0.3832228	0.0580641
6.2403364	80.1589737	0.0580641	-1.4748274
8.0240641	80.1589737	0.1393538	-1.3586992
9.8077927	80.1589737	0.0929025	-1.3122480
11.5915203	80.1589737	0.1509666	-0.4412869
13.3752489	80.1589737	0.4180613	-0.6619304
15.1589766	80.1589737	0.2206434	-0.6503175
16.9427032	80.1589737	0.2206434	-0.2322563
18.7264328	80.1589737	0.3367716	-0.4180613
20.5101604	80.1589737	0.0696769	-0.5225766
22.2938881	80.1589737	0.2787075	-0.0348384
24.0776157	80.1589737	-0.0232256	-0.5458022
25.8613453	80.1589737	0.1625794	-0.1858050
27.6450729	80.1589737	0.2438691	-0.0929025
29.4288006	80.1589737	0.2438691	-0.1161281
31.2125282	80.1589737	0.1509666	-0.0812897
32.9962578	80.1589737	0.1858050	-0.0348384
34.7799835	80.1589737	0.4645125	-0.2322563
36.5637131	80.1589737	0.2090306	-0.1741922
38.3474426	80.1589737	0.2438691	-0.0580641
40.1311722	80.1589737	-0.9174122	1.4051505
41.9148979	80.1589737	-1.2541838	1.3935376
43.6986275	80.1589737	-0.8709610	1.1612813
45.4823532	80.1589737	-0.7199944	1.0103148
47.2660828	80.1589737	-0.6851560	1.2657967
49.0498085	80.1589737	-0.6387047	1.0451533
50.8335381	80.1589737	-0.5690278	1.0451533
52.6172676	80.1589737	-0.7896713	1.3470864
54.4009972	80.1589737	-0.6038663	0.8593482
56.1847229	80.1589737	-0.6503175	0.9057995
57.9684486	80.1589737	-0.3716100	1.3819249
59.7521782	80.1589737	-0.3716100	1.5793427
61.5359077	80.1589737	-0.2206434	1.1380558
63.3196297	80.1589737	-0.2787075	0.8477354
65.1033630	80.1589737	-0.2206434	0.9174123
66.8870850	80.1589737	0.0232256	1.1728942
68.6708145	80.1589737	-0.0116128	0.9522507
70.4545441	80.1589737	0.0000000	0.0000000
72.2382736	80.1589737	0.0000000	0.0000000
0.8891521	81.9427032	0.0000000	0.0000000
2.6728802	81.9427032	0.0000000	0.0000000
4.4566083	81.9427032	0.0696769	-0.9174123
6.2403364	81.9427032	0.1277409	-1.1728942
8.0240641	81.9427032	0.1277409	-1.1845070
9.8077927	81.9427032	0.5574150	-1.1728942
11.5915203	81.9427032	0.4993510	-0.7199945
13.3752489	81.9427032	0.3716100	-0.7083817
15.1589766	81.9427032	0.3135459	-0.6270919
16.9427032	81.9427032	0.1161281	-0.4296741
18.7264328	81.9427032	0.1974178	-0.5458022
20.5101604	81.9427032	0.1277409	-0.1509666
22.2938881	81.9427032	0.0464513	-0.4645126
24.0776157	81.9427032	0.0696769	-0.7199945
25.8613453	81.9427032	0.2090306	-0.6619304
27.6450729	81.9427032	0.4645125	-0.4528998
29.4288006	81.9427032	0.4180613	-0.1974178
31.2125282	81.9427032	0.4761253	-0.0929025
32.9962578	81.9427032	0.2670947	-0.4761254
34.7799835	81.9427032	0.0812897	-0.5922535
36.5637131	81.9427032	-0.1045153	-0.0929025
38.3474426	81.9427032	0.0000000	0.0000000
40.1311722	81.9427032	-1.3935375	1.5212786
41.9148979	81.9427032	-1.5561169	1.4632145
43.6986275	81.9427032	-1.1148300	1.3354737
45.4823532	81.9427032	-0.7083816	1.1961198
47.2660828	81.9427032	-0.6270919	1.2657967
49.0498085	81.9427032	-0.5806407	1.4167633
50.8335381	81.9427032	-0.5574150	1.0335405
52.6172676	81.9427032	-0.5574150	1.2309582
54.4009972	81.9427032	-0.6735432	0.8477354
56.1847229	81.9427032	-0.6735432	0.9057995
57.9684486	81.9427032	-0.5690278	1.5909555
59.7521782	81.9427032	-0.3483844	1.3819249
61.5359077	81.9427032	-0.1858050	1.4980530
63.3196297	81.9427032	-0.3483844	1.2077327
65.1033630	81.9427032	-0.1858050	1.0103148
66.8870850	81.9427032	0.0116128	1.3935376
68.6708145	81.9427032	-0.0116128	-0.9522507
70.4545441	81.9427032	0.0000000	0.0000000
72.2382736	81.9427032	0.0000000	0.0000000
0.8891521	83.7264252	0.0000000	0.0000000
2.6728802	83.7264252	0.0000000	0.0000000
4.4566083	83.7264252	-0.0348384	-0.8941867
6.2403364	83.7264252	0.0000000	-1.0103148
8.0240641	83.7264252	0.0812897	-1.0799917
9.8077927	83.7264252	0.6270919	-1.1148301
11.5915203	83.7264252	0.6967688	-0.7199945
13.3752489	83.7264252	0.5225766	-0.5574151
15.1589766	83.7264252	0.1858050	-0.5341895
16.9427032	83.7264252	0.0696769	-0.4412869
18.7264328	83.7264252	-0.0116128	-0.2554819
20.5101604	83.7264252	-0.0348384	-0.2903203
22.2938881	83.7264252	-0.0464513	-0.8128970
24.0776157	83.7264252	-0.0116128	-0.9987020
25.8613453	83.7264252	0.1161281	-0.9870892
27.6450729	83.7264252	0.3948357	-0.9290251
29.4288006	83.7264252	0.6038663	-0.8245098
31.2125282	83.7264252	0.5341894	-0.2206435
32.9962578	83.7264252	0.3135459	-0.4180613
34.7799835	83.7264252	0.0116128	-0.2090307
36.5637131	83.7264252	0.0000000	-0.0232256
38.3474426	83.7264252	-1.3238606	1.5677298
40.1311722	83.7264252	-0.9754763	1.5793427
41.9148979	83.7264252	-1.2193453	1.5212786
43.6986275	83.7264252	0.0000000	0.0000000
45.4823532	83.7264252	0.0000000	0.0000000
47.2660828	83.7264252	0.0000000	0.0000000
49.0498085	83.7264252	-0.5109638	1.2077327
50.8335381	83.7264252	-0.8128969	0.8709611
52.6172676	83.7264252	-0.6967688	1.3354737
54.4009972	83.7264252	-0.7548329	1.0916045
56.1847229	83.7264252	-0.7780585	1.2425711
57.9684486	83.7264252	-0.6154791	1.3238608
59.7521782	83.7264252	-0.5458022	1.4864402
61.5359077	83.7264252	-0.5109638	1.4516017
63.3196297	83.7264252	-0.2554819	1.2890223
65.1033630	83.7264252	-0.0232256	1.1728942
66.8870850	83.7264252	-0.0696769	1.0103148
68.6708145	83.7264252	0.0000000	0.0000000
70.4545441	83.7264252	0.0000000	0.0000000
72.2382736	83.7264252	0.0000000	0.0000000
0.8891521	85.5101547	0.0000000	0.0000000
2.6728802	85.5101547	0.0000000	0.0000000
4.4566083	85.5101547	0.0232256	-0.8593482
6.2403364	85.5101547	0.1277409	-0.8477354
8.0240641	85.5101547	0.2787075	-0.8361226
9.8077927	85.5101547	0.6967688	-0.7083817
11.5915203	85.5101547	0.6503175	-0.6270919
13.3752489	85.5101547	0.3019331	-0.2670947
15.1589766	85.5101547	0.1393538	-0.4877382
16.9427032	85.5101547	0.0929025	-0.3019332
18.7264328	85.5101547	0.3483844	-0.0929025
20.5101604	85.5101547	0.0696769	-0.1741922
22.2938881	85.5101547	0.0348384	-0.2090307
24.0776157	85.5101547	0.0812897	-0.8941867
25.8613453	85.5101547	0.2787075	-1.2425711
27.6450729	85.5101547	0.3019331	-1.3935376
29.4288006	85.5101547	0.3483844	-0.9057995
31.2125282	85.5101547	0.5341894	-0.6387048
32.9962578	85.5101547	0.0812897	-0.1393538
34.7799835	85.5101547	0.0000000	-0.0929025
36.5637131	85.5101547	-0.1045153	0.0116128
38.3474426	85.5101547	-1.4167632	1.3470864
40.1311722	85.5101547	0.0000000	0.0000000
41.9148979	85.5101547	-1.2077326	1.5677298
43.6986275	85.5101547	-1.6722450	1.4980530
45.4823532	85.5101547	-1.1612813	1.4516017
47.2660828	85.5101547	0.0000000	0.0000000
49.0498085	85.5101547	-1.3935375	0.8709611
50.8335381	85.5101547	-1.0567660	1.2774096
52.6172676	85.5101547	-0.9290251	1.1612813
54.4009972	85.5101547	-0.8245097	0.9174123
56.1847229	85.5101547	-0.1509666	0.8012841
57.9684486	85.5101547	-0.3599972	0.9638636
59.7521782	85.5101547	-0.4761253	1.3354737
61.5359077	85.5101547	-0.3948357	1.2890223
63.3196297	85.5101547	-0.3367716	0.9406379
65.1033630	85.5101547	-0.2090306	0.9638636
66.8870850	85.5101547	-0.1161281	1.0683789
68.6708145	85.5101547	-0.0116128	1.2193455
70.4545441	85.5101547	0.0000000	0.0000000
72.2382736	85.5101547	0.0000000	0.0000000
0.8891521	87.2938843	0.0000000	0.0000000
2.6728802	87.2938843	0.0000000	0.0000000
4.4566083	87.2938843	0.1045153	-0.8012841
6.2403364	87.2938843	0.2554819	-0.7199945
8.0240641	87.2938843	0.3483844	-0.6503175
9.8077927	87.2938843	0.0000000	0.0000000
11.5915203	87.2938843	0.0000000	0.0000000
13.3752489	87.2938843	0.1161281	-0.2322563
15.1589766	87.2938843	0.6038663	-1.1496686
16.9427032	87.2938843	0.5225766	-0.7432201
18.7264328	87.2938843	0.8128969	-0.6619304
20.5101604	87.2938843	0.6967688	-0.5458022
22.2938881	87.2938843	0.4645125	-0.1277409
24.0776157	87.2938843	0.3367716	-0.1741922
25.8613453	87.2938843	0.6270919	-1.3586992
27.6450729	87.2938843	0.6619303	-1.3586992
29.4288006	87.2938843	0.7199944	-1.2193455
31.2125282	87.2938843	0.4645125	-0.3832228
32.9962578	87.2938843	0.3019331	-0.2090307
34.7799835	87.2938843	0.1509666	0.2090307
36.5637131	87.2938843	-0.1277409	0.2903203
38.3474426	87.2938843	-0.2322563	0.3135460
40.1311722	87.2938843	-1.1728941	1.4980530
41.9148979	87.2938843	-1.7535348	1.8232118
43.6986275	87.2938843	0.0000000	0.0000000
45.4823532	87.2938843	-1.6490195	1.5677298
47.2660828	87.2938843	-1.3586991	1.1845070
49.0498085	87.2938843	-1.4051504	1.3935376
50.8335381	87.2938843	-1.1496685	1.2774096
52.6172676	87.2938843	-0.8128969	1.2657967
54.4009972	87.2938843	-0.9406378	0.9870892
56.1847229	87.2938843	-0.6270919	1.1845070
57.9684486	87.2938843	-0.8941866	1.3122480
59.7521782	87.2938843	-0.6851560	1.2425711
61.5359077	87.2938843	-0.3599972	1.1612813
63.3196297	87.2938843	-0.1741922	1.1961198
65.1033630	87.2938843	-0.1393538	0.9174123
66.8870850	87.2938843	-0.1509666	1.0683789
68.6708145	87.2938843	0.0000000	0.0000000
70.4545441	87.2938843	0.0000000	0.0000000
72.2382736	87.2938843	0.0000000	0.0000000
0.8891521	89.0776138	0.0000000	0.0000000
2.6728802	89.0776138	0.0000000	0.0000000
4.4566083	89.0776138	-0.0348384	-0.5341895
6.2403364	89.0776138	0.1741922	-0.6154791
8.0240641	89.0776138	0.5225766	-0.2322563
9.8077927	89.0776138	0.0000000	0.0000000
11.5915203	89.0776138	0.0929025	-0.1045153
13.3752489	89.0776138	0.3948357	-1.1845070
15.1589766	89.0776138	0.7548329	-1.2425711
16.9427032	89.0776138	0.6387047	-0.8941867
18.7264328	89.0776138	0.8477353	-0.5690279
20.5101604	89.0776138	0.8245097	-0.5109638
22.2938881	89.0776138	0.8477353	-0.3599972
24.0776157	89.0776138	0.0000000	0.0000000
25.8613453	89.0776138	0.7083816	-1.0335405
27.6450729	89.0776138	0.7896713	-1.1032174
29.4288006	89.0776138	0.8361225	-0.9870892
31.2125282	89.0776138	0.5806407	-0.1741922
32.9962578	89.0776138	0.3716100	-0.0116128
34.7799835	89.0776138	0.4180613	0.0929025
36.5637131	89.0776138	0.0232256	0.5225766
38.3474426	89.0776138	-0.0580641	0.7432201
40.1311722	89.0776138	-0.8012841	1.3935376
41.9148979	89.0776138	0.0000000	0.0000000
43.6986275	89.0776138	-1.6141810	1.7186965
45.4823532	89.0776138	-1.5677297	1.3935376
47.2660828	89.0776138	-1.4516016	1.2657967
49.0498085	89.0776138	-1.3586991	1.4748274
50.8335381	89.0776138	-1.2774094	1.4167633
52.6172676	89.0776138	-1.0451531	1.3470864
54.4009972	89.0776138	-0.6735432	1.0335405
56.1847229	89.0776138	-0.7548329	1.1148301
57.9684486	89.0776138	-0.7083816	1.1496686
59.7521782	89.0776138	-0.6851560	1.1380558
61.5359077	89.0776138	-0.0929025	1.0103148
63.3196297	89.0776138	-0.9290251	0.2554819
65.1033630	89.0776138	-0.0464513	1.6141812
66.8870850	89.0776138	0.0000000	1.5445043
68.6708145	89.0776138	0.0000000	0.0000000
70.4545441	89.0776138	0.0000000	0.0000000
72.2382736	89.0776138	0.0000000	0.0000000
0.8891521	90.8613434	0.0000000	0.0000000
2.6728802	90.8613434	0.0000000	0.0000000
4.4566083	90.8613434	0.0580641	-0.6154791
6.2403364	90.8613434	-0.0580641	-0.3948357
8.0240641	90.8613434	0.0000000	0.0000000
9.8077927	90.8613434	0.5922534	-0.1509666
11.5915203	90.8613434	0.6967688	-0.9174123
13.3752489	90.8613434	0.5806407	-1.0335405
15.1589766	90.8613434	0.7316072	-1.3122480
16.9427032	90.8613434	0.2090306	-0.6503175
18.7264328	90.8613434	0.1277409	-0.6154791
20.5101604	90.8613434	0.1625794	-0.1974178
22.2938881	90.8613434	0.3832228	-0.5574151
24.0776157	90.8613434	0.7432200	-0.4761254
25.8613453	90.8613434	0.6967688	-0.6387048
27.6450729	90.8613434	0.8941866	-0.5574151
29.4288006	90.8613434	0.6735432	-0.3251588
31.2125282	90.8613434	0.9522507	-0.1625794
32.9962578	90.8613434	0.2670947	0.1974178
34.7799835	90.8613434	0.1625794	0.4412869
36.5637131	90.8613434	0.0580641	0.7664457
38.3474426	90.8613434	-0.0929025	0.9406379
40.1311722	90.8613434	-1.0799916	1.5677298
41.9148979	90.8613434	-1.3006351	1.6025683
43.6986275	90.8613434	0.0000000	0.0000000
45.4823532	90.8613434	-1.3470863	1.5909555
47.2660828	90.8613434	-1.5096657	1.6838580
49.0498085	90.8613434	-1.4051504	1.7186965
50.8335381	90.8613434	-1.4051504	1.4864402
52.6172676	90.8613434	-1.1380557	1.3006351
54.4009972	90.8613434	-0.8477353	1.1612813
56.1847229	90.8613434	-0.7199944	1.2774096
57.9684486	90.8613434	-0.4064485	1.2774096
59.7521782	90.8613434	-0.6038663	1.2541839
61.5359077	90.8613434	-0.4993510	1.3006351
63.3196297	90.8613434	-0.6387047	0.5690279
65.1033630	90.8613434	-0.3716100	1.3703121
66.8870850	90.8613434	0.0000000	0.0000000
68.6708145	90.8613434	0.0000000	0.0000000
70.4545441	90.8613434	0.0000000	0.0000000
72.2382736	90.8613434	0.0000000	0.0000000
0.8891521	92.6450729	0.0000000	0.0000000
2.6728802	92.6450729	0.0000000	0.0000000
4.4566083	92.6450729	0.1393538	-0.6038663
6.2403364	92.6450729	0.2322563	-0.8941867
8.0240641	92.6450729	0.6038663	-0.9057995
9.8077927	92.6450729	0.6967688	-0.9406379
11.5915203	92.6450729	0.7548329	-0.9522507
13.3752489	92.6450729	0.7316072	-0.9870892
15.1589766	92.6450729	0.8477353	-1.1845070
16.9427032	92.6450729	0.0000000	0.0000000
18.7264328	92.6450729	-0.1045153	-0.1625794
20.5101604	92.6450729	0.0348384	-0.3251588
22.2938881	92.6450729	0.2670947	-0.5806407
24.0776157	92.6450729	0.5690278	-0.8477354
25.8613453	92.6450729	0.6154791	-0.8593482
27.6450729	92.6450729	0.1393538	-1.4516017
29.4288006	92.6450729	0.2554819	-0.0116128
31.2125282	92.6450729	1.1728941	0.0116128
32.9962578	92.6450729	0.8361225	0.1161281
34.7799835	92.6450729	0.1625794	0.7083817
36.5637131	92.6450729	0.1045153	0.8825738
38.3474426	92.6450729	0.0929025	0.8245098
40.1311722	92.6450729	-0.1741922	0.7432201
41.9148979	92.6450729	-1.2193453	1.2309582
43.6986275	92.6450729	-1.4051504	1.3935376
45.4823532	92.6450729	-1.3354735	1.6606324
47.2660828	92.6450729	-1.4632144	1.6257939
49.0498085	92.6450729	-1.4864401	1.4864402
50.8335381	92.6450729	-1.4399889	1.5328914
52.6172676	92.6450729	-1.2077326	1.4748274
54.4009972	92.6450729	-0.8593482	1.5445043
56.1847229	92.6450729	-0.7083816	1.5096658
57.9684486	92.6450729	-0.3948357	1.3703121
59.7521782	92.6450729	-0.3019331	1.4167633
61.5359077	92.6450729	-0.2670947	1.5909555
63.3196297	92.6450729	-0.6038663	0.8128970
65.1033630	92.6450729	-0.3019331	1.3006351
66.8870850	92.6450729	-0.0580641	1.1845070
68.6708145	92.6450729	0.0000000	0.0000000
70.4545441	92.6450729	0.0000000	0.0000000
72.2382736	92.6450729	0.0000000	0.0000000
0.8891521	94.4288025	0.0000000	0.0000000
2.6728802	94.4288025	0.0000000	0.0000000
4.4566083	94.4288025	0.0464513	-0.9638636
6.2403364	94.4288025	0.4877381	-0.7664457
8.0240641	94.4288025	0.6038663	-0.8012841
9.8077927	94.4288025	0.5225766	-0.8361226
11.5915203	94.4288025	0.6270919	-0.9870892
13.3752489	94.4288025	0.7896713	-0.9406379
15.1589766	94.4288025	0.7896713	-0.7780585
16.9427032	94.4288025	0.0812897	-0.1509666
18.7264328	94.4288025	0.0580641	-0.1161281
20.5101604	94.4288025	0.0696769	-0.4877382
22.2938881	94.4288025	0.2438691	-0.6967688
24.0776157	94.4288025	0.0812897	-1.0799917
25.8613453	94.4288025	0.1161281	-1.3935376
27.6450729	94.4288025	0.3019331	-0.5225766
29.4288006	94.4288025	0.0812897	-0.0232256
31.2125282	94.4288025	1.1845069	0.5690279
32.9962578	94.4288025	1.2774094	0.4761254
34.7799835	94.4288025	0.4064485	0.8593482
36.5637131	94.4288025	0.5574150	0.6735432
38.3474426	94.4288025	0.4993510	0.8709611
40.1311722	94.4288025	-0.0232256	1.0916045
41.9148979	94.4288025	-1.1380557	1.5677298
43.6986275	94.4288025	-1.1845069	1.7186965
45.4823532	94.4288025	-1.3586991	1.9161143
47.2660828	94.4288025	-0.7896713	1.7535349
49.0498085	94.4288025	-1.3703120	1.7070837
50.8335381	94.4288025	-1.4516016	1.6838580
52.6172676	94.4288025	-1.3819247	1.6490196
54.4009972	94.4288025	-1.1264429	1.5793427
56.1847229	94.4288025	-0.8709610	1.6490196
57.9684486	94.4288025	-0.3716100	1.6257939
59.7521782	94.4288025	0.0696769	1.5793427
61.5359077	94.4288025	-0.0696769	1.4167633
63.3196297	94.4288025	-0.3367716	1.3935376
65.1033630	94.4288025	-0.1393538	1.5212786
66.8870850	94.4288025	-0.0696769	1.5445043
68.6708145	94.4288025	0.0000000	0.0000000
70.4545441	94.4288025	0.0000000	0.0000000
72.2382736	94.4288025	0.0000000	0.0000000
0.8891521	96.2125320	0.0000000	0.0000000
2.6728802	96.2125320	0.0000000	0.0000000
4.4566083	96.2125320	0.0464513	-0.5574151
6.2403364	96.2125320	0.6038663	-0.5690279
8.0240641	96.2125320	0.6270919	-0.5922535
9.8077927	96.2125320	0.4993510	-0.7548329
11.5915203	96.2125320	0.2670947	-0.8128970
13.3752489	96.2125320	0.4064485	-1.0335405
15.1589766	96.2125320	0.0000000	0.0000000
16.9427032	96.2125320	0.5341894	-0.1741922
18.7264328	96.2125320	0.0580641	-0.3599972
20.5101604	96.2125320	0.1858050	-0.4296741
22.2938881	96.2125320	0.1858050	-0.7664457
24.0776157	96.2125320	0.1277409	-1.2425711
25.8613453	96.2125320	0.2090306	-1.2890223
27.6450729	96.2125320	0.2322563	-0.6503175
29.4288006	96.2125320	0.3019331	-0.0116128
31.2125282	96.2125320	0.9406378	0.7548329
32.9962578	96.2125320	1.0683788	0.6619304
34.7799835	96.2125320	1.1264429	0.6270919
36.5637131	96.2125320	0.5690278	0.2670947
38.3474426	96.2125320	0.5225766	1.0335405
40.1311722	96.2125320	0.0116128	1.4283761
41.9148979	96.2125320	-0.4993510	1.6606324
43.6986275	96.2125320	-0.8477353	1.8348246
45.4823532	96.2125320	-1.0916045	1.6141812
47.2660828	96.2125320	-0.9870891	1.5677298
49.0498085	96.2125320	-1.1845069	1.8812759
50.8335381	96.2125320	-1.2657967	1.8928887
52.6172676	96.2125320	-0.9522507	1.7999861
54.4009972	96.2125320	0.0000000	0.0000000
56.1847229	96.2125320	-0.6503175	1.4632145
57.9684486	96.2125320	-0.5458022	1.7070837
59.7521782	96.2125320	-0.4528997	1.6141812
61.5359077	96.2125320	-0.5574150	1.3819249
63.3196297	96.2125320	-0.5341894	1.4283761
65.1033630	96.2125320	-0.2322563	1.4051505
66.8870850	96.2125320	-0.0116128	1.2890223
68.6708145	96.2125320	0.0000000	0.0000000
70.4545441	96.2125320	0.0000000	0.0000000
72.2382736	96.2125320	0.0000000	0.0000000
0.8891521	97.9962540	0.0000000	0.0000000
2.6728802	97.9962540	0.0000000	0.0000000
4.4566083	97.9962540	0.0000000	0.0000000
6.2403364	97.9962540	0.3832228	-0.6851560
8.0240641	97.9962540	0.1741922	-0.7316073
9.8077927	97.9962540	0.3948357	-0.8941867
11.5915203	97.9962540	0.2206434	-0.8245098
13.3752489	97.9962540	0.6851560	-1.1961198
15.1589766	97.9962540	0.8012841	-0.5225766
16.9427032	97.9962540	0.2903203	-0.5922535
18.7264328	97.9962540	0.0348384	-0.4180613
20.5101604	97.9962540	0.2090306	-0.3251588
22.2938881	97.9962540	0.0464513	-0.6038663
24.0776157	97.9962540	0.1625794	-0.6735432
25.8613453	97.9962540	0.3948357	-0.7432201
27.6450729	97.9962540	0.0000000	0.0000000
29.4288006	97.9962540	0.3716100	0.0116128
31.2125282	97.9962540	0.4877381	0.0348384
32.9962578	97.9962540	1.1728941	0.6270919
34.7799835	97.9962540	1.2541838	0.5690279
36.5637131	97.9962540	0.6619303	0.1858050
38.3474426	97.9962540	0.2903203	1.3586992
40.1311722	97.9962540	0.0116128	1.4167633
41.9148979	97.9962540	-0.5341894	1.9857912
43.6986275	97.9962540	-1.1496685	1.8464375
45.4823532	97.9962540	-0.8012841	1.4748274
47.2660828	97.9962540	0.0000000	0.0000000
49.0498085	97.9962540	-0.8477353	2.0090168
50.8335381	97.9962540	-1.0103147	1.8232118
52.6172676	97.9962540	0.0000000	0.0000000
54.4009972	97.9962540	-0.8128969	1.6025683
56.1847229	97.9962540	-0.6619303	1.4748274
57.9684486	97.9962540	-0.4877381	1.7883734
59.7521782	97.9962540	-0.7664456	1.8812759
61.5359077	97.9962540	-0.5341894	1.2890223
63.3196297	97.9962540	-0.4296741	0.9638636
65.1033630	97.9962540	-0.1741922	1.0567660
66.8870850	97.9962540	-0.0812897	1.0335405
68.6708145	97.9962540	0.0000000	0.0000000
70.4545441	97.9962540	0.0000000	0.0000000
72.2382736	97.9962540	0.0000000	0.0000000
0.8891521	99.7799835	0.0000000	0.0000000
2.6728802	99.7799835	0.0000000	0.0000000
4.4566083	99.7799835	0.1045153	-0.1277409
6.2403364	99.7799835	-0.1277409	-0.5225766
8.0240641	99.7799835	0.0232256	-0.7432201
9.8077927	99.7799835	-0.2554819	-0.2438691
11.5915203	99.7799835	0.1625794	-0.4877382
13.3752489	99.7799835	0.0000000	0.0000000
15.1589766	99.7799835	0.9870891	-0.4528998
16.9427032	99.7799835	0.1858050	-0.3135460
18.7264328	99.7799835	-0.0696769	-0.3832228
20.5101604	99.7799835	-0.1625794	-0.2670947
22.2938881	99.7799835	-0.0232256	-0.3948357
24.0776157	99.7799835	0.1625794	-0.4528998
25.8613453	99.7799835	0.0812897	-0.5109638
27.6450729	99.7799835	-0.0580641	-0.5109638
29.4288006	99.7799835	0.6038663	-0.0929025
31.2125282	99.7799835	0.6503175	0.0929025
32.9962578	99.7799835	0.8593482	0.3599972
34.7799835	99.7799835	0.9522507	0.6851560
36.5637131	99.7799835	0.1741922	0.1161281
38.3474426	99.7799835	0.1509666	1.4167633
40.1311722	99.7799835	0.0929025	1.4399890
41.9148979	99.7799835	-0.3367716	2.0554681
43.6986275	99.7799835	-0.4761253	1.9625655
45.4823532	99.7799835	-0.5690278	1.5212786
47.2660828	99.7799835	-0.6735432	1.8464375
49.0498085	99.7799835	-0.9754763	2.1483705
50.8335381	99.7799835	-0.6503175	1.6025683
52.6172676	99.7799835	-0.6735432	1.7070837
54.4009972	99.7799835	0.0000000	0.0000000
56.1847229	99.7799835	-0.7199944	1.5793427
57.9684486	99.7799835	-0.5225766	1.7070837
59.7521782	99.7799835	-0.1858050	1.4283761
61.5359077	99.7799835	-0.1161281	1.1612813
63.3196297	99.7799835	-0.2438691	0.9406379
65.1033630	99.7799835	-0.1393538	0.9754764
66.8870850	99.7799835	-0.0116128	1.0451533
68.6708145	99.7799835	0.0000000	0.0000000
70.4545441	99.7799835	0.0000000	0.0000000
72.2382736	99.7799835	0.0000000	0.0000000
0.8891521	101.5637131	0.0000000	0.0000000
2.6728802	101.5637131	0.0000000	0.0000000
4.4566083	101.5637131	0.0696769	-0.7316073
6.2403364	101.5637131	0.0116128	-0.8709611
8.0240641	101.5637131	0.1045153	-1.2541839
9.8077927	101.5637131	0.1045153	-1.3703121
11.5915203	101.5637131	0.0348384	-0.9174123
13.3752489	101.5637131	0.0000000	0.0000000
15.1589766	101.5637131	0.0000000	0.0000000
16.9427032	101.5637131	0.1741922	-0.4645126
18.7264328	101.5637131	0.0116128	-0.3251588
20.5101604	101.5637131	-0.1974178	-0.2787075
22.2938881	101.5637131	-0.0812897	-0.4645126
24.0776157	101.5637131	-0.4528997	-0.2787075
25.8613453	101.5637131	-0.0812897	-0.5574151
27.6450729	101.5637131	0.0000000	0.0000000
29.4288006	101.5637131	0.0000000	0.0000000
31.2125282	101.5637131	-0.0812897	-0.0116128
32.9962578	101.5637131	0.4877381	0.2206435
34.7799835	101.5637131	0.1974178	0.8825738
36.5637131	101.5637131	0.0348384	1.3006351
38.3474426	101.5637131	-0.3019331	1.4399890
40.1311722	101.5637131	-0.7664456	1.9045014
41.9148979	101.5637131	-0.5341894	2.0670810
43.6986275	101.5637131	-0.1741922	1.4748274
45.4823532	101.5637131	0.0116128	1.4167633
47.2660828	101.5637131	-0.5690278	1.8580502
49.0498085	101.5637131	-0.6387047	1.5445043
50.8335381	101.5637131	-0.3135459	1.4980530
52.6172676	101.5637131	-0.3716100	1.5445043
54.4009972	101.5637131	-0.6038663	1.6954708
56.1847229	101.5637131	0.0000000	0.0000000
57.9684486	101.5637131	-0.5341894	1.5909555
59.7521782	101.5637131	-0.6270919	1.4051505
61.5359077	101.5637131	-0.6735432	1.1032174
63.3196297	101.5637131	-0.5458022	0.9638636
65.1033630	101.5637131	-0.1974178	1.0103148
66.8870850	101.5637131	-0.0116128	1.2077327
68.6708145	101.5637131	0.0000000	0.0000000
70.4545441	101.5637131	0.0000000	0.0000000
72.2382736	101.5637131	0.0000000	0.0000000
0.8891521	103.3474426	0.0000000	0.0000000
2.6728802	103.3474426	0.0000000	0.0000000
4.4566083	103.3474426	0.0116128	-0.5690279
6.2403364	103.3474426	0.1741922	-0.9754764
8.0240641	103.3474426	0.1393538	-1.0219276
9.8077927	103.3474426	-0.1393538	-1.0683789
11.5915203	103.3474426	-0.2438691	-0.5690279
13.3752489	103.3474426	-0.0929025	-0.1858050
15.1589766	103.3474426	-0.0464513	-0.0232256
16.9427032	103.3474426	-0.4877381	0.0580641
18.7264328	103.3474426	-0.0580641	-0.7664457
20.5101604	103.3474426	-0.1741922	-0.1974178
22.2938881	103.3474426	-0.1277409	-0.4064485
24.0776157	103.3474426	-0.2787075	-0.5109638
25.8613453	103.3474426	-0.0580641	-0.5922535
27.6450729	103.3474426	0.0696769	-0.4528998
29.4288006	103.3474426	-0.1045153	0.0116128
31.2125282	103.3474426	-0.4761253	0.0464513
32.9962578	103.3474426	0.0000000	0.0000000
34.7799835	103.3474426	0.0000000	0.0000000
36.5637131	103.3474426	-0.3367716	1.4748274
38.3474426	103.3474426	-0.7199944	1.6606324
40.1311722	103.3474426	-0.7199944	2.1019194
41.9148979	103.3474426	-0.5458022	2.0322425
43.6986275	103.3474426	-0.1858050	1.2774096
45.4823532	103.3474426	-0.0580641	1.3006351
47.2660828	103.3474426	-0.8709610	1.8232118
49.0498085	103.3474426	-0.7548329	1.8232118
50.8335381	103.3474426	-0.7548329	1.4399890
52.6172676	103.3474426	-0.6270919	1.6257939
54.4009972	103.3474426	-0.5922534	1.6490196
56.1847229	103.3474426	-0.4877381	1.8115990
57.9684486	103.3474426	-0.1161281	1.4980530
59.7521782	103.3474426	-0.1509666	1.4980530
61.5359077	103.3474426	-0.4412869	0.9174123
63.3196297	103.3474426	-0.5341894	0.8941867
65.1033630	103.3474426	-0.1277409	1.1380558
66.8870850	103.3474426	-0.0464513	1.1148301
68.6708145	103.3474426	0.0000000	0.0000000
70.4545441	103.3474426	0.0000000	0.0000000
72.2382736	103.3474426	0.0000000	0.0000000
0.8891521	105.1311722	0.0000000	0.0000000
2.6728802	105.1311722	-0.0464513	-1.0219276
4.4566083	105.1311722	-0.0580641	-1.0219276
6.2403364	105.1311722	-0.0464513	-1.2077327
8.0240641	105.1311722	-0.0116128	-1.2077327
9.8077927	105.1311722	-0.7199944	-0.6387048
11.5915203	105.1311722	-0.6851560	-0.6038663
13.3752489	105.1311722	-0.5225766	-0.1858050
15.1589766	105.1311722	-0.1741922	-0.0464513
16.9427032	105.1311722	-0.6154791	0.1045153
18.7264328	105.1311722	-0.0116128	-0.0116128
20.5101604	105.1311722	0.0696769	-0.1625794
22.2938881	105.1311722	-0.0348384	-0.2090307
24.0776157	105.1311722	0.0116128	-0.2554819
25.8613453	105.1311722	0.0348384	-0.2903203
27.6450729	105.1311722	0.0232256	-0.2903203
29.4288006	105.1311722	-0.3832228	0.0348384
31.2125282	105.1311722	-0.7432200	0.5225766
32.9962578	105.1311722	-1.2657967	0.6967688
34.7799835	105.1311722	-0.8709610	0.2322563
36.5637131	105.1311722	0.0000000	0.0000000
38.3474426	105.1311722	-0.8825738	2.2644987
40.1311722	105.1311722	-0.7316072	2.1599834
41.9148979	105.1311722	-0.4412869	1.4399890
43.6986275	105.1311722	-0.4877381	1.3470864
45.4823532	105.1311722	-0.0116128	1.3354737
47.2660828	105.1311722	-1.2541838	1.4399890
49.0498085	105.1311722	-0.7664456	1.5677298
50.8335381	105.1311722	-0.9987019	1.4167633
52.6172676	105.1311722	-0.5458022	1.6490196
54.4009972	105.1311722	-0.6154791	1.5677298
56.1847229	105.1311722	-0.4296741	1.6490196
57.9684486	105.1311722	-0.2322563	0.7432201
59.7521782	105.1311722	0.0348384	0.8941867
61.5359077	105.1311722	0.2787075	0.7083817
63.3196297	105.1311722	0.0116128	1.0103148
65.1033630	105.1311722	-0.1741922	0.9174123
66.8870850	105.1311722	0.0348384	0.9870892
68.6708145	105.1311722	-0.0116128	-1.0335405
70.4545441	105.1311722	0.0000000	0.0000000
72.2382736	105.1311722	0.0000000	0.0000000
0.8891521	106.9149017	0.0580641	-1.4864402
2.6728802	106.9149017	0.0116128	-0.8709611
4.4566083	106.9149017	-0.1277409	-0.9406379
6.2403364	106.9149017	-0.4645125	-0.8593482
8.0240641	106.9149017	-0.4761253	-0.7199945
9.8077927	106.9149017	-0.8245097	-0.6154791
11.5915203	106.9149017	-0.6735432	-0.5458022
13.3752489	106.9149017	-0.7316072	-0.1161281
15.1589766	106.9149017	0.0812897	-0.0580641
16.9427032	106.9149017	0.0116128	-0.0580641
18.7264328	106.9149017	0.0464513	-1.2309582
20.5101604	106.9149017	0.0929025	-0.4877382
22.2938881	106.9149017	0.0464513	-0.4645126
24.0776157	106.9149017	0.0348384	-0.3367716
25.8613453	106.9149017	0.0116128	-0.3019332
27.6450729	106.9149017	-0.2090306	0.0000000
29.4288006	106.9149017	-1.1612813	0.6038663
31.2125282	106.9149017	-1.5909554	0.6851560
32.9962578	106.9149017	-1.4748273	0.7199945
34.7799835	106.9149017	-1.9857910	1.4051505
36.5637131	106.9149017	0.0000000	0.0000000
38.3474426	106.9149017	-1.1496685	2.2296603
40.1311722	106.9149017	-0.7432200	1.7419221
41.9148979	106.9149017	-0.4645125	1.4980530
43.6986275	106.9149017	-1.2774094	1.4283761
45.4823532	106.9149017	-1.3703120	1.5096658
47.2660828	106.9149017	-1.3586991	1.4980530
49.0498085	106.9149017	-1.2890222	1.4167633
50.8335381	106.9149017	-0.4296741	-0.0580641
52.6172676	106.9149017	-0.3135459	0.1161281
54.4009972	106.9149017	-0.1974178	0.6967688
56.1847229	106.9149017	-0.1858050	1.0916045
57.9684486	106.9149017	-0.0464513	1.1961198
59.7521782	106.9149017	0.0929025	0.8941867
61.5359077	106.9149017	0.1161281	0.9870892
63.3196297	106.9149017	0.0116128	1.3819249
65.1033630	106.9149017	-0.1509666	1.3470864
66.8870850	106.9149017	0.0116128	1.0451533
68.6708145	106.9149017	0.0000000	0.0000000
70.4545441	106.9149017	0.0000000	0.0000000
72.2382736	106.9149017	0.0000000	0.0000000
0.8891521	108.6986237	0.0000000	0.0000000
2.6728802	108.6986237	0.0000000	0.0000000
4.4566083	108.6986237	-0.2787075	-0.9290251
6.2403364	108.6986237	-0.6619303	-0.8361226
8.0240641	108.6986237	-0.7199944	-0.8593482
9.8077927	108.6986237	-0.8128969	-0.9522507
11.5915203	108.6986237	-0.5225766	-0.2322563
13.3752489	108.6986237	-0.2438691	-0.1509666
15.1589766	108.6986237	0.0000000	0.0000000
16.9427032	108.6986237	0.0000000	-0.1741922
18.7264328	108.6986237	0.1277409	-0.8128970
20.5101604	108.6986237	0.1625794	-0.8361226
22.2938881	108.6986237	0.0812897	-0.5574151
24.0776157	108.6986237	0.0348384	-0.0116128
25.8613453	108.6986237	0.0464513	-0.0812897
27.6450729	108.6986237	-0.3367716	0.4064485
29.4288006	108.6986237	-0.6154791	0.7083817
31.2125282	108.6986237	-1.1032172	0.6387048
32.9962578	108.6986237	-1.9741782	1.3354737
34.7799835	108.6986237	0.0000000	0.0000000
36.5637131	108.6986237	-1.5096657	1.2774096
38.3474426	108.6986237	-1.4516016	1.3586992
40.1311722	108.6986237	-0.9290251	1.4516017
41.9148979	108.6986237	-0.8941866	1.4980530
43.6986275	108.6986237	-1.3703120	1.5561171
45.4823532	108.6986237	-1.5793426	1.3935376
47.2660828	108.6986237	-1.3586991	1.2541839
49.0498085	108.6986237	-1.0335404	1.1612813
50.8335381	108.6986237	-0.5690278	0.1161281
52.6172676	108.6986237	-0.5341894	-0.0696769
54.4009972	108.6986237	-0.6154791	-0.2206435
56.1847229	108.6986237	-0.4877381	-0.2554819
57.9684486	108.6986237	0.0696769	0.6387048
59.7521782	108.6986237	0.0232256	0.5806407
61.5359077	108.6986237	0.1625794	1.2541839
63.3196297	108.6986237	0.1161281	1.5212786
65.1033630	108.6986237	-0.0116128	1.4283761
66.8870850	108.6986237	0.0000000	1.1961198
68.6708145	108.6986237	0.0000000	0.0000000
70.4545441	108.6986237	0.0000000	0.0000000
72.2382736	108.6986237	0.0000000	0.0000000
0.8891521	110.4823532	0.0000000	0.0000000
2.6728802	110.4823532	0.0000000	-0.6038663
4.4566083	110.4823532	-0.0812897	-0.5109638
6.2403364	110.4823532	-0.9406378	-0.6967688
8.0240641	110.4823532	-0.8941866	-0.8709611
9.8077927	110.4823532	-0.8477353	-0.9638636
11.5915203	110.4823532	-0.3483844	-0.0929025
13.3752489	110.4823532	-0.4993510	-0.0580641
15.1589766	110.4823532	0.2903203	-0.1045153
16.9427032	110.4823532	0.0000000	0.0000000
18.7264328	110.4823532	0.0116128	-0.8825738
20.5101604	110.4823532	0.0464513	-0.8593482
22.2938881	110.4823532	-0.2322563	-0.3716100
24.0776157	110.4823532	-0.1509666	-0.1974178
25.8613453	110.4823532	0.0348384	-0.0580641
27.6450729	110.4823532	0.0000000	0.0696769
29.4288006	110.4823532	-0.4993510	0.7083817
31.2125282	110.4823532	-0.6038663	0.7083817
32.9962578	110.4823532	-0.8361225	0.9638636
34.7799835	110.4823532	-1.8580501	1.3122480
36.5637131	110.4823532	-1.6257938	1.4399890
38.3474426	110.4823532	-1.5561169	1.5328914
40.1311722	110.4823532	-1.3819247	1.4980530
41.9148979	110.4823532	-1.0683788	1.4399890
43.6986275	110.4823532	-0.9406378	1.2774096
45.4823532	110.4823532	-1.2077326	1.3006351
47.2660828	110.4823532	-1.2774094	1.3703121
49.0498085	110.4823532	-0.6503175	0.1277409
50.8335381	110.4823532	-0.7199944	-0.0464513
52.6172676	110.4823532	-0.5922534	-0.2787075
54.4009972	110.4823532	-0.2090306	-0.0929025
56.1847229	110.4823532	-0.1858050	-0.0929025
57.9684486	110.4823532	-0.6503175	-0.3948357
59.7521782	110.4823532	-0.7780585	0.7083817
61.5359077	110.4823532	-0.5690278	0.9870892
63.3196297	110.4823532	-0.4296741	0.8361226
65.1033630	110.4823532	-0.0929025	1.3122480
66.8870850	110.4823532	-0.0116128	1.0567660
68.6708145	110.4823532	0.0000000	0.8825738
70.4545441	110.4823532	0.0000000	0.0000000
72.2382736	110.4823532	0.0000000	0.0000000
0.8891521	112.2660751	0.0000000	0.0000000
2.6728802	112.2660751	0.0000000	-0.6038663
4.4566083	112.2660751	0.0696769	-0.5225766
6.2403364	112.2660751	-0.5922534	-0.7548329
8.0240641	112.2660751	-0.8593482	-0.8128970
9.8077927	112.2660751	-0.6851560	-0.9522507
11.5915203	112.2660751	-0.5109638	-1.3586992
13.3752489	112.2660751	0.0000000	0.0000000
15.1589766	112.2660751	0.0812897	-0.0812897
16.9427032	112.2660751	0.0000000	-1.1264429
18.7264328	112.2660751	0.0464513	-0.7432201
20.5101604	112.2660751	0.0464513	-0.6735432
22.2938881	112.2660751	-0.2903203	-0.3251588
24.0776157	112.2660751	-0.2090306	-0.2438691
25.8613453	112.2660751	-0.4993510	0.0464513
27.6450729	112.2660751	-0.1974178	0.0348384
29.4288006	112.2660751	-0.4064485	0.7896714
31.2125282	112.2660751	0.0000000	0.0000000
32.9962578	112.2660751	-1.1612813	1.1612813
34.7799835	112.2660751	-1.3819247	1.3006351
36.5637131	112.2660751	-1.5096657	1.4748274
38.3474426	112.2660751	-1.5328913	1.3006351
40.1311722	112.2660751	-1.0683788	1.4399890
41.9148979	112.2660751	-0.7780585	1.3703121
43.6986275	112.2660751	-0.6270919	0.1277409
45.4823532	112.2660751	-0.6154791	0.1509666
47.2660828	112.2660751	-0.5574150	0.1509666
49.0498085	112.2660751	-0.7083816	0.1045153
50.8335381	112.2660751	-0.6967688	0.0580641
52.6172676	112.2660751	-0.6387047	-0.1045153
54.4009972	112.2660751	-0.5458022	-0.2670947
56.1847229	112.2660751	-0.4645125	-0.1625794
57.9684486	112.2660751	-0.5690278	0.0464513
59.7521782	112.2660751	-0.9406378	0.4528998
61.5359077	112.2660751	-0.6851560	1.0335405
63.3196297	112.2660751	-0.8245097	0.8477354
65.1033630	112.2660751	-0.4645125	0.8941867
66.8870850	112.2660751	0.0000000	0.8709611
68.6708145	112.2660751	0.0000000	0.9638636
70.4545441	112.2660751	0.0000000	0.0000000
72.2382736	112.2660751	0.0000000	0.0000000
0.8891521	114.0498047	0.0000000	0.0000000
2.6728802	114.0498047	-0.0116128	-0.5806407
4.4566083	114.0498047	-0.3019331	-0.3483844
6.2403364	114.0498047	-0.7316072	-0.6967688
8.0240641	114.0498047	-1.0103147	-0.8825738
9.8077927	114.0498047	-0.8825738	-0.8477354
11.5915203	114.0498047	-0.8012841	-1.2077327
13.3752489	114.0498047	-0.4645125	-0.3367716
15.1589766	114.0498047	0.1625794	-0.1974178
16.9427032	114.0498047	0.0696769	-0.6154791
18.7264328	114.0498047	0.1625794	-0.6154791
20.5101604	114.0498047	-0.0116128	-0.0580641
22.2938881	114.0498047	-0.1509666	-0.0812897
24.0776157	114.0498047	-0.6851560	-0.1045153
25.8613453	114.0498047	-0.5806407	0.0580641
27.6450729	114.0498047	-0.5109638	0.1161281
29.4288006	114.0498047	0.0000000	0.0000000
31.2125282	114.0498047	-0.9870891	1.1728942
32.9962578	114.0498047	-1.2425710	1.2657967
34.7799835	114.0498047	-1.8348244	1.3238608
36.5637131	114.0498047	-1.6606323	0.8941867
38.3474426	114.0498047	-1.6141810	1.0451533
40.1311722	114.0498047	-1.0103147	1.4399890
41.9148979	114.0498047	-0.7896713	1.1961198
43.6986275	114.0498047	-0.5341894	0.2322563
45.4823532	114.0498047	0.0000000	0.0000000
47.2660828	114.0498047	-0.6735432	0.1161281
49.0498085	114.0498047	-0.7083816	0.0580641
50.8335381	114.0498047	-0.4761253	0.1045153
52.6172676	114.0498047	-0.6619303	-0.0580641
54.4009972	114.0498047	-0.4296741	-0.6619304
56.1847229	114.0498047	-0.4645125	-0.5806407
57.9684486	114.0498047	-0.3948357	0.0000000
59.7521782	114.0498047	-0.4761253	0.5922535
61.5359077	114.0498047	-0.7199944	0.7896714
63.3196297	114.0498047	-0.5341894	0.7432201
65.1033630	114.0498047	0.6619303	0.0348384
66.8870850	114.0498047	0.0000000	0.0000000
68.6708145	114.0498047	0.0000000	0.0000000
70.4545441	114.0498047	0.0000000	0.0000000
72.2382736	114.0498047	0.0000000	0.0000000
0.8891521	115.8335342	0.0000000	0.0000000
2.6728802	115.8335342	0.0232256	-0.6503175
4.4566083	115.8335342	-0.1045153	-0.1741922
6.2403364	115.8335342	-1.2309582	-0.6387048
8.0240641	115.8335342	-1.2193453	-0.6967688
9.8077927	115.8335342	-1.0219276	-0.7432201
11.5915203	115.8335342	-0.7896713	-0.6270919
13.3752489	115.8335342	-0.2554819	-0.7780585
15.1589766	115.8335342	-0.1045153	-0.5458022
16.9427032	115.8335342	0.0232256	-0.5690279
18.7264328	115.8335342	0.1161281	-0.3716100
20.5101604	115.8335342	-0.0116128	0.0000000
22.2938881	115.8335342	-0.3019331	-0.0464513
24.0776157	115.8335342	-0.6851560	-0.0580641
25.8613453	115.8335342	-0.7083816	-0.0232256
27.6450729	115.8335342	-0.8361225	1.0567660
29.4288006	115.8335342	-0.8245097	1.1728942
31.2125282	115.8335342	-0.6967688	1.3935376
32.9962578	115.8335342	-1.0335404	1.3703121
34.7799835	115.8335342	-1.5793426	1.4283761
36.5637131	115.8335342	-1.4748273	0.9638636
38.3474426	115.8335342	0.0000000	0.0000000
40.1311722	115.8335342	-1.4399889	0.8825738
41.9148979	115.8335342	-0.8825738	0.2438691
43.6986275	115.8335342	-0.8245097	0.1161281
45.4823532	115.8335342	-0.8361225	-0.0812897
47.2660828	115.8335342	-0.5341894	0.0000000
49.0498085	115.8335342	-0.8593482	0.0580641
50.8335381	115.8335342	-0.6154791	-0.0116128
52.6172676	115.8335342	-0.3832228	-0.5109638
54.4009972	115.8335342	-0.1974178	-0.6038663
56.1847229	115.8335342	-0.2670947	-0.0812897
57.9684486	115.8335342	-0.5690278	-0.1741922
59.7521782	115.8335342	-0.3599972	-0.1741922
61.5359077	115.8335342	-0.4412869	0.2206435
63.3196297	115.8335342	-0.2206434	0.2206435
65.1033630	115.8335342	-0.0348384	-0.0812897
66.8870850	115.8335342	0.0580641	-0.0232256
68.6708145	115.8335342	-0.0232256	-0.8477354
70.4545441	115.8335342	0.0000000	0.0000000
72.2382736	115.8335342	0.0000000	0.0000000
0.8891521	117.6172638	0.0000000	0.0000000
2.6728802	117.6172638	-0.0696769	-0.2322563
4.4566083	117.6172638	-1.1148300	-0.4296741
6.2403364	117.6172638	-1.2657967	-0.5109638
8.0240641	117.6172638	-1.3470863	-0.6038663
9.8077927	117.6172638	-1.1148300	-0.6154791
11.5915203	117.6172638	0.0000000	0.0000000
13.3752489	117.6172638	-0.1974178	-0.5922535
15.1589766	117.6172638	-0.5225766	-0.5458022
16.9427032	117.6172638	-1.3470863	-0.2670947
18.7264328	117.6172638	-2.2296600	-0.1509666
20.5101604	117.6172638	-0.1858050	0.0812897
22.2938881	117.6172638	-0.3832228	0.2322563
24.0776157	117.6172638	-0.7083816	0.2090307
25.8613453	117.6172638	0.0000000	0.0000000
27.6450729	117.6172638	-0.8593482	0.1045153
29.4288006	117.6172638	-0.8361225	0.9987020
31.2125282	117.6172638	-0.8012841	1.0683789
32.9962578	117.6172638	-0.5341894	1.3703121
34.7799835	117.6172638	-1.2193453	1.4864402
36.5637131	117.6172638	-0.6503175	0.0000000
38.3474426	117.6172638	0.0000000	0.0000000
40.1311722	117.6172638	-0.8709610	0.7664457
41.9148979	117.6172638	-0.8361225	0.7199945
43.6986275	117.6172638	-0.6503175	-0.0929025
45.4823532	117.6172638	-0.2554819	-0.0696769
47.2660828	117.6172638	-0.4412869	0.1509666
49.0498085	117.6172638	-0.4761253	-0.2206435
50.8335381	117.6172638	-0.4064485	-0.1625794
52.6172676	117.6172638	-0.2322563	-0.3367716
54.4009972	117.6172638	-0.2322563	-0.5109638
56.1847229	117.6172638	-0.1277409	-0.3832228
57.9684486	117.6172638	-0.2090306	-0.4645126
59.7521782	117.6172638	-0.1741922	-0.7316073
61.5359077	117.6172638	0.0000000	0.5922535
63.3196297	117.6172638	-0.1393538	0.2787075
65.1033630	117.6172638	0.0348384	-0.0812897
66.8870850	117.6172638	0.0696769	-0.1045153
68.6708145	117.6172638	0.0000000	0.0000000
70.4545441	117.6172638	0.0000000	0.0000000
72.2382736	117.6172638	0.0000000	0.0000000
0.8891521	119.4009933	0.0000000	0.0000000
2.6728802	119.4009933	-0.5574150	-0.1045153
4.4566083	119.4009933	-0.8593482	-0.3367716
6.2403364	119.4009933	-1.0219276	-0.5341895
8.0240641	119.4009933	-1.3006351	-0.1858050
9.8077927	119.4009933	-1.3122479	-0.5225766
11.5915203	119.4009933	-0.6851560	-0.3251588
13.3752489	119.4009933	0.0000000	0.0000000
15.1589766	119.4009933	-1.0683788	-0.2090307
16.9427032	119.4009933	-1.8115988	-0.1625794
18.7264328	119.4009933	-2.0786936	-0.2670947
20.5101604	119.4009933	-1.5212785	-0.0696769
22.2938881	119.4009933	-1.0451531	0.5574151
24.0776157	119.4009933	-0.9174122	0.3019332
25.8613453	119.4009933	-0.9870891	0.2322563
27.6450729	119.4009933	-1.0916045	0.1974178
29.4288006	119.4009933	-0.9406378	0.4180613
31.2125282	119.4009933	-0.7780585	0.1509666
32.9962578	119.4009933	-0.5806407	1.4864402
34.7799835	119.4009933	-0.4645125	1.6141812
36.5637131	119.4009933	-0.0116128	-1.9857912
38.3474426	119.4009933	0.0000000	0.0000000
40.1311722	119.4009933	-0.5341894	0.1393538
41.9148979	119.4009933	-0.1045153	-0.3599972
43.6986275	119.4009933	-0.2090306	-0.2670947
45.4823532	119.4009933	-0.0464513	-0.1161281
47.2660828	119.4009933	0.1625794	-0.1741922
49.0498085	119.4009933	-0.2554819	-0.5690279
50.8335381	119.4009933	-0.3251588	-0.4993510
52.6172676	119.4009933	-0.4528997	-0.3251588
54.4009972	119.4009933	-0.3019331	-0.4528998
56.1847229	119.4009933	-0.3483844	-0.3599972
57.9684486	119.4009933	-0.3251588	-0.3135460
59.7521782	119.4009933	-0.3483844	-0.0116128
61.5359077	119.4009933	-0.1161281	0.1161281
63.3196297	119.4009933	0.0696769	-0.0232256
65.1033630	119.4009933	0.0812897	-0.1858050
66.8870850	119.4009933	-0.0464513	-0.0929025
68.6708145	119.4009933	0.0232256	1.4399890
70.4545441	119.4009933	0.0000000	0.0000000
72.2382736	119.4009933	0.0000000	0.0000000
0.8891521	121.1847229	0.0000000	0.0000000
2.6728802	121.1847229	-0.1625794	-0.0929025
4.4566083	121.1847229	-0.1974178	0.0232256
6.2403364	121.1847229	-1.2541838	-0.2206435
8.0240641	121.1847229	-1.3819247	-0.2438691
9.8077927	121.1847229	-1.2541838	-0.3251588
11.5915203	121.1847229	0.0000000	0.0000000
13.3752489	121.1847229	-1.2774094	-0.0232256
15.1589766	121.1847229	-1.4051504	0.0696769
16.9427032	121.1847229	-1.9045013	0.1045153
18.7264328	121.1847229	-1.9277270	-0.2438691
20.5101604	121.1847229	-1.6838579	-0.4296741
22.2938881	121.1847229	-1.6490195	0.0116128
24.0776157	121.1847229	-1.2657967	0.0464513
25.8613453	121.1847229	-1.2077326	-0.0232256
27.6450729	121.1847229	-1.1264429	0.0929025
29.4288006	121.1847229	-0.8012841	0.0348384
31.2125282	121.1847229	-1.0683788	0.6503175
32.9962578	121.1847229	-1.0335404	1.4399890
34.7799835	121.1847229	-0.5922534	1.5677298
36.5637131	121.1847229	-0.2322563	0.0232256
38.3474426	121.1847229	-0.2438691	0.0116128
40.1311722	121.1847229	-0.2787075	0.3599972
41.9148979	121.1847229	-0.0929025	-0.0464513
43.6986275	121.1847229	-0.1974178	-0.5225766
45.4823532	121.1847229	0.0348384	-0.5458022
47.2660828	121.1847229	-0.1161281	-0.1741922
49.0498085	121.1847229	-0.2206434	-0.2903203
50.8335381	121.1847229	-0.4296741	-0.5458022
52.6172676	121.1847229	-0.5574150	-0.2903203
54.4009972	121.1847229	-0.4064485	-0.3948357
56.1847229	121.1847229	-0.5225766	-0.3251588
57.9684486	121.1847229	-0.1974178	-0.4064485
59.7521782	121.1847229	-0.2554819	-0.3483844
61.5359077	121.1847229	-0.1045153	-0.0464513
63.3196297	121.1847229	0.0464513	-0.1045153
65.1033630	121.1847229	0.0348384	-0.2090307
66.8870850	121.1847229	-0.0464513	-0.2206435
68.6708145	121.1847229	0.0000000	0.0000000
70.4545441	121.1847229	0.0000000	0.0000000
72.2382736	121.1847229	0.0000000	0.0000000
0.8891521	122.9684525	0.0000000	0.0000000
2.6728802	122.9684525	-0.0116128	0.0580641
4.4566083	122.9684525	-0.0348384	0.0232256
6.2403364	122.9684525	-0.3483844	-0.2903203
8.0240641	122.9684525	-1.3586991	-0.1974178
9.8077927	122.9684525	-1.2541838	-0.1277409
11.5915203	122.9684525	-0.7664456	-0.0464513
13.3752489	122.9684525	-0.9174122	-0.0348384
15.1589766	122.9684525	-1.3935375	0.3832228
16.9427032	122.9684525	-0.9406378	-0.0812897
18.7264328	122.9684525	-0.9522507	-0.1509666
20.5101604	122.9684525	-0.9987019	-0.1161281
22.2938881	122.9684525	-1.0799916	-0.2554819
24.0776157	122.9684525	-1.0451531	-0.1277409
25.8613453	122.9684525	-0.9406378	-0.1741922
27.6450729	122.9684525	-1.1380557	0.0464513
29.4288006	122.9684525	-1.0683788	0.0464513
31.2125282	122.9684525	-0.8361225	0.3948357
32.9962578	122.9684525	-0.7083816	0.7199945
34.7799835	122.9684525	-0.6038663	0.3832228
36.5637131	122.9684525	-0.3483844	0.1509666
38.3474426	122.9684525	-0.2322563	0.1045153
40.1311722	122.9684525	-0.0464513	0.4064485
41.9148979	122.9684525	-0.1161281	-0.1045153
43.6986275	122.9684525	-0.1277409	-0.4877382
45.4823532	122.9684525	-0.0696769	-0.3948357
47.2660828	122.9684525	-0.3367716	-0.5806407
49.0498085	122.9684525	-0.3599972	-0.4993510
50.8335381	122.9684525	-0.1858050	-0.6619304
52.6172676	122.9684525	-0.1858050	-0.5574151
54.4009972	122.9684525	-0.2787075	-0.3599972
56.1847229	122.9684525	-0.3483844	-0.3251588
57.9684486	122.9684525	-0.1625794	-0.3832228
59.7521782	122.9684525	-0.2670947	-0.3599972
61.5359077	122.9684525	-0.2322563	-0.3019332
63.3196297	122.9684525	-0.0696769	-0.3251588
65.1033630	122.9684525	0.0464513	-0.2787075
66.8870850	122.9684525	0.1045153	-0.4877382
68.6708145	122.9684525	0.0000000	0.0000000
70.4545441	122.9684525	0.0000000	0.0000000
72.2382736	122.9684525	0.0000000	0.0000000
0.8891521	124.7521820	0.0000000	0.0000000
2.6728802	124.7521820	0.0000000	0.0000000
4.4566083	124.7521820	0.0929025	0.0116128
6.2403364	124.7521820	-0.7548329	0.0232256
8.0240641	124.7521820	-1.2541838	-0.0696769
9.8077927	124.7521820	-1.4167632	0.0000000
11.5915203	124.7521820	-1.2774094	0.0696769
13.3752489	124.7521820	-1.0103147	0.0000000
15.1589766	124.7521820	-0.8709610	0.2787075
16.9427032	124.7521820	-0.8941866	0.0116128
18.7264328	124.7521820	-0.9057994	-0.1858050
20.5101604	124.7521820	-0.8709610	-0.2438691
22.2938881	124.7521820	-0.8477353	-0.2438691
24.0776157	124.7521820	-0.8361225	-0.3135460
25.8613453	124.7521820	-0.9754763	-0.3019332
27.6450729	124.7521820	-0.8825738	-0.1509666
29.4288006	124.7521820	-0.9987019	-0.0232256
31.2125282	124.7521820	-0.7780585	-0.0696769
32.9962578	124.7521820	-0.8245097	0.2670947
34.7799835	124.7521820	-0.6387047	0.1625794
36.5637131	124.7521820	-0.6154791	0.0232256
38.3474426	124.7521820	-0.4993510	0.0696769
40.1311722	124.7521820	-0.0929025	0.3716100
41.9148979	124.7521820	-0.0929025	0.1045153
43.6986275	124.7521820	-0.1393538	-0.0696769
45.4823532	124.7521820	-0.1509666	-0.5109638
47.2660828	124.7521820	-0.1858050	-0.5690279
49.0498085	124.7521820	-0.1741922	-0.7199945
50.8335381	124.7521820	-0.1277409	-0.6038663
52.6172676	124.7521820	-0.0696769	-0.5458022
54.4009972	124.7521820	-0.0812897	-0.4296741
56.1847229	124.7521820	-0.0116128	-0.3716100
57.9684486	124.7521820	-0.2090306	-0.4877382
59.7521782	124.7521820	-0.2206434	-0.6270919
61.5359077	124.7521820	-0.1045153	-0.3019332
63.3196297	124.7521820	-0.0464513	-0.1509666
65.1033630	124.7521820	0.1509666	-0.2554819
66.8870850	124.7521820	0.0232256	-0.3019332
68.6708145	124.7521820	0.0116128	1.2890223
70.4545441	124.7521820	0.0000000	0.0000000
72.2382736	124.7521820	0.0000000	0.0000000
0.8891521	126.5359039	0.0000000	0.0000000
2.6728802	126.5359039	0.0000000	0.0000000
4.4566083	126.5359039	0.2090306	-0.0929025
6.2403364	126.5359039	-0.2206434	0.1625794
8.0240641	126.5359039	-0.8361225	-0.0464513
9.8077927	126.5359039	-1.4051504	0.0348384
11.5915203	126.5359039	-1.5096657	0.0580641
13.3752489	126.5359039	-1.3819247	0.0696769
15.1589766	126.5359039	-1.2890222	0.3483844
16.9427032	126.5359039	-1.0799916	0.1509666
18.7264328	126.5359039	-0.9987019	-0.0348384
20.5101604	126.5359039	-0.8012841	-0.1277409
22.2938881	126.5359039	-0.9522507	-0.0696769
24.0776157	126.5359039	-0.9406378	-0.0812897
25.8613453	126.5359039	-0.8941866	-0.2438691
27.6450729	126.5359039	-0.9174122	-0.2090307
29.4288006	126.5359039	-0.9754763	-0.1393538
31.2125282	126.5359039	-0.7664456	-0.0812897
32.9962578	126.5359039	-0.6735432	0.0116128
34.7799835	126.5359039	-0.6503175	-0.0348384
36.5637131	126.5359039	-0.7199944	-0.3019332
38.3474426	126.5359039	-0.4296741	-0.1509666
40.1311722	126.5359039	-0.3948357	-0.1045153
41.9148979	126.5359039	-0.1161281	0.0116128
43.6986275	126.5359039	-0.4296741	-0.1161281
45.4823532	126.5359039	-0.1277409	-0.3483844
47.2660828	126.5359039	-0.1277409	-0.4412869
49.0498085	126.5359039	-0.1045153	-0.5341895
50.8335381	126.5359039	-0.0116128	-0.6387048
52.6172676	126.5359039	-0.0696769	-0.7199945
54.4009972	126.5359039	-0.0464513	-0.6387048
56.1847229	126.5359039	-0.0116128	-0.3599972
57.9684486	126.5359039	-0.0348384	-0.1509666
59.7521782	126.5359039	-0.3599972	-0.3483844
61.5359077	126.5359039	-0.2670947	-0.2322563
63.3196297	126.5359039	-0.1858050	-0.1974178
65.1033630	126.5359039	-0.0464513	-0.2090307
66.8870850	126.5359039	0.0116128	-0.3367716
68.6708145	126.5359039	0.0000000	0.0000000
70.4545441	126.5359039	0.0232256	0.0000000
72.2382736	126.5359039	0.0348384	-0.0116128
0.8891521	128.3196411	0.0000000	0.0000000
2.6728802	128.3196411	0.1277409	-0.5109638
4.4566083	128.3196411	0.1974178	-0.0812897
6.2403364	128.3196411	-0.0929025	0.3832228
8.0240641	128.3196411	-0.5574150	0.3483844
9.8077927	128.3196411	-0.6967688	0.1509666
11.5915203	128.3196411	-0.9057994	0.0348384
13.3752489	128.3196411	-1.3122479	0.1161281
15.1589766	128.3196411	-1.3122479	0.3251588
16.9427032	128.3196411	-0.9754763	0.3019332
18.7264328	128.3196411	-1.0103147	-0.0116128
20.5101604	128.3196411	-1.1380557	-0.0464513
22.2938881	128.3196411	-1.1264429	-0.0348384
24.0776157	128.3196411	-0.9638635	-0.0812897
25.8613453	128.3196411	-0.8941866	-0.2206435
27.6450729	128.3196411	-0.7780585	-0.2090307
29.4288006	128.3196411	-0.7780585	-0.1741922
31.2125282	128.3196411	-0.7316072	-0.1625794
32.9962578	128.3196411	-0.6851560	-0.0812897
34.7799835	128.3196411	-0.6503175	0.0000000
36.5637131	128.3196411	-0.6735432	-0.2206435
38.3474426	128.3196411	-0.5109638	-0.1741922
40.1311722	128.3196411	-0.2787075	-0.1625794
41.9148979	128.3196411	-0.1393538	-0.1393538
43.6986275	128.3196411	-0.2206434	-0.1277409
45.4823532	128.3196411	-0.2090306	-0.1741922
47.2660828	128.3196411	-0.2322563	-0.2090307
49.0498085	128.3196411	-0.1741922	-0.2670947
50.8335381	128.3196411	-0.2438691	-0.2554819
52.6172676	128.3196411	-0.7199944	-0.2438691
54.4009972	128.3196411	-0.0348384	-0.4064485
56.1847229	128.3196411	0.0348384	-0.4412869
57.9684486	128.3196411	-0.0812897	-0.3599972
59.7521782	128.3196411	-0.1161281	-0.2322563
61.5359077	128.3196411	-0.1393538	-0.1741922
63.3196297	128.3196411	-0.1045153	-0.1393538
65.1033630	128.3196411	-0.0929025	-0.1045153
66.8870850	128.3196411	0.1509666	-0.1161281
68.6708145	128.3196411	-0.0116128	-0.0812897
70.4545441	128.3196411	0.0000000	0.0000000
72.2382736	128.3196411	0.0000000	0.0000000
0.8891521	130.1033630	0.0000000	0.0000000
2.6728802	130.1033630	0.1161281	-0.2322563
4.4566083	130.1033630	0.1393538	-0.2787075
6.2403364	130.1033630	-0.3599972	0.7083817
8.0240641	130.1033630	-0.3832228	0.5806407
9.8077927	130.1033630	-0.3599972	0.1277409
11.5915203	130.1033630	-0.2206434	0.0348384
13.3752489	130.1033630	-0.2206434	-0.1045153
15.1589766	130.1033630	-0.4645125	-0.0696769
16.9427032	130.1033630	-0.7548329	-0.0348384
18.7264328	130.1033630	-0.9870891	0.0000000
20.5101604	130.1033630	-0.8825738	-0.0464513
22.2938881	130.1033630	-1.2077326	-0.0812897
24.0776157	130.1033630	-1.1264429	-0.1393538
25.8613453	130.1033630	-0.9406378	-0.1161281
27.6450729	130.1033630	-0.9057994	-0.0929025
29.4288006	130.1033630	-0.8361225	-0.0696769
31.2125282	130.1033630	-0.7432200	0.0464513
32.9962578	130.1033630	-0.7548329	0.0232256
34.7799835	130.1033630	-0.7548329	0.0116128
36.5637131	130.1033630	-0.6735432	-0.0696769
38.3474426	130.1033630	-0.5690278	-0.1741922
40.1311722	130.1033630	-0.4993510	-0.1277409
41.9148979	130.1033630	-0.4412869	-0.0580641
43.6986275	130.1033630	-0.2787075	-0.1393538
45.4823532	130.1033630	-0.2090306	-0.0348384
47.2660828	130.1033630	-0.2206434	-0.0929025
49.0498085	130.1033630	-0.1741922	-0.1161281
50.8335381	130.1033630	-0.1045153	-0.1393538
52.6172676	130.1033630	-0.0464513	-0.4180613
54.4009972	130.1033630	0.0696769	-0.5458022
56.1847229	130.1033630	0.0464513	-0.3832228
57.9684486	130.1033630	-0.1161281	0.0348384
59.7521782	130.1033630	-0.0348384	-0.1509666
61.5359077	130.1033630	-0.1277409	-0.1858050
63.3196297	130.1033630	0.0116128	-0.1625794
65.1033630	130.1033630	-0.0464513	-0.3019332
66.8870850	130.1033630	-0.0348384	-0.6735432
68.6708145	130.1033630	0.0000000	0.0000000
70.4545441	130.1033630	0.0000000	0.0000000
72.2382736	130.1033630	0.0000000	0.0000000
0.8891521	131.8871002	0.0000000	0.0000000
2.6728802	131.8871002	0.0232256	-0.2438691
4.4566083	131.8871002	0.0929025	-0.2090307
6.2403364	131.8871002	-0.0348384	0.5922535
8.0240641	131.8871002	-0.1277409	0.7432201
9.8077927	131.8871002	0.1161281	0.1161281
11.5915203	131.8871002	0.1277409	0.1393538
13.3752489	131.8871002	-0.0348384	-0.5109638
15.1589766	131.8871002	-0.3251588	-0.2090307
16.9427032	131.8871002	-0.6619303	-0.0696769
18.7264328	131.8871002	-0.7780585	-0.0929025
20.5101604	131.8871002	-0.7780585	-0.1045153
22.2938881	131.8871002	-0.7432200	-0.2438691
24.0776157	131.8871002	-0.8477353	-0.3135460
25.8613453	131.8871002	-0.9522507	-0.1277409
27.6450729	131.8871002	-0.9174122	-0.1161281
29.4288006	131.8871002	-0.8361225	-0.0232256
31.2125282	131.8871002	-0.7896713	0.1509666
32.9962578	131.8871002	-0.8128969	0.1858050
34.7799835	131.8871002	-0.6735432	0.0464513
36.5637131	131.8871002	-0.6270919	0.1625794
38.3474426	131.8871002	-0.5806407	-0.1393538
40.1311722	131.8871002	-0.5806407	-0.0116128
41.9148979	131.8871002	-0.4180613	-0.0116128
43.6986275	131.8871002	-0.2903203	-0.0464513
45.4823532	131.8871002	-0.1625794	-0.0464513
47.2660828	131.8871002	-0.0812897	-0.0812897
49.0498085	131.8871002	-0.1161281	-0.1509666
50.8335381	131.8871002	-0.1045153	-0.1393538
52.6172676	131.8871002	-0.0812897	-0.2322563
54.4009972	131.8871002	-0.0929025	-0.2206435
56.1847229	131.8871002	-0.0580641	-0.1974178
57.9684486	131.8871002	-0.0464513	-0.2438691
59.7521782	131.8871002	-0.0812897	-0.0812897
61.5359077	131.8871002	-0.0580641	-0.1625794
63.3196297	131.8871002	-0.1045153	-0.2787075
65.1033630	131.8871002	-0.0696769	-0.2554819
66.8870850	131.8871002	0.0000000	-0.7083817
68.6708145	131.8871002	0.0580641	-1.0683789
70.4545441	131.8871002	0.0000000	0.0000000
72.2382736	131.8871002	0.0000000	0.0000000
0.8891521	133.6708221	0.0000000	0.0000000
2.6728802	133.6708221	-0.0232256	-0.3367716
4.4566083	133.6708221	-0.1625794	-0.3019332
6.2403364	133.6708221	-0.0116128	0.0348384
8.0240641	133.6708221	0.0464513	0.5806407
9.8077927	133.6708221	0.0116128	0.2438691
11.5915203	133.6708221	0.0348384	0.2322563
13.3752489	133.6708221	-0.0464513	0.0232256
15.1589766	133.6708221	-0.3367716	-0.2206435
16.9427032	133.6708221	-0.4412869	-0.1625794
18.7264328	133.6708221	-0.5225766	-0.0464513
20.5101604	133.6708221	-0.6967688	-0.0464513
22.2938881	133.6708221	-0.5922534	-0.1161281
24.0776157	133.6708221	-0.6619303	-0.3832228
25.8613453	133.6708221	-0.5922534	-0.2438691
27.6450729	133.6708221	-0.6503175	-0.1045153
29.4288006	133.6708221	-0.5690278	-0.1509666
31.2125282	133.6708221	-0.4993510	-0.2090307
32.9962578	133.6708221	-0.7780585	-0.0464513
34.7799835	133.6708221	-0.8012841	0.0464513
36.5637131	133.6708221	-0.6038663	0.1045153
38.3474426	133.6708221	-0.4180613	-0.1161281
40.1311722	133.6708221	-0.4412869	-0.0116128
41.9148979	133.6708221	-0.4993510	-0.0929025
43.6986275	133.6708221	-0.2554819	-0.1045153
45.4823532	133.6708221	-0.2090306	-0.0232256
47.2660828	133.6708221	-0.1741922	-0.1741922
49.0498085	133.6708221	-0.0580641	-0.3367716
50.8335381	133.6708221	0.0000000	-0.3599972
52.6172676	133.6708221	0.0696769	-0.3135460
54.4009972	133.6708221	0.0232256	-0.1509666
56.1847229	133.6708221	-0.1161281	-0.0348384
57.9684486	133.6708221	-0.0232256	-0.3019332
59.7521782	133.6708221	-0.0929025	-0.3019332
61.5359077	133.6708221	-0.0696769	-0.3251588
63.3196297	133.6708221	-0.0116128	-0.3367716
65.1033630	133.6708221	0.0929025	-0.5225766
66.8870850	133.6708221	-0.0116128	-0.6967688
68.6708145	133.6708221	0.0000000	0.0000000
70.4545441	133.6708221	0.0000000	0.0000000
72.2382736	133.6708221	0.0000000	0.0000000
0.8891521	135.4545441	0.0000000	0.0000000
2.6728802	135.4545441	0.0000000	0.0000000
4.4566083	135.4545441	-0.4877381	-0.3367716
6.2403364	135.4545441	-0.5458022	-0.1858050
8.0240641	135.4545441	0.0348384	0.6270919
9.8077927	135.4545441	0.1161281	0.3716100
11.5915203	135.4545441	-0.0580641	0.1161281
13.3752489	135.4545441	-0.0232256	0.0116128
15.1589766	135.4545441	0.0232256	-0.0464513
16.9427032	135.4545441	-0.0232256	0.0464513
18.7264328	135.4545441	-0.5922534	0.0580641
20.5101604	135.4545441	-0.6967688	0.0580641
22.2938881	135.4545441	-0.6387047	-0.1045153
24.0776157	135.4545441	-0.6038663	-0.2206435
25.8613453	135.4545441	-0.6270919	-0.1393538
27.6450729	135.4545441	-0.4993510	-0.2090307
29.4288006	135.4545441	-0.6619303	-0.1277409
31.2125282	135.4545441	-0.6967688	-0.2322563
32.9962578	135.4545441	-0.7083816	-0.1741922
34.7799835	135.4545441	-0.5458022	-0.1045153
36.5637131	135.4545441	-0.6735432	-0.0464513
38.3474426	135.4545441	-0.6270919	0.0116128
40.1311722	135.4545441	-0.6387047	-0.0116128
41.9148979	135.4545441	-0.6038663	-0.0929025
43.6986275	135.4545441	-0.3251588	-0.1277409
45.4823532	135.4545441	-0.1974178	-0.0696769
47.2660828	135.4545441	-0.1161281	-0.1974178
49.0498085	135.4545441	-0.0464513	-0.1974178
50.8335381	135.4545441	0.0464513	-0.2554819
52.6172676	135.4545441	0.0580641	-0.1741922
54.4009972	135.4545441	0.0348384	-0.1509666
56.1847229	135.4545441	-0.0464513	-0.2322563
57.9684486	135.4545441	-0.1974178	-0.2090307
59.7521782	135.4545441	-0.0812897	-0.1741922
61.5359077	135.4545441	0.0232256	-0.3599972
63.3196297	135.4545441	-0.0580641	-0.4761254
65.1033630	135.4545441	-0.0580641	-0.4412869
66.8870850	135.4545441	0.0000000	-0.6503175
68.6708145	135.4545441	0.0000000	0.0000000
70.4545441	135.4545441	0.0000000	0.0000000
72.2382736	135.4545441	0.0000000	0.0000000
0.8891521	137.2382813	0.0000000	0.0000000
2.6728802	137.2382813	-0.2787075	-0.2090307
4.4566083	137.2382813	-0.4993510	0.0116128
6.2403364	137.2382813	-0.4993510	-0.0116128
8.0240641	137.2382813	-0.4645125	0.4296741
9.8077927	137.2382813	0.0232256	0.6967688
11.5915203	137.2382813	-0.1161281	0.2438691
13.3752489	137.2382813	-0.1045153	0.1509666
15.1589766	137.2382813	-0.1858050	0.1277409
16.9427032	137.2382813	-0.5458022	-0.0348384
18.7264328	137.2382813	-0.6387047	-0.0812897
20.5101604	137.2382813	-0.4064485	0.1045153
22.2938881	137.2382813	-0.4528997	0.0000000
24.0776157	137.2382813	-0.5574150	-0.0696769
25.8613453	137.2382813	-0.5690278	-0.1277409
27.6450729	137.2382813	-0.6270919	-0.1393538
29.4288006	137.2382813	-0.6387047	-0.1161281
31.2125282	137.2382813	-0.7432200	-0.1625794
32.9962578	137.2382813	-0.7548329	-0.1393538
34.7799835	137.2382813	-0.6038663	-0.1161281
36.5637131	137.2382813	-0.6851560	-0.1741922
38.3474426	137.2382813	-0.6503175	-0.1741922
40.1311722	137.2382813	-0.6270919	-0.1277409
41.9148979	137.2382813	-0.5458022	-0.1277409
43.6986275	137.2382813	-0.3948357	-0.0696769
45.4823532	137.2382813	-0.2322563	-0.1858050
47.2660828	137.2382813	-0.0929025	-0.1974178
49.0498085	137.2382813	-0.1625794	-0.1858050
50.8335381	137.2382813	-0.1045153	-0.2670947
52.6172676	137.2382813	0.0000000	-0.2438691
54.4009972	137.2382813	-0.0232256	-0.3832228
56.1847229	137.2382813	-0.1045153	-0.5690279
57.9684486	137.2382813	-0.2206434	-0.3716100
59.7521782	137.2382813	-0.0696769	-0.4064485
61.5359077	137.2382813	-0.1625794	-0.2206435
63.3196297	137.2382813	-0.1625794	-0.2438691
65.1033630	137.2382813	-0.0232256	-0.2554819
66.8870850	137.2382813	-0.0116128	-0.4528998
68.6708145	137.2382813	0.0000000	0.0000000
70.4545441	137.2382813	0.0000000	0.0000000
72.2382736	137.2382813	0.0000000	0.0000000
0.8891521	139.0220032	0.0000000	0.0000000
2.6728802	139.0220032	-0.1277409	0.0000000
4.4566083	139.0220032	-0.8245097	0.2090307
6.2403364	139.0220032	-0.9406378	0.1858050
8.0240641	139.0220032	-0.7199944	0.2903203
9.8077927	139.0220032	-0.1858050	0.7316073
11.5915203	139.0220032	-0.1393538	0.7432201
13.3752489	139.0220032	-0.6387047	0.2322563
15.1589766	139.0220032	-0.6270919	0.0116128
16.9427032	139.0220032	-0.7199944	-0.0580641
18.7264328	139.0220032	-0.6967688	-0.1509666
20.5101604	139.0220032	-0.4761253	-0.0929025
22.2938881	139.0220032	-0.4064485	-0.0812897
24.0776157	139.0220032	-0.4645125	-0.0348384
25.8613453	139.0220032	-0.4645125	-0.0580641
27.6450729	139.0220032	-0.3367716	0.0464513
29.4288006	139.0220032	-0.6154791	-0.4761254
31.2125282	139.0220032	-0.6503175	-0.1974178
32.9962578	139.0220032	-0.7432200	-0.1393538
34.7799835	139.0220032	-0.6154791	-0.1161281
36.5637131	139.0220032	-0.6967688	-0.1858050
38.3474426	139.0220032	-0.6154791	-0.1741922
40.1311722	139.0220032	-0.5806407	-0.1625794
41.9148979	139.0220032	-0.5225766	-0.1393538
43.6986275	139.0220032	-0.1393538	-0.1045153
45.4823532	139.0220032	-0.2670947	-0.1393538
47.2660828	139.0220032	-0.2322563	-0.1625794
49.0498085	139.0220032	-0.1393538	-0.1858050
50.8335381	139.0220032	-0.1393538	-0.4645126
52.6172676	139.0220032	-0.1045153	-0.4528998
54.4009972	139.0220032	-0.0812897	-0.5109638
56.1847229	139.0220032	-0.1625794	-0.4064485
57.9684486	139.0220032	-0.1045153	-0.2787075
59.7521782	139.0220032	-0.0580641	-0.0696769
61.5359077	139.0220032	-0.2322563	-0.2206435
63.3196297	139.0220032	-0.1858050	-0.1974178
65.1033630	139.0220032	0.0000000	-0.1045153
66.8870850	139.0220032	0.0232256	-0.6503175
68.6708145	139.0220032	0.0000000	0.0000000
70.4545441	139.0220032	0.0000000	0.0000000
72.2382736	139.0220032	0.0000000	0.0000000
