1.2	1.2	0.000	0.000
3.0	1.2	-0.153	1.777
4.8	1.2	0.012	1.812
6.6	1.2	0.165	1.306
8.4	1.2	0.141	1.177
10.2	1.2	-0.012	1.424
12.0	1.2	0.529	1.471
13.9	1.2	0.118	1.435
15.7	1.2	0.400	1.483
17.5	1.2	-0.812	1.635
19.3	1.2	-0.259	1.094
21.1	1.2	-0.424	1.247
22.9	1.2	-0.682	1.635
24.7	1.2	-0.377	1.459
26.5	1.2	-1.000	1.894
28.3	1.2	0.000	0.000
30.1	1.2	-0.835	1.800
31.9	1.2	-0.577	1.753
33.7	1.2	0.071	1.377
35.5	1.2	-0.012	1.530
37.4	1.2	-0.047	1.906
39.2	1.2	-0.129	2.047
41.0	1.2	0.000	1.859
42.8	1.2	0.000	0.000
44.6	1.2	0.153	2.118
46.4	1.2	0.082	1.988
48.2	1.2	0.494	1.424
50.0	1.2	0.094	2.200
51.8	1.2	0.247	2.153
53.6	1.2	0.824	-4.377
55.4	1.2	0.424	1.412
57.2	1.2	0.235	1.859
59.0	1.2	0.294	1.859
60.8	1.2	0.129	1.694
62.7	1.2	0.341	1.600
64.5	1.2	0.412	1.541
66.3	1.2	0.365	1.424
68.1	1.2	0.424	1.635
69.9	1.2	0.153	1.388
71.7	1.2	0.082	0.965
73.5	1.2	0.000	0.000
1.2	3.0	0.000	0.000
3.0	3.0	-0.035	-1.471
4.8	3.0	0.176	1.400
6.6	3.0	0.118	0.224
8.4	3.0	0.059	-0.153
10.2	3.0	0.000	0.000
12.0	3.0	0.000	0.000
13.9	3.0	-0.212	1.530
15.7	3.0	0.000	0.000
17.5	3.0	2.400	-0.671
19.3	3.0	0.518	1.259
21.1	3.0	-0.035	1.635
22.9	3.0	-0.706	1.706
24.7	3.0	-0.247	1.718
26.5	3.0	-0.024	1.730
28.3	3.0	0.000	0.000
30.1	3.0	0.012	1.659
31.9	3.0	-0.353	2.083
33.7	3.0	-0.212	1.706
35.5	3.0	-0.082	1.459
37.4	3.0	-0.118	1.812
39.2	3.0	-0.059	1.471
41.0	3.0	-0.118	1.741
42.8	3.0	-0.482	2.247
44.6	3.0	0.306	1.894
46.4	3.0	0.294	2.130
48.2	3.0	0.541	2.353
50.0	3.0	0.259	2.036
51.8	3.0	0.541	1.353
53.6	3.0	0.035	1.624
55.4	3.0	0.247	1.518
57.2	3.0	0.212	1.977
59.0	3.0	0.506	1.847
60.8	3.0	0.200	1.377
62.7	3.0	0.600	1.706
64.5	3.0	0.341	1.494
66.3	3.0	0.377	1.530
68.1	3.0	0.235	1.588
69.9	3.0	0.271	1.471
71.7	3.0	-0.047	1.659
73.5	3.0	0.000	0.000
1.2	4.8	0.000	0.000
3.0	4.8	0.094	-0.718
4.8	4.8	0.247	-0.153
6.6	4.8	0.329	1.459
8.4	4.8	0.259	0.294
10.2	4.8	0.318	0.871
12.0	4.8	0.000	0.000
13.9	4.8	0.000	0.000
15.7	4.8	0.000	0.000
17.5	4.8	-0.482	1.247
19.3	4.8	0.000	0.000
21.1	4.8	-0.071	1.624
22.9	4.8	-0.082	1.635
24.7	4.8	-0.224	1.836
26.5	4.8	-0.200	1.800
28.3	4.8	-0.459	2.106
30.1	4.8	-0.176	1.706
31.9	4.8	-0.400	2.118
33.7	4.8	0.118	1.800
35.5	4.8	0.071	1.471
37.4	4.8	0.035	1.530
39.2	4.8	0.094	1.647
41.0	4.8	-0.212	1.259
42.8	4.8	0.094	1.588
44.6	4.8	0.129	1.836
46.4	4.8	-0.082	1.600
48.2	4.8	0.106	1.377
50.0	4.8	0.941	0.930
51.8	4.8	0.000	0.000
53.6	4.8	0.129	1.518
55.4	4.8	0.518	1.706
57.2	4.8	0.435	2.024
59.0	4.8	0.435	1.965
60.8	4.8	0.271	1.788
62.7	4.8	0.294	1.683
64.5	4.8	0.129	1.706
66.3	4.8	0.188	1.694
68.1	4.8	-0.012	1.730
69.9	4.8	-0.153	1.506
71.7	4.8	-0.165	1.683
73.5	4.8	0.000	0.000
1.2	6.6	0.000	0.000
3.0	6.6	-0.082	1.341
4.8	6.6	0.118	0.318
6.6	6.6	0.176	-0.671
8.4	6.6	0.294	-0.765
10.2	6.6	-1.412	2.424
12.0	6.6	-0.882	1.577
13.9	6.6	0.271	1.659
15.7	6.6	-0.424	1.377
17.5	6.6	0.000	0.000
19.3	6.6	-0.235	1.659
21.1	6.6	0.000	0.000
22.9	6.6	-1.012	2.130
24.7	6.6	-0.800	2.177
26.5	6.6	-0.235	1.941
28.3	6.6	0.000	0.000
30.1	6.6	-0.071	1.765
31.9	6.6	-0.188	1.565
33.7	6.6	0.188	1.435
35.5	6.6	0.071	1.471
37.4	6.6	0.000	0.000
39.2	6.6	0.000	0.000
41.0	6.6	0.000	0.000
42.8	6.6	-0.024	1.941
44.6	6.6	0.306	1.612
46.4	6.6	0.694	1.118
48.2	6.6	1.188	0.082
50.0	6.6	0.800	1.824
51.8	6.6	0.553	0.800
53.6	6.6	0.153	1.318
55.4	6.6	0.447	1.941
57.2	6.6	0.435	1.941
59.0	6.6	0.329	1.565
60.8	6.6	0.259	1.588
62.7	6.6	0.188	1.894
64.5	6.6	0.000	0.000
66.3	6.6	0.200	1.812
68.1	6.6	-0.141	1.588
69.9	6.6	0.047	1.577
71.7	6.6	0.000	0.000
73.5	6.6	0.000	0.000
1.2	8.4	0.000	0.000
3.0	8.4	-0.071	1.306
4.8	8.4	-0.024	1.447
6.6	8.4	-0.012	1.224
8.4	8.4	-0.035	1.483
10.2	8.4	-0.200	1.424
12.0	8.4	0.659	1.553
13.9	8.4	0.224	1.412
15.7	8.4	0.377	1.224
17.5	8.4	0.871	1.530
19.3	8.4	-0.200	1.683
21.1	8.4	-0.671	1.659
22.9	8.4	0.000	0.000
24.7	8.4	-0.612	2.130
26.5	8.4	-0.294	1.588
28.3	8.4	0.000	0.000
30.1	8.4	-0.988	2.765
31.9	8.4	0.000	0.000
33.7	8.4	0.000	0.000
35.5	8.4	0.106	1.082
37.4	8.4	0.471	1.671
39.2	8.4	0.000	0.000
41.0	8.4	0.412	1.400
42.8	8.4	0.047	2.353
44.6	8.4	0.529	1.683
46.4	8.4	0.824	1.494
48.2	8.4	0.471	2.118
50.0	8.4	0.000	0.000
51.8	8.4	0.388	1.812
53.6	8.4	0.918	1.341
55.4	8.4	0.282	2.765
57.2	8.4	0.259	2.165
59.0	8.4	0.377	1.894
60.8	8.4	0.377	2.306
62.7	8.4	0.035	1.859
64.5	8.4	-0.071	1.930
66.3	8.4	-0.059	1.541
68.1	8.4	0.082	1.341
69.9	8.4	-0.071	1.259
71.7	8.4	-0.188	0.953
73.5	8.4	0.000	0.000
1.2	10.2	0.000	0.000
3.0	10.2	0.071	1.271
4.8	10.2	0.106	1.353
6.6	10.2	0.377	3.177
8.4	10.2	0.541	3.036
10.2	10.2	0.129	1.435
12.0	10.2	-0.129	1.424
13.9	10.2	0.647	0.588
15.7	10.2	-0.294	1.271
17.5	10.2	0.459	1.624
19.3	10.2	0.000	1.812
21.1	10.2	-0.882	2.024
22.9	10.2	-0.329	1.518
24.7	10.2	0.000	0.000
26.5	10.2	-0.494	1.953
28.3	10.2	0.000	0.000
30.1	10.2	0.129	1.988
31.9	10.2	0.000	0.000
33.7	10.2	0.094	1.447
35.5	10.2	0.541	1.565
37.4	10.2	0.012	2.212
39.2	10.2	0.000	0.000
41.0	10.2	0.000	2.165
42.8	10.2	0.071	2.389
44.6	10.2	0.577	1.518
46.4	10.2	0.188	1.965
48.2	10.2	0.353	1.718
50.0	10.2	0.353	1.753
51.8	10.2	0.353	1.824
53.6	10.2	0.235	2.012
55.4	10.2	0.424	2.165
57.2	10.2	0.188	2.318
59.0	10.2	0.471	2.118
60.8	10.2	0.565	1.777
62.7	10.2	0.494	2.000
64.5	10.2	0.412	2.141
66.3	10.2	0.294	2.118
68.1	10.2	0.753	2.118
69.9	10.2	0.129	2.141
71.7	10.2	-0.129	1.988
73.5	10.2	0.000	0.000
1.2	12.0	0.000	0.000
3.0	12.0	-0.047	1.494
4.8	12.0	-0.024	1.071
6.6	12.0	0.059	-0.059
8.4	12.0	0.000	0.000
10.2	12.0	0.000	0.000
12.0	12.0	0.000	0.000
13.9	12.0	-0.059	1.424
15.7	12.0	-0.306	1.259
17.5	12.0	0.118	1.718
19.3	12.0	-0.118	1.765
21.1	12.0	0.118	1.553
22.9	12.0	0.165	1.577
24.7	12.0	0.000	0.000
26.5	12.0	0.000	0.000
28.3	12.0	0.000	0.000
30.1	12.0	-0.129	1.741
31.9	12.0	0.000	0.000
33.7	12.0	-0.047	2.036
35.5	12.0	0.082	1.577
37.4	12.0	0.353	1.094
39.2	12.0	0.176	1.200
41.0	12.0	0.235	1.400
42.8	12.0	0.235	1.259
44.6	12.0	0.071	1.953
46.4	12.0	0.600	1.483
48.2	12.0	0.153	1.530
50.0	12.0	0.494	1.706
51.8	12.0	0.506	1.765
53.6	12.0	-0.176	1.977
55.4	12.0	0.141	2.365
57.2	12.0	0.047	2.141
59.0	12.0	0.318	2.047
60.8	12.0	0.235	1.977
62.7	12.0	0.082	1.918
64.5	12.0	0.141	2.024
66.3	12.0	0.306	1.741
68.1	12.0	-0.153	1.836
69.9	12.0	-0.059	1.141
71.7	12.0	0.047	1.271
73.5	12.0	0.000	0.000
1.2	13.9	0.000	0.000
3.0	13.9	0.059	1.353
4.8	13.9	0.082	0.882
6.6	13.9	0.000	0.000
8.4	13.9	-0.706	2.589
10.2	13.9	0.059	1.883
12.0	13.9	0.388	1.212
13.9	13.9	0.071	-0.600
15.7	13.9	0.494	-0.447
17.5	13.9	0.388	1.871
19.3	13.9	0.412	2.012
21.1	13.9	-0.812	-2.071
22.9	13.9	0.835	1.765
24.7	13.9	0.188	1.671
26.5	13.9	0.565	1.836
28.3	13.9	0.153	1.259
30.1	13.9	-0.141	1.753
31.9	13.9	0.459	1.859
33.7	13.9	-0.706	1.565
35.5	13.9	-0.553	1.494
37.4	13.9	0.588	1.082
39.2	13.9	0.082	1.694
41.0	13.9	0.141	1.506
42.8	13.9	0.035	1.318
44.6	13.9	0.000	0.000
46.4	13.9	0.882	1.565
48.2	13.9	0.600	1.683
50.0	13.9	0.400	1.988
51.8	13.9	0.412	1.483
53.6	13.9	0.200	1.977
55.4	13.9	0.494	1.741
57.2	13.9	0.294	2.259
59.0	13.9	0.212	1.941
60.8	13.9	0.353	1.647
62.7	13.9	0.200	1.753
64.5	13.9	0.247	2.153
66.3	13.9	0.141	2.071
68.1	13.9	0.318	1.894
69.9	13.9	-0.141	1.353
71.7	13.9	-0.118	1.153
73.5	13.9	0.000	0.000
1.2	15.7	0.000	0.000
3.0	15.7	0.000	0.000
4.8	15.7	0.047	1.306
6.6	15.7	0.377	1.565
8.4	15.7	0.141	0.094
10.2	15.7	0.000	0.000
12.0	15.7	0.118	-0.106
13.9	15.7	0.141	1.341
15.7	15.7	0.000	0.000
17.5	15.7	0.000	0.000
19.3	15.7	0.588	1.941
21.1	15.7	0.941	2.118
22.9	15.7	-0.471	2.083
24.7	15.7	0.553	1.988
26.5	15.7	1.353	1.977
28.3	15.7	0.365	1.318
30.1	15.7	-0.047	1.753
31.9	15.7	0.306	1.577
33.7	15.7	0.000	0.000
35.5	15.7	-0.035	2.071
37.4	15.7	0.553	1.188
39.2	15.7	0.000	0.000
41.0	15.7	0.165	1.588
42.8	15.7	0.282	1.353
44.6	15.7	0.000	0.000
46.4	15.7	0.176	1.824
48.2	15.7	0.329	1.871
50.0	15.7	0.294	2.118
51.8	15.7	0.353	2.106
53.6	15.7	0.482	2.118
55.4	15.7	0.459	2.012
57.2	15.7	0.000	0.000
59.0	15.7	0.471	1.894
60.8	15.7	0.824	1.730
62.7	15.7	0.000	0.000
64.5	15.7	0.082	1.953
66.3	15.7	0.212	2.353
68.1	15.7	0.424	1.671
69.9	15.7	-0.282	1.447
71.7	15.7	-0.141	1.647
73.5	15.7	0.000	0.000
1.2	17.5	0.000	0.000
3.0	17.5	0.000	0.000
4.8	17.5	-0.059	1.424
6.6	17.5	-0.059	1.753
8.4	17.5	0.094	0.247
10.2	17.5	0.082	0.153
12.0	17.5	0.000	0.000
13.9	17.5	0.000	0.000
15.7	17.5	-0.047	1.483
17.5	17.5	0.718	2.106
19.3	17.5	0.000	0.000
21.1	17.5	0.271	1.741
22.9	17.5	0.000	0.000
24.7	17.5	0.000	0.000
26.5	17.5	-0.365	2.200
28.3	17.5	-0.494	2.330
30.1	17.5	-0.071	1.612
31.9	17.5	0.000	0.000
33.7	17.5	-0.059	1.977
35.5	17.5	0.129	1.730
37.4	17.5	0.224	1.753
39.2	17.5	0.000	0.000
41.0	17.5	0.000	0.000
42.8	17.5	2.083	1.447
44.6	17.5	0.635	0.176
46.4	17.5	0.930	0.294
48.2	17.5	0.000	0.000
50.0	17.5	0.000	0.000
51.8	17.5	0.000	0.000
53.6	17.5	0.671	2.083
55.4	17.5	0.565	1.953
57.2	17.5	0.824	1.824
59.0	17.5	0.153	2.353
60.8	17.5	0.635	2.636
62.7	17.5	0.365	2.259
64.5	17.5	0.000	2.165
66.3	17.5	0.071	2.024
68.1	17.5	0.353	1.659
69.9	17.5	0.106	1.788
71.7	17.5	0.047	1.753
73.5	17.5	0.000	0.000
1.2	19.3	0.000	0.000
3.0	19.3	0.000	0.000
4.8	19.3	0.000	0.000
6.6	19.3	-0.059	1.541
8.4	19.3	-0.141	1.400
10.2	19.3	0.153	1.377
12.0	19.3	-0.035	0.682
13.9	19.3	0.000	0.000
15.7	19.3	0.082	2.036
17.5	19.3	0.200	2.436
19.3	19.3	0.000	0.000
21.1	19.3	0.141	1.718
22.9	19.3	0.000	0.000
24.7	19.3	0.235	1.565
26.5	19.3	0.918	2.165
28.3	19.3	2.506	2.659
30.1	19.3	-2.541	-0.188
31.9	19.3	0.235	2.036
33.7	19.3	0.306	2.012
35.5	19.3	0.000	0.000
37.4	19.3	0.000	0.000
39.2	19.3	0.000	0.000
41.0	19.3	0.094	1.506
42.8	19.3	0.188	2.271
44.6	19.3	0.000	0.000
46.4	19.3	0.612	1.341
48.2	19.3	0.671	2.224
50.0	19.3	0.506	2.047
51.8	19.3	0.000	0.000
53.6	19.3	0.365	1.565
55.4	19.3	0.541	1.706
57.2	19.3	0.565	2.341
59.0	19.3	0.059	2.153
60.8	19.3	0.247	2.083
62.7	19.3	0.000	0.000
64.5	19.3	-0.106	1.341
66.3	19.3	-0.106	1.883
68.1	19.3	0.506	1.988
69.9	19.3	0.624	2.118
71.7	19.3	0.000	0.000
73.5	19.3	0.000	0.000
1.2	21.1	0.000	0.000
3.0	21.1	0.000	0.000
4.8	21.1	-0.012	1.624
6.6	21.1	-0.118	1.718
8.4	21.1	-0.471	1.494
10.2	21.1	0.271	1.812
12.0	21.1	0.000	1.377
13.9	21.1	0.176	1.765
15.7	21.1	-0.753	1.588
17.5	21.1	-0.059	1.600
19.3	21.1	0.624	2.083
21.1	21.1	0.706	2.259
22.9	21.1	0.588	0.071
24.7	21.1	0.588	0.118
26.5	21.1	0.624	2.083
28.3	21.1	0.106	1.706
30.1	21.1	0.035	1.318
31.9	21.1	-0.082	1.953
33.7	21.1	0.047	1.894
35.5	21.1	0.000	0.000
37.4	21.1	0.000	0.000
39.2	21.1	0.235	1.753
41.0	21.1	0.388	1.447
42.8	21.1	0.106	2.165
44.6	21.1	0.000	0.000
46.4	21.1	0.000	0.000
48.2	21.1	0.565	2.212
50.0	21.1	0.788	2.365
51.8	21.1	0.000	0.000
53.6	21.1	0.000	0.000
55.4	21.1	0.000	0.000
57.2	21.1	-0.259	2.341
59.0	21.1	0.082	2.188
60.8	21.1	0.224	2.036
62.7	21.1	0.200	2.577
64.5	21.1	0.176	2.012
66.3	21.1	0.341	1.930
68.1	21.1	0.306	2.236
69.9	21.1	0.176	2.283
71.7	21.1	0.000	0.000
73.5	21.1	0.000	0.000
1.2	22.9	0.000	0.000
3.0	22.9	0.000	0.000
4.8	22.9	-0.271	1.506
6.6	22.9	-0.035	1.612
8.4	22.9	0.035	0.882
10.2	22.9	0.165	1.447
12.0	22.9	0.141	1.330
13.9	22.9	0.541	2.318
15.7	22.9	0.094	1.577
17.5	22.9	0.188	1.824
19.3	22.9	-0.059	1.647
21.1	22.9	0.729	2.236
22.9	22.9	0.153	1.377
24.7	22.9	0.141	1.388
26.5	22.9	0.000	0.000
28.3	22.9	0.224	1.683
30.1	22.9	-0.094	1.365
31.9	22.9	0.035	1.730
33.7	22.9	0.000	0.000
35.5	22.9	-1.165	-0.518
37.4	22.9	0.047	1.765
39.2	22.9	0.000	0.000
41.0	22.9	-0.118	1.812
42.8	22.9	0.000	0.000
44.6	22.9	0.000	0.000
46.4	22.9	0.729	1.518
48.2	22.9	0.294	2.377
50.0	22.9	0.000	0.000
51.8	22.9	0.000	0.000
53.6	22.9	0.624	1.553
55.4	22.9	0.588	2.165
57.2	22.9	0.000	0.000
59.0	22.9	0.741	1.447
60.8	22.9	0.247	1.894
62.7	22.9	0.094	1.930
64.5	22.9	-0.047	2.071
66.3	22.9	0.000	1.988
68.1	22.9	0.000	0.000
69.9	22.9	0.200	2.318
71.7	22.9	0.082	1.824
73.5	22.9	0.000	0.000
1.2	24.7	0.000	0.000
3.0	24.7	0.000	0.000
4.8	24.7	-0.200	1.506
6.6	24.7	-0.200	1.541
8.4	24.7	-0.153	1.283
10.2	24.7	0.106	1.812
12.0	24.7	0.094	1.930
13.9	24.7	0.000	0.000
15.7	24.7	0.941	2.271
17.5	24.7	0.118	1.647
19.3	24.7	-0.624	1.577
21.1	24.7	-0.024	1.706
22.9	24.7	0.082	1.647
24.7	24.7	0.000	0.000
26.5	24.7	0.000	0.000
28.3	24.7	0.176	1.847
30.1	24.7	0.000	0.000
31.9	24.7	-0.118	2.224
33.7	24.7	0.318	1.671
35.5	24.7	0.000	0.000
37.4	24.7	0.777	1.977
39.2	24.7	0.000	0.000
41.0	24.7	0.071	1.624
42.8	24.7	-0.024	1.671
44.6	24.7	0.000	0.000
46.4	24.7	0.000	0.000
48.2	24.7	0.071	2.000
50.0	24.7	0.176	2.012
51.8	24.7	0.000	0.000
53.6	24.7	0.000	0.000
55.4	24.7	0.000	0.000
57.2	24.7	0.788	1.377
59.0	24.7	0.188	1.918
60.8	24.7	0.224	2.953
62.7	24.7	0.671	2.412
64.5	24.7	0.271	2.412
66.3	24.7	-0.035	2.271
68.1	24.7	0.012	2.294
69.9	24.7	-0.141	1.883
71.7	24.7	0.000	0.000
73.5	24.7	0.000	0.000
1.2	26.5	0.000	0.000
3.0	26.5	0.000	0.000
4.8	26.5	-0.741	1.530
6.6	26.5	-0.435	1.859
8.4	26.5	-0.235	1.965
10.2	26.5	0.600	1.671
12.0	26.5	0.635	1.671
13.9	26.5	-0.224	1.612
15.7	26.5	1.188	2.906
17.5	26.5	0.082	1.541
19.3	26.5	-0.012	2.036
21.1	26.5	0.341	1.683
22.9	26.5	0.294	1.577
24.7	26.5	0.000	0.000
26.5	26.5	0.035	1.812
28.3	26.5	0.835	2.412
30.1	26.5	0.247	2.141
31.9	26.5	-0.153	2.188
33.7	26.5	0.000	0.000
35.5	26.5	0.129	2.318
37.4	26.5	0.259	1.341
39.2	26.5	0.812	1.330
41.0	26.5	0.000	0.000
42.8	26.5	0.000	1.918
44.6	26.5	-0.035	1.988
46.4	26.5	0.000	0.000
48.2	26.5	0.012	1.683
50.0	26.5	0.388	1.788
51.8	26.5	0.000	0.000
53.6	26.5	0.000	0.000
55.4	26.5	0.835	1.635
57.2	26.5	0.471	1.800
59.0	26.5	0.282	2.447
60.8	26.5	0.635	2.624
62.7	26.5	0.753	2.271
64.5	26.5	0.318	2.471
66.3	26.5	0.400	2.377
68.1	26.5	0.106	2.271
69.9	26.5	0.082	2.153
71.7	26.5	0.000	0.000
73.5	26.5	0.000	0.000
1.2	28.3	0.000	0.000
3.0	28.3	0.000	0.000
4.8	28.3	0.000	0.000
6.6	28.3	0.000	0.000
8.4	28.3	0.000	0.000
10.2	28.3	0.577	1.283
12.0	28.3	0.588	1.165
13.9	28.3	0.059	2.365
15.7	28.3	0.059	2.365
17.5	28.3	-0.047	1.424
19.3	28.3	0.000	0.000
21.1	28.3	0.294	2.294
22.9	28.3	0.341	2.530
24.7	28.3	0.635	2.883
26.5	28.3	0.341	1.753
28.3	28.3	0.000	0.000
30.1	28.3	0.400	1.683
31.9	28.3	0.118	3.459
33.7	28.3	0.000	1.777
35.5	28.3	0.012	1.730
37.4	28.3	0.529	1.518
39.2	28.3	-0.047	1.624
41.0	28.3	0.000	0.000
42.8	28.3	0.106	1.718
44.6	28.3	0.000	0.000
46.4	28.3	0.024	2.094
48.2	28.3	0.000	2.036
50.0	28.3	0.000	0.000
51.8	28.3	-2.718	2.824
53.6	28.3	0.306	2.447
55.4	28.3	0.106	2.365
57.2	28.3	-0.071	2.447
59.0	28.3	0.000	0.000
60.8	28.3	0.000	0.000
62.7	28.3	0.000	0.000
64.5	28.3	0.412	2.400
66.3	28.3	0.200	2.294
68.1	28.3	-0.212	2.424
69.9	28.3	0.071	2.330
71.7	28.3	0.000	0.000
73.5	28.3	0.000	0.000
1.2	30.1	0.000	0.000
3.0	30.1	0.000	0.000
4.8	30.1	-0.165	1.424
6.6	30.1	0.000	0.000
8.4	30.1	-0.118	1.494
10.2	30.1	-0.282	1.753
12.0	30.1	0.000	0.000
13.9	30.1	-0.718	2.071
15.7	30.1	0.506	0.953
17.5	30.1	0.000	0.000
19.3	30.1	0.024	1.800
21.1	30.1	-0.059	1.918
22.9	30.1	-2.789	1.812
24.7	30.1	-0.071	2.236
26.5	30.1	0.188	1.777
28.3	30.1	0.000	0.000
30.1	30.1	2.977	-0.706
31.9	30.1	0.282	1.941
33.7	30.1	-0.318	2.106
35.5	30.1	0.235	2.718
37.4	30.1	-0.200	0.894
39.2	30.1	-0.047	1.200
41.0	30.1	-0.106	1.788
42.8	30.1	0.000	1.718
44.6	30.1	0.224	2.094
46.4	30.1	0.612	2.741
48.2	30.1	0.176	1.730
50.0	30.1	0.000	2.177
51.8	30.1	0.000	2.047
53.6	30.1	0.459	2.541
55.4	30.1	0.271	2.200
57.2	30.1	0.106	2.283
59.0	30.1	0.000	0.000
60.8	30.1	0.235	2.224
62.7	30.1	0.659	2.165
64.5	30.1	0.118	2.047
66.3	30.1	-0.094	2.624
68.1	30.1	0.118	2.389
69.9	30.1	0.106	2.000
71.7	30.1	0.000	0.000
73.5	30.1	0.000	0.000
1.2	31.9	0.000	0.000
3.0	31.9	0.000	0.000
4.8	31.9	0.082	1.894
6.6	31.9	-0.047	1.541
8.4	31.9	-0.741	1.224
10.2	31.9	0.906	0.176
12.0	31.9	-0.412	1.836
13.9	31.9	0.000	0.000
15.7	31.9	0.741	1.941
17.5	31.9	-0.035	1.753
19.3	31.9	-0.200	1.765
21.1	31.9	-0.106	1.812
22.9	31.9	-0.012	1.859
24.7	31.9	0.035	2.165
26.5	31.9	0.024	2.153
28.3	31.9	0.777	-2.094
30.1	31.9	0.635	-1.930
31.9	31.9	0.224	1.730
33.7	31.9	0.000	0.000
35.5	31.9	0.000	0.000
37.4	31.9	0.788	1.165
39.2	31.9	-0.059	0.941
41.0	31.9	-0.176	1.824
42.8	31.9	0.024	2.071
44.6	31.9	0.000	0.000
46.4	31.9	0.341	0.765
48.2	31.9	0.200	1.812
50.0	31.9	-0.294	1.400
51.8	31.9	0.000	0.000
53.6	31.9	-0.071	2.436
55.4	31.9	0.741	2.694
57.2	31.9	-0.553	1.671
59.0	31.9	0.341	2.436
60.8	31.9	0.188	2.283
62.7	31.9	0.624	2.541
64.5	31.9	0.435	2.200
66.3	31.9	0.165	2.765
68.1	31.9	0.000	0.000
69.9	31.9	0.153	2.153
71.7	31.9	0.247	2.259
73.5	31.9	0.000	0.000
1.2	33.7	0.000	0.000
3.0	33.7	0.094	-1.459
4.8	33.7	-0.153	2.318
6.6	33.7	0.894	0.259
8.4	33.7	-0.165	1.483
10.2	33.7	-0.059	1.577
12.0	33.7	0.082	1.753
13.9	33.7	0.506	1.541
15.7	33.7	0.365	1.624
17.5	33.7	-0.012	1.647
19.3	33.7	0.153	1.730
21.1	33.7	-0.106	1.765
22.9	33.7	0.000	0.000
24.7	33.7	0.506	2.306
26.5	33.7	0.000	0.000
28.3	33.7	-0.024	1.659
30.1	33.7	0.082	1.565
31.9	33.7	0.235	1.400
33.7	33.7	-0.259	1.965
35.5	33.7	0.000	0.000
37.4	33.7	0.930	2.259
39.2	33.7	-0.118	1.471
41.0	33.7	0.471	1.871
42.8	33.7	0.318	1.777
44.6	33.7	-0.306	1.588
46.4	33.7	0.024	1.565
48.2	33.7	0.000	0.000
50.0	33.7	0.577	1.177
51.8	33.7	0.047	2.012
53.6	33.7	0.000	0.000
55.4	33.7	0.000	0.000
57.2	33.7	0.047	1.365
59.0	33.7	0.000	0.000
60.8	33.7	0.165	3.036
62.7	33.7	0.647	2.400
64.5	33.7	0.141	2.447
66.3	33.7	0.129	2.341
68.1	33.7	0.377	2.353
69.9	33.7	0.082	1.859
71.7	33.7	0.271	2.412
73.5	33.7	0.000	0.000
1.2	35.5	0.000	0.000
3.0	35.5	0.000	0.000
4.8	35.5	-0.059	1.177
6.6	35.5	0.494	1.518
8.4	35.5	-0.106	1.483
10.2	35.5	0.271	1.435
12.0	35.5	-0.012	1.941
13.9	35.5	-0.106	1.435
15.7	35.5	0.071	1.224
17.5	35.5	-0.094	1.588
19.3	35.5	0.188	1.459
21.1	35.5	-0.412	1.577
22.9	35.5	0.059	1.541
24.7	35.5	0.024	1.612
26.5	35.5	0.118	2.200
28.3	35.5	0.000	0.000
30.1	35.5	0.247	1.906
31.9	35.5	0.000	0.000
33.7	35.5	-0.259	2.224
35.5	35.5	0.024	1.600
37.4	35.5	0.965	3.212
39.2	35.5	-0.106	1.577
41.0	35.5	0.000	0.000
42.8	35.5	0.259	0.800
44.6	35.5	0.000	0.000
46.4	35.5	0.000	0.000
48.2	35.5	1.082	1.494
50.0	35.5	0.365	1.518
51.8	35.5	0.318	1.530
53.6	35.5	0.141	1.130
55.4	35.5	0.565	1.094
57.2	35.5	0.282	1.000
59.0	35.5	0.000	0.000
60.8	35.5	0.318	3.059
62.7	35.5	0.047	2.730
64.5	35.5	0.494	2.953
66.3	35.5	0.000	0.000
68.1	35.5	0.165	2.247
69.9	35.5	0.141	2.471
71.7	35.5	0.377	2.753
73.5	35.5	0.000	0.000
1.2	37.4	0.000	0.000
3.0	37.4	0.000	0.000
4.8	37.4	0.000	0.000
6.6	37.4	-0.329	1.118
8.4	37.4	-0.353	1.106
10.2	37.4	1.118	0.188
12.0	37.4	0.165	2.036
13.9	37.4	0.106	1.565
15.7	37.4	0.188	2.165
17.5	37.4	-0.071	1.988
19.3	37.4	0.565	1.506
21.1	37.4	-0.353	1.541
22.9	37.4	0.200	1.706
24.7	37.4	0.529	2.718
26.5	37.4	-0.094	1.683
28.3	37.4	-0.365	1.600
30.1	37.4	0.000	0.000
31.9	37.4	0.000	1.588
33.7	37.4	-0.577	1.977
35.5	37.4	0.412	1.530
37.4	37.4	0.035	1.671
39.2	37.4	0.459	2.671
41.0	37.4	-0.388	1.541
42.8	37.4	0.212	2.188
44.6	37.4	0.882	2.036
46.4	37.4	0.000	0.000
48.2	37.4	0.047	2.365
50.0	37.4	0.176	2.494
51.8	37.4	0.247	2.283
53.6	37.4	-0.247	2.389
55.4	37.4	0.000	0.000
57.2	37.4	1.212	-4.071
59.0	37.4	0.129	2.353
60.8	37.4	-0.035	3.189
62.7	37.4	0.329	2.659
64.5	37.4	0.400	2.918
66.3	37.4	0.000	0.000
68.1	37.4	-0.012	2.212
69.9	37.4	-0.129	2.059
71.7	37.4	-0.118	1.836
73.5	37.4	0.000	0.000
1.2	39.2	0.000	0.000
3.0	39.2	0.000	0.000
4.8	39.2	-0.224	1.659
6.6	39.2	-1.035	-2.918
8.4	39.2	-1.447	-2.965
10.2	39.2	-0.047	1.612
12.0	39.2	-0.059	1.612
13.9	39.2	0.129	1.577
15.7	39.2	0.000	0.000
17.5	39.2	0.000	0.000
19.3	39.2	-0.529	1.588
21.1	39.2	0.047	1.871
22.9	39.2	0.212	1.741
24.7	39.2	-0.435	1.836
26.5	39.2	-0.012	1.812
28.3	39.2	0.553	1.800
30.1	39.2	0.000	0.000
31.9	39.2	-0.047	1.988
33.7	39.2	-0.329	1.812
35.5	39.2	-0.377	1.612
37.4	39.2	-0.165	1.624
39.2	39.2	-0.059	1.671
41.0	39.2	0.000	0.000
42.8	39.2	0.012	1.624
44.6	39.2	0.047	1.388
46.4	39.2	0.000	0.000
48.2	39.2	0.000	0.000
50.0	39.2	0.000	0.000
51.8	39.2	0.494	2.353
53.6	39.2	0.000	0.000
55.4	39.2	-0.200	0.824
57.2	39.2	0.694	1.483
59.0	39.2	0.000	0.000
60.8	39.2	0.412	2.894
62.7	39.2	-0.176	2.318
64.5	39.2	0.247	2.718
66.3	39.2	-0.047	2.906
68.1	39.2	0.000	0.000
69.9	39.2	0.012	2.483
71.7	39.2	0.482	2.436
73.5	39.2	0.000	0.000
1.2	41.0	0.000	0.000
3.0	41.0	0.000	0.000
4.8	41.0	-0.224	1.765
6.6	41.0	0.000	0.000
8.4	41.0	-0.024	0.718
10.2	41.0	0.000	0.000
12.0	41.0	0.000	0.000
13.9	41.0	0.329	1.506
15.7	41.0	0.000	0.000
17.5	41.0	0.000	0.000
19.3	41.0	-0.106	1.565
21.1	41.0	-0.176	1.577
22.9	41.0	0.200	1.730
24.7	41.0	0.000	0.000
26.5	41.0	0.494	1.447
28.3	41.0	0.000	0.000
30.1	41.0	0.000	0.000
31.9	41.0	-0.141	0.918
33.7	41.0	0.000	0.000
35.5	41.0	-0.341	1.200
37.4	41.0	0.000	0.000
39.2	41.0	0.000	0.000
41.0	41.0	-0.129	1.553
42.8	41.0	0.000	0.000
44.6	41.0	0.047	1.600
46.4	41.0	0.000	0.000
48.2	41.0	0.129	2.283
50.0	41.0	0.129	1.506
51.8	41.0	0.129	2.094
53.6	41.0	0.059	2.036
55.4	41.0	-0.118	2.577
57.2	41.0	-0.035	2.400
59.0	41.0	0.282	1.741
60.8	41.0	0.000	0.000
62.7	41.0	-0.047	1.565
64.5	41.0	0.400	2.706
66.3	41.0	0.165	3.047
68.1	41.0	0.000	0.000
69.9	41.0	0.400	2.871
71.7	41.0	0.141	2.624
73.5	41.0	0.000	0.000
1.2	42.8	0.000	0.000
3.0	42.8	0.000	0.000
4.8	42.8	0.000	0.000
6.6	42.8	-0.059	2.106
8.4	42.8	-0.047	2.118
10.2	42.8	0.000	0.000
12.0	42.8	-0.612	2.130
13.9	42.8	0.341	1.518
15.7	42.8	-0.165	1.459
17.5	42.8	0.000	0.000
19.3	42.8	-0.200	1.553
21.1	42.8	-0.035	1.565
22.9	42.8	-0.200	1.588
24.7	42.8	-0.176	1.683
26.5	42.8	0.000	0.000
28.3	42.8	-0.553	2.236
30.1	42.8	-0.047	1.553
31.9	42.8	0.377	1.659
33.7	42.8	0.000	0.000
35.5	42.8	-0.412	1.612
37.4	42.8	0.000	0.000
39.2	42.8	0.000	0.000
41.0	42.8	-0.176	1.541
42.8	42.8	0.000	0.000
44.6	42.8	0.047	1.612
46.4	42.8	0.212	1.859
48.2	42.8	0.282	1.800
50.0	42.8	0.071	1.283
51.8	42.8	-1.518	-2.918
53.6	42.8	0.000	0.000
55.4	42.8	0.000	0.000
57.2	42.8	0.000	0.000
59.0	42.8	0.118	2.812
60.8	42.8	0.165	2.883
62.7	42.8	0.024	2.059
64.5	42.8	0.012	2.083
66.3	42.8	0.000	0.000
68.1	42.8	-0.106	2.577
69.9	42.8	0.000	0.000
71.7	42.8	0.000	0.000
73.5	42.8	0.000	0.000
1.2	44.6	0.000	0.000
3.0	44.6	0.000	0.000
4.8	44.6	0.000	0.000
6.6	44.6	-0.141	1.530
8.4	44.6	-0.930	-4.506
10.2	44.6	0.271	1.600
12.0	44.6	0.518	1.812
13.9	44.6	0.094	1.683
15.7	44.6	-0.447	2.130
17.5	44.6	0.212	1.577
19.3	44.6	0.000	1.565
21.1	44.6	-0.212	1.530
22.9	44.6	0.294	1.294
24.7	44.6	-0.553	1.741
26.5	44.6	-0.459	1.753
28.3	44.6	-0.094	1.506
30.1	44.6	-0.176	1.553
31.9	44.6	0.000	0.000
33.7	44.6	-0.188	1.683
35.5	44.6	-0.388	1.612
37.4	44.6	0.000	0.000
39.2	44.6	-0.153	2.094
41.0	44.6	0.000	0.000
42.8	44.6	-0.071	1.565
44.6	44.6	-0.118	1.553
46.4	44.6	-0.294	1.753
48.2	44.6	0.000	0.000
50.0	44.6	0.141	1.812
51.8	44.6	0.000	0.000
53.6	44.6	0.082	2.930
55.4	44.6	0.106	2.518
57.2	44.6	0.106	2.518
59.0	44.6	0.118	2.977
60.8	44.6	0.247	2.765
62.7	44.6	0.106	2.365
64.5	44.6	0.118	2.200
66.3	44.6	0.000	0.000
68.1	44.6	-0.141	1.518
69.9	44.6	0.000	0.000
71.7	44.6	0.000	0.000
73.5	44.6	0.000	0.000
1.2	46.4	0.000	0.000
3.0	46.4	0.000	0.000
4.8	46.4	0.153	1.624
6.6	46.4	0.224	1.459
8.4	46.4	0.165	2.236
10.2	46.4	0.000	0.000
12.0	46.4	0.000	0.000
13.9	46.4	-0.329	1.788
15.7	46.4	-0.835	1.824
17.5	46.4	0.059	2.483
19.3	46.4	0.047	2.671
21.1	46.4	-0.129	1.565
22.9	46.4	0.118	1.588
24.7	46.4	0.000	0.000
26.5	46.4	-0.118	1.459
28.3	46.4	-0.306	1.577
30.1	46.4	0.247	1.635
31.9	46.4	0.000	0.000
33.7	46.4	-0.412	2.577
35.5	46.4	-0.047	2.789
37.4	46.4	0.741	1.894
39.2	46.4	0.235	1.612
41.0	46.4	-0.282	2.977
42.8	46.4	-0.247	2.977
44.6	46.4	-0.306	1.094
46.4	46.4	-0.494	2.918
48.2	46.4	-0.212	1.141
50.0	46.4	-0.035	2.953
51.8	46.4	0.000	0.000
53.6	46.4	0.012	1.294
55.4	46.4	0.212	1.106
57.2	46.4	0.000	0.000
59.0	46.4	0.000	0.000
60.8	46.4	0.000	0.000
62.7	46.4	-0.624	-0.247
64.5	46.4	0.000	0.000
66.3	46.4	-0.212	1.612
68.1	46.4	0.000	0.000
69.9	46.4	0.271	2.765
71.7	46.4	0.176	2.894
73.5	46.4	0.000	0.000
1.2	48.2	0.000	0.000
3.0	48.2	0.000	0.000
4.8	48.2	0.271	1.471
6.6	48.2	0.071	1.494
8.4	48.2	-0.118	1.941
10.2	48.2	-0.518	1.706
12.0	48.2	-1.247	-3.236
13.9	48.2	-0.471	2.024
15.7	48.2	-0.329	1.659
17.5	48.2	0.000	0.000
19.3	48.2	0.000	0.000
21.1	48.2	-0.035	2.341
22.9	48.2	0.282	2.847
24.7	48.2	-0.176	1.506
26.5	48.2	-0.118	1.459
28.3	48.2	-0.306	1.600
30.1	48.2	0.235	1.624
31.9	48.2	0.000	0.000
33.7	48.2	0.000	0.000
35.5	48.2	0.000	0.000
37.4	48.2	0.000	0.000
39.2	48.2	0.000	0.000
41.0	48.2	-1.483	3.000
42.8	48.2	-0.518	2.130
44.6	48.2	-0.518	2.130
46.4	48.2	0.000	0.000
48.2	48.2	-0.176	1.530
50.0	48.2	-0.012	1.694
51.8	48.2	0.000	0.000
53.6	48.2	0.141	2.683
55.4	48.2	0.494	2.624
57.2	48.2	0.000	0.000
59.0	48.2	-0.200	2.000
60.8	48.2	-0.247	1.659
62.7	48.2	0.412	3.106
64.5	48.2	0.529	3.142
66.3	48.2	-0.059	2.118
68.1	48.2	-0.247	2.412
69.9	48.2	0.624	3.283
71.7	48.2	0.400	2.341
73.5	48.2	0.000	0.000
1.2	50.0	0.000	0.000
3.0	50.0	0.000	0.000
4.8	50.0	0.000	0.000
6.6	50.0	-0.035	1.518
8.4	50.0	-0.071	1.518
10.2	50.0	-0.671	-0.047
12.0	50.0	0.012	1.518
13.9	50.0	-0.271	1.518
15.7	50.0	-0.847	1.577
17.5	50.0	-0.765	1.577
19.3	50.0	0.294	2.906
21.1	50.0	0.847	1.859
22.9	50.0	-0.153	1.541
24.7	50.0	0.047	2.165
26.5	50.0	0.000	0.000
28.3	50.0	0.000	0.000
30.1	50.0	-0.329	1.777
31.9	50.0	-0.329	1.777
33.7	50.0	-0.318	1.694
35.5	50.0	0.000	0.000
37.4	50.0	0.000	1.518
39.2	50.0	0.000	0.000
41.0	50.0	0.000	0.000
42.8	50.0	0.000	0.000
44.6	50.0	-0.624	0.141
46.4	50.0	-0.459	1.683
48.2	50.0	0.000	0.000
50.0	50.0	0.000	0.000
51.8	50.0	0.047	2.365
53.6	50.0	-0.118	3.000
55.4	50.0	0.294	3.224
57.2	50.0	0.294	3.177
59.0	50.0	-0.882	1.706
60.8	50.0	0.000	0.000
62.7	50.0	-0.153	1.906
64.5	50.0	0.000	0.000
66.3	50.0	2.177	3.153
68.1	50.0	0.000	0.000
69.9	50.0	0.365	2.530
71.7	50.0	0.482	2.212
73.5	50.0	0.000	0.000
1.2	51.8	0.000	0.000
3.0	51.8	0.000	0.000
4.8	51.8	0.000	0.000
6.6	51.8	0.000	0.000
8.4	51.8	-0.341	1.530
10.2	51.8	-0.271	1.377
12.0	51.8	0.541	2.659
13.9	51.8	0.000	0.000
15.7	51.8	-0.859	1.577
17.5	51.8	-0.777	1.577
19.3	51.8	-0.541	1.941
21.1	51.8	0.706	0.518
22.9	51.8	0.000	0.000
24.7	51.8	0.000	0.000
26.5	51.8	0.577	-0.047
28.3	51.8	0.000	0.000
30.1	51.8	-0.377	0.918
31.9	51.8	-0.377	0.847
33.7	51.8	0.000	0.000
35.5	51.8	0.000	0.000
37.4	51.8	0.000	0.000
39.2	51.8	0.000	0.000
41.0	51.8	0.259	2.777
42.8	51.8	0.047	1.683
44.6	51.8	0.000	0.000
46.4	51.8	0.882	2.836
48.2	51.8	-0.082	1.600
50.0	51.8	-0.247	2.424
51.8	51.8	0.012	1.530
53.6	51.8	0.000	1.435
55.4	51.8	-0.200	1.400
57.2	51.8	-0.012	3.212
59.0	51.8	0.000	0.000
60.8	51.8	-0.047	1.941
62.7	51.8	0.024	2.906
64.5	51.8	0.706	2.483
66.3	51.8	0.094	2.318
68.1	51.8	0.082	2.377
69.9	51.8	0.118	2.894
71.7	51.8	0.353	3.106
73.5	51.8	0.000	0.000
1.2	53.6	0.000	0.000
3.0	53.6	0.000	0.000
4.8	53.6	0.000	1.635
6.6	53.6	-0.106	1.765
8.4	53.6	-0.141	1.788
10.2	53.6	0.000	2.506
12.0	53.6	0.459	2.341
13.9	53.6	-0.082	1.506
15.7	53.6	-0.024	1.530
17.5	53.6	0.071	2.271
19.3	53.6	0.000	0.000
21.1	53.6	0.000	0.000
22.9	53.6	-0.247	1.683
24.7	53.6	0.047	1.565
26.5	53.6	0.624	1.765
28.3	53.6	0.000	0.000
30.1	53.6	0.047	-0.059
31.9	53.6	0.000	0.000
33.7	53.6	-0.176	1.624
35.5	53.6	-0.682	2.306
37.4	53.6	-0.671	2.318
39.2	53.6	0.000	0.000
41.0	53.6	0.000	0.000
42.8	53.6	0.000	0.000
44.6	53.6	0.859	2.847
46.4	53.6	0.835	2.847
48.2	53.6	0.000	0.000
50.0	53.6	0.000	0.000
51.8	53.6	0.000	0.000
53.6	53.6	0.000	0.000
55.4	53.6	0.129	2.942
57.2	53.6	-0.106	1.424
59.0	53.6	-0.071	3.318
60.8	53.6	0.000	0.000
62.7	53.6	3.824	2.930
64.5	53.6	0.000	0.000
66.3	53.6	0.447	2.377
68.1	53.6	0.000	1.930
69.9	53.6	-0.106	2.353
71.7	53.6	0.035	1.694
73.5	53.6	0.000	0.000
1.2	55.4	0.000	0.000
3.0	55.4	0.000	0.000
4.8	55.4	0.000	0.000
6.6	55.4	-0.412	0.106
8.4	55.4	-0.224	0.094
10.2	55.4	-0.377	1.541
12.0	55.4	-0.047	2.694
13.9	55.4	0.000	0.000
15.7	55.4	0.000	0.000
17.5	55.4	-0.188	1.977
19.3	55.4	0.000	0.000
21.1	55.4	0.000	0.000
22.9	55.4	-0.024	2.424
24.7	55.4	-0.153	2.000
26.5	55.4	-0.212	2.012
28.3	55.4	0.000	0.000
30.1	55.4	0.000	0.000
31.9	55.4	-0.518	2.259
33.7	55.4	-0.541	2.212
35.5	55.4	-0.165	1.706
37.4	55.4	0.035	2.412
39.2	55.4	0.012	2.400
41.0	55.4	0.000	0.000
42.8	55.4	0.176	1.659
44.6	55.4	0.000	0.000
46.4	55.4	0.000	0.000
48.2	55.4	0.000	0.000
50.0	55.4	-0.176	3.059
51.8	55.4	0.000	0.000
53.6	55.4	0.000	0.000
55.4	55.4	0.000	0.000
57.2	55.4	0.000	0.000
59.0	55.4	-0.118	0.930
60.8	55.4	-0.035	2.318
62.7	55.4	-0.188	2.306
64.5	55.4	-0.388	2.318
66.3	55.4	0.235	1.777
68.1	55.4	0.329	2.718
69.9	55.4	-0.071	2.153
71.7	55.4	-0.318	2.188
73.5	55.4	0.000	0.000
1.2	57.2	0.000	0.000
3.0	57.2	0.000	0.000
4.8	57.2	0.000	0.000
6.6	57.2	-0.835	1.541
8.4	57.2	0.000	0.000
10.2	57.2	0.000	0.000
12.0	57.2	-0.118	2.212
13.9	57.2	1.565	0.012
15.7	57.2	0.000	0.000
17.5	57.2	0.212	2.471
19.3	57.2	0.129	2.212
21.1	57.2	0.000	0.000
22.9	57.2	0.282	2.024
24.7	57.2	-0.753	1.530
26.5	57.2	0.000	0.000
28.3	57.2	-0.600	1.918
30.1	57.2	0.000	0.000
31.9	57.2	0.000	0.000
33.7	57.2	0.000	0.000
35.5	57.2	0.000	0.000
37.4	57.2	0.000	0.000
39.2	57.2	-0.577	2.200
41.0	57.2	0.424	2.059
42.8	57.2	0.000	0.000
44.6	57.2	0.000	0.000
46.4	57.2	0.518	1.694
48.2	57.2	0.506	1.683
50.0	57.2	0.000	1.871
51.8	57.2	-0.071	3.059
53.6	57.2	0.129	2.071
55.4	57.2	0.282	3.377
57.2	57.2	-0.129	2.318
59.0	57.2	0.000	0.000
60.8	57.2	0.353	3.224
62.7	57.2	0.000	0.000
64.5	57.2	0.000	0.000
66.3	57.2	0.094	3.177
68.1	57.2	0.035	2.812
69.9	57.2	0.035	2.306
71.7	57.2	0.000	0.000
73.5	57.2	0.000	0.000
1.2	59.0	0.000	0.000
3.0	59.0	0.000	0.000
4.8	59.0	0.000	0.000
6.6	59.0	-0.071	2.212
8.4	59.0	-0.071	2.294
10.2	59.0	0.000	0.000
12.0	59.0	0.000	0.000
13.9	59.0	0.200	1.812
15.7	59.0	0.200	1.812
17.5	59.0	0.200	2.059
19.3	59.0	0.188	2.059
21.1	59.0	0.000	0.000
22.9	59.0	0.282	2.036
24.7	59.0	0.000	0.000
26.5	59.0	0.000	0.000
28.3	59.0	-0.094	1.788
30.1	59.0	0.000	0.000
31.9	59.0	0.000	0.000
33.7	59.0	0.000	0.000
35.5	59.0	0.000	0.000
37.4	59.0	0.000	0.000
39.2	59.0	0.000	0.000
41.0	59.0	0.000	0.000
42.8	59.0	-0.235	1.553
44.6	59.0	-0.247	2.965
46.4	59.0	0.000	0.000
48.2	59.0	-0.365	2.942
50.0	59.0	-0.247	2.024
51.8	59.0	-0.647	2.036
53.6	59.0	-0.400	1.235
55.4	59.0	-0.165	1.506
57.2	59.0	-0.024	2.847
59.0	59.0	0.459	3.236
60.8	59.0	0.129	2.883
62.7	59.0	-0.518	2.377
64.5	59.0	0.071	3.330
66.3	59.0	0.000	0.000
68.1	59.0	0.000	0.000
69.9	59.0	0.071	2.400
71.7	59.0	0.459	2.836
73.5	59.0	0.000	0.000
1.2	60.8	0.000	0.000
3.0	60.8	0.000	0.000
4.8	60.8	0.000	0.000
6.6	60.8	-0.165	1.459
8.4	60.8	0.000	0.000
10.2	60.8	0.000	0.000
12.0	60.8	0.000	0.000
13.9	60.8	0.000	0.000
15.7	60.8	0.000	0.000
17.5	60.8	-0.071	1.506
19.3	60.8	0.082	1.683
21.1	60.8	-0.059	1.718
22.9	60.8	0.000	0.000
24.7	60.8	0.000	0.000
26.5	60.8	0.000	0.000
28.3	60.8	0.000	0.000
30.1	60.8	0.000	0.000
31.9	60.8	0.000	0.000
33.7	60.8	0.000	0.000
35.5	60.8	0.000	0.000
37.4	60.8	0.000	0.000
39.2	60.8	0.000	0.000
41.0	60.8	-0.082	2.906
42.8	60.8	0.012	2.141
44.6	60.8	0.000	0.000
46.4	60.8	-0.094	2.894
48.2	60.8	-0.318	2.942
50.0	60.8	-0.035	3.118
51.8	60.8	0.000	0.000
53.6	60.8	-0.188	3.200
55.4	60.8	0.035	3.000
57.2	60.8	0.000	0.000
59.0	60.8	0.577	3.295
60.8	60.8	0.494	3.094
62.7	60.8	-0.271	2.283
64.5	60.8	-0.271	2.400
66.3	60.8	0.000	0.000
68.1	60.8	0.000	0.000
69.9	60.8	0.000	0.000
71.7	60.8	-0.165	2.283
73.5	60.8	0.000	0.000
1.2	62.7	0.000	0.000
3.0	62.7	0.000	0.000
4.8	62.7	-0.082	2.212
6.6	62.7	-0.082	2.212
8.4	62.7	0.000	0.000
10.2	62.7	0.000	0.000
12.0	62.7	0.000	0.000
13.9	62.7	0.000	0.000
15.7	62.7	0.000	0.000
17.5	62.7	0.000	0.000
19.3	62.7	0.000	0.000
21.1	62.7	0.000	0.000
22.9	62.7	0.000	0.000
24.7	62.7	0.000	0.000
26.5	62.7	0.000	0.000
28.3	62.7	0.000	0.000
30.1	62.7	0.000	0.000
31.9	62.7	0.000	0.000
33.7	62.7	-0.400	2.836
35.5	62.7	0.000	0.000
37.4	62.7	0.000	0.000
39.2	62.7	0.000	0.000
41.0	62.7	0.000	0.000
42.8	62.7	0.012	2.141
44.6	62.7	-0.059	2.918
46.4	62.7	0.000	0.000
48.2	62.7	0.000	0.000
50.0	62.7	-0.012	2.683
51.8	62.7	-0.930	1.600
53.6	62.7	-0.141	3.024
55.4	62.7	0.000	0.000
57.2	62.7	0.000	0.000
59.0	62.7	-0.176	2.989
60.8	62.7	0.071	2.965
62.7	62.7	0.247	1.718
64.5	62.7	0.482	2.306
66.3	62.7	0.000	0.000
68.1	62.7	0.000	0.000
69.9	62.7	1.235	3.283
71.7	62.7	0.000	0.000
73.5	62.7	0.000	0.012
1.2	64.5	0.000	0.000
3.0	64.5	0.000	0.000
4.8	64.5	-0.082	2.236
6.6	64.5	-0.094	2.188
8.4	64.5	0.000	0.000
10.2	64.5	0.188	1.541
12.0	64.5	-0.247	2.247
13.9	64.5	-0.176	2.224
15.7	64.5	0.000	0.000
17.5	64.5	0.000	0.000
19.3	64.5	0.000	0.000
21.1	64.5	0.000	0.000
22.9	64.5	0.118	1.577
24.7	64.5	-0.329	2.165
26.5	64.5	-0.271	2.165
28.3	64.5	0.000	0.000
30.1	64.5	0.000	0.000
31.9	64.5	0.000	0.000
33.7	64.5	0.000	0.000
35.5	64.5	0.000	0.000
37.4	64.5	-0.024	1.647
39.2	64.5	0.000	0.000
41.0	64.5	-0.471	2.671
42.8	64.5	0.000	0.000
44.6	64.5	0.000	0.000
46.4	64.5	0.294	2.624
48.2	64.5	0.294	2.624
50.0	64.5	-0.188	3.000
51.8	64.5	0.000	0.000
53.6	64.5	0.082	2.859
55.4	64.5	-0.035	2.883
57.2	64.5	-0.165	2.883
59.0	64.5	0.176	3.553
60.8	64.5	0.176	2.341
62.7	64.5	0.188	2.671
64.5	64.5	0.012	2.942
66.3	64.5	0.000	0.000
68.1	64.5	0.271	2.071
69.9	64.5	0.259	3.036
71.7	64.5	0.047	2.541
73.5	64.5	0.000	0.000
1.2	66.3	0.000	0.000
3.0	66.3	0.000	0.000
4.8	66.3	0.000	0.000
6.6	66.3	0.000	0.000
8.4	66.3	0.000	0.000
10.2	66.3	0.000	0.000
12.0	66.3	0.000	0.000
13.9	66.3	0.000	0.000
15.7	66.3	0.000	0.000
17.5	66.3	0.000	0.000
19.3	66.3	0.000	0.000
21.1	66.3	0.000	0.000
22.9	66.3	0.000	0.000
24.7	66.3	-0.212	2.659
26.5	66.3	0.000	0.000
28.3	66.3	0.000	0.000
30.1	66.3	0.000	0.000
31.9	66.3	0.000	0.000
33.7	66.3	0.000	0.000
35.5	66.3	0.000	0.000
37.4	66.3	0.000	0.000
39.2	66.3	0.000	0.000
41.0	66.3	-0.459	2.671
42.8	66.3	0.000	0.000
44.6	66.3	0.000	0.000
46.4	66.3	-0.106	1.953
48.2	66.3	-0.106	1.977
50.0	66.3	0.000	0.000
51.8	66.3	-0.071	3.012
53.6	66.3	-0.165	2.106
55.4	66.3	0.024	1.777
57.2	66.3	0.000	0.000
59.0	66.3	0.000	0.000
60.8	66.3	0.000	0.000
62.7	66.3	0.000	0.000
64.5	66.3	0.000	0.000
66.3	66.3	0.212	2.800
68.1	66.3	0.000	0.000
69.9	66.3	0.000	0.000
71.7	66.3	0.000	0.000
73.5	66.3	0.000	0.000
1.2	68.1	0.000	0.000
3.0	68.1	0.000	0.000
4.8	68.1	0.000	0.000
6.6	68.1	0.000	0.000
8.4	68.1	0.000	0.000
10.2	68.1	0.000	0.000
12.0	68.1	0.000	0.000
13.9	68.1	0.000	0.000
15.7	68.1	0.000	0.000
17.5	68.1	0.635	2.918
19.3	68.1	0.000	0.000
21.1	68.1	0.000	0.000
22.9	68.1	-0.847	2.483
24.7	68.1	-0.341	1.741
26.5	68.1	0.729	2.177
28.3	68.1	0.000	0.000
30.1	68.1	0.000	0.000
31.9	68.1	0.000	0.000
33.7	68.1	0.000	0.000
35.5	68.1	0.000	0.000
37.4	68.1	0.000	0.000
39.2	68.1	0.000	0.000
41.0	68.1	0.577	1.459
42.8	68.1	0.000	0.000
44.6	68.1	0.000	0.000
46.4	68.1	-0.118	1.494
48.2	68.1	-0.094	1.494
50.0	68.1	0.000	0.000
51.8	68.1	0.000	0.000
53.6	68.1	-0.176	2.083
55.4	68.1	0.000	0.000
57.2	68.1	-0.212	3.071
59.0	68.1	-0.306	3.130
60.8	68.1	0.000	0.000
62.7	68.1	0.577	2.636
64.5	68.1	-0.165	2.389
66.3	68.1	-0.200	1.612
68.1	68.1	0.000	0.000
69.9	68.1	-0.600	2.459
71.7	68.1	0.129	1.824
73.5	68.1	0.000	0.000
1.2	69.9	0.000	0.000
3.0	69.9	0.000	0.000
4.8	69.9	0.000	0.000
6.6	69.9	0.000	0.000
8.4	69.9	0.000	0.000
10.2	69.9	0.000	0.000
12.0	69.9	0.000	0.000
13.9	69.9	0.000	0.000
15.7	69.9	0.000	0.000
17.5	69.9	0.000	0.000
19.3	69.9	0.000	0.000
21.1	69.9	0.412	1.671
22.9	69.9	0.000	0.000
24.7	69.9	0.000	2.283
26.5	69.9	-0.012	2.177
28.3	69.9	0.000	0.000
30.1	69.9	-1.365	0.094
31.9	69.9	0.388	1.718
33.7	69.9	-0.612	1.483
35.5	69.9	-0.588	1.471
37.4	69.9	0.000	0.000
39.2	69.9	0.000	0.000
41.0	69.9	0.000	0.000
42.8	69.9	0.000	0.000
44.6	69.9	0.000	0.000
46.4	69.9	0.000	0.000
48.2	69.9	0.000	0.000
50.0	69.9	0.000	0.000
51.8	69.9	0.000	0.000
53.6	69.9	0.000	0.000
55.4	69.9	0.000	0.000
57.2	69.9	-0.082	1.871
59.0	69.9	-0.353	2.000
60.8	69.9	0.059	3.506
62.7	69.9	0.459	3.553
64.5	69.9	0.000	0.000
66.3	69.9	0.118	2.765
68.1	69.9	0.282	2.730
69.9	69.9	-0.082	2.412
71.7	69.9	-0.153	2.400
73.5	69.9	0.000	0.000
1.2	71.7	0.000	0.000
3.0	71.7	0.000	0.000
4.8	71.7	0.000	0.000
6.6	71.7	0.000	0.000
8.4	71.7	0.000	0.000
10.2	71.7	0.000	0.000
12.0	71.7	0.000	0.000
13.9	71.7	0.000	0.000
15.7	71.7	0.000	0.000
17.5	71.7	0.000	0.000
19.3	71.7	0.000	0.000
21.1	71.7	0.412	1.683
22.9	71.7	0.000	0.000
24.7	71.7	0.000	0.000
26.5	71.7	0.000	0.000
28.3	71.7	-0.482	2.224
30.1	71.7	-0.812	2.271
31.9	71.7	0.000	0.000
33.7	71.7	0.000	0.000
35.5	71.7	0.000	0.000
37.4	71.7	0.000	0.000
39.2	71.7	0.000	0.000
41.0	71.7	0.000	0.000
42.8	71.7	0.000	0.000
44.6	71.7	0.000	0.000
46.4	71.7	0.000	0.000
48.2	71.7	-0.306	2.977
50.0	71.7	0.000	0.000
51.8	71.7	0.000	0.000
53.6	71.7	0.000	0.000
55.4	71.7	0.000	0.000
57.2	71.7	-0.059	1.965
59.0	71.7	-0.329	1.918
60.8	71.7	-0.271	2.118
62.7	71.7	0.271	2.894
64.5	71.7	0.282	2.894
66.3	71.7	0.059	2.341
68.1	71.7	0.000	0.000
69.9	71.7	-0.176	2.624
71.7	71.7	-0.224	2.459
73.5	71.7	0.000	0.000
1.2	73.5	0.000	0.000
3.0	73.5	0.000	0.000
4.8	73.5	0.000	0.000
6.6	73.5	0.012	1.635
8.4	73.5	0.000	0.000
10.2	73.5	0.000	0.000
12.0	73.5	0.000	0.000
13.9	73.5	0.000	0.000
15.7	73.5	0.000	0.000
17.5	73.5	0.000	0.000
19.3	73.5	0.000	0.000
21.1	73.5	0.000	0.000
22.9	73.5	0.000	0.000
24.7	73.5	0.000	0.000
26.5	73.5	0.000	0.000
28.3	73.5	0.000	0.000
30.1	73.5	0.000	0.000
31.9	73.5	0.000	0.000
33.7	73.5	0.000	0.000
35.5	73.5	0.000	0.000
37.4	73.5	0.000	0.000
39.2	73.5	0.000	0.000
41.0	73.5	0.000	0.000
42.8	73.5	0.000	0.000
44.6	73.5	0.000	0.000
46.4	73.5	0.000	0.000
48.2	73.5	0.000	0.000
50.0	73.5	0.000	0.000
51.8	73.5	0.000	0.000
53.6	73.5	0.000	0.000
55.4	73.5	0.000	0.000
57.2	73.5	0.000	0.000
59.0	73.5	0.000	0.000
60.8	73.5	-0.729	-4.412
62.7	73.5	0.094	3.047
64.5	73.5	0.000	0.000
66.3	73.5	0.012	1.741
68.1	73.5	0.000	0.000
69.9	73.5	0.000	0.000
71.7	73.5	0.000	0.000
73.5	73.5	0.000	0.000
1.2	75.3	0.000	0.000
3.0	75.3	0.000	0.000
4.8	75.3	0.000	0.000
6.6	75.3	0.082	1.694
8.4	75.3	0.000	0.000
10.2	75.3	0.000	0.000
12.0	75.3	0.000	0.000
13.9	75.3	0.000	0.000
15.7	75.3	0.000	0.000
17.5	75.3	0.000	0.000
19.3	75.3	0.000	0.000
21.1	75.3	0.000	0.000
22.9	75.3	0.000	0.000
24.7	75.3	0.000	0.000
26.5	75.3	0.000	0.000
28.3	75.3	0.000	0.000
30.1	75.3	0.000	0.000
31.9	75.3	0.000	0.000
33.7	75.3	0.000	0.000
35.5	75.3	0.000	0.000
37.4	75.3	0.000	0.000
39.2	75.3	0.000	0.000
41.0	75.3	0.000	0.000
42.8	75.3	0.000	0.000
44.6	75.3	0.000	0.000
46.4	75.3	0.000	0.000
48.2	75.3	0.000	0.000
50.0	75.3	0.000	0.000
51.8	75.3	0.000	0.000
53.6	75.3	0.000	0.000
55.4	75.3	0.000	0.000
57.2	75.3	0.000	0.000
59.0	75.3	0.047	2.847
60.8	75.3	0.047	2.836
62.7	75.3	-0.024	2.883
64.5	75.3	-0.682	2.283
66.3	75.3	0.000	2.800
68.1	75.3	-0.165	2.836
69.9	75.3	-0.235	2.424
71.7	75.3	0.000	0.000
73.5	75.3	0.000	0.000
