1.2	1.2	0.000	0.000
3.0	1.2	0.000	0.000
4.8	1.2	-0.059	0.165
6.6	1.2	-0.012	0.165
8.4	1.2	-0.059	0.212
10.2	1.2	-0.071	0.294
12.0	1.2	-0.082	0.282
13.9	1.2	-0.118	0.318
15.7	1.2	-0.165	0.447
17.5	1.2	-0.141	0.577
19.3	1.2	-0.094	0.588
21.1	1.2	-0.106	0.624
22.9	1.2	-0.094	0.600
24.7	1.2	-0.141	0.647
26.5	1.2	0.000	0.000
28.3	1.2	-0.106	0.824
30.1	1.2	0.071	0.635
31.9	1.2	0.082	0.871
33.7	1.2	-0.141	0.729
35.5	1.2	-0.082	0.812
37.4	1.2	-0.106	0.812
39.2	1.2	-0.224	0.930
41.0	1.2	-0.176	0.953
42.8	1.2	-0.082	0.859
44.6	1.2	-0.141	0.812
46.4	1.2	-0.106	0.977
48.2	1.2	-0.094	0.965
50.0	1.2	-0.141	0.918
51.8	1.2	0.106	0.882
53.6	1.2	-0.082	0.788
55.4	1.2	0.153	0.482
57.2	1.2	0.000	0.400
59.0	1.2	0.035	0.447
60.8	1.2	0.012	0.188
62.7	1.2	0.071	0.047
64.5	1.2	0.035	0.059
66.3	1.2	-0.106	0.059
68.1	1.2	-0.035	0.012
69.9	1.2	-0.024	0.000
71.7	1.2	0.000	0.506
73.5	1.2	0.000	0.000
1.2	3.0	0.000	0.000
3.0	3.0	0.000	0.000
4.8	3.0	0.000	0.200
6.6	3.0	-0.035	0.235
8.4	3.0	-0.035	0.247
10.2	3.0	-0.047	0.294
12.0	3.0	-0.024	0.306
13.9	3.0	-0.094	0.365
15.7	3.0	-0.176	0.494
17.5	3.0	-0.153	0.612
19.3	3.0	-0.106	0.518
21.1	3.0	-0.094	0.588
22.9	3.0	-0.118	0.647
24.7	3.0	-0.094	0.612
26.5	3.0	-0.106	0.706
28.3	3.0	0.000	0.000
30.1	3.0	0.059	0.718
31.9	3.0	0.012	0.812
33.7	3.0	-0.118	0.765
35.5	3.0	-0.071	0.753
37.4	3.0	-0.247	0.835
39.2	3.0	-0.129	0.894
41.0	3.0	-0.094	0.918
42.8	3.0	-0.153	0.894
44.6	3.0	-0.176	0.930
46.4	3.0	-0.165	1.012
48.2	3.0	-0.188	0.894
50.0	3.0	-0.059	0.930
51.8	3.0	-0.035	0.553
53.6	3.0	0.000	0.000
55.4	3.0	-0.059	0.047
57.2	3.0	0.000	0.459
59.0	3.0	0.024	0.306
60.8	3.0	0.012	0.153
62.7	3.0	0.071	0.141
64.5	3.0	0.000	0.047
66.3	3.0	-0.071	-0.035
68.1	3.0	-0.012	-0.059
69.9	3.0	-0.047	-0.012
71.7	3.0	0.012	0.682
73.5	3.0	0.000	0.000
1.2	4.8	0.000	0.000
3.0	4.8	0.000	0.000
4.8	4.8	0.012	0.165
6.6	4.8	-0.024	0.224
8.4	4.8	-0.024	0.259
10.2	4.8	-0.024	0.353
12.0	4.8	-0.118	0.447
13.9	4.8	-0.106	0.377
15.7	4.8	-0.106	0.518
17.5	4.8	-0.141	0.541
19.3	4.8	-0.165	0.600
21.1	4.8	-0.176	0.565
22.9	4.8	-0.141	0.659
24.7	4.8	-0.200	0.765
26.5	4.8	0.424	0.212
28.3	4.8	0.047	0.753
30.1	4.8	-0.024	0.765
31.9	4.8	-0.082	0.788
33.7	4.8	-0.106	0.788
35.5	4.8	-0.129	0.800
37.4	4.8	-0.153	0.859
39.2	4.8	-0.212	0.930
41.0	4.8	-0.106	0.871
42.8	4.8	-0.106	0.824
44.6	4.8	-0.071	0.953
46.4	4.8	-0.129	1.059
48.2	4.8	-0.224	1.059
50.0	4.8	-0.165	0.906
51.8	4.8	-0.141	1.200
53.6	4.8	0.047	1.365
55.4	4.8	0.035	0.577
57.2	4.8	0.035	0.447
59.0	4.8	0.012	0.412
60.8	4.8	-0.082	0.271
62.7	4.8	0.071	0.082
64.5	4.8	0.000	0.153
66.3	4.8	0.024	0.024
68.1	4.8	0.071	-0.071
69.9	4.8	-0.047	-0.047
71.7	4.8	0.024	0.753
73.5	4.8	0.000	0.000
1.2	6.6	0.000	0.000
3.0	6.6	0.000	0.000
4.8	6.6	0.000	0.141
6.6	6.6	-0.012	0.247
8.4	6.6	-0.024	0.341
10.2	6.6	-0.059	0.435
12.0	6.6	-0.129	0.459
13.9	6.6	-0.165	0.529
15.7	6.6	-0.118	0.506
17.5	6.6	-0.141	0.541
19.3	6.6	-0.165	0.600
21.1	6.6	-0.129	0.647
22.9	6.6	-0.176	0.647
24.7	6.6	-0.165	0.753
26.5	6.6	-0.106	0.847
28.3	6.6	-0.071	0.694
30.1	6.6	-0.094	0.718
31.9	6.6	-0.118	0.800
33.7	6.6	-0.106	0.765
35.5	6.6	-0.176	0.753
37.4	6.6	-0.165	0.882
39.2	6.6	-0.188	0.847
41.0	6.6	-0.094	0.930
42.8	6.6	-0.165	0.800
44.6	6.6	-0.129	0.765
46.4	6.6	-0.247	0.941
48.2	6.6	-0.235	0.835
50.0	6.6	-0.094	0.824
51.8	6.6	0.035	1.071
53.6	6.6	0.012	0.941
55.4	6.6	-0.012	0.624
57.2	6.6	0.024	0.600
59.0	6.6	-0.035	0.353
60.8	6.6	0.000	0.224
62.7	6.6	-0.012	0.176
64.5	6.6	-0.012	0.141
66.3	6.6	-0.035	-0.012
68.1	6.6	0.012	-0.024
69.9	6.6	0.012	-0.035
71.7	6.6	0.000	0.000
73.5	6.6	0.000	0.000
1.2	8.4	0.000	0.000
3.0	8.4	0.000	0.000
4.8	8.4	0.024	0.224
6.6	8.4	-0.012	0.329
8.4	8.4	-0.035	0.353
10.2	8.4	-0.071	0.400
12.0	8.4	-0.118	0.459
13.9	8.4	-0.188	0.435
15.7	8.4	-0.176	0.447
17.5	8.4	-0.200	0.565
19.3	8.4	-0.165	0.553
21.1	8.4	-0.129	0.671
22.9	8.4	-0.165	0.706
24.7	8.4	-0.071	0.624
26.5	8.4	0.000	0.694
28.3	8.4	-0.012	0.659
30.1	8.4	-0.059	0.729
31.9	8.4	-0.106	0.788
33.7	8.4	-0.153	0.882
35.5	8.4	-0.176	0.812
37.4	8.4	-0.153	0.835
39.2	8.4	-0.212	0.847
41.0	8.4	-0.165	0.859
42.8	8.4	-0.165	0.965
44.6	8.4	-0.165	1.012
46.4	8.4	-0.165	1.012
48.2	8.4	-0.176	0.941
50.0	8.4	-0.118	0.965
51.8	8.4	0.047	0.612
53.6	8.4	-0.035	0.894
55.4	8.4	0.071	0.565
57.2	8.4	0.059	0.471
59.0	8.4	-0.071	0.494
60.8	8.4	0.035	0.329
62.7	8.4	0.059	0.176
64.5	8.4	0.012	0.094
66.3	8.4	-0.118	0.106
68.1	8.4	-0.035	-0.071
69.9	8.4	0.024	0.035
71.7	8.4	0.000	0.000
73.5	8.4	0.000	0.000
1.2	10.2	0.000	0.000
3.0	10.2	-0.047	0.847
4.8	10.2	-0.024	0.400
6.6	10.2	-0.012	0.471
8.4	10.2	-0.047	0.529
10.2	10.2	-0.047	0.553
12.0	10.2	-0.071	0.577
13.9	10.2	-0.129	0.577
15.7	10.2	-0.188	0.565
17.5	10.2	-0.200	0.577
19.3	10.2	-0.153	0.553
21.1	10.2	-0.141	0.682
22.9	10.2	-0.118	0.706
24.7	10.2	-0.094	0.659
26.5	10.2	-0.188	0.729
28.3	10.2	0.012	0.871
30.1	10.2	-0.129	0.812
31.9	10.2	-0.165	0.694
33.7	10.2	-0.071	0.777
35.5	10.2	-0.188	0.718
37.4	10.2	-0.188	0.800
39.2	10.2	-0.188	0.953
41.0	10.2	-0.141	0.824
42.8	10.2	-0.212	0.882
44.6	10.2	-0.188	0.847
46.4	10.2	-0.176	0.871
48.2	10.2	-0.106	0.788
50.0	10.2	-0.082	0.930
51.8	10.2	-0.176	0.682
53.6	10.2	-0.129	0.612
55.4	10.2	-0.035	0.600
57.2	10.2	0.094	0.518
59.0	10.2	0.118	0.341
60.8	10.2	0.129	0.388
62.7	10.2	0.106	0.247
64.5	10.2	0.024	0.035
66.3	10.2	0.035	-0.059
68.1	10.2	0.000	-0.071
69.9	10.2	-0.012	0.047
71.7	10.2	0.000	0.000
73.5	10.2	0.000	0.000
1.2	12.0	0.000	0.000
3.0	12.0	0.000	0.000
4.8	12.0	0.000	0.306
6.6	12.0	-0.082	0.400
8.4	12.0	-0.071	0.518
10.2	12.0	-0.059	0.565
12.0	12.0	-0.071	0.659
13.9	12.0	-0.176	0.600
15.7	12.0	-0.165	0.624
17.5	12.0	-0.165	0.659
19.3	12.0	-0.200	0.624
21.1	12.0	-0.141	0.671
22.9	12.0	-0.106	0.671
24.7	12.0	-0.141	0.694
26.5	12.0	-0.153	0.753
28.3	12.0	-0.141	0.659
30.1	12.0	-0.071	0.706
31.9	12.0	-0.094	0.741
33.7	12.0	-0.106	0.894
35.5	12.0	-0.224	0.894
37.4	12.0	-0.294	0.906
39.2	12.0	-0.188	0.977
41.0	12.0	-0.129	0.847
42.8	12.0	-0.141	0.871
44.6	12.0	-0.141	0.906
46.4	12.0	-0.129	0.824
48.2	12.0	-0.153	0.718
50.0	12.0	0.012	0.812
51.8	12.0	0.000	0.647
53.6	12.0	-0.024	0.694
55.4	12.0	0.000	0.577
57.2	12.0	0.129	0.518
59.0	12.0	0.035	0.353
60.8	12.0	-0.047	0.059
62.7	12.0	0.059	0.059
64.5	12.0	0.000	-0.035
66.3	12.0	0.106	-0.118
68.1	12.0	0.129	-0.024
69.9	12.0	-0.012	-0.082
71.7	12.0	-0.012	-0.482
73.5	12.0	0.000	0.000
1.2	13.9	0.000	0.000
3.0	13.9	0.000	0.000
4.8	13.9	-0.024	0.494
6.6	13.9	-0.082	0.494
8.4	13.9	-0.082	0.529
10.2	13.9	-0.024	0.635
12.0	13.9	-0.153	0.612
13.9	13.9	-0.059	0.624
15.7	13.9	-0.106	0.600
17.5	13.9	-0.118	0.624
19.3	13.9	-0.153	0.647
21.1	13.9	-0.082	0.671
22.9	13.9	-0.071	0.718
24.7	13.9	-0.129	0.682
26.5	13.9	-0.153	0.729
28.3	13.9	-0.165	0.741
30.1	13.9	-0.176	0.741
31.9	13.9	-0.118	0.847
33.7	13.9	-0.153	0.847
35.5	13.9	-0.094	0.800
37.4	13.9	-0.224	0.812
39.2	13.9	-0.259	0.965
41.0	13.9	0.024	1.000
42.8	13.9	-0.129	0.800
44.6	13.9	0.012	0.859
46.4	13.9	-0.165	0.694
48.2	13.9	-0.141	0.824
50.0	13.9	-0.047	0.871
51.8	13.9	-0.082	0.812
53.6	13.9	0.082	0.753
55.4	13.9	0.012	0.600
57.2	13.9	-0.035	0.506
59.0	13.9	0.012	0.424
60.8	13.9	0.118	0.271
62.7	13.9	0.118	0.176
64.5	13.9	-0.024	0.082
66.3	13.9	0.118	-0.176
68.1	13.9	-0.035	-0.012
69.9	13.9	0.071	0.071
71.7	13.9	0.000	0.000
73.5	13.9	0.000	0.000
1.2	15.7	0.000	0.000
3.0	15.7	0.000	0.000
4.8	15.7	0.000	0.459
6.6	15.7	-0.012	0.471
8.4	15.7	-0.047	0.600
10.2	15.7	-0.047	0.659
12.0	15.7	-0.106	0.612
13.9	15.7	-0.082	0.529
15.7	15.7	-0.118	0.600
17.5	15.7	-0.106	0.671
19.3	15.7	-0.106	0.659
21.1	15.7	-0.118	0.600
22.9	15.7	-0.153	0.729
24.7	15.7	-0.141	0.706
26.5	15.7	-0.129	0.765
28.3	15.7	-0.153	0.835
30.1	15.7	-0.106	0.812
31.9	15.7	-0.012	0.741
33.7	15.7	-0.071	0.765
35.5	15.7	-0.141	0.718
37.4	15.7	-0.235	0.765
39.2	15.7	-0.247	0.894
41.0	15.7	-0.153	0.765
42.8	15.7	-0.082	0.824
44.6	15.7	-0.118	0.765
46.4	15.7	-0.176	0.988
48.2	15.7	-0.082	1.071
50.0	15.7	-0.059	0.800
51.8	15.7	0.000	0.765
53.6	15.7	0.106	0.718
55.4	15.7	0.047	0.577
57.2	15.7	0.176	0.553
59.0	15.7	0.188	0.541
60.8	15.7	0.071	0.400
62.7	15.7	0.106	0.153
64.5	15.7	0.071	-0.212
66.3	15.7	0.129	-0.012
68.1	15.7	0.000	-0.082
69.9	15.7	0.059	0.000
71.7	15.7	-0.047	0.000
73.5	15.7	0.000	0.000
1.2	17.5	0.000	0.000
3.0	17.5	0.000	0.000
4.8	17.5	-0.035	0.341
6.6	17.5	-0.059	0.518
8.4	17.5	-0.071	0.612
10.2	17.5	-0.094	0.659
12.0	17.5	-0.094	0.624
13.9	17.5	-0.106	0.541
15.7	17.5	-0.094	0.588
17.5	17.5	-0.118	0.671
19.3	17.5	-0.071	0.718
21.1	17.5	-0.106	0.729
22.9	17.5	-0.106	0.671
24.7	17.5	-0.094	0.741
26.5	17.5	0.000	0.753
28.3	17.5	-0.082	0.706
30.1	17.5	-0.082	0.729
31.9	17.5	-0.071	0.718
33.7	17.5	-0.153	0.777
35.5	17.5	-0.129	0.741
37.4	17.5	-0.094	0.765
39.2	17.5	-0.071	0.835
41.0	17.5	-0.082	0.753
42.8	17.5	-0.106	0.694
44.6	17.5	-0.106	0.824
46.4	17.5	-0.059	1.000
48.2	17.5	-0.106	0.812
50.0	17.5	0.012	0.671
51.8	17.5	0.047	0.671
53.6	17.5	0.141	0.635
55.4	17.5	0.047	0.377
57.2	17.5	0.129	0.424
59.0	17.5	0.024	0.471
60.8	17.5	0.071	0.129
62.7	17.5	0.082	-0.118
64.5	17.5	0.024	0.059
66.3	17.5	0.071	0.000
68.1	17.5	0.094	0.012
69.9	17.5	0.129	-0.153
71.7	17.5	0.000	0.000
73.5	17.5	0.000	0.000
1.2	19.3	0.000	0.000
3.0	19.3	0.000	0.000
4.8	19.3	-0.047	0.577
6.6	19.3	-0.082	0.577
8.4	19.3	-0.118	0.635
10.2	19.3	-0.094	0.659
12.0	19.3	-0.129	0.718
13.9	19.3	-0.094	0.682
15.7	19.3	-0.094	0.647
17.5	19.3	-0.094	0.671
19.3	19.3	-0.094	0.706
21.1	19.3	-0.106	0.659
22.9	19.3	-0.082	0.777
24.7	19.3	-0.059	0.788
26.5	19.3	-0.024	0.765
28.3	19.3	-0.059	0.800
30.1	19.3	-0.035	0.706
31.9	19.3	-0.059	0.777
33.7	19.3	-0.024	0.788
35.5	19.3	-0.047	0.812
37.4	19.3	-0.024	0.800
39.2	19.3	0.012	0.800
41.0	19.3	-0.071	0.812
42.8	19.3	-0.082	0.765
44.6	19.3	-0.012	0.765
46.4	19.3	-0.012	0.729
48.2	19.3	-0.082	0.577
50.0	19.3	-0.153	0.647
51.8	19.3	-0.071	0.671
53.6	19.3	0.059	0.647
55.4	19.3	0.059	0.588
57.2	19.3	0.082	0.388
59.0	19.3	0.024	0.294
60.8	19.3	0.200	0.059
62.7	19.3	0.153	-0.012
64.5	19.3	0.106	0.024
66.3	19.3	-0.035	0.012
68.1	19.3	0.024	0.000
69.9	19.3	0.071	-0.176
71.7	19.3	0.000	0.541
73.5	19.3	0.000	0.000
1.2	21.1	0.000	0.000
3.0	21.1	0.000	0.000
4.8	21.1	-0.141	0.224
6.6	21.1	-0.071	0.282
8.4	21.1	-0.129	0.671
10.2	21.1	-0.106	0.682
12.0	21.1	-0.082	0.624
13.9	21.1	-0.082	0.659
15.7	21.1	-0.106	0.682
17.5	21.1	-0.082	0.694
19.3	21.1	-0.082	0.718
21.1	21.1	-0.071	0.729
22.9	21.1	-0.082	0.718
24.7	21.1	-0.094	0.741
26.5	21.1	-0.035	0.777
28.3	21.1	-0.035	0.753
30.1	21.1	-0.071	0.777
31.9	21.1	-0.082	0.871
33.7	21.1	-0.106	0.788
35.5	21.1	-0.035	0.753
37.4	21.1	0.000	0.824
39.2	21.1	0.000	0.812
41.0	21.1	0.000	0.812
42.8	21.1	-0.094	0.729
44.6	21.1	-0.082	0.741
46.4	21.1	-0.047	0.706
48.2	21.1	-0.141	0.753
50.0	21.1	-0.082	0.718
51.8	21.1	0.024	0.600
53.6	21.1	0.012	0.659
55.4	21.1	0.047	0.518
57.2	21.1	0.176	0.506
59.0	21.1	0.176	0.282
60.8	21.1	0.129	0.129
62.7	21.1	0.282	-0.082
64.5	21.1	0.176	0.000
66.3	21.1	0.059	0.047
68.1	21.1	0.035	-0.012
69.9	21.1	0.106	-0.024
71.7	21.1	-0.059	0.094
73.5	21.1	0.000	0.000
1.2	22.9	0.000	0.000
3.0	22.9	0.000	0.000
4.8	22.9	-0.176	0.918
6.6	22.9	-0.118	0.918
8.4	22.9	-0.024	0.906
10.2	22.9	-0.059	0.647
12.0	22.9	-0.024	0.694
13.9	22.9	-0.059	0.729
15.7	22.9	-0.106	0.741
17.5	22.9	-0.094	0.718
19.3	22.9	-0.118	0.729
21.1	22.9	-0.082	0.729
22.9	22.9	-0.071	0.682
24.7	22.9	-0.082	0.718
26.5	22.9	-0.024	0.812
28.3	22.9	-0.047	0.777
30.1	22.9	-0.059	0.824
31.9	22.9	0.059	0.812
33.7	22.9	-0.082	0.706
35.5	22.9	0.012	0.765
37.4	22.9	0.012	0.753
39.2	22.9	-0.024	0.800
41.0	22.9	-0.094	0.800
42.8	22.9	-0.047	0.729
44.6	22.9	-0.024	0.682
46.4	22.9	0.012	0.800
48.2	22.9	-0.082	0.635
50.0	22.9	0.047	0.647
51.8	22.9	0.094	0.577
53.6	22.9	0.024	0.588
55.4	22.9	0.082	0.318
57.2	22.9	0.294	0.435
59.0	22.9	0.176	0.412
60.8	22.9	0.176	0.059
62.7	22.9	0.094	0.035
64.5	22.9	0.153	0.059
66.3	22.9	0.118	0.071
68.1	22.9	-0.059	-0.035
69.9	22.9	0.024	-0.118
71.7	22.9	0.012	-0.412
73.5	22.9	0.000	0.000
1.2	24.7	0.000	0.000
3.0	24.7	0.000	0.000
4.8	24.7	-0.024	0.788
6.6	24.7	-0.118	0.577
8.4	24.7	-0.106	0.671
10.2	24.7	-0.059	0.835
12.0	24.7	-0.059	0.729
13.9	24.7	-0.082	0.682
15.7	24.7	-0.118	0.729
17.5	24.7	-0.106	0.729
19.3	24.7	-0.071	0.753
21.1	24.7	-0.094	0.729
22.9	24.7	-0.094	0.741
24.7	24.7	-0.071	0.800
26.5	24.7	0.012	0.753
28.3	24.7	0.035	0.800
30.1	24.7	-0.012	0.765
31.9	24.7	-0.012	0.824
33.7	24.7	-0.024	0.788
35.5	24.7	-0.059	0.777
37.4	24.7	-0.035	0.788
39.2	24.7	-0.071	0.800
41.0	24.7	0.024	0.871
42.8	24.7	0.035	0.694
44.6	24.7	-0.035	0.729
46.4	24.7	0.024	0.859
48.2	24.7	0.035	0.624
50.0	24.7	0.000	0.718
51.8	24.7	-0.024	0.494
53.6	24.7	0.082	0.529
55.4	24.7	0.165	0.306
57.2	24.7	0.165	0.282
59.0	24.7	0.059	0.247
60.8	24.7	0.012	0.153
62.7	24.7	-0.047	0.118
64.5	24.7	-0.082	0.035
66.3	24.7	0.224	-0.047
68.1	24.7	0.035	-0.165
69.9	24.7	-0.059	-0.153
71.7	24.7	0.000	0.000
73.5	24.7	0.000	0.000
1.2	26.5	0.000	0.000
3.0	26.5	0.000	0.000
4.8	26.5	-0.059	0.977
6.6	26.5	-0.118	0.647
8.4	26.5	-0.094	0.694
10.2	26.5	-0.106	0.659
12.0	26.5	-0.118	0.706
13.9	26.5	-0.094	0.741
15.7	26.5	-0.094	0.777
17.5	26.5	-0.059	0.718
19.3	26.5	-0.071	0.753
21.1	26.5	0.035	0.800
22.9	26.5	-0.012	0.741
24.7	26.5	-0.047	0.741
26.5	26.5	0.012	0.859
28.3	26.5	0.071	0.859
30.1	26.5	0.071	0.765
31.9	26.5	-0.012	0.847
33.7	26.5	-0.059	0.788
35.5	26.5	-0.059	0.741
37.4	26.5	0.000	0.800
39.2	26.5	0.024	0.741
41.0	26.5	0.129	0.812
42.8	26.5	0.012	0.847
44.6	26.5	0.012	0.718
46.4	26.5	0.012	0.694
48.2	26.5	0.071	0.753
50.0	26.5	0.035	0.635
51.8	26.5	0.012	0.482
53.6	26.5	0.212	0.588
55.4	26.5	0.235	0.365
57.2	26.5	0.176	0.200
59.0	26.5	0.035	0.282
60.8	26.5	-0.071	0.282
62.7	26.5	0.071	0.412
64.5	26.5	-0.024	0.165
66.3	26.5	0.247	0.059
68.1	26.5	0.059	0.176
69.9	26.5	-0.012	0.012
71.7	26.5	-0.047	-0.071
73.5	26.5	0.000	0.000
1.2	28.3	0.000	0.000
3.0	28.3	0.000	0.000
4.8	28.3	-0.094	0.647
6.6	28.3	-0.082	0.635
8.4	28.3	-0.012	0.847
10.2	28.3	0.082	0.871
12.0	28.3	-0.012	0.824
13.9	28.3	-0.118	0.706
15.7	28.3	-0.094	0.765
17.5	28.3	-0.106	0.800
19.3	28.3	-0.059	0.800
21.1	28.3	0.082	0.835
22.9	28.3	0.000	0.753
24.7	28.3	-0.012	0.694
26.5	28.3	-0.094	0.788
28.3	28.3	-0.012	0.812
30.1	28.3	0.188	0.812
31.9	28.3	0.012	0.765
33.7	28.3	-0.047	0.659
35.5	28.3	0.082	0.800
37.4	28.3	-0.012	0.859
39.2	28.3	0.035	0.847
41.0	28.3	0.059	0.706
42.8	28.3	-0.047	0.788
44.6	28.3	-0.118	0.741
46.4	28.3	0.012	0.765
48.2	28.3	0.035	0.729
50.0	28.3	-0.059	0.729
51.8	28.3	0.024	0.588
53.6	28.3	0.165	0.612
55.4	28.3	0.106	0.459
57.2	28.3	0.200	0.435
59.0	28.3	0.082	0.282
60.8	28.3	0.035	0.118
62.7	28.3	0.035	0.024
64.5	28.3	0.082	-0.024
66.3	28.3	0.176	0.012
68.1	28.3	0.129	0.000
69.9	28.3	0.071	0.012
71.7	28.3	-0.047	0.694
73.5	28.3	0.000	0.000
1.2	30.1	0.000	0.000
3.0	30.1	0.000	0.000
4.8	30.1	-0.059	0.777
6.6	30.1	-0.035	1.024
8.4	30.1	-0.035	0.988
10.2	30.1	0.071	0.800
12.0	30.1	-0.106	0.671
13.9	30.1	-0.082	0.706
15.7	30.1	-0.141	0.753
17.5	30.1	-0.094	0.588
19.3	30.1	-0.082	0.529
21.1	30.1	-0.047	0.800
22.9	30.1	-0.129	0.847
24.7	30.1	-0.035	0.741
26.5	30.1	-0.059	0.824
28.3	30.1	-0.047	0.718
30.1	30.1	0.071	0.694
31.9	30.1	0.082	0.859
33.7	30.1	0.000	0.741
35.5	30.1	0.024	0.812
37.4	30.1	-0.035	0.847
39.2	30.1	0.012	0.812
41.0	30.1	0.106	0.671
42.8	30.1	-0.024	0.718
44.6	30.1	-0.071	0.753
46.4	30.1	0.059	0.541
48.2	30.1	0.059	0.459
50.0	30.1	0.118	0.753
51.8	30.1	-0.012	0.741
53.6	30.1	0.024	0.800
55.4	30.1	0.082	0.412
57.2	30.1	0.200	0.118
59.0	30.1	0.106	0.282
60.8	30.1	0.047	0.306
62.7	30.1	0.188	0.306
64.5	30.1	0.047	0.106
66.3	30.1	-0.118	0.035
68.1	30.1	0.153	0.071
69.9	30.1	0.094	-0.118
71.7	30.1	0.071	-0.024
73.5	30.1	0.000	0.000
1.2	31.9	0.000	0.000
3.0	31.9	0.000	0.000
4.8	31.9	-0.071	0.941
6.6	31.9	-0.047	1.000
8.4	31.9	0.035	0.812
10.2	31.9	-0.012	0.847
12.0	31.9	-0.071	0.965
13.9	31.9	0.094	1.024
15.7	31.9	-0.118	0.894
17.5	31.9	-0.082	0.835
19.3	31.9	-0.047	0.812
21.1	31.9	-0.082	0.741
22.9	31.9	-0.047	0.859
24.7	31.9	-0.059	0.765
26.5	31.9	-0.118	0.777
28.3	31.9	-0.012	0.800
30.1	31.9	0.000	0.800
31.9	31.9	0.012	0.777
33.7	31.9	0.024	0.706
35.5	31.9	0.071	0.788
37.4	31.9	0.024	0.765
39.2	31.9	0.012	0.871
41.0	31.9	0.118	0.765
42.8	31.9	0.071	0.706
44.6	31.9	0.059	0.741
46.4	31.9	0.012	0.435
48.2	31.9	0.035	0.529
50.0	31.9	0.000	0.612
51.8	31.9	0.000	0.482
53.6	31.9	0.094	0.459
55.4	31.9	0.047	0.377
57.2	31.9	-0.012	0.294
59.0	31.9	0.118	0.494
60.8	31.9	0.129	0.282
62.7	31.9	0.012	0.412
64.5	31.9	0.059	0.212
66.3	31.9	0.165	0.000
68.1	31.9	0.165	0.059
69.9	31.9	0.024	0.082
71.7	31.9	0.153	0.671
73.5	31.9	0.000	0.000
1.2	33.7	0.000	0.000
3.0	33.7	0.000	0.000
4.8	33.7	0.024	0.835
6.6	33.7	0.141	0.906
8.4	33.7	-0.035	0.753
10.2	33.7	-0.059	0.753
12.0	33.7	-0.071	0.694
13.9	33.7	-0.094	0.600
15.7	33.7	-0.118	0.765
17.5	33.7	-0.059	0.847
19.3	33.7	-0.094	0.777
21.1	33.7	-0.118	0.729
22.9	33.7	-0.106	0.777
24.7	33.7	-0.047	0.741
26.5	33.7	-0.035	0.847
28.3	33.7	0.000	0.824
30.1	33.7	0.000	0.847
31.9	33.7	0.035	0.729
33.7	33.7	0.059	0.753
35.5	33.7	0.012	0.812
37.4	33.7	0.024	0.882
39.2	33.7	-0.047	0.800
41.0	33.7	-0.012	0.729
42.8	33.7	0.000	0.835
44.6	33.7	0.047	0.624
46.4	33.7	0.047	0.659
48.2	33.7	-0.012	0.424
50.0	33.7	-0.094	0.471
51.8	33.7	0.059	0.271
53.6	33.7	0.082	0.435
55.4	33.7	0.200	0.494
57.2	33.7	0.200	0.541
59.0	33.7	0.341	0.200
60.8	33.7	0.200	0.176
62.7	33.7	0.035	0.247
64.5	33.7	0.000	0.000
66.3	33.7	0.129	-0.224
68.1	33.7	0.012	-0.024
69.9	33.7	0.047	0.071
71.7	33.7	0.000	0.000
73.5	33.7	0.000	0.000
1.2	35.5	0.000	0.000
3.0	35.5	0.000	0.000
4.8	35.5	-0.024	1.447
6.6	35.5	0.153	1.424
8.4	35.5	0.000	0.000
10.2	35.5	-0.059	0.882
12.0	35.5	-0.106	0.729
13.9	35.5	0.000	0.824
15.7	35.5	-0.059	0.659
17.5	35.5	-0.071	0.906
19.3	35.5	-0.047	0.800
21.1	35.5	-0.118	0.753
22.9	35.5	-0.141	0.800
24.7	35.5	-0.035	0.847
26.5	35.5	-0.047	0.718
28.3	35.5	0.024	0.765
30.1	35.5	-0.035	0.812
31.9	35.5	-0.012	0.777
33.7	35.5	0.047	0.765
35.5	35.5	-0.141	0.718
37.4	35.5	0.012	0.694
39.2	35.5	-0.035	0.659
41.0	35.5	0.082	0.741
42.8	35.5	-0.012	0.800
44.6	35.5	-0.106	0.906
46.4	35.5	0.012	0.741
48.2	35.5	0.071	0.753
50.0	35.5	0.035	0.624
51.8	35.5	0.094	0.682
53.6	35.5	-0.012	0.353
55.4	35.5	0.306	0.318
57.2	35.5	0.294	0.129
59.0	35.5	0.365	0.129
60.8	35.5	0.188	0.047
62.7	35.5	0.153	0.141
64.5	35.5	0.000	0.306
66.3	35.5	0.118	-0.082
68.1	35.5	-0.224	-0.024
69.9	35.5	-0.165	-0.271
71.7	35.5	0.000	0.000
73.5	35.5	0.000	0.000
1.2	37.4	0.000	0.000
3.0	37.4	0.000	0.000
4.8	37.4	0.047	0.847
6.6	37.4	0.129	0.788
8.4	37.4	0.000	1.000
10.2	37.4	-0.047	0.894
12.0	37.4	-0.118	0.859
13.9	37.4	-0.118	0.824
15.7	37.4	-0.129	0.847
17.5	37.4	0.094	0.953
19.3	37.4	-0.165	0.753
21.1	37.4	-0.047	0.553
22.9	37.4	-0.106	0.871
24.7	37.4	0.012	0.871
26.5	37.4	0.000	0.824
28.3	37.4	-0.118	0.741
30.1	37.4	-0.047	0.812
31.9	37.4	-0.035	0.812
33.7	37.4	-0.024	0.812
35.5	37.4	-0.082	0.918
37.4	37.4	-0.012	0.729
39.2	37.4	0.012	0.847
41.0	37.4	0.235	0.847
42.8	37.4	0.047	0.777
44.6	37.4	0.047	0.624
46.4	37.4	-0.024	0.812
48.2	37.4	0.165	0.588
50.0	37.4	0.153	0.671
51.8	37.4	0.129	0.435
53.6	37.4	0.000	0.518
55.4	37.4	0.188	0.400
57.2	37.4	0.047	0.318
59.0	37.4	0.012	0.106
60.8	37.4	0.035	0.200
62.7	37.4	0.141	0.024
64.5	37.4	0.082	0.012
66.3	37.4	0.247	-0.059
68.1	37.4	-0.047	0.047
69.9	37.4	-0.035	0.035
71.7	37.4	0.071	0.047
73.5	37.4	0.000	0.000
1.2	39.2	0.000	0.000
3.0	39.2	0.000	0.000
4.8	39.2	-0.153	1.188
6.6	39.2	-0.035	0.765
8.4	39.2	0.000	0.988
10.2	39.2	0.012	1.177
12.0	39.2	0.000	1.130
13.9	39.2	-0.024	0.882
15.7	39.2	-0.059	0.882
17.5	39.2	-0.094	1.059
19.3	39.2	0.047	0.906
21.1	39.2	0.047	0.694
22.9	39.2	-0.071	0.824
24.7	39.2	-0.047	0.871
26.5	39.2	0.024	0.777
28.3	39.2	0.000	0.882
30.1	39.2	-0.024	0.741
31.9	39.2	-0.082	0.847
33.7	39.2	0.071	0.988
35.5	39.2	0.059	0.871
37.4	39.2	0.012	0.729
39.2	39.2	0.071	0.777
41.0	39.2	0.176	0.812
42.8	39.2	0.082	0.788
44.6	39.2	0.059	0.812
46.4	39.2	0.012	0.647
48.2	39.2	0.082	0.729
50.0	39.2	0.082	0.741
51.8	39.2	0.200	0.694
53.6	39.2	0.271	0.471
55.4	39.2	0.235	0.294
57.2	39.2	0.271	0.141
59.0	39.2	0.035	-0.059
60.8	39.2	0.129	0.188
62.7	39.2	0.188	0.294
64.5	39.2	0.165	-0.012
66.3	39.2	0.341	-0.035
68.1	39.2	0.165	0.153
69.9	39.2	-0.059	0.094
71.7	39.2	0.035	-0.412
73.5	39.2	0.000	0.000
1.2	41.0	0.000	0.000
3.0	41.0	0.000	0.000
4.8	41.0	0.059	1.200
6.6	41.0	0.247	1.094
8.4	41.0	0.224	1.400
10.2	41.0	0.000	1.071
12.0	41.0	-0.071	0.918
13.9	41.0	-0.035	0.988
15.7	41.0	-0.106	0.824
17.5	41.0	0.059	0.871
19.3	41.0	-0.059	0.835
21.1	41.0	-0.071	0.906
22.9	41.0	-0.012	0.906
24.7	41.0	0.024	0.800
26.5	41.0	-0.106	0.788
28.3	41.0	-0.129	0.835
30.1	41.0	-0.035	0.753
31.9	41.0	-0.024	0.859
33.7	41.0	0.024	0.812
35.5	41.0	0.024	0.788
37.4	41.0	-0.012	0.647
39.2	41.0	-0.059	0.612
41.0	41.0	0.118	0.729
42.8	41.0	0.059	0.718
44.6	41.0	0.059	0.882
46.4	41.0	0.059	0.612
48.2	41.0	0.024	0.447
50.0	41.0	0.129	0.577
51.8	41.0	0.165	0.635
53.6	41.0	0.200	0.400
55.4	41.0	0.176	0.400
57.2	41.0	0.212	0.212
59.0	41.0	0.200	0.082
60.8	41.0	0.129	0.118
62.7	41.0	0.153	0.282
64.5	41.0	0.176	0.188
66.3	41.0	0.024	-0.106
68.1	41.0	-0.059	-0.024
69.9	41.0	-0.435	-0.035
71.7	41.0	0.000	0.000
73.5	41.0	0.000	0.000
1.2	42.8	0.000	0.000
3.0	42.8	0.000	0.000
4.8	42.8	0.059	0.494
6.6	42.8	0.047	0.894
8.4	42.8	0.059	1.094
10.2	42.8	-0.071	1.647
12.0	42.8	-0.094	0.835
13.9	42.8	-0.035	0.882
15.7	42.8	-0.035	0.835
17.5	42.8	0.059	1.212
19.3	42.8	0.153	1.271
21.1	42.8	-0.071	0.847
22.9	42.8	-0.047	0.953
24.7	42.8	0.012	0.894
26.5	42.8	-0.118	0.835
28.3	42.8	-0.200	0.835
30.1	42.8	-0.106	0.741
31.9	42.8	0.024	0.777
33.7	42.8	-0.129	0.882
35.5	42.8	-0.024	0.894
37.4	42.8	0.059	0.847
39.2	42.8	0.000	0.541
41.0	42.8	0.071	0.706
42.8	42.8	0.094	0.694
44.6	42.8	-0.012	0.729
46.4	42.8	0.106	0.729
48.2	42.8	-0.059	0.682
50.0	42.8	0.165	0.541
51.8	42.8	0.176	0.341
53.6	42.8	0.224	0.000
55.4	42.8	0.247	0.024
57.2	42.8	0.200	0.329
59.0	42.8	0.071	0.212
60.8	42.8	0.200	0.165
62.7	42.8	0.153	0.118
64.5	42.8	0.388	-0.094
66.3	42.8	-1.153	0.612
68.1	42.8	0.000	0.000
69.9	42.8	-0.106	0.024
71.7	42.8	-0.071	0.094
73.5	42.8	0.000	0.000
1.2	44.6	0.000	0.000
3.0	44.6	0.000	0.000
4.8	44.6	0.012	1.012
6.6	44.6	0.035	0.800
8.4	44.6	0.024	0.812
10.2	44.6	0.035	0.965
12.0	44.6	-0.106	0.835
13.9	44.6	-0.082	1.047
15.7	44.6	-0.082	0.824
17.5	44.6	-0.024	0.777
19.3	44.6	-0.071	0.835
21.1	44.6	-0.106	0.824
22.9	44.6	-0.129	0.777
24.7	44.6	-0.247	0.647
26.5	44.6	-0.047	0.741
28.3	44.6	-0.141	0.671
30.1	44.6	-0.106	0.894
31.9	44.6	-0.047	0.859
33.7	44.6	0.000	0.729
35.5	44.6	0.000	0.977
37.4	44.6	0.106	0.777
39.2	44.6	0.012	0.494
41.0	44.6	-0.035	0.541
42.8	44.6	0.012	0.600
44.6	44.6	0.035	0.718
46.4	44.6	0.035	0.647
48.2	44.6	0.047	0.624
50.0	44.6	0.118	0.459
51.8	44.6	0.047	0.165
53.6	44.6	0.188	-0.047
55.4	44.6	0.071	0.377
57.2	44.6	0.035	0.365
59.0	44.6	0.071	0.271
60.8	44.6	0.024	0.329
62.7	44.6	0.200	0.176
64.5	44.6	0.212	0.035
66.3	44.6	0.082	-0.094
68.1	44.6	-0.118	-0.035
69.9	44.6	-0.094	0.224
71.7	44.6	-0.047	0.235
73.5	44.6	0.000	0.000
1.2	46.4	0.000	0.000
3.0	46.4	0.000	0.000
4.8	46.4	-0.012	0.718
6.6	46.4	0.012	0.847
8.4	46.4	0.012	0.859
10.2	46.4	-0.082	0.906
12.0	46.4	-0.153	0.930
13.9	46.4	-0.047	0.765
15.7	46.4	-0.082	0.659
17.5	46.4	-0.047	0.765
19.3	46.4	-0.071	0.847
21.1	46.4	-0.200	0.941
22.9	46.4	-0.141	0.835
24.7	46.4	-0.188	0.741
26.5	46.4	-0.024	0.859
28.3	46.4	-0.082	0.777
30.1	46.4	-0.094	0.871
31.9	46.4	0.024	0.906
33.7	46.4	-0.071	0.953
35.5	46.4	-0.012	0.824
37.4	46.4	0.035	0.777
39.2	46.4	-0.024	0.612
41.0	46.4	-0.035	0.424
42.8	46.4	0.035	0.529
44.6	46.4	-0.047	0.682
46.4	46.4	-0.035	0.694
48.2	46.4	0.024	0.506
50.0	46.4	-0.141	0.529
51.8	46.4	-0.141	0.529
53.6	46.4	-0.035	0.188
55.4	46.4	0.118	0.400
57.2	46.4	0.035	0.424
59.0	46.4	0.247	0.624
60.8	46.4	0.059	0.388
62.7	46.4	0.282	0.306
64.5	46.4	0.071	0.247
66.3	46.4	0.024	0.118
68.1	46.4	-0.071	0.035
69.9	46.4	-0.212	-0.012
71.7	46.4	0.035	0.129
73.5	46.4	0.000	0.000
1.2	48.2	0.000	0.000
3.0	48.2	0.000	0.000
4.8	48.2	0.000	0.000
6.6	48.2	0.153	1.059
8.4	48.2	0.141	1.118
10.2	48.2	-0.129	1.106
12.0	48.2	-0.165	1.659
13.9	48.2	-0.129	0.953
15.7	48.2	-0.047	0.906
17.5	48.2	0.012	1.082
19.3	48.2	-0.094	0.777
21.1	48.2	-0.071	0.835
22.9	48.2	-0.129	0.882
24.7	48.2	-0.082	0.977
26.5	48.2	-0.082	0.777
28.3	48.2	0.035	0.835
30.1	48.2	0.035	0.812
31.9	48.2	-0.012	0.753
33.7	48.2	-0.047	0.706
35.5	48.2	-0.035	0.788
37.4	48.2	-0.035	0.718
39.2	48.2	0.000	0.612
41.0	48.2	-0.047	0.424
42.8	48.2	-0.035	0.494
44.6	48.2	0.012	0.624
46.4	48.2	0.153	0.824
48.2	48.2	0.153	0.671
50.0	48.2	0.000	0.494
51.8	48.2	0.118	0.494
53.6	48.2	0.000	0.553
55.4	48.2	-0.153	0.141
57.2	48.2	0.141	0.341
59.0	48.2	0.165	0.235
60.8	48.2	0.271	0.176
62.7	48.2	0.094	0.153
64.5	48.2	0.094	0.071
66.3	48.2	-0.059	0.035
68.1	48.2	0.071	0.094
69.9	48.2	-0.035	0.047
71.7	48.2	0.118	0.047
73.5	48.2	0.000	0.000
1.2	50.0	0.000	0.000
3.0	50.0	0.000	0.000
4.8	50.0	-0.165	0.918
6.6	50.0	-0.012	0.812
8.4	50.0	-0.047	1.118
10.2	50.0	-0.024	1.388
12.0	50.0	-0.094	1.447
13.9	50.0	-0.035	0.812
15.7	50.0	-0.188	0.777
17.5	50.0	0.024	1.082
19.3	50.0	-0.141	0.977
21.1	50.0	-0.024	0.906
22.9	50.0	-0.129	1.177
24.7	50.0	-0.012	0.918
26.5	50.0	-0.129	0.965
28.3	50.0	-0.024	0.930
30.1	50.0	0.012	0.930
31.9	50.0	0.118	0.847
33.7	50.0	0.118	0.788
35.5	50.0	0.012	0.506
37.4	50.0	0.047	0.482
39.2	50.0	0.165	0.847
41.0	50.0	0.082	0.706
42.8	50.0	-0.012	0.424
44.6	50.0	0.059	0.506
46.4	50.0	0.224	0.682
48.2	50.0	0.153	0.577
50.0	50.0	0.247	0.259
51.8	50.0	0.024	0.388
53.6	50.0	0.012	0.518
55.4	50.0	0.071	0.353
57.2	50.0	0.106	0.365
59.0	50.0	-0.047	0.424
60.8	50.0	0.106	0.047
62.7	50.0	0.012	0.047
64.5	50.0	0.153	0.024
66.3	50.0	0.082	0.082
68.1	50.0	0.118	0.176
69.9	50.0	-0.012	-0.141
71.7	50.0	-0.024	0.012
73.5	50.0	0.000	0.000
1.2	51.8	0.000	0.000
3.0	51.8	0.000	0.000
4.8	51.8	-0.024	0.800
6.6	51.8	-0.094	0.894
8.4	51.8	-0.024	0.941
10.2	51.8	0.071	1.153
12.0	51.8	-0.035	0.812
13.9	51.8	-0.071	0.835
15.7	51.8	-0.082	0.930
17.5	51.8	-0.012	1.200
19.3	51.8	-0.035	0.835
21.1	51.8	-0.082	0.741
22.9	51.8	-0.106	0.788
24.7	51.8	-0.047	0.835
26.5	51.8	-0.035	0.906
28.3	51.8	0.012	0.965
30.1	51.8	-0.012	0.835
31.9	51.8	-0.106	0.977
33.7	51.8	-0.059	0.741
35.5	51.8	0.035	0.671
37.4	51.8	0.224	0.494
39.2	51.8	0.129	0.577
41.0	51.8	0.059	0.706
42.8	51.8	0.000	0.694
44.6	51.8	0.047	0.671
46.4	51.8	0.071	0.541
48.2	51.8	0.212	0.082
50.0	51.8	0.235	0.518
51.8	51.8	0.047	0.506
53.6	51.8	-0.012	0.188
55.4	51.8	0.012	0.188
57.2	51.8	0.000	0.000
59.0	51.8	-0.035	0.412
60.8	51.8	-0.035	0.365
62.7	51.8	-0.141	0.047
64.5	51.8	0.106	0.165
66.3	51.8	0.035	0.129
68.1	51.8	0.271	0.329
69.9	51.8	-0.118	0.071
71.7	51.8	-0.129	0.118
73.5	51.8	0.000	0.000
1.2	53.6	0.000	0.000
3.0	53.6	0.000	0.000
4.8	53.6	0.012	0.835
6.6	53.6	-0.059	0.859
8.4	53.6	0.118	0.824
10.2	53.6	0.082	0.906
12.0	53.6	-0.118	0.941
13.9	53.6	0.000	0.000
15.7	53.6	-0.118	0.847
17.5	53.6	-0.094	0.941
19.3	53.6	-0.141	0.882
21.1	53.6	-0.200	0.682
22.9	53.6	-0.082	0.624
24.7	53.6	0.047	0.977
26.5	53.6	-0.047	0.812
28.3	53.6	0.118	0.859
30.1	53.6	0.071	0.847
31.9	53.6	-0.165	0.859
33.7	53.6	0.059	0.506
35.5	53.6	0.035	0.529
37.4	53.6	0.035	0.624
39.2	53.6	-0.047	0.800
41.0	53.6	-0.012	0.682
42.8	53.6	0.129	0.600
44.6	53.6	0.141	0.529
46.4	53.6	0.129	0.529
48.2	53.6	0.153	0.577
50.0	53.6	0.141	0.600
51.8	53.6	0.118	0.647
53.6	53.6	0.059	0.259
55.4	53.6	-0.024	0.341
57.2	53.6	0.259	0.294
59.0	53.6	0.024	0.200
60.8	53.6	0.012	0.271
62.7	53.6	0.071	0.165
64.5	53.6	0.118	0.188
66.3	53.6	0.118	0.318
68.1	53.6	0.082	0.047
69.9	53.6	0.035	-0.059
71.7	53.6	-0.259	0.153
73.5	53.6	0.000	0.000
1.2	55.4	0.000	0.000
3.0	55.4	0.000	0.000
4.8	55.4	-0.106	0.812
6.6	55.4	-0.082	0.918
8.4	55.4	0.000	1.400
10.2	55.4	0.235	1.165
12.0	55.4	-0.071	0.788
13.9	55.4	-0.047	0.765
15.7	55.4	-0.224	0.682
17.5	55.4	-0.212	0.671
19.3	55.4	-0.094	0.753
21.1	55.4	0.000	0.000
22.9	55.4	0.012	0.859
24.7	55.4	-0.012	0.871
26.5	55.4	0.035	0.930
28.3	55.4	-0.141	0.941
30.1	55.4	-0.024	0.718
31.9	55.4	-0.047	0.777
33.7	55.4	0.012	0.894
35.5	55.4	-0.047	0.788
37.4	55.4	-0.059	0.588
39.2	55.4	0.024	0.812
41.0	55.4	0.188	0.729
42.8	55.4	-0.024	0.647
44.6	55.4	0.176	0.471
46.4	55.4	0.106	0.482
48.2	55.4	0.118	0.424
50.0	55.4	0.094	0.294
51.8	55.4	0.141	0.447
53.6	55.4	0.071	0.294
55.4	55.4	0.365	0.412
57.2	55.4	0.082	0.212
59.0	55.4	-0.471	0.094
60.8	55.4	0.118	0.306
62.7	55.4	0.318	0.176
64.5	55.4	0.341	0.282
66.3	55.4	0.212	0.835
68.1	55.4	0.612	0.318
69.9	55.4	0.224	0.141
71.7	55.4	0.047	0.318
73.5	55.4	0.000	0.000
1.2	57.2	0.000	0.000
3.0	57.2	0.000	0.000
4.8	57.2	-0.106	0.930
6.6	57.2	-0.047	0.882
8.4	57.2	-0.282	1.188
10.2	57.2	-0.059	0.988
12.0	57.2	-0.035	0.965
13.9	57.2	-0.082	0.812
15.7	57.2	0.000	0.000
17.5	57.2	-0.235	0.777
19.3	57.2	-0.082	0.777
21.1	57.2	0.000	0.000
22.9	57.2	-0.106	0.624
24.7	57.2	-0.188	0.930
26.5	57.2	-0.047	0.812
28.3	57.2	0.106	0.682
30.1	57.2	0.141	0.577
31.9	57.2	0.094	0.518
33.7	57.2	-0.071	0.859
35.5	57.2	-0.094	0.235
37.4	57.2	0.012	0.471
39.2	57.2	0.059	0.694
41.0	57.2	0.047	0.659
42.8	57.2	0.047	0.600
44.6	57.2	-0.024	0.659
46.4	57.2	0.035	0.494
48.2	57.2	0.094	0.600
50.0	57.2	0.176	0.577
51.8	57.2	0.141	0.529
53.6	57.2	0.024	0.259
55.4	57.2	0.106	0.459
57.2	57.2	0.141	0.106
59.0	57.2	0.518	0.341
60.8	57.2	0.000	0.000
62.7	57.2	0.435	0.129
64.5	57.2	-0.012	0.294
66.3	57.2	0.200	0.353
68.1	57.2	0.294	0.224
69.9	57.2	0.129	0.118
71.7	57.2	0.176	0.388
73.5	57.2	0.000	0.000
1.2	59.0	0.000	0.000
3.0	59.0	0.000	0.000
4.8	59.0	-0.235	1.118
6.6	59.0	-0.176	1.165
8.4	59.0	0.024	1.059
10.2	59.0	-0.141	0.624
12.0	59.0	-0.153	0.741
13.9	59.0	-0.082	0.741
15.7	59.0	-0.082	1.000
17.5	59.0	-0.106	0.835
19.3	59.0	0.059	0.894
21.1	59.0	0.082	0.894
22.9	59.0	0.059	0.871
24.7	59.0	-0.094	0.741
26.5	59.0	0.012	0.835
28.3	59.0	0.059	0.718
30.1	59.0	0.012	0.600
31.9	59.0	-0.106	0.682
33.7	59.0	0.000	0.000
35.5	59.0	-0.082	0.729
37.4	59.0	-0.071	0.706
39.2	59.0	0.176	0.694
41.0	59.0	0.000	0.565
42.8	59.0	-0.082	0.577
44.6	59.0	-0.024	0.741
46.4	59.0	0.000	0.553
48.2	59.0	0.118	0.588
50.0	59.0	0.506	0.224
51.8	59.0	0.247	0.200
53.6	59.0	-0.035	0.388
55.4	59.0	0.082	0.529
57.2	59.0	0.377	0.377
59.0	59.0	0.377	0.200
60.8	59.0	0.082	0.471
62.7	59.0	-0.024	0.306
64.5	59.0	-0.071	0.224
66.3	59.0	0.306	0.259
68.1	59.0	0.094	-0.129
69.9	59.0	-0.071	0.188
71.7	59.0	0.188	0.212
73.5	59.0	0.000	0.000
1.2	60.8	0.000	0.000
3.0	60.8	0.000	0.000
4.8	60.8	-0.176	1.071
6.6	60.8	-0.200	0.882
8.4	60.8	-0.047	0.812
10.2	60.8	-0.047	0.788
12.0	60.8	0.000	0.000
13.9	60.8	-0.082	0.906
15.7	60.8	-0.141	0.894
17.5	60.8	0.024	0.365
19.3	60.8	-0.047	0.835
21.1	60.8	-0.035	0.882
22.9	60.8	0.129	0.541
24.7	60.8	-0.012	0.659
26.5	60.8	-0.200	0.624
28.3	60.8	-0.059	0.624
30.1	60.8	-0.047	0.694
31.9	60.8	-0.012	0.706
33.7	60.8	0.000	0.000
35.5	60.8	0.118	0.612
37.4	60.8	-0.059	0.553
39.2	60.8	0.071	0.577
41.0	60.8	0.059	0.565
42.8	60.8	0.106	0.694
44.6	60.8	0.129	0.588
46.4	60.8	0.153	0.306
48.2	60.8	0.059	0.671
50.0	60.8	0.165	0.635
51.8	60.8	0.341	0.424
53.6	60.8	-0.153	0.153
55.4	60.8	0.047	0.435
57.2	60.8	0.082	0.329
59.0	60.8	0.035	0.188
60.8	60.8	0.071	0.306
62.7	60.8	-0.141	0.235
64.5	60.8	-0.118	0.082
66.3	60.8	-0.118	0.106
68.1	60.8	0.165	0.141
69.9	60.8	-0.059	0.306
71.7	60.8	-0.071	0.377
73.5	60.8	0.000	0.000
1.2	62.7	0.000	0.000
3.0	62.7	0.000	0.000
4.8	62.7	-0.271	1.247
6.6	62.7	-0.141	1.165
8.4	62.7	-0.047	1.294
10.2	62.7	0.047	1.012
12.0	62.7	-0.071	1.200
13.9	62.7	-0.118	0.835
15.7	62.7	-0.071	0.859
17.5	62.7	-0.024	0.753
19.3	62.7	-0.035	1.200
21.1	62.7	0.000	0.600
22.9	62.7	0.082	0.377
24.7	62.7	0.000	0.753
26.5	62.7	-0.024	0.694
28.3	62.7	-0.047	0.647
30.1	62.7	0.000	0.635
31.9	62.7	0.071	0.694
33.7	62.7	0.012	0.729
35.5	62.7	-0.024	0.600
37.4	62.7	0.012	0.553
39.2	62.7	0.012	0.588
41.0	62.7	0.176	0.400
42.8	62.7	0.141	0.659
44.6	62.7	0.024	0.624
46.4	62.7	0.118	0.600
48.2	62.7	0.047	0.529
50.0	62.7	-0.118	0.094
51.8	62.7	0.165	0.188
53.6	62.7	0.106	0.459
55.4	62.7	0.047	0.459
57.2	62.7	0.259	0.541
59.0	62.7	0.000	0.412
60.8	62.7	0.024	0.377
62.7	62.7	0.012	0.306
64.5	62.7	-0.059	0.000
66.3	62.7	0.082	0.035
68.1	62.7	-0.153	0.659
69.9	62.7	-0.294	0.247
71.7	62.7	0.059	0.094
73.5	62.7	-0.071	0.047
1.2	64.5	0.000	0.000
3.0	64.5	0.000	0.000
4.8	64.5	-0.106	0.777
6.6	64.5	0.000	1.047
8.4	64.5	0.176	1.035
10.2	64.5	0.000	0.788
12.0	64.5	0.000	0.000
13.9	64.5	-0.247	1.059
15.7	64.5	-0.118	1.094
17.5	64.5	0.047	0.988
19.3	64.5	0.141	0.835
21.1	64.5	0.047	0.612
22.9	64.5	0.024	0.694
24.7	64.5	-0.024	0.529
26.5	64.5	0.094	0.518
28.3	64.5	0.000	0.682
30.1	64.5	-0.059	0.671
31.9	64.5	-0.071	0.612
33.7	64.5	0.059	0.647
35.5	64.5	-0.035	0.682
37.4	64.5	0.000	0.000
39.2	64.5	0.141	1.024
41.0	64.5	0.153	0.494
42.8	64.5	0.118	0.659
44.6	64.5	0.200	0.553
46.4	64.5	0.024	0.388
48.2	64.5	0.059	0.435
50.0	64.5	-0.035	0.200
51.8	64.5	0.224	0.365
53.6	64.5	0.224	0.259
55.4	64.5	0.565	-0.024
57.2	64.5	0.400	0.153
59.0	64.5	0.459	0.471
60.8	64.5	0.235	0.212
62.7	64.5	0.129	0.294
64.5	64.5	0.035	0.247
66.3	64.5	0.082	0.529
68.1	64.5	0.176	0.329
69.9	64.5	0.059	0.341
71.7	64.5	0.071	0.024
73.5	64.5	0.000	0.000
1.2	66.3	0.000	0.000
3.0	66.3	0.000	0.000
4.8	66.3	-0.212	1.341
6.6	66.3	0.082	1.259
8.4	66.3	0.012	1.082
10.2	66.3	-0.047	1.118
12.0	66.3	-0.035	0.894
13.9	66.3	-0.141	1.000
15.7	66.3	0.047	1.365
17.5	66.3	-0.071	0.965
19.3	66.3	-0.012	0.812
21.1	66.3	0.024	0.835
22.9	66.3	0.094	0.659
24.7	66.3	0.000	0.635
26.5	66.3	0.035	0.600
28.3	66.3	-0.059	0.612
30.1	66.3	0.000	0.000
31.9	66.3	0.000	0.624
33.7	66.3	0.059	0.647
35.5	66.3	-0.129	0.577
37.4	66.3	0.035	0.635
39.2	66.3	-0.012	0.706
41.0	66.3	0.165	0.377
42.8	66.3	0.035	0.553
44.6	66.3	0.141	0.577
46.4	66.3	0.024	0.577
48.2	66.3	0.141	0.447
50.0	66.3	0.212	0.435
51.8	66.3	0.035	0.459
53.6	66.3	0.165	0.341
55.4	66.3	0.000	0.000
57.2	66.3	0.165	0.400
59.0	66.3	0.129	0.435
60.8	66.3	0.271	0.141
62.7	66.3	0.294	0.212
64.5	66.3	0.035	0.588
66.3	66.3	0.094	0.200
68.1	66.3	0.000	0.000
69.9	66.3	0.553	0.271
71.7	66.3	0.012	0.129
73.5	66.3	0.000	0.000
1.2	68.1	0.000	0.000
3.0	68.1	-0.059	1.212
4.8	68.1	0.082	1.094
6.6	68.1	0.082	0.882
8.4	68.1	-0.012	0.906
10.2	68.1	-0.176	0.871
12.0	68.1	-0.188	0.941
13.9	68.1	-0.118	1.035
15.7	68.1	0.012	0.988
17.5	68.1	-0.024	0.953
19.3	68.1	-0.012	0.718
21.1	68.1	-0.012	1.059
22.9	68.1	-0.012	0.824
24.7	68.1	0.118	0.553
26.5	68.1	0.000	0.000
28.3	68.1	-0.082	0.506
30.1	68.1	0.024	0.577
31.9	68.1	-0.024	0.506
33.7	68.1	0.094	0.671
35.5	68.1	0.047	0.518
37.4	68.1	0.106	0.200
39.2	68.1	0.024	0.365
41.0	68.1	0.094	0.753
42.8	68.1	0.024	0.659
44.6	68.1	0.012	0.565
46.4	68.1	0.106	0.600
48.2	68.1	0.188	0.012
50.0	68.1	0.106	0.447
51.8	68.1	0.129	0.341
53.6	68.1	0.035	0.459
55.4	68.1	0.224	0.600
57.2	68.1	0.035	0.459
59.0	68.1	0.612	0.682
60.8	68.1	0.788	0.412
62.7	68.1	0.059	0.412
64.5	68.1	0.294	0.047
66.3	68.1	-0.024	0.424
68.1	68.1	-0.200	0.247
69.9	68.1	0.212	0.224
71.7	68.1	-0.047	0.024
73.5	68.1	0.000	0.000
1.2	69.9	0.000	0.000
3.0	69.9	-0.082	-1.012
4.8	69.9	0.059	0.871
6.6	69.9	-0.082	1.000
8.4	69.9	-0.153	1.082
10.2	69.9	0.106	1.165
12.0	69.9	-0.224	1.024
13.9	69.9	0.047	0.894
15.7	69.9	-0.059	0.941
17.5	69.9	-0.047	0.788
19.3	69.9	-0.071	0.706
21.1	69.9	-0.059	0.694
22.9	69.9	-0.129	0.741
24.7	69.9	-0.118	0.788
26.5	69.9	-0.024	0.788
28.3	69.9	-0.012	0.694
30.1	69.9	0.059	0.788
31.9	69.9	0.035	0.565
33.7	69.9	0.106	0.471
35.5	69.9	-0.082	0.600
37.4	69.9	-0.012	0.529
39.2	69.9	0.047	0.435
41.0	69.9	0.000	0.000
42.8	69.9	0.082	0.694
44.6	69.9	0.024	0.777
46.4	69.9	0.012	0.235
48.2	69.9	0.071	0.153
50.0	69.9	0.282	0.377
51.8	69.9	0.318	0.235
53.6	69.9	0.118	0.471
55.4	69.9	0.188	0.459
57.2	69.9	0.235	0.118
59.0	69.9	0.247	0.153
60.8	69.9	0.565	0.094
62.7	69.9	0.059	0.577
64.5	69.9	0.035	0.494
66.3	69.9	0.000	0.529
68.1	69.9	0.000	0.518
69.9	69.9	0.094	0.518
71.7	69.9	-0.012	0.541
73.5	69.9	0.000	0.000
1.2	71.7	0.000	0.000
3.0	71.7	-0.024	1.047
4.8	71.7	0.000	0.000
6.6	71.7	0.059	0.930
8.4	71.7	-0.012	1.224
10.2	71.7	0.000	0.000
12.0	71.7	-0.176	1.388
13.9	71.7	0.059	1.094
15.7	71.7	0.118	1.224
17.5	71.7	0.000	0.835
19.3	71.7	-0.035	0.682
21.1	71.7	-0.141	0.624
22.9	71.7	-0.035	0.788
24.7	71.7	0.000	0.000
26.5	71.7	-0.059	0.494
28.3	71.7	0.118	0.706
30.1	71.7	0.000	0.000
31.9	71.7	0.129	0.435
33.7	71.7	0.047	0.824
35.5	71.7	0.071	0.741
37.4	71.7	0.071	0.624
39.2	71.7	0.094	0.529
41.0	71.7	0.165	0.494
42.8	71.7	0.000	0.553
44.6	71.7	-0.024	0.553
46.4	71.7	0.035	0.176
48.2	71.7	0.106	0.282
50.0	71.7	0.118	0.200
51.8	71.7	0.294	0.306
53.6	71.7	0.118	0.788
55.4	71.7	0.212	0.235
57.2	71.7	-0.082	0.118
59.0	71.7	0.106	0.635
60.8	71.7	0.000	0.000
62.7	71.7	0.071	0.388
64.5	71.7	0.000	0.000
66.3	71.7	0.047	0.494
68.1	71.7	0.012	0.494
69.9	71.7	0.106	0.588
71.7	71.7	0.129	0.506
73.5	71.7	0.000	0.000
1.2	73.5	0.000	0.000
3.0	73.5	0.000	0.000
4.8	73.5	-0.094	1.106
6.6	73.5	-0.035	0.847
8.4	73.5	-0.059	0.671
10.2	73.5	0.035	1.094
12.0	73.5	-0.129	1.106
13.9	73.5	0.000	0.000
15.7	73.5	-0.059	0.906
17.5	73.5	-0.106	0.812
19.3	73.5	-0.247	1.000
21.1	73.5	-0.094	0.835
22.9	73.5	-0.094	0.506
24.7	73.5	0.000	0.565
26.5	73.5	-0.035	0.765
28.3	73.5	0.129	0.824
30.1	73.5	-0.059	0.741
31.9	73.5	0.000	0.777
33.7	73.5	0.106	0.518
35.5	73.5	0.082	0.565
37.4	73.5	0.200	0.588
39.2	73.5	-0.059	0.718
41.0	73.5	0.165	0.612
42.8	73.5	0.024	0.577
44.6	73.5	0.035	0.388
46.4	73.5	0.024	0.412
48.2	73.5	-0.024	0.459
50.0	73.5	0.118	0.329
51.8	73.5	0.388	0.165
53.6	73.5	0.494	0.212
55.4	73.5	0.176	0.318
57.2	73.5	0.341	0.506
59.0	73.5	0.129	0.388
60.8	73.5	-0.012	0.035
62.7	73.5	0.082	0.306
64.5	73.5	0.506	0.588
66.3	73.5	0.047	0.529
68.1	73.5	-0.059	0.518
69.9	73.5	0.000	0.000
71.7	73.5	0.071	-0.024
73.5	73.5	0.000	0.000
1.2	75.3	0.000	0.000
3.0	75.3	0.000	0.000
4.8	75.3	-0.176	1.294
6.6	75.3	-0.200	1.412
8.4	75.3	-0.141	0.941
10.2	75.3	-0.129	0.930
12.0	75.3	0.047	1.012
13.9	75.3	0.118	1.141
15.7	75.3	-0.176	1.177
17.5	75.3	-0.071	0.965
19.3	75.3	-0.294	0.659
21.1	75.3	0.059	0.765
22.9	75.3	0.035	0.835
24.7	75.3	0.071	0.624
26.5	75.3	-0.106	0.941
28.3	75.3	-0.118	0.753
30.1	75.3	0.035	0.694
31.9	75.3	0.000	0.588
33.7	75.3	0.129	0.224
35.5	75.3	0.000	0.000
37.4	75.3	0.000	0.000
39.2	75.3	0.106	0.588
41.0	75.3	0.118	0.565
42.8	75.3	0.012	0.600
44.6	75.3	0.176	0.612
46.4	75.3	-0.012	0.447
48.2	75.3	0.176	0.412
50.0	75.3	0.212	0.353
51.8	75.3	0.447	0.271
53.6	75.3	0.153	0.412
55.4	75.3	0.318	0.329
57.2	75.3	0.059	0.365
59.0	75.3	0.000	0.000
60.8	75.3	0.129	0.294
62.7	75.3	-0.035	0.141
64.5	75.3	0.000	0.000
66.3	75.3	0.000	0.000
68.1	75.3	0.212	0.494
69.9	75.3	0.000	0.000
71.7	75.3	0.000	0.000
73.5	75.3	0.000	0.000
