-3176.2	-98930.0	0.000	0.000
-3174.4	-98930.0	0.000	0.000
-3172.6	-98930.0	0.000	0.000
-3170.8	-98930.0	0.012	0.782
-3169.0	-98930.0	0.012	0.747
-3167.2	-98930.0	-0.187	0.841
-3165.5	-98930.0	-0.199	0.981
-3163.7	-98930.0	0.012	1.425
-3161.9	-98930.0	-0.128	1.215
-3160.1	-98930.0	-0.105	0.899
-3158.3	-98930.0	0.023	1.109
-3156.5	-98930.0	0.082	1.086
-3154.7	-98930.0	-0.082	0.969
-3152.9	-98930.0	0.000	0.000
-3151.1	-98930.0	0.199	1.437
-3149.3	-98930.0	0.000	0.000
-3147.5	-98930.0	-0.047	1.121
-3145.7	-98930.0	-0.269	1.145
-3143.9	-98930.0	-0.853	1.495
-3142.1	-98930.0	0.000	0.000
-3140.3	-98930.0	-0.082	1.296
-3138.5	-98930.0	-0.023	2.020
-3136.8	-98930.0	-0.093	1.355
-3135.0	-98930.0	0.128	1.577
-3133.2	-98930.0	-0.304	1.542
-3131.4	-98930.0	0.140	1.553
-3129.6	-98930.0	0.152	2.067
-3127.8	-98930.0	-0.280	2.172
-3126.0	-98930.0	-0.164	1.612
-3124.2	-98930.0	-0.128	1.775
-3122.4	-98930.0	0.210	1.950
-3120.6	-98930.0	0.222	2.091
-3118.8	-98930.0	0.000	2.231
-3117.0	-98930.0	0.082	2.009
-3115.2	-98930.0	0.082	1.518
-3113.4	-98930.0	0.070	1.658
-3111.6	-98930.0	0.128	1.145
-3109.8	-98930.0	-0.105	1.109
-3108.1	-98930.0	0.035	0.806
-3106.3	-98930.0	0.023	0.818
-3104.5	-98930.0	0.000	0.035
-3176.2	-98928.2	0.000	0.000
-3174.4	-98928.2	0.000	0.000
-3172.6	-98928.2	0.000	0.000
-3170.8	-98928.2	-0.012	0.771
-3169.0	-98928.2	-0.058	0.829
-3167.2	-98928.2	-0.152	0.981
-3165.5	-98928.2	0.000	0.000
-3163.7	-98928.2	0.128	1.168
-3161.9	-98928.2	-0.164	1.121
-3160.1	-98928.2	-0.105	1.098
-3158.3	-98928.2	0.117	1.483
-3156.5	-98928.2	0.000	0.000
-3154.7	-98928.2	0.432	2.733
-3152.9	-98928.2	0.082	0.946
-3151.1	-98928.2	-0.526	1.483
-3149.3	-98928.2	-0.958	1.588
-3147.5	-98928.2	-0.187	1.039
-3145.7	-98928.2	-0.047	0.969
-3143.9	-98928.2	-0.339	1.133
-3142.1	-98928.2	-0.222	1.974
-3140.3	-98928.2	-0.526	1.635
-3138.5	-98928.2	-0.035	1.472
-3136.8	-98928.2	-0.047	2.289
-3135.0	-98928.2	0.140	1.366
-3133.2	-98928.2	0.023	1.366
-3131.4	-98928.2	-0.058	0.899
-3129.6	-98928.2	-0.058	1.285
-3127.8	-98928.2	-0.245	1.553
-3126.0	-98928.2	-0.245	1.950
-3124.2	-98928.2	-0.023	1.962
-3122.4	-98928.2	0.199	1.717
-3120.6	-98928.2	0.012	1.787
-3118.8	-98928.2	-0.210	1.285
-3117.0	-98928.2	0.315	1.635
-3115.2	-98928.2	-0.105	1.682
-3113.4	-98928.2	0.000	1.612
-3111.6	-98928.2	0.047	1.530
-3109.8	-98928.2	0.023	1.121
-3108.1	-98928.2	0.035	0.911
-3106.3	-98928.2	0.047	0.958
-3104.5	-98928.2	0.000	0.000
-3176.2	-98926.4	0.000	0.000
-3174.4	-98926.4	0.000	0.000
-3172.6	-98926.4	0.000	0.000
-3170.8	-98926.4	0.035	0.876
-3169.0	-98926.4	0.070	0.899
-3167.2	-98926.4	-0.187	1.180
-3165.5	-98926.4	-0.105	0.899
-3163.7	-98926.4	-0.210	1.133
-3161.9	-98926.4	0.000	0.000
-3160.1	-98926.4	-0.210	1.331
-3158.3	-98926.4	0.023	0.946
-3156.5	-98926.4	0.105	1.577
-3154.7	-98926.4	0.000	0.000
-3152.9	-98926.4	0.117	1.635
-3151.1	-98926.4	-0.070	1.565
-3149.3	-98926.4	-0.596	1.810
-3147.5	-98926.4	-0.199	1.472
-3145.7	-98926.4	-0.035	0.923
-3143.9	-98926.4	0.058	2.312
-3142.1	-98926.4	-0.140	1.109
-3140.3	-98926.4	-0.584	1.413
-3138.5	-98926.4	-0.058	1.273
-3136.8	-98926.4	-0.058	1.588
-3135.0	-98926.4	-0.140	1.378
-3133.2	-98926.4	-0.257	2.441
-3131.4	-98926.4	-0.315	2.149
-3129.6	-98926.4	-0.093	1.775
-3127.8	-98926.4	0.012	1.612
-3126.0	-98926.4	0.047	2.231
-3124.2	-98926.4	-0.093	1.857
-3122.4	-98926.4	0.047	1.904
-3120.6	-98926.4	-0.070	1.775
-3118.8	-98926.4	0.269	2.067
-3117.0	-98926.4	0.058	1.577
-3115.2	-98926.4	-0.117	1.518
-3113.4	-98926.4	0.023	1.460
-3111.6	-98926.4	0.093	1.577
-3109.8	-98926.4	-0.012	1.180
-3108.1	-98926.4	-0.047	0.946
-3106.3	-98926.4	0.023	0.993
-3104.5	-98926.4	0.000	0.000
-3176.2	-98924.6	0.000	0.000
-3174.4	-98924.6	0.000	0.000
-3172.6	-98924.6	0.000	0.000
-3170.8	-98924.6	0.058	0.794
-3169.0	-98924.6	0.058	0.888
-3167.2	-98924.6	-0.058	1.250
-3165.5	-98924.6	-0.234	1.156
-3163.7	-98924.6	-0.023	1.226
-3161.9	-98924.6	-0.105	1.518
-3160.1	-98924.6	0.128	1.542
-3158.3	-98924.6	-0.070	0.946
-3156.5	-98924.6	0.841	1.974
-3154.7	-98924.6	0.058	1.728
-3152.9	-98924.6	0.140	1.588
-3151.1	-98924.6	0.058	1.273
-3149.3	-98924.6	0.000	0.000
-3147.5	-98924.6	0.000	0.000
-3145.7	-98924.6	-0.175	0.911
-3143.9	-98924.6	0.117	1.215
-3142.1	-98924.6	-0.327	2.114
-3140.3	-98924.6	-0.082	1.261
-3138.5	-98924.6	-0.093	1.191
-3136.8	-98924.6	-0.280	1.752
-3135.0	-98924.6	-0.374	1.145
-3133.2	-98924.6	-0.269	1.588
-3131.4	-98924.6	-0.362	2.055
-3129.6	-98924.6	-0.199	2.032
-3127.8	-98924.6	-0.152	1.682
-3126.0	-98924.6	0.023	1.799
-3124.2	-98924.6	0.082	1.658
-3122.4	-98924.6	-0.128	1.658
-3120.6	-98924.6	-0.187	1.787
-3118.8	-98924.6	-0.187	1.985
-3117.0	-98924.6	-0.035	1.577
-3115.2	-98924.6	0.047	1.647
-3113.4	-98924.6	-0.035	1.507
-3111.6	-98924.6	-0.035	1.507
-3109.8	-98924.6	0.047	1.074
-3108.1	-98924.6	0.012	1.074
-3106.3	-98924.6	0.070	0.934
-3104.5	-98924.6	0.000	0.000
-3176.2	-98922.8	0.000	0.000
-3174.4	-98922.8	0.000	0.000
-3172.6	-98922.8	-0.035	0.958
-3170.8	-98922.8	0.023	0.934
-3169.0	-98922.8	0.093	1.098
-3167.2	-98922.8	-0.047	1.472
-3165.5	-98922.8	-0.093	1.320
-3163.7	-98922.8	-0.175	1.296
-3161.9	-98922.8	-0.023	0.362
-3160.1	-98922.8	-0.199	0.794
-3158.3	-98922.8	-0.105	0.888
-3156.5	-98922.8	-0.257	1.448
-3154.7	-98922.8	-0.058	1.612
-3152.9	-98922.8	0.093	1.857
-3151.1	-98922.8	-0.315	1.460
-3149.3	-98922.8	-0.012	1.670
-3147.5	-98922.8	0.117	1.834
-3145.7	-98922.8	0.035	1.366
-3143.9	-98922.8	0.175	1.039
-3142.1	-98922.8	-0.047	1.273
-3140.3	-98922.8	-0.374	1.495
-3138.5	-98922.8	0.000	1.145
-3136.8	-98922.8	-0.093	1.331
-3135.0	-98922.8	-0.058	1.448
-3133.2	-98922.8	-0.315	1.460
-3131.4	-98922.8	-0.245	1.740
-3129.6	-98922.8	-0.199	1.343
-3127.8	-98922.8	-0.269	1.588
-3126.0	-98922.8	-0.093	1.974
-3124.2	-98922.8	-0.105	1.693
-3122.4	-98922.8	-0.093	1.728
-3120.6	-98922.8	-0.082	1.565
-3118.8	-98922.8	-0.093	1.799
-3117.0	-98922.8	-0.093	1.869
-3115.2	-98922.8	-0.058	1.577
-3113.4	-98922.8	-0.058	1.495
-3111.6	-98922.8	0.082	1.378
-3109.8	-98922.8	0.199	0.969
-3108.1	-98922.8	0.058	0.946
-3106.3	-98922.8	-0.012	1.063
-3104.5	-98922.8	0.000	0.000
-3176.2	-98921.0	0.000	0.000
-3174.4	-98921.0	0.000	0.000
-3172.6	-98921.0	0.000	0.000
-3170.8	-98921.0	-0.023	0.981
-3169.0	-98921.0	0.128	0.853
-3167.2	-98921.0	-0.128	1.215
-3165.5	-98921.0	-0.035	1.156
-3163.7	-98921.0	-0.035	1.086
-3161.9	-98921.0	0.035	1.542
-3160.1	-98921.0	-0.362	0.888
-3158.3	-98921.0	0.070	0.864
-3156.5	-98921.0	0.128	1.413
-3154.7	-98921.0	0.234	1.705
-3152.9	-98921.0	-0.140	1.168
-3151.1	-98921.0	-0.514	2.102
-3149.3	-98921.0	0.269	1.670
-3147.5	-98921.0	0.117	1.635
-3145.7	-98921.0	0.035	1.098
-3143.9	-98921.0	-0.035	1.623
-3142.1	-98921.0	-0.526	1.238
-3140.3	-98921.0	-0.245	1.273
-3138.5	-98921.0	-0.082	0.806
-3136.8	-98921.0	-0.222	1.016
-3135.0	-98921.0	-0.222	1.623
-3133.2	-98921.0	-0.187	1.448
-3131.4	-98921.0	-0.082	1.448
-3129.6	-98921.0	-0.105	1.682
-3127.8	-98921.0	-0.082	1.880
-3126.0	-98921.0	-0.175	1.437
-3124.2	-98921.0	-0.152	1.787
-3122.4	-98921.0	-0.128	1.962
-3120.6	-98921.0	-0.070	1.577
-3118.8	-98921.0	-0.012	1.530
-3117.0	-98921.0	-0.315	1.542
-3115.2	-98921.0	-0.070	1.600
-3113.4	-98921.0	-0.070	1.448
-3111.6	-98921.0	0.023	1.180
-3109.8	-98921.0	0.105	1.145
-3108.1	-98921.0	-0.035	0.876
-3106.3	-98921.0	0.047	0.934
-3104.5	-98921.0	0.000	0.000
-3176.2	-98919.3	0.000	0.000
-3174.4	-98919.3	0.000	0.000
-3172.6	-98919.3	0.000	0.000
-3170.8	-98919.3	0.070	0.782
-3169.0	-98919.3	0.105	0.806
-3167.2	-98919.3	-0.105	1.039
-3165.5	-98919.3	0.000	0.000
-3163.7	-98919.3	-0.093	1.180
-3161.9	-98919.3	0.000	0.666
-3160.1	-98919.3	0.047	0.677
-3158.3	-98919.3	0.280	1.740
-3156.5	-98919.3	0.128	1.588
-3154.7	-98919.3	0.082	1.378
-3152.9	-98919.3	0.047	1.600
-3151.1	-98919.3	-0.012	1.717
-3149.3	-98919.3	0.140	1.238
-3147.5	-98919.3	-0.607	1.460
-3145.7	-98919.3	-0.222	0.747
-3143.9	-98919.3	-0.035	1.308
-3142.1	-98919.3	-0.677	2.418
-3140.3	-98919.3	-0.257	1.273
-3138.5	-98919.3	-0.047	0.993
-3136.8	-98919.3	0.000	0.000
-3135.0	-98919.3	-0.140	1.109
-3133.2	-98919.3	-0.642	2.137
-3131.4	-98919.3	-0.584	1.693
-3129.6	-98919.3	-0.420	1.635
-3127.8	-98919.3	0.047	1.401
-3126.0	-98919.3	-0.175	1.658
-3124.2	-98919.3	0.082	1.717
-3122.4	-98919.3	-0.117	1.740
-3120.6	-98919.3	-0.187	1.693
-3118.8	-98919.3	-0.058	1.635
-3117.0	-98919.3	-0.012	1.635
-3115.2	-98919.3	-0.023	1.670
-3113.4	-98919.3	-0.012	1.542
-3111.6	-98919.3	0.012	1.413
-3109.8	-98919.3	0.093	1.086
-3108.1	-98919.3	0.047	1.063
-3106.3	-98919.3	0.023	1.086
-3104.5	-98919.3	0.012	1.086
-3176.2	-98917.5	0.000	0.000
-3174.4	-98917.5	0.000	0.000
-3172.6	-98917.5	-0.012	1.098
-3170.8	-98917.5	-0.047	0.958
-3169.0	-98917.5	0.140	0.958
-3167.2	-98917.5	-0.012	1.273
-3165.5	-98917.5	0.035	1.448
-3163.7	-98917.5	-0.117	1.296
-3161.9	-98917.5	0.000	0.000
-3160.1	-98917.5	0.000	0.000
-3158.3	-98917.5	0.292	0.712
-3156.5	-98917.5	0.082	0.993
-3154.7	-98917.5	-0.047	0.934
-3152.9	-98917.5	0.292	1.401
-3151.1	-98917.5	-0.292	1.682
-3149.3	-98917.5	-0.023	1.565
-3147.5	-98917.5	0.105	0.747
-3145.7	-98917.5	0.117	1.250
-3143.9	-98917.5	0.385	2.231
-3142.1	-98917.5	-0.724	2.091
-3140.3	-98917.5	-0.070	1.472
-3138.5	-98917.5	-0.199	0.981
-3136.8	-98917.5	-0.280	1.623
-3135.0	-98917.5	-0.327	1.413
-3133.2	-98917.5	-0.339	1.285
-3131.4	-98917.5	-0.304	1.845
-3129.6	-98917.5	-0.269	1.717
-3127.8	-98917.5	-0.058	1.577
-3126.0	-98917.5	-0.082	1.378
-3124.2	-98917.5	-0.082	1.378
-3122.4	-98917.5	-0.140	1.553
-3120.6	-98917.5	-0.280	1.717
-3118.8	-98917.5	-0.164	1.705
-3117.0	-98917.5	0.000	1.670
-3115.2	-98917.5	-0.070	1.658
-3113.4	-98917.5	-0.012	1.612
-3111.6	-98917.5	0.012	1.156
-3109.8	-98917.5	0.047	1.238
-3108.1	-98917.5	-0.012	0.981
-3106.3	-98917.5	0.047	1.051
-3104.5	-98917.5	0.000	0.000
-3176.2	-98915.7	0.000	0.000
-3174.4	-98915.7	0.000	0.000
-3172.6	-98915.7	-0.012	1.063
-3170.8	-98915.7	0.023	1.215
-3169.0	-98915.7	0.093	0.981
-3167.2	-98915.7	-0.140	0.514
-3165.5	-98915.7	-0.023	1.156
-3163.7	-98915.7	-0.035	1.822
-3161.9	-98915.7	-0.035	1.799
-3160.1	-98915.7	-0.105	0.829
-3158.3	-98915.7	0.315	0.899
-3156.5	-98915.7	-0.012	1.343
-3154.7	-98915.7	0.093	1.693
-3152.9	-98915.7	-0.058	1.390
-3151.1	-98915.7	-0.339	2.044
-3149.3	-98915.7	-0.047	2.161
-3147.5	-98915.7	-0.234	0.829
-3145.7	-98915.7	0.000	0.000
-3143.9	-98915.7	-0.105	1.004
-3142.1	-98915.7	-0.245	1.156
-3140.3	-98915.7	-0.082	1.086
-3138.5	-98915.7	0.152	1.343
-3136.8	-98915.7	0.070	1.191
-3135.0	-98915.7	-0.339	1.238
-3133.2	-98915.7	-0.257	1.553
-3131.4	-98915.7	-0.467	1.600
-3129.6	-98915.7	-0.409	1.530
-3127.8	-98915.7	-0.152	1.565
-3126.0	-98915.7	0.093	1.682
-3124.2	-98915.7	-0.023	1.378
-3122.4	-98915.7	-0.234	1.623
-3120.6	-98915.7	-0.082	1.530
-3118.8	-98915.7	-0.245	1.764
-3117.0	-98915.7	-0.058	1.401
-3115.2	-98915.7	0.047	1.425
-3113.4	-98915.7	-0.047	1.425
-3111.6	-98915.7	-0.058	1.425
-3109.8	-98915.7	0.000	1.343
-3108.1	-98915.7	0.012	1.238
-3106.3	-98915.7	-0.047	0.969
-3104.5	-98915.7	0.000	0.000
-3176.2	-98913.9	0.000	0.000
-3174.4	-98913.9	0.000	0.000
-3172.6	-98913.9	-0.012	0.969
-3170.8	-98913.9	-0.047	1.215
-3169.0	-98913.9	0.023	1.168
-3167.2	-98913.9	-0.093	0.958
-3165.5	-98913.9	0.023	1.308
-3163.7	-98913.9	0.035	1.460
-3161.9	-98913.9	-0.012	0.794
-3160.1	-98913.9	-0.304	1.764
-3158.3	-98913.9	0.000	0.000
-3156.5	-98913.9	0.000	0.000
-3154.7	-98913.9	0.455	2.394
-3152.9	-98913.9	0.245	1.577
-3151.1	-98913.9	-0.128	1.039
-3149.3	-98913.9	-0.082	1.133
-3147.5	-98913.9	0.128	1.542
-3145.7	-98913.9	-0.911	2.242
-3143.9	-98913.9	-0.164	1.366
-3142.1	-98913.9	-0.199	0.876
-3140.3	-98913.9	0.128	1.051
-3138.5	-98913.9	0.187	1.156
-3136.8	-98913.9	-0.128	1.133
-3135.0	-98913.9	-0.280	1.180
-3133.2	-98913.9	-0.175	1.472
-3131.4	-98913.9	-0.806	2.137
-3129.6	-98913.9	-0.222	1.728
-3127.8	-98913.9	0.023	1.565
-3126.0	-98913.9	0.023	1.308
-3124.2	-98913.9	-0.222	1.670
-3122.4	-98913.9	0.070	1.448
-3120.6	-98913.9	-0.035	1.331
-3118.8	-98913.9	-0.292	1.507
-3117.0	-98913.9	-0.140	1.647
-3115.2	-98913.9	-0.035	1.401
-3113.4	-98913.9	-0.117	1.296
-3111.6	-98913.9	-0.117	1.331
-3109.8	-98913.9	0.035	1.145
-3108.1	-98913.9	0.070	1.168
-3106.3	-98913.9	0.000	1.063
-3104.5	-98913.9	-0.035	1.331
-3176.2	-98912.1	0.000	0.000
-3174.4	-98912.1	0.000	0.000
-3172.6	-98912.1	0.000	0.000
-3170.8	-98912.1	-0.187	1.331
-3169.0	-98912.1	0.000	1.226
-3167.2	-98912.1	-0.128	0.806
-3165.5	-98912.1	0.058	1.039
-3163.7	-98912.1	0.117	1.273
-3161.9	-98912.1	0.000	0.666
-3160.1	-98912.1	0.128	0.864
-3158.3	-98912.1	0.023	1.296
-3156.5	-98912.1	0.035	2.091
-3154.7	-98912.1	-0.105	2.032
-3152.9	-98912.1	0.467	1.588
-3151.1	-98912.1	-0.058	0.841
-3149.3	-98912.1	-0.058	0.806
-3147.5	-98912.1	0.000	0.000
-3145.7	-98912.1	-0.210	1.156
-3143.9	-98912.1	-0.140	1.168
-3142.1	-98912.1	-0.923	1.693
-3140.3	-98912.1	-0.117	0.923
-3138.5	-98912.1	0.245	1.308
-3136.8	-98912.1	-0.093	1.273
-3135.0	-98912.1	-0.280	1.261
-3133.2	-98912.1	-0.339	1.366
-3131.4	-98912.1	-0.397	1.565
-3129.6	-98912.1	-0.467	1.296
-3127.8	-98912.1	-0.187	1.460
-3126.0	-98912.1	-0.082	1.366
-3124.2	-98912.1	-0.199	1.495
-3122.4	-98912.1	-0.070	1.775
-3120.6	-98912.1	-0.012	1.588
-3118.8	-98912.1	-0.164	1.623
-3117.0	-98912.1	0.047	1.518
-3115.2	-98912.1	-0.023	1.145
-3113.4	-98912.1	0.070	1.121
-3111.6	-98912.1	0.000	1.437
-3109.8	-98912.1	0.000	1.250
-3108.1	-98912.1	0.012	1.133
-3106.3	-98912.1	-0.023	0.923
-3104.5	-98912.1	-0.023	0.934
-3176.2	-98910.3	0.000	0.000
-3174.4	-98910.3	0.000	0.000
-3172.6	-98910.3	0.000	-1.658
-3170.8	-98910.3	-0.035	1.355
-3169.0	-98910.3	0.187	1.343
-3167.2	-98910.3	-0.140	0.911
-3165.5	-98910.3	-0.070	1.296
-3163.7	-98910.3	0.164	1.016
-3161.9	-98910.3	0.164	0.993
-3160.1	-98910.3	-0.023	0.806
-3158.3	-98910.3	0.093	0.993
-3156.5	-98910.3	0.140	1.857
-3154.7	-98910.3	0.070	1.635
-3152.9	-98910.3	0.304	1.588
-3151.1	-98910.3	0.806	1.472
-3149.3	-98910.3	-0.012	1.063
-3147.5	-98910.3	0.747	2.032
-3145.7	-98910.3	-0.187	0.969
-3143.9	-98910.3	0.164	1.109
-3142.1	-98910.3	-0.327	1.285
-3140.3	-98910.3	-0.093	1.121
-3138.5	-98910.3	-0.304	1.600
-3136.8	-98910.3	-0.327	1.145
-3135.0	-98910.3	-0.362	1.682
-3133.2	-98910.3	-0.210	1.413
-3131.4	-98910.3	-0.455	1.880
-3129.6	-98910.3	-0.339	1.366
-3127.8	-98910.3	-0.199	1.168
-3126.0	-98910.3	-0.199	1.810
-3124.2	-98910.3	0.023	1.437
-3122.4	-98910.3	-0.128	1.682
-3120.6	-98910.3	-0.093	1.425
-3118.8	-98910.3	-0.128	1.308
-3117.0	-98910.3	-0.012	1.985
-3115.2	-98910.3	-0.175	1.039
-3113.4	-98910.3	-0.070	1.261
-3111.6	-98910.3	0.000	1.390
-3109.8	-98910.3	-0.105	1.074
-3108.1	-98910.3	0.093	0.981
-3106.3	-98910.3	0.070	0.818
-3104.5	-98910.3	0.000	0.000
-3176.2	-98908.5	0.000	0.000
-3174.4	-98908.5	0.000	0.000
-3172.6	-98908.5	-0.012	-2.803
-3170.8	-98908.5	0.000	1.250
-3169.0	-98908.5	0.000	1.343
-3167.2	-98908.5	0.105	1.191
-3165.5	-98908.5	0.000	0.000
-3163.7	-98908.5	0.128	1.121
-3161.9	-98908.5	0.175	1.028
-3160.1	-98908.5	-0.012	1.098
-3158.3	-98908.5	0.175	1.390
-3156.5	-98908.5	-0.257	1.588
-3154.7	-98908.5	0.070	0.841
-3152.9	-98908.5	0.280	1.588
-3151.1	-98908.5	0.058	1.098
-3149.3	-98908.5	0.070	0.946
-3147.5	-98908.5	0.187	1.577
-3145.7	-98908.5	0.117	1.425
-3143.9	-98908.5	0.000	0.000
-3142.1	-98908.5	-0.537	1.577
-3140.3	-98908.5	0.128	1.145
-3138.5	-98908.5	-0.210	1.542
-3136.8	-98908.5	-0.701	1.296
-3135.0	-98908.5	-0.222	1.553
-3133.2	-98908.5	-0.234	1.600
-3131.4	-98908.5	-0.187	1.693
-3129.6	-98908.5	-0.210	1.565
-3127.8	-98908.5	-0.222	1.565
-3126.0	-98908.5	-0.152	1.460
-3124.2	-98908.5	-0.210	1.390
-3122.4	-98908.5	-0.070	1.226
-3120.6	-98908.5	-0.035	1.308
-3118.8	-98908.5	0.000	1.425
-3117.0	-98908.5	-0.082	1.600
-3115.2	-98908.5	-0.093	1.530
-3113.4	-98908.5	0.000	1.156
-3111.6	-98908.5	0.023	1.413
-3109.8	-98908.5	-0.082	1.273
-3108.1	-98908.5	-0.070	0.841
-3106.3	-98908.5	0.128	0.736
-3104.5	-98908.5	0.000	0.000
-3176.2	-98906.7	0.000	0.000
-3174.4	-98906.7	0.000	0.000
-3172.6	-98906.7	0.000	1.518
-3170.8	-98906.7	-0.105	1.355
-3169.0	-98906.7	0.070	1.250
-3167.2	-98906.7	0.175	1.226
-3165.5	-98906.7	0.070	1.121
-3163.7	-98906.7	0.082	1.250
-3161.9	-98906.7	0.012	1.437
-3160.1	-98906.7	0.000	1.495
-3158.3	-98906.7	0.000	0.000
-3156.5	-98906.7	0.175	1.296
-3154.7	-98906.7	0.082	1.086
-3152.9	-98906.7	0.012	0.829
-3151.1	-98906.7	0.058	1.588
-3149.3	-98906.7	0.047	0.876
-3147.5	-98906.7	0.280	1.530
-3145.7	-98906.7	0.199	1.600
-3143.9	-98906.7	-0.420	1.168
-3142.1	-98906.7	-0.082	1.355
-3140.3	-98906.7	0.140	1.203
-3138.5	-98906.7	0.350	1.343
-3136.8	-98906.7	0.023	1.250
-3135.0	-98906.7	0.105	1.448
-3133.2	-98906.7	0.210	1.705
-3131.4	-98906.7	-0.058	1.366
-3129.6	-98906.7	-0.093	1.401
-3127.8	-98906.7	-0.082	1.401
-3126.0	-98906.7	-0.093	1.577
-3124.2	-98906.7	-0.164	1.693
-3122.4	-98906.7	0.012	1.682
-3120.6	-98906.7	0.000	1.296
-3118.8	-98906.7	-0.245	1.273
-3117.0	-98906.7	-0.023	1.507
-3115.2	-98906.7	0.012	1.635
-3113.4	-98906.7	0.070	0.876
-3111.6	-98906.7	0.093	1.074
-3109.8	-98906.7	-0.117	1.074
-3108.1	-98906.7	-0.105	1.074
-3106.3	-98906.7	0.093	1.028
-3104.5	-98906.7	0.000	0.000
-3176.2	-98904.9	0.000	0.000
-3174.4	-98904.9	0.000	0.000
-3172.6	-98904.9	0.000	0.000
-3170.8	-98904.9	-0.035	1.320
-3169.0	-98904.9	0.105	1.308
-3167.2	-98904.9	0.093	1.331
-3165.5	-98904.9	0.210	1.203
-3163.7	-98904.9	0.140	0.771
-3161.9	-98904.9	0.175	0.876
-3160.1	-98904.9	0.152	1.133
-3158.3	-98904.9	0.000	0.000
-3156.5	-98904.9	0.070	0.888
-3154.7	-98904.9	0.047	0.888
-3152.9	-98904.9	0.023	0.923
-3151.1	-98904.9	0.023	1.764
-3149.3	-98904.9	-0.187	1.682
-3147.5	-98904.9	0.234	1.740
-3145.7	-98904.9	0.315	2.336
-3143.9	-98904.9	-0.234	0.596
-3142.1	-98904.9	-0.047	0.888
-3140.3	-98904.9	-0.257	1.635
-3138.5	-98904.9	-0.222	1.109
-3136.8	-98904.9	-0.093	2.196
-3135.0	-98904.9	-0.187	2.161
-3133.2	-98904.9	-0.023	1.495
-3131.4	-98904.9	-0.280	1.612
-3129.6	-98904.9	-0.187	1.448
-3127.8	-98904.9	-0.023	1.296
-3126.0	-98904.9	-0.012	1.752
-3124.2	-98904.9	-0.502	1.834
-3122.4	-98904.9	-0.572	1.518
-3120.6	-98904.9	-0.047	1.425
-3118.8	-98904.9	-0.047	1.647
-3117.0	-98904.9	0.117	1.226
-3115.2	-98904.9	0.058	1.273
-3113.4	-98904.9	0.105	1.261
-3111.6	-98904.9	0.035	1.039
-3109.8	-98904.9	-0.035	1.004
-3108.1	-98904.9	0.082	1.028
-3106.3	-98904.9	-0.035	1.215
-3104.5	-98904.9	0.000	0.000
-3176.2	-98903.1	0.000	0.000
-3174.4	-98903.1	0.000	0.000
-3172.6	-98903.1	0.000	0.000
-3170.8	-98903.1	0.000	0.000
-3169.0	-98903.1	0.058	1.261
-3167.2	-98903.1	0.105	1.378
-3165.5	-98903.1	0.070	1.296
-3163.7	-98903.1	0.082	1.063
-3161.9	-98903.1	0.187	0.958
-3160.1	-98903.1	0.000	0.000
-3158.3	-98903.1	-0.070	0.993
-3156.5	-98903.1	-0.070	0.677
-3154.7	-98903.1	0.093	0.631
-3152.9	-98903.1	0.012	0.642
-3151.1	-98903.1	0.269	1.588
-3149.3	-98903.1	0.000	0.000
-3147.5	-98903.1	-0.105	0.829
-3145.7	-98903.1	0.350	1.472
-3143.9	-98903.1	-0.093	1.098
-3142.1	-98903.1	-0.234	0.619
-3140.3	-98903.1	-0.128	1.191
-3138.5	-98903.1	0.000	0.000
-3136.8	-98903.1	-0.105	1.472
-3135.0	-98903.1	-0.561	1.962
-3133.2	-98903.1	-0.304	1.553
-3131.4	-98903.1	-0.339	1.577
-3129.6	-98903.1	-0.164	1.635
-3127.8	-98903.1	-0.070	1.647
-3126.0	-98903.1	-0.058	1.857
-3124.2	-98903.1	0.012	1.974
-3122.4	-98903.1	-0.140	1.565
-3120.6	-98903.1	-0.035	1.483
-3118.8	-98903.1	0.035	1.728
-3117.0	-98903.1	-0.082	1.507
-3115.2	-98903.1	0.012	1.145
-3113.4	-98903.1	0.023	1.238
-3111.6	-98903.1	-0.070	1.203
-3109.8	-98903.1	-0.023	1.308
-3108.1	-98903.1	0.035	1.203
-3106.3	-98903.1	-0.058	1.238
-3104.5	-98903.1	0.000	0.000
-3176.2	-98901.3	0.000	0.000
-3174.4	-98901.3	0.000	0.000
-3172.6	-98901.3	0.000	0.000
-3170.8	-98901.3	0.023	1.145
-3169.0	-98901.3	0.035	1.145
-3167.2	-98901.3	0.023	1.320
-3165.5	-98901.3	0.140	1.331
-3163.7	-98901.3	-0.070	0.958
-3161.9	-98901.3	-0.070	1.215
-3160.1	-98901.3	0.420	1.623
-3158.3	-98901.3	0.152	1.355
-3156.5	-98901.3	0.035	0.981
-3154.7	-98901.3	0.047	0.993
-3152.9	-98901.3	-0.012	0.526
-3151.1	-98901.3	0.000	1.658
-3149.3	-98901.3	0.164	1.495
-3147.5	-98901.3	-0.047	0.853
-3145.7	-98901.3	0.327	1.401
-3143.9	-98901.3	-0.047	0.829
-3142.1	-98901.3	0.012	1.226
-3140.3	-98901.3	-0.350	1.588
-3138.5	-98901.3	-0.245	1.635
-3136.8	-98901.3	-0.280	1.728
-3135.0	-98901.3	-0.093	1.355
-3133.2	-98901.3	-0.164	1.273
-3131.4	-98901.3	-0.199	1.378
-3129.6	-98901.3	-0.105	1.565
-3127.8	-98901.3	-0.199	1.682
-3126.0	-98901.3	-0.012	1.472
-3124.2	-98901.3	0.000	1.542
-3122.4	-98901.3	0.035	1.752
-3120.6	-98901.3	0.058	1.530
-3118.8	-98901.3	-0.012	1.238
-3117.0	-98901.3	-0.093	1.261
-3115.2	-98901.3	-0.023	1.518
-3113.4	-98901.3	-0.047	1.366
-3111.6	-98901.3	-0.164	1.121
-3109.8	-98901.3	0.023	1.215
-3108.1	-98901.3	-0.128	1.098
-3106.3	-98901.3	-0.093	1.039
-3104.5	-98901.3	0.000	0.000
-3176.2	-98899.5	0.000	0.000
-3174.4	-98899.5	0.000	0.000
-3172.6	-98899.5	0.000	0.000
-3170.8	-98899.5	-0.023	1.343
-3169.0	-98899.5	0.000	1.320
-3167.2	-98899.5	-0.199	1.016
-3165.5	-98899.5	0.047	1.296
-3163.7	-98899.5	0.093	0.841
-3161.9	-98899.5	0.047	1.004
-3160.1	-98899.5	0.362	1.168
-3158.3	-98899.5	0.000	0.000
-3156.5	-98899.5	0.292	0.911
-3154.7	-98899.5	0.023	0.771
-3152.9	-98899.5	0.164	1.238
-3151.1	-98899.5	0.000	0.000
-3149.3	-98899.5	-0.070	1.051
-3147.5	-98899.5	0.012	1.016
-3145.7	-98899.5	0.117	1.086
-3143.9	-98899.5	-0.093	1.705
-3142.1	-98899.5	-0.199	1.857
-3140.3	-98899.5	-0.164	0.958
-3138.5	-98899.5	-0.093	1.437
-3136.8	-98899.5	-0.187	1.145
-3135.0	-98899.5	-0.304	1.577
-3133.2	-98899.5	-0.187	1.308
-3131.4	-98899.5	-0.549	1.425
-3129.6	-98899.5	-0.105	1.623
-3127.8	-98899.5	0.000	1.401
-3126.0	-98899.5	0.023	1.623
-3124.2	-98899.5	0.199	1.437
-3122.4	-98899.5	-0.304	1.600
-3120.6	-98899.5	0.058	1.565
-3118.8	-98899.5	-0.012	1.203
-3117.0	-98899.5	0.093	1.320
-3115.2	-98899.5	0.164	1.343
-3113.4	-98899.5	-0.058	1.145
-3111.6	-98899.5	-0.035	1.226
-3109.8	-98899.5	0.128	0.993
-3108.1	-98899.5	0.105	1.238
-3106.3	-98899.5	-0.117	0.899
-3104.5	-98899.5	0.047	0.818
-3176.2	-98897.7	0.000	0.000
-3174.4	-98897.7	0.000	0.000
-3172.6	-98897.7	0.000	0.000
-3170.8	-98897.7	-0.023	1.261
-3169.0	-98897.7	0.093	1.226
-3167.2	-98897.7	-0.070	1.109
-3165.5	-98897.7	0.234	0.981
-3163.7	-98897.7	0.257	1.109
-3161.9	-98897.7	0.152	1.273
-3160.1	-98897.7	0.689	2.499
-3158.3	-98897.7	0.245	1.985
-3156.5	-98897.7	0.023	1.133
-3154.7	-98897.7	0.035	1.191
-3152.9	-98897.7	0.035	0.911
-3151.1	-98897.7	-0.234	1.121
-3149.3	-98897.7	0.000	0.000
-3147.5	-98897.7	-0.047	2.861
-3145.7	-98897.7	0.023	0.853
-3143.9	-98897.7	-0.093	0.526
-3142.1	-98897.7	-0.280	0.958
-3140.3	-98897.7	-0.140	1.612
-3138.5	-98897.7	-0.058	1.390
-3136.8	-98897.7	-0.140	1.028
-3135.0	-98897.7	-0.117	1.109
-3133.2	-98897.7	-0.035	1.028
-3131.4	-98897.7	-0.432	1.799
-3129.6	-98897.7	-0.058	1.343
-3127.8	-98897.7	-0.035	1.308
-3126.0	-98897.7	-0.269	1.425
-3124.2	-98897.7	0.058	1.074
-3122.4	-98897.7	-0.164	1.705
-3120.6	-98897.7	-0.012	1.635
-3118.8	-98897.7	0.012	1.472
-3117.0	-98897.7	0.105	1.273
-3115.2	-98897.7	0.245	1.203
-3113.4	-98897.7	0.140	1.168
-3111.6	-98897.7	-0.070	1.180
-3109.8	-98897.7	-0.047	1.378
-3108.1	-98897.7	-0.234	1.098
-3106.3	-98897.7	-0.035	0.934
-3104.5	-98897.7	0.070	1.133
-3176.2	-98895.9	0.000	0.000
-3174.4	-98895.9	2.149	0.000
-3172.6	-98895.9	0.000	0.000
-3170.8	-98895.9	0.035	1.191
-3169.0	-98895.9	0.058	1.285
-3167.2	-98895.9	0.140	1.273
-3165.5	-98895.9	0.082	0.934
-3163.7	-98895.9	0.035	0.794
-3161.9	-98895.9	0.117	1.273
-3160.1	-98895.9	0.000	0.000
-3158.3	-98895.9	-0.012	0.911
-3156.5	-98895.9	0.035	1.016
-3154.7	-98895.9	-0.082	0.771
-3152.9	-98895.9	0.128	0.946
-3151.1	-98895.9	0.140	0.934
-3149.3	-98895.9	0.187	1.168
-3147.5	-98895.9	0.315	1.331
-3145.7	-98895.9	-0.082	1.086
-3143.9	-98895.9	-0.128	0.958
-3142.1	-98895.9	0.058	1.098
-3140.3	-98895.9	0.152	0.993
-3138.5	-98895.9	-0.397	2.406
-3136.8	-98895.9	-0.374	0.888
-3135.0	-98895.9	-0.175	0.969
-3133.2	-98895.9	0.000	0.000
-3131.4	-98895.9	-0.175	1.378
-3129.6	-98895.9	-0.023	1.904
-3127.8	-98895.9	0.023	1.752
-3126.0	-98895.9	0.035	1.495
-3124.2	-98895.9	-0.082	1.764
-3122.4	-98895.9	-0.047	1.495
-3120.6	-98895.9	-0.047	1.670
-3118.8	-98895.9	-0.082	1.472
-3117.0	-98895.9	0.117	1.483
-3115.2	-98895.9	-0.152	1.133
-3113.4	-98895.9	-0.070	1.051
-3111.6	-98895.9	0.082	1.226
-3109.8	-98895.9	-0.128	1.355
-3108.1	-98895.9	-0.304	1.308
-3106.3	-98895.9	-0.082	1.168
-3104.5	-98895.9	-0.070	1.039
-3176.2	-98894.1	0.000	0.000
-3174.4	-98894.1	0.000	0.000
-3172.6	-98894.1	0.000	0.000
-3170.8	-98894.1	-0.023	1.296
-3169.0	-98894.1	0.093	1.285
-3167.2	-98894.1	0.000	1.320
-3165.5	-98894.1	0.140	1.308
-3163.7	-98894.1	0.093	1.378
-3161.9	-98894.1	0.093	1.308
-3160.1	-98894.1	0.070	1.250
-3158.3	-98894.1	0.000	0.899
-3156.5	-98894.1	0.245	1.261
-3154.7	-98894.1	0.035	0.876
-3152.9	-98894.1	0.140	0.923
-3151.1	-98894.1	0.222	0.864
-3149.3	-98894.1	-0.946	1.904
-3147.5	-98894.1	-0.175	1.016
-3145.7	-98894.1	0.000	0.000
-3143.9	-98894.1	-0.058	2.266
-3142.1	-98894.1	0.082	0.946
-3140.3	-98894.1	-0.105	0.993
-3138.5	-98894.1	0.012	0.993
-3136.8	-98894.1	-0.350	1.378
-3135.0	-98894.1	-0.117	1.285
-3133.2	-98894.1	-0.093	1.355
-3131.4	-98894.1	-0.047	1.834
-3129.6	-98894.1	0.000	0.000
-3127.8	-98894.1	0.082	1.273
-3126.0	-98894.1	-0.152	1.343
-3124.2	-98894.1	-0.117	1.156
-3122.4	-98894.1	-0.082	1.472
-3120.6	-98894.1	0.035	1.331
-3118.8	-98894.1	-0.035	1.285
-3117.0	-98894.1	-0.269	1.320
-3115.2	-98894.1	-0.269	1.472
-3113.4	-98894.1	-0.012	1.121
-3111.6	-98894.1	0.117	1.226
-3109.8	-98894.1	0.058	1.133
-3108.1	-98894.1	-0.117	0.876
-3106.3	-98894.1	-0.035	0.899
-3104.5	-98894.1	0.070	1.343
-3176.2	-98892.3	0.000	0.000
-3174.4	-98892.3	0.000	0.000
-3172.6	-98892.3	0.000	0.000
-3170.8	-98892.3	0.105	1.238
-3169.0	-98892.3	0.152	1.366
-3167.2	-98892.3	0.035	1.098
-3165.5	-98892.3	0.058	1.168
-3163.7	-98892.3	0.128	1.261
-3161.9	-98892.3	0.023	1.378
-3160.1	-98892.3	0.000	0.759
-3158.3	-98892.3	-0.023	0.771
-3156.5	-98892.3	0.140	1.530
-3154.7	-98892.3	-0.047	0.584
-3152.9	-98892.3	-0.315	1.250
-3151.1	-98892.3	0.035	1.074
-3149.3	-98892.3	-0.315	2.126
-3147.5	-98892.3	-0.199	1.448
-3145.7	-98892.3	-0.058	0.923
-3143.9	-98892.3	-0.631	1.717
-3142.1	-98892.3	-0.397	1.425
-3140.3	-98892.3	-0.175	0.677
-3138.5	-98892.3	-0.047	1.635
-3136.8	-98892.3	-0.269	1.530
-3135.0	-98892.3	-0.105	1.472
-3133.2	-98892.3	-0.199	1.343
-3131.4	-98892.3	-0.070	1.588
-3129.6	-98892.3	-0.385	2.032
-3127.8	-98892.3	0.000	0.000
-3126.0	-98892.3	-0.187	1.145
-3124.2	-98892.3	-0.420	1.051
-3122.4	-98892.3	-0.140	1.226
-3120.6	-98892.3	-0.082	0.946
-3118.8	-98892.3	-0.012	1.366
-3117.0	-98892.3	-0.047	1.320
-3115.2	-98892.3	-0.023	1.705
-3113.4	-98892.3	0.058	1.261
-3111.6	-98892.3	0.152	1.261
-3109.8	-98892.3	-0.035	1.121
-3108.1	-98892.3	-0.023	1.145
-3106.3	-98892.3	0.304	1.250
-3104.5	-98892.3	0.012	1.039
-3176.2	-98890.5	0.000	0.000
-3174.4	-98890.5	0.000	0.000
-3172.6	-98890.5	0.000	0.000
-3170.8	-98890.5	0.222	1.308
-3169.0	-98890.5	0.164	1.437
-3167.2	-98890.5	-0.035	1.250
-3165.5	-98890.5	0.035	1.343
-3163.7	-98890.5	0.117	1.355
-3161.9	-98890.5	-0.082	1.238
-3160.1	-98890.5	0.117	1.296
-3158.3	-98890.5	0.292	0.853
-3156.5	-98890.5	0.257	0.911
-3154.7	-98890.5	-0.082	1.343
-3152.9	-98890.5	-0.420	1.378
-3151.1	-98890.5	0.012	1.331
-3149.3	-98890.5	0.000	0.000
-3147.5	-98890.5	0.292	1.004
-3145.7	-98890.5	-0.152	1.203
-3143.9	-98890.5	0.187	1.203
-3142.1	-98890.5	0.035	1.051
-3140.3	-98890.5	-1.939	1.191
-3138.5	-98890.5	-0.164	1.962
-3136.8	-98890.5	-0.152	1.028
-3135.0	-98890.5	0.164	0.736
-3133.2	-98890.5	0.012	1.437
-3131.4	-98890.5	0.047	2.126
-3129.6	-98890.5	0.000	0.000
-3127.8	-98890.5	-0.128	2.044
-3126.0	-98890.5	-0.035	1.658
-3124.2	-98890.5	0.152	1.565
-3122.4	-98890.5	0.397	1.647
-3120.6	-98890.5	0.140	1.215
-3118.8	-98890.5	0.210	1.285
-3117.0	-98890.5	0.093	1.390
-3115.2	-98890.5	0.070	1.273
-3113.4	-98890.5	0.023	1.437
-3111.6	-98890.5	0.082	1.121
-3109.8	-98890.5	0.117	1.285
-3108.1	-98890.5	-0.035	1.133
-3106.3	-98890.5	0.327	1.016
-3104.5	-98890.5	-0.035	1.355
-3176.2	-98888.8	0.000	0.000
-3174.4	-98888.8	0.000	0.000
-3172.6	-98888.8	0.000	0.000
-3170.8	-98888.8	0.514	0.245
-3169.0	-98888.8	0.000	0.000
-3167.2	-98888.8	0.000	0.000
-3165.5	-98888.8	-0.105	1.355
-3163.7	-98888.8	0.058	1.226
-3161.9	-98888.8	-0.093	1.098
-3160.1	-98888.8	0.000	0.000
-3158.3	-98888.8	0.105	1.308
-3156.5	-98888.8	0.000	0.000
-3154.7	-98888.8	0.164	1.226
-3152.9	-98888.8	-0.794	2.266
-3151.1	-98888.8	-0.724	2.079
-3149.3	-98888.8	-0.058	1.892
-3147.5	-98888.8	0.000	0.000
-3145.7	-98888.8	0.000	0.000
-3143.9	-98888.8	0.093	0.888
-3142.1	-98888.8	-0.128	1.156
-3140.3	-98888.8	-0.047	1.215
-3138.5	-98888.8	0.023	1.401
-3136.8	-98888.8	-0.035	0.747
-3135.0	-98888.8	-0.140	0.899
-3133.2	-98888.8	-0.152	1.448
-3131.4	-98888.8	-0.187	1.203
-3129.6	-98888.8	0.058	1.168
-3127.8	-98888.8	-0.140	1.343
-3126.0	-98888.8	-0.152	1.658
-3124.2	-98888.8	0.082	1.565
-3122.4	-98888.8	0.093	1.472
-3120.6	-98888.8	0.047	1.320
-3118.8	-98888.8	0.023	1.133
-3117.0	-98888.8	-0.012	0.841
-3115.2	-98888.8	0.362	1.390
-3113.4	-98888.8	-0.117	1.039
-3111.6	-98888.8	0.117	1.296
-3109.8	-98888.8	-0.058	1.366
-3108.1	-98888.8	-0.070	1.390
-3106.3	-98888.8	0.012	1.180
-3104.5	-98888.8	-0.012	1.215
-3176.2	-98887.0	0.000	0.000
-3174.4	-98887.0	0.000	0.000
-3172.6	-98887.0	0.000	0.000
-3170.8	-98887.0	0.292	1.191
-3169.0	-98887.0	0.199	1.273
-3167.2	-98887.0	0.012	1.308
-3165.5	-98887.0	0.000	0.000
-3163.7	-98887.0	0.175	0.818
-3161.9	-98887.0	0.140	1.145
-3160.1	-98887.0	0.035	1.063
-3158.3	-98887.0	0.000	0.000
-3156.5	-98887.0	-0.012	1.273
-3154.7	-98887.0	0.035	1.109
-3152.9	-98887.0	0.058	1.039
-3151.1	-98887.0	-0.292	1.927
-3149.3	-98887.0	-0.070	0.993
-3147.5	-98887.0	0.012	1.039
-3145.7	-98887.0	-0.210	1.086
-3143.9	-98887.0	-0.234	1.226
-3142.1	-98887.0	-0.117	1.121
-3140.3	-98887.0	0.000	0.000
-3138.5	-98887.0	-0.047	1.285
-3136.8	-98887.0	-0.023	1.261
-3135.0	-98887.0	-0.187	1.378
-3133.2	-98887.0	-0.362	1.915
-3131.4	-98887.0	0.000	0.000
-3129.6	-98887.0	0.000	1.810
-3127.8	-98887.0	-0.082	1.658
-3126.0	-98887.0	0.128	1.180
-3124.2	-98887.0	0.794	1.670
-3122.4	-98887.0	0.105	1.121
-3120.6	-98887.0	0.070	1.133
-3118.8	-98887.0	0.047	1.355
-3117.0	-98887.0	-0.047	1.413
-3115.2	-98887.0	0.058	1.191
-3113.4	-98887.0	-0.023	0.747
-3111.6	-98887.0	0.058	1.074
-3109.8	-98887.0	-0.152	1.261
-3108.1	-98887.0	0.012	1.215
-3106.3	-98887.0	0.269	1.039
-3104.5	-98887.0	0.105	0.759
-3176.2	-98885.2	0.000	0.000
-3174.4	-98885.2	0.000	0.000
-3172.6	-98885.2	0.000	0.000
-3170.8	-98885.2	-0.280	1.133
-3169.0	-98885.2	0.140	0.911
-3167.2	-98885.2	-0.117	1.331
-3165.5	-98885.2	0.140	1.191
-3163.7	-98885.2	0.222	1.191
-3161.9	-98885.2	-0.093	0.572
-3160.1	-98885.2	0.210	1.028
-3158.3	-98885.2	0.327	1.507
-3156.5	-98885.2	0.164	1.752
-3154.7	-98885.2	0.070	0.818
-3152.9	-98885.2	0.128	0.467
-3151.1	-98885.2	0.140	0.958
-3149.3	-98885.2	-0.164	1.086
-3147.5	-98885.2	0.000	0.000
-3145.7	-98885.2	-0.012	1.063
-3143.9	-98885.2	-0.105	0.899
-3142.1	-98885.2	-0.304	1.635
-3140.3	-98885.2	-0.035	1.250
-3138.5	-98885.2	-0.666	2.149
-3136.8	-98885.2	-0.070	1.168
-3135.0	-98885.2	-0.164	1.518
-3133.2	-98885.2	-0.093	1.250
-3131.4	-98885.2	-0.292	1.460
-3129.6	-98885.2	0.140	1.238
-3127.8	-98885.2	0.058	1.390
-3126.0	-98885.2	-0.012	1.483
-3124.2	-98885.2	-0.047	1.028
-3122.4	-98885.2	0.070	1.308
-3120.6	-98885.2	0.012	1.226
-3118.8	-98885.2	-0.234	1.226
-3117.0	-98885.2	0.175	1.413
-3115.2	-98885.2	0.035	0.899
-3113.4	-98885.2	0.093	0.923
-3111.6	-98885.2	0.070	1.156
-3109.8	-98885.2	-0.128	1.296
-3108.1	-98885.2	-0.058	1.343
-3106.3	-98885.2	-0.012	1.133
-3104.5	-98885.2	-0.128	0.958
-3176.2	-98883.4	0.000	0.000
-3174.4	-98883.4	0.000	0.000
-3172.6	-98883.4	0.000	0.000
-3170.8	-98883.4	0.000	0.000
-3169.0	-98883.4	0.152	1.156
-3167.2	-98883.4	0.222	1.109
-3165.5	-98883.4	0.047	1.273
-3163.7	-98883.4	-0.689	-2.032
-3161.9	-98883.4	0.093	1.004
-3160.1	-98883.4	0.012	0.969
-3158.3	-98883.4	0.199	0.841
-3156.5	-98883.4	0.210	1.191
-3154.7	-98883.4	-0.012	1.308
-3152.9	-98883.4	-0.093	1.296
-3151.1	-98883.4	0.058	1.156
-3149.3	-98883.4	0.444	0.876
-3147.5	-98883.4	0.000	1.016
-3145.7	-98883.4	-0.058	1.133
-3143.9	-98883.4	-0.035	0.958
-3142.1	-98883.4	0.035	1.215
-3140.3	-98883.4	0.000	0.000
-3138.5	-98883.4	0.082	1.518
-3136.8	-98883.4	0.315	1.892
-3135.0	-98883.4	0.128	1.647
-3133.2	-98883.4	0.012	1.401
-3131.4	-98883.4	-0.234	1.121
-3129.6	-98883.4	0.175	1.740
-3127.8	-98883.4	0.210	1.355
-3126.0	-98883.4	-0.058	1.366
-3124.2	-98883.4	-0.117	1.413
-3122.4	-98883.4	-0.199	1.799
-3120.6	-98883.4	-0.070	1.647
-3118.8	-98883.4	-0.023	1.320
-3117.0	-98883.4	0.082	0.899
-3115.2	-98883.4	0.000	0.981
-3113.4	-98883.4	0.012	1.437
-3111.6	-98883.4	0.187	1.472
-3109.8	-98883.4	0.164	1.425
-3108.1	-98883.4	0.035	1.670
-3106.3	-98883.4	-0.035	1.343
-3104.5	-98883.4	0.000	0.000
-3176.2	-98881.6	0.000	0.000
-3174.4	-98881.6	0.000	0.000
-3172.6	-98881.6	0.164	-1.028
-3170.8	-98881.6	0.058	1.238
-3169.0	-98881.6	0.082	1.250
-3167.2	-98881.6	0.047	1.273
-3165.5	-98881.6	0.000	0.000
-3163.7	-98881.6	0.082	1.296
-3161.9	-98881.6	0.210	0.712
-3160.1	-98881.6	0.047	1.343
-3158.3	-98881.6	0.082	1.343
-3156.5	-98881.6	0.117	1.331
-3154.7	-98881.6	0.491	1.261
-3152.9	-98881.6	-0.269	0.724
-3151.1	-98881.6	-0.257	0.934
-3149.3	-98881.6	0.234	1.156
-3147.5	-98881.6	0.455	1.203
-3145.7	-98881.6	-0.058	1.215
-3143.9	-98881.6	-0.058	1.168
-3142.1	-98881.6	-0.093	1.168
-3140.3	-98881.6	0.070	0.514
-3138.5	-98881.6	0.187	0.596
-3136.8	-98881.6	0.000	0.000
-3135.0	-98881.6	-0.058	1.425
-3133.2	-98881.6	0.000	0.000
-3131.4	-98881.6	-0.152	0.631
-3129.6	-98881.6	0.035	1.518
-3127.8	-98881.6	0.035	1.927
-3126.0	-98881.6	0.012	1.133
-3124.2	-98881.6	-0.105	1.425
-3122.4	-98881.6	-0.070	1.448
-3120.6	-98881.6	-0.023	1.413
-3118.8	-98881.6	0.199	1.472
-3117.0	-98881.6	0.012	1.413
-3115.2	-98881.6	0.292	1.273
-3113.4	-98881.6	0.257	1.343
-3111.6	-98881.6	0.000	1.355
-3109.8	-98881.6	0.105	1.109
-3108.1	-98881.6	0.047	1.226
-3106.3	-98881.6	0.222	1.226
-3104.5	-98881.6	0.572	1.063
-3176.2	-98879.8	0.000	0.000
-3174.4	-98879.8	0.000	0.000
-3172.6	-98879.8	0.117	-1.121
-3170.8	-98879.8	0.047	1.296
-3169.0	-98879.8	0.093	1.168
-3167.2	-98879.8	0.105	1.600
-3165.5	-98879.8	-0.035	1.472
-3163.7	-98879.8	0.093	0.969
-3161.9	-98879.8	0.070	1.039
-3160.1	-98879.8	0.128	0.899
-3158.3	-98879.8	0.000	0.000
-3156.5	-98879.8	0.070	1.250
-3154.7	-98879.8	0.140	1.250
-3152.9	-98879.8	-0.292	0.923
-3151.1	-98879.8	-0.234	1.261
-3149.3	-98879.8	0.175	0.677
-3147.5	-98879.8	0.292	0.584
-3145.7	-98879.8	-0.082	1.331
-3143.9	-98879.8	-0.128	1.308
-3142.1	-98879.8	-0.280	0.607
-3140.3	-98879.8	-0.023	1.437
-3138.5	-98879.8	-0.222	1.226
-3136.8	-98879.8	-0.140	1.238
-3135.0	-98879.8	-0.677	3.001
-3133.2	-98879.8	-0.012	1.565
-3131.4	-98879.8	-0.292	1.331
-3129.6	-98879.8	-0.058	1.238
-3127.8	-98879.8	-0.140	1.658
-3126.0	-98879.8	0.000	1.518
-3124.2	-98879.8	-0.140	1.413
-3122.4	-98879.8	0.023	1.390
-3120.6	-98879.8	0.000	1.472
-3118.8	-98879.8	0.047	1.472
-3117.0	-98879.8	0.047	1.343
-3115.2	-98879.8	0.047	0.677
-3113.4	-98879.8	0.175	0.771
-3111.6	-98879.8	0.035	1.226
-3109.8	-98879.8	0.152	1.180
-3108.1	-98879.8	-0.093	1.098
-3106.3	-98879.8	0.035	0.958
-3104.5	-98879.8	0.210	0.549
-3176.2	-98878.0	0.000	0.000
-3174.4	-98878.0	0.000	0.000
-3172.6	-98878.0	0.000	0.000
-3170.8	-98878.0	0.152	1.145
-3169.0	-98878.0	0.093	1.145
-3167.2	-98878.0	-0.128	0.899
-3165.5	-98878.0	0.093	1.156
-3163.7	-98878.0	0.315	1.273
-3161.9	-98878.0	0.082	1.296
-3160.1	-98878.0	0.047	0.899
-3158.3	-98878.0	0.082	1.016
-3156.5	-98878.0	0.000	0.000
-3154.7	-98878.0	0.117	1.215
-3152.9	-98878.0	-0.058	1.366
-3151.1	-98878.0	-0.222	0.888
-3149.3	-98878.0	-0.315	0.736
-3147.5	-98878.0	0.058	1.191
-3145.7	-98878.0	0.479	0.701
-3143.9	-98878.0	0.479	0.771
-3142.1	-98878.0	-0.292	1.542
-3140.3	-98878.0	-0.093	1.203
-3138.5	-98878.0	-0.572	1.156
-3136.8	-98878.0	0.187	1.226
-3135.0	-98878.0	0.152	1.553
-3133.2	-98878.0	-0.152	1.518
-3131.4	-98878.0	-0.070	2.067
-3129.6	-98878.0	0.315	2.639
-3127.8	-98878.0	0.128	1.705
-3126.0	-98878.0	0.117	1.565
-3124.2	-98878.0	0.093	1.705
-3122.4	-98878.0	0.000	1.308
-3120.6	-98878.0	-0.012	1.437
-3118.8	-98878.0	0.257	1.331
-3117.0	-98878.0	-0.047	0.712
-3115.2	-98878.0	0.093	1.215
-3113.4	-98878.0	-0.035	1.320
-3111.6	-98878.0	-0.047	1.121
-3109.8	-98878.0	0.035	1.425
-3108.1	-98878.0	-0.058	1.390
-3106.3	-98878.0	-0.140	1.390
-3104.5	-98878.0	-0.035	1.355
-3176.2	-98876.2	0.000	0.000
-3174.4	-98876.2	0.000	0.000
-3172.6	-98876.2	0.000	0.000
-3170.8	-98876.2	0.035	1.495
-3169.0	-98876.2	0.047	1.226
-3167.2	-98876.2	0.082	0.969
-3165.5	-98876.2	0.128	1.191
-3163.7	-98876.2	0.012	1.238
-3161.9	-98876.2	0.035	1.226
-3160.1	-98876.2	-0.117	1.016
-3158.3	-98876.2	0.187	1.296
-3156.5	-98876.2	0.070	1.203
-3154.7	-98876.2	0.000	0.000
-3152.9	-98876.2	0.035	1.261
-3151.1	-98876.2	-0.280	0.771
-3149.3	-98876.2	-0.257	0.829
-3147.5	-98876.2	-0.023	1.320
-3145.7	-98876.2	0.479	1.074
-3143.9	-98876.2	-0.023	1.296
-3142.1	-98876.2	-0.035	1.215
-3140.3	-98876.2	0.000	1.320
-3138.5	-98876.2	-0.128	0.958
-3136.8	-98876.2	0.070	1.425
-3135.0	-98876.2	-0.199	1.693
-3133.2	-98876.2	-0.269	2.394
-3131.4	-98876.2	-0.327	1.530
-3129.6	-98876.2	0.105	1.857
-3127.8	-98876.2	-0.187	1.728
-3126.0	-98876.2	0.152	1.612
-3124.2	-98876.2	0.385	1.775
-3122.4	-98876.2	0.035	1.577
-3120.6	-98876.2	-0.023	1.705
-3118.8	-98876.2	0.082	1.612
-3117.0	-98876.2	0.000	1.507
-3115.2	-98876.2	0.350	1.483
-3113.4	-98876.2	-0.152	0.771
-3111.6	-98876.2	0.012	1.004
-3109.8	-98876.2	-0.035	1.296
-3108.1	-98876.2	-0.035	1.355
-3106.3	-98876.2	-0.222	1.203
-3104.5	-98876.2	-0.292	1.156
-3176.2	-98874.4	0.000	0.000
-3174.4	-98874.4	0.000	0.000
-3172.6	-98874.4	0.000	0.000
-3170.8	-98874.4	0.035	1.413
-3169.0	-98874.4	0.070	1.401
-3167.2	-98874.4	0.023	1.028
-3165.5	-98874.4	-0.047	0.958
-3163.7	-98874.4	-0.164	1.133
-3161.9	-98874.4	0.280	1.308
-3160.1	-98874.4	0.152	1.355
-3158.3	-98874.4	0.093	1.401
-3156.5	-98874.4	0.058	1.308
-3154.7	-98874.4	0.187	1.109
-3152.9	-98874.4	0.222	0.888
-3151.1	-98874.4	0.000	0.000
-3149.3	-98874.4	0.000	0.000
-3147.5	-98874.4	0.245	1.261
-3145.7	-98874.4	-0.210	1.051
-3143.9	-98874.4	0.000	0.000
-3142.1	-98874.4	-0.117	1.355
-3140.3	-98874.4	-0.234	1.869
-3138.5	-98874.4	-0.175	1.039
-3136.8	-98874.4	-0.584	2.137
-3135.0	-98874.4	0.000	0.000
-3133.2	-98874.4	-0.047	1.308
-3131.4	-98874.4	0.035	1.682
-3129.6	-98874.4	-0.023	1.693
-3127.8	-98874.4	-0.070	1.518
-3126.0	-98874.4	0.023	1.542
-3124.2	-98874.4	0.117	1.775
-3122.4	-98874.4	0.000	1.623
-3120.6	-98874.4	0.000	0.000
-3118.8	-98874.4	0.280	1.261
-3117.0	-98874.4	0.000	1.728
-3115.2	-98874.4	0.058	1.437
-3113.4	-98874.4	0.012	1.320
-3111.6	-98874.4	0.047	1.320
-3109.8	-98874.4	-0.082	1.507
-3108.1	-98874.4	0.187	1.495
-3106.3	-98874.4	0.082	1.145
-3104.5	-98874.4	0.128	1.647
-3176.2	-98872.6	0.000	0.000
-3174.4	-98872.6	0.000	0.000
-3172.6	-98872.6	0.000	0.000
-3170.8	-98872.6	0.047	1.320
-3169.0	-98872.6	-0.023	1.355
-3167.2	-98872.6	0.093	1.261
-3165.5	-98872.6	-0.093	1.074
-3163.7	-98872.6	0.000	0.000
-3161.9	-98872.6	0.000	0.000
-3160.1	-98872.6	0.164	1.390
-3158.3	-98872.6	0.093	1.343
-3156.5	-98872.6	0.000	0.000
-3154.7	-98872.6	0.128	1.226
-3152.9	-98872.6	0.164	0.993
-3151.1	-98872.6	0.058	1.028
-3149.3	-98872.6	0.093	0.911
-3147.5	-98872.6	-0.117	1.004
-3145.7	-98872.6	-0.164	1.285
-3143.9	-98872.6	-0.292	1.320
-3142.1	-98872.6	-0.491	1.343
-3140.3	-98872.6	0.000	0.000
-3138.5	-98872.6	0.000	0.000
-3136.8	-98872.6	-0.117	0.677
-3135.0	-98872.6	0.000	0.689
-3133.2	-98872.6	-0.058	1.366
-3131.4	-98872.6	0.327	1.238
-3129.6	-98872.6	-0.152	1.834
-3127.8	-98872.6	-0.175	1.577
-3126.0	-98872.6	-0.047	1.390
-3124.2	-98872.6	0.000	0.000
-3122.4	-98872.6	0.058	1.437
-3120.6	-98872.6	-0.093	1.366
-3118.8	-98872.6	0.164	1.238
-3117.0	-98872.6	0.058	1.343
-3115.2	-98872.6	0.140	1.518
-3113.4	-98872.6	0.012	1.086
-3111.6	-98872.6	0.012	1.401
-3109.8	-98872.6	0.047	1.518
-3108.1	-98872.6	0.070	1.518
-3106.3	-98872.6	0.035	1.308
-3104.5	-98872.6	-0.012	1.658
-3176.2	-98870.8	0.000	0.000
-3174.4	-98870.8	0.000	0.000
-3172.6	-98870.8	0.000	0.000
-3170.8	-98870.8	-0.269	1.553
-3169.0	-98870.8	-0.117	1.331
-3167.2	-98870.8	0.070	1.261
-3165.5	-98870.8	0.012	1.063
-3163.7	-98870.8	0.000	0.000
-3161.9	-98870.8	-0.234	0.969
-3160.1	-98870.8	0.082	1.390
-3158.3	-98870.8	-0.420	0.876
-3156.5	-98870.8	0.152	1.331
-3154.7	-98870.8	0.000	0.000
-3152.9	-98870.8	0.047	1.028
-3151.1	-98870.8	-0.164	1.168
-3149.3	-98870.8	0.000	0.000
-3147.5	-98870.8	-0.245	1.343
-3145.7	-98870.8	-0.093	0.981
-3143.9	-98870.8	-0.105	0.993
-3142.1	-98870.8	-0.082	1.448
-3140.3	-98870.8	-0.047	1.670
-3138.5	-98870.8	-0.047	1.401
-3136.8	-98870.8	-0.140	1.273
-3135.0	-98870.8	0.093	1.016
-3133.2	-98870.8	-0.128	1.810
-3131.4	-98870.8	0.012	1.553
-3129.6	-98870.8	-0.117	1.553
-3127.8	-98870.8	-0.164	1.250
-3126.0	-98870.8	-0.035	1.565
-3124.2	-98870.8	0.093	1.390
-3122.4	-98870.8	0.140	1.764
-3120.6	-98870.8	0.385	1.553
-3118.8	-98870.8	0.210	1.355
-3117.0	-98870.8	-0.023	1.378
-3115.2	-98870.8	-0.023	1.553
-3113.4	-98870.8	0.117	1.285
-3111.6	-98870.8	-0.047	1.390
-3109.8	-98870.8	0.128	1.460
-3108.1	-98870.8	0.070	1.378
-3106.3	-98870.8	-0.175	1.098
-3104.5	-98870.8	-0.280	1.215
-3176.2	-98869.0	0.000	0.000
-3174.4	-98869.0	1.121	0.000
-3172.6	-98869.0	0.000	0.000
-3170.8	-98869.0	-0.140	1.437
-3169.0	-98869.0	0.000	0.000
-3167.2	-98869.0	0.070	1.390
-3165.5	-98869.0	0.082	1.413
-3163.7	-98869.0	0.047	1.413
-3161.9	-98869.0	0.140	1.331
-3160.1	-98869.0	0.012	1.495
-3158.3	-98869.0	0.724	0.888
-3156.5	-98869.0	0.093	1.121
-3154.7	-98869.0	0.058	1.226
-3152.9	-98869.0	0.000	1.250
-3151.1	-98869.0	-0.093	1.507
-3149.3	-98869.0	-0.210	1.051
-3147.5	-98869.0	-0.035	1.261
-3145.7	-98869.0	0.058	1.133
-3143.9	-98869.0	0.000	0.000
-3142.1	-98869.0	-0.035	1.390
-3140.3	-98869.0	0.000	0.000
-3138.5	-98869.0	-0.058	1.343
-3136.8	-98869.0	-0.280	1.495
-3135.0	-98869.0	-0.058	1.320
-3133.2	-98869.0	-0.082	0.806
-3131.4	-98869.0	-0.140	1.658
-3129.6	-98869.0	-0.280	1.448
-3127.8	-98869.0	-0.350	1.483
-3126.0	-98869.0	0.105	1.542
-3124.2	-98869.0	-0.023	1.472
-3122.4	-98869.0	0.140	1.623
-3120.6	-98869.0	0.339	1.775
-3118.8	-98869.0	0.292	1.670
-3117.0	-98869.0	0.292	1.495
-3115.2	-98869.0	0.128	1.355
-3113.4	-98869.0	0.128	1.156
-3111.6	-98869.0	0.000	1.366
-3109.8	-98869.0	0.070	1.250
-3108.1	-98869.0	0.058	0.876
-3106.3	-98869.0	0.210	0.619
-3104.5	-98869.0	0.000	0.000
-3176.2	-98867.2	0.000	0.000
-3174.4	-98867.2	0.000	0.000
-3172.6	-98867.2	0.035	-1.495
-3170.8	-98867.2	-0.047	1.483
-3169.0	-98867.2	0.023	1.437
-3167.2	-98867.2	0.012	1.437
-3165.5	-98867.2	0.000	0.000
-3163.7	-98867.2	-0.023	1.448
-3161.9	-98867.2	0.070	1.413
-3160.1	-98867.2	0.000	0.000
-3158.3	-98867.2	-0.234	1.180
-3156.5	-98867.2	0.000	0.000
-3154.7	-98867.2	-0.058	0.934
-3152.9	-98867.2	0.000	1.226
-3151.1	-98867.2	-0.023	1.366
-3149.3	-98867.2	-0.222	0.934
-3147.5	-98867.2	-0.047	1.320
-3145.7	-98867.2	-0.467	1.191
-3143.9	-98867.2	-0.269	1.600
-3142.1	-98867.2	-0.070	1.565
-3140.3	-98867.2	-0.175	0.736
-3138.5	-98867.2	0.000	0.000
-3136.8	-98867.2	0.000	0.000
-3135.0	-98867.2	-0.128	1.530
-3133.2	-98867.2	-0.420	1.366
-3131.4	-98867.2	-0.164	1.378
-3129.6	-98867.2	-0.035	2.266
-3127.8	-98867.2	-0.105	1.553
-3126.0	-98867.2	0.012	1.495
-3124.2	-98867.2	0.047	1.530
-3122.4	-98867.2	0.000	0.000
-3120.6	-98867.2	0.093	1.343
-3118.8	-98867.2	-0.012	1.413
-3117.0	-98867.2	-0.012	1.285
-3115.2	-98867.2	0.035	1.472
-3113.4	-98867.2	-0.140	1.565
-3111.6	-98867.2	-0.047	1.518
-3109.8	-98867.2	-0.152	1.191
-3108.1	-98867.2	0.070	1.180
-3106.3	-98867.2	-0.012	1.331
-3104.5	-98867.2	-0.093	1.401
-3176.2	-98865.4	0.000	0.000
-3174.4	-98865.4	0.000	0.000
-3172.6	-98865.4	0.000	0.000
-3170.8	-98865.4	-0.035	1.460
-3169.0	-98865.4	0.000	0.000
-3167.2	-98865.4	0.000	0.000
-3165.5	-98865.4	0.093	1.460
-3163.7	-98865.4	0.234	1.226
-3161.9	-98865.4	0.397	1.378
-3160.1	-98865.4	0.070	1.472
-3158.3	-98865.4	-0.199	0.993
-3156.5	-98865.4	0.023	1.366
-3154.7	-98865.4	0.105	1.448
-3152.9	-98865.4	0.128	1.542
-3151.1	-98865.4	-0.152	1.145
-3149.3	-98865.4	-0.339	1.413
-3147.5	-98865.4	0.012	1.378
-3145.7	-98865.4	0.023	1.331
-3143.9	-98865.4	0.035	1.343
-3142.1	-98865.4	-0.082	1.390
-3140.3	-98865.4	-0.047	1.518
-3138.5	-98865.4	-0.105	1.635
-3136.8	-98865.4	0.012	1.635
-3135.0	-98865.4	-0.082	1.413
-3133.2	-98865.4	-0.455	1.308
-3131.4	-98865.4	-0.187	1.495
-3129.6	-98865.4	0.000	1.495
-3127.8	-98865.4	0.269	2.347
-3126.0	-98865.4	0.070	1.752
-3124.2	-98865.4	0.012	1.495
-3122.4	-98865.4	-0.234	1.740
-3120.6	-98865.4	-0.012	1.413
-3118.8	-98865.4	-0.058	1.437
-3117.0	-98865.4	0.000	0.000
-3115.2	-98865.4	-0.164	1.507
-3113.4	-98865.4	-0.093	1.366
-3111.6	-98865.4	0.199	1.425
-3109.8	-98865.4	0.117	1.472
-3108.1	-98865.4	-0.105	1.728
-3106.3	-98865.4	0.047	1.331
-3104.5	-98865.4	-0.012	1.331
-3176.2	-98863.6	0.000	0.000
-3174.4	-98863.6	0.000	0.000
-3172.6	-98863.6	0.000	0.000
-3170.8	-98863.6	0.000	0.000
-3169.0	-98863.6	0.000	0.000
-3167.2	-98863.6	0.082	1.413
-3165.5	-98863.6	0.082	1.448
-3163.7	-98863.6	0.140	1.425
-3161.9	-98863.6	0.152	1.215
-3160.1	-98863.6	0.140	1.250
-3158.3	-98863.6	0.070	1.226
-3156.5	-98863.6	0.058	1.238
-3154.7	-98863.6	-0.012	1.273
-3152.9	-98863.6	0.070	1.285
-3151.1	-98863.6	-0.012	1.378
-3149.3	-98863.6	-0.222	1.016
-3147.5	-98863.6	0.058	1.378
-3145.7	-98863.6	0.012	1.413
-3143.9	-98863.6	-0.175	1.261
-3142.1	-98863.6	-0.140	1.378
-3140.3	-98863.6	-0.070	1.542
-3138.5	-98863.6	-0.280	2.161
-3136.8	-98863.6	0.047	1.039
-3135.0	-98863.6	0.012	0.853
-3133.2	-98863.6	0.047	1.401
-3131.4	-98863.6	0.000	0.000
-3129.6	-98863.6	0.000	0.000
-3127.8	-98863.6	0.035	1.308
-3126.0	-98863.6	-0.012	1.355
-3124.2	-98863.6	-0.199	1.460
-3122.4	-98863.6	-0.070	1.658
-3120.6	-98863.6	-0.035	1.483
-3118.8	-98863.6	-0.058	1.483
-3117.0	-98863.6	0.093	1.495
-3115.2	-98863.6	0.047	1.378
-3113.4	-98863.6	0.818	2.196
-3111.6	-98863.6	0.000	0.000
-3109.8	-98863.6	0.000	0.000
-3108.1	-98863.6	0.000	0.000
-3106.3	-98863.6	-0.012	0.794
-3104.5	-98863.6	0.093	0.946
-3176.2	-98861.8	0.000	0.000
-3174.4	-98861.8	0.000	0.000
-3172.6	-98861.8	-0.047	1.542
-3170.8	-98861.8	-0.012	1.518
-3169.0	-98861.8	-0.058	1.378
-3167.2	-98861.8	0.035	1.448
-3165.5	-98861.8	0.058	1.448
-3163.7	-98861.8	-0.012	0.958
-3161.9	-98861.8	0.012	1.191
-3160.1	-98861.8	0.000	1.180
-3158.3	-98861.8	0.058	1.308
-3156.5	-98861.8	0.035	1.261
-3154.7	-98861.8	0.035	1.366
-3152.9	-98861.8	-0.082	1.390
-3151.1	-98861.8	-0.058	1.355
-3149.3	-98861.8	-0.093	1.401
-3147.5	-98861.8	0.000	1.425
-3145.7	-98861.8	0.047	1.425
-3143.9	-98861.8	-0.012	1.390
-3142.1	-98861.8	0.000	0.000
-3140.3	-98861.8	0.000	0.000
-3138.5	-98861.8	-0.304	1.635
-3136.8	-98861.8	-0.058	1.250
-3135.0	-98861.8	-0.128	1.343
-3133.2	-98861.8	-0.374	1.320
-3131.4	-98861.8	-0.058	1.191
-3129.6	-98861.8	0.000	0.000
-3127.8	-98861.8	-0.245	1.623
-3126.0	-98861.8	0.000	1.577
-3124.2	-98861.8	0.047	1.693
-3122.4	-98861.8	0.058	1.401
-3120.6	-98861.8	-0.023	1.483
-3118.8	-98861.8	-0.093	1.483
-3117.0	-98861.8	0.035	1.728
-3115.2	-98861.8	0.023	1.542
-3113.4	-98861.8	0.222	1.693
-3111.6	-98861.8	0.304	1.670
-3109.8	-98861.8	0.070	1.705
-3108.1	-98861.8	0.035	1.542
-3106.3	-98861.8	-0.070	1.378
-3104.5	-98861.8	-0.058	1.180
-3176.2	-98860.1	0.000	0.000
-3174.4	-98860.1	0.000	0.000
-3172.6	-98860.1	0.000	0.000
-3170.8	-98860.1	0.012	1.390
-3169.0	-98860.1	0.000	1.390
-3167.2	-98860.1	-0.012	1.437
-3165.5	-98860.1	-0.257	1.495
-3163.7	-98860.1	0.058	1.448
-3161.9	-98860.1	0.093	1.437
-3160.1	-98860.1	-1.203	-1.156
-3158.3	-98860.1	0.058	1.437
-3156.5	-98860.1	-0.631	0.280
-3154.7	-98860.1	0.035	1.401
-3152.9	-98860.1	0.012	1.425
-3151.1	-98860.1	0.012	1.401
-3149.3	-98860.1	-0.269	1.320
-3147.5	-98860.1	-0.093	1.366
-3145.7	-98860.1	-0.164	1.051
-3143.9	-98860.1	0.000	0.000
-3142.1	-98860.1	0.000	0.000
-3140.3	-98860.1	0.000	0.000
-3138.5	-98860.1	-0.199	1.203
-3136.8	-98860.1	-0.210	1.250
-3135.0	-98860.1	-0.152	1.413
-3133.2	-98860.1	0.000	0.000
-3131.4	-98860.1	0.070	1.834
-3129.6	-98860.1	0.000	0.000
-3127.8	-98860.1	1.542	1.635
-3126.0	-98860.1	0.058	1.542
-3124.2	-98860.1	0.117	1.822
-3122.4	-98860.1	0.187	1.472
-3120.6	-98860.1	0.304	1.530
-3118.8	-98860.1	0.035	1.448
-3117.0	-98860.1	-0.070	1.109
-3115.2	-98860.1	0.000	0.000
-3113.4	-98860.1	0.070	0.724
-3111.6	-98860.1	0.128	1.390
-3109.8	-98860.1	0.082	1.168
-3108.1	-98860.1	-0.035	1.343
-3106.3	-98860.1	0.000	1.518
-3104.5	-98860.1	-0.187	1.448
-3176.2	-98858.3	0.000	0.000
-3174.4	-98858.3	0.000	0.000
-3172.6	-98858.3	0.105	1.472
-3170.8	-98858.3	0.012	1.460
-3169.0	-98858.3	-0.012	1.472
-3167.2	-98858.3	-0.023	1.472
-3165.5	-98858.3	-0.374	0.117
-3163.7	-98858.3	0.152	1.401
-3161.9	-98858.3	0.093	1.378
-3160.1	-98858.3	0.070	1.378
-3158.3	-98858.3	-0.514	0.199
-3156.5	-98858.3	-0.736	1.588
-3154.7	-98858.3	-0.012	1.308
-3152.9	-98858.3	0.012	1.425
-3151.1	-98858.3	0.023	1.413
-3149.3	-98858.3	-0.023	1.425
-3147.5	-98858.3	0.117	1.378
-3145.7	-98858.3	0.117	1.390
-3143.9	-98858.3	-0.315	1.413
-3142.1	-98858.3	-0.187	1.448
-3140.3	-98858.3	-0.152	1.425
-3138.5	-98858.3	-0.035	1.296
-3136.8	-98858.3	-0.082	0.199
-3135.0	-98858.3	-0.222	0.245
-3133.2	-98858.3	-0.058	1.448
-3131.4	-98858.3	-0.070	1.437
-3129.6	-98858.3	0.035	1.425
-3127.8	-98858.3	1.717	0.631
-3126.0	-98858.3	0.514	0.561
-3124.2	-98858.3	0.140	1.507
-3122.4	-98858.3	0.245	1.670
-3120.6	-98858.3	0.128	1.740
-3118.8	-98858.3	-0.047	1.518
-3117.0	-98858.3	0.047	1.588
-3115.2	-98858.3	0.000	0.000
-3113.4	-98858.3	0.117	1.472
-3111.6	-98858.3	0.082	1.133
-3109.8	-98858.3	0.047	1.320
-3108.1	-98858.3	-0.105	1.109
-3106.3	-98858.3	0.000	0.000
-3104.5	-98858.3	-0.082	1.437
-3176.2	-98856.5	0.000	0.000
-3174.4	-98856.5	0.000	0.000
-3172.6	-98856.5	-0.070	1.460
-3170.8	-98856.5	-0.164	1.448
-3169.0	-98856.5	-0.012	1.507
-3167.2	-98856.5	0.012	1.483
-3165.5	-98856.5	-0.140	1.285
-3163.7	-98856.5	-0.023	1.448
-3161.9	-98856.5	0.105	1.086
-3160.1	-98856.5	0.023	1.413
-3158.3	-98856.5	-0.199	1.320
-3156.5	-98856.5	-0.257	1.390
-3154.7	-98856.5	-0.164	1.238
-3152.9	-98856.5	-0.117	1.226
-3151.1	-98856.5	0.000	0.000
-3149.3	-98856.5	-0.047	1.308
-3147.5	-98856.5	-0.058	1.437
-3145.7	-98856.5	-0.105	1.495
-3143.9	-98856.5	-0.164	1.507
-3142.1	-98856.5	2.990	-0.876
-3140.3	-98856.5	0.047	1.472
-3138.5	-98856.5	-0.093	1.460
-3136.8	-98856.5	0.000	0.000
-3135.0	-98856.5	0.105	1.378
-3133.2	-98856.5	-0.105	1.460
-3131.4	-98856.5	-0.070	1.915
-3129.6	-98856.5	-0.187	1.845
-3127.8	-98856.5	0.000	0.000
-3126.0	-98856.5	-0.035	1.507
-3124.2	-98856.5	0.199	1.238
-3122.4	-98856.5	0.000	0.000
-3120.6	-98856.5	0.035	1.950
-3118.8	-98856.5	0.023	1.483
-3117.0	-98856.5	0.000	0.981
-3115.2	-98856.5	0.257	1.483
-3113.4	-98856.5	-0.058	1.612
-3111.6	-98856.5	-0.234	1.483
-3109.8	-98856.5	0.000	0.000
-3108.1	-98856.5	-0.093	1.331
-3106.3	-98856.5	-0.058	1.612
-3104.5	-98856.5	0.000	0.000
