-3176.2	-98930.0	0.000	0.000
-3174.4	-98930.0	0.000	0.000
-3172.6	-98930.0	0.000	0.000
-3170.8	-98930.0	-0.047	-0.549
-3169.0	-98930.0	0.023	-0.514
-3167.2	-98930.0	-0.012	-0.561
-3165.5	-98930.0	-0.117	-0.619
-3163.7	-98930.0	0.000	-0.234
-3161.9	-98930.0	-0.047	-0.537
-3160.1	-98930.0	-0.035	-0.537
-3158.3	-98930.0	-0.058	-0.561
-3156.5	-98930.0	-0.152	-0.397
-3154.7	-98930.0	-0.047	-0.526
-3152.9	-98930.0	-0.012	-0.327
-3151.1	-98930.0	0.023	-0.082
-3149.3	-98930.0	-0.047	-0.199
-3147.5	-98930.0	-0.070	-0.152
-3145.7	-98930.0	-0.047	-0.187
-3143.9	-98930.0	0.070	-0.128
-3142.1	-98930.0	-0.035	-0.175
-3140.3	-98930.0	-0.035	-0.199
-3138.5	-98930.0	0.012	-0.164
-3136.8	-98930.0	0.035	-0.128
-3135.0	-98930.0	0.023	-0.140
-3133.2	-98930.0	0.012	-0.128
-3131.4	-98930.0	0.070	-0.234
-3129.6	-98930.0	-0.023	-0.269
-3127.8	-98930.0	0.023	-0.432
-3126.0	-98930.0	0.000	0.000
-3124.2	-98930.0	0.000	0.000
-3122.4	-98930.0	0.000	0.000
-3120.6	-98930.0	0.199	-0.514
-3118.8	-98930.0	0.199	-0.234
-3117.0	-98930.0	0.199	-0.152
-3115.2	-98930.0	0.152	-0.210
-3113.4	-98930.0	0.035	-0.175
-3111.6	-98930.0	0.023	-0.222
-3109.8	-98930.0	0.000	-0.362
-3108.1	-98930.0	-0.023	-0.292
-3106.3	-98930.0	0.000	-0.584
-3104.5	-98930.0	0.000	0.000
-3176.2	-98928.2	0.000	0.000
-3174.4	-98928.2	0.000	0.000
-3172.6	-98928.2	-0.035	-0.689
-3170.8	-98928.2	-0.023	-0.549
-3169.0	-98928.2	-0.023	-0.596
-3167.2	-98928.2	-0.023	-0.631
-3165.5	-98928.2	-0.012	-0.642
-3163.7	-98928.2	-0.023	-0.631
-3161.9	-98928.2	-0.023	-0.479
-3160.1	-98928.2	-0.047	-0.561
-3158.3	-98928.2	-0.058	-0.514
-3156.5	-98928.2	-0.117	-0.385
-3154.7	-98928.2	-0.047	-0.537
-3152.9	-98928.2	-0.058	-0.514
-3151.1	-98928.2	-0.058	-0.280
-3149.3	-98928.2	-0.035	-0.257
-3147.5	-98928.2	0.000	-0.210
-3145.7	-98928.2	-0.012	-0.199
-3143.9	-98928.2	0.000	-0.175
-3142.1	-98928.2	-0.023	-0.164
-3140.3	-98928.2	0.012	-0.164
-3138.5	-98928.2	0.035	-0.175
-3136.8	-98928.2	0.023	-0.140
-3135.0	-98928.2	0.023	-0.187
-3133.2	-98928.2	0.058	-0.210
-3131.4	-98928.2	0.012	-0.164
-3129.6	-98928.2	0.164	-0.199
-3127.8	-98928.2	0.035	-0.409
-3126.0	-98928.2	0.000	0.000
-3124.2	-98928.2	-0.222	-0.666
-3122.4	-98928.2	0.000	0.000
-3120.6	-98928.2	0.000	0.000
-3118.8	-98928.2	0.164	-0.455
-3117.0	-98928.2	0.128	-0.164
-3115.2	-98928.2	0.269	-0.444
-3113.4	-98928.2	0.070	-0.339
-3111.6	-98928.2	-0.047	-0.362
-3109.8	-98928.2	0.000	-0.327
-3108.1	-98928.2	0.012	-0.420
-3106.3	-98928.2	0.000	0.000
-3104.5	-98928.2	0.023	0.677
-3176.2	-98926.4	0.000	0.000
-3174.4	-98926.4	0.000	0.000
-3172.6	-98926.4	0.000	0.000
-3170.8	-98926.4	-0.035	-0.572
-3169.0	-98926.4	-0.023	-0.561
-3167.2	-98926.4	-0.012	-0.584
-3165.5	-98926.4	-0.023	-0.631
-3163.7	-98926.4	-0.035	-0.631
-3161.9	-98926.4	-0.058	-0.596
-3160.1	-98926.4	-0.058	-0.596
-3158.3	-98926.4	-0.047	-0.584
-3156.5	-98926.4	-0.058	-0.561
-3154.7	-98926.4	-0.047	-0.537
-3152.9	-98926.4	-0.047	-0.526
-3151.1	-98926.4	-0.070	-0.455
-3149.3	-98926.4	-0.070	-0.187
-3147.5	-98926.4	-0.058	-0.152
-3145.7	-98926.4	0.000	-0.245
-3143.9	-98926.4	-0.023	-0.152
-3142.1	-98926.4	0.000	-0.152
-3140.3	-98926.4	0.023	-0.187
-3138.5	-98926.4	0.047	-0.175
-3136.8	-98926.4	0.035	-0.199
-3135.0	-98926.4	-0.012	-0.175
-3133.2	-98926.4	0.058	-0.245
-3131.4	-98926.4	-0.058	-0.222
-3129.6	-98926.4	0.000	0.000
-3127.8	-98926.4	0.140	-0.350
-3126.0	-98926.4	0.023	-0.164
-3124.2	-98926.4	-0.070	-0.117
-3122.4	-98926.4	0.105	0.128
-3120.6	-98926.4	0.012	-0.047
-3118.8	-98926.4	0.082	-0.222
-3117.0	-98926.4	0.257	-0.070
-3115.2	-98926.4	0.035	-0.374
-3113.4	-98926.4	0.187	-0.374
-3111.6	-98926.4	-0.058	-0.152
-3109.8	-98926.4	0.023	-0.222
-3108.1	-98926.4	0.058	-0.432
-3106.3	-98926.4	0.000	0.000
-3104.5	-98926.4	0.000	0.000
-3176.2	-98924.6	0.000	0.000
-3174.4	-98924.6	0.000	0.000
-3172.6	-98924.6	0.000	0.000
-3170.8	-98924.6	-0.047	-0.572
-3169.0	-98924.6	-0.023	-0.572
-3167.2	-98924.6	-0.023	-0.596
-3165.5	-98924.6	-0.023	-0.619
-3163.7	-98924.6	-0.035	-0.619
-3161.9	-98924.6	-0.023	-0.619
-3160.1	-98924.6	-0.035	-0.549
-3158.3	-98924.6	-0.047	-0.491
-3156.5	-98924.6	-0.035	-0.479
-3154.7	-98924.6	-0.023	-0.549
-3152.9	-98924.6	-0.058	-0.491
-3151.1	-98924.6	-0.140	-0.315
-3149.3	-98924.6	-0.140	-0.199
-3147.5	-98924.6	-0.070	-0.234
-3145.7	-98924.6	-0.035	-0.210
-3143.9	-98924.6	-0.035	-0.164
-3142.1	-98924.6	0.058	-0.140
-3140.3	-98924.6	0.047	-0.187
-3138.5	-98924.6	0.058	-0.175
-3136.8	-98924.6	0.023	-0.164
-3135.0	-98924.6	0.047	-0.164
-3133.2	-98924.6	0.035	-0.234
-3131.4	-98924.6	-0.035	-0.117
-3129.6	-98924.6	-0.058	0.175
-3127.8	-98924.6	0.374	-0.362
-3126.0	-98924.6	0.117	-0.117
-3124.2	-98924.6	0.339	-0.210
-3122.4	-98924.6	0.222	-0.234
-3120.6	-98924.6	0.514	-0.128
-3118.8	-98924.6	0.093	0.152
-3117.0	-98924.6	0.269	0.526
-3115.2	-98924.6	0.058	-0.444
-3113.4	-98924.6	0.152	-0.257
-3111.6	-98924.6	-0.117	-0.292
-3109.8	-98924.6	0.058	-0.385
-3108.1	-98924.6	0.035	-0.455
-3106.3	-98924.6	0.000	0.000
-3104.5	-98924.6	0.000	0.000
-3176.2	-98922.8	0.000	0.000
-3174.4	-98922.8	0.000	0.000
-3172.6	-98922.8	0.000	0.000
-3170.8	-98922.8	0.012	-0.502
-3169.0	-98922.8	0.023	-0.514
-3167.2	-98922.8	-0.035	-0.619
-3165.5	-98922.8	-0.035	-0.642
-3163.7	-98922.8	-0.035	-0.607
-3161.9	-98922.8	-0.082	-0.444
-3160.1	-98922.8	-0.035	-0.572
-3158.3	-98922.8	-0.023	-0.467
-3156.5	-98922.8	-0.047	-0.292
-3154.7	-98922.8	-0.047	-0.537
-3152.9	-98922.8	-0.058	-0.315
-3151.1	-98922.8	-0.093	-0.362
-3149.3	-98922.8	-0.082	-0.280
-3147.5	-98922.8	-0.058	-0.257
-3145.7	-98922.8	-0.047	-0.245
-3143.9	-98922.8	-0.012	-0.175
-3142.1	-98922.8	-0.023	-0.152
-3140.3	-98922.8	0.000	-0.082
-3138.5	-98922.8	0.000	-0.175
-3136.8	-98922.8	0.000	-0.152
-3135.0	-98922.8	0.082	-0.175
-3133.2	-98922.8	0.070	-0.210
-3131.4	-98922.8	0.047	-0.128
-3129.6	-98922.8	0.082	-0.199
-3127.8	-98922.8	0.257	-0.280
-3126.0	-98922.8	0.070	-0.269
-3124.2	-98922.8	0.152	-0.222
-3122.4	-98922.8	0.105	-0.140
-3120.6	-98922.8	0.117	-0.199
-3118.8	-98922.8	-0.035	-0.128
-3117.0	-98922.8	-0.035	-0.572
-3115.2	-98922.8	0.047	-0.187
-3113.4	-98922.8	0.070	-0.128
-3111.6	-98922.8	-0.105	-0.199
-3109.8	-98922.8	-0.012	-0.327
-3108.1	-98922.8	0.105	-0.374
-3106.3	-98922.8	0.000	0.000
-3104.5	-98922.8	0.000	0.000
-3176.2	-98921.0	0.000	0.000
-3174.4	-98921.0	0.000	0.000
-3172.6	-98921.0	0.000	0.000
-3170.8	-98921.0	0.035	-0.455
-3169.0	-98921.0	0.105	-0.362
-3167.2	-98921.0	-0.035	-0.514
-3165.5	-98921.0	-0.058	-0.514
-3163.7	-98921.0	-0.047	-0.596
-3161.9	-98921.0	-0.047	-0.619
-3160.1	-98921.0	-0.035	-0.537
-3158.3	-98921.0	-0.012	-0.537
-3156.5	-98921.0	-0.035	-0.444
-3154.7	-98921.0	-0.047	-0.514
-3152.9	-98921.0	-0.070	-0.385
-3151.1	-98921.0	-0.093	-0.187
-3149.3	-98921.0	-0.058	-0.187
-3147.5	-98921.0	-0.047	-0.222
-3145.7	-98921.0	0.093	-0.152
-3143.9	-98921.0	-0.035	-0.199
-3142.1	-98921.0	-0.047	-0.117
-3140.3	-98921.0	0.000	-0.070
-3138.5	-98921.0	0.000	-0.093
-3136.8	-98921.0	0.000	-0.175
-3135.0	-98921.0	0.035	-0.199
-3133.2	-98921.0	0.058	-0.175
-3131.4	-98921.0	0.128	-0.128
-3129.6	-98921.0	0.140	-0.280
-3127.8	-98921.0	0.128	-0.199
-3126.0	-98921.0	0.117	-0.164
-3124.2	-98921.0	0.082	-0.128
-3122.4	-98921.0	0.128	-0.117
-3120.6	-98921.0	0.105	-0.082
-3118.8	-98921.0	0.140	-0.035
-3117.0	-98921.0	0.082	-0.210
-3115.2	-98921.0	0.070	-0.070
-3113.4	-98921.0	0.082	-0.199
-3111.6	-98921.0	0.128	-0.222
-3109.8	-98921.0	0.070	-0.444
-3108.1	-98921.0	0.058	-0.327
-3106.3	-98921.0	0.000	0.000
-3104.5	-98921.0	0.000	0.000
-3176.2	-98919.3	0.000	0.000
-3174.4	-98919.3	0.000	0.000
-3172.6	-98919.3	0.000	0.000
-3170.8	-98919.3	0.023	-0.584
-3169.0	-98919.3	-0.023	-0.467
-3167.2	-98919.3	-0.035	-0.491
-3165.5	-98919.3	-0.047	-0.561
-3163.7	-98919.3	-0.023	-0.607
-3161.9	-98919.3	-0.023	-0.596
-3160.1	-98919.3	-0.023	-0.549
-3158.3	-98919.3	-0.058	-0.549
-3156.5	-98919.3	-0.058	-0.561
-3154.7	-98919.3	-0.058	-0.526
-3152.9	-98919.3	-0.047	-0.455
-3151.1	-98919.3	-0.047	-0.374
-3149.3	-98919.3	-0.199	-0.047
-3147.5	-98919.3	0.023	-0.140
-3145.7	-98919.3	-0.035	-0.245
-3143.9	-98919.3	-0.058	-0.082
-3142.1	-98919.3	-0.023	-0.070
-3140.3	-98919.3	-0.012	-0.152
-3138.5	-98919.3	0.023	-0.128
-3136.8	-98919.3	0.047	-0.128
-3135.0	-98919.3	0.047	-0.164
-3133.2	-98919.3	0.035	-0.140
-3131.4	-98919.3	0.058	-0.152
-3129.6	-98919.3	0.128	-0.164
-3127.8	-98919.3	0.175	-0.082
-3126.0	-98919.3	0.117	-0.152
-3124.2	-98919.3	0.093	-0.093
-3122.4	-98919.3	0.093	-0.140
-3120.6	-98919.3	0.117	-0.070
-3118.8	-98919.3	0.082	-0.058
-3117.0	-98919.3	0.035	-0.187
-3115.2	-98919.3	0.035	-0.082
-3113.4	-98919.3	0.082	-0.093
-3111.6	-98919.3	0.058	-0.362
-3109.8	-98919.3	-0.070	-0.467
-3108.1	-98919.3	0.000	-0.467
-3106.3	-98919.3	0.000	0.000
-3104.5	-98919.3	0.000	0.000
-3176.2	-98917.5	0.000	0.000
-3174.4	-98917.5	0.000	0.000
-3172.6	-98917.5	0.000	0.000
-3170.8	-98917.5	-0.035	-0.619
-3169.0	-98917.5	-0.035	-0.479
-3167.2	-98917.5	-0.035	-0.561
-3165.5	-98917.5	-0.035	-0.619
-3163.7	-98917.5	-0.047	-0.607
-3161.9	-98917.5	-0.035	-0.572
-3160.1	-98917.5	-0.047	-0.374
-3158.3	-98917.5	-0.035	-0.257
-3156.5	-98917.5	-0.035	-0.549
-3154.7	-98917.5	-0.047	-0.514
-3152.9	-98917.5	-0.047	-0.432
-3151.1	-98917.5	-0.012	-0.420
-3149.3	-98917.5	-0.292	-0.128
-3147.5	-98917.5	0.000	-0.082
-3145.7	-98917.5	-0.082	-0.082
-3143.9	-98917.5	-0.047	-0.082
-3142.1	-98917.5	0.000	-0.140
-3140.3	-98917.5	-0.023	-0.175
-3138.5	-98917.5	0.035	-0.210
-3136.8	-98917.5	0.023	-0.152
-3135.0	-98917.5	0.058	-0.164
-3133.2	-98917.5	0.058	-0.175
-3131.4	-98917.5	0.035	-0.128
-3129.6	-98917.5	0.152	-0.117
-3127.8	-98917.5	0.164	-0.117
-3126.0	-98917.5	0.164	-0.093
-3124.2	-98917.5	0.140	-0.093
-3122.4	-98917.5	0.175	-0.070
-3120.6	-98917.5	0.093	-0.023
-3118.8	-98917.5	0.117	-0.070
-3117.0	-98917.5	0.058	-0.105
-3115.2	-98917.5	-0.012	-0.093
-3113.4	-98917.5	0.245	-0.187
-3111.6	-98917.5	0.117	-0.292
-3109.8	-98917.5	-0.012	-0.444
-3108.1	-98917.5	0.047	-0.561
-3106.3	-98917.5	0.000	0.000
-3104.5	-98917.5	0.000	0.000
-3176.2	-98915.7	0.000	0.000
-3174.4	-98915.7	0.000	0.000
-3172.6	-98915.7	0.000	0.000
-3170.8	-98915.7	-0.012	-0.561
-3169.0	-98915.7	-0.047	-0.549
-3167.2	-98915.7	-0.058	-0.584
-3165.5	-98915.7	-0.023	-0.561
-3163.7	-98915.7	-0.023	-0.514
-3161.9	-98915.7	-0.035	-0.455
-3160.1	-98915.7	-0.047	-0.491
-3158.3	-98915.7	-0.093	-0.012
-3156.5	-98915.7	-0.035	-0.152
-3154.7	-98915.7	-0.058	-0.491
-3152.9	-98915.7	-0.070	-0.374
-3151.1	-98915.7	-0.047	-0.374
-3149.3	-98915.7	-0.082	-0.339
-3147.5	-98915.7	-0.058	-0.234
-3145.7	-98915.7	-0.093	-0.117
-3143.9	-98915.7	-0.035	-0.082
-3142.1	-98915.7	-0.012	-0.105
-3140.3	-98915.7	-0.012	-0.152
-3138.5	-98915.7	0.070	-0.175
-3136.8	-98915.7	0.047	-0.117
-3135.0	-98915.7	0.023	-0.140
-3133.2	-98915.7	0.093	-0.187
-3131.4	-98915.7	0.058	-0.128
-3129.6	-98915.7	0.105	-0.175
-3127.8	-98915.7	0.047	-0.093
-3126.0	-98915.7	0.093	-0.082
-3124.2	-98915.7	0.105	-0.082
-3122.4	-98915.7	0.140	-0.058
-3120.6	-98915.7	0.105	-0.047
-3118.8	-98915.7	0.164	-0.058
-3117.0	-98915.7	0.164	-0.012
-3115.2	-98915.7	0.082	-0.035
-3113.4	-98915.7	0.035	-0.152
-3111.6	-98915.7	0.035	-0.222
-3109.8	-98915.7	-0.035	-0.502
-3108.1	-98915.7	0.000	-0.549
-3106.3	-98915.7	0.000	0.000
-3104.5	-98915.7	0.000	0.000
-3176.2	-98913.9	0.000	0.000
-3174.4	-98913.9	0.000	0.000
-3172.6	-98913.9	0.000	0.000
-3170.8	-98913.9	-0.012	-0.432
-3169.0	-98913.9	-0.012	-0.502
-3167.2	-98913.9	-0.035	-0.502
-3165.5	-98913.9	-0.175	-0.117
-3163.7	-98913.9	-0.093	-0.491
-3161.9	-98913.9	-0.035	-0.526
-3160.1	-98913.9	-0.035	-0.467
-3158.3	-98913.9	-0.047	-0.537
-3156.5	-98913.9	-0.047	-0.526
-3154.7	-98913.9	-0.035	-0.479
-3152.9	-98913.9	-0.058	-0.350
-3151.1	-98913.9	-0.023	-0.128
-3149.3	-98913.9	-0.035	-0.199
-3147.5	-98913.9	-0.012	-0.105
-3145.7	-98913.9	-0.047	-0.070
-3143.9	-98913.9	-0.012	-0.164
-3142.1	-98913.9	0.012	-0.093
-3140.3	-98913.9	0.070	-0.023
-3138.5	-98913.9	0.117	-0.082
-3136.8	-98913.9	0.023	-0.175
-3135.0	-98913.9	0.058	-0.199
-3133.2	-98913.9	0.117	-0.164
-3131.4	-98913.9	0.070	-0.093
-3129.6	-98913.9	0.070	-0.128
-3127.8	-98913.9	0.070	-0.152
-3126.0	-98913.9	0.117	-0.199
-3124.2	-98913.9	0.058	-0.070
-3122.4	-98913.9	0.152	-0.105
-3120.6	-98913.9	0.140	-0.082
-3118.8	-98913.9	0.140	-0.070
-3117.0	-98913.9	0.199	-0.070
-3115.2	-98913.9	0.047	-0.058
-3113.4	-98913.9	0.070	-0.152
-3111.6	-98913.9	0.000	-0.175
-3109.8	-98913.9	0.082	-0.455
-3108.1	-98913.9	-0.012	-0.514
-3106.3	-98913.9	0.000	0.000
-3104.5	-98913.9	0.000	0.000
-3176.2	-98912.1	0.000	0.000
-3174.4	-98912.1	0.000	0.000
-3172.6	-98912.1	0.000	0.000
-3170.8	-98912.1	0.047	-0.339
-3169.0	-98912.1	-0.012	-0.420
-3167.2	-98912.1	-0.047	-0.315
-3165.5	-98912.1	-0.070	-0.023
-3163.7	-98912.1	-0.035	-0.234
-3161.9	-98912.1	0.000	-0.491
-3160.1	-98912.1	-0.023	-0.502
-3158.3	-98912.1	-0.047	-0.502
-3156.5	-98912.1	-0.023	-0.432
-3154.7	-98912.1	-0.070	-0.374
-3152.9	-98912.1	-0.082	-0.292
-3151.1	-98912.1	-0.070	-0.269
-3149.3	-98912.1	-0.035	-0.175
-3147.5	-98912.1	-0.047	-0.128
-3145.7	-98912.1	-0.093	-0.070
-3143.9	-98912.1	-0.035	-0.128
-3142.1	-98912.1	0.023	-0.093
-3140.3	-98912.1	0.012	-0.058
-3138.5	-98912.1	0.070	-0.047
-3136.8	-98912.1	0.035	-0.152
-3135.0	-98912.1	0.093	-0.117
-3133.2	-98912.1	0.117	-0.128
-3131.4	-98912.1	0.082	-0.152
-3129.6	-98912.1	0.070	-0.140
-3127.8	-98912.1	0.093	-0.140
-3126.0	-98912.1	0.105	-0.128
-3124.2	-98912.1	0.035	-0.082
-3122.4	-98912.1	0.117	-0.070
-3120.6	-98912.1	0.093	-0.047
-3118.8	-98912.1	0.152	-0.070
-3117.0	-98912.1	0.082	-0.070
-3115.2	-98912.1	0.023	-0.070
-3113.4	-98912.1	0.058	-0.070
-3111.6	-98912.1	0.047	-0.257
-3109.8	-98912.1	0.035	-0.479
-3108.1	-98912.1	-0.012	-0.409
-3106.3	-98912.1	0.000	0.000
-3104.5	-98912.1	0.000	0.000
-3176.2	-98910.3	0.000	0.000
-3174.4	-98910.3	0.000	0.000
-3172.6	-98910.3	0.000	0.000
-3170.8	-98910.3	0.058	-0.397
-3169.0	-98910.3	-0.058	-0.292
-3167.2	-98910.3	-0.093	-0.175
-3165.5	-98910.3	-0.058	-0.175
-3163.7	-98910.3	-0.023	-0.409
-3161.9	-98910.3	-0.012	-0.491
-3160.1	-98910.3	-0.012	-0.514
-3158.3	-98910.3	-0.012	-0.467
-3156.5	-98910.3	-0.047	-0.257
-3154.7	-98910.3	-0.058	-0.327
-3152.9	-98910.3	-0.058	-0.374
-3151.1	-98910.3	-0.070	-0.315
-3149.3	-98910.3	-0.058	-0.280
-3147.5	-98910.3	-0.058	-0.234
-3145.7	-98910.3	-0.047	-0.234
-3143.9	-98910.3	0.000	-0.175
-3142.1	-98910.3	0.035	-0.012
-3140.3	-98910.3	0.023	-0.047
-3138.5	-98910.3	0.047	-0.105
-3136.8	-98910.3	0.187	-0.035
-3135.0	-98910.3	0.093	-0.128
-3133.2	-98910.3	0.152	-0.199
-3131.4	-98910.3	0.105	-0.187
-3129.6	-98910.3	0.117	-0.164
-3127.8	-98910.3	0.093	-0.117
-3126.0	-98910.3	0.047	-0.070
-3124.2	-98910.3	0.070	-0.023
-3122.4	-98910.3	0.105	-0.035
-3120.6	-98910.3	0.093	-0.082
-3118.8	-98910.3	0.082	-0.012
-3117.0	-98910.3	0.093	-0.023
-3115.2	-98910.3	0.058	-0.047
-3113.4	-98910.3	0.082	-0.105
-3111.6	-98910.3	0.058	-0.280
-3109.8	-98910.3	0.000	-0.339
-3108.1	-98910.3	0.012	-0.269
-3106.3	-98910.3	-0.012	-0.128
-3104.5	-98910.3	0.000	0.000
-3176.2	-98908.5	0.000	0.000
-3174.4	-98908.5	0.000	0.000
-3172.6	-98908.5	0.000	0.000
-3170.8	-98908.5	0.012	-0.385
-3169.0	-98908.5	-0.023	-0.397
-3167.2	-98908.5	0.012	-0.327
-3165.5	-98908.5	-0.058	-0.199
-3163.7	-98908.5	-0.012	-0.070
-3161.9	-98908.5	-0.012	-0.455
-3160.1	-98908.5	-0.023	-0.444
-3158.3	-98908.5	-0.012	0.152
-3156.5	-98908.5	-0.047	-0.339
-3154.7	-98908.5	-0.082	-0.210
-3152.9	-98908.5	-0.058	-0.234
-3151.1	-98908.5	-0.070	-0.152
-3149.3	-98908.5	-0.058	-0.210
-3147.5	-98908.5	-0.047	-0.199
-3145.7	-98908.5	-0.035	-0.257
-3143.9	-98908.5	0.012	-0.187
-3142.1	-98908.5	0.093	-0.187
-3140.3	-98908.5	0.058	-0.058
-3138.5	-98908.5	0.000	-0.117
-3136.8	-98908.5	0.070	-0.117
-3135.0	-98908.5	0.058	-0.152
-3133.2	-98908.5	0.082	-0.199
-3131.4	-98908.5	0.047	-0.140
-3129.6	-98908.5	0.082	-0.128
-3127.8	-98908.5	0.058	-0.128
-3126.0	-98908.5	0.058	-0.128
-3124.2	-98908.5	0.093	-0.012
-3122.4	-98908.5	0.082	-0.047
-3120.6	-98908.5	0.164	-0.093
-3118.8	-98908.5	0.175	-0.047
-3117.0	-98908.5	0.093	0.000
-3115.2	-98908.5	0.105	-0.023
-3113.4	-98908.5	0.070	-0.093
-3111.6	-98908.5	0.117	-0.175
-3109.8	-98908.5	-0.012	-0.280
-3108.1	-98908.5	-0.035	-0.432
-3106.3	-98908.5	-0.012	-0.070
-3104.5	-98908.5	-0.012	0.000
-3176.2	-98906.7	0.000	0.000
-3174.4	-98906.7	0.000	0.000
-3172.6	-98906.7	0.000	0.000
-3170.8	-98906.7	-0.093	-0.385
-3169.0	-98906.7	-0.093	-0.420
-3167.2	-98906.7	-0.012	-0.257
-3165.5	-98906.7	-0.023	-0.420
-3163.7	-98906.7	-0.058	-0.117
-3161.9	-98906.7	0.035	-0.082
-3160.1	-98906.7	-0.035	-0.420
-3158.3	-98906.7	-0.023	-0.420
-3156.5	-98906.7	-0.012	-0.327
-3154.7	-98906.7	-0.058	-0.023
-3152.9	-98906.7	-0.023	-0.035
-3151.1	-98906.7	-0.058	-0.128
-3149.3	-98906.7	-0.070	-0.082
-3147.5	-98906.7	-0.058	-0.245
-3145.7	-98906.7	0.035	-0.164
-3143.9	-98906.7	-0.012	-0.187
-3142.1	-98906.7	0.093	-0.093
-3140.3	-98906.7	0.117	-0.140
-3138.5	-98906.7	0.023	-0.105
-3136.8	-98906.7	0.035	-0.082
-3135.0	-98906.7	0.035	-0.152
-3133.2	-98906.7	0.047	-0.152
-3131.4	-98906.7	0.070	-0.187
-3129.6	-98906.7	0.117	-0.152
-3127.8	-98906.7	0.000	-0.082
-3126.0	-98906.7	0.082	-0.058
-3124.2	-98906.7	0.128	-0.035
-3122.4	-98906.7	0.058	-0.023
-3120.6	-98906.7	0.152	-0.023
-3118.8	-98906.7	0.082	-0.035
-3117.0	-98906.7	0.093	-0.012
-3115.2	-98906.7	0.117	-0.023
-3113.4	-98906.7	0.047	-0.058
-3111.6	-98906.7	0.082	-0.152
-3109.8	-98906.7	0.035	-0.222
-3108.1	-98906.7	-0.047	-0.397
-3106.3	-98906.7	-0.023	-0.642
-3104.5	-98906.7	0.000	0.000
-3176.2	-98904.9	0.000	0.000
-3174.4	-98904.9	0.000	0.000
-3172.6	-98904.9	0.000	0.000
-3170.8	-98904.9	-0.023	-0.304
-3169.0	-98904.9	-0.023	-0.374
-3167.2	-98904.9	0.000	-0.339
-3165.5	-98904.9	-0.082	-0.222
-3163.7	-98904.9	-0.023	-0.117
-3161.9	-98904.9	0.105	-0.093
-3160.1	-98904.9	-0.012	-0.245
-3158.3	-98904.9	-0.058	-0.105
-3156.5	-98904.9	0.000	-0.082
-3154.7	-98904.9	-0.047	-0.292
-3152.9	-98904.9	-0.070	0.023
-3151.1	-98904.9	-0.210	-0.012
-3149.3	-98904.9	-0.199	0.070
-3147.5	-98904.9	0.000	-0.058
-3145.7	-98904.9	0.082	0.047
-3143.9	-98904.9	0.012	-0.058
-3142.1	-98904.9	0.070	0.000
-3140.3	-98904.9	0.117	-0.047
-3138.5	-98904.9	0.023	-0.164
-3136.8	-98904.9	0.093	-0.105
-3135.0	-98904.9	0.152	-0.152
-3133.2	-98904.9	0.164	-0.152
-3131.4	-98904.9	0.000	-0.280
-3129.6	-98904.9	0.047	-0.105
-3127.8	-98904.9	0.000	-0.187
-3126.0	-98904.9	0.012	-0.082
-3124.2	-98904.9	0.105	-0.058
-3122.4	-98904.9	0.140	-0.058
-3120.6	-98904.9	0.070	-0.070
-3118.8	-98904.9	0.093	-0.058
-3117.0	-98904.9	0.082	0.012
-3115.2	-98904.9	0.035	-0.082
-3113.4	-98904.9	0.035	-0.012
-3111.6	-98904.9	0.035	-0.082
-3109.8	-98904.9	-0.035	-0.234
-3108.1	-98904.9	0.047	-0.315
-3106.3	-98904.9	0.023	-0.584
-3104.5	-98904.9	0.000	0.000
-3176.2	-98903.1	0.000	0.000
-3174.4	-98903.1	0.000	0.000
-3172.6	-98903.1	0.000	0.000
-3170.8	-98903.1	-0.012	-0.350
-3169.0	-98903.1	-0.023	-0.304
-3167.2	-98903.1	0.000	-0.327
-3165.5	-98903.1	-0.082	-0.327
-3163.7	-98903.1	0.035	-0.175
-3161.9	-98903.1	0.000	-0.117
-3160.1	-98903.1	-0.105	0.035
-3158.3	-98903.1	-0.047	-0.234
-3156.5	-98903.1	0.000	0.000
-3154.7	-98903.1	-0.128	0.152
-3152.9	-98903.1	-0.105	0.128
-3151.1	-98903.1	-0.047	-0.105
-3149.3	-98903.1	-0.035	-0.117
-3147.5	-98903.1	0.082	0.105
-3145.7	-98903.1	0.070	0.128
-3143.9	-98903.1	-0.012	-0.012
-3142.1	-98903.1	0.058	-0.058
-3140.3	-98903.1	0.070	0.012
-3138.5	-98903.1	0.093	-0.035
-3136.8	-98903.1	0.082	-0.128
-3135.0	-98903.1	0.117	-0.128
-3133.2	-98903.1	0.140	-0.187
-3131.4	-98903.1	0.082	-0.164
-3129.6	-98903.1	0.047	-0.082
-3127.8	-98903.1	0.082	-0.105
-3126.0	-98903.1	0.093	-0.058
-3124.2	-98903.1	0.035	-0.012
-3122.4	-98903.1	0.105	0.023
-3120.6	-98903.1	0.070	0.000
-3118.8	-98903.1	0.093	-0.012
-3117.0	-98903.1	0.000	0.070
-3115.2	-98903.1	0.058	-0.012
-3113.4	-98903.1	0.000	-0.058
-3111.6	-98903.1	0.047	-0.105
-3109.8	-98903.1	0.023	-0.164
-3108.1	-98903.1	-0.023	-0.339
-3106.3	-98903.1	0.000	0.000
-3104.5	-98903.1	0.000	0.000
-3176.2	-98901.3	0.000	0.000
-3174.4	-98901.3	0.000	0.000
-3172.6	-98901.3	0.000	0.000
-3170.8	-98901.3	-0.070	-0.257
-3169.0	-98901.3	-0.093	-0.292
-3167.2	-98901.3	0.000	-0.222
-3165.5	-98901.3	-0.070	-0.152
-3163.7	-98901.3	-0.047	-0.152
-3161.9	-98901.3	-0.047	-0.280
-3160.1	-98901.3	-0.082	-0.128
-3158.3	-98901.3	-0.035	-0.222
-3156.5	-98901.3	0.035	-0.082
-3154.7	-98901.3	-0.082	0.152
-3152.9	-98901.3	0.035	0.199
-3151.1	-98901.3	-0.070	0.070
-3149.3	-98901.3	0.035	0.152
-3147.5	-98901.3	0.082	0.128
-3145.7	-98901.3	0.082	0.105
-3143.9	-98901.3	-0.023	-0.058
-3142.1	-98901.3	0.047	0.128
-3140.3	-98901.3	0.070	-0.012
-3138.5	-98901.3	0.047	-0.105
-3136.8	-98901.3	0.035	-0.187
-3135.0	-98901.3	0.128	-0.105
-3133.2	-98901.3	0.164	-0.082
-3131.4	-98901.3	0.070	-0.093
-3129.6	-98901.3	0.023	-0.093
-3127.8	-98901.3	0.058	-0.047
-3126.0	-98901.3	0.047	-0.047
-3124.2	-98901.3	0.023	-0.047
-3122.4	-98901.3	0.047	0.012
-3120.6	-98901.3	0.023	0.012
-3118.8	-98901.3	0.058	0.023
-3117.0	-98901.3	0.035	0.023
-3115.2	-98901.3	0.047	0.012
-3113.4	-98901.3	-0.058	-0.058
-3111.6	-98901.3	-0.023	-0.093
-3109.8	-98901.3	0.035	-0.105
-3108.1	-98901.3	-0.035	-0.280
-3106.3	-98901.3	0.000	0.000
-3104.5	-98901.3	0.000	0.000
-3176.2	-98899.5	0.000	0.000
-3174.4	-98899.5	0.000	0.000
-3172.6	-98899.5	0.000	0.000
-3170.8	-98899.5	0.012	-0.234
-3169.0	-98899.5	0.012	-0.128
-3167.2	-98899.5	-0.093	-0.339
-3165.5	-98899.5	0.035	-0.140
-3163.7	-98899.5	0.047	-0.105
-3161.9	-98899.5	0.152	-0.222
-3160.1	-98899.5	0.023	-0.222
-3158.3	-98899.5	0.000	-0.070
-3156.5	-98899.5	0.105	0.000
-3154.7	-98899.5	0.012	-0.140
-3152.9	-98899.5	0.058	-0.117
-3151.1	-98899.5	0.000	-0.187
-3149.3	-98899.5	0.012	-0.152
-3147.5	-98899.5	-0.070	-0.117
-3145.7	-98899.5	-0.093	-0.234
-3143.9	-98899.5	0.012	-0.070
-3142.1	-98899.5	0.023	0.082
-3140.3	-98899.5	0.047	0.035
-3138.5	-98899.5	0.082	-0.070
-3136.8	-98899.5	0.012	-0.082
-3135.0	-98899.5	0.140	-0.035
-3133.2	-98899.5	0.082	-0.070
-3131.4	-98899.5	0.105	-0.035
-3129.6	-98899.5	0.058	-0.058
-3127.8	-98899.5	0.093	-0.047
-3126.0	-98899.5	0.058	-0.023
-3124.2	-98899.5	0.093	-0.035
-3122.4	-98899.5	0.058	0.047
-3120.6	-98899.5	0.047	-0.012
-3118.8	-98899.5	0.070	0.000
-3117.0	-98899.5	0.058	0.023
-3115.2	-98899.5	0.035	0.012
-3113.4	-98899.5	0.023	0.023
-3111.6	-98899.5	0.012	-0.012
-3109.8	-98899.5	-0.023	-0.164
-3108.1	-98899.5	-0.058	-0.222
-3106.3	-98899.5	-0.023	-0.619
-3104.5	-98899.5	0.000	0.000
-3176.2	-98897.7	0.000	0.000
-3174.4	-98897.7	0.000	0.000
-3172.6	-98897.7	0.000	0.000
-3170.8	-98897.7	-0.047	-0.374
-3169.0	-98897.7	0.128	-0.199
-3167.2	-98897.7	0.012	-0.385
-3165.5	-98897.7	0.035	-0.199
-3163.7	-98897.7	0.070	-0.128
-3161.9	-98897.7	0.117	-0.210
-3160.1	-98897.7	-0.023	-0.164
-3158.3	-98897.7	-0.012	-0.012
-3156.5	-98897.7	-0.070	-0.187
-3154.7	-98897.7	0.023	-0.093
-3152.9	-98897.7	0.058	-0.140
-3151.1	-98897.7	-0.035	0.128
-3149.3	-98897.7	0.000	-0.210
-3147.5	-98897.7	0.023	-0.093
-3145.7	-98897.7	-0.023	-0.105
-3143.9	-98897.7	0.058	0.035
-3142.1	-98897.7	0.000	-0.117
-3140.3	-98897.7	0.023	-0.093
-3138.5	-98897.7	0.023	-0.128
-3136.8	-98897.7	-0.012	-0.082
-3135.0	-98897.7	-0.012	-0.105
-3133.2	-98897.7	0.058	-0.093
-3131.4	-98897.7	0.058	-0.093
-3129.6	-98897.7	0.035	-0.023
-3127.8	-98897.7	0.128	-0.012
-3126.0	-98897.7	0.070	0.047
-3124.2	-98897.7	0.093	-0.023
-3122.4	-98897.7	0.047	0.000
-3120.6	-98897.7	0.082	-0.012
-3118.8	-98897.7	0.023	0.047
-3117.0	-98897.7	0.023	0.023
-3115.2	-98897.7	0.000	-0.047
-3113.4	-98897.7	0.023	-0.070
-3111.6	-98897.7	-0.012	-0.105
-3109.8	-98897.7	-0.012	-0.105
-3108.1	-98897.7	0.012	-0.152
-3106.3	-98897.7	0.000	-0.526
-3104.5	-98897.7	0.000	0.000
-3176.2	-98895.9	0.000	0.000
-3174.4	-98895.9	0.000	0.000
-3172.6	-98895.9	0.000	0.000
-3170.8	-98895.9	0.000	-0.245
-3169.0	-98895.9	0.047	-0.152
-3167.2	-98895.9	0.023	-0.327
-3165.5	-98895.9	0.035	-0.455
-3163.7	-98895.9	-0.093	-0.222
-3161.9	-98895.9	0.023	-0.199
-3160.1	-98895.9	0.000	-0.012
-3158.3	-98895.9	0.023	-0.175
-3156.5	-98895.9	-0.035	-0.245
-3154.7	-98895.9	0.093	-0.199
-3152.9	-98895.9	0.000	-0.105
-3151.1	-98895.9	0.047	0.082
-3149.3	-98895.9	-0.023	-0.012
-3147.5	-98895.9	0.023	-0.058
-3145.7	-98895.9	0.128	-0.128
-3143.9	-98895.9	0.058	-0.117
-3142.1	-98895.9	-0.012	-0.175
-3140.3	-98895.9	-0.012	-0.105
-3138.5	-98895.9	-0.012	-0.128
-3136.8	-98895.9	0.128	-0.140
-3135.0	-98895.9	0.187	-0.082
-3133.2	-98895.9	0.164	-0.093
-3131.4	-98895.9	0.093	-0.070
-3129.6	-98895.9	0.023	-0.070
-3127.8	-98895.9	0.140	0.035
-3126.0	-98895.9	0.070	0.058
-3124.2	-98895.9	0.035	0.012
-3122.4	-98895.9	0.035	0.035
-3120.6	-98895.9	0.035	0.023
-3118.8	-98895.9	0.023	0.082
-3117.0	-98895.9	0.012	0.000
-3115.2	-98895.9	-0.058	-0.070
-3113.4	-98895.9	-0.047	0.012
-3111.6	-98895.9	0.070	0.000
-3109.8	-98895.9	-0.023	-0.128
-3108.1	-98895.9	-0.047	-0.187
-3106.3	-98895.9	-0.012	-0.467
-3104.5	-98895.9	-0.023	0.537
-3176.2	-98894.1	0.000	0.000
-3174.4	-98894.1	0.000	0.000
-3172.6	-98894.1	0.000	0.000
-3170.8	-98894.1	-0.082	-0.047
-3169.0	-98894.1	0.000	-0.210
-3167.2	-98894.1	0.035	-0.455
-3165.5	-98894.1	-0.012	-0.257
-3163.7	-98894.1	-0.070	-0.315
-3161.9	-98894.1	0.257	-0.164
-3160.1	-98894.1	0.187	-0.140
-3158.3	-98894.1	0.023	-0.117
-3156.5	-98894.1	-0.012	-0.164
-3154.7	-98894.1	0.082	-0.128
-3152.9	-98894.1	-0.012	-0.175
-3151.1	-98894.1	-0.035	-0.210
-3149.3	-98894.1	-0.058	0.070
-3147.5	-98894.1	-0.058	0.023
-3145.7	-98894.1	0.128	0.012
-3143.9	-98894.1	0.093	0.117
-3142.1	-98894.1	0.012	-0.164
-3140.3	-98894.1	0.035	-0.210
-3138.5	-98894.1	0.140	0.047
-3136.8	-98894.1	0.012	-0.047
-3135.0	-98894.1	0.152	-0.128
-3133.2	-98894.1	0.187	-0.105
-3131.4	-98894.1	0.082	-0.047
-3129.6	-98894.1	0.035	-0.093
-3127.8	-98894.1	0.093	0.023
-3126.0	-98894.1	0.035	0.012
-3124.2	-98894.1	0.023	-0.012
-3122.4	-98894.1	0.058	0.035
-3120.6	-98894.1	0.058	0.082
-3118.8	-98894.1	-0.012	0.093
-3117.0	-98894.1	0.047	0.000
-3115.2	-98894.1	0.023	0.000
-3113.4	-98894.1	0.000	0.035
-3111.6	-98894.1	-0.128	-0.035
-3109.8	-98894.1	0.035	-0.175
-3108.1	-98894.1	0.000	-0.257
-3106.3	-98894.1	-0.023	-0.502
-3104.5	-98894.1	0.000	0.000
-3176.2	-98892.3	0.000	0.000
-3174.4	-98892.3	0.000	0.000
-3172.6	-98892.3	0.000	0.000
-3170.8	-98892.3	-0.117	-0.058
-3169.0	-98892.3	-0.058	-0.245
-3167.2	-98892.3	0.012	-0.304
-3165.5	-98892.3	0.082	-0.280
-3163.7	-98892.3	0.105	-0.234
-3161.9	-98892.3	0.000	-0.257
-3160.1	-98892.3	0.012	-0.210
-3158.3	-98892.3	0.000	-0.082
-3156.5	-98892.3	0.117	-0.128
-3154.7	-98892.3	0.199	0.000
-3152.9	-98892.3	0.187	-0.035
-3151.1	-98892.3	0.082	-0.117
-3149.3	-98892.3	-0.023	-0.093
-3147.5	-98892.3	-0.023	-0.070
-3145.7	-98892.3	-0.012	-0.070
-3143.9	-98892.3	0.035	-0.117
-3142.1	-98892.3	0.269	0.023
-3140.3	-98892.3	0.199	0.000
-3138.5	-98892.3	0.047	-0.023
-3136.8	-98892.3	-0.023	-0.047
-3135.0	-98892.3	0.117	-0.070
-3133.2	-98892.3	0.058	-0.047
-3131.4	-98892.3	0.000	0.035
-3129.6	-98892.3	0.035	0.012
-3127.8	-98892.3	0.058	-0.035
-3126.0	-98892.3	0.012	0.047
-3124.2	-98892.3	-0.012	0.105
-3122.4	-98892.3	-0.035	0.035
-3120.6	-98892.3	0.023	0.070
-3118.8	-98892.3	-0.047	0.035
-3117.0	-98892.3	0.012	0.000
-3115.2	-98892.3	0.012	-0.012
-3113.4	-98892.3	-0.023	-0.023
-3111.6	-98892.3	-0.023	0.000
-3109.8	-98892.3	0.023	-0.082
-3108.1	-98892.3	0.023	-0.140
-3106.3	-98892.3	0.035	-0.339
-3104.5	-98892.3	0.000	0.000
-3176.2	-98890.5	0.000	0.000
-3174.4	-98890.5	0.000	0.000
-3172.6	-98890.5	0.000	0.000
-3170.8	-98890.5	-0.058	-0.257
-3169.0	-98890.5	-0.012	-0.350
-3167.2	-98890.5	0.023	-0.339
-3165.5	-98890.5	0.012	-0.140
-3163.7	-98890.5	0.012	-0.327
-3161.9	-98890.5	0.000	-0.269
-3160.1	-98890.5	0.199	-0.222
-3158.3	-98890.5	0.117	-0.058
-3156.5	-98890.5	0.035	-0.128
-3154.7	-98890.5	0.164	0.023
-3152.9	-98890.5	0.070	-0.058
-3151.1	-98890.5	0.012	-0.187
-3149.3	-98890.5	0.035	0.140
-3147.5	-98890.5	0.210	-0.047
-3145.7	-98890.5	0.058	0.000
-3143.9	-98890.5	0.152	-0.058
-3142.1	-98890.5	0.175	-0.117
-3140.3	-98890.5	0.164	-0.012
-3138.5	-98890.5	0.070	0.058
-3136.8	-98890.5	0.012	-0.070
-3135.0	-98890.5	0.105	0.000
-3133.2	-98890.5	0.105	-0.012
-3131.4	-98890.5	0.012	0.000
-3129.6	-98890.5	0.000	0.047
-3127.8	-98890.5	0.047	0.047
-3126.0	-98890.5	0.093	-0.023
-3124.2	-98890.5	0.035	0.093
-3122.4	-98890.5	-0.070	0.070
-3120.6	-98890.5	0.000	0.175
-3118.8	-98890.5	0.000	0.035
-3117.0	-98890.5	-0.035	0.035
-3115.2	-98890.5	0.047	0.023
-3113.4	-98890.5	0.012	-0.058
-3111.6	-98890.5	0.058	-0.070
-3109.8	-98890.5	0.058	-0.070
-3108.1	-98890.5	0.012	-0.164
-3106.3	-98890.5	0.035	-0.467
-3104.5	-98890.5	0.000	0.000
-3176.2	-98888.8	0.000	0.000
-3174.4	-98888.8	0.000	0.000
-3172.6	-98888.8	0.000	0.000
-3170.8	-98888.8	0.070	-0.397
-3169.0	-98888.8	0.035	-0.385
-3167.2	-98888.8	-0.058	-0.257
-3165.5	-98888.8	-0.012	-0.350
-3163.7	-98888.8	0.023	-0.350
-3161.9	-98888.8	0.000	-0.245
-3160.1	-98888.8	0.117	-0.257
-3158.3	-98888.8	0.082	-0.164
-3156.5	-98888.8	0.023	-0.339
-3154.7	-98888.8	0.082	-0.105
-3152.9	-98888.8	0.105	0.058
-3151.1	-98888.8	-0.023	-0.082
-3149.3	-98888.8	0.023	-0.082
-3147.5	-98888.8	0.105	-0.047
-3145.7	-98888.8	0.152	-0.187
-3143.9	-98888.8	0.117	-0.128
-3142.1	-98888.8	0.210	-0.070
-3140.3	-98888.8	0.164	-0.035
-3138.5	-98888.8	0.199	-0.035
-3136.8	-98888.8	0.140	-0.023
-3135.0	-98888.8	0.082	-0.070
-3133.2	-98888.8	0.140	0.070
-3131.4	-98888.8	0.058	0.058
-3129.6	-98888.8	0.035	0.105
-3127.8	-98888.8	0.047	0.023
-3126.0	-98888.8	0.128	-0.035
-3124.2	-98888.8	0.058	0.035
-3122.4	-98888.8	-0.012	0.105
-3120.6	-98888.8	0.000	0.070
-3118.8	-98888.8	0.023	0.093
-3117.0	-98888.8	0.023	0.047
-3115.2	-98888.8	-0.035	0.035
-3113.4	-98888.8	0.058	-0.023
-3111.6	-98888.8	-0.012	-0.128
-3109.8	-98888.8	0.012	-0.093
-3108.1	-98888.8	0.000	-0.164
-3106.3	-98888.8	0.047	-0.257
-3104.5	-98888.8	0.000	0.000
-3176.2	-98887.0	0.000	0.000
-3174.4	-98887.0	0.000	0.000
-3172.6	-98887.0	0.000	0.000
-3170.8	-98887.0	0.070	-0.432
-3169.0	-98887.0	0.199	-0.444
-3167.2	-98887.0	-0.117	-0.304
-3165.5	-98887.0	-0.093	-0.245
-3163.7	-98887.0	-0.047	-0.257
-3161.9	-98887.0	0.035	-0.467
-3160.1	-98887.0	0.023	-0.479
-3158.3	-98887.0	0.000	-0.280
-3156.5	-98887.0	0.035	-0.245
-3154.7	-98887.0	0.082	-0.374
-3152.9	-98887.0	0.140	-0.035
-3151.1	-98887.0	-0.058	-0.164
-3149.3	-98887.0	0.140	-0.117
-3147.5	-98887.0	0.117	-0.070
-3145.7	-98887.0	0.058	-0.105
-3143.9	-98887.0	-0.070	-0.152
-3142.1	-98887.0	0.082	0.000
-3140.3	-98887.0	0.023	0.000
-3138.5	-98887.0	0.164	-0.058
-3136.8	-98887.0	0.105	-0.047
-3135.0	-98887.0	0.047	-0.012
-3133.2	-98887.0	0.128	0.070
-3131.4	-98887.0	0.140	0.047
-3129.6	-98887.0	0.058	0.023
-3127.8	-98887.0	0.082	0.047
-3126.0	-98887.0	0.047	0.047
-3124.2	-98887.0	0.000	0.093
-3122.4	-98887.0	-0.012	0.140
-3120.6	-98887.0	-0.012	0.105
-3118.8	-98887.0	0.023	0.105
-3117.0	-98887.0	0.023	0.070
-3115.2	-98887.0	0.035	0.000
-3113.4	-98887.0	0.012	0.070
-3111.6	-98887.0	-0.058	-0.093
-3109.8	-98887.0	-0.058	-0.105
-3108.1	-98887.0	0.035	-0.093
-3106.3	-98887.0	0.023	-0.128
-3104.5	-98887.0	0.000	0.000
-3176.2	-98885.2	0.000	0.000
-3174.4	-98885.2	0.000	0.000
-3172.6	-98885.2	0.000	0.000
-3170.8	-98885.2	0.000	-0.479
-3169.0	-98885.2	-0.047	-0.245
-3167.2	-98885.2	-0.128	-0.362
-3165.5	-98885.2	-0.210	-0.479
-3163.7	-98885.2	-0.035	-0.339
-3161.9	-98885.2	-0.012	-0.210
-3160.1	-98885.2	0.082	-0.292
-3158.3	-98885.2	-0.070	-0.234
-3156.5	-98885.2	0.047	-0.199
-3154.7	-98885.2	0.210	-0.140
-3152.9	-98885.2	0.023	-0.199
-3151.1	-98885.2	0.000	-0.152
-3149.3	-98885.2	0.058	-0.093
-3147.5	-98885.2	0.152	-0.047
-3145.7	-98885.2	-0.012	0.000
-3143.9	-98885.2	0.152	-0.012
-3142.1	-98885.2	0.035	-0.128
-3140.3	-98885.2	0.012	0.035
-3138.5	-98885.2	0.105	-0.012
-3136.8	-98885.2	0.023	-0.070
-3135.0	-98885.2	0.047	-0.058
-3133.2	-98885.2	0.023	-0.035
-3131.4	-98885.2	0.023	0.070
-3129.6	-98885.2	0.035	0.128
-3127.8	-98885.2	0.070	0.082
-3126.0	-98885.2	-0.070	0.117
-3124.2	-98885.2	-0.070	0.128
-3122.4	-98885.2	-0.058	0.023
-3120.6	-98885.2	-0.012	0.023
-3118.8	-98885.2	0.035	0.093
-3117.0	-98885.2	-0.047	0.058
-3115.2	-98885.2	-0.035	-0.012
-3113.4	-98885.2	0.047	0.012
-3111.6	-98885.2	-0.035	-0.023
-3109.8	-98885.2	-0.047	-0.082
-3108.1	-98885.2	0.058	-0.210
-3106.3	-98885.2	0.012	-0.269
-3104.5	-98885.2	0.000	0.000
-3176.2	-98883.4	0.000	0.000
-3174.4	-98883.4	0.000	0.000
-3172.6	-98883.4	0.000	0.000
-3170.8	-98883.4	-0.023	-0.257
-3169.0	-98883.4	-0.070	-0.409
-3167.2	-98883.4	-0.164	-0.420
-3165.5	-98883.4	-0.234	-0.409
-3163.7	-98883.4	-0.035	-0.350
-3161.9	-98883.4	-0.058	-0.350
-3160.1	-98883.4	0.117	-0.385
-3158.3	-98883.4	0.035	-0.164
-3156.5	-98883.4	0.035	-0.175
-3154.7	-98883.4	0.047	0.000
-3152.9	-98883.4	0.035	-0.152
-3151.1	-98883.4	0.012	-0.117
-3149.3	-98883.4	-0.012	-0.152
-3147.5	-98883.4	0.047	-0.012
-3145.7	-98883.4	0.023	-0.152
-3143.9	-98883.4	0.152	-0.012
-3142.1	-98883.4	0.035	-0.023
-3140.3	-98883.4	-0.058	0.117
-3138.5	-98883.4	0.140	-0.012
-3136.8	-98883.4	0.058	-0.023
-3135.0	-98883.4	0.070	0.070
-3133.2	-98883.4	0.035	-0.012
-3131.4	-98883.4	0.035	0.000
-3129.6	-98883.4	0.093	0.000
-3127.8	-98883.4	-0.012	0.070
-3126.0	-98883.4	-0.082	0.164
-3124.2	-98883.4	0.012	0.105
-3122.4	-98883.4	0.023	0.035
-3120.6	-98883.4	0.000	0.058
-3118.8	-98883.4	0.058	0.012
-3117.0	-98883.4	0.000	0.035
-3115.2	-98883.4	-0.047	0.023
-3113.4	-98883.4	0.140	0.000
-3111.6	-98883.4	-0.082	0.023
-3109.8	-98883.4	-0.082	-0.035
-3108.1	-98883.4	0.070	-0.082
-3106.3	-98883.4	0.023	-0.234
-3104.5	-98883.4	0.000	0.000
-3176.2	-98881.6	0.000	0.000
-3174.4	-98881.6	0.000	0.000
-3172.6	-98881.6	0.000	0.000
-3170.8	-98881.6	-0.012	-0.210
-3169.0	-98881.6	-0.093	-0.467
-3167.2	-98881.6	0.000	-0.304
-3165.5	-98881.6	-0.070	-0.327
-3163.7	-98881.6	-0.035	-0.572
-3161.9	-98881.6	-0.128	-0.362
-3160.1	-98881.6	-0.070	-0.315
-3158.3	-98881.6	-0.047	-0.280
-3156.5	-98881.6	-0.058	-0.304
-3154.7	-98881.6	-0.058	-0.292
-3152.9	-98881.6	-0.047	-0.222
-3151.1	-98881.6	-0.047	-0.210
-3149.3	-98881.6	0.058	0.117
-3147.5	-98881.6	0.199	0.140
-3145.7	-98881.6	0.000	-0.023
-3143.9	-98881.6	0.012	0.023
-3142.1	-98881.6	0.035	-0.058
-3140.3	-98881.6	0.012	0.023
-3138.5	-98881.6	0.152	0.012
-3136.8	-98881.6	0.070	-0.012
-3135.0	-98881.6	0.012	0.070
-3133.2	-98881.6	0.035	0.035
-3131.4	-98881.6	0.035	0.105
-3129.6	-98881.6	0.058	0.105
-3127.8	-98881.6	-0.035	0.117
-3126.0	-98881.6	-0.023	0.105
-3124.2	-98881.6	-0.047	0.105
-3122.4	-98881.6	-0.070	0.082
-3120.6	-98881.6	-0.058	0.152
-3118.8	-98881.6	-0.012	0.093
-3117.0	-98881.6	0.023	0.035
-3115.2	-98881.6	0.058	0.012
-3113.4	-98881.6	0.070	-0.070
-3111.6	-98881.6	-0.070	-0.012
-3109.8	-98881.6	0.000	-0.047
-3108.1	-98881.6	0.035	-0.140
-3106.3	-98881.6	0.047	-0.187
-3104.5	-98881.6	0.000	0.000
-3176.2	-98879.8	0.000	0.000
-3174.4	-98879.8	0.000	0.000
-3172.6	-98879.8	0.000	0.000
-3170.8	-98879.8	0.023	-0.479
-3169.0	-98879.8	-0.058	-0.467
-3167.2	-98879.8	-0.058	-0.537
-3165.5	-98879.8	-0.234	-0.350
-3163.7	-98879.8	0.164	-0.175
-3161.9	-98879.8	-0.093	-0.245
-3160.1	-98879.8	0.047	-0.128
-3158.3	-98879.8	-0.012	-0.152
-3156.5	-98879.8	-0.012	-0.234
-3154.7	-98879.8	-0.023	-0.128
-3152.9	-98879.8	-0.035	-0.117
-3151.1	-98879.8	0.000	0.000
-3149.3	-98879.8	0.000	-0.128
-3147.5	-98879.8	0.175	-0.058
-3145.7	-98879.8	-0.012	-0.012
-3143.9	-98879.8	-0.164	-0.058
-3142.1	-98879.8	0.012	-0.035
-3140.3	-98879.8	-0.012	0.058
-3138.5	-98879.8	0.105	0.000
-3136.8	-98879.8	-0.082	0.012
-3135.0	-98879.8	-0.023	0.023
-3133.2	-98879.8	-0.023	0.000
-3131.4	-98879.8	0.035	0.105
-3129.6	-98879.8	-0.035	0.152
-3127.8	-98879.8	0.023	0.140
-3126.0	-98879.8	0.035	0.105
-3124.2	-98879.8	-0.105	0.152
-3122.4	-98879.8	-0.058	0.128
-3120.6	-98879.8	-0.082	0.117
-3118.8	-98879.8	-0.023	0.105
-3117.0	-98879.8	-0.035	0.093
-3115.2	-98879.8	-0.047	-0.023
-3113.4	-98879.8	0.047	0.000
-3111.6	-98879.8	-0.082	-0.047
-3109.8	-98879.8	-0.058	-0.117
-3108.1	-98879.8	-0.012	-0.269
-3106.3	-98879.8	0.012	-0.199
-3104.5	-98879.8	0.000	0.000
-3176.2	-98878.0	0.000	0.000
-3174.4	-98878.0	0.000	0.000
-3172.6	-98878.0	0.000	0.000
-3170.8	-98878.0	0.023	-0.432
-3169.0	-98878.0	0.047	-0.549
-3167.2	-98878.0	-0.047	-0.584
-3165.5	-98878.0	-0.164	-0.280
-3163.7	-98878.0	0.187	-0.280
-3161.9	-98878.0	-0.082	-0.315
-3160.1	-98878.0	0.117	-0.175
-3158.3	-98878.0	-0.012	-0.164
-3156.5	-98878.0	0.105	0.058
-3154.7	-98878.0	0.164	-0.012
-3152.9	-98878.0	0.117	-0.164
-3151.1	-98878.0	0.035	0.093
-3149.3	-98878.0	0.152	0.035
-3147.5	-98878.0	0.234	0.035
-3145.7	-98878.0	0.000	0.000
-3143.9	-98878.0	-0.012	0.000
-3142.1	-98878.0	0.128	0.164
-3140.3	-98878.0	0.082	-0.012
-3138.5	-98878.0	0.070	0.093
-3136.8	-98878.0	0.082	0.105
-3135.0	-98878.0	0.023	0.047
-3133.2	-98878.0	0.023	0.093
-3131.4	-98878.0	0.000	0.140
-3129.6	-98878.0	-0.035	0.175
-3127.8	-98878.0	-0.023	0.140
-3126.0	-98878.0	-0.058	0.105
-3124.2	-98878.0	-0.093	0.222
-3122.4	-98878.0	-0.023	0.082
-3120.6	-98878.0	-0.047	0.035
-3118.8	-98878.0	0.000	0.058
-3117.0	-98878.0	0.058	0.058
-3115.2	-98878.0	-0.070	-0.128
-3113.4	-98878.0	-0.035	-0.093
-3111.6	-98878.0	-0.047	-0.035
-3109.8	-98878.0	-0.058	-0.128
-3108.1	-98878.0	0.070	-0.117
-3106.3	-98878.0	-0.012	-0.070
-3104.5	-98878.0	0.012	-0.631
-3176.2	-98876.2	0.000	0.000
-3174.4	-98876.2	0.000	0.000
-3172.6	-98876.2	0.000	0.000
-3170.8	-98876.2	-0.222	-0.420
-3169.0	-98876.2	-0.117	-0.304
-3167.2	-98876.2	-0.140	-0.269
-3165.5	-98876.2	-0.023	-0.152
-3163.7	-98876.2	0.035	-0.269
-3161.9	-98876.2	-0.070	-0.187
-3160.1	-98876.2	-0.023	-0.164
-3158.3	-98876.2	-0.105	-0.070
-3156.5	-98876.2	-0.012	-0.140
-3154.7	-98876.2	-0.140	-0.257
-3152.9	-98876.2	-0.047	-0.117
-3151.1	-98876.2	-0.105	0.023
-3149.3	-98876.2	0.058	0.164
-3147.5	-98876.2	0.070	0.047
-3145.7	-98876.2	0.000	0.000
-3143.9	-98876.2	0.070	0.047
-3142.1	-98876.2	-0.012	0.012
-3140.3	-98876.2	0.058	0.070
-3138.5	-98876.2	0.070	0.199
-3136.8	-98876.2	0.000	0.047
-3135.0	-98876.2	-0.012	-0.012
-3133.2	-98876.2	0.000	0.105
-3131.4	-98876.2	-0.047	0.128
-3129.6	-98876.2	-0.117	0.385
-3127.8	-98876.2	-0.047	0.058
-3126.0	-98876.2	-0.105	0.058
-3124.2	-98876.2	-0.047	0.117
-3122.4	-98876.2	-0.035	0.105
-3120.6	-98876.2	-0.070	0.012
-3118.8	-98876.2	-0.070	0.117
-3117.0	-98876.2	0.012	0.047
-3115.2	-98876.2	0.058	-0.058
-3113.4	-98876.2	-0.047	0.000
-3111.6	-98876.2	0.000	-0.047
-3109.8	-98876.2	0.012	-0.093
-3108.1	-98876.2	0.035	-0.222
-3106.3	-98876.2	-0.058	-0.327
-3104.5	-98876.2	0.000	-0.712
-3176.2	-98874.4	0.000	0.000
-3174.4	-98874.4	0.000	0.000
-3172.6	-98874.4	0.000	0.000
-3170.8	-98874.4	-0.035	-0.292
-3169.0	-98874.4	-0.035	-0.292
-3167.2	-98874.4	-0.023	-0.257
-3165.5	-98874.4	-0.082	-0.152
-3163.7	-98874.4	0.023	-0.257
-3161.9	-98874.4	-0.035	-0.315
-3160.1	-98874.4	-0.070	-0.222
-3158.3	-98874.4	0.140	-0.047
-3156.5	-98874.4	0.070	0.047
-3154.7	-98874.4	-0.047	-0.269
-3152.9	-98874.4	-0.058	-0.117
-3151.1	-98874.4	-0.175	0.047
-3149.3	-98874.4	-0.070	0.047
-3147.5	-98874.4	-0.082	0.035
-3145.7	-98874.4	-0.023	-0.047
-3143.9	-98874.4	-0.058	-0.012
-3142.1	-98874.4	-0.093	0.082
-3140.3	-98874.4	-0.023	0.128
-3138.5	-98874.4	0.012	0.012
-3136.8	-98874.4	0.012	0.023
-3135.0	-98874.4	-0.023	0.047
-3133.2	-98874.4	-0.035	0.140
-3131.4	-98874.4	-0.035	0.117
-3129.6	-98874.4	-0.140	0.327
-3127.8	-98874.4	-0.070	0.128
-3126.0	-98874.4	-0.035	0.093
-3124.2	-98874.4	-0.058	0.257
-3122.4	-98874.4	-0.012	0.339
-3120.6	-98874.4	-0.093	0.128
-3118.8	-98874.4	-0.035	0.058
-3117.0	-98874.4	0.035	0.047
-3115.2	-98874.4	-0.012	-0.070
-3113.4	-98874.4	-0.023	-0.058
-3111.6	-98874.4	-0.023	-0.093
-3109.8	-98874.4	-0.058	-0.082
-3108.1	-98874.4	0.012	-0.117
-3106.3	-98874.4	-0.035	-0.175
-3104.5	-98874.4	0.000	0.000
-3176.2	-98872.6	0.000	0.000
-3174.4	-98872.6	0.000	0.000
-3172.6	-98872.6	0.000	0.000
-3170.8	-98872.6	0.047	-0.245
-3169.0	-98872.6	0.012	-0.467
-3167.2	-98872.6	-0.012	-0.432
-3165.5	-98872.6	0.023	-0.374
-3163.7	-98872.6	-0.012	-0.304
-3161.9	-98872.6	-0.058	-0.362
-3160.1	-98872.6	-0.012	-0.362
-3158.3	-98872.6	0.128	-0.117
-3156.5	-98872.6	0.082	-0.152
-3154.7	-98872.6	-0.058	-0.175
-3152.9	-98872.6	0.023	0.058
-3151.1	-98872.6	-0.105	-0.035
-3149.3	-98872.6	-0.047	-0.105
-3147.5	-98872.6	0.023	0.292
-3145.7	-98872.6	-0.012	0.269
-3143.9	-98872.6	-0.058	0.047
-3142.1	-98872.6	-0.047	0.070
-3140.3	-98872.6	-0.058	0.047
-3138.5	-98872.6	0.000	0.082
-3136.8	-98872.6	0.012	0.082
-3135.0	-98872.6	-0.012	0.093
-3133.2	-98872.6	-0.035	0.199
-3131.4	-98872.6	-0.012	0.105
-3129.6	-98872.6	-0.012	0.152
-3127.8	-98872.6	0.035	0.210
-3126.0	-98872.6	0.012	0.152
-3124.2	-98872.6	-0.117	0.012
-3122.4	-98872.6	-0.023	0.105
-3120.6	-98872.6	-0.012	0.082
-3118.8	-98872.6	0.023	0.058
-3117.0	-98872.6	-0.035	0.035
-3115.2	-98872.6	-0.128	-0.047
-3113.4	-98872.6	-0.012	-0.023
-3111.6	-98872.6	0.000	-0.257
-3109.8	-98872.6	0.023	-0.070
-3108.1	-98872.6	-0.023	-0.082
-3106.3	-98872.6	-0.023	-0.140
-3104.5	-98872.6	-0.047	0.537
-3176.2	-98870.8	0.000	0.000
-3174.4	-98870.8	0.000	0.000
-3172.6	-98870.8	0.000	0.000
-3170.8	-98870.8	0.000	-0.350
-3169.0	-98870.8	0.000	-0.280
-3167.2	-98870.8	0.012	-0.339
-3165.5	-98870.8	-0.012	-0.280
-3163.7	-98870.8	-0.047	-0.374
-3161.9	-98870.8	-0.152	-0.222
-3160.1	-98870.8	-0.023	-0.164
-3158.3	-98870.8	0.000	0.000
-3156.5	-98870.8	-0.058	-0.187
-3154.7	-98870.8	-0.164	-0.023
-3152.9	-98870.8	-0.047	-0.117
-3151.1	-98870.8	0.023	-0.012
-3149.3	-98870.8	0.023	-0.047
-3147.5	-98870.8	0.000	0.093
-3145.7	-98870.8	-0.058	0.140
-3143.9	-98870.8	-0.047	0.023
-3142.1	-98870.8	0.000	0.164
-3140.3	-98870.8	-0.047	0.152
-3138.5	-98870.8	0.012	0.093
-3136.8	-98870.8	0.012	0.058
-3135.0	-98870.8	-0.035	0.082
-3133.2	-98870.8	-0.117	0.128
-3131.4	-98870.8	-0.082	0.210
-3129.6	-98870.8	-0.093	0.222
-3127.8	-98870.8	-0.023	0.280
-3126.0	-98870.8	-0.023	0.222
-3124.2	-98870.8	-0.023	0.012
-3122.4	-98870.8	-0.047	0.023
-3120.6	-98870.8	-0.093	0.035
-3118.8	-98870.8	-0.082	0.152
-3117.0	-98870.8	-0.047	0.000
-3115.2	-98870.8	-0.023	-0.035
-3113.4	-98870.8	0.023	-0.047
-3111.6	-98870.8	-0.070	-0.093
-3109.8	-98870.8	-0.035	-0.117
-3108.1	-98870.8	-0.035	-0.152
-3106.3	-98870.8	0.000	-0.140
-3104.5	-98870.8	0.035	-0.455
-3176.2	-98869.0	0.000	0.000
-3174.4	-98869.0	0.000	0.000
-3172.6	-98869.0	-0.035	-0.654
-3170.8	-98869.0	-0.047	-0.269
-3169.0	-98869.0	-0.023	-0.374
-3167.2	-98869.0	-0.047	-0.327
-3165.5	-98869.0	-0.035	-0.234
-3163.7	-98869.0	-0.023	-0.269
-3161.9	-98869.0	-0.140	-0.164
-3160.1	-98869.0	-0.128	-0.082
-3158.3	-98869.0	0.023	-0.023
-3156.5	-98869.0	0.000	-0.047
-3154.7	-98869.0	0.175	-0.058
-3152.9	-98869.0	0.128	-0.047
-3151.1	-98869.0	-0.047	-0.105
-3149.3	-98869.0	-0.070	-0.152
-3147.5	-98869.0	-0.035	-0.012
-3145.7	-98869.0	0.035	-0.047
-3143.9	-98869.0	0.105	0.035
-3142.1	-98869.0	-0.082	0.105
-3140.3	-98869.0	-0.082	0.000
-3138.5	-98869.0	0.023	0.070
-3136.8	-98869.0	-0.012	0.023
-3135.0	-98869.0	-0.012	0.023
-3133.2	-98869.0	0.058	0.082
-3131.4	-98869.0	-0.023	0.374
-3129.6	-98869.0	-0.070	0.362
-3127.8	-98869.0	-0.128	0.257
-3126.0	-98869.0	-0.117	0.245
-3124.2	-98869.0	0.000	-0.058
-3122.4	-98869.0	-0.023	0.035
-3120.6	-98869.0	-0.058	0.082
-3118.8	-98869.0	0.035	0.000
-3117.0	-98869.0	-0.023	-0.058
-3115.2	-98869.0	-0.058	-0.058
-3113.4	-98869.0	0.047	-0.035
-3111.6	-98869.0	0.047	-0.012
-3109.8	-98869.0	-0.035	-0.023
-3108.1	-98869.0	-0.012	-0.105
-3106.3	-98869.0	0.012	-0.164
-3104.5	-98869.0	0.000	0.000
-3176.2	-98867.2	0.000	0.000
-3174.4	-98867.2	0.000	0.000
-3172.6	-98867.2	0.000	0.000
-3170.8	-98867.2	0.035	-0.362
-3169.0	-98867.2	-0.117	-0.257
-3167.2	-98867.2	-0.117	-0.304
-3165.5	-98867.2	-0.070	-0.339
-3163.7	-98867.2	-0.023	-0.175
-3161.9	-98867.2	-0.058	-0.093
-3160.1	-98867.2	0.012	-0.070
-3158.3	-98867.2	0.000	0.000
-3156.5	-98867.2	0.035	-0.047
-3154.7	-98867.2	0.082	-0.035
-3152.9	-98867.2	-0.058	0.000
-3151.1	-98867.2	-0.082	-0.093
-3149.3	-98867.2	-0.012	-0.047
-3147.5	-98867.2	-0.058	-0.117
-3145.7	-98867.2	-0.070	-0.058
-3143.9	-98867.2	-0.035	0.012
-3142.1	-98867.2	-0.082	0.199
-3140.3	-98867.2	-0.199	0.152
-3138.5	-98867.2	0.070	-0.035
-3136.8	-98867.2	-0.093	0.152
-3135.0	-98867.2	-0.070	0.199
-3133.2	-98867.2	-0.152	0.164
-3131.4	-98867.2	0.023	0.140
-3129.6	-98867.2	0.023	0.269
-3127.8	-98867.2	-0.023	0.269
-3126.0	-98867.2	-0.012	0.058
-3124.2	-98867.2	-0.105	0.164
-3122.4	-98867.2	-0.058	0.117
-3120.6	-98867.2	-0.117	0.082
-3118.8	-98867.2	0.012	-0.023
-3117.0	-98867.2	0.000	0.000
-3115.2	-98867.2	-0.082	-0.058
-3113.4	-98867.2	-0.070	-0.175
-3111.6	-98867.2	0.070	-0.035
-3109.8	-98867.2	0.012	-0.093
-3108.1	-98867.2	-0.035	-0.105
-3106.3	-98867.2	0.012	-0.070
-3104.5	-98867.2	0.047	-0.619
-3176.2	-98865.4	0.000	0.000
-3174.4	-98865.4	0.000	0.000
-3172.6	-98865.4	0.000	0.000
-3170.8	-98865.4	0.047	-0.467
-3169.0	-98865.4	-0.070	-0.374
-3167.2	-98865.4	-0.058	-0.280
-3165.5	-98865.4	-0.082	-0.175
-3163.7	-98865.4	-0.012	-0.199
-3161.9	-98865.4	0.070	-0.245
-3160.1	-98865.4	-0.269	-0.082
-3158.3	-98865.4	-0.035	-0.187
-3156.5	-98865.4	-0.070	-0.140
-3154.7	-98865.4	-0.082	-0.164
-3152.9	-98865.4	-0.058	-0.140
-3151.1	-98865.4	-0.070	-0.128
-3149.3	-98865.4	-0.023	-0.105
-3147.5	-98865.4	0.012	0.000
-3145.7	-98865.4	-0.070	0.012
-3143.9	-98865.4	0.082	0.093
-3142.1	-98865.4	-0.070	-0.128
-3140.3	-98865.4	-0.047	-0.082
-3138.5	-98865.4	-0.070	0.058
-3136.8	-98865.4	-0.093	0.128
-3135.0	-98865.4	-0.117	0.210
-3133.2	-98865.4	-0.117	0.210
-3131.4	-98865.4	-0.082	0.105
-3129.6	-98865.4	-0.012	0.117
-3127.8	-98865.4	0.012	0.210
-3126.0	-98865.4	-0.128	0.128
-3124.2	-98865.4	-0.058	-0.117
-3122.4	-98865.4	-0.035	-0.023
-3120.6	-98865.4	-0.058	-0.035
-3118.8	-98865.4	0.000	0.035
-3117.0	-98865.4	-0.082	0.047
-3115.2	-98865.4	-0.152	0.058
-3113.4	-98865.4	-0.082	-0.035
-3111.6	-98865.4	0.047	-0.117
-3109.8	-98865.4	0.047	-0.128
-3108.1	-98865.4	0.000	-0.175
-3106.3	-98865.4	0.093	-0.128
-3104.5	-98865.4	0.035	-0.374
-3176.2	-98863.6	0.000	0.000
-3174.4	-98863.6	0.000	0.000
-3172.6	-98863.6	0.000	0.000
-3170.8	-98863.6	0.093	-0.327
-3169.0	-98863.6	-0.128	-0.374
-3167.2	-98863.6	-0.082	-0.432
-3165.5	-98863.6	-0.128	-0.280
-3163.7	-98863.6	-0.047	-0.327
-3161.9	-98863.6	0.093	-0.304
-3160.1	-98863.6	-0.152	-0.152
-3158.3	-98863.6	-0.035	-0.164
-3156.5	-98863.6	-0.070	-0.128
-3154.7	-98863.6	-0.082	-0.140
-3152.9	-98863.6	0.000	0.000
-3151.1	-98863.6	0.000	0.000
-3149.3	-98863.6	-0.035	0.023
-3147.5	-98863.6	0.047	-0.070
-3145.7	-98863.6	0.093	-0.105
-3143.9	-98863.6	0.058	-0.047
-3142.1	-98863.6	0.047	0.234
-3140.3	-98863.6	-0.070	0.047
-3138.5	-98863.6	-0.140	0.164
-3136.8	-98863.6	-0.082	0.187
-3135.0	-98863.6	-0.117	0.070
-3133.2	-98863.6	-0.012	0.047
-3131.4	-98863.6	-0.105	0.128
-3129.6	-98863.6	-0.058	0.000
-3127.8	-98863.6	-0.012	0.035
-3126.0	-98863.6	0.012	0.093
-3124.2	-98863.6	0.035	0.035
-3122.4	-98863.6	-0.023	0.093
-3120.6	-98863.6	-0.012	0.000
-3118.8	-98863.6	-0.082	0.047
-3117.0	-98863.6	-0.058	0.012
-3115.2	-98863.6	-0.093	-0.082
-3113.4	-98863.6	-0.280	-0.105
-3111.6	-98863.6	-0.117	-0.070
-3109.8	-98863.6	-0.047	-0.128
-3108.1	-98863.6	0.000	-0.152
-3106.3	-98863.6	-0.082	-0.152
-3104.5	-98863.6	0.000	0.000
-3176.2	-98861.8	0.000	0.000
-3174.4	-98861.8	0.000	0.000
-3172.6	-98861.8	0.000	0.000
-3170.8	-98861.8	-0.012	-0.175
-3169.0	-98861.8	-0.058	-0.350
-3167.2	-98861.8	-0.140	-0.350
-3165.5	-98861.8	-0.105	-0.257
-3163.7	-98861.8	-0.023	-0.257
-3161.9	-98861.8	0.023	-0.257
-3160.1	-98861.8	-0.105	-0.210
-3158.3	-98861.8	-0.128	-0.128
-3156.5	-98861.8	-0.117	-0.105
-3154.7	-98861.8	-0.047	-0.199
-3152.9	-98861.8	0.082	-0.047
-3151.1	-98861.8	0.000	-0.093
-3149.3	-98861.8	-0.023	-0.012
-3147.5	-98861.8	0.082	-0.035
-3145.7	-98861.8	0.152	-0.105
-3143.9	-98861.8	0.128	-0.047
-3142.1	-98861.8	-0.070	0.058
-3140.3	-98861.8	-0.164	0.164
-3138.5	-98861.8	-0.187	0.105
-3136.8	-98861.8	-0.117	0.082
-3135.0	-98861.8	-0.047	0.140
-3133.2	-98861.8	0.012	0.152
-3131.4	-98861.8	0.199	0.467
-3129.6	-98861.8	-0.047	0.105
-3127.8	-98861.8	-0.023	0.128
-3126.0	-98861.8	0.152	0.128
-3124.2	-98861.8	0.000	0.105
-3122.4	-98861.8	-0.012	0.047
-3120.6	-98861.8	-0.035	0.012
-3118.8	-98861.8	-0.117	0.035
-3117.0	-98861.8	-0.012	0.012
-3115.2	-98861.8	0.000	-0.023
-3113.4	-98861.8	0.047	-0.070
-3111.6	-98861.8	0.000	-0.175
-3109.8	-98861.8	0.023	-0.187
-3108.1	-98861.8	0.023	-0.140
-3106.3	-98861.8	-0.105	-0.175
-3104.5	-98861.8	0.000	0.000
-3176.2	-98860.1	0.000	0.000
-3174.4	-98860.1	0.000	0.000
-3172.6	-98860.1	0.000	0.000
-3170.8	-98860.1	-0.012	-0.152
-3169.0	-98860.1	0.000	-0.397
-3167.2	-98860.1	0.012	-0.315
-3165.5	-98860.1	-0.023	-0.070
-3163.7	-98860.1	-0.058	-0.222
-3161.9	-98860.1	-0.164	-0.327
-3160.1	-98860.1	-0.187	-0.350
-3158.3	-98860.1	-0.175	-0.093
-3156.5	-98860.1	-0.082	-0.128
-3154.7	-98860.1	-0.035	-0.175
-3152.9	-98860.1	0.047	-0.140
-3151.1	-98860.1	-0.012	-0.082
-3149.3	-98860.1	0.000	0.000
-3147.5	-98860.1	0.035	0.000
-3145.7	-98860.1	-0.105	0.152
-3143.9	-98860.1	-0.093	0.012
-3142.1	-98860.1	-0.210	0.292
-3140.3	-98860.1	-0.199	0.269
-3138.5	-98860.1	-0.140	0.128
-3136.8	-98860.1	-0.082	0.105
-3135.0	-98860.1	-0.082	0.175
-3133.2	-98860.1	0.012	0.210
-3131.4	-98860.1	0.000	0.304
-3129.6	-98860.1	-0.140	0.222
-3127.8	-98860.1	-0.222	0.140
-3126.0	-98860.1	-0.187	-0.035
-3124.2	-98860.1	-0.012	0.093
-3122.4	-98860.1	-0.012	0.023
-3120.6	-98860.1	-0.035	0.047
-3118.8	-98860.1	0.070	0.000
-3117.0	-98860.1	0.128	0.012
-3115.2	-98860.1	0.012	-0.058
-3113.4	-98860.1	0.035	-0.082
-3111.6	-98860.1	0.047	-0.117
-3109.8	-98860.1	-0.035	-0.128
-3108.1	-98860.1	0.035	-0.082
-3106.3	-98860.1	-0.023	-0.128
-3104.5	-98860.1	0.047	-0.269
-3176.2	-98858.3	0.000	0.000
-3174.4	-98858.3	0.000	0.000
-3172.6	-98858.3	0.000	0.000
-3170.8	-98858.3	0.058	-0.292
-3169.0	-98858.3	-0.070	-0.280
-3167.2	-98858.3	-0.058	-0.245
-3165.5	-98858.3	0.035	-0.152
-3163.7	-98858.3	-0.164	-0.128
-3161.9	-98858.3	-0.128	-0.140
-3160.1	-98858.3	-0.128	-0.140
-3158.3	-98858.3	-0.012	-0.070
-3156.5	-98858.3	-0.070	-0.140
-3154.7	-98858.3	-0.070	-0.128
-3152.9	-98858.3	0.175	-0.257
-3151.1	-98858.3	0.023	-0.117
-3149.3	-98858.3	-0.023	0.023
-3147.5	-98858.3	-0.035	0.035
-3145.7	-98858.3	0.000	-0.012
-3143.9	-98858.3	0.058	-0.035
-3142.1	-98858.3	0.000	0.245
-3140.3	-98858.3	-0.175	0.070
-3138.5	-98858.3	-0.128	0.047
-3136.8	-98858.3	-0.117	0.035
-3135.0	-98858.3	-0.058	0.152
-3133.2	-98858.3	-0.280	0.128
-3131.4	-98858.3	-0.047	0.187
-3129.6	-98858.3	-0.058	0.304
-3127.8	-98858.3	-0.140	0.164
-3126.0	-98858.3	-0.047	0.199
-3124.2	-98858.3	-0.187	0.105
-3122.4	-98858.3	-0.047	0.058
-3120.6	-98858.3	-0.023	0.012
-3118.8	-98858.3	0.082	0.023
-3117.0	-98858.3	0.000	-0.047
-3115.2	-98858.3	-0.035	0.000
-3113.4	-98858.3	0.000	0.012
-3111.6	-98858.3	0.023	-0.012
-3109.8	-98858.3	-0.082	0.012
-3108.1	-98858.3	-0.035	-0.128
-3106.3	-98858.3	-0.012	-0.245
-3104.5	-98858.3	0.000	-0.584
-3176.2	-98856.5	0.000	0.000
-3174.4	-98856.5	0.000	0.000
-3172.6	-98856.5	0.000	0.000
-3170.8	-98856.5	0.082	-0.304
-3169.0	-98856.5	-0.128	-0.385
-3167.2	-98856.5	-0.023	-0.350
-3165.5	-98856.5	-0.175	-0.117
-3163.7	-98856.5	-0.058	-0.140
-3161.9	-98856.5	-0.082	-0.175
-3160.1	-98856.5	-0.140	-0.082
-3158.3	-98856.5	-0.070	-0.140
-3156.5	-98856.5	-0.035	-0.105
-3154.7	-98856.5	-0.093	-0.093
-3152.9	-98856.5	0.175	-0.012
-3151.1	-98856.5	0.012	0.199
-3149.3	-98856.5	-0.047	0.035
-3147.5	-98856.5	-0.152	0.234
-3145.7	-98856.5	-0.128	0.199
-3143.9	-98856.5	0.023	-0.093
-3142.1	-98856.5	-0.070	0.152
-3140.3	-98856.5	-0.093	0.012
-3138.5	-98856.5	-0.082	0.047
-3136.8	-98856.5	-0.058	0.292
-3135.0	-98856.5	-0.058	0.304
-3133.2	-98856.5	-0.280	0.128
-3131.4	-98856.5	-0.070	0.245
-3129.6	-98856.5	-0.035	0.222
-3127.8	-98856.5	-0.035	0.128
-3126.0	-98856.5	-0.117	0.164
-3124.2	-98856.5	-0.140	0.105
-3122.4	-98856.5	-0.070	0.117
-3120.6	-98856.5	0.000	0.175
-3118.8	-98856.5	0.023	0.047
-3117.0	-98856.5	-0.058	-0.035
-3115.2	-98856.5	-0.105	0.000
-3113.4	-98856.5	-0.012	0.070
-3111.6	-98856.5	0.012	-0.012
-3109.8	-98856.5	0.035	-0.070
-3108.1	-98856.5	-0.012	-0.128
-3106.3	-98856.5	-0.035	-0.105
-3104.5	-98856.5	-0.012	-0.455
