-3176.2	-98930.0	0.000	0.000
-3174.4	-98930.0	0.000	0.000
-3172.6	-98930.0	0.000	0.000
-3170.8	-98930.0	0.000	0.000
-3169.0	-98930.0	0.000	0.000
-3167.2	-98930.0	0.000	0.000
-3165.5	-98930.0	0.000	0.000
-3163.7	-98930.0	0.000	0.000
-3161.9	-98930.0	0.000	0.000
-3160.1	-98930.0	0.000	0.000
-3158.3	-98930.0	0.000	0.000
-3156.5	-98930.0	0.000	0.000
-3154.7	-98930.0	0.000	0.000
-3152.9	-98930.0	0.000	0.000
-3151.1	-98930.0	0.000	0.000
-3149.3	-98930.0	0.000	0.000
-3147.5	-98930.0	0.000	0.000
-3145.7	-98930.0	0.000	0.000
-3143.9	-98930.0	0.000	0.000
-3142.1	-98930.0	0.000	0.000
-3140.3	-98930.0	0.000	0.000
-3138.5	-98930.0	0.000	0.000
-3136.8	-98930.0	0.000	0.000
-3135.0	-98930.0	0.000	0.000
-3133.2	-98930.0	0.000	0.000
-3131.4	-98930.0	0.000	0.000
-3129.6	-98930.0	0.000	0.000
-3127.8	-98930.0	0.000	0.000
-3126.0	-98930.0	0.000	0.000
-3124.2	-98930.0	0.000	0.000
-3122.4	-98930.0	0.000	0.000
-3120.6	-98930.0	0.000	0.000
-3118.8	-98930.0	0.000	0.000
-3117.0	-98930.0	0.000	0.000
-3115.2	-98930.0	0.000	0.000
-3113.4	-98930.0	0.000	0.000
-3111.6	-98930.0	0.000	0.000
-3109.8	-98930.0	0.000	0.000
-3108.1	-98930.0	0.000	0.000
-3106.3	-98930.0	0.000	0.000
-3104.5	-98930.0	0.000	0.000
-3176.2	-98928.2	0.000	0.000
-3174.4	-98928.2	0.000	0.000
-3172.6	-98928.2	0.000	0.000
-3170.8	-98928.2	0.000	0.000
-3169.0	-98928.2	0.000	0.000
-3167.2	-98928.2	0.000	0.000
-3165.5	-98928.2	0.000	0.000
-3163.7	-98928.2	0.000	0.000
-3161.9	-98928.2	0.000	0.000
-3160.1	-98928.2	0.000	0.000
-3158.3	-98928.2	0.000	0.000
-3156.5	-98928.2	0.000	0.000
-3154.7	-98928.2	0.000	0.000
-3152.9	-98928.2	0.000	0.000
-3151.1	-98928.2	0.000	0.000
-3149.3	-98928.2	0.000	0.000
-3147.5	-98928.2	0.000	0.000
-3145.7	-98928.2	0.000	0.000
-3143.9	-98928.2	0.000	0.000
-3142.1	-98928.2	0.000	0.000
-3140.3	-98928.2	0.000	0.000
-3138.5	-98928.2	0.000	0.000
-3136.8	-98928.2	0.000	0.000
-3135.0	-98928.2	0.000	0.000
-3133.2	-98928.2	0.000	0.000
-3131.4	-98928.2	0.000	0.000
-3129.6	-98928.2	0.000	0.000
-3127.8	-98928.2	0.000	0.000
-3126.0	-98928.2	0.000	0.000
-3124.2	-98928.2	0.000	0.000
-3122.4	-98928.2	0.000	0.000
-3120.6	-98928.2	0.000	0.000
-3118.8	-98928.2	0.000	0.000
-3117.0	-98928.2	0.000	0.000
-3115.2	-98928.2	0.000	0.000
-3113.4	-98928.2	0.000	0.000
-3111.6	-98928.2	0.000	0.000
-3109.8	-98928.2	0.000	0.000
-3108.1	-98928.2	0.000	0.000
-3106.3	-98928.2	0.000	0.000
-3104.5	-98928.2	0.000	0.000
-3176.2	-98926.4	0.000	0.000
-3174.4	-98926.4	0.000	0.000
-3172.6	-98926.4	0.000	0.000
-3170.8	-98926.4	0.000	0.000
-3169.0	-98926.4	0.000	0.000
-3167.2	-98926.4	0.000	0.000
-3165.5	-98926.4	0.000	0.000
-3163.7	-98926.4	0.000	0.000
-3161.9	-98926.4	0.000	0.000
-3160.1	-98926.4	0.000	0.000
-3158.3	-98926.4	0.000	0.000
-3156.5	-98926.4	0.000	0.000
-3154.7	-98926.4	0.000	0.000
-3152.9	-98926.4	0.000	0.000
-3151.1	-98926.4	0.000	0.000
-3149.3	-98926.4	0.000	0.000
-3147.5	-98926.4	0.000	0.000
-3145.7	-98926.4	0.000	0.000
-3143.9	-98926.4	0.000	0.000
-3142.1	-98926.4	0.000	0.000
-3140.3	-98926.4	0.000	0.000
-3138.5	-98926.4	0.000	0.000
-3136.8	-98926.4	0.000	0.000
-3135.0	-98926.4	0.000	0.000
-3133.2	-98926.4	0.000	0.000
-3131.4	-98926.4	0.000	0.000
-3129.6	-98926.4	0.000	0.000
-3127.8	-98926.4	0.000	0.000
-3126.0	-98926.4	0.000	0.000
-3124.2	-98926.4	0.000	0.000
-3122.4	-98926.4	0.000	0.000
-3120.6	-98926.4	0.000	0.000
-3118.8	-98926.4	0.000	0.000
-3117.0	-98926.4	0.000	0.000
-3115.2	-98926.4	0.000	0.000
-3113.4	-98926.4	0.000	0.000
-3111.6	-98926.4	0.000	0.000
-3109.8	-98926.4	0.000	0.000
-3108.1	-98926.4	0.000	0.000
-3106.3	-98926.4	0.000	0.000
-3104.5	-98926.4	0.000	0.000
-3176.2	-98924.6	0.000	0.000
-3174.4	-98924.6	0.000	0.000
-3172.6	-98924.6	0.000	0.000
-3170.8	-98924.6	0.000	0.000
-3169.0	-98924.6	0.000	0.000
-3167.2	-98924.6	0.000	0.000
-3165.5	-98924.6	0.000	0.000
-3163.7	-98924.6	0.000	0.000
-3161.9	-98924.6	0.000	0.000
-3160.1	-98924.6	0.000	0.000
-3158.3	-98924.6	0.000	0.000
-3156.5	-98924.6	0.000	0.000
-3154.7	-98924.6	0.000	0.000
-3152.9	-98924.6	0.000	0.000
-3151.1	-98924.6	0.000	0.000
-3149.3	-98924.6	0.000	0.000
-3147.5	-98924.6	0.000	0.000
-3145.7	-98924.6	0.000	0.000
-3143.9	-98924.6	0.000	0.000
-3142.1	-98924.6	0.000	0.000
-3140.3	-98924.6	0.000	0.000
-3138.5	-98924.6	0.000	0.000
-3136.8	-98924.6	0.000	0.000
-3135.0	-98924.6	0.000	0.000
-3133.2	-98924.6	0.000	0.000
-3131.4	-98924.6	0.000	0.000
-3129.6	-98924.6	0.000	0.000
-3127.8	-98924.6	0.000	0.000
-3126.0	-98924.6	0.000	0.000
-3124.2	-98924.6	0.000	0.000
-3122.4	-98924.6	0.000	0.000
-3120.6	-98924.6	0.000	0.000
-3118.8	-98924.6	0.000	0.000
-3117.0	-98924.6	0.000	0.000
-3115.2	-98924.6	0.000	0.000
-3113.4	-98924.6	0.000	0.000
-3111.6	-98924.6	0.000	0.000
-3109.8	-98924.6	0.000	0.000
-3108.1	-98924.6	0.000	0.000
-3106.3	-98924.6	0.000	0.000
-3104.5	-98924.6	0.000	0.000
-3176.2	-98922.8	0.000	0.000
-3174.4	-98922.8	0.000	0.000
-3172.6	-98922.8	0.000	0.000
-3170.8	-98922.8	0.000	0.000
-3169.0	-98922.8	0.000	0.000
-3167.2	-98922.8	0.000	0.000
-3165.5	-98922.8	0.000	0.000
-3163.7	-98922.8	0.000	0.000
-3161.9	-98922.8	0.000	0.000
-3160.1	-98922.8	0.000	0.000
-3158.3	-98922.8	0.000	0.000
-3156.5	-98922.8	0.000	0.000
-3154.7	-98922.8	0.000	0.000
-3152.9	-98922.8	0.000	0.000
-3151.1	-98922.8	0.000	0.000
-3149.3	-98922.8	0.000	0.000
-3147.5	-98922.8	0.000	0.000
-3145.7	-98922.8	0.000	0.000
-3143.9	-98922.8	0.000	0.000
-3142.1	-98922.8	0.000	0.000
-3140.3	-98922.8	0.000	0.000
-3138.5	-98922.8	0.000	0.000
-3136.8	-98922.8	0.000	0.000
-3135.0	-98922.8	0.000	0.000
-3133.2	-98922.8	0.000	0.000
-3131.4	-98922.8	0.000	0.000
-3129.6	-98922.8	0.000	0.000
-3127.8	-98922.8	0.000	0.000
-3126.0	-98922.8	0.000	0.000
-3124.2	-98922.8	0.000	0.000
-3122.4	-98922.8	0.000	0.000
-3120.6	-98922.8	0.000	0.000
-3118.8	-98922.8	0.000	0.000
-3117.0	-98922.8	0.000	0.000
-3115.2	-98922.8	0.000	0.000
-3113.4	-98922.8	0.000	0.000
-3111.6	-98922.8	0.000	0.000
-3109.8	-98922.8	0.000	0.000
-3108.1	-98922.8	0.000	0.000
-3106.3	-98922.8	0.000	0.000
-3104.5	-98922.8	0.000	0.000
-3176.2	-98921.0	0.000	0.000
-3174.4	-98921.0	0.000	0.000
-3172.6	-98921.0	0.000	0.000
-3170.8	-98921.0	0.000	0.000
-3169.0	-98921.0	0.000	0.000
-3167.2	-98921.0	0.000	0.000
-3165.5	-98921.0	0.000	0.000
-3163.7	-98921.0	0.000	0.000
-3161.9	-98921.0	0.000	0.000
-3160.1	-98921.0	0.000	0.000
-3158.3	-98921.0	0.000	0.000
-3156.5	-98921.0	0.000	0.000
-3154.7	-98921.0	0.000	0.000
-3152.9	-98921.0	0.000	0.000
-3151.1	-98921.0	0.000	0.000
-3149.3	-98921.0	0.000	0.000
-3147.5	-98921.0	0.000	0.000
-3145.7	-98921.0	0.000	0.000
-3143.9	-98921.0	0.000	0.000
-3142.1	-98921.0	0.000	0.000
-3140.3	-98921.0	0.000	0.000
-3138.5	-98921.0	0.000	0.000
-3136.8	-98921.0	0.000	0.000
-3135.0	-98921.0	0.000	0.000
-3133.2	-98921.0	0.000	0.000
-3131.4	-98921.0	0.000	0.000
-3129.6	-98921.0	0.000	0.000
-3127.8	-98921.0	0.000	0.000
-3126.0	-98921.0	0.000	0.000
-3124.2	-98921.0	0.000	0.000
-3122.4	-98921.0	0.000	0.000
-3120.6	-98921.0	0.000	0.000
-3118.8	-98921.0	0.000	0.000
-3117.0	-98921.0	0.000	0.000
-3115.2	-98921.0	0.000	0.000
-3113.4	-98921.0	0.000	0.000
-3111.6	-98921.0	0.000	0.000
-3109.8	-98921.0	0.000	0.000
-3108.1	-98921.0	0.000	0.000
-3106.3	-98921.0	0.000	0.000
-3104.5	-98921.0	0.000	0.000
-3176.2	-98919.3	0.000	0.000
-3174.4	-98919.3	0.000	0.000
-3172.6	-98919.3	0.000	0.000
-3170.8	-98919.3	0.000	0.000
-3169.0	-98919.3	0.000	0.000
-3167.2	-98919.3	0.000	0.000
-3165.5	-98919.3	0.000	0.000
-3163.7	-98919.3	0.000	0.000
-3161.9	-98919.3	0.000	0.000
-3160.1	-98919.3	0.000	0.000
-3158.3	-98919.3	0.000	0.000
-3156.5	-98919.3	0.000	0.000
-3154.7	-98919.3	0.000	0.000
-3152.9	-98919.3	0.000	0.000
-3151.1	-98919.3	0.000	0.000
-3149.3	-98919.3	0.000	0.000
-3147.5	-98919.3	0.000	0.000
-3145.7	-98919.3	0.000	0.000
-3143.9	-98919.3	0.000	0.000
-3142.1	-98919.3	0.000	0.000
-3140.3	-98919.3	0.000	0.000
-3138.5	-98919.3	0.000	0.000
-3136.8	-98919.3	0.000	0.000
-3135.0	-98919.3	0.000	0.000
-3133.2	-98919.3	0.000	0.000
-3131.4	-98919.3	0.000	0.000
-3129.6	-98919.3	0.000	0.000
-3127.8	-98919.3	0.000	0.000
-3126.0	-98919.3	0.000	0.000
-3124.2	-98919.3	0.000	0.000
-3122.4	-98919.3	0.000	0.000
-3120.6	-98919.3	0.000	0.000
-3118.8	-98919.3	0.000	0.000
-3117.0	-98919.3	0.000	0.000
-3115.2	-98919.3	0.000	0.000
-3113.4	-98919.3	0.000	0.000
-3111.6	-98919.3	0.000	0.000
-3109.8	-98919.3	0.000	0.000
-3108.1	-98919.3	0.000	0.000
-3106.3	-98919.3	0.000	0.000
-3104.5	-98919.3	0.000	0.000
-3176.2	-98917.5	0.000	0.000
-3174.4	-98917.5	0.000	0.000
-3172.6	-98917.5	0.000	0.000
-3170.8	-98917.5	0.000	0.000
-3169.0	-98917.5	0.000	0.000
-3167.2	-98917.5	0.000	0.000
-3165.5	-98917.5	0.000	0.000
-3163.7	-98917.5	0.000	0.000
-3161.9	-98917.5	0.000	0.000
-3160.1	-98917.5	0.000	0.000
-3158.3	-98917.5	0.000	0.000
-3156.5	-98917.5	0.000	0.000
-3154.7	-98917.5	0.000	0.000
-3152.9	-98917.5	0.000	0.000
-3151.1	-98917.5	0.000	0.000
-3149.3	-98917.5	0.000	0.000
-3147.5	-98917.5	0.000	0.000
-3145.7	-98917.5	0.000	0.000
-3143.9	-98917.5	0.000	0.000
-3142.1	-98917.5	0.000	0.000
-3140.3	-98917.5	0.000	0.000
-3138.5	-98917.5	0.000	0.000
-3136.8	-98917.5	0.000	0.000
-3135.0	-98917.5	0.000	0.000
-3133.2	-98917.5	0.000	0.000
-3131.4	-98917.5	0.000	0.000
-3129.6	-98917.5	0.000	0.000
-3127.8	-98917.5	0.000	0.000
-3126.0	-98917.5	0.000	0.000
-3124.2	-98917.5	0.000	0.000
-3122.4	-98917.5	0.000	0.000
-3120.6	-98917.5	0.000	0.000
-3118.8	-98917.5	0.000	0.000
-3117.0	-98917.5	0.000	0.000
-3115.2	-98917.5	0.000	0.000
-3113.4	-98917.5	0.000	0.000
-3111.6	-98917.5	0.000	0.000
-3109.8	-98917.5	0.000	0.000
-3108.1	-98917.5	0.000	0.000
-3106.3	-98917.5	0.000	0.000
-3104.5	-98917.5	0.000	0.000
-3176.2	-98915.7	0.000	0.000
-3174.4	-98915.7	0.000	0.000
-3172.6	-98915.7	0.000	0.000
-3170.8	-98915.7	0.000	0.000
-3169.0	-98915.7	0.000	0.000
-3167.2	-98915.7	0.000	0.000
-3165.5	-98915.7	0.000	0.000
-3163.7	-98915.7	0.000	0.000
-3161.9	-98915.7	0.000	0.000
-3160.1	-98915.7	0.000	0.000
-3158.3	-98915.7	0.000	0.000
-3156.5	-98915.7	0.000	0.000
-3154.7	-98915.7	0.000	0.000
-3152.9	-98915.7	0.000	0.000
-3151.1	-98915.7	0.000	0.000
-3149.3	-98915.7	0.000	0.000
-3147.5	-98915.7	0.000	0.000
-3145.7	-98915.7	0.000	0.000
-3143.9	-98915.7	0.000	0.000
-3142.1	-98915.7	0.000	0.000
-3140.3	-98915.7	0.000	0.000
-3138.5	-98915.7	0.000	0.000
-3136.8	-98915.7	0.000	0.000
-3135.0	-98915.7	0.000	0.000
-3133.2	-98915.7	0.000	0.000
-3131.4	-98915.7	0.000	0.000
-3129.6	-98915.7	0.000	0.000
-3127.8	-98915.7	0.000	0.000
-3126.0	-98915.7	0.000	0.000
-3124.2	-98915.7	0.000	0.000
-3122.4	-98915.7	0.000	0.000
-3120.6	-98915.7	0.000	0.000
-3118.8	-98915.7	0.000	0.000
-3117.0	-98915.7	0.000	0.000
-3115.2	-98915.7	0.000	0.000
-3113.4	-98915.7	0.000	0.000
-3111.6	-98915.7	0.000	0.000
-3109.8	-98915.7	0.000	0.000
-3108.1	-98915.7	0.000	0.000
-3106.3	-98915.7	0.000	0.000
-3104.5	-98915.7	0.000	0.000
-3176.2	-98913.9	0.000	0.000
-3174.4	-98913.9	0.000	0.000
-3172.6	-98913.9	0.000	0.000
-3170.8	-98913.9	0.000	0.000
-3169.0	-98913.9	0.000	0.000
-3167.2	-98913.9	0.000	0.000
-3165.5	-98913.9	0.000	0.000
-3163.7	-98913.9	0.000	0.000
-3161.9	-98913.9	0.000	0.000
-3160.1	-98913.9	0.000	0.000
-3158.3	-98913.9	0.000	0.000
-3156.5	-98913.9	0.000	0.000
-3154.7	-98913.9	0.000	0.000
-3152.9	-98913.9	0.000	0.000
-3151.1	-98913.9	0.000	0.000
-3149.3	-98913.9	0.000	0.000
-3147.5	-98913.9	0.000	0.000
-3145.7	-98913.9	0.000	0.000
-3143.9	-98913.9	0.000	0.000
-3142.1	-98913.9	0.000	0.000
-3140.3	-98913.9	0.000	0.000
-3138.5	-98913.9	0.000	0.000
-3136.8	-98913.9	0.000	0.000
-3135.0	-98913.9	0.000	0.000
-3133.2	-98913.9	0.000	0.000
-3131.4	-98913.9	0.000	0.000
-3129.6	-98913.9	0.000	0.000
-3127.8	-98913.9	0.000	0.000
-3126.0	-98913.9	0.000	0.000
-3124.2	-98913.9	0.000	0.000
-3122.4	-98913.9	0.000	0.000
-3120.6	-98913.9	0.000	0.000
-3118.8	-98913.9	0.000	0.000
-3117.0	-98913.9	0.000	0.000
-3115.2	-98913.9	0.000	0.000
-3113.4	-98913.9	0.000	0.000
-3111.6	-98913.9	0.000	0.000
-3109.8	-98913.9	0.000	0.000
-3108.1	-98913.9	0.000	0.000
-3106.3	-98913.9	0.000	0.000
-3104.5	-98913.9	0.000	0.000
-3176.2	-98912.1	0.000	0.000
-3174.4	-98912.1	0.000	0.000
-3172.6	-98912.1	0.000	0.000
-3170.8	-98912.1	0.000	0.000
-3169.0	-98912.1	0.000	0.000
-3167.2	-98912.1	0.000	0.000
-3165.5	-98912.1	0.000	0.000
-3163.7	-98912.1	0.000	0.000
-3161.9	-98912.1	0.000	0.000
-3160.1	-98912.1	0.000	0.000
-3158.3	-98912.1	0.000	0.000
-3156.5	-98912.1	0.000	0.000
-3154.7	-98912.1	0.000	0.000
-3152.9	-98912.1	0.000	0.000
-3151.1	-98912.1	0.000	0.000
-3149.3	-98912.1	0.000	0.000
-3147.5	-98912.1	0.000	0.000
-3145.7	-98912.1	0.000	0.000
-3143.9	-98912.1	0.000	0.000
-3142.1	-98912.1	0.000	0.000
-3140.3	-98912.1	0.000	0.000
-3138.5	-98912.1	0.000	0.000
-3136.8	-98912.1	0.000	0.000
-3135.0	-98912.1	0.000	0.000
-3133.2	-98912.1	0.000	0.000
-3131.4	-98912.1	0.000	0.000
-3129.6	-98912.1	0.000	0.000
-3127.8	-98912.1	0.000	0.000
-3126.0	-98912.1	0.000	0.000
-3124.2	-98912.1	0.000	0.000
-3122.4	-98912.1	0.000	0.000
-3120.6	-98912.1	0.000	0.000
-3118.8	-98912.1	0.000	0.000
-3117.0	-98912.1	0.000	0.000
-3115.2	-98912.1	0.000	0.000
-3113.4	-98912.1	0.000	0.000
-3111.6	-98912.1	0.000	0.000
-3109.8	-98912.1	0.000	0.000
-3108.1	-98912.1	0.000	0.000
-3106.3	-98912.1	0.000	0.000
-3104.5	-98912.1	0.000	0.000
-3176.2	-98910.3	0.000	0.000
-3174.4	-98910.3	0.000	0.000
-3172.6	-98910.3	0.000	0.000
-3170.8	-98910.3	0.000	0.000
-3169.0	-98910.3	0.000	0.000
-3167.2	-98910.3	0.000	0.000
-3165.5	-98910.3	0.000	0.000
-3163.7	-98910.3	0.000	0.000
-3161.9	-98910.3	0.000	0.000
-3160.1	-98910.3	0.000	0.000
-3158.3	-98910.3	0.000	0.000
-3156.5	-98910.3	0.000	0.000
-3154.7	-98910.3	0.000	0.000
-3152.9	-98910.3	0.000	0.000
-3151.1	-98910.3	0.000	0.000
-3149.3	-98910.3	0.000	0.000
-3147.5	-98910.3	0.000	0.000
-3145.7	-98910.3	0.000	0.000
-3143.9	-98910.3	0.000	0.000
-3142.1	-98910.3	0.000	0.000
-3140.3	-98910.3	0.000	0.000
-3138.5	-98910.3	0.000	0.000
-3136.8	-98910.3	0.000	0.000
-3135.0	-98910.3	0.000	0.000
-3133.2	-98910.3	0.000	0.000
-3131.4	-98910.3	0.000	0.000
-3129.6	-98910.3	0.000	0.000
-3127.8	-98910.3	0.000	0.000
-3126.0	-98910.3	0.000	0.000
-3124.2	-98910.3	0.000	0.000
-3122.4	-98910.3	0.000	0.000
-3120.6	-98910.3	0.000	0.000
-3118.8	-98910.3	0.000	0.000
-3117.0	-98910.3	0.000	0.000
-3115.2	-98910.3	0.000	0.000
-3113.4	-98910.3	0.000	0.000
-3111.6	-98910.3	0.000	0.000
-3109.8	-98910.3	0.000	0.000
-3108.1	-98910.3	0.000	0.000
-3106.3	-98910.3	0.000	0.000
-3104.5	-98910.3	0.000	0.000
-3176.2	-98908.5	0.000	0.000
-3174.4	-98908.5	0.000	0.000
-3172.6	-98908.5	0.000	0.000
-3170.8	-98908.5	0.000	0.000
-3169.0	-98908.5	0.000	0.000
-3167.2	-98908.5	0.000	0.000
-3165.5	-98908.5	0.000	0.000
-3163.7	-98908.5	0.000	0.000
-3161.9	-98908.5	0.000	0.000
-3160.1	-98908.5	0.000	0.000
-3158.3	-98908.5	0.000	0.000
-3156.5	-98908.5	0.000	0.000
-3154.7	-98908.5	0.000	0.000
-3152.9	-98908.5	0.000	0.000
-3151.1	-98908.5	0.000	0.000
-3149.3	-98908.5	0.000	0.000
-3147.5	-98908.5	0.000	0.000
-3145.7	-98908.5	0.000	0.000
-3143.9	-98908.5	0.000	0.000
-3142.1	-98908.5	0.000	0.000
-3140.3	-98908.5	0.000	0.000
-3138.5	-98908.5	0.000	0.000
-3136.8	-98908.5	0.000	0.000
-3135.0	-98908.5	0.000	0.000
-3133.2	-98908.5	0.000	0.000
-3131.4	-98908.5	0.000	0.000
-3129.6	-98908.5	0.000	0.000
-3127.8	-98908.5	0.000	0.000
-3126.0	-98908.5	0.000	0.000
-3124.2	-98908.5	0.000	0.000
-3122.4	-98908.5	0.000	0.000
-3120.6	-98908.5	0.000	0.000
-3118.8	-98908.5	0.000	0.000
-3117.0	-98908.5	0.000	0.000
-3115.2	-98908.5	0.000	0.000
-3113.4	-98908.5	0.000	0.000
-3111.6	-98908.5	0.000	0.000
-3109.8	-98908.5	0.000	0.000
-3108.1	-98908.5	0.000	0.000
-3106.3	-98908.5	0.000	0.000
-3104.5	-98908.5	0.000	0.000
-3176.2	-98906.7	0.000	0.000
-3174.4	-98906.7	0.000	0.000
-3172.6	-98906.7	0.000	0.000
-3170.8	-98906.7	0.000	0.000
-3169.0	-98906.7	0.000	0.000
-3167.2	-98906.7	0.000	0.000
-3165.5	-98906.7	0.000	0.000
-3163.7	-98906.7	0.000	0.000
-3161.9	-98906.7	0.000	0.000
-3160.1	-98906.7	0.000	0.000
-3158.3	-98906.7	0.000	0.000
-3156.5	-98906.7	0.000	0.000
-3154.7	-98906.7	0.000	0.000
-3152.9	-98906.7	0.000	0.000
-3151.1	-98906.7	0.000	0.000
-3149.3	-98906.7	0.000	0.000
-3147.5	-98906.7	0.000	0.000
-3145.7	-98906.7	0.000	0.000
-3143.9	-98906.7	0.000	0.000
-3142.1	-98906.7	0.000	0.000
-3140.3	-98906.7	0.000	0.000
-3138.5	-98906.7	0.000	0.000
-3136.8	-98906.7	0.000	0.000
-3135.0	-98906.7	0.000	0.000
-3133.2	-98906.7	0.000	0.000
-3131.4	-98906.7	0.000	0.000
-3129.6	-98906.7	0.000	0.000
-3127.8	-98906.7	0.000	0.000
-3126.0	-98906.7	0.000	0.000
-3124.2	-98906.7	0.000	0.000
-3122.4	-98906.7	0.000	0.000
-3120.6	-98906.7	0.000	0.000
-3118.8	-98906.7	0.000	0.000
-3117.0	-98906.7	0.000	0.000
-3115.2	-98906.7	0.000	0.000
-3113.4	-98906.7	0.000	0.000
-3111.6	-98906.7	0.000	0.000
-3109.8	-98906.7	0.000	0.000
-3108.1	-98906.7	0.000	0.000
-3106.3	-98906.7	0.000	0.000
-3104.5	-98906.7	0.000	0.000
-3176.2	-98904.9	0.000	0.000
-3174.4	-98904.9	0.000	0.000
-3172.6	-98904.9	0.000	0.000
-3170.8	-98904.9	0.000	0.000
-3169.0	-98904.9	0.000	0.000
-3167.2	-98904.9	0.000	0.000
-3165.5	-98904.9	0.000	0.000
-3163.7	-98904.9	0.000	0.000
-3161.9	-98904.9	0.000	0.000
-3160.1	-98904.9	0.000	0.000
-3158.3	-98904.9	0.000	0.000
-3156.5	-98904.9	0.000	0.000
-3154.7	-98904.9	0.000	0.000
-3152.9	-98904.9	0.000	0.000
-3151.1	-98904.9	0.000	0.000
-3149.3	-98904.9	0.000	0.000
-3147.5	-98904.9	0.000	0.000
-3145.7	-98904.9	0.000	0.000
-3143.9	-98904.9	0.000	0.000
-3142.1	-98904.9	0.000	0.000
-3140.3	-98904.9	0.000	0.000
-3138.5	-98904.9	0.000	0.000
-3136.8	-98904.9	0.000	0.000
-3135.0	-98904.9	0.000	0.000
-3133.2	-98904.9	0.000	0.000
-3131.4	-98904.9	0.000	0.000
-3129.6	-98904.9	0.000	0.000
-3127.8	-98904.9	0.000	0.000
-3126.0	-98904.9	0.000	0.000
-3124.2	-98904.9	0.000	0.000
-3122.4	-98904.9	0.000	0.000
-3120.6	-98904.9	0.000	0.000
-3118.8	-98904.9	0.000	0.000
-3117.0	-98904.9	0.000	0.000
-3115.2	-98904.9	0.000	0.000
-3113.4	-98904.9	0.000	0.000
-3111.6	-98904.9	0.000	0.000
-3109.8	-98904.9	0.000	0.000
-3108.1	-98904.9	0.000	0.000
-3106.3	-98904.9	0.000	0.000
-3104.5	-98904.9	0.000	0.000
-3176.2	-98903.1	0.000	0.000
-3174.4	-98903.1	0.000	0.000
-3172.6	-98903.1	0.000	0.000
-3170.8	-98903.1	0.000	0.000
-3169.0	-98903.1	0.000	0.000
-3167.2	-98903.1	0.000	0.000
-3165.5	-98903.1	0.000	0.000
-3163.7	-98903.1	0.000	0.000
-3161.9	-98903.1	0.000	0.000
-3160.1	-98903.1	0.000	0.000
-3158.3	-98903.1	0.000	0.000
-3156.5	-98903.1	0.000	0.000
-3154.7	-98903.1	0.000	0.000
-3152.9	-98903.1	0.000	0.000
-3151.1	-98903.1	0.000	0.000
-3149.3	-98903.1	0.000	0.000
-3147.5	-98903.1	0.000	0.000
-3145.7	-98903.1	0.000	0.000
-3143.9	-98903.1	0.000	0.000
-3142.1	-98903.1	0.000	0.000
-3140.3	-98903.1	0.000	0.000
-3138.5	-98903.1	0.000	0.000
-3136.8	-98903.1	0.000	0.000
-3135.0	-98903.1	0.000	0.000
-3133.2	-98903.1	0.000	0.000
-3131.4	-98903.1	0.000	0.000
-3129.6	-98903.1	0.000	0.000
-3127.8	-98903.1	0.000	0.000
-3126.0	-98903.1	0.000	0.000
-3124.2	-98903.1	0.000	0.000
-3122.4	-98903.1	0.000	0.000
-3120.6	-98903.1	0.000	0.000
-3118.8	-98903.1	0.000	0.000
-3117.0	-98903.1	0.000	0.000
-3115.2	-98903.1	0.000	0.000
-3113.4	-98903.1	0.000	0.000
-3111.6	-98903.1	0.000	0.000
-3109.8	-98903.1	0.000	0.000
-3108.1	-98903.1	0.000	0.000
-3106.3	-98903.1	0.000	0.000
-3104.5	-98903.1	0.000	0.000
-3176.2	-98901.3	0.000	0.000
-3174.4	-98901.3	0.000	0.000
-3172.6	-98901.3	0.000	0.000
-3170.8	-98901.3	0.000	0.000
-3169.0	-98901.3	0.000	0.000
-3167.2	-98901.3	0.000	0.000
-3165.5	-98901.3	0.000	0.000
-3163.7	-98901.3	0.000	0.000
-3161.9	-98901.3	0.000	0.000
-3160.1	-98901.3	0.000	0.000
-3158.3	-98901.3	0.000	0.000
-3156.5	-98901.3	0.000	0.000
-3154.7	-98901.3	0.000	0.000
-3152.9	-98901.3	0.000	0.000
-3151.1	-98901.3	0.000	0.000
-3149.3	-98901.3	0.000	0.000
-3147.5	-98901.3	0.000	0.000
-3145.7	-98901.3	0.000	0.000
-3143.9	-98901.3	0.000	0.000
-3142.1	-98901.3	0.000	0.000
-3140.3	-98901.3	0.000	0.000
-3138.5	-98901.3	0.000	0.000
-3136.8	-98901.3	0.000	0.000
-3135.0	-98901.3	0.000	0.000
-3133.2	-98901.3	0.000	0.000
-3131.4	-98901.3	0.000	0.000
-3129.6	-98901.3	0.000	0.000
-3127.8	-98901.3	0.000	0.000
-3126.0	-98901.3	0.000	0.000
-3124.2	-98901.3	0.000	0.000
-3122.4	-98901.3	0.000	0.000
-3120.6	-98901.3	0.000	0.000
-3118.8	-98901.3	0.000	0.000
-3117.0	-98901.3	0.000	0.000
-3115.2	-98901.3	0.000	0.000
-3113.4	-98901.3	0.000	0.000
-3111.6	-98901.3	0.000	0.000
-3109.8	-98901.3	0.000	0.000
-3108.1	-98901.3	0.000	0.000
-3106.3	-98901.3	0.000	0.000
-3104.5	-98901.3	0.000	0.000
-3176.2	-98899.5	0.000	0.000
-3174.4	-98899.5	0.000	0.000
-3172.6	-98899.5	0.000	0.000
-3170.8	-98899.5	0.000	0.000
-3169.0	-98899.5	0.000	0.000
-3167.2	-98899.5	0.000	0.000
-3165.5	-98899.5	0.000	0.000
-3163.7	-98899.5	0.000	0.000
-3161.9	-98899.5	0.000	0.000
-3160.1	-98899.5	0.000	0.000
-3158.3	-98899.5	0.000	0.000
-3156.5	-98899.5	0.000	0.000
-3154.7	-98899.5	0.000	0.000
-3152.9	-98899.5	0.000	0.000
-3151.1	-98899.5	0.000	0.000
-3149.3	-98899.5	0.000	0.000
-3147.5	-98899.5	0.000	0.000
-3145.7	-98899.5	0.000	0.000
-3143.9	-98899.5	0.000	0.000
-3142.1	-98899.5	0.000	0.000
-3140.3	-98899.5	0.000	0.000
-3138.5	-98899.5	0.000	0.000
-3136.8	-98899.5	0.000	0.000
-3135.0	-98899.5	0.000	0.000
-3133.2	-98899.5	0.000	0.000
-3131.4	-98899.5	0.000	0.000
-3129.6	-98899.5	0.000	0.000
-3127.8	-98899.5	0.000	0.000
-3126.0	-98899.5	0.000	0.000
-3124.2	-98899.5	0.000	0.000
-3122.4	-98899.5	0.000	0.000
-3120.6	-98899.5	0.000	0.000
-3118.8	-98899.5	0.000	0.000
-3117.0	-98899.5	0.000	0.000
-3115.2	-98899.5	0.000	0.000
-3113.4	-98899.5	0.000	0.000
-3111.6	-98899.5	0.000	0.000
-3109.8	-98899.5	0.000	0.000
-3108.1	-98899.5	0.000	0.000
-3106.3	-98899.5	0.000	0.000
-3104.5	-98899.5	0.000	0.000
-3176.2	-98897.7	0.000	0.000
-3174.4	-98897.7	0.000	0.000
-3172.6	-98897.7	0.000	0.000
-3170.8	-98897.7	0.000	0.000
-3169.0	-98897.7	0.000	0.000
-3167.2	-98897.7	0.000	0.000
-3165.5	-98897.7	0.000	0.000
-3163.7	-98897.7	0.000	0.000
-3161.9	-98897.7	0.000	0.000
-3160.1	-98897.7	0.000	0.000
-3158.3	-98897.7	0.000	0.000
-3156.5	-98897.7	0.000	0.000
-3154.7	-98897.7	0.000	0.000
-3152.9	-98897.7	0.000	0.000
-3151.1	-98897.7	0.000	0.000
-3149.3	-98897.7	0.000	0.000
-3147.5	-98897.7	0.000	0.000
-3145.7	-98897.7	0.000	0.000
-3143.9	-98897.7	0.000	0.000
-3142.1	-98897.7	0.000	0.000
-3140.3	-98897.7	0.000	0.000
-3138.5	-98897.7	0.000	0.000
-3136.8	-98897.7	0.000	0.000
-3135.0	-98897.7	0.000	0.000
-3133.2	-98897.7	0.000	0.000
-3131.4	-98897.7	0.000	0.000
-3129.6	-98897.7	0.000	0.000
-3127.8	-98897.7	0.000	0.000
-3126.0	-98897.7	0.000	0.000
-3124.2	-98897.7	0.000	0.000
-3122.4	-98897.7	0.000	0.000
-3120.6	-98897.7	0.000	0.000
-3118.8	-98897.7	0.000	0.000
-3117.0	-98897.7	0.000	0.000
-3115.2	-98897.7	0.000	0.000
-3113.4	-98897.7	0.000	0.000
-3111.6	-98897.7	0.000	0.000
-3109.8	-98897.7	0.000	0.000
-3108.1	-98897.7	0.000	0.000
-3106.3	-98897.7	0.000	0.000
-3104.5	-98897.7	0.000	0.000
-3176.2	-98895.9	0.000	0.000
-3174.4	-98895.9	0.000	0.000
-3172.6	-98895.9	0.000	0.000
-3170.8	-98895.9	0.000	0.000
-3169.0	-98895.9	0.000	0.000
-3167.2	-98895.9	0.000	0.000
-3165.5	-98895.9	0.000	0.000
-3163.7	-98895.9	0.000	0.000
-3161.9	-98895.9	0.000	0.000
-3160.1	-98895.9	0.000	0.000
-3158.3	-98895.9	0.000	0.000
-3156.5	-98895.9	0.000	0.000
-3154.7	-98895.9	0.000	0.000
-3152.9	-98895.9	0.000	0.000
-3151.1	-98895.9	0.000	0.000
-3149.3	-98895.9	0.000	0.000
-3147.5	-98895.9	0.000	0.000
-3145.7	-98895.9	0.000	0.000
-3143.9	-98895.9	0.000	0.000
-3142.1	-98895.9	0.000	0.000
-3140.3	-98895.9	0.000	0.000
-3138.5	-98895.9	0.000	0.000
-3136.8	-98895.9	0.000	0.000
-3135.0	-98895.9	0.000	0.000
-3133.2	-98895.9	0.000	0.000
-3131.4	-98895.9	0.000	0.000
-3129.6	-98895.9	0.000	0.000
-3127.8	-98895.9	0.000	0.000
-3126.0	-98895.9	0.000	0.000
-3124.2	-98895.9	0.000	0.000
-3122.4	-98895.9	0.000	0.000
-3120.6	-98895.9	0.000	0.000
-3118.8	-98895.9	0.000	0.000
-3117.0	-98895.9	0.000	0.000
-3115.2	-98895.9	0.000	0.000
-3113.4	-98895.9	0.000	0.000
-3111.6	-98895.9	0.000	0.000
-3109.8	-98895.9	0.000	0.000
-3108.1	-98895.9	0.000	0.000
-3106.3	-98895.9	0.000	0.000
-3104.5	-98895.9	0.000	0.000
-3176.2	-98894.1	0.000	0.000
-3174.4	-98894.1	0.000	0.000
-3172.6	-98894.1	0.000	0.000
-3170.8	-98894.1	0.000	0.000
-3169.0	-98894.1	0.000	0.000
-3167.2	-98894.1	0.000	0.000
-3165.5	-98894.1	0.000	0.000
-3163.7	-98894.1	0.000	0.000
-3161.9	-98894.1	0.000	0.000
-3160.1	-98894.1	0.000	0.000
-3158.3	-98894.1	0.000	0.000
-3156.5	-98894.1	0.000	0.000
-3154.7	-98894.1	0.000	0.000
-3152.9	-98894.1	0.000	0.000
-3151.1	-98894.1	0.000	0.000
-3149.3	-98894.1	0.000	0.000
-3147.5	-98894.1	0.000	0.000
-3145.7	-98894.1	0.000	0.000
-3143.9	-98894.1	0.000	0.000
-3142.1	-98894.1	0.000	0.000
-3140.3	-98894.1	0.000	0.000
-3138.5	-98894.1	0.000	0.000
-3136.8	-98894.1	0.000	0.000
-3135.0	-98894.1	0.000	0.000
-3133.2	-98894.1	0.000	0.000
-3131.4	-98894.1	0.000	0.000
-3129.6	-98894.1	0.000	0.000
-3127.8	-98894.1	0.000	0.000
-3126.0	-98894.1	0.000	0.000
-3124.2	-98894.1	0.000	0.000
-3122.4	-98894.1	0.000	0.000
-3120.6	-98894.1	0.000	0.000
-3118.8	-98894.1	0.000	0.000
-3117.0	-98894.1	0.000	0.000
-3115.2	-98894.1	0.000	0.000
-3113.4	-98894.1	0.000	0.000
-3111.6	-98894.1	0.000	0.000
-3109.8	-98894.1	0.000	0.000
-3108.1	-98894.1	0.000	0.000
-3106.3	-98894.1	0.000	0.000
-3104.5	-98894.1	0.000	0.000
-3176.2	-98892.3	0.000	0.000
-3174.4	-98892.3	0.000	0.000
-3172.6	-98892.3	0.000	0.000
-3170.8	-98892.3	0.000	0.000
-3169.0	-98892.3	0.000	0.000
-3167.2	-98892.3	0.000	0.000
-3165.5	-98892.3	0.000	0.000
-3163.7	-98892.3	0.000	0.000
-3161.9	-98892.3	0.000	0.000
-3160.1	-98892.3	0.000	0.000
-3158.3	-98892.3	0.000	0.000
-3156.5	-98892.3	0.000	0.000
-3154.7	-98892.3	0.000	0.000
-3152.9	-98892.3	0.000	0.000
-3151.1	-98892.3	0.000	0.000
-3149.3	-98892.3	0.000	0.000
-3147.5	-98892.3	0.000	0.000
-3145.7	-98892.3	0.000	0.000
-3143.9	-98892.3	0.000	0.000
-3142.1	-98892.3	0.000	0.000
-3140.3	-98892.3	0.000	0.000
-3138.5	-98892.3	0.000	0.000
-3136.8	-98892.3	0.000	0.000
-3135.0	-98892.3	0.000	0.000
-3133.2	-98892.3	0.000	0.000
-3131.4	-98892.3	0.000	0.000
-3129.6	-98892.3	0.000	0.000
-3127.8	-98892.3	0.000	0.000
-3126.0	-98892.3	0.000	0.000
-3124.2	-98892.3	0.000	0.000
-3122.4	-98892.3	0.000	0.000
-3120.6	-98892.3	0.000	0.000
-3118.8	-98892.3	0.000	0.000
-3117.0	-98892.3	0.000	0.000
-3115.2	-98892.3	0.000	0.000
-3113.4	-98892.3	0.000	0.000
-3111.6	-98892.3	0.000	0.000
-3109.8	-98892.3	0.000	0.000
-3108.1	-98892.3	0.000	0.000
-3106.3	-98892.3	0.000	0.000
-3104.5	-98892.3	0.000	0.000
-3176.2	-98890.5	0.000	0.000
-3174.4	-98890.5	0.000	0.000
-3172.6	-98890.5	0.000	0.000
-3170.8	-98890.5	0.000	0.000
-3169.0	-98890.5	0.000	0.000
-3167.2	-98890.5	0.000	0.000
-3165.5	-98890.5	0.000	0.000
-3163.7	-98890.5	0.000	0.000
-3161.9	-98890.5	0.000	0.000
-3160.1	-98890.5	0.000	0.000
-3158.3	-98890.5	0.000	0.000
-3156.5	-98890.5	0.000	0.000
-3154.7	-98890.5	0.000	0.000
-3152.9	-98890.5	0.000	0.000
-3151.1	-98890.5	0.000	0.000
-3149.3	-98890.5	0.000	0.000
-3147.5	-98890.5	0.000	0.000
-3145.7	-98890.5	0.000	0.000
-3143.9	-98890.5	0.000	0.000
-3142.1	-98890.5	0.000	0.000
-3140.3	-98890.5	0.000	0.000
-3138.5	-98890.5	0.000	0.000
-3136.8	-98890.5	0.000	0.000
-3135.0	-98890.5	0.000	0.000
-3133.2	-98890.5	0.000	0.000
-3131.4	-98890.5	0.000	0.000
-3129.6	-98890.5	0.000	0.000
-3127.8	-98890.5	0.000	0.000
-3126.0	-98890.5	0.000	0.000
-3124.2	-98890.5	0.000	0.000
-3122.4	-98890.5	0.000	0.000
-3120.6	-98890.5	0.000	0.000
-3118.8	-98890.5	0.000	0.000
-3117.0	-98890.5	0.000	0.000
-3115.2	-98890.5	0.000	0.000
-3113.4	-98890.5	0.000	0.000
-3111.6	-98890.5	0.000	0.000
-3109.8	-98890.5	0.000	0.000
-3108.1	-98890.5	0.000	0.000
-3106.3	-98890.5	0.000	0.000
-3104.5	-98890.5	0.000	0.000
-3176.2	-98888.8	0.000	0.000
-3174.4	-98888.8	0.000	0.000
-3172.6	-98888.8	0.000	0.000
-3170.8	-98888.8	0.000	0.000
-3169.0	-98888.8	0.000	0.000
-3167.2	-98888.8	0.000	0.000
-3165.5	-98888.8	0.000	0.000
-3163.7	-98888.8	0.000	0.000
-3161.9	-98888.8	0.000	0.000
-3160.1	-98888.8	0.000	0.000
-3158.3	-98888.8	0.000	0.000
-3156.5	-98888.8	0.000	0.000
-3154.7	-98888.8	0.000	0.000
-3152.9	-98888.8	0.000	0.000
-3151.1	-98888.8	0.000	0.000
-3149.3	-98888.8	0.000	0.000
-3147.5	-98888.8	0.000	0.000
-3145.7	-98888.8	0.000	0.000
-3143.9	-98888.8	0.000	0.000
-3142.1	-98888.8	0.000	0.000
-3140.3	-98888.8	0.000	0.000
-3138.5	-98888.8	0.000	0.000
-3136.8	-98888.8	0.000	0.000
-3135.0	-98888.8	0.000	0.000
-3133.2	-98888.8	0.000	0.000
-3131.4	-98888.8	0.000	0.000
-3129.6	-98888.8	0.000	0.000
-3127.8	-98888.8	0.000	0.000
-3126.0	-98888.8	0.000	0.000
-3124.2	-98888.8	0.000	0.000
-3122.4	-98888.8	0.000	0.000
-3120.6	-98888.8	0.000	0.000
-3118.8	-98888.8	0.000	0.000
-3117.0	-98888.8	0.000	0.000
-3115.2	-98888.8	0.000	0.000
-3113.4	-98888.8	0.000	0.000
-3111.6	-98888.8	0.000	0.000
-3109.8	-98888.8	0.000	0.000
-3108.1	-98888.8	0.000	0.000
-3106.3	-98888.8	0.000	0.000
-3104.5	-98888.8	0.000	0.000
-3176.2	-98887.0	0.000	0.000
-3174.4	-98887.0	0.000	0.000
-3172.6	-98887.0	0.000	0.000
-3170.8	-98887.0	0.000	0.000
-3169.0	-98887.0	0.000	0.000
-3167.2	-98887.0	0.000	0.000
-3165.5	-98887.0	0.000	0.000
-3163.7	-98887.0	0.000	0.000
-3161.9	-98887.0	0.000	0.000
-3160.1	-98887.0	0.000	0.000
-3158.3	-98887.0	0.000	0.000
-3156.5	-98887.0	0.000	0.000
-3154.7	-98887.0	0.000	0.000
-3152.9	-98887.0	0.000	0.000
-3151.1	-98887.0	0.000	0.000
-3149.3	-98887.0	0.000	0.000
-3147.5	-98887.0	0.000	0.000
-3145.7	-98887.0	0.000	0.000
-3143.9	-98887.0	0.000	0.000
-3142.1	-98887.0	0.000	0.000
-3140.3	-98887.0	0.000	0.000
-3138.5	-98887.0	0.000	0.000
-3136.8	-98887.0	0.000	0.000
-3135.0	-98887.0	0.000	0.000
-3133.2	-98887.0	0.000	0.000
-3131.4	-98887.0	0.000	0.000
-3129.6	-98887.0	0.000	0.000
-3127.8	-98887.0	0.000	0.000
-3126.0	-98887.0	0.000	0.000
-3124.2	-98887.0	0.000	0.000
-3122.4	-98887.0	0.000	0.000
-3120.6	-98887.0	0.000	0.000
-3118.8	-98887.0	0.000	0.000
-3117.0	-98887.0	0.000	0.000
-3115.2	-98887.0	0.000	0.000
-3113.4	-98887.0	0.000	0.000
-3111.6	-98887.0	0.000	0.000
-3109.8	-98887.0	0.000	0.000
-3108.1	-98887.0	0.000	0.000
-3106.3	-98887.0	0.000	0.000
-3104.5	-98887.0	0.000	0.000
-3176.2	-98885.2	0.000	0.000
-3174.4	-98885.2	0.000	0.000
-3172.6	-98885.2	0.000	0.000
-3170.8	-98885.2	0.000	0.000
-3169.0	-98885.2	0.000	0.000
-3167.2	-98885.2	0.000	0.000
-3165.5	-98885.2	0.000	0.000
-3163.7	-98885.2	0.000	0.000
-3161.9	-98885.2	0.000	0.000
-3160.1	-98885.2	0.000	0.000
-3158.3	-98885.2	0.000	0.000
-3156.5	-98885.2	0.000	0.000
-3154.7	-98885.2	0.000	0.000
-3152.9	-98885.2	0.000	0.000
-3151.1	-98885.2	0.000	0.000
-3149.3	-98885.2	0.000	0.000
-3147.5	-98885.2	0.000	0.000
-3145.7	-98885.2	0.000	0.000
-3143.9	-98885.2	0.000	0.000
-3142.1	-98885.2	0.000	0.000
-3140.3	-98885.2	0.000	0.000
-3138.5	-98885.2	0.000	0.000
-3136.8	-98885.2	0.000	0.000
-3135.0	-98885.2	0.000	0.000
-3133.2	-98885.2	0.000	0.000
-3131.4	-98885.2	0.000	0.000
-3129.6	-98885.2	0.000	0.000
-3127.8	-98885.2	0.000	0.000
-3126.0	-98885.2	0.000	0.000
-3124.2	-98885.2	0.000	0.000
-3122.4	-98885.2	0.000	0.000
-3120.6	-98885.2	0.000	0.000
-3118.8	-98885.2	0.000	0.000
-3117.0	-98885.2	0.000	0.000
-3115.2	-98885.2	0.000	0.000
-3113.4	-98885.2	0.000	0.000
-3111.6	-98885.2	0.000	0.000
-3109.8	-98885.2	0.000	0.000
-3108.1	-98885.2	0.000	0.000
-3106.3	-98885.2	0.000	0.000
-3104.5	-98885.2	0.000	0.000
-3176.2	-98883.4	0.000	0.000
-3174.4	-98883.4	0.000	0.000
-3172.6	-98883.4	0.000	0.000
-3170.8	-98883.4	0.000	0.000
-3169.0	-98883.4	0.000	0.000
-3167.2	-98883.4	0.000	0.000
-3165.5	-98883.4	0.000	0.000
-3163.7	-98883.4	0.000	0.000
-3161.9	-98883.4	0.000	0.000
-3160.1	-98883.4	0.000	0.000
-3158.3	-98883.4	0.000	0.000
-3156.5	-98883.4	0.000	0.000
-3154.7	-98883.4	0.000	0.000
-3152.9	-98883.4	0.000	0.000
-3151.1	-98883.4	0.000	0.000
-3149.3	-98883.4	0.000	0.000
-3147.5	-98883.4	0.000	0.000
-3145.7	-98883.4	0.000	0.000
-3143.9	-98883.4	0.000	0.000
-3142.1	-98883.4	0.000	0.000
-3140.3	-98883.4	0.000	0.000
-3138.5	-98883.4	0.000	0.000
-3136.8	-98883.4	0.000	0.000
-3135.0	-98883.4	0.000	0.000
-3133.2	-98883.4	0.000	0.000
-3131.4	-98883.4	0.000	0.000
-3129.6	-98883.4	0.000	0.000
-3127.8	-98883.4	0.000	0.000
-3126.0	-98883.4	0.000	0.000
-3124.2	-98883.4	0.000	0.000
-3122.4	-98883.4	0.000	0.000
-3120.6	-98883.4	0.000	0.000
-3118.8	-98883.4	0.000	0.000
-3117.0	-98883.4	0.000	0.000
-3115.2	-98883.4	0.000	0.000
-3113.4	-98883.4	0.000	0.000
-3111.6	-98883.4	0.000	0.000
-3109.8	-98883.4	0.000	0.000
-3108.1	-98883.4	0.000	0.000
-3106.3	-98883.4	0.000	0.000
-3104.5	-98883.4	0.000	0.000
-3176.2	-98881.6	0.000	0.000
-3174.4	-98881.6	0.000	0.000
-3172.6	-98881.6	0.000	0.000
-3170.8	-98881.6	0.000	0.000
-3169.0	-98881.6	0.000	0.000
-3167.2	-98881.6	0.000	0.000
-3165.5	-98881.6	0.000	0.000
-3163.7	-98881.6	0.000	0.000
-3161.9	-98881.6	0.000	0.000
-3160.1	-98881.6	0.000	0.000
-3158.3	-98881.6	0.000	0.000
-3156.5	-98881.6	0.000	0.000
-3154.7	-98881.6	0.000	0.000
-3152.9	-98881.6	0.000	0.000
-3151.1	-98881.6	0.000	0.000
-3149.3	-98881.6	0.000	0.000
-3147.5	-98881.6	0.000	0.000
-3145.7	-98881.6	0.000	0.000
-3143.9	-98881.6	0.000	0.000
-3142.1	-98881.6	0.000	0.000
-3140.3	-98881.6	0.000	0.000
-3138.5	-98881.6	0.000	0.000
-3136.8	-98881.6	0.000	0.000
-3135.0	-98881.6	0.000	0.000
-3133.2	-98881.6	0.000	0.000
-3131.4	-98881.6	0.000	0.000
-3129.6	-98881.6	0.000	0.000
-3127.8	-98881.6	0.000	0.000
-3126.0	-98881.6	0.000	0.000
-3124.2	-98881.6	0.000	0.000
-3122.4	-98881.6	0.000	0.000
-3120.6	-98881.6	0.000	0.000
-3118.8	-98881.6	0.000	0.000
-3117.0	-98881.6	0.000	0.000
-3115.2	-98881.6	0.000	0.000
-3113.4	-98881.6	0.000	0.000
-3111.6	-98881.6	0.000	0.000
-3109.8	-98881.6	0.000	0.000
-3108.1	-98881.6	0.000	0.000
-3106.3	-98881.6	0.000	0.000
-3104.5	-98881.6	0.000	0.000
-3176.2	-98879.8	0.000	0.000
-3174.4	-98879.8	0.000	0.000
-3172.6	-98879.8	0.000	0.000
-3170.8	-98879.8	0.000	0.000
-3169.0	-98879.8	0.000	0.000
-3167.2	-98879.8	0.000	0.000
-3165.5	-98879.8	0.000	0.000
-3163.7	-98879.8	0.000	0.000
-3161.9	-98879.8	0.000	0.000
-3160.1	-98879.8	0.000	0.000
-3158.3	-98879.8	0.000	0.000
-3156.5	-98879.8	0.000	0.000
-3154.7	-98879.8	0.000	0.000
-3152.9	-98879.8	0.000	0.000
-3151.1	-98879.8	0.000	0.000
-3149.3	-98879.8	0.000	0.000
-3147.5	-98879.8	0.000	0.000
-3145.7	-98879.8	0.000	0.000
-3143.9	-98879.8	0.000	0.000
-3142.1	-98879.8	0.000	0.000
-3140.3	-98879.8	0.000	0.000
-3138.5	-98879.8	0.000	0.000
-3136.8	-98879.8	0.000	0.000
-3135.0	-98879.8	0.000	0.000
-3133.2	-98879.8	0.000	0.000
-3131.4	-98879.8	0.000	0.000
-3129.6	-98879.8	0.000	0.000
-3127.8	-98879.8	0.000	0.000
-3126.0	-98879.8	0.000	0.000
-3124.2	-98879.8	0.000	0.000
-3122.4	-98879.8	0.000	0.000
-3120.6	-98879.8	0.000	0.000
-3118.8	-98879.8	0.000	0.000
-3117.0	-98879.8	0.000	0.000
-3115.2	-98879.8	0.000	0.000
-3113.4	-98879.8	0.000	0.000
-3111.6	-98879.8	0.000	0.000
-3109.8	-98879.8	0.000	0.000
-3108.1	-98879.8	0.000	0.000
-3106.3	-98879.8	0.000	0.000
-3104.5	-98879.8	0.000	0.000
-3176.2	-98878.0	0.000	0.000
-3174.4	-98878.0	0.000	0.000
-3172.6	-98878.0	0.000	0.000
-3170.8	-98878.0	0.000	0.000
-3169.0	-98878.0	0.000	0.000
-3167.2	-98878.0	0.000	0.000
-3165.5	-98878.0	0.000	0.000
-3163.7	-98878.0	0.000	0.000
-3161.9	-98878.0	0.000	0.000
-3160.1	-98878.0	0.000	0.000
-3158.3	-98878.0	0.000	0.000
-3156.5	-98878.0	0.000	0.000
-3154.7	-98878.0	0.000	0.000
-3152.9	-98878.0	0.000	0.000
-3151.1	-98878.0	0.000	0.000
-3149.3	-98878.0	0.000	0.000
-3147.5	-98878.0	0.000	0.000
-3145.7	-98878.0	0.000	0.000
-3143.9	-98878.0	0.000	0.000
-3142.1	-98878.0	0.000	0.000
-3140.3	-98878.0	0.000	0.000
-3138.5	-98878.0	0.000	0.000
-3136.8	-98878.0	0.000	0.000
-3135.0	-98878.0	0.000	0.000
-3133.2	-98878.0	0.000	0.000
-3131.4	-98878.0	0.000	0.000
-3129.6	-98878.0	0.000	0.000
-3127.8	-98878.0	0.000	0.000
-3126.0	-98878.0	0.000	0.000
-3124.2	-98878.0	0.000	0.000
-3122.4	-98878.0	0.000	0.000
-3120.6	-98878.0	0.000	0.000
-3118.8	-98878.0	0.000	0.000
-3117.0	-98878.0	0.000	0.000
-3115.2	-98878.0	0.000	0.000
-3113.4	-98878.0	0.000	0.000
-3111.6	-98878.0	0.000	0.000
-3109.8	-98878.0	0.000	0.000
-3108.1	-98878.0	0.000	0.000
-3106.3	-98878.0	0.000	0.000
-3104.5	-98878.0	0.000	0.000
-3176.2	-98876.2	0.000	0.000
-3174.4	-98876.2	0.000	0.000
-3172.6	-98876.2	0.000	0.000
-3170.8	-98876.2	0.000	0.000
-3169.0	-98876.2	0.000	0.000
-3167.2	-98876.2	0.000	0.000
-3165.5	-98876.2	0.000	0.000
-3163.7	-98876.2	0.000	0.000
-3161.9	-98876.2	0.000	0.000
-3160.1	-98876.2	0.000	0.000
-3158.3	-98876.2	0.000	0.000
-3156.5	-98876.2	0.000	0.000
-3154.7	-98876.2	0.000	0.000
-3152.9	-98876.2	0.000	0.000
-3151.1	-98876.2	0.000	0.000
-3149.3	-98876.2	0.000	0.000
-3147.5	-98876.2	0.000	0.000
-3145.7	-98876.2	0.000	0.000
-3143.9	-98876.2	0.000	0.000
-3142.1	-98876.2	0.000	0.000
-3140.3	-98876.2	0.000	0.000
-3138.5	-98876.2	0.000	0.000
-3136.8	-98876.2	0.000	0.000
-3135.0	-98876.2	0.000	0.000
-3133.2	-98876.2	0.000	0.000
-3131.4	-98876.2	0.000	0.000
-3129.6	-98876.2	0.000	0.000
-3127.8	-98876.2	0.000	0.000
-3126.0	-98876.2	0.000	0.000
-3124.2	-98876.2	0.000	0.000
-3122.4	-98876.2	0.000	0.000
-3120.6	-98876.2	0.000	0.000
-3118.8	-98876.2	0.000	0.000
-3117.0	-98876.2	0.000	0.000
-3115.2	-98876.2	0.000	0.000
-3113.4	-98876.2	0.000	0.000
-3111.6	-98876.2	0.000	0.000
-3109.8	-98876.2	0.000	0.000
-3108.1	-98876.2	0.000	0.000
-3106.3	-98876.2	0.000	0.000
-3104.5	-98876.2	0.000	0.000
-3176.2	-98874.4	0.000	0.000
-3174.4	-98874.4	0.000	0.000
-3172.6	-98874.4	0.000	0.000
-3170.8	-98874.4	0.000	0.000
-3169.0	-98874.4	0.000	0.000
-3167.2	-98874.4	0.000	0.000
-3165.5	-98874.4	0.000	0.000
-3163.7	-98874.4	0.000	0.000
-3161.9	-98874.4	0.000	0.000
-3160.1	-98874.4	0.000	0.000
-3158.3	-98874.4	0.000	0.000
-3156.5	-98874.4	0.000	0.000
-3154.7	-98874.4	0.000	0.000
-3152.9	-98874.4	0.000	0.000
-3151.1	-98874.4	0.000	0.000
-3149.3	-98874.4	0.000	0.000
-3147.5	-98874.4	0.000	0.000
-3145.7	-98874.4	0.000	0.000
-3143.9	-98874.4	0.000	0.000
-3142.1	-98874.4	0.000	0.000
-3140.3	-98874.4	0.000	0.000
-3138.5	-98874.4	0.000	0.000
-3136.8	-98874.4	0.000	0.000
-3135.0	-98874.4	0.000	0.000
-3133.2	-98874.4	0.000	0.000
-3131.4	-98874.4	0.000	0.000
-3129.6	-98874.4	0.000	0.000
-3127.8	-98874.4	0.000	0.000
-3126.0	-98874.4	0.000	0.000
-3124.2	-98874.4	0.000	0.000
-3122.4	-98874.4	0.000	0.000
-3120.6	-98874.4	0.000	0.000
-3118.8	-98874.4	0.000	0.000
-3117.0	-98874.4	0.000	0.000
-3115.2	-98874.4	0.000	0.000
-3113.4	-98874.4	0.000	0.000
-3111.6	-98874.4	0.000	0.000
-3109.8	-98874.4	0.000	0.000
-3108.1	-98874.4	0.000	0.000
-3106.3	-98874.4	0.000	0.000
-3104.5	-98874.4	0.000	0.000
-3176.2	-98872.6	0.000	0.000
-3174.4	-98872.6	0.000	0.000
-3172.6	-98872.6	0.000	0.000
-3170.8	-98872.6	0.000	0.000
-3169.0	-98872.6	0.000	0.000
-3167.2	-98872.6	0.000	0.000
-3165.5	-98872.6	0.000	0.000
-3163.7	-98872.6	0.000	0.000
-3161.9	-98872.6	0.000	0.000
-3160.1	-98872.6	0.000	0.000
-3158.3	-98872.6	0.000	0.000
-3156.5	-98872.6	0.000	0.000
-3154.7	-98872.6	0.000	0.000
-3152.9	-98872.6	0.000	0.000
-3151.1	-98872.6	0.000	0.000
-3149.3	-98872.6	0.000	0.000
-3147.5	-98872.6	0.000	0.000
-3145.7	-98872.6	0.000	0.000
-3143.9	-98872.6	0.000	0.000
-3142.1	-98872.6	0.000	0.000
-3140.3	-98872.6	0.000	0.000
-3138.5	-98872.6	0.000	0.000
-3136.8	-98872.6	0.000	0.000
-3135.0	-98872.6	0.000	0.000
-3133.2	-98872.6	0.000	0.000
-3131.4	-98872.6	0.000	0.000
-3129.6	-98872.6	0.000	0.000
-3127.8	-98872.6	0.000	0.000
-3126.0	-98872.6	0.000	0.000
-3124.2	-98872.6	0.000	0.000
-3122.4	-98872.6	0.000	0.000
-3120.6	-98872.6	0.000	0.000
-3118.8	-98872.6	0.000	0.000
-3117.0	-98872.6	0.000	0.000
-3115.2	-98872.6	0.000	0.000
-3113.4	-98872.6	0.000	0.000
-3111.6	-98872.6	0.000	0.000
-3109.8	-98872.6	0.000	0.000
-3108.1	-98872.6	0.000	0.000
-3106.3	-98872.6	0.000	0.000
-3104.5	-98872.6	0.000	0.000
-3176.2	-98870.8	0.000	0.000
-3174.4	-98870.8	0.000	0.000
-3172.6	-98870.8	0.000	0.000
-3170.8	-98870.8	0.000	0.000
-3169.0	-98870.8	0.000	0.000
-3167.2	-98870.8	0.000	0.000
-3165.5	-98870.8	0.000	0.000
-3163.7	-98870.8	0.000	0.000
-3161.9	-98870.8	0.000	0.000
-3160.1	-98870.8	0.000	0.000
-3158.3	-98870.8	0.000	0.000
-3156.5	-98870.8	0.000	0.000
-3154.7	-98870.8	0.000	0.000
-3152.9	-98870.8	0.000	0.000
-3151.1	-98870.8	0.000	0.000
-3149.3	-98870.8	0.000	0.000
-3147.5	-98870.8	0.000	0.000
-3145.7	-98870.8	0.000	0.000
-3143.9	-98870.8	0.000	0.000
-3142.1	-98870.8	0.000	0.000
-3140.3	-98870.8	0.000	0.000
-3138.5	-98870.8	0.000	0.000
-3136.8	-98870.8	0.000	0.000
-3135.0	-98870.8	0.000	0.000
-3133.2	-98870.8	0.000	0.000
-3131.4	-98870.8	0.000	0.000
-3129.6	-98870.8	0.000	0.000
-3127.8	-98870.8	0.000	0.000
-3126.0	-98870.8	0.000	0.000
-3124.2	-98870.8	0.000	0.000
-3122.4	-98870.8	0.000	0.000
-3120.6	-98870.8	0.000	0.000
-3118.8	-98870.8	0.000	0.000
-3117.0	-98870.8	0.000	0.000
-3115.2	-98870.8	0.000	0.000
-3113.4	-98870.8	0.000	0.000
-3111.6	-98870.8	0.000	0.000
-3109.8	-98870.8	0.000	0.000
-3108.1	-98870.8	0.000	0.000
-3106.3	-98870.8	0.000	0.000
-3104.5	-98870.8	0.000	0.000
-3176.2	-98869.0	0.000	0.000
-3174.4	-98869.0	0.000	0.000
-3172.6	-98869.0	0.000	0.000
-3170.8	-98869.0	0.000	0.000
-3169.0	-98869.0	0.000	0.000
-3167.2	-98869.0	0.000	0.000
-3165.5	-98869.0	0.000	0.000
-3163.7	-98869.0	0.000	0.000
-3161.9	-98869.0	0.000	0.000
-3160.1	-98869.0	0.000	0.000
-3158.3	-98869.0	0.000	0.000
-3156.5	-98869.0	0.000	0.000
-3154.7	-98869.0	0.000	0.000
-3152.9	-98869.0	0.000	0.000
-3151.1	-98869.0	0.000	0.000
-3149.3	-98869.0	0.000	0.000
-3147.5	-98869.0	0.000	0.000
-3145.7	-98869.0	0.000	0.000
-3143.9	-98869.0	0.000	0.000
-3142.1	-98869.0	0.000	0.000
-3140.3	-98869.0	0.000	0.000
-3138.5	-98869.0	0.000	0.000
-3136.8	-98869.0	0.000	0.000
-3135.0	-98869.0	0.000	0.000
-3133.2	-98869.0	0.000	0.000
-3131.4	-98869.0	0.000	0.000
-3129.6	-98869.0	0.000	0.000
-3127.8	-98869.0	0.000	0.000
-3126.0	-98869.0	0.000	0.000
-3124.2	-98869.0	0.000	0.000
-3122.4	-98869.0	0.000	0.000
-3120.6	-98869.0	0.000	0.000
-3118.8	-98869.0	0.000	0.000
-3117.0	-98869.0	0.000	0.000
-3115.2	-98869.0	0.000	0.000
-3113.4	-98869.0	0.000	0.000
-3111.6	-98869.0	0.000	0.000
-3109.8	-98869.0	0.000	0.000
-3108.1	-98869.0	0.000	0.000
-3106.3	-98869.0	0.000	0.000
-3104.5	-98869.0	0.000	0.000
-3176.2	-98867.2	0.000	0.000
-3174.4	-98867.2	0.000	0.000
-3172.6	-98867.2	0.000	0.000
-3170.8	-98867.2	0.000	0.000
-3169.0	-98867.2	0.000	0.000
-3167.2	-98867.2	0.000	0.000
-3165.5	-98867.2	0.000	0.000
-3163.7	-98867.2	0.000	0.000
-3161.9	-98867.2	0.000	0.000
-3160.1	-98867.2	0.000	0.000
-3158.3	-98867.2	0.000	0.000
-3156.5	-98867.2	0.000	0.000
-3154.7	-98867.2	0.000	0.000
-3152.9	-98867.2	0.000	0.000
-3151.1	-98867.2	0.000	0.000
-3149.3	-98867.2	0.000	0.000
-3147.5	-98867.2	0.000	0.000
-3145.7	-98867.2	0.000	0.000
-3143.9	-98867.2	0.000	0.000
-3142.1	-98867.2	0.000	0.000
-3140.3	-98867.2	0.000	0.000
-3138.5	-98867.2	0.000	0.000
-3136.8	-98867.2	0.000	0.000
-3135.0	-98867.2	0.000	0.000
-3133.2	-98867.2	0.000	0.000
-3131.4	-98867.2	0.000	0.000
-3129.6	-98867.2	0.000	0.000
-3127.8	-98867.2	0.000	0.000
-3126.0	-98867.2	0.000	0.000
-3124.2	-98867.2	0.000	0.000
-3122.4	-98867.2	0.000	0.000
-3120.6	-98867.2	0.000	0.000
-3118.8	-98867.2	0.000	0.000
-3117.0	-98867.2	0.000	0.000
-3115.2	-98867.2	0.000	0.000
-3113.4	-98867.2	0.000	0.000
-3111.6	-98867.2	0.000	0.000
-3109.8	-98867.2	0.000	0.000
-3108.1	-98867.2	0.000	0.000
-3106.3	-98867.2	0.000	0.000
-3104.5	-98867.2	0.000	0.000
-3176.2	-98865.4	0.000	0.000
-3174.4	-98865.4	0.000	0.000
-3172.6	-98865.4	0.000	0.000
-3170.8	-98865.4	0.000	0.000
-3169.0	-98865.4	0.000	0.000
-3167.2	-98865.4	0.000	0.000
-3165.5	-98865.4	0.000	0.000
-3163.7	-98865.4	0.000	0.000
-3161.9	-98865.4	0.000	0.000
-3160.1	-98865.4	0.000	0.000
-3158.3	-98865.4	0.000	0.000
-3156.5	-98865.4	0.000	0.000
-3154.7	-98865.4	0.000	0.000
-3152.9	-98865.4	0.000	0.000
-3151.1	-98865.4	0.000	0.000
-3149.3	-98865.4	0.000	0.000
-3147.5	-98865.4	0.000	0.000
-3145.7	-98865.4	0.000	0.000
-3143.9	-98865.4	0.000	0.000
-3142.1	-98865.4	0.000	0.000
-3140.3	-98865.4	0.000	0.000
-3138.5	-98865.4	0.000	0.000
-3136.8	-98865.4	0.000	0.000
-3135.0	-98865.4	0.000	0.000
-3133.2	-98865.4	0.000	0.000
-3131.4	-98865.4	0.000	0.000
-3129.6	-98865.4	0.000	0.000
-3127.8	-98865.4	0.000	0.000
-3126.0	-98865.4	0.000	0.000
-3124.2	-98865.4	0.000	0.000
-3122.4	-98865.4	0.000	0.000
-3120.6	-98865.4	0.000	0.000
-3118.8	-98865.4	0.000	0.000
-3117.0	-98865.4	0.000	0.000
-3115.2	-98865.4	0.000	0.000
-3113.4	-98865.4	0.000	0.000
-3111.6	-98865.4	0.000	0.000
-3109.8	-98865.4	0.000	0.000
-3108.1	-98865.4	0.000	0.000
-3106.3	-98865.4	0.000	0.000
-3104.5	-98865.4	0.000	0.000
-3176.2	-98863.6	0.000	0.000
-3174.4	-98863.6	0.000	0.000
-3172.6	-98863.6	0.000	0.000
-3170.8	-98863.6	0.000	0.000
-3169.0	-98863.6	0.000	0.000
-3167.2	-98863.6	0.000	0.000
-3165.5	-98863.6	0.000	0.000
-3163.7	-98863.6	0.000	0.000
-3161.9	-98863.6	0.000	0.000
-3160.1	-98863.6	0.000	0.000
-3158.3	-98863.6	0.000	0.000
-3156.5	-98863.6	0.000	0.000
-3154.7	-98863.6	0.000	0.000
-3152.9	-98863.6	0.000	0.000
-3151.1	-98863.6	0.000	0.000
-3149.3	-98863.6	0.000	0.000
-3147.5	-98863.6	0.000	0.000
-3145.7	-98863.6	0.000	0.000
-3143.9	-98863.6	0.000	0.000
-3142.1	-98863.6	0.000	0.000
-3140.3	-98863.6	0.000	0.000
-3138.5	-98863.6	0.000	0.000
-3136.8	-98863.6	0.000	0.000
-3135.0	-98863.6	0.000	0.000
-3133.2	-98863.6	0.000	0.000
-3131.4	-98863.6	0.000	0.000
-3129.6	-98863.6	0.000	0.000
-3127.8	-98863.6	0.000	0.000
-3126.0	-98863.6	0.000	0.000
-3124.2	-98863.6	0.000	0.000
-3122.4	-98863.6	0.000	0.000
-3120.6	-98863.6	0.000	0.000
-3118.8	-98863.6	0.000	0.000
-3117.0	-98863.6	0.000	0.000
-3115.2	-98863.6	0.000	0.000
-3113.4	-98863.6	0.000	0.000
-3111.6	-98863.6	0.000	0.000
-3109.8	-98863.6	0.000	0.000
-3108.1	-98863.6	0.000	0.000
-3106.3	-98863.6	0.000	0.000
-3104.5	-98863.6	0.000	0.000
-3176.2	-98861.8	0.000	0.000
-3174.4	-98861.8	0.000	0.000
-3172.6	-98861.8	0.000	0.000
-3170.8	-98861.8	0.000	0.000
-3169.0	-98861.8	0.000	0.000
-3167.2	-98861.8	0.000	0.000
-3165.5	-98861.8	0.000	0.000
-3163.7	-98861.8	0.000	0.000
-3161.9	-98861.8	0.000	0.000
-3160.1	-98861.8	0.000	0.000
-3158.3	-98861.8	0.000	0.000
-3156.5	-98861.8	0.000	0.000
-3154.7	-98861.8	0.000	0.000
-3152.9	-98861.8	0.000	0.000
-3151.1	-98861.8	0.000	0.000
-3149.3	-98861.8	0.000	0.000
-3147.5	-98861.8	0.000	0.000
-3145.7	-98861.8	0.000	0.000
-3143.9	-98861.8	0.000	0.000
-3142.1	-98861.8	0.000	0.000
-3140.3	-98861.8	0.000	0.000
-3138.5	-98861.8	0.000	0.000
-3136.8	-98861.8	0.000	0.000
-3135.0	-98861.8	0.000	0.000
-3133.2	-98861.8	0.000	0.000
-3131.4	-98861.8	0.000	0.000
-3129.6	-98861.8	0.000	0.000
-3127.8	-98861.8	0.000	0.000
-3126.0	-98861.8	0.000	0.000
-3124.2	-98861.8	0.000	0.000
-3122.4	-98861.8	0.000	0.000
-3120.6	-98861.8	0.000	0.000
-3118.8	-98861.8	0.000	0.000
-3117.0	-98861.8	0.000	0.000
-3115.2	-98861.8	0.000	0.000
-3113.4	-98861.8	0.000	0.000
-3111.6	-98861.8	0.000	0.000
-3109.8	-98861.8	0.000	0.000
-3108.1	-98861.8	0.000	0.000
-3106.3	-98861.8	0.000	0.000
-3104.5	-98861.8	0.000	0.000
-3176.2	-98860.1	0.000	0.000
-3174.4	-98860.1	0.000	0.000
-3172.6	-98860.1	0.000	0.000
-3170.8	-98860.1	0.000	0.000
-3169.0	-98860.1	0.000	0.000
-3167.2	-98860.1	0.000	0.000
-3165.5	-98860.1	0.000	0.000
-3163.7	-98860.1	0.000	0.000
-3161.9	-98860.1	0.000	0.000
-3160.1	-98860.1	0.000	0.000
-3158.3	-98860.1	0.000	0.000
-3156.5	-98860.1	0.000	0.000
-3154.7	-98860.1	0.000	0.000
-3152.9	-98860.1	0.000	0.000
-3151.1	-98860.1	0.000	0.000
-3149.3	-98860.1	0.000	0.000
-3147.5	-98860.1	0.000	0.000
-3145.7	-98860.1	0.000	0.000
-3143.9	-98860.1	0.000	0.000
-3142.1	-98860.1	0.000	0.000
-3140.3	-98860.1	0.000	0.000
-3138.5	-98860.1	0.000	0.000
-3136.8	-98860.1	0.000	0.000
-3135.0	-98860.1	0.000	0.000
-3133.2	-98860.1	0.000	0.000
-3131.4	-98860.1	0.000	0.000
-3129.6	-98860.1	0.000	0.000
-3127.8	-98860.1	0.000	0.000
-3126.0	-98860.1	0.000	0.000
-3124.2	-98860.1	0.000	0.000
-3122.4	-98860.1	0.000	0.000
-3120.6	-98860.1	0.000	0.000
-3118.8	-98860.1	0.000	0.000
-3117.0	-98860.1	0.000	0.000
-3115.2	-98860.1	0.000	0.000
-3113.4	-98860.1	0.000	0.000
-3111.6	-98860.1	0.000	0.000
-3109.8	-98860.1	0.000	0.000
-3108.1	-98860.1	0.000	0.000
-3106.3	-98860.1	0.000	0.000
-3104.5	-98860.1	0.000	0.000
-3176.2	-98858.3	0.000	0.000
-3174.4	-98858.3	0.000	0.000
-3172.6	-98858.3	0.000	0.000
-3170.8	-98858.3	0.000	0.000
-3169.0	-98858.3	0.000	0.000
-3167.2	-98858.3	0.000	0.000
-3165.5	-98858.3	0.000	0.000
-3163.7	-98858.3	0.000	0.000
-3161.9	-98858.3	0.000	0.000
-3160.1	-98858.3	0.000	0.000
-3158.3	-98858.3	0.000	0.000
-3156.5	-98858.3	0.000	0.000
-3154.7	-98858.3	0.000	0.000
-3152.9	-98858.3	0.000	0.000
-3151.1	-98858.3	0.000	0.000
-3149.3	-98858.3	0.000	0.000
-3147.5	-98858.3	0.000	0.000
-3145.7	-98858.3	0.000	0.000
-3143.9	-98858.3	0.000	0.000
-3142.1	-98858.3	0.000	0.000
-3140.3	-98858.3	0.000	0.000
-3138.5	-98858.3	0.000	0.000
-3136.8	-98858.3	0.000	0.000
-3135.0	-98858.3	0.000	0.000
-3133.2	-98858.3	0.000	0.000
-3131.4	-98858.3	0.000	0.000
-3129.6	-98858.3	0.000	0.000
-3127.8	-98858.3	0.000	0.000
-3126.0	-98858.3	0.000	0.000
-3124.2	-98858.3	0.000	0.000
-3122.4	-98858.3	0.000	0.000
-3120.6	-98858.3	0.000	0.000
-3118.8	-98858.3	0.000	0.000
-3117.0	-98858.3	0.000	0.000
-3115.2	-98858.3	0.000	0.000
-3113.4	-98858.3	0.000	0.000
-3111.6	-98858.3	0.000	0.000
-3109.8	-98858.3	0.000	0.000
-3108.1	-98858.3	0.000	0.000
-3106.3	-98858.3	0.000	0.000
-3104.5	-98858.3	0.000	0.000
-3176.2	-98856.5	0.000	0.000
-3174.4	-98856.5	0.000	0.000
-3172.6	-98856.5	0.000	0.000
-3170.8	-98856.5	0.000	0.000
-3169.0	-98856.5	0.000	0.000
-3167.2	-98856.5	0.000	0.000
-3165.5	-98856.5	0.000	0.000
-3163.7	-98856.5	0.000	0.000
-3161.9	-98856.5	0.000	0.000
-3160.1	-98856.5	0.000	0.000
-3158.3	-98856.5	0.000	0.000
-3156.5	-98856.5	0.000	0.000
-3154.7	-98856.5	0.000	0.000
-3152.9	-98856.5	0.000	0.000
-3151.1	-98856.5	0.000	0.000
-3149.3	-98856.5	0.000	0.000
-3147.5	-98856.5	0.000	0.000
-3145.7	-98856.5	0.000	0.000
-3143.9	-98856.5	0.000	0.000
-3142.1	-98856.5	0.000	0.000
-3140.3	-98856.5	0.000	0.000
-3138.5	-98856.5	0.000	0.000
-3136.8	-98856.5	0.000	0.000
-3135.0	-98856.5	0.000	0.000
-3133.2	-98856.5	0.000	0.000
-3131.4	-98856.5	0.000	0.000
-3129.6	-98856.5	0.000	0.000
-3127.8	-98856.5	0.000	0.000
-3126.0	-98856.5	0.000	0.000
-3124.2	-98856.5	0.000	0.000
-3122.4	-98856.5	0.000	0.000
-3120.6	-98856.5	0.000	0.000
-3118.8	-98856.5	0.000	0.000
-3117.0	-98856.5	0.000	0.000
-3115.2	-98856.5	0.000	0.000
-3113.4	-98856.5	0.000	0.000
-3111.6	-98856.5	0.000	0.000
-3109.8	-98856.5	0.000	0.000
-3108.1	-98856.5	0.000	0.000
-3106.3	-98856.5	0.000	0.000
-3104.5	-98856.5	0.000	0.000
