-3176.2	-98930.0	0.000	0.000
-3174.4	-98930.0	-0.058	-0.888
-3172.6	-98930.0	-0.012	-0.047
-3170.8	-98930.0	-0.012	-0.058
-3169.0	-98930.0	0.000	-0.070
-3167.2	-98930.0	-0.012	-0.082
-3165.5	-98930.0	0.023	-0.012
-3163.7	-98930.0	0.035	0.047
-3161.9	-98930.0	0.023	0.023
-3160.1	-98930.0	0.035	0.012
-3158.3	-98930.0	0.035	0.023
-3156.5	-98930.0	0.047	0.023
-3154.7	-98930.0	0.047	0.082
-3152.9	-98930.0	-0.012	0.047
-3151.1	-98930.0	0.000	0.035
-3149.3	-98930.0	0.012	0.035
-3147.5	-98930.0	-0.023	0.058
-3145.7	-98930.0	-0.023	0.128
-3143.9	-98930.0	-0.047	0.315
-3142.1	-98930.0	0.035	0.350
-3140.3	-98930.0	0.070	0.374
-3138.5	-98930.0	0.093	0.420
-3136.8	-98930.0	-0.047	0.689
-3135.0	-98930.0	-0.257	0.491
-3133.2	-98930.0	0.187	0.292
-3131.4	-98930.0	0.023	0.572
-3129.6	-98930.0	0.012	0.561
-3127.8	-98930.0	-0.035	0.491
-3126.0	-98930.0	0.023	0.350
-3124.2	-98930.0	0.012	0.432
-3122.4	-98930.0	-0.035	0.502
-3120.6	-98930.0	0.035	0.934
-3118.8	-98930.0	-0.105	0.479
-3117.0	-98930.0	-0.035	0.432
-3115.2	-98930.0	-0.409	0.105
-3113.4	-98930.0	0.023	0.187
-3111.6	-98930.0	-0.362	0.397
-3109.8	-98930.0	0.000	0.000
-3108.1	-98930.0	0.000	0.000
-3106.3	-98930.0	0.117	-0.818
-3104.5	-98930.0	0.000	0.000
-3176.2	-98928.2	0.000	0.000
-3174.4	-98928.2	0.000	0.000
-3172.6	-98928.2	-0.023	-0.035
-3170.8	-98928.2	-0.023	-0.012
-3169.0	-98928.2	0.000	0.000
-3167.2	-98928.2	0.035	0.000
-3165.5	-98928.2	0.012	0.070
-3163.7	-98928.2	0.058	0.117
-3161.9	-98928.2	0.023	0.058
-3160.1	-98928.2	0.047	0.035
-3158.3	-98928.2	0.012	0.058
-3156.5	-98928.2	0.023	0.035
-3154.7	-98928.2	0.058	0.070
-3152.9	-98928.2	0.000	0.023
-3151.1	-98928.2	0.012	0.023
-3149.3	-98928.2	0.000	0.035
-3147.5	-98928.2	-0.012	0.082
-3145.7	-98928.2	0.070	0.187
-3143.9	-98928.2	0.012	0.269
-3142.1	-98928.2	0.023	0.479
-3140.3	-98928.2	0.000	0.432
-3138.5	-98928.2	0.140	0.187
-3136.8	-98928.2	-0.023	0.362
-3135.0	-98928.2	-0.012	0.502
-3133.2	-98928.2	0.012	0.537
-3131.4	-98928.2	0.070	0.409
-3129.6	-98928.2	0.012	0.526
-3127.8	-98928.2	0.058	0.514
-3126.0	-98928.2	0.058	0.491
-3124.2	-98928.2	0.070	0.502
-3122.4	-98928.2	-0.023	0.549
-3120.6	-98928.2	-0.012	0.491
-3118.8	-98928.2	-0.082	0.549
-3117.0	-98928.2	-0.035	0.502
-3115.2	-98928.2	-0.082	0.409
-3113.4	-98928.2	-0.140	0.327
-3111.6	-98928.2	-0.082	0.385
-3109.8	-98928.2	-0.012	0.304
-3108.1	-98928.2	0.058	0.047
-3106.3	-98928.2	0.000	0.000
-3104.5	-98928.2	0.000	0.000
-3176.2	-98926.4	0.000	0.000
-3174.4	-98926.4	0.000	0.000
-3172.6	-98926.4	-0.012	-0.012
-3170.8	-98926.4	-0.012	0.012
-3169.0	-98926.4	0.000	0.035
-3167.2	-98926.4	0.023	0.082
-3165.5	-98926.4	0.047	0.082
-3163.7	-98926.4	0.047	0.105
-3161.9	-98926.4	0.047	0.082
-3160.1	-98926.4	0.012	0.058
-3158.3	-98926.4	0.035	0.058
-3156.5	-98926.4	0.023	0.058
-3154.7	-98926.4	0.023	0.082
-3152.9	-98926.4	0.035	0.082
-3151.1	-98926.4	0.012	0.035
-3149.3	-98926.4	0.000	0.058
-3147.5	-98926.4	0.012	0.128
-3145.7	-98926.4	0.047	0.234
-3143.9	-98926.4	0.012	0.280
-3142.1	-98926.4	0.012	0.362
-3140.3	-98926.4	-0.012	0.444
-3138.5	-98926.4	0.058	0.561
-3136.8	-98926.4	-0.047	0.491
-3135.0	-98926.4	0.035	0.409
-3133.2	-98926.4	0.058	0.491
-3131.4	-98926.4	0.035	0.514
-3129.6	-98926.4	0.012	0.561
-3127.8	-98926.4	0.058	0.467
-3126.0	-98926.4	0.140	0.526
-3124.2	-98926.4	0.023	0.467
-3122.4	-98926.4	-0.058	0.374
-3120.6	-98926.4	0.023	0.432
-3118.8	-98926.4	-0.012	0.502
-3117.0	-98926.4	-0.012	0.397
-3115.2	-98926.4	-0.012	0.409
-3113.4	-98926.4	-0.093	0.339
-3111.6	-98926.4	0.023	0.432
-3109.8	-98926.4	0.070	0.432
-3108.1	-98926.4	0.000	0.093
-3106.3	-98926.4	0.000	0.000
-3104.5	-98926.4	0.000	0.000
-3176.2	-98924.6	0.000	0.000
-3174.4	-98924.6	0.000	0.000
-3172.6	-98924.6	0.058	0.058
-3170.8	-98924.6	0.035	0.012
-3169.0	-98924.6	0.000	0.023
-3167.2	-98924.6	0.023	0.082
-3165.5	-98924.6	0.000	0.023
-3163.7	-98924.6	-0.012	0.070
-3161.9	-98924.6	-0.012	0.082
-3160.1	-98924.6	0.012	0.035
-3158.3	-98924.6	0.035	0.082
-3156.5	-98924.6	0.035	0.047
-3154.7	-98924.6	0.023	0.047
-3152.9	-98924.6	0.023	0.070
-3151.1	-98924.6	0.000	0.047
-3149.3	-98924.6	0.023	0.082
-3147.5	-98924.6	-0.012	0.222
-3145.7	-98924.6	0.023	0.304
-3143.9	-98924.6	-0.058	0.409
-3142.1	-98924.6	0.012	0.327
-3140.3	-98924.6	-0.058	0.502
-3138.5	-98924.6	-0.023	0.596
-3136.8	-98924.6	0.000	0.537
-3135.0	-98924.6	0.023	0.561
-3133.2	-98924.6	0.023	0.561
-3131.4	-98924.6	0.000	0.537
-3129.6	-98924.6	0.035	0.537
-3127.8	-98924.6	-0.012	0.537
-3126.0	-98924.6	0.023	0.502
-3124.2	-98924.6	0.023	0.561
-3122.4	-98924.6	0.023	0.549
-3120.6	-98924.6	0.023	0.537
-3118.8	-98924.6	-0.012	0.677
-3117.0	-98924.6	-0.093	0.537
-3115.2	-98924.6	-0.035	0.420
-3113.4	-98924.6	0.047	0.432
-3111.6	-98924.6	0.012	0.315
-3109.8	-98924.6	-0.023	0.245
-3108.1	-98924.6	-0.035	0.175
-3106.3	-98924.6	0.000	0.000
-3104.5	-98924.6	0.000	0.000
-3176.2	-98922.8	0.000	0.000
-3174.4	-98922.8	0.000	0.000
-3172.6	-98922.8	0.035	0.023
-3170.8	-98922.8	0.047	0.035
-3169.0	-98922.8	0.023	0.047
-3167.2	-98922.8	-0.023	0.187
-3165.5	-98922.8	0.023	0.222
-3163.7	-98922.8	0.012	0.140
-3161.9	-98922.8	-0.012	0.093
-3160.1	-98922.8	0.058	0.047
-3158.3	-98922.8	0.058	0.093
-3156.5	-98922.8	0.058	0.175
-3154.7	-98922.8	0.070	0.140
-3152.9	-98922.8	-0.012	0.070
-3151.1	-98922.8	0.012	0.070
-3149.3	-98922.8	0.012	0.093
-3147.5	-98922.8	0.058	0.164
-3145.7	-98922.8	0.035	0.327
-3143.9	-98922.8	-0.012	0.362
-3142.1	-98922.8	0.012	0.397
-3140.3	-98922.8	-0.082	0.537
-3138.5	-98922.8	-0.035	0.479
-3136.8	-98922.8	-0.012	0.572
-3135.0	-98922.8	-0.012	0.596
-3133.2	-98922.8	0.047	0.514
-3131.4	-98922.8	0.012	0.631
-3129.6	-98922.8	0.012	0.549
-3127.8	-98922.8	0.047	0.467
-3126.0	-98922.8	0.023	0.502
-3124.2	-98922.8	0.012	0.526
-3122.4	-98922.8	0.012	0.479
-3120.6	-98922.8	-0.023	0.409
-3118.8	-98922.8	-0.023	0.596
-3117.0	-98922.8	0.012	0.502
-3115.2	-98922.8	-0.035	0.502
-3113.4	-98922.8	-0.023	0.479
-3111.6	-98922.8	-0.164	0.432
-3109.8	-98922.8	-0.070	0.292
-3108.1	-98922.8	0.000	0.117
-3106.3	-98922.8	0.000	0.000
-3104.5	-98922.8	0.000	0.000
-3176.2	-98921.0	0.000	0.000
-3174.4	-98921.0	0.000	0.000
-3172.6	-98921.0	0.012	0.023
-3170.8	-98921.0	-0.012	0.023
-3169.0	-98921.0	0.000	0.035
-3167.2	-98921.0	0.035	0.222
-3165.5	-98921.0	0.047	0.199
-3163.7	-98921.0	-0.035	0.035
-3161.9	-98921.0	0.000	0.082
-3160.1	-98921.0	0.047	0.175
-3158.3	-98921.0	0.023	0.187
-3156.5	-98921.0	0.093	0.152
-3154.7	-98921.0	0.082	0.164
-3152.9	-98921.0	0.023	0.070
-3151.1	-98921.0	0.023	0.082
-3149.3	-98921.0	0.023	0.093
-3147.5	-98921.0	0.000	0.199
-3145.7	-98921.0	0.000	0.327
-3143.9	-98921.0	-0.047	0.455
-3142.1	-98921.0	-0.012	0.479
-3140.3	-98921.0	-0.058	0.409
-3138.5	-98921.0	-0.023	0.491
-3136.8	-98921.0	0.000	0.607
-3135.0	-98921.0	0.012	0.666
-3133.2	-98921.0	0.035	0.619
-3131.4	-98921.0	0.012	0.619
-3129.6	-98921.0	-0.023	0.607
-3127.8	-98921.0	-0.012	0.584
-3126.0	-98921.0	0.000	0.467
-3124.2	-98921.0	-0.023	0.502
-3122.4	-98921.0	0.012	0.479
-3120.6	-98921.0	-0.070	0.385
-3118.8	-98921.0	-0.047	0.327
-3117.0	-98921.0	-0.012	0.432
-3115.2	-98921.0	-0.058	0.455
-3113.4	-98921.0	-0.035	0.269
-3111.6	-98921.0	0.000	0.234
-3109.8	-98921.0	-0.140	0.140
-3108.1	-98921.0	-0.117	0.105
-3106.3	-98921.0	0.000	0.000
-3104.5	-98921.0	0.000	0.000
-3176.2	-98919.3	0.000	0.000
-3174.4	-98919.3	0.000	0.000
-3172.6	-98919.3	0.000	-0.012
-3170.8	-98919.3	-0.012	0.047
-3169.0	-98919.3	-0.070	0.093
-3167.2	-98919.3	0.058	0.164
-3165.5	-98919.3	0.035	0.222
-3163.7	-98919.3	0.012	0.117
-3161.9	-98919.3	0.012	0.093
-3160.1	-98919.3	0.070	0.140
-3158.3	-98919.3	0.023	0.117
-3156.5	-98919.3	0.035	0.152
-3154.7	-98919.3	0.023	0.128
-3152.9	-98919.3	0.035	0.117
-3151.1	-98919.3	-0.023	0.070
-3149.3	-98919.3	-0.047	0.105
-3147.5	-98919.3	-0.058	0.199
-3145.7	-98919.3	-0.023	0.304
-3143.9	-98919.3	-0.117	0.409
-3142.1	-98919.3	-0.047	0.514
-3140.3	-98919.3	-0.058	0.537
-3138.5	-98919.3	-0.023	0.561
-3136.8	-98919.3	-0.012	0.619
-3135.0	-98919.3	-0.035	0.689
-3133.2	-98919.3	-0.023	0.607
-3131.4	-98919.3	0.023	0.514
-3129.6	-98919.3	-0.012	0.572
-3127.8	-98919.3	0.047	0.514
-3126.0	-98919.3	0.035	0.502
-3124.2	-98919.3	0.035	0.561
-3122.4	-98919.3	0.047	0.444
-3120.6	-98919.3	-0.058	0.432
-3118.8	-98919.3	0.012	0.397
-3117.0	-98919.3	-0.058	0.420
-3115.2	-98919.3	0.058	0.572
-3113.4	-98919.3	0.012	0.350
-3111.6	-98919.3	0.058	0.374
-3109.8	-98919.3	-0.047	0.234
-3108.1	-98919.3	-0.023	0.093
-3106.3	-98919.3	0.000	0.000
-3104.5	-98919.3	0.000	0.000
-3176.2	-98917.5	0.000	0.000
-3174.4	-98917.5	0.000	0.000
-3172.6	-98917.5	-0.023	-0.012
-3170.8	-98917.5	0.047	0.023
-3169.0	-98917.5	0.012	0.117
-3167.2	-98917.5	0.035	0.152
-3165.5	-98917.5	0.082	0.164
-3163.7	-98917.5	-0.105	0.117
-3161.9	-98917.5	-0.023	0.105
-3160.1	-98917.5	0.035	0.105
-3158.3	-98917.5	0.082	0.152
-3156.5	-98917.5	0.035	0.245
-3154.7	-98917.5	-0.023	0.128
-3152.9	-98917.5	-0.023	0.140
-3151.1	-98917.5	-0.012	0.128
-3149.3	-98917.5	-0.035	0.210
-3147.5	-98917.5	-0.035	0.245
-3145.7	-98917.5	-0.105	0.327
-3143.9	-98917.5	-0.082	0.455
-3142.1	-98917.5	-0.082	0.467
-3140.3	-98917.5	-0.070	0.526
-3138.5	-98917.5	-0.070	0.467
-3136.8	-98917.5	0.023	0.584
-3135.0	-98917.5	0.035	0.549
-3133.2	-98917.5	0.012	0.619
-3131.4	-98917.5	-0.035	0.619
-3129.6	-98917.5	-0.035	0.596
-3127.8	-98917.5	0.058	0.584
-3126.0	-98917.5	-0.012	0.514
-3124.2	-98917.5	-0.023	0.502
-3122.4	-98917.5	-0.023	0.455
-3120.6	-98917.5	0.023	0.491
-3118.8	-98917.5	-0.093	0.561
-3117.0	-98917.5	0.093	0.526
-3115.2	-98917.5	0.023	0.420
-3113.4	-98917.5	0.070	0.432
-3111.6	-98917.5	0.093	0.537
-3109.8	-98917.5	0.070	0.257
-3108.1	-98917.5	0.012	0.093
-3106.3	-98917.5	0.117	0.677
-3104.5	-98917.5	0.000	0.000
-3176.2	-98915.7	0.000	0.000
-3174.4	-98915.7	0.000	0.000
-3172.6	-98915.7	-0.035	0.047
-3170.8	-98915.7	0.058	0.152
-3169.0	-98915.7	0.082	0.222
-3167.2	-98915.7	-0.012	0.187
-3165.5	-98915.7	-0.012	0.164
-3163.7	-98915.7	-0.047	0.199
-3161.9	-98915.7	-0.023	0.175
-3160.1	-98915.7	0.023	0.187
-3158.3	-98915.7	0.000	0.128
-3156.5	-98915.7	0.035	0.187
-3154.7	-98915.7	0.000	0.187
-3152.9	-98915.7	-0.035	0.117
-3151.1	-98915.7	0.012	0.140
-3149.3	-98915.7	-0.012	0.199
-3147.5	-98915.7	-0.035	0.280
-3145.7	-98915.7	-0.058	0.374
-3143.9	-98915.7	-0.058	0.479
-3142.1	-98915.7	-0.058	0.385
-3140.3	-98915.7	-0.105	0.561
-3138.5	-98915.7	-0.082	0.502
-3136.8	-98915.7	0.012	0.561
-3135.0	-98915.7	0.000	0.561
-3133.2	-98915.7	-0.070	0.619
-3131.4	-98915.7	-0.035	0.619
-3129.6	-98915.7	0.023	0.619
-3127.8	-98915.7	0.047	0.654
-3126.0	-98915.7	-0.012	0.526
-3124.2	-98915.7	0.035	0.526
-3122.4	-98915.7	-0.023	0.677
-3120.6	-98915.7	-0.035	0.514
-3118.8	-98915.7	-0.058	0.455
-3117.0	-98915.7	0.070	0.561
-3115.2	-98915.7	-0.023	0.420
-3113.4	-98915.7	0.012	0.432
-3111.6	-98915.7	0.140	0.257
-3109.8	-98915.7	0.047	0.175
-3108.1	-98915.7	0.035	0.140
-3106.3	-98915.7	0.000	0.000
-3104.5	-98915.7	0.000	0.000
-3176.2	-98913.9	0.000	0.000
-3174.4	-98913.9	0.000	0.000
-3172.6	-98913.9	-0.058	0.012
-3170.8	-98913.9	0.035	0.128
-3169.0	-98913.9	0.035	0.140
-3167.2	-98913.9	0.000	0.105
-3165.5	-98913.9	-0.012	0.105
-3163.7	-98913.9	0.035	0.257
-3161.9	-98913.9	0.000	0.175
-3160.1	-98913.9	0.000	0.327
-3158.3	-98913.9	0.082	0.362
-3156.5	-98913.9	0.023	0.467
-3154.7	-98913.9	0.012	0.175
-3152.9	-98913.9	-0.047	0.199
-3151.1	-98913.9	-0.023	0.164
-3149.3	-98913.9	0.047	0.280
-3147.5	-98913.9	-0.023	0.315
-3145.7	-98913.9	-0.058	0.385
-3143.9	-98913.9	-0.047	0.502
-3142.1	-98913.9	-0.070	0.549
-3140.3	-98913.9	-0.093	0.572
-3138.5	-98913.9	-0.117	0.549
-3136.8	-98913.9	-0.023	0.666
-3135.0	-98913.9	-0.047	0.724
-3133.2	-98913.9	-0.047	0.701
-3131.4	-98913.9	-0.058	0.642
-3129.6	-98913.9	-0.012	0.607
-3127.8	-98913.9	-0.047	0.619
-3126.0	-98913.9	-0.012	0.596
-3124.2	-98913.9	-0.035	0.596
-3122.4	-98913.9	0.012	0.654
-3120.6	-98913.9	-0.012	0.572
-3118.8	-98913.9	-0.058	0.444
-3117.0	-98913.9	0.012	0.491
-3115.2	-98913.9	-0.058	0.374
-3113.4	-98913.9	-0.105	0.315
-3111.6	-98913.9	-0.070	0.269
-3109.8	-98913.9	0.035	0.199
-3108.1	-98913.9	0.012	0.187
-3106.3	-98913.9	0.000	0.000
-3104.5	-98913.9	0.000	0.000
-3176.2	-98912.1	0.000	0.000
-3174.4	-98912.1	0.000	0.000
-3172.6	-98912.1	-0.012	-0.023
-3170.8	-98912.1	0.047	0.047
-3169.0	-98912.1	-0.023	0.175
-3167.2	-98912.1	-0.023	0.210
-3165.5	-98912.1	-0.023	0.339
-3163.7	-98912.1	0.070	0.257
-3161.9	-98912.1	0.035	0.187
-3160.1	-98912.1	0.093	0.199
-3158.3	-98912.1	0.093	0.234
-3156.5	-98912.1	0.058	0.245
-3154.7	-98912.1	0.105	0.199
-3152.9	-98912.1	0.035	0.199
-3151.1	-98912.1	-0.047	0.234
-3149.3	-98912.1	-0.058	0.234
-3147.5	-98912.1	-0.082	0.455
-3145.7	-98912.1	-0.023	0.561
-3143.9	-98912.1	-0.058	0.526
-3142.1	-98912.1	-0.058	0.491
-3140.3	-98912.1	-0.082	0.642
-3138.5	-98912.1	-0.093	0.467
-3136.8	-98912.1	-0.070	0.467
-3135.0	-98912.1	-0.047	0.654
-3133.2	-98912.1	0.047	0.654
-3131.4	-98912.1	-0.117	0.642
-3129.6	-98912.1	-0.058	0.596
-3127.8	-98912.1	-0.047	0.642
-3126.0	-98912.1	0.023	0.654
-3124.2	-98912.1	0.012	0.666
-3122.4	-98912.1	0.035	0.677
-3120.6	-98912.1	0.058	0.432
-3118.8	-98912.1	-0.082	0.432
-3117.0	-98912.1	-0.047	0.455
-3115.2	-98912.1	-0.047	0.339
-3113.4	-98912.1	-0.047	0.327
-3111.6	-98912.1	-0.012	0.280
-3109.8	-98912.1	0.070	0.152
-3108.1	-98912.1	0.070	0.082
-3106.3	-98912.1	0.152	0.701
-3104.5	-98912.1	0.000	0.000
-3176.2	-98910.3	0.000	0.000
-3174.4	-98910.3	0.000	0.000
-3172.6	-98910.3	-0.023	0.023
-3170.8	-98910.3	-0.035	-0.012
-3169.0	-98910.3	-0.012	0.047
-3167.2	-98910.3	-0.023	0.070
-3165.5	-98910.3	0.023	0.222
-3163.7	-98910.3	0.082	0.222
-3161.9	-98910.3	0.105	0.175
-3160.1	-98910.3	0.128	0.222
-3158.3	-98910.3	0.035	0.140
-3156.5	-98910.3	0.058	0.175
-3154.7	-98910.3	0.070	0.210
-3152.9	-98910.3	0.035	0.222
-3151.1	-98910.3	-0.012	0.187
-3149.3	-98910.3	-0.012	0.234
-3147.5	-98910.3	-0.047	0.374
-3145.7	-98910.3	-0.058	0.491
-3143.9	-98910.3	-0.093	0.479
-3142.1	-98910.3	-0.117	0.549
-3140.3	-98910.3	-0.070	0.631
-3138.5	-98910.3	0.012	0.596
-3136.8	-98910.3	-0.023	0.607
-3135.0	-98910.3	-0.047	0.654
-3133.2	-98910.3	0.012	0.689
-3131.4	-98910.3	0.023	0.642
-3129.6	-98910.3	0.058	0.584
-3127.8	-98910.3	0.012	0.619
-3126.0	-98910.3	0.000	0.619
-3124.2	-98910.3	-0.012	0.607
-3122.4	-98910.3	-0.047	0.572
-3120.6	-98910.3	-0.023	0.491
-3118.8	-98910.3	-0.012	0.526
-3117.0	-98910.3	-0.047	0.596
-3115.2	-98910.3	-0.082	0.526
-3113.4	-98910.3	-0.047	0.420
-3111.6	-98910.3	-0.093	0.327
-3109.8	-98910.3	-0.175	0.292
-3108.1	-98910.3	0.000	0.093
-3106.3	-98910.3	0.152	0.187
-3104.5	-98910.3	0.000	0.000
-3176.2	-98908.5	0.000	0.000
-3174.4	-98908.5	0.000	0.000
-3172.6	-98908.5	-0.070	0.514
-3170.8	-98908.5	0.047	0.082
-3169.0	-98908.5	0.000	0.058
-3167.2	-98908.5	0.035	0.105
-3165.5	-98908.5	0.140	0.152
-3163.7	-98908.5	0.128	0.152
-3161.9	-98908.5	0.093	0.315
-3160.1	-98908.5	0.093	0.315
-3158.3	-98908.5	0.082	0.222
-3156.5	-98908.5	0.012	0.128
-3154.7	-98908.5	0.093	0.269
-3152.9	-98908.5	-0.035	0.257
-3151.1	-98908.5	0.012	0.350
-3149.3	-98908.5	0.070	0.385
-3147.5	-98908.5	-0.082	0.362
-3145.7	-98908.5	-0.082	0.596
-3143.9	-98908.5	-0.058	0.526
-3142.1	-98908.5	-0.070	0.572
-3140.3	-98908.5	-0.070	0.689
-3138.5	-98908.5	-0.047	0.666
-3136.8	-98908.5	-0.070	0.677
-3135.0	-98908.5	-0.012	0.771
-3133.2	-98908.5	0.012	0.596
-3131.4	-98908.5	0.035	0.619
-3129.6	-98908.5	-0.047	0.689
-3127.8	-98908.5	0.047	0.584
-3126.0	-98908.5	0.058	0.631
-3124.2	-98908.5	0.105	0.654
-3122.4	-98908.5	0.035	0.607
-3120.6	-98908.5	-0.012	0.502
-3118.8	-98908.5	0.082	0.514
-3117.0	-98908.5	-0.023	0.677
-3115.2	-98908.5	-0.070	0.596
-3113.4	-98908.5	-0.035	0.362
-3111.6	-98908.5	-0.023	0.234
-3109.8	-98908.5	-0.105	0.105
-3108.1	-98908.5	0.047	0.070
-3106.3	-98908.5	0.152	0.455
-3104.5	-98908.5	0.000	0.000
-3176.2	-98906.7	0.000	0.000
-3174.4	-98906.7	0.000	0.000
-3172.6	-98906.7	-0.023	0.374
-3170.8	-98906.7	0.023	0.035
-3169.0	-98906.7	0.000	0.140
-3167.2	-98906.7	0.012	0.140
-3165.5	-98906.7	0.035	0.199
-3163.7	-98906.7	0.058	0.222
-3161.9	-98906.7	0.082	0.199
-3160.1	-98906.7	0.082	0.210
-3158.3	-98906.7	0.222	0.409
-3156.5	-98906.7	0.035	0.128
-3154.7	-98906.7	0.070	0.339
-3152.9	-98906.7	0.000	0.269
-3151.1	-98906.7	0.035	0.210
-3149.3	-98906.7	0.000	0.280
-3147.5	-98906.7	-0.047	0.526
-3145.7	-98906.7	-0.058	0.642
-3143.9	-98906.7	-0.093	0.537
-3142.1	-98906.7	-0.070	0.677
-3140.3	-98906.7	0.000	0.596
-3138.5	-98906.7	-0.082	0.607
-3136.8	-98906.7	-0.117	0.514
-3135.0	-98906.7	-0.117	0.584
-3133.2	-98906.7	-0.047	0.607
-3131.4	-98906.7	0.023	0.677
-3129.6	-98906.7	-0.058	0.677
-3127.8	-98906.7	0.000	0.666
-3126.0	-98906.7	0.035	0.596
-3124.2	-98906.7	0.082	0.689
-3122.4	-98906.7	0.035	0.677
-3120.6	-98906.7	0.047	0.631
-3118.8	-98906.7	0.058	0.619
-3117.0	-98906.7	0.047	0.549
-3115.2	-98906.7	-0.012	0.549
-3113.4	-98906.7	-0.117	0.362
-3111.6	-98906.7	0.035	0.339
-3109.8	-98906.7	-0.035	0.222
-3108.1	-98906.7	0.000	0.093
-3106.3	-98906.7	0.117	-0.596
-3104.5	-98906.7	0.000	0.000
-3176.2	-98904.9	0.000	0.000
-3174.4	-98904.9	0.000	0.000
-3172.6	-98904.9	-0.012	0.047
-3170.8	-98904.9	-0.023	0.070
-3169.0	-98904.9	0.058	0.012
-3167.2	-98904.9	0.070	0.000
-3165.5	-98904.9	0.035	0.199
-3163.7	-98904.9	0.082	0.234
-3161.9	-98904.9	0.047	0.105
-3160.1	-98904.9	0.070	0.199
-3158.3	-98904.9	0.199	0.339
-3156.5	-98904.9	0.070	0.234
-3154.7	-98904.9	0.035	0.210
-3152.9	-98904.9	-0.035	0.234
-3151.1	-98904.9	0.023	0.210
-3149.3	-98904.9	0.012	0.526
-3147.5	-98904.9	-0.035	0.491
-3145.7	-98904.9	-0.058	0.479
-3143.9	-98904.9	-0.105	0.572
-3142.1	-98904.9	-0.035	0.584
-3140.3	-98904.9	-0.012	0.526
-3138.5	-98904.9	-0.023	0.572
-3136.8	-98904.9	-0.058	0.572
-3135.0	-98904.9	-0.012	0.526
-3133.2	-98904.9	0.070	0.467
-3131.4	-98904.9	0.070	0.584
-3129.6	-98904.9	-0.023	0.619
-3127.8	-98904.9	0.035	0.607
-3126.0	-98904.9	-0.093	0.654
-3124.2	-98904.9	0.023	0.666
-3122.4	-98904.9	-0.023	0.561
-3120.6	-98904.9	0.023	0.654
-3118.8	-98904.9	0.000	0.549
-3117.0	-98904.9	0.058	0.572
-3115.2	-98904.9	-0.023	0.444
-3113.4	-98904.9	-0.093	0.362
-3111.6	-98904.9	-0.047	0.339
-3109.8	-98904.9	-0.012	0.385
-3108.1	-98904.9	-0.035	0.152
-3106.3	-98904.9	0.117	0.070
-3104.5	-98904.9	0.000	0.000
-3176.2	-98903.1	0.000	0.000
-3174.4	-98903.1	0.000	0.000
-3172.6	-98903.1	-0.047	0.047
-3170.8	-98903.1	0.000	0.128
-3169.0	-98903.1	0.000	0.117
-3167.2	-98903.1	0.117	0.047
-3165.5	-98903.1	0.058	-0.012
-3163.7	-98903.1	0.047	0.257
-3161.9	-98903.1	0.058	0.269
-3160.1	-98903.1	0.000	0.257
-3158.3	-98903.1	-0.012	0.152
-3156.5	-98903.1	-0.035	0.234
-3154.7	-98903.1	0.000	0.292
-3152.9	-98903.1	-0.035	0.199
-3151.1	-98903.1	0.047	0.269
-3149.3	-98903.1	-0.082	0.572
-3147.5	-98903.1	-0.152	0.526
-3145.7	-98903.1	-0.093	0.642
-3143.9	-98903.1	-0.035	0.537
-3142.1	-98903.1	-0.093	0.572
-3140.3	-98903.1	-0.082	0.631
-3138.5	-98903.1	-0.012	0.689
-3136.8	-98903.1	-0.070	0.666
-3135.0	-98903.1	-0.035	0.654
-3133.2	-98903.1	0.012	0.467
-3131.4	-98903.1	0.012	0.514
-3129.6	-98903.1	-0.070	0.631
-3127.8	-98903.1	-0.082	0.689
-3126.0	-98903.1	-0.105	0.701
-3124.2	-98903.1	-0.105	0.584
-3122.4	-98903.1	-0.023	0.596
-3120.6	-98903.1	0.058	0.619
-3118.8	-98903.1	0.105	0.502
-3117.0	-98903.1	0.000	0.596
-3115.2	-98903.1	-0.035	0.432
-3113.4	-98903.1	-0.023	0.397
-3111.6	-98903.1	-0.058	0.269
-3109.8	-98903.1	0.023	0.210
-3108.1	-98903.1	-0.070	0.117
-3106.3	-98903.1	0.152	0.432
-3104.5	-98903.1	0.000	0.000
-3176.2	-98901.3	0.000	0.000
-3174.4	-98901.3	0.000	0.000
-3172.6	-98901.3	0.012	0.023
-3170.8	-98901.3	0.023	0.000
-3169.0	-98901.3	-0.035	0.058
-3167.2	-98901.3	0.000	0.128
-3165.5	-98901.3	-0.035	-0.023
-3163.7	-98901.3	-0.023	0.128
-3161.9	-98901.3	0.070	0.175
-3160.1	-98901.3	-0.023	0.140
-3158.3	-98901.3	-0.023	0.210
-3156.5	-98901.3	-0.023	0.234
-3154.7	-98901.3	-0.012	0.292
-3152.9	-98901.3	-0.047	0.292
-3151.1	-98901.3	0.023	0.257
-3149.3	-98901.3	-0.199	0.409
-3147.5	-98901.3	-0.070	0.467
-3145.7	-98901.3	-0.105	0.467
-3143.9	-98901.3	-0.070	0.374
-3142.1	-98901.3	-0.117	0.537
-3140.3	-98901.3	-0.105	0.514
-3138.5	-98901.3	-0.035	0.514
-3136.8	-98901.3	-0.245	0.654
-3135.0	-98901.3	-0.070	0.596
-3133.2	-98901.3	-0.058	0.502
-3131.4	-98901.3	0.035	0.736
-3129.6	-98901.3	0.070	0.631
-3127.8	-98901.3	-0.023	0.712
-3126.0	-98901.3	-0.012	0.666
-3124.2	-98901.3	-0.035	0.689
-3122.4	-98901.3	-0.035	0.607
-3120.6	-98901.3	0.047	0.572
-3118.8	-98901.3	0.058	0.537
-3117.0	-98901.3	-0.128	0.455
-3115.2	-98901.3	-0.035	0.432
-3113.4	-98901.3	-0.035	0.350
-3111.6	-98901.3	0.058	0.327
-3109.8	-98901.3	-0.023	0.164
-3108.1	-98901.3	-0.058	0.199
-3106.3	-98901.3	0.140	0.654
-3104.5	-98901.3	0.000	0.000
-3176.2	-98899.5	0.000	0.000
-3174.4	-98899.5	0.000	0.000
-3172.6	-98899.5	0.023	0.093
-3170.8	-98899.5	-0.023	0.035
-3169.0	-98899.5	0.000	0.058
-3167.2	-98899.5	0.128	0.047
-3165.5	-98899.5	-0.023	-0.012
-3163.7	-98899.5	0.000	0.047
-3161.9	-98899.5	-0.047	0.012
-3160.1	-98899.5	0.000	0.292
-3158.3	-98899.5	0.012	0.175
-3156.5	-98899.5	0.000	0.105
-3154.7	-98899.5	-0.035	0.234
-3152.9	-98899.5	-0.105	0.374
-3151.1	-98899.5	-0.093	0.631
-3149.3	-98899.5	-0.164	0.607
-3147.5	-98899.5	-0.105	0.596
-3145.7	-98899.5	-0.082	0.619
-3143.9	-98899.5	-0.012	0.584
-3142.1	-98899.5	-0.023	0.572
-3140.3	-98899.5	-0.117	0.561
-3138.5	-98899.5	-0.082	0.619
-3136.8	-98899.5	0.047	0.759
-3135.0	-98899.5	0.012	0.666
-3133.2	-98899.5	0.023	0.689
-3131.4	-98899.5	0.023	0.666
-3129.6	-98899.5	-0.035	0.631
-3127.8	-98899.5	0.023	0.724
-3126.0	-98899.5	0.035	0.677
-3124.2	-98899.5	0.000	0.701
-3122.4	-98899.5	0.012	0.794
-3120.6	-98899.5	-0.023	0.794
-3118.8	-98899.5	0.035	0.561
-3117.0	-98899.5	0.047	0.596
-3115.2	-98899.5	-0.070	0.549
-3113.4	-98899.5	-0.082	0.315
-3111.6	-98899.5	-0.105	0.479
-3109.8	-98899.5	0.023	0.269
-3108.1	-98899.5	-0.023	0.128
-3106.3	-98899.5	0.000	0.000
-3104.5	-98899.5	0.000	0.000
-3176.2	-98897.7	0.000	0.000
-3174.4	-98897.7	0.058	-0.923
-3172.6	-98897.7	0.000	0.058
-3170.8	-98897.7	0.023	0.058
-3169.0	-98897.7	-0.047	0.035
-3167.2	-98897.7	-0.012	0.023
-3165.5	-98897.7	0.023	0.047
-3163.7	-98897.7	0.023	0.082
-3161.9	-98897.7	-0.070	-0.023
-3160.1	-98897.7	-0.152	0.234
-3158.3	-98897.7	-0.047	0.164
-3156.5	-98897.7	0.012	0.257
-3154.7	-98897.7	-0.070	0.280
-3152.9	-98897.7	-0.164	0.502
-3151.1	-98897.7	-0.058	0.315
-3149.3	-98897.7	-0.082	0.479
-3147.5	-98897.7	-0.152	0.724
-3145.7	-98897.7	-0.023	0.666
-3143.9	-98897.7	-0.082	0.491
-3142.1	-98897.7	-0.082	0.502
-3140.3	-98897.7	-0.117	0.362
-3138.5	-98897.7	-0.035	0.666
-3136.8	-98897.7	0.035	0.712
-3135.0	-98897.7	-0.082	0.654
-3133.2	-98897.7	-0.035	0.642
-3131.4	-98897.7	0.047	0.619
-3129.6	-98897.7	0.058	0.759
-3127.8	-98897.7	0.000	0.724
-3126.0	-98897.7	0.070	0.666
-3124.2	-98897.7	0.023	0.666
-3122.4	-98897.7	0.035	0.607
-3120.6	-98897.7	-0.070	0.677
-3118.8	-98897.7	0.035	0.724
-3117.0	-98897.7	0.012	0.526
-3115.2	-98897.7	-0.012	0.584
-3113.4	-98897.7	0.012	0.526
-3111.6	-98897.7	-0.035	0.315
-3109.8	-98897.7	0.175	0.257
-3108.1	-98897.7	-0.035	0.117
-3106.3	-98897.7	0.000	0.000
-3104.5	-98897.7	0.000	0.000
-3176.2	-98895.9	0.000	0.000
-3174.4	-98895.9	0.000	0.000
-3172.6	-98895.9	-0.047	0.070
-3170.8	-98895.9	-0.023	0.000
-3169.0	-98895.9	0.012	0.000
-3167.2	-98895.9	0.070	-0.012
-3165.5	-98895.9	-0.058	-0.012
-3163.7	-98895.9	0.000	0.023
-3161.9	-98895.9	-0.070	0.128
-3160.1	-98895.9	-0.058	0.012
-3158.3	-98895.9	0.082	-0.047
-3156.5	-98895.9	-0.070	0.210
-3154.7	-98895.9	-0.082	0.444
-3152.9	-98895.9	-0.117	0.561
-3151.1	-98895.9	0.035	0.222
-3149.3	-98895.9	-0.140	0.362
-3147.5	-98895.9	-0.058	0.455
-3145.7	-98895.9	-0.070	0.561
-3143.9	-98895.9	-0.047	0.561
-3142.1	-98895.9	0.012	0.304
-3140.3	-98895.9	0.023	0.572
-3138.5	-98895.9	0.035	0.561
-3136.8	-98895.9	0.105	0.607
-3135.0	-98895.9	0.047	0.712
-3133.2	-98895.9	0.035	0.736
-3131.4	-98895.9	0.023	0.759
-3129.6	-98895.9	-0.070	0.759
-3127.8	-98895.9	-0.023	0.747
-3126.0	-98895.9	-0.035	0.782
-3124.2	-98895.9	0.023	0.818
-3122.4	-98895.9	-0.105	0.782
-3120.6	-98895.9	-0.175	0.747
-3118.8	-98895.9	0.070	0.677
-3117.0	-98895.9	0.035	0.584
-3115.2	-98895.9	0.035	0.385
-3113.4	-98895.9	-0.012	0.479
-3111.6	-98895.9	-0.093	0.234
-3109.8	-98895.9	0.140	0.280
-3108.1	-98895.9	0.035	0.093
-3106.3	-98895.9	0.117	0.432
-3104.5	-98895.9	0.000	0.000
-3176.2	-98894.1	0.000	0.000
-3174.4	-98894.1	0.000	0.000
-3172.6	-98894.1	-0.117	-0.023
-3170.8	-98894.1	-0.035	0.035
-3169.0	-98894.1	-0.058	0.047
-3167.2	-98894.1	-0.117	0.012
-3165.5	-98894.1	-0.164	0.023
-3163.7	-98894.1	-0.035	0.000
-3161.9	-98894.1	-0.152	0.023
-3160.1	-98894.1	-0.117	0.117
-3158.3	-98894.1	-0.117	0.082
-3156.5	-98894.1	-0.082	0.362
-3154.7	-98894.1	-0.304	0.362
-3152.9	-98894.1	-0.070	0.385
-3151.1	-98894.1	0.012	0.245
-3149.3	-98894.1	-0.117	0.269
-3147.5	-98894.1	0.082	0.362
-3145.7	-98894.1	-0.070	0.631
-3143.9	-98894.1	-0.070	0.724
-3142.1	-98894.1	-0.082	0.736
-3140.3	-98894.1	0.035	0.654
-3138.5	-98894.1	0.058	0.689
-3136.8	-98894.1	0.035	0.619
-3135.0	-98894.1	0.058	0.584
-3133.2	-98894.1	0.023	0.642
-3131.4	-98894.1	-0.047	0.736
-3129.6	-98894.1	-0.105	0.747
-3127.8	-98894.1	0.035	0.794
-3126.0	-98894.1	0.023	0.607
-3124.2	-98894.1	-0.023	0.526
-3122.4	-98894.1	-0.035	0.619
-3120.6	-98894.1	0.105	0.759
-3118.8	-98894.1	0.117	0.654
-3117.0	-98894.1	-0.012	0.689
-3115.2	-98894.1	0.023	0.584
-3113.4	-98894.1	-0.105	0.736
-3111.6	-98894.1	0.128	0.444
-3109.8	-98894.1	0.000	0.257
-3108.1	-98894.1	0.023	0.117
-3106.3	-98894.1	0.152	0.000
-3104.5	-98894.1	0.000	0.000
-3176.2	-98892.3	0.000	0.000
-3174.4	-98892.3	0.000	0.000
-3172.6	-98892.3	-0.035	0.058
-3170.8	-98892.3	-0.058	0.082
-3169.0	-98892.3	-0.035	0.023
-3167.2	-98892.3	0.058	-0.023
-3165.5	-98892.3	-0.164	0.012
-3163.7	-98892.3	-0.047	-0.012
-3161.9	-98892.3	-0.070	0.058
-3160.1	-98892.3	-0.012	0.082
-3158.3	-98892.3	-0.082	0.234
-3156.5	-98892.3	-0.105	0.374
-3154.7	-98892.3	-0.210	0.339
-3152.9	-98892.3	-0.164	0.420
-3151.1	-98892.3	-0.093	0.280
-3149.3	-98892.3	-0.093	0.304
-3147.5	-98892.3	-0.023	0.526
-3145.7	-98892.3	-0.128	0.572
-3143.9	-98892.3	-0.082	0.596
-3142.1	-98892.3	-0.023	0.689
-3140.3	-98892.3	-0.012	0.631
-3138.5	-98892.3	0.012	0.689
-3136.8	-98892.3	0.000	0.782
-3135.0	-98892.3	0.012	0.782
-3133.2	-98892.3	0.082	0.806
-3131.4	-98892.3	0.012	0.759
-3129.6	-98892.3	-0.093	0.724
-3127.8	-98892.3	-0.023	0.724
-3126.0	-98892.3	-0.070	0.712
-3124.2	-98892.3	-0.164	0.584
-3122.4	-98892.3	0.000	0.747
-3120.6	-98892.3	0.023	0.747
-3118.8	-98892.3	-0.047	0.701
-3117.0	-98892.3	0.058	0.747
-3115.2	-98892.3	0.117	0.712
-3113.4	-98892.3	0.093	0.572
-3111.6	-98892.3	0.164	0.257
-3109.8	-98892.3	0.023	0.152
-3108.1	-98892.3	0.117	0.199
-3106.3	-98892.3	0.000	0.000
-3104.5	-98892.3	0.000	0.000
-3176.2	-98890.5	0.000	0.000
-3174.4	-98890.5	0.000	0.000
-3172.6	-98890.5	0.023	0.070
-3170.8	-98890.5	-0.035	0.047
-3169.0	-98890.5	0.012	0.070
-3167.2	-98890.5	-0.105	0.035
-3165.5	-98890.5	-0.140	0.082
-3163.7	-98890.5	-0.128	0.175
-3161.9	-98890.5	-0.164	0.175
-3160.1	-98890.5	-0.093	0.210
-3158.3	-98890.5	-0.117	0.117
-3156.5	-98890.5	-0.070	0.152
-3154.7	-98890.5	-0.140	0.385
-3152.9	-98890.5	-0.070	0.455
-3151.1	-98890.5	-0.093	0.385
-3149.3	-98890.5	-0.105	0.199
-3147.5	-98890.5	-0.035	0.350
-3145.7	-98890.5	-0.140	0.619
-3143.9	-98890.5	-0.047	0.409
-3142.1	-98890.5	-0.023	0.642
-3140.3	-98890.5	-0.023	0.759
-3138.5	-98890.5	0.035	0.642
-3136.8	-98890.5	0.152	0.631
-3135.0	-98890.5	0.000	0.888
-3133.2	-98890.5	-0.023	0.934
-3131.4	-98890.5	0.012	0.794
-3129.6	-98890.5	0.000	0.701
-3127.8	-98890.5	0.047	0.654
-3126.0	-98890.5	-0.047	0.677
-3124.2	-98890.5	-0.070	0.736
-3122.4	-98890.5	0.012	0.747
-3120.6	-98890.5	0.082	0.806
-3118.8	-98890.5	-0.058	0.806
-3117.0	-98890.5	-0.058	0.654
-3115.2	-98890.5	0.012	0.689
-3113.4	-98890.5	-0.023	0.350
-3111.6	-98890.5	0.070	0.187
-3109.8	-98890.5	-0.012	0.117
-3108.1	-98890.5	-0.023	0.175
-3106.3	-98890.5	0.175	0.420
-3104.5	-98890.5	0.000	0.000
-3176.2	-98888.8	0.000	0.000
-3174.4	-98888.8	0.000	0.000
-3172.6	-98888.8	-0.012	0.070
-3170.8	-98888.8	-0.023	0.070
-3169.0	-98888.8	0.070	0.105
-3167.2	-98888.8	-0.035	0.082
-3165.5	-98888.8	-0.023	0.082
-3163.7	-98888.8	0.023	0.082
-3161.9	-98888.8	-0.140	0.058
-3160.1	-98888.8	-0.117	0.234
-3158.3	-98888.8	0.012	0.234
-3156.5	-98888.8	-0.152	0.315
-3154.7	-98888.8	-0.105	0.642
-3152.9	-98888.8	-0.023	0.444
-3151.1	-98888.8	0.000	0.315
-3149.3	-98888.8	-0.187	0.467
-3147.5	-98888.8	-0.058	0.549
-3145.7	-98888.8	0.012	0.561
-3143.9	-98888.8	-0.023	0.572
-3142.1	-98888.8	-0.035	0.666
-3140.3	-98888.8	0.000	0.747
-3138.5	-98888.8	-0.023	0.677
-3136.8	-98888.8	0.000	0.561
-3135.0	-98888.8	0.035	0.759
-3133.2	-98888.8	-0.012	0.759
-3131.4	-98888.8	-0.058	0.794
-3129.6	-98888.8	-0.128	0.782
-3127.8	-98888.8	-0.093	0.584
-3126.0	-98888.8	-0.082	0.747
-3124.2	-98888.8	-0.093	0.701
-3122.4	-98888.8	-0.058	0.642
-3120.6	-98888.8	0.082	0.712
-3118.8	-98888.8	-0.257	0.666
-3117.0	-98888.8	0.082	0.853
-3115.2	-98888.8	0.058	0.818
-3113.4	-98888.8	0.035	0.526
-3111.6	-98888.8	0.000	0.315
-3109.8	-98888.8	0.000	0.199
-3108.1	-98888.8	-0.012	0.058
-3106.3	-98888.8	0.000	0.000
-3104.5	-98888.8	0.000	0.000
-3176.2	-98887.0	0.000	0.000
-3174.4	-98887.0	0.000	0.000
-3172.6	-98887.0	-0.012	0.082
-3170.8	-98887.0	0.012	0.105
-3169.0	-98887.0	0.058	0.117
-3167.2	-98887.0	-0.023	0.058
-3165.5	-98887.0	0.070	0.105
-3163.7	-98887.0	0.000	0.140
-3161.9	-98887.0	-0.058	0.058
-3160.1	-98887.0	-0.105	0.409
-3158.3	-98887.0	0.000	0.350
-3156.5	-98887.0	-0.222	0.000
-3154.7	-98887.0	-0.047	0.000
-3152.9	-98887.0	0.023	0.175
-3151.1	-98887.0	0.023	0.526
-3149.3	-98887.0	-0.105	0.642
-3147.5	-98887.0	-0.058	0.514
-3145.7	-98887.0	-0.082	0.467
-3143.9	-98887.0	-0.058	0.712
-3142.1	-98887.0	-0.128	0.631
-3140.3	-98887.0	0.023	0.736
-3138.5	-98887.0	0.012	0.701
-3136.8	-98887.0	0.035	0.724
-3135.0	-98887.0	-0.012	0.818
-3133.2	-98887.0	0.035	0.841
-3131.4	-98887.0	0.093	0.759
-3129.6	-98887.0	-0.105	0.806
-3127.8	-98887.0	-0.117	0.642
-3126.0	-98887.0	0.047	0.806
-3124.2	-98887.0	0.023	0.712
-3122.4	-98887.0	-0.070	0.818
-3120.6	-98887.0	-0.082	0.829
-3118.8	-98887.0	-0.117	0.701
-3117.0	-98887.0	-0.070	0.409
-3115.2	-98887.0	0.164	0.747
-3113.4	-98887.0	-0.070	0.385
-3111.6	-98887.0	-0.070	0.257
-3109.8	-98887.0	0.047	0.245
-3108.1	-98887.0	0.070	0.269
-3106.3	-98887.0	0.152	0.607
-3104.5	-98887.0	0.000	0.000
-3176.2	-98885.2	0.000	0.000
-3174.4	-98885.2	0.000	0.000
-3172.6	-98885.2	-0.058	0.023
-3170.8	-98885.2	-0.012	0.058
-3169.0	-98885.2	-0.012	0.152
-3167.2	-98885.2	-0.012	0.023
-3165.5	-98885.2	0.023	0.082
-3163.7	-98885.2	-0.058	0.199
-3161.9	-98885.2	0.035	0.070
-3160.1	-98885.2	0.047	0.082
-3158.3	-98885.2	-0.117	0.105
-3156.5	-98885.2	-0.164	0.000
-3154.7	-98885.2	-0.175	-0.093
-3152.9	-98885.2	0.058	0.082
-3151.1	-98885.2	0.012	0.234
-3149.3	-98885.2	-0.117	0.584
-3147.5	-98885.2	0.000	0.385
-3145.7	-98885.2	0.047	0.514
-3143.9	-98885.2	0.047	0.876
-3142.1	-98885.2	-0.128	0.432
-3140.3	-98885.2	0.047	0.689
-3138.5	-98885.2	0.082	0.853
-3136.8	-98885.2	-0.035	0.771
-3135.0	-98885.2	0.023	0.853
-3133.2	-98885.2	0.047	0.946
-3131.4	-98885.2	0.000	0.000
-3129.6	-98885.2	-0.058	0.818
-3127.8	-98885.2	-0.093	0.899
-3126.0	-98885.2	-0.105	0.724
-3124.2	-98885.2	-0.093	0.759
-3122.4	-98885.2	-0.117	0.864
-3120.6	-98885.2	-0.012	0.736
-3118.8	-98885.2	-0.023	0.677
-3117.0	-98885.2	0.058	0.736
-3115.2	-98885.2	0.117	0.876
-3113.4	-98885.2	0.047	0.222
-3111.6	-98885.2	0.035	0.292
-3109.8	-98885.2	0.035	0.350
-3108.1	-98885.2	0.117	0.070
-3106.3	-98885.2	0.210	0.315
-3104.5	-98885.2	0.000	0.000
-3176.2	-98883.4	0.000	0.000
-3174.4	-98883.4	0.000	0.000
-3172.6	-98883.4	0.000	0.082
-3170.8	-98883.4	-0.012	0.117
-3169.0	-98883.4	-0.023	0.187
-3167.2	-98883.4	-0.023	0.023
-3165.5	-98883.4	0.023	0.070
-3163.7	-98883.4	-0.012	0.210
-3161.9	-98883.4	-0.175	0.175
-3160.1	-98883.4	-0.058	0.187
-3158.3	-98883.4	-0.117	0.175
-3156.5	-98883.4	-0.047	0.035
-3154.7	-98883.4	0.023	0.140
-3152.9	-98883.4	-0.023	0.245
-3151.1	-98883.4	-0.070	0.502
-3149.3	-98883.4	-0.035	0.409
-3147.5	-98883.4	0.000	0.339
-3145.7	-98883.4	-0.035	0.526
-3143.9	-98883.4	-0.012	0.572
-3142.1	-98883.4	-0.082	0.677
-3140.3	-98883.4	-0.058	0.619
-3138.5	-98883.4	0.187	0.771
-3136.8	-98883.4	-0.023	0.782
-3135.0	-98883.4	0.058	0.782
-3133.2	-98883.4	0.128	0.701
-3131.4	-98883.4	0.105	0.818
-3129.6	-98883.4	0.175	0.899
-3127.8	-98883.4	0.140	0.876
-3126.0	-98883.4	0.093	0.853
-3124.2	-98883.4	-0.012	0.899
-3122.4	-98883.4	-0.152	0.864
-3120.6	-98883.4	-0.047	0.899
-3118.8	-98883.4	0.035	0.759
-3117.0	-98883.4	0.058	0.584
-3115.2	-98883.4	0.047	0.689
-3113.4	-98883.4	-0.128	0.327
-3111.6	-98883.4	-0.082	0.152
-3109.8	-98883.4	-0.012	0.222
-3108.1	-98883.4	0.117	0.187
-3106.3	-98883.4	0.000	0.000
-3104.5	-98883.4	0.000	0.000
-3176.2	-98881.6	0.000	0.000
-3174.4	-98881.6	0.000	0.000
-3172.6	-98881.6	0.023	0.012
-3170.8	-98881.6	0.047	0.082
-3169.0	-98881.6	-0.012	0.234
-3167.2	-98881.6	-0.105	0.222
-3165.5	-98881.6	-0.023	0.164
-3163.7	-98881.6	-0.035	0.070
-3161.9	-98881.6	-0.140	0.128
-3160.1	-98881.6	-0.023	0.234
-3158.3	-98881.6	0.000	0.362
-3156.5	-98881.6	-0.128	0.035
-3154.7	-98881.6	-0.023	0.164
-3152.9	-98881.6	-0.070	0.269
-3151.1	-98881.6	-0.070	0.385
-3149.3	-98881.6	-0.093	0.409
-3147.5	-98881.6	0.105	0.280
-3145.7	-98881.6	0.012	0.467
-3143.9	-98881.6	-0.035	0.642
-3142.1	-98881.6	-0.093	0.514
-3140.3	-98881.6	-0.070	0.631
-3138.5	-98881.6	-0.012	0.701
-3136.8	-98881.6	-0.105	0.818
-3135.0	-98881.6	-0.047	0.841
-3133.2	-98881.6	-0.058	0.829
-3131.4	-98881.6	-0.128	0.841
-3129.6	-98881.6	0.000	0.000
-3127.8	-98881.6	-0.012	0.782
-3126.0	-98881.6	-0.023	0.619
-3124.2	-98881.6	0.000	0.000
-3122.4	-98881.6	-0.105	0.876
-3120.6	-98881.6	-0.058	0.864
-3118.8	-98881.6	0.000	0.794
-3117.0	-98881.6	-0.047	0.502
-3115.2	-98881.6	-0.058	0.420
-3113.4	-98881.6	-0.023	0.374
-3111.6	-98881.6	0.035	0.117
-3109.8	-98881.6	-0.047	0.164
-3108.1	-98881.6	-0.105	0.164
-3106.3	-98881.6	0.058	0.397
-3104.5	-98881.6	0.000	0.000
-3176.2	-98879.8	0.000	0.000
-3174.4	-98879.8	0.000	0.000
-3172.6	-98879.8	0.000	0.000
-3170.8	-98879.8	0.047	0.234
-3169.0	-98879.8	-0.012	0.140
-3167.2	-98879.8	-0.070	0.245
-3165.5	-98879.8	-0.140	0.234
-3163.7	-98879.8	-0.093	0.117
-3161.9	-98879.8	-0.210	0.269
-3160.1	-98879.8	0.023	0.304
-3158.3	-98879.8	0.023	0.257
-3156.5	-98879.8	-0.093	0.152
-3154.7	-98879.8	-0.093	0.245
-3152.9	-98879.8	-0.117	0.432
-3151.1	-98879.8	-0.257	0.502
-3149.3	-98879.8	-0.093	0.432
-3147.5	-98879.8	0.000	0.374
-3145.7	-98879.8	0.047	0.327
-3143.9	-98879.8	-0.012	0.304
-3142.1	-98879.8	-0.012	0.409
-3140.3	-98879.8	0.035	0.794
-3138.5	-98879.8	-0.082	0.888
-3136.8	-98879.8	-0.035	0.736
-3135.0	-98879.8	-0.035	0.771
-3133.2	-98879.8	0.082	0.853
-3131.4	-98879.8	0.000	0.000
-3129.6	-98879.8	-0.152	0.759
-3127.8	-98879.8	-0.023	0.794
-3126.0	-98879.8	-0.035	0.806
-3124.2	-98879.8	0.000	0.841
-3122.4	-98879.8	-0.117	0.829
-3120.6	-98879.8	-0.012	0.829
-3118.8	-98879.8	-0.117	0.724
-3117.0	-98879.8	-0.140	0.771
-3115.2	-98879.8	0.012	0.514
-3113.4	-98879.8	0.082	0.502
-3111.6	-98879.8	0.187	0.292
-3109.8	-98879.8	0.093	0.280
-3108.1	-98879.8	-0.023	0.245
-3106.3	-98879.8	0.128	0.561
-3104.5	-98879.8	0.000	0.000
-3176.2	-98878.0	0.000	0.000
-3174.4	-98878.0	0.000	0.000
-3172.6	-98878.0	-0.093	-0.047
-3170.8	-98878.0	-0.082	0.070
-3169.0	-98878.0	-0.035	0.128
-3167.2	-98878.0	-0.058	0.140
-3165.5	-98878.0	-0.082	0.210
-3163.7	-98878.0	-0.093	0.070
-3161.9	-98878.0	-0.093	-0.012
-3160.1	-98878.0	0.128	0.128
-3158.3	-98878.0	-0.093	0.245
-3156.5	-98878.0	0.000	0.093
-3154.7	-98878.0	-0.117	0.035
-3152.9	-98878.0	-0.175	0.385
-3151.1	-98878.0	-0.070	0.327
-3149.3	-98878.0	-0.035	0.105
-3147.5	-98878.0	-0.093	0.444
-3145.7	-98878.0	0.035	0.304
-3143.9	-98878.0	-0.035	0.420
-3142.1	-98878.0	-0.117	0.549
-3140.3	-98878.0	-0.199	0.829
-3138.5	-98878.0	-0.023	0.864
-3136.8	-98878.0	0.000	0.000
-3135.0	-98878.0	0.105	0.864
-3133.2	-98878.0	0.058	0.526
-3131.4	-98878.0	-0.012	0.818
-3129.6	-98878.0	-0.047	0.782
-3127.8	-98878.0	0.000	0.000
-3126.0	-98878.0	-0.023	0.888
-3124.2	-98878.0	0.000	0.000
-3122.4	-98878.0	-0.012	0.853
-3120.6	-98878.0	0.117	0.724
-3118.8	-98878.0	-0.047	0.724
-3117.0	-98878.0	-0.082	0.607
-3115.2	-98878.0	0.187	0.654
-3113.4	-98878.0	0.000	0.304
-3111.6	-98878.0	-0.035	0.304
-3109.8	-98878.0	0.012	0.432
-3108.1	-98878.0	0.070	0.257
-3106.3	-98878.0	0.000	0.000
-3104.5	-98878.0	0.000	0.000
-3176.2	-98876.2	0.000	0.000
-3174.4	-98876.2	0.000	0.000
-3172.6	-98876.2	-0.724	-0.070
-3170.8	-98876.2	-0.035	0.152
-3169.0	-98876.2	-0.012	0.070
-3167.2	-98876.2	0.000	0.023
-3165.5	-98876.2	-0.164	0.245
-3163.7	-98876.2	0.000	0.000
-3161.9	-98876.2	-0.070	0.082
-3160.1	-98876.2	-0.058	0.210
-3158.3	-98876.2	0.000	0.187
-3156.5	-98876.2	-0.035	0.304
-3154.7	-98876.2	-0.082	0.164
-3152.9	-98876.2	-0.128	0.292
-3151.1	-98876.2	-0.047	0.339
-3149.3	-98876.2	-0.105	0.257
-3147.5	-98876.2	-0.012	0.502
-3145.7	-98876.2	0.058	0.432
-3143.9	-98876.2	-0.012	0.385
-3142.1	-98876.2	-0.117	0.420
-3140.3	-98876.2	-0.164	0.736
-3138.5	-98876.2	-0.058	0.631
-3136.8	-98876.2	-0.070	0.631
-3135.0	-98876.2	0.128	0.888
-3133.2	-98876.2	0.105	0.771
-3131.4	-98876.2	0.070	0.911
-3129.6	-98876.2	-0.070	0.736
-3127.8	-98876.2	0.117	0.864
-3126.0	-98876.2	0.000	0.000
-3124.2	-98876.2	0.000	0.000
-3122.4	-98876.2	0.000	0.000
-3120.6	-98876.2	0.012	0.841
-3118.8	-98876.2	0.012	0.689
-3117.0	-98876.2	-0.047	0.666
-3115.2	-98876.2	-0.070	0.607
-3113.4	-98876.2	0.012	0.362
-3111.6	-98876.2	0.023	0.280
-3109.8	-98876.2	0.023	0.327
-3108.1	-98876.2	0.012	0.152
-3106.3	-98876.2	0.000	0.000
-3104.5	-98876.2	0.000	0.000
-3176.2	-98874.4	0.000	0.000
-3174.4	-98874.4	0.000	0.000
-3172.6	-98874.4	-0.023	0.187
-3170.8	-98874.4	0.000	0.000
-3169.0	-98874.4	-0.035	0.210
-3167.2	-98874.4	0.012	0.152
-3165.5	-98874.4	-0.082	0.280
-3163.7	-98874.4	-0.035	0.210
-3161.9	-98874.4	-0.058	0.304
-3160.1	-98874.4	-0.199	0.432
-3158.3	-98874.4	-0.093	0.187
-3156.5	-98874.4	0.128	0.140
-3154.7	-98874.4	-0.058	0.385
-3152.9	-98874.4	-0.105	0.164
-3151.1	-98874.4	-0.093	0.175
-3149.3	-98874.4	-0.082	0.280
-3147.5	-98874.4	0.023	0.339
-3145.7	-98874.4	0.012	0.455
-3143.9	-98874.4	-0.082	0.537
-3142.1	-98874.4	-0.047	0.304
-3140.3	-98874.4	-0.023	0.584
-3138.5	-98874.4	-0.035	0.759
-3136.8	-98874.4	-0.035	0.666
-3135.0	-98874.4	0.000	0.000
-3133.2	-98874.4	-0.105	0.934
-3131.4	-98874.4	0.035	0.923
-3129.6	-98874.4	0.000	0.000
-3127.8	-98874.4	0.000	0.000
-3126.0	-98874.4	-0.035	0.923
-3124.2	-98874.4	-0.058	0.864
-3122.4	-98874.4	0.000	0.782
-3120.6	-98874.4	0.023	0.923
-3118.8	-98874.4	0.117	0.934
-3117.0	-98874.4	0.175	0.479
-3115.2	-98874.4	0.035	0.409
-3113.4	-98874.4	-0.058	0.304
-3111.6	-98874.4	-0.070	0.234
-3109.8	-98874.4	-0.105	0.315
-3108.1	-98874.4	-0.023	0.187
-3106.3	-98874.4	0.000	0.000
-3104.5	-98874.4	0.000	0.000
-3176.2	-98872.6	0.000	0.000
-3174.4	-98872.6	0.000	0.000
-3172.6	-98872.6	0.000	0.222
-3170.8	-98872.6	-0.012	0.234
-3169.0	-98872.6	-0.047	0.280
-3167.2	-98872.6	0.023	0.187
-3165.5	-98872.6	-0.023	0.514
-3163.7	-98872.6	-0.058	0.526
-3161.9	-98872.6	0.093	0.234
-3160.1	-98872.6	0.047	0.187
-3158.3	-98872.6	-0.070	0.245
-3156.5	-98872.6	-0.128	0.222
-3154.7	-98872.6	-0.257	0.444
-3152.9	-98872.6	-0.058	0.175
-3151.1	-98872.6	-0.070	0.210
-3149.3	-98872.6	-0.140	0.432
-3147.5	-98872.6	0.012	0.292
-3145.7	-98872.6	-0.058	0.514
-3143.9	-98872.6	-0.082	0.315
-3142.1	-98872.6	-0.117	0.526
-3140.3	-98872.6	-0.117	0.362
-3138.5	-98872.6	-0.047	0.701
-3136.8	-98872.6	-0.035	0.712
-3135.0	-98872.6	-0.152	0.561
-3133.2	-98872.6	-0.023	0.782
-3131.4	-98872.6	-0.047	0.853
-3129.6	-98872.6	0.117	0.841
-3127.8	-98872.6	0.105	0.911
-3126.0	-98872.6	0.117	0.654
-3124.2	-98872.6	0.199	0.584
-3122.4	-98872.6	-0.023	0.841
-3120.6	-98872.6	0.035	0.853
-3118.8	-98872.6	0.000	0.000
-3117.0	-98872.6	0.105	0.642
-3115.2	-98872.6	-0.058	0.455
-3113.4	-98872.6	0.035	0.596
-3111.6	-98872.6	0.140	0.327
-3109.8	-98872.6	-0.012	0.304
-3108.1	-98872.6	-0.035	0.257
-3106.3	-98872.6	0.175	0.374
-3104.5	-98872.6	0.000	0.000
-3176.2	-98870.8	0.000	0.000
-3174.4	-98870.8	0.000	0.000
-3172.6	-98870.8	0.012	0.222
-3170.8	-98870.8	-0.093	0.234
-3169.0	-98870.8	-0.105	0.269
-3167.2	-98870.8	-0.058	0.234
-3165.5	-98870.8	-0.070	0.409
-3163.7	-98870.8	-0.082	0.234
-3161.9	-98870.8	-0.058	0.315
-3160.1	-98870.8	-0.047	0.222
-3158.3	-98870.8	-0.035	0.257
-3156.5	-98870.8	0.000	0.362
-3154.7	-98870.8	-0.105	0.455
-3152.9	-98870.8	-0.105	0.292
-3151.1	-98870.8	-0.058	0.245
-3149.3	-98870.8	-0.047	0.631
-3147.5	-98870.8	-0.047	0.526
-3145.7	-98870.8	-0.058	0.397
-3143.9	-98870.8	0.023	0.420
-3142.1	-98870.8	0.058	0.572
-3140.3	-98870.8	-0.117	0.467
-3138.5	-98870.8	-0.047	0.642
-3136.8	-98870.8	-0.058	0.782
-3135.0	-98870.8	0.000	0.000
-3133.2	-98870.8	-0.012	0.677
-3131.4	-98870.8	0.047	0.712
-3129.6	-98870.8	0.035	0.677
-3127.8	-98870.8	0.047	0.794
-3126.0	-98870.8	0.152	0.771
-3124.2	-98870.8	0.047	0.946
-3122.4	-98870.8	0.047	0.888
-3120.6	-98870.8	0.070	0.888
-3118.8	-98870.8	0.269	0.794
-3117.0	-98870.8	0.140	0.537
-3115.2	-98870.8	0.117	0.432
-3113.4	-98870.8	0.023	0.327
-3111.6	-98870.8	-0.023	0.304
-3109.8	-98870.8	0.117	0.537
-3108.1	-98870.8	-0.082	0.269
-3106.3	-98870.8	0.117	0.514
-3104.5	-98870.8	0.000	0.000
-3176.2	-98869.0	0.000	0.000
-3174.4	-98869.0	0.000	0.000
-3172.6	-98869.0	-0.117	-0.023
-3170.8	-98869.0	0.000	0.269
-3169.0	-98869.0	-0.093	0.315
-3167.2	-98869.0	-0.047	0.397
-3165.5	-98869.0	-0.082	0.420
-3163.7	-98869.0	0.000	0.479
-3161.9	-98869.0	-0.117	0.444
-3160.1	-98869.0	-0.105	0.327
-3158.3	-98869.0	-0.105	0.374
-3156.5	-98869.0	0.000	0.455
-3154.7	-98869.0	-0.140	0.385
-3152.9	-98869.0	-0.070	0.409
-3151.1	-98869.0	-0.047	0.432
-3149.3	-98869.0	-0.105	0.245
-3147.5	-98869.0	-0.117	0.327
-3145.7	-98869.0	-0.082	0.479
-3143.9	-98869.0	-0.047	0.397
-3142.1	-98869.0	-0.035	0.584
-3140.3	-98869.0	-0.105	0.677
-3138.5	-98869.0	-0.058	0.537
-3136.8	-98869.0	-0.070	0.584
-3135.0	-98869.0	-0.035	0.712
-3133.2	-98869.0	0.012	0.420
-3131.4	-98869.0	-0.012	0.677
-3129.6	-98869.0	0.023	0.771
-3127.8	-98869.0	0.117	0.514
-3126.0	-98869.0	0.012	0.829
-3124.2	-98869.0	-0.023	0.794
-3122.4	-98869.0	0.093	0.794
-3120.6	-98869.0	0.117	0.853
-3118.8	-98869.0	0.152	0.771
-3117.0	-98869.0	0.222	0.572
-3115.2	-98869.0	0.082	0.491
-3113.4	-98869.0	0.000	0.350
-3111.6	-98869.0	-0.140	0.561
-3109.8	-98869.0	0.058	0.420
-3108.1	-98869.0	0.175	0.304
-3106.3	-98869.0	0.210	0.666
-3104.5	-98869.0	0.000	0.000
-3176.2	-98867.2	0.000	0.000
-3174.4	-98867.2	0.000	0.000
-3172.6	-98867.2	0.000	0.327
-3170.8	-98867.2	-0.012	0.199
-3169.0	-98867.2	0.000	0.280
-3167.2	-98867.2	-0.070	0.374
-3165.5	-98867.2	-0.012	0.234
-3163.7	-98867.2	-0.105	0.304
-3161.9	-98867.2	-0.070	0.385
-3160.1	-98867.2	-0.070	0.397
-3158.3	-98867.2	-0.105	0.479
-3156.5	-98867.2	-0.117	0.409
-3154.7	-98867.2	-0.199	0.467
-3152.9	-98867.2	-0.117	0.502
-3151.1	-98867.2	-0.070	0.432
-3149.3	-98867.2	-0.070	0.444
-3147.5	-98867.2	-0.058	0.561
-3145.7	-98867.2	-0.023	0.210
-3143.9	-98867.2	-0.164	0.292
-3142.1	-98867.2	-0.082	0.631
-3140.3	-98867.2	-0.058	0.420
-3138.5	-98867.2	-0.082	0.514
-3136.8	-98867.2	-0.070	0.607
-3135.0	-98867.2	-0.012	0.701
-3133.2	-98867.2	0.023	0.794
-3131.4	-98867.2	-0.105	0.759
-3129.6	-98867.2	-0.035	0.853
-3127.8	-98867.2	0.035	0.724
-3126.0	-98867.2	0.000	0.000
-3124.2	-98867.2	-0.117	0.374
-3122.4	-98867.2	0.023	0.572
-3120.6	-98867.2	0.058	0.747
-3118.8	-98867.2	0.210	0.432
-3117.0	-98867.2	0.140	0.607
-3115.2	-98867.2	-0.070	0.689
-3113.4	-98867.2	0.000	0.526
-3111.6	-98867.2	-0.105	0.315
-3109.8	-98867.2	0.035	0.409
-3108.1	-98867.2	0.023	0.514
-3106.3	-98867.2	0.117	0.631
-3104.5	-98867.2	0.000	0.000
-3176.2	-98865.4	0.000	0.000
-3174.4	-98865.4	0.000	0.000
-3172.6	-98865.4	0.012	0.327
-3170.8	-98865.4	0.012	0.420
-3169.0	-98865.4	-0.058	0.245
-3167.2	-98865.4	-0.047	0.397
-3165.5	-98865.4	-0.093	0.280
-3163.7	-98865.4	-0.292	0.491
-3161.9	-98865.4	-0.093	0.502
-3160.1	-98865.4	-0.128	0.502
-3158.3	-98865.4	-0.140	0.502
-3156.5	-98865.4	-0.070	0.058
-3154.7	-98865.4	-0.199	0.327
-3152.9	-98865.4	-0.082	0.444
-3151.1	-98865.4	0.000	0.526
-3149.3	-98865.4	0.093	0.514
-3147.5	-98865.4	-0.093	0.491
-3145.7	-98865.4	-0.397	0.164
-3143.9	-98865.4	-0.140	0.269
-3142.1	-98865.4	0.012	0.409
-3140.3	-98865.4	-0.082	0.549
-3138.5	-98865.4	-0.012	0.677
-3136.8	-98865.4	-0.128	0.537
-3135.0	-98865.4	-0.070	0.607
-3133.2	-98865.4	-0.105	0.677
-3131.4	-98865.4	0.012	0.701
-3129.6	-98865.4	-0.117	0.701
-3127.8	-98865.4	0.047	0.923
-3126.0	-98865.4	0.035	0.782
-3124.2	-98865.4	0.000	0.701
-3122.4	-98865.4	0.152	0.712
-3120.6	-98865.4	0.070	0.818
-3118.8	-98865.4	0.164	0.526
-3117.0	-98865.4	0.023	0.350
-3115.2	-98865.4	0.058	0.561
-3113.4	-98865.4	0.012	0.526
-3111.6	-98865.4	-0.035	0.514
-3109.8	-98865.4	0.000	0.467
-3108.1	-98865.4	0.047	0.269
-3106.3	-98865.4	0.105	0.526
-3104.5	-98865.4	0.000	0.000
-3176.2	-98863.6	0.000	0.000
-3174.4	-98863.6	0.000	0.000
-3172.6	-98863.6	0.000	0.234
-3170.8	-98863.6	0.164	0.304
-3169.0	-98863.6	-0.023	0.315
-3167.2	-98863.6	-0.047	0.385
-3165.5	-98863.6	-0.164	0.362
-3163.7	-98863.6	0.000	0.245
-3161.9	-98863.6	-0.093	0.362
-3160.1	-98863.6	-0.035	0.537
-3158.3	-98863.6	-0.093	0.420
-3156.5	-98863.6	-0.012	0.409
-3154.7	-98863.6	-0.199	0.455
-3152.9	-98863.6	-0.128	0.712
-3151.1	-98863.6	-0.023	0.677
-3149.3	-98863.6	0.023	0.631
-3147.5	-98863.6	-0.117	0.455
-3145.7	-98863.6	-0.199	0.420
-3143.9	-98863.6	-0.105	0.304
-3142.1	-98863.6	-0.117	0.642
-3140.3	-98863.6	-0.128	0.677
-3138.5	-98863.6	0.012	0.584
-3136.8	-98863.6	-0.082	0.526
-3135.0	-98863.6	-0.105	0.642
-3133.2	-98863.6	0.035	0.677
-3131.4	-98863.6	-0.058	0.701
-3129.6	-98863.6	0.012	0.677
-3127.8	-98863.6	-0.082	0.584
-3126.0	-98863.6	-0.035	0.689
-3124.2	-98863.6	-0.082	0.689
-3122.4	-98863.6	0.140	0.526
-3120.6	-98863.6	0.058	0.677
-3118.8	-98863.6	0.058	0.596
-3117.0	-98863.6	0.047	0.677
-3115.2	-98863.6	-0.035	0.502
-3113.4	-98863.6	-0.070	0.432
-3111.6	-98863.6	0.082	0.677
-3109.8	-98863.6	-0.082	0.607
-3108.1	-98863.6	-0.105	0.432
-3106.3	-98863.6	0.093	0.619
-3104.5	-98863.6	0.000	0.000
-3176.2	-98861.8	0.000	0.000
-3174.4	-98861.8	0.000	0.000
-3172.6	-98861.8	0.047	0.222
-3170.8	-98861.8	0.047	0.234
-3169.0	-98861.8	-0.035	0.280
-3167.2	-98861.8	-0.082	0.175
-3165.5	-98861.8	0.012	0.327
-3163.7	-98861.8	-0.175	0.315
-3161.9	-98861.8	-0.070	0.502
-3160.1	-98861.8	-0.023	0.467
-3158.3	-98861.8	-0.175	0.362
-3156.5	-98861.8	-0.128	0.467
-3154.7	-98861.8	-0.093	0.526
-3152.9	-98861.8	-0.012	0.444
-3151.1	-98861.8	-0.140	0.467
-3149.3	-98861.8	-0.128	0.292
-3147.5	-98861.8	-0.105	0.479
-3145.7	-98861.8	-0.012	0.257
-3143.9	-98861.8	-0.117	0.164
-3142.1	-98861.8	-0.082	0.397
-3140.3	-98861.8	-0.070	0.596
-3138.5	-98861.8	-0.047	0.654
-3136.8	-98861.8	-0.058	0.537
-3135.0	-98861.8	-0.012	0.736
-3133.2	-98861.8	0.140	0.712
-3131.4	-98861.8	-0.093	0.572
-3129.6	-98861.8	0.012	0.549
-3127.8	-98861.8	-0.023	0.794
-3126.0	-98861.8	0.047	0.689
-3124.2	-98861.8	-0.035	0.736
-3122.4	-98861.8	0.047	0.677
-3120.6	-98861.8	0.058	0.619
-3118.8	-98861.8	0.070	0.537
-3117.0	-98861.8	0.175	0.666
-3115.2	-98861.8	0.199	0.677
-3113.4	-98861.8	0.023	0.514
-3111.6	-98861.8	-0.117	0.514
-3109.8	-98861.8	-0.152	0.455
-3108.1	-98861.8	-0.035	0.409
-3106.3	-98861.8	0.082	0.526
-3104.5	-98861.8	0.000	0.000
-3176.2	-98860.1	0.000	0.000
-3174.4	-98860.1	0.000	0.000
-3172.6	-98860.1	0.012	0.257
-3170.8	-98860.1	-0.047	0.292
-3169.0	-98860.1	-0.117	0.385
-3167.2	-98860.1	-0.164	0.339
-3165.5	-98860.1	-0.117	0.374
-3163.7	-98860.1	-0.175	0.362
-3161.9	-98860.1	-0.082	0.444
-3160.1	-98860.1	-0.012	0.654
-3158.3	-98860.1	-0.012	0.514
-3156.5	-98860.1	-0.105	0.385
-3154.7	-98860.1	-0.187	0.409
-3152.9	-98860.1	-0.140	0.409
-3151.1	-98860.1	-0.117	0.420
-3149.3	-98860.1	-0.047	0.654
-3147.5	-98860.1	-0.070	0.514
-3145.7	-98860.1	-0.070	0.491
-3143.9	-98860.1	-0.023	0.467
-3142.1	-98860.1	-0.082	0.479
-3140.3	-98860.1	-0.012	0.572
-3138.5	-98860.1	-0.082	0.596
-3136.8	-98860.1	-0.047	0.619
-3135.0	-98860.1	-0.012	0.689
-3133.2	-98860.1	-0.105	0.642
-3131.4	-98860.1	0.012	0.736
-3129.6	-98860.1	0.082	0.631
-3127.8	-98860.1	-0.082	0.677
-3126.0	-98860.1	0.105	0.549
-3124.2	-98860.1	0.082	0.572
-3122.4	-98860.1	-0.035	0.747
-3120.6	-98860.1	0.047	0.666
-3118.8	-98860.1	0.023	0.572
-3117.0	-98860.1	0.070	0.689
-3115.2	-98860.1	0.128	0.782
-3113.4	-98860.1	-0.117	0.432
-3111.6	-98860.1	0.000	0.444
-3109.8	-98860.1	0.000	0.385
-3108.1	-98860.1	0.023	0.479
-3106.3	-98860.1	-0.035	0.596
-3104.5	-98860.1	0.000	0.000
-3176.2	-98858.3	0.000	0.000
-3174.4	-98858.3	-0.023	0.841
-3172.6	-98858.3	-0.058	0.374
-3170.8	-98858.3	-0.128	0.444
-3169.0	-98858.3	-0.164	0.572
-3167.2	-98858.3	-0.058	0.257
-3165.5	-98858.3	-0.199	0.385
-3163.7	-98858.3	-0.164	0.397
-3161.9	-98858.3	0.000	0.000
-3160.1	-98858.3	-0.058	0.175
-3158.3	-98858.3	-0.093	0.292
-3156.5	-98858.3	-0.082	0.409
-3154.7	-98858.3	-0.140	0.304
-3152.9	-98858.3	-0.199	0.339
-3151.1	-98858.3	-0.070	0.409
-3149.3	-98858.3	-0.023	0.631
-3147.5	-98858.3	-0.117	0.455
-3145.7	-98858.3	-0.117	0.561
-3143.9	-98858.3	-0.105	0.374
-3142.1	-98858.3	-0.152	0.385
-3140.3	-98858.3	-0.058	0.572
-3138.5	-98858.3	-0.035	0.572
-3136.8	-98858.3	0.000	0.689
-3135.0	-98858.3	0.070	0.631
-3133.2	-98858.3	-0.058	0.724
-3131.4	-98858.3	0.012	0.724
-3129.6	-98858.3	0.058	0.689
-3127.8	-98858.3	0.093	0.736
-3126.0	-98858.3	0.070	0.654
-3124.2	-98858.3	0.000	0.701
-3122.4	-98858.3	-0.047	0.561
-3120.6	-98858.3	0.012	0.724
-3118.8	-98858.3	-0.012	0.619
-3117.0	-98858.3	0.047	0.631
-3115.2	-98858.3	0.175	0.689
-3113.4	-98858.3	0.140	0.304
-3111.6	-98858.3	0.117	0.350
-3109.8	-98858.3	0.105	0.269
-3108.1	-98858.3	-0.058	0.315
-3106.3	-98858.3	0.012	0.409
-3104.5	-98858.3	0.000	0.000
-3176.2	-98856.5	0.000	0.000
-3174.4	-98856.5	0.000	0.000
-3172.6	-98856.5	0.000	0.432
-3170.8	-98856.5	-0.023	0.175
-3169.0	-98856.5	-0.082	0.257
-3167.2	-98856.5	-0.140	0.128
-3165.5	-98856.5	-0.070	0.280
-3163.7	-98856.5	-0.047	0.269
-3161.9	-98856.5	-0.082	0.549
-3160.1	-98856.5	-0.105	0.409
-3158.3	-98856.5	-0.058	0.280
-3156.5	-98856.5	-0.047	0.432
-3154.7	-98856.5	-0.070	0.245
-3152.9	-98856.5	-0.222	0.350
-3151.1	-98856.5	-0.070	0.537
-3149.3	-98856.5	-0.035	0.455
-3147.5	-98856.5	-0.070	0.350
-3145.7	-98856.5	-0.082	0.409
-3143.9	-98856.5	-0.035	0.479
-3142.1	-98856.5	-0.058	0.572
-3140.3	-98856.5	-0.128	0.479
-3138.5	-98856.5	-0.093	0.467
-3136.8	-98856.5	-0.012	0.631
-3135.0	-98856.5	-0.047	0.549
-3133.2	-98856.5	-0.047	0.701
-3131.4	-98856.5	-0.105	0.689
-3129.6	-98856.5	0.000	0.549
-3127.8	-98856.5	-0.269	0.747
-3126.0	-98856.5	-0.082	0.549
-3124.2	-98856.5	0.058	0.596
-3122.4	-98856.5	0.047	0.689
-3120.6	-98856.5	0.012	0.712
-3118.8	-98856.5	0.035	0.666
-3117.0	-98856.5	0.093	0.549
-3115.2	-98856.5	0.093	0.642
-3113.4	-98856.5	0.070	0.561
-3111.6	-98856.5	0.070	0.572
-3109.8	-98856.5	-0.012	0.537
-3108.1	-98856.5	-0.012	0.199
-3106.3	-98856.5	0.035	0.479
-3104.5	-98856.5	0.000	0.000
