-3.8	 50.5	 0.000	 0.000
-2.0	 50.5	 0.000	 0.000
-0.3	 50.5	 0.000	 0.000
1.5	 50.5	 0.024	 0.894
3.4	 50.5	 0.106	 1.094
5.1	 50.5	 0.059	 1.106
7.0	 50.5	 -0.035	 0.741
8.8	 50.5	 -0.012	 1.224
10.6	 50.5	 0.059	 1.247
12.4	 50.5	 0.071	 1.247
14.3	 50.5	 0.024	 0.953
16.1	 50.5	 -0.071	 0.977
17.8	 50.5	 -0.153	 1.024
19.7	 50.5	 -0.024	 1.106
21.4	 50.5	 -0.106	 0.965
23.3	 50.5	 -0.153	 1.141
25.1	 50.5	 -0.035	 1.165
26.8	 50.5	 -0.129	 1.130
28.7	 50.5	 0.059	 1.200
30.4	 50.5	 -0.047	 1.094
32.3	 50.5	 0.000	 1.365
34.1	 50.5	 -0.012	 1.388
35.9	 50.5	 -0.024	 1.235
37.7	 50.5	 0.059	 1.177
39.5	 50.5	 0.153	 1.447
41.3	 50.5	 0.106	 1.306
43.1	 50.5	 0.094	 1.306
44.9	 50.5	 0.106	 1.412
46.7	 50.5	 0.012	 1.365
48.5	 50.5	 -0.129	 1.435
50.3	 50.5	 0.035	 1.388
52.1	 50.5	 -0.094	 1.424
53.9	 50.5	 -0.035	 1.388
55.7	 50.5	 0.024	 1.353
57.6	 50.5	 -0.035	 1.377
59.4	 50.5	 -0.035	 1.035
61.2	 50.5	 0.071	 1.071
63.0	 50.5	 -0.035	 0.965
64.9	 50.5	 -0.035	 0.835
66.7	 50.5	 -0.118	 0.965
68.5	 50.5	 0.000	 0.000
-3.8	 52.3	 0.000	 0.000
-2.0	 52.3	 0.000	 0.000
-0.3	 52.3	 0.000	 0.000
1.5	 52.3	 0.000	 0.977
3.4	 52.3	 -0.059	 1.306
5.1	 52.3	 -0.012	 1.012
7.0	 52.3	 -0.012	 1.106
8.8	 52.3	 -0.012	 1.200
10.6	 52.3	 -0.153	 1.118
12.4	 52.3	 0.106	 1.141
14.3	 52.3	 -0.012	 1.341
16.1	 52.3	 0.071	 1.212
17.8	 52.3	 0.000	 1.271
19.7	 52.3	 -0.106	 1.094
21.4	 52.3	 -0.165	 1.094
23.3	 52.3	 -0.165	 1.059
25.1	 52.3	 -0.047	 0.965
26.8	 52.3	 -0.106	 1.141
28.7	 52.3	 -0.129	 1.294
30.4	 52.3	 -0.082	 1.283
32.3	 52.3	 -0.118	 1.330
34.1	 52.3	 0.047	 1.188
35.9	 52.3	 0.071	 1.271
37.7	 52.3	 0.141	 1.330
39.5	 52.3	 0.141	 1.353
41.3	 52.3	 0.071	 1.424
43.1	 52.3	 0.035	 1.471
44.9	 52.3	 -0.035	 1.435
46.7	 52.3	 0.035	 1.341
48.5	 52.3	 0.129	 1.447
50.3	 52.3	 0.141	 1.494
52.1	 52.3	 -0.035	 1.412
53.9	 52.3	 0.094	 1.424
55.7	 52.3	 0.012	 1.447
57.6	 52.3	 0.082	 1.388
59.4	 52.3	 0.129	 1.341
61.2	 52.3	 0.047	 1.365
63.0	 52.3	 0.059	 0.977
64.9	 52.3	 -0.094	 0.930
66.7	 52.3	 -0.035	 0.953
68.5	 52.3	 0.000	 0.000
-3.8	 54.1	 0.000	 0.000
-2.0	 54.1	 0.000	 0.000
-0.3	 54.1	 0.000	 0.000
1.5	 54.1	 -0.071	 0.871
3.4	 54.1	 -0.106	 1.259
5.1	 54.1	 -0.024	 1.118
7.0	 54.1	 -0.012	 1.200
8.8	 54.1	 0.000	 1.177
10.6	 54.1	 -0.082	 1.094
12.4	 54.1	 -0.082	 0.930
14.3	 54.1	 0.024	 1.294
16.1	 54.1	 0.024	 1.071
17.8	 54.1	 0.212	 1.235
19.7	 54.1	 -0.094	 0.918
21.4	 54.1	 -0.247	 0.965
23.3	 54.1	 -0.094	 1.047
25.1	 54.1	 -0.071	 1.153
26.8	 54.1	 -0.106	 1.188
28.7	 54.1	 -0.094	 1.200
30.4	 54.1	 -0.271	 1.259
32.3	 54.1	 -0.118	 1.412
34.1	 54.1	 -0.035	 1.318
35.9	 54.1	 -0.071	 1.412
37.7	 54.1	 0.035	 1.494
39.5	 54.1	 0.094	 1.435
41.3	 54.1	 0.141	 1.541
43.1	 54.1	 0.012	 1.471
44.9	 54.1	 0.059	 1.424
46.7	 54.1	 0.059	 1.494
48.5	 54.1	 -0.035	 1.506
50.3	 54.1	 -0.106	 1.553
52.1	 54.1	 -0.082	 1.518
53.9	 54.1	 0.012	 1.377
55.7	 54.1	 0.094	 1.447
57.6	 54.1	 0.071	 1.365
59.4	 54.1	 -0.012	 1.283
61.2	 54.1	 0.082	 1.188
63.0	 54.1	 0.047	 1.130
64.9	 54.1	 -0.071	 0.941
66.7	 54.1	 -0.059	 0.965
68.5	 54.1	 0.000	 0.000
-3.8	 55.9	 0.000	 0.000
-2.0	 55.9	 0.000	 0.000
-0.3	 55.9	 0.000	 0.000
1.5	 55.9	 -0.094	 1.071
3.4	 55.9	 -0.024	 0.988
5.1	 55.9	 -0.047	 0.824
7.0	 55.9	 -0.035	 1.106
8.8	 55.9	 0.035	 1.235
10.6	 55.9	 0.071	 1.271
12.4	 55.9	 0.024	 1.235
14.3	 55.9	 0.000	 0.977
16.1	 55.9	 0.000	 1.012
17.8	 55.9	 -0.188	 1.012
19.7	 55.9	 -0.176	 1.235
21.4	 55.9	 0.047	 1.035
23.3	 55.9	 0.129	 1.200
25.1	 55.9	 0.071	 1.365
26.8	 55.9	 -0.188	 1.212
28.7	 55.9	 -0.012	 1.353
30.4	 55.9	 -0.071	 1.365
32.3	 55.9	 -0.047	 1.494
34.1	 55.9	 -0.059	 1.530
35.9	 55.9	 0.024	 1.365
37.7	 55.9	 0.059	 1.353
39.5	 55.9	 0.059	 1.412
41.3	 55.9	 0.082	 1.341
43.1	 55.9	 0.035	 1.506
44.9	 55.9	 -0.059	 1.506
46.7	 55.9	 0.047	 1.400
48.5	 55.9	 -0.024	 1.483
50.3	 55.9	 -0.106	 1.577
52.1	 55.9	 0.106	 1.530
53.9	 55.9	 0.306	 1.506
55.7	 55.9	 0.271	 1.459
57.6	 55.9	 0.118	 1.224
59.4	 55.9	 0.188	 1.247
61.2	 55.9	 0.094	 1.118
63.0	 55.9	 0.176	 0.988
64.9	 55.9	 -0.024	 0.965
66.7	 55.9	 -0.071	 0.977
68.5	 55.9	 0.000	 0.000
-3.8	 57.7	 0.000	 0.000
-2.0	 57.7	 0.000	 0.000
-0.3	 57.7	 0.000	 0.000
1.5	 57.7	 -0.059	 1.047
3.4	 57.7	 -0.012	 1.000
5.1	 57.7	 0.106	 0.941
7.0	 57.7	 -0.024	 1.000
8.8	 57.7	 -0.035	 1.177
10.6	 57.7	 0.012	 1.294
12.4	 57.7	 0.000	 1.283
14.3	 57.7	 0.094	 1.212
16.1	 57.7	 0.047	 1.177
17.8	 57.7	 -0.035	 1.212
19.7	 57.7	 -0.071	 1.306
21.4	 57.7	 -0.071	 0.812
23.3	 57.7	 -0.141	 0.988
25.1	 57.7	 -0.035	 1.141
26.8	 57.7	 -0.129	 1.412
28.7	 57.7	 -0.118	 1.306
30.4	 57.7	 -0.165	 1.483
32.3	 57.7	 -0.082	 1.506
34.1	 57.7	 -0.012	 1.612
35.9	 57.7	 0.165	 1.612
37.7	 57.7	 0.071	 1.435
39.5	 57.7	 0.153	 1.435
41.3	 57.7	 0.012	 1.377
43.1	 57.7	 -0.024	 1.365
44.9	 57.7	 0.047	 1.435
46.7	 57.7	 0.059	 1.459
48.5	 57.7	 0.118	 1.577
50.3	 57.7	 -0.153	 1.530
52.1	 57.7	 -0.012	 1.553
53.9	 57.7	 0.176	 1.377
55.7	 57.7	 0.318	 1.271
57.6	 57.7	 0.271	 1.306
59.4	 57.7	 0.082	 1.024
61.2	 57.7	 0.118	 0.977
63.0	 57.7	 0.153	 0.953
64.9	 57.7	 -0.012	 1.106
66.7	 57.7	 0.024	 1.118
68.5	 57.7	 0.071	 1.035
-3.8	 59.5	 0.000	 0.000
-2.0	 59.5	 0.000	 0.000
-0.3	 59.5	 0.000	 0.000
1.5	 59.5	 0.000	 1.012
3.4	 59.5	 -0.059	 1.012
5.1	 59.5	 -0.012	 1.012
7.0	 59.5	 -0.071	 0.953
8.8	 59.5	 0.047	 1.082
10.6	 59.5	 0.047	 1.435
12.4	 59.5	 0.012	 1.200
14.3	 59.5	 0.047	 1.283
16.1	 59.5	 0.176	 1.188
17.8	 59.5	 0.059	 1.341
19.7	 59.5	 -0.035	 1.212
21.4	 59.5	 -0.035	 1.235
23.3	 59.5	 -0.153	 1.059
25.1	 59.5	 -0.059	 0.941
26.8	 59.5	 -0.082	 1.130
28.7	 59.5	 -0.047	 1.435
30.4	 59.5	 -0.129	 1.388
32.3	 59.5	 -0.071	 1.306
34.1	 59.5	 0.047	 1.424
35.9	 59.5	 0.059	 1.624
37.7	 59.5	 -0.012	 1.494
39.5	 59.5	 0.106	 1.553
41.3	 59.5	 0.047	 1.683
43.1	 59.5	 0.059	 1.518
44.9	 59.5	 0.176	 1.553
46.7	 59.5	 0.153	 1.588
48.5	 59.5	 0.165	 1.530
50.3	 59.5	 0.082	 1.506
52.1	 59.5	 0.106	 1.412
53.9	 59.5	 0.082	 1.341
55.7	 59.5	 0.094	 1.224
57.6	 59.5	 0.212	 1.341
59.4	 59.5	 0.141	 1.024
61.2	 59.5	 0.012	 1.247
63.0	 59.5	 -0.035	 1.224
64.9	 59.5	 -0.059	 1.247
66.7	 59.5	 -0.165	 0.965
68.5	 59.5	 0.047	 1.000
-3.8	 61.3	 0.000	 0.000
-2.0	 61.3	 0.000	 0.000
-0.3	 61.3	 0.000	 0.000
1.5	 61.3	 0.012	 0.953
3.4	 61.3	 0.012	 1.035
5.1	 61.3	 -0.212	 1.188
7.0	 61.3	 0.000	 1.000
8.8	 61.3	 0.000	 1.141
10.6	 61.3	 -0.094	 1.318
12.4	 61.3	 -0.035	 1.188
14.3	 61.3	 0.000	 1.212
16.1	 61.3	 0.118	 1.247
17.8	 61.3	 0.071	 1.283
19.7	 61.3	 0.012	 1.165
21.4	 61.3	 0.024	 0.906
23.3	 61.3	 -0.118	 0.835
25.1	 61.3	 -0.153	 1.024
26.8	 61.3	 -0.059	 1.153
28.7	 61.3	 -0.035	 1.388
30.4	 61.3	 -0.047	 1.235
32.3	 61.3	 -0.106	 1.412
34.1	 61.3	 -0.024	 1.283
35.9	 61.3	 -0.059	 1.330
37.7	 61.3	 0.012	 1.330
39.5	 61.3	 0.082	 1.506
41.3	 61.3	 -0.012	 1.741
43.1	 61.3	 0.094	 1.624
44.9	 61.3	 0.059	 1.647
46.7	 61.3	 0.118	 1.541
48.5	 61.3	 0.082	 1.553
50.3	 61.3	 0.153	 1.388
52.1	 61.3	 0.165	 1.177
53.9	 61.3	 0.141	 1.353
55.7	 61.3	 0.200	 1.365
57.6	 61.3	 0.247	 1.059
59.4	 61.3	 0.235	 0.965
61.2	 61.3	 0.541	 1.000
63.0	 61.3	 0.224	 1.212
64.9	 61.3	 -0.071	 1.153
66.7	 61.3	 -0.035	 1.082
68.5	 61.3	 0.000	 0.953
-3.8	 63.2	 0.000	 0.000
-2.0	 63.2	 0.000	 0.000
-0.3	 63.2	 0.000	 0.000
1.5	 63.2	 -0.059	 1.071
3.4	 63.2	 0.012	 1.271
5.1	 63.2	 -0.141	 1.024
7.0	 63.2	 -0.012	 0.953
8.8	 63.2	 0.082	 1.235
10.6	 63.2	 -0.047	 1.247
12.4	 63.2	 0.071	 1.341
14.3	 63.2	 0.153	 1.177
16.1	 63.2	 0.106	 1.647
17.8	 63.2	 0.176	 1.471
19.7	 63.2	 0.200	 1.388
21.4	 63.2	 0.047	 1.471
23.3	 63.2	 -0.012	 1.165
25.1	 63.2	 -0.035	 1.165
26.8	 63.2	 -0.059	 1.341
28.7	 63.2	 -0.047	 1.471
30.4	 63.2	 -0.082	 1.377
32.3	 63.2	 -0.024	 1.577
34.1	 63.2	 0.024	 1.588
35.9	 63.2	 -0.035	 1.412
37.7	 63.2	 0.000	 1.271
39.5	 63.2	 0.141	 1.412
41.3	 63.2	 0.141	 1.483
43.1	 63.2	 0.153	 1.483
44.9	 63.2	 0.082	 1.494
46.7	 63.2	 0.153	 1.283
48.5	 63.2	 0.165	 1.412
50.3	 63.2	 0.153	 1.353
52.1	 63.2	 0.224	 1.177
53.9	 63.2	 0.365	 1.259
55.7	 63.2	 0.247	 1.377
57.6	 63.2	 0.294	 1.000
59.4	 63.2	 0.306	 1.012
61.2	 63.2	 0.294	 1.165
63.0	 63.2	 0.106	 1.235
64.9	 63.2	 -0.024	 1.235
66.7	 63.2	 0.071	 1.388
68.5	 63.2	 0.094	 1.094
-3.8	 65.0	 0.000	 0.000
-2.0	 65.0	 0.000	 0.000
-0.3	 65.0	 0.000	 0.000
1.5	 65.0	 -0.106	 1.306
3.4	 65.0	 -0.118	 0.906
5.1	 65.0	 -0.012	 1.059
7.0	 65.0	 0.059	 0.977
8.8	 65.0	 -0.047	 0.788
10.6	 65.0	 -0.035	 1.000
12.4	 65.0	 0.047	 1.259
14.3	 65.0	 0.012	 1.165
16.1	 65.0	 0.176	 1.483
17.8	 65.0	 -0.129	 1.094
19.7	 65.0	 -0.200	 1.224
21.4	 65.0	 -0.012	 0.859
23.3	 65.0	 -0.047	 1.224
25.1	 65.0	 -0.082	 1.424
26.8	 65.0	 -0.082	 1.377
28.7	 65.0	 -0.035	 1.388
30.4	 65.0	 0.024	 1.530
32.3	 65.0	 0.024	 1.471
34.1	 65.0	 0.047	 1.388
35.9	 65.0	 0.035	 1.424
37.7	 65.0	 0.035	 1.435
39.5	 65.0	 -0.024	 1.659
41.3	 65.0	 0.035	 1.671
43.1	 65.0	 0.035	 1.624
44.9	 65.0	 0.094	 1.530
46.7	 65.0	 0.129	 1.294
48.5	 65.0	 0.165	 1.424
50.3	 65.0	 0.141	 1.459
52.1	 65.0	 0.129	 1.271
53.9	 65.0	 0.294	 1.271
55.7	 65.0	 0.200	 1.212
57.6	 65.0	 0.247	 1.059
59.4	 65.0	 0.365	 1.106
61.2	 65.0	 0.224	 1.188
63.0	 65.0	 0.129	 1.141
64.9	 65.0	 0.012	 1.247
66.7	 65.0	 -0.035	 1.341
68.5	 65.0	 0.129	 1.235
-3.8	 66.8	 0.000	 0.000
-2.0	 66.8	 0.000	 0.000
-0.3	 66.8	 -0.082	 1.459
1.5	 66.8	 -0.035	 1.059
3.4	 66.8	 -0.071	 0.894
5.1	 66.8	 -0.165	 0.847
7.0	 66.8	 0.012	 1.059
8.8	 66.8	 0.024	 0.965
10.6	 66.8	 -0.071	 1.035
12.4	 66.8	 0.071	 1.247
14.3	 66.8	 0.071	 0.930
16.1	 66.8	 0.012	 1.118
17.8	 66.8	 -0.047	 1.165
19.7	 66.8	 -0.059	 1.071
21.4	 66.8	 0.106	 1.047
23.3	 66.8	 0.047	 1.271
25.1	 66.8	 0.035	 1.353
26.8	 66.8	 -0.212	 1.271
28.7	 66.8	 -0.106	 1.353
30.4	 66.8	 -0.024	 1.424
32.3	 66.8	 -0.012	 1.553
34.1	 66.8	 0.071	 1.377
35.9	 66.8	 -0.106	 1.506
37.7	 66.8	 0.047	 1.341
39.5	 66.8	 0.059	 1.530
41.3	 66.8	 0.071	 1.424
43.1	 66.8	 -0.024	 1.400
44.9	 66.8	 0.106	 1.247
46.7	 66.8	 0.353	 1.365
48.5	 66.8	 0.082	 1.294
50.3	 66.8	 0.212	 1.353
52.1	 66.8	 0.094	 1.365
53.9	 66.8	 0.047	 1.294
55.7	 66.8	 0.129	 1.165
57.6	 66.8	 0.176	 1.118
59.4	 66.8	 0.071	 1.188
61.2	 66.8	 0.118	 1.306
63.0	 66.8	 0.059	 1.165
64.9	 66.8	 -0.106	 1.377
66.7	 66.8	 0.024	 1.247
68.5	 66.8	 0.012	 0.847
-3.8	 68.6	 0.000	 0.000
-2.0	 68.6	 0.000	 0.000
-0.3	 68.6	 0.000	 0.000
1.5	 68.6	 -0.059	 1.035
3.4	 68.6	 -0.141	 0.930
5.1	 68.6	 -0.094	 1.024
7.0	 68.6	 -0.153	 0.941
8.8	 68.6	 0.059	 1.118
10.6	 68.6	 0.059	 1.200
12.4	 68.6	 0.129	 1.377
14.3	 68.6	 0.000	 1.283
16.1	 68.6	 0.024	 1.082
17.8	 68.6	 0.059	 1.388
19.7	 68.6	 -0.047	 1.341
21.4	 68.6	 0.082	 1.271
23.3	 68.6	 0.071	 1.294
25.1	 68.6	 -0.059	 1.318
26.8	 68.6	 -0.129	 1.341
28.7	 68.6	 0.035	 1.047
30.4	 68.6	 -0.012	 1.365
32.3	 68.6	 -0.071	 1.435
34.1	 68.6	 0.024	 1.518
35.9	 68.6	 0.035	 1.153
37.7	 68.6	 0.094	 1.365
39.5	 68.6	 0.024	 1.424
41.3	 68.6	 0.082	 1.177
43.1	 68.6	 0.012	 1.330
44.9	 68.6	 0.176	 1.271
46.7	 68.6	 0.188	 1.341
48.5	 68.6	 0.094	 1.388
50.3	 68.6	 0.259	 1.247
52.1	 68.6	 0.271	 0.906
53.9	 68.6	 0.047	 0.953
55.7	 68.6	 -0.059	 1.059
57.6	 68.6	 0.294	 1.318
59.4	 68.6	 0.224	 1.318
61.2	 68.6	 -0.047	 1.012
63.0	 68.6	 0.094	 1.106
64.9	 68.6	 -0.153	 1.294
66.7	 68.6	 -0.047	 1.424
68.5	 68.6	 -0.024	 1.271
-3.8	 70.4	 0.000	 0.000
-2.0	 70.4	 0.000	 0.000
-0.3	 70.4	 0.000	 0.000
1.5	 70.4	 -0.035	 1.000
3.4	 70.4	 -0.118	 0.953
5.1	 70.4	 -0.047	 1.106
7.0	 70.4	 -0.094	 1.224
8.8	 70.4	 -0.024	 1.106
10.6	 70.4	 -0.071	 1.188
12.4	 70.4	 0.082	 1.247
14.3	 70.4	 0.106	 1.412
16.1	 70.4	 0.071	 1.059
17.8	 70.4	 0.024	 1.059
19.7	 70.4	 0.059	 1.471
21.4	 70.4	 0.059	 1.212
23.3	 70.4	 -0.035	 1.412
25.1	 70.4	 0.000	 1.412
26.8	 70.4	 0.000	 1.306
28.7	 70.4	 -0.035	 1.118
30.4	 70.4	 -0.071	 1.388
32.3	 70.4	 -0.071	 1.165
34.1	 70.4	 -0.035	 1.353
35.9	 70.4	 -0.035	 1.400
37.7	 70.4	 0.082	 1.459
39.5	 70.4	 0.082	 1.459
41.3	 70.4	 0.082	 1.247
43.1	 70.4	 0.094	 1.188
44.9	 70.4	 0.212	 1.165
46.7	 70.4	 0.012	 1.106
48.5	 70.4	 0.141	 0.918
50.3	 70.4	 0.271	 1.283
52.1	 70.4	 0.224	 0.859
53.9	 70.4	 0.059	 0.953
55.7	 70.4	 0.165	 0.918
57.6	 70.4	 0.224	 0.977
59.4	 70.4	 0.082	 1.153
61.2	 70.4	 -0.012	 1.306
63.0	 70.4	 -0.012	 1.353
64.9	 70.4	 -0.047	 1.400
66.7	 70.4	 0.129	 1.459
68.5	 70.4	 0.047	 1.224
-3.8	 72.2	 0.000	 0.000
-2.0	 72.2	 0.000	 0.000
-0.3	 72.2	 0.000	 0.000
1.5	 72.2	 -0.071	 1.130
3.4	 72.2	 -0.082	 0.977
5.1	 72.2	 -0.047	 0.906
7.0	 72.2	 -0.047	 0.847
8.8	 72.2	 -0.012	 0.894
10.6	 72.2	 -0.153	 1.177
12.4	 72.2	 -0.012	 1.318
14.3	 72.2	 0.082	 1.306
16.1	 72.2	 0.082	 1.235
17.8	 72.2	 -0.235	 1.012
19.7	 72.2	 -0.141	 1.012
21.4	 72.2	 -0.624	 1.424
23.3	 72.2	 0.035	 1.600
25.1	 72.2	 -0.224	 1.330
26.8	 72.2	 -0.165	 1.318
28.7	 72.2	 -0.012	 1.483
30.4	 72.2	 0.012	 1.200
32.3	 72.2	 -0.035	 1.035
34.1	 72.2	 0.024	 1.235
35.9	 72.2	 -0.118	 1.283
37.7	 72.2	 0.024	 1.271
39.5	 72.2	 0.012	 1.106
41.3	 72.2	 0.141	 1.000
43.1	 72.2	 0.071	 1.153
44.9	 72.2	 0.118	 1.082
46.7	 72.2	 0.153	 0.988
48.5	 72.2	 0.235	 1.082
50.3	 72.2	 0.024	 1.071
52.1	 72.2	 0.176	 0.953
53.9	 72.2	 0.000	 0.824
55.7	 72.2	 0.188	 0.847
57.6	 72.2	 0.153	 1.035
59.4	 72.2	 0.153	 1.235
61.2	 72.2	 0.059	 1.330
63.0	 72.2	 -0.094	 1.483
64.9	 72.2	 -0.059	 1.518
66.7	 72.2	 -0.024	 1.365
68.5	 72.2	 0.024	 1.012
-3.8	 74.0	 0.000	 0.000
-2.0	 74.0	 0.000	 0.000
-0.3	 74.0	 0.000	 0.000
1.5	 74.0	 -0.082	 0.965
3.4	 74.0	 -0.094	 0.906
5.1	 74.0	 0.035	 0.871
7.0	 74.0	 0.071	 0.694
8.8	 74.0	 -0.247	 0.847
10.6	 74.0	 -0.106	 0.882
12.4	 74.0	 0.047	 1.130
14.3	 74.0	 0.047	 1.035
16.1	 74.0	 0.012	 1.224
17.8	 74.0	 0.071	 1.577
19.7	 74.0	 0.059	 1.400
21.4	 74.0	 -0.247	 1.341
23.3	 74.0	 -0.282	 1.294
25.1	 74.0	 0.118	 1.565
26.8	 74.0	 0.047	 1.259
28.7	 74.0	 -0.012	 1.247
30.4	 74.0	 0.012	 1.177
32.3	 74.0	 -0.047	 1.165
34.1	 74.0	 0.024	 1.318
35.9	 74.0	 0.165	 1.130
37.7	 74.0	 0.035	 1.165
39.5	 74.0	 -0.012	 0.965
41.3	 74.0	 0.141	 0.953
43.1	 74.0	 0.212	 1.118
44.9	 74.0	 0.141	 1.283
46.7	 74.0	 0.212	 0.871
48.5	 74.0	 0.282	 0.918
50.3	 74.0	 0.129	 1.212
52.1	 74.0	 0.224	 0.988
53.9	 74.0	 0.012	 1.177
55.7	 74.0	 -0.024	 1.259
57.6	 74.0	 0.129	 1.283
59.4	 74.0	 0.118	 1.400
61.2	 74.0	 0.059	 1.294
63.0	 74.0	 0.012	 1.365
64.9	 74.0	 -0.106	 1.447
66.7	 74.0	 -0.071	 1.447
68.5	 74.0	 0.024	 1.024
-3.8	 75.8	 0.000	 0.000
-2.0	 75.8	 0.000	 0.000
-0.3	 75.8	 0.000	 0.000
1.5	 75.8	 0.024	 0.824
3.4	 75.8	 0.012	 0.953
5.1	 75.8	 0.118	 1.247
7.0	 75.8	 -0.012	 1.153
8.8	 75.8	 -0.176	 0.941
10.6	 75.8	 0.059	 1.283
12.4	 75.8	 0.106	 1.165
14.3	 75.8	 0.024	 1.165
16.1	 75.8	 -0.071	 0.965
17.8	 75.8	 -0.024	 0.965
19.7	 75.8	 0.106	 1.082
21.4	 75.8	 -0.012	 1.153
23.3	 75.8	 -0.188	 1.306
25.1	 75.8	 0.012	 1.471
26.8	 75.8	 0.000	 1.318
28.7	 75.8	 0.047	 1.400
30.4	 75.8	 0.024	 1.071
32.3	 75.8	 0.118	 1.177
34.1	 75.8	 0.118	 1.447
35.9	 75.8	 -0.035	 1.483
37.7	 75.8	 -0.141	 1.024
39.5	 75.8	 -0.106	 1.165
41.3	 75.8	 0.094	 1.094
43.1	 75.8	 -0.059	 1.200
44.9	 75.8	 0.082	 1.330
46.7	 75.8	 0.306	 1.118
48.5	 75.8	 0.071	 0.977
50.3	 75.8	 0.247	 1.059
52.1	 75.8	 0.129	 0.800
53.9	 75.8	 0.012	 0.906
55.7	 75.8	 0.059	 0.988
57.6	 75.8	 0.118	 1.247
59.4	 75.8	 -0.082	 1.200
61.2	 75.8	 0.176	 1.071
63.0	 75.8	 -0.059	 1.530
64.9	 75.8	 -0.071	 1.483
66.7	 75.8	 0.000	 1.471
68.5	 75.8	 0.000	 0.000
-3.8	 77.6	 0.000	 0.000
-2.0	 77.6	 0.000	 0.000
-0.3	 77.6	 0.000	 0.000
1.5	 77.6	 -0.035	 1.035
3.4	 77.6	 0.047	 0.906
5.1	 77.6	 0.035	 1.165
7.0	 77.6	 -0.082	 1.424
8.8	 77.6	 -0.235	 1.177
10.6	 77.6	 -0.153	 0.906
12.4	 77.6	 0.024	 1.012
14.3	 77.6	 -0.082	 0.977
16.1	 77.6	 0.000	 1.259
17.8	 77.6	 0.106	 1.271
19.7	 77.6	 -0.012	 1.283
21.4	 77.6	 -0.012	 0.859
23.3	 77.6	 -0.224	 1.224
25.1	 77.6	 -0.024	 1.035
26.8	 77.6	 -0.047	 1.212
28.7	 77.6	 -0.200	 1.412
30.4	 77.6	 -0.106	 1.318
32.3	 77.6	 -0.059	 1.071
34.1	 77.6	 0.176	 1.212
35.9	 77.6	 -0.012	 1.235
37.7	 77.6	 0.000	 1.165
39.5	 77.6	 0.047	 0.882
41.3	 77.6	 -0.012	 1.094
43.1	 77.6	 0.071	 0.941
44.9	 77.6	 0.082	 0.977
46.7	 77.6	 0.118	 0.906
48.5	 77.6	 0.071	 0.847
50.3	 77.6	 0.071	 0.824
52.1	 77.6	 0.259	 0.941
53.9	 77.6	 0.071	 0.894
55.7	 77.6	 0.035	 1.000
57.6	 77.6	 0.188	 1.000
59.4	 77.6	 0.059	 1.306
61.2	 77.6	 0.000	 1.424
63.0	 77.6	 -0.012	 1.494
64.9	 77.6	 0.024	 1.541
66.7	 77.6	 0.012	 1.506
68.5	 77.6	 0.047	 1.047
-3.8	 79.4	 0.000	 0.000
-2.0	 79.4	 0.000	 0.000
-0.3	 79.4	 0.000	 0.000
1.5	 79.4	 -0.024	 1.035
3.4	 79.4	 0.059	 0.906
5.1	 79.4	 -0.012	 0.965
7.0	 79.4	 -0.141	 0.941
8.8	 79.4	 -0.035	 1.024
10.6	 79.4	 0.106	 1.177
12.4	 79.4	 0.188	 1.883
14.3	 79.4	 -0.106	 1.247
16.1	 79.4	 -0.212	 0.812
17.8	 79.4	 -0.059	 1.235
19.7	 79.4	 -0.165	 1.530
21.4	 79.4	 0.000	 1.577
23.3	 79.4	 -0.024	 1.247
25.1	 79.4	 0.188	 1.330
26.8	 79.4	 -0.141	 1.259
28.7	 79.4	 -0.212	 1.388
30.4	 79.4	 0.024	 1.400
32.3	 79.4	 0.082	 1.188
34.1	 79.4	 -0.012	 1.012
35.9	 79.4	 -0.047	 1.130
37.7	 79.4	 0.059	 1.047
39.5	 79.4	 0.106	 1.035
41.3	 79.4	 0.118	 1.306
43.1	 79.4	 0.059	 1.059
44.9	 79.4	 0.129	 0.941
46.7	 79.4	 0.047	 0.918
48.5	 79.4	 0.212	 0.777
50.3	 79.4	 0.365	 0.824
52.1	 79.4	 0.200	 1.024
53.9	 79.4	 0.282	 0.824
55.7	 79.4	 0.188	 1.094
57.6	 79.4	 -0.141	 1.188
59.4	 79.4	 0.047	 1.388
61.2	 79.4	 0.024	 1.506
63.0	 79.4	 -0.047	 1.530
64.9	 79.4	 -0.024	 1.541
66.7	 79.4	 0.082	 1.494
68.5	 79.4	 0.094	 1.130
-3.8	 81.2	 0.000	 0.000
-2.0	 81.2	 0.000	 0.000
-0.3	 81.2	 0.000	 0.000
1.5	 81.2	 -0.106	 0.953
3.4	 81.2	 0.129	 1.235
5.1	 81.2	 -0.141	 1.153
7.0	 81.2	 -0.094	 1.353
8.8	 81.2	 -0.153	 1.106
10.6	 81.2	 0.035	 1.600
12.4	 81.2	 0.094	 0.835
14.3	 81.2	 0.024	 1.941
16.1	 81.2	 0.129	 1.094
17.8	 81.2	 0.035	 1.177
19.7	 81.2	 -0.047	 1.188
21.4	 81.2	 -0.071	 1.247
23.3	 81.2	 0.071	 1.353
25.1	 81.2	 0.165	 1.494
26.8	 81.2	 -0.247	 1.388
28.7	 81.2	 0.024	 0.953
30.4	 81.2	 0.059	 1.130
32.3	 81.2	 0.000	 1.094
34.1	 81.2	 0.047	 1.000
35.9	 81.2	 0.024	 1.165
37.7	 81.2	 0.106	 1.377
39.5	 81.2	 0.012	 1.141
41.3	 81.2	 0.071	 1.177
43.1	 81.2	 0.024	 1.235
44.9	 81.2	 0.047	 1.224
46.7	 81.2	 0.106	 1.047
48.5	 81.2	 0.141	 1.035
50.3	 81.2	 0.388	 0.918
52.1	 81.2	 0.047	 0.882
53.9	 81.2	 0.129	 0.953
55.7	 81.2	 0.235	 1.000
57.6	 81.2	 -0.118	 1.224
59.4	 81.2	 0.071	 1.341
61.2	 81.2	 0.000	 1.424
63.0	 81.2	 -0.047	 1.518
64.9	 81.2	 0.035	 1.694
66.7	 81.2	 0.000	 1.271
68.5	 81.2	 0.035	 0.824
-3.8	 83.0	 0.000	 0.000
-2.0	 83.0	 0.000	 0.000
-0.3	 83.0	 0.000	 0.000
1.5	 83.0	 0.000	 0.000
3.4	 83.0	 0.024	 1.365
5.1	 83.0	 -0.141	 1.294
7.0	 83.0	 0.000	 0.000
8.8	 83.0	 0.059	 1.118
10.6	 83.0	 0.000	 1.212
12.4	 83.0	 -0.047	 1.318
14.3	 83.0	 0.012	 1.588
16.1	 83.0	 0.129	 0.682
17.8	 83.0	 0.706	 1.471
19.7	 83.0	 -0.176	 0.977
21.4	 83.0	 0.047	 1.412
23.3	 83.0	 0.000	 1.024
25.1	 83.0	 -0.082	 1.082
26.8	 83.0	 -0.071	 1.294
28.7	 83.0	 -0.012	 0.930
30.4	 83.0	 -0.035	 1.012
32.3	 83.0	 -0.047	 1.224
34.1	 83.0	 0.094	 1.130
35.9	 83.0	 0.129	 1.071
37.7	 83.0	 0.200	 1.106
39.5	 83.0	 0.012	 1.141
41.3	 83.0	 0.047	 1.212
43.1	 83.0	 0.082	 1.271
44.9	 83.0	 0.129	 1.412
46.7	 83.0	 0.200	 1.047
48.5	 83.0	 0.153	 1.165
50.3	 83.0	 0.094	 0.918
52.1	 83.0	 0.129	 0.965
53.9	 83.0	 0.129	 0.941
55.7	 83.0	 0.318	 0.847
57.6	 83.0	 0.153	 1.153
59.4	 83.0	 -0.165	 1.506
61.2	 83.0	 0.024	 1.506
63.0	 83.0	 -0.035	 1.541
64.9	 83.0	 0.059	 1.612
66.7	 83.0	 0.000	 1.353
68.5	 83.0	 -0.012	 1.459
-3.8	 84.8	 0.000	 0.000
-2.0	 84.8	 0.000	 0.000
-0.3	 84.8	 0.000	 0.000
1.5	 84.8	 0.000	 0.000
3.4	 84.8	 0.271	 1.059
5.1	 84.8	 0.071	 0.847
7.0	 84.8	 -0.141	 0.953
8.8	 84.8	 -0.224	 0.953
10.6	 84.8	 -0.118	 0.906
12.4	 84.8	 -0.153	 1.035
14.3	 84.8	 -0.200	 1.153
16.1	 84.8	 -0.059	 1.082
17.8	 84.8	 -0.141	 0.906
19.7	 84.8	 -0.212	 0.977
21.4	 84.8	 -0.071	 0.906
23.3	 84.8	 -0.035	 1.035
25.1	 84.8	 0.035	 1.200
26.8	 84.8	 -0.118	 1.494
28.7	 84.8	 0.059	 1.506
30.4	 84.8	 0.141	 1.671
32.3	 84.8	 0.118	 1.694
34.1	 84.8	 0.188	 1.141
35.9	 84.8	 0.094	 0.988
37.7	 84.8	 0.071	 1.035
39.5	 84.8	 0.035	 1.000
41.3	 84.8	 0.000	 1.188
43.1	 84.8	 -0.012	 1.247
44.9	 84.8	 0.118	 1.118
46.7	 84.8	 0.071	 1.047
48.5	 84.8	 0.094	 1.012
50.3	 84.8	 0.282	 1.059
52.1	 84.8	 0.000	 1.153
53.9	 84.8	 0.247	 0.941
55.7	 84.8	 0.106	 1.165
57.6	 84.8	 0.059	 1.082
59.4	 84.8	 0.024	 1.388
61.2	 84.8	 -0.082	 1.494
63.0	 84.8	 0.012	 1.577
64.9	 84.8	 -0.012	 1.506
66.7	 84.8	 -0.082	 1.353
68.5	 84.8	 -0.024	 1.341
-3.8	 86.7	 0.000	 0.000
-2.0	 86.7	 0.000	 0.000
-0.3	 86.7	 0.000	 0.000
1.5	 86.7	 0.000	 0.000
3.4	 86.7	 -0.200	 1.353
5.1	 86.7	 -0.035	 0.930
7.0	 86.7	 -0.047	 1.012
8.8	 86.7	 -0.094	 1.212
10.6	 86.7	 -0.082	 0.965
12.4	 86.7	 -0.224	 1.012
14.3	 86.7	 -0.129	 1.047
16.1	 86.7	 -0.153	 0.812
17.8	 86.7	 -0.294	 1.235
19.7	 86.7	 -0.200	 1.447
21.4	 86.7	 -0.047	 1.365
23.3	 86.7	 0.224	 1.271
25.1	 86.7	 0.106	 1.188
26.8	 86.7	 0.012	 1.177
28.7	 86.7	 -0.035	 1.035
30.4	 86.7	 0.082	 1.118
32.3	 86.7	 0.271	 1.471
34.1	 86.7	 0.129	 1.412
35.9	 86.7	 -0.082	 1.082
37.7	 86.7	 -0.024	 1.012
39.5	 86.7	 0.059	 1.047
41.3	 86.7	 0.035	 1.200
43.1	 86.7	 0.059	 0.977
44.9	 86.7	 0.012	 1.188
46.7	 86.7	 0.059	 1.247
48.5	 86.7	 0.071	 1.200
50.3	 86.7	 0.094	 1.259
52.1	 86.7	 0.247	 1.283
53.9	 86.7	 0.329	 0.953
55.7	 86.7	 -0.035	 1.259
57.6	 86.7	 0.024	 1.271
59.4	 86.7	 -0.106	 1.483
61.2	 86.7	 0.035	 1.377
63.0	 86.7	 0.035	 1.506
64.9	 86.7	 0.071	 1.553
66.7	 86.7	 -0.024	 1.188
68.5	 86.7	 -0.024	 0.965
-3.8	 88.5	 0.000	 0.000
-2.0	 88.5	 0.000	 0.000
-0.3	 88.5	 0.000	 0.000
1.5	 88.5	 -0.035	 0.930
3.4	 88.5	 0.035	 1.094
5.1	 88.5	 -0.059	 1.047
7.0	 88.5	 -0.129	 1.024
8.8	 88.5	 0.035	 1.388
10.6	 88.5	 -0.035	 0.977
12.4	 88.5	 -0.071	 0.941
14.3	 88.5	 -0.082	 1.130
16.1	 88.5	 0.012	 0.882
17.8	 88.5	 -0.106	 0.988
19.7	 88.5	 0.047	 1.365
21.4	 88.5	 -0.024	 1.047
23.3	 88.5	 -0.082	 0.953
25.1	 88.5	 0.035	 1.024
26.8	 88.5	 0.047	 1.035
28.7	 88.5	 0.071	 0.977
30.4	 88.5	 0.047	 1.082
32.3	 88.5	 -0.024	 0.988
34.1	 88.5	 0.224	 0.977
35.9	 88.5	 0.082	 1.024
37.7	 88.5	 0.012	 0.988
39.5	 88.5	 -0.012	 1.165
41.3	 88.5	 0.059	 1.094
43.1	 88.5	 -0.012	 0.953
44.9	 88.5	 0.094	 1.412
46.7	 88.5	 0.035	 1.271
48.5	 88.5	 0.212	 1.082
50.3	 88.5	 0.153	 1.071
52.1	 88.5	 0.200	 0.965
53.9	 88.5	 0.212	 0.941
55.7	 88.5	 0.082	 1.188
57.6	 88.5	 -0.035	 1.471
59.4	 88.5	 -0.012	 1.565
61.2	 88.5	 -0.047	 1.530
63.0	 88.5	 -0.071	 1.541
64.9	 88.5	 -0.035	 1.459
66.7	 88.5	 0.012	 1.271
68.5	 88.5	 0.000	 0.000
-3.8	 90.3	 0.000	 0.000
-2.0	 90.3	 0.000	 0.000
-0.3	 90.3	 0.000	 0.000
1.5	 90.3	 -0.012	 1.012
3.4	 90.3	 0.047	 1.271
5.1	 90.3	 -0.059	 1.035
7.0	 90.3	 0.024	 0.977
8.8	 90.3	 -0.047	 0.741
10.6	 90.3	 -0.059	 1.071
12.4	 90.3	 0.000	 0.000
14.3	 90.3	 -0.176	 1.000
16.1	 90.3	 0.094	 1.600
17.8	 90.3	 -0.012	 1.459
19.7	 90.3	 -0.047	 0.694
21.4	 90.3	 -0.047	 0.930
23.3	 90.3	 -0.071	 1.000
25.1	 90.3	 -0.059	 1.047
26.8	 90.3	 0.024	 0.906
28.7	 90.3	 0.118	 1.271
30.4	 90.3	 0.106	 1.059
32.3	 90.3	 -0.071	 1.306
34.1	 90.3	 -0.188	 1.341
35.9	 90.3	 -0.106	 1.153
37.7	 90.3	 0.129	 1.071
39.5	 90.3	 0.035	 1.130
41.3	 90.3	 0.071	 1.247
43.1	 90.3	 0.129	 1.071
44.9	 90.3	 -0.035	 1.518
46.7	 90.3	 0.153	 1.118
48.5	 90.3	 0.365	 0.894
50.3	 90.3	 0.235	 1.318
52.1	 90.3	 0.235	 1.212
53.9	 90.3	 0.188	 1.094
55.7	 90.3	 0.129	 1.024
57.6	 90.3	 0.165	 1.365
59.4	 90.3	 -0.071	 1.612
61.2	 90.3	 -0.106	 1.435
63.0	 90.3	 0.012	 1.459
64.9	 90.3	 0.000	 1.530
66.7	 90.3	 0.012	 1.306
68.5	 90.3	 0.129	 1.388
-3.8	 92.0	 0.000	 0.000
-2.0	 92.0	 0.000	 0.000
-0.3	 92.0	 0.000	 0.000
1.5	 92.0	 -0.141	 0.988
3.4	 92.0	 -0.024	 1.047
5.1	 92.0	 0.000	 0.988
7.0	 92.0	 -0.082	 1.341
8.8	 92.0	 -0.082	 1.200
10.6	 92.0	 0.024	 0.800
12.4	 92.0	 -0.553	 0.753
14.3	 92.0	 -0.200	 0.788
16.1	 92.0	 -0.153	 0.800
17.8	 92.0	 -0.224	 1.271
19.7	 92.0	 -0.365	 0.612
21.4	 92.0	 -0.188	 1.530
23.3	 92.0	 -0.059	 0.906
25.1	 92.0	 0.012	 1.235
26.8	 92.0	 0.024	 0.988
28.7	 92.0	 0.082	 1.165
30.4	 92.0	 0.000	 0.859
32.3	 92.0	 -0.024	 0.894
34.1	 92.0	 -0.035	 1.400
35.9	 92.0	 0.012	 0.930
37.7	 92.0	 0.106	 1.106
39.5	 92.0	 0.271	 1.012
41.3	 92.0	 0.094	 1.177
43.1	 92.0	 0.141	 1.318
44.9	 92.0	 0.094	 1.424
46.7	 92.0	 0.106	 1.130
48.5	 92.0	 0.047	 0.906
50.3	 92.0	 0.188	 0.930
52.1	 92.0	 0.071	 1.224
53.9	 92.0	 0.094	 1.235
55.7	 92.0	 -0.012	 1.294
57.6	 92.0	 0.224	 1.353
59.4	 92.0	 -0.071	 1.459
61.2	 92.0	 0.000	 1.483
63.0	 92.0	 -0.012	 1.671
64.9	 92.0	 -0.059	 1.530
66.7	 92.0	 -0.012	 1.318
68.5	 92.0	 0.094	 1.412
-3.8	 93.8	 0.000	 0.000
-2.0	 93.8	 0.000	 0.000
-0.3	 93.8	 0.000	 0.000
1.5	 93.8	 -0.024	 1.177
3.4	 93.8	 0.118	 1.035
5.1	 93.8	 -0.318	 0.930
7.0	 93.8	 -0.541	 1.271
8.8	 93.8	 -0.012	 1.271
10.6	 93.8	 -0.094	 0.988
12.4	 93.8	 -0.153	 1.047
14.3	 93.8	 -0.341	 0.800
16.1	 93.8	 -0.188	 0.871
17.8	 93.8	 -0.012	 0.882
19.7	 93.8	 -0.047	 0.729
21.4	 93.8	 -0.129	 1.118
23.3	 93.8	 -0.118	 0.824
25.1	 93.8	 -0.071	 0.930
26.8	 93.8	 -0.094	 0.847
28.7	 93.8	 -0.059	 1.082
30.4	 93.8	 0.071	 0.988
32.3	 93.8	 -0.071	 0.988
34.1	 93.8	 0.012	 1.259
35.9	 93.8	 -0.024	 1.094
37.7	 93.8	 0.082	 1.247
39.5	 93.8	 0.094	 1.024
41.3	 93.8	 0.035	 1.059
43.1	 93.8	 0.176	 1.177
44.9	 93.8	 0.035	 1.424
46.7	 93.8	 0.165	 1.071
48.5	 93.8	 0.200	 1.047
50.3	 93.8	 0.129	 1.024
52.1	 93.8	 0.176	 1.082
53.9	 93.8	 0.188	 1.283
55.7	 93.8	 0.082	 1.306
57.6	 93.8	 0.118	 1.247
59.4	 93.8	 0.035	 1.588
61.2	 93.8	 -0.047	 1.530
63.0	 93.8	 -0.059	 1.530
64.9	 93.8	 -0.035	 1.483
66.7	 93.8	 0.106	 1.235
68.5	 93.8	 0.000	 0.000
-3.8	 95.7	 0.000	 0.000
-2.0	 95.7	 0.000	 0.000
-0.3	 95.7	 0.000	 0.000
1.5	 95.7	 -0.059	 1.294
3.4	 95.7	 -0.024	 1.271
5.1	 95.7	 0.059	 1.271
7.0	 95.7	 0.000	 1.341
8.8	 95.7	 -0.094	 1.106
10.6	 95.7	 -0.353	 1.377
12.4	 95.7	 -0.271	 1.012
14.3	 95.7	 -0.129	 1.094
16.1	 95.7	 -0.082	 0.918
17.8	 95.7	 -0.106	 1.200
19.7	 95.7	 0.000	 0.000
21.4	 95.7	 0.024	 1.530
23.3	 95.7	 -0.200	 0.765
25.1	 95.7	 0.000	 0.918
26.8	 95.7	 0.000	 0.835
28.7	 95.7	 -0.059	 0.812
30.4	 95.7	 -0.071	 1.024
32.3	 95.7	 0.129	 1.012
34.1	 95.7	 0.000	 1.530
35.9	 95.7	 -0.082	 1.177
37.7	 95.7	 0.035	 1.094
39.5	 95.7	 0.000	 1.094
41.3	 95.7	 0.118	 1.012
43.1	 95.7	 0.071	 1.153
44.9	 95.7	 0.259	 1.024
46.7	 95.7	 0.271	 1.165
48.5	 95.7	 0.259	 0.965
50.3	 95.7	 0.165	 1.235
52.1	 95.7	 0.024	 1.247
53.9	 95.7	 0.212	 1.082
55.7	 95.7	 0.000	 1.341
57.6	 95.7	 0.118	 1.494
59.4	 95.7	 0.012	 1.530
61.2	 95.7	 0.024	 1.612
63.0	 95.7	 -0.035	 1.588
64.9	 95.7	 0.071	 1.459
66.7	 95.7	 0.106	 1.306
68.5	 95.7	 0.000	 0.000
-3.8	 97.5	 0.000	 0.000
-2.0	 97.5	 0.000	 0.000
-0.3	 97.5	 0.000	 0.000
1.5	 97.5	 -0.024	 1.094
3.4	 97.5	 -0.047	 1.177
5.1	 97.5	 -0.012	 1.435
7.0	 97.5	 -0.129	 1.353
8.8	 97.5	 -0.082	 1.400
10.6	 97.5	 -0.165	 1.365
12.4	 97.5	 -0.035	 0.859
14.3	 97.5	 -0.035	 1.283
16.1	 97.5	 -0.024	 1.000
17.8	 97.5	 -0.082	 1.059
19.7	 97.5	 -0.129	 1.082
21.4	 97.5	 -0.012	 1.247
23.3	 97.5	 -0.035	 0.918
25.1	 97.5	 -0.035	 0.859
26.8	 97.5	 -0.094	 1.000
28.7	 97.5	 0.082	 1.047
30.4	 97.5	 0.071	 1.082
32.3	 97.5	 -0.047	 1.165
34.1	 97.5	 0.035	 1.035
35.9	 97.5	 0.082	 1.106
37.7	 97.5	 0.235	 1.459
39.5	 97.5	 -0.047	 1.165
41.3	 97.5	 0.094	 1.012
43.1	 97.5	 0.153	 1.247
44.9	 97.5	 0.165	 1.153
46.7	 97.5	 0.141	 1.283
48.5	 97.5	 0.294	 1.130
50.3	 97.5	 -0.141	 1.412
52.1	 97.5	 -0.129	 1.318
53.9	 97.5	 0.000	 1.153
55.7	 97.5	 -0.012	 1.459
57.6	 97.5	 0.529	 1.106
59.4	 97.5	 0.035	 1.659
61.2	 97.5	 0.024	 1.635
63.0	 97.5	 -0.047	 1.553
64.9	 97.5	 0.012	 1.553
66.7	 97.5	 0.118	 1.294
68.5	 97.5	 0.000	 0.000
-3.8	 99.3	 0.000	 0.000
-2.0	 99.3	 0.000	 0.000
-0.3	 99.3	 0.000	 0.000
1.5	 99.3	 -0.188	 0.988
3.4	 99.3	 -0.176	 1.130
5.1	 99.3	 0.000	 0.000
7.0	 99.3	 -0.165	 1.400
8.8	 99.3	 -0.094	 1.318
10.6	 99.3	 -0.200	 1.365
12.4	 99.3	 0.000	 0.000
14.3	 99.3	 -0.118	 1.294
16.1	 99.3	 -0.271	 1.400
17.8	 99.3	 -0.212	 0.941
19.7	 99.3	 -0.106	 1.141
21.4	 99.3	 -0.082	 0.882
23.3	 99.3	 -0.094	 1.047
25.1	 99.3	 -0.094	 0.894
26.8	 99.3	 -0.141	 1.153
28.7	 99.3	 0.024	 1.294
30.4	 99.3	 -0.059	 0.847
32.3	 99.3	 0.106	 1.082
34.1	 99.3	 0.035	 1.318
35.9	 99.3	 0.071	 1.459
37.7	 99.3	 0.094	 1.283
39.5	 99.3	 0.082	 1.071
41.3	 99.3	 0.188	 1.388
43.1	 99.3	 0.094	 1.506
44.9	 99.3	 0.212	 1.459
46.7	 99.3	 0.106	 1.553
48.5	 99.3	 0.000	 1.306
50.3	 99.3	 0.106	 1.024
52.1	 99.3	 0.118	 0.977
53.9	 99.3	 0.024	 1.130
55.7	 99.3	 0.000	 1.424
57.6	 99.3	 0.012	 1.459
59.4	 99.3	 0.071	 1.541
61.2	 99.3	 -0.024	 1.588
63.0	 99.3	 0.000	 1.494
64.9	 99.3	 0.071	 1.459
66.7	 99.3	 0.082	 1.318
68.5	 99.3	 0.224	 1.094
-3.8	 101.1	 0.000	 0.000
-2.0	 101.1	 0.000	 0.000
-0.3	 101.1	 0.000	 0.000
1.5	 101.1	 -0.129	 1.141
3.4	 101.1	 -0.294	 1.224
5.1	 101.1	 0.129	 1.130
7.0	 101.1	 0.000	 0.000
8.8	 101.1	 0.200	 1.082
10.6	 101.1	 -0.176	 1.318
12.4	 101.1	 -0.024	 0.953
14.3	 101.1	 -0.141	 0.777
16.1	 101.1	 -0.153	 0.988
17.8	 101.1	 -0.071	 1.588
19.7	 101.1	 -0.294	 1.412
21.4	 101.1	 0.035	 0.918
23.3	 101.1	 -0.012	 0.859
25.1	 101.1	 -0.024	 0.941
26.8	 101.1	 0.000	 0.906
28.7	 101.1	 -0.094	 1.330
30.4	 101.1	 -0.024	 0.835
32.3	 101.1	 -0.118	 1.165
34.1	 101.1	 -0.082	 1.059
35.9	 101.1	 -0.106	 0.788
37.7	 101.1	 0.071	 1.153
39.5	 101.1	 0.024	 1.259
41.3	 101.1	 -0.024	 1.271
43.1	 101.1	 0.188	 1.165
44.9	 101.1	 0.176	 1.188
46.7	 101.1	 0.012	 1.377
48.5	 101.1	 0.106	 1.224
50.3	 101.1	 0.059	 1.577
52.1	 101.1	 0.106	 1.518
53.9	 101.1	 0.012	 1.412
55.7	 101.1	 0.106	 1.165
57.6	 101.1	 0.082	 1.365
59.4	 101.1	 -0.012	 1.471
61.2	 101.1	 -0.129	 1.471
63.0	 101.1	 0.000	 1.494
64.9	 101.1	 -0.012	 1.412
66.7	 101.1	 0.165	 1.165
68.5	 101.1	 0.247	 1.059
-3.8	 102.8	 0.000	 0.000
-2.0	 102.8	 0.000	 0.000
-0.3	 102.8	 0.000	 0.000
1.5	 102.8	 0.047	 1.412
3.4	 102.8	 0.000	 1.353
5.1	 102.8	 -0.094	 1.059
7.0	 102.8	 -0.012	 1.130
8.8	 102.8	 0.106	 1.283
10.6	 102.8	 -0.106	 1.047
12.4	 102.8	 0.047	 0.918
14.3	 102.8	 -0.071	 1.424
16.1	 102.8	 -0.153	 0.847
17.8	 102.8	 0.024	 1.553
19.7	 102.8	 -0.247	 1.188
21.4	 102.8	 -0.118	 1.388
23.3	 102.8	 -0.035	 1.000
25.1	 102.8	 -0.094	 0.847
26.8	 102.8	 -0.059	 1.247
28.7	 102.8	 -0.235	 1.012
30.4	 102.8	 -0.153	 0.930
32.3	 102.8	 -0.035	 0.835
34.1	 102.8	 0.176	 1.153
35.9	 102.8	 0.129	 0.777
37.7	 102.8	 0.129	 1.306
39.5	 102.8	 0.094	 1.518
41.3	 102.8	 0.129	 1.435
43.1	 102.8	 0.282	 1.412
44.9	 102.8	 0.059	 1.435
46.7	 102.8	 -0.012	 1.071
48.5	 102.8	 0.035	 1.200
50.3	 102.8	 0.235	 1.447
52.1	 102.8	 -0.082	 1.353
53.9	 102.8	 0.035	 1.318
55.7	 102.8	 -0.059	 1.306
57.6	 102.8	 0.118	 1.447
59.4	 102.8	 -0.024	 1.553
61.2	 102.8	 -0.094	 1.494
63.0	 102.8	 0.118	 1.612
64.9	 102.8	 0.035	 1.588
66.7	 102.8	 0.165	 1.424
68.5	 102.8	 0.271	 1.283
-3.8	 104.7	 0.000	 0.000
-2.0	 104.7	 0.000	 0.000
-0.3	 104.7	 0.000	 0.000
1.5	 104.7	 -0.047	 1.541
3.4	 104.7	 -0.012	 1.283
5.1	 104.7	 -0.094	 1.047
7.0	 104.7	 0.000	 1.388
8.8	 104.7	 -0.306	 1.494
10.6	 104.7	 0.012	 1.400
12.4	 104.7	 -0.153	 1.153
14.3	 104.7	 -0.129	 1.365
16.1	 104.7	 0.059	 0.718
17.8	 104.7	 0.047	 0.835
19.7	 104.7	 -0.059	 1.283
21.4	 104.7	 -0.129	 1.082
23.3	 104.7	 -0.059	 1.341
25.1	 104.7	 -0.176	 1.235
26.8	 104.7	 0.000	 0.000
28.7	 104.7	 0.035	 1.212
30.4	 104.7	 -0.035	 1.035
32.3	 104.7	 -0.012	 0.835
34.1	 104.7	 0.118	 0.847
35.9	 104.7	 0.082	 0.765
37.7	 104.7	 0.035	 1.247
39.5	 104.7	 0.294	 1.400
41.3	 104.7	 0.235	 1.165
43.1	 104.7	 0.247	 1.306
44.9	 104.7	 0.424	 1.377
46.7	 104.7	 0.106	 1.553
48.5	 104.7	 0.247	 1.612
50.3	 104.7	 0.082	 1.235
52.1	 104.7	 0.035	 1.365
53.9	 104.7	 -0.071	 1.330
55.7	 104.7	 -0.047	 1.412
57.6	 104.7	 -0.035	 1.459
59.4	 104.7	 -0.024	 1.659
61.2	 104.7	 -0.094	 1.706
63.0	 104.7	 -0.024	 1.518
64.9	 104.7	 0.071	 1.494
66.7	 104.7	 0.165	 1.412
68.5	 104.7	 0.000	 0.000
-3.8	 106.5	 0.000	 0.000
-2.0	 106.5	 0.000	 0.000
-0.3	 106.5	 0.000	 0.000
1.5	 106.5	 -0.059	 1.365
3.4	 106.5	 -0.047	 1.377
5.1	 106.5	 -0.212	 1.047
7.0	 106.5	 0.047	 1.447
8.8	 106.5	 0.035	 1.471
10.6	 106.5	 -0.059	 1.377
12.4	 106.5	 0.012	 1.082
14.3	 106.5	 0.024	 1.235
16.1	 106.5	 -0.129	 1.094
17.8	 106.5	 -0.200	 1.177
19.7	 106.5	 0.141	 1.424
21.4	 106.5	 0.000	 0.000
23.3	 106.5	 -0.035	 1.330
25.1	 106.5	 -0.071	 1.306
26.8	 106.5	 -0.118	 0.965
28.7	 106.5	 -0.047	 0.847
30.4	 106.5	 0.024	 0.918
32.3	 106.5	 -0.082	 0.977
34.1	 106.5	 0.035	 1.012
35.9	 106.5	 0.059	 0.824
37.7	 106.5	 0.094	 0.977
39.5	 106.5	 0.141	 1.177
41.3	 106.5	 0.035	 1.071
43.1	 106.5	 0.176	 1.612
44.9	 106.5	 0.235	 1.483
46.7	 106.5	 0.447	 1.283
48.5	 106.5	 0.200	 0.894
50.3	 106.5	 0.059	 1.094
52.1	 106.5	 -0.059	 1.330
53.9	 106.5	 -0.141	 1.365
55.7	 106.5	 0.012	 1.306
57.6	 106.5	 0.071	 1.435
59.4	 106.5	 0.082	 1.412
61.2	 106.5	 0.012	 1.659
63.0	 106.5	 0.047	 1.330
64.9	 106.5	 0.118	 1.541
66.7	 106.5	 0.106	 1.353
68.5	 106.5	 0.000	 1.188
-3.8	 108.3	 0.000	 0.000
-2.0	 108.3	 0.000	 0.000
-0.3	 108.3	 0.000	 0.000
1.5	 108.3	 -0.047	 1.494
3.4	 108.3	 -0.153	 1.447
5.1	 108.3	 0.000	 0.000
7.0	 108.3	 0.000	 0.000
8.8	 108.3	 0.000	 0.000
10.6	 108.3	 -0.024	 1.447
12.4	 108.3	 -0.471	 1.082
14.3	 108.3	 -0.071	 1.412
16.1	 108.3	 0.000	 0.000
17.8	 108.3	 -0.118	 1.518
19.7	 108.3	 -0.118	 1.318
21.4	 108.3	 -0.106	 1.341
23.3	 108.3	 0.024	 1.283
25.1	 108.3	 0.012	 1.224
26.8	 108.3	 0.000	 1.235
28.7	 108.3	 0.118	 1.294
30.4	 108.3	 0.024	 0.824
32.3	 108.3	 -0.106	 1.000
34.1	 108.3	 0.059	 1.341
35.9	 108.3	 0.071	 1.306
37.7	 108.3	 0.141	 1.271
39.5	 108.3	 0.047	 1.259
41.3	 108.3	 0.176	 1.330
43.1	 108.3	 0.165	 1.600
44.9	 108.3	 0.094	 1.741
46.7	 108.3	 0.329	 1.435
48.5	 108.3	 0.329	 1.753
50.3	 108.3	 0.412	 1.483
52.1	 108.3	 0.141	 1.506
53.9	 108.3	 0.035	 1.365
55.7	 108.3	 -0.047	 1.283
57.6	 108.3	 -0.071	 1.612
59.4	 108.3	 -0.224	 1.741
61.2	 108.3	 0.035	 1.483
63.0	 108.3	 0.094	 1.600
64.9	 108.3	 0.071	 1.706
66.7	 108.3	 0.106	 1.365
68.5	 108.3	 0.176	 1.400
-3.8	 110.1	 0.000	 0.000
-2.0	 110.1	 0.000	 0.000
-0.3	 110.1	 0.000	 0.000
1.5	 110.1	 -0.282	 1.494
3.4	 110.1	 0.141	 1.388
5.1	 110.1	 -0.176	 1.400
7.0	 110.1	 0.000	 1.047
8.8	 110.1	 -0.059	 1.200
10.6	 110.1	 0.106	 1.471
12.4	 110.1	 0.012	 1.400
14.3	 110.1	 -0.024	 1.424
16.1	 110.1	 -0.059	 1.130
17.8	 110.1	 0.106	 0.835
19.7	 110.1	 0.082	 1.671
21.4	 110.1	 -0.012	 1.400
23.3	 110.1	 -0.106	 0.894
25.1	 110.1	 -0.141	 0.765
26.8	 110.1	 -0.094	 0.835
28.7	 110.1	 0.000	 0.000
30.4	 110.1	 -0.024	 1.247
32.3	 110.1	 -0.024	 0.941
34.1	 110.1	 0.482	 1.306
35.9	 110.1	 -0.024	 0.965
37.7	 110.1	 0.024	 1.059
39.5	 110.1	 -0.012	 1.177
41.3	 110.1	 0.200	 1.647
43.1	 110.1	 0.082	 1.671
44.9	 110.1	 0.082	 1.753
46.7	 110.1	 0.200	 1.271
48.5	 110.1	 0.000	 0.000
50.3	 110.1	 0.353	 1.471
52.1	 110.1	 0.259	 1.412
53.9	 110.1	 0.118	 1.588
55.7	 110.1	 -0.094	 1.518
57.6	 110.1	 -0.212	 1.565
59.4	 110.1	 -0.082	 1.894
61.2	 110.1	 0.035	 1.730
63.0	 110.1	 0.200	 1.694
64.9	 110.1	 -0.106	 1.506
66.7	 110.1	 0.153	 1.530
68.5	 110.1	 0.000	 0.000
-3.8	 112.0	 0.000	 0.000
-2.0	 112.0	 0.000	 0.000
-0.3	 112.0	 0.000	 0.000
1.5	 112.0	 -0.329	 1.388
3.4	 112.0	 -0.176	 1.330
5.1	 112.0	 -0.341	 1.306
7.0	 112.0	 -0.635	 1.424
8.8	 112.0	 -0.635	 1.330
10.6	 112.0	 0.141	 1.435
12.4	 112.0	 -0.082	 1.141
14.3	 112.0	 -0.024	 1.153
16.1	 112.0	 -0.153	 1.353
17.8	 112.0	 -0.071	 1.118
19.7	 112.0	 -0.059	 1.330
21.4	 112.0	 -0.012	 1.271
23.3	 112.0	 -0.024	 0.988
25.1	 112.0	 -0.118	 1.130
26.8	 112.0	 0.059	 0.729
28.7	 112.0	 -0.082	 0.871
30.4	 112.0	 -0.082	 1.000
32.3	 112.0	 0.012	 0.718
34.1	 112.0	 -0.118	 0.424
35.9	 112.0	 -0.059	 0.718
37.7	 112.0	 0.000	 0.000
39.5	 112.0	 0.176	 1.541
41.3	 112.0	 0.247	 1.694
43.1	 112.0	 0.541	 1.671
44.9	 112.0	 0.129	 1.247
46.7	 112.0	 0.212	 0.977
48.5	 112.0	 0.000	 0.000
50.3	 112.0	 0.612	 1.683
52.1	 112.0	 0.000	 0.000
53.9	 112.0	 -0.071	 1.530
55.7	 112.0	 -0.059	 1.341
57.6	 112.0	 0.153	 1.341
59.4	 112.0	 0.000	 1.588
61.2	 112.0	 0.012	 1.565
63.0	 112.0	 -0.082	 1.588
64.9	 112.0	 0.012	 1.506
66.7	 112.0	 0.129	 1.541
68.5	 112.0	 0.000	 0.000
-3.8	 113.8	 0.000	 0.000
-2.0	 113.8	 0.000	 0.000
-0.3	 113.8	 0.000	 0.000
1.5	 113.8	 -0.271	 1.235
3.4	 113.8	 0.000	 0.000
5.1	 113.8	 -0.047	 1.447
7.0	 113.8	 -0.224	 1.388
8.8	 113.8	 -0.271	 1.412
10.6	 113.8	 1.647	 -1.294
12.4	 113.8	 -0.047	 1.000
14.3	 113.8	 -0.188	 0.671
16.1	 113.8	 0.094	 0.977
17.8	 113.8	 -0.294	 1.530
19.7	 113.8	 -0.212	 1.341
21.4	 113.8	 -0.094	 1.200
23.3	 113.8	 -0.082	 1.141
25.1	 113.8	 -0.235	 1.153
26.8	 113.8	 -0.165	 0.718
28.7	 113.8	 -0.224	 0.788
30.4	 113.8	 0.035	 0.977
32.3	 113.8	 0.071	 0.977
34.1	 113.8	 -0.047	 1.165
35.9	 113.8	 -0.129	 1.341
37.7	 113.8	 0.129	 1.200
39.5	 113.8	 0.035	 1.471
41.3	 113.8	 0.047	 1.483
43.1	 113.8	 0.059	 1.177
44.9	 113.8	 0.035	 1.177
46.7	 113.8	 0.165	 1.283
48.5	 113.8	 0.400	 1.294
50.3	 113.8	 0.577	 1.400
52.1	 113.8	 0.176	 1.530
53.9	 113.8	 0.400	 1.424
55.7	 113.8	 0.659	 1.294
57.6	 113.8	 0.129	 1.318
59.4	 113.8	 0.247	 1.553
61.2	 113.8	 -0.047	 1.565
63.0	 113.8	 0.024	 0.965
64.9	 113.8	 0.294	 1.647
66.7	 113.8	 0.000	 0.000
68.5	 113.8	 0.188	 0.918
-3.8	 115.6	 0.000	 0.000
-2.0	 115.6	 0.000	 0.000
-0.3	 115.6	 0.000	 0.000
1.5	 115.6	 -0.059	 1.471
3.4	 115.6	 0.047	 1.471
5.1	 115.6	 -0.012	 1.553
7.0	 115.6	 -0.353	 1.294
8.8	 115.6	 -0.106	 1.318
10.6	 115.6	 -0.153	 1.247
12.4	 115.6	 0.035	 1.035
14.3	 115.6	 -0.259	 1.235
16.1	 115.6	 -0.012	 1.259
17.8	 115.6	 0.106	 1.024
19.7	 115.6	 0.000	 1.377
21.4	 115.6	 -0.012	 1.318
23.3	 115.6	 0.165	 1.165
25.1	 115.6	 -0.012	 0.965
26.8	 115.6	 -0.118	 1.047
28.7	 115.6	 -0.141	 0.788
30.4	 115.6	 -0.035	 1.153
32.3	 115.6	 0.000	 0.000
34.1	 115.6	 -0.035	 1.177
35.9	 115.6	 0.000	 1.200
37.7	 115.6	 -0.059	 1.082
39.5	 115.6	 -0.012	 1.400
41.3	 115.6	 0.082	 0.977
43.1	 115.6	 -0.012	 0.812
44.9	 115.6	 -0.012	 0.918
46.7	 115.6	 0.176	 0.835
48.5	 115.6	 0.000	 0.000
50.3	 115.6	 0.000	 0.000
52.1	 115.6	 0.106	 0.729
53.9	 115.6	 0.282	 1.271
55.7	 115.6	 0.341	 1.224
57.6	 115.6	 0.165	 1.435
59.4	 115.6	 0.000	 0.000
61.2	 115.6	 0.000	 0.000
63.0	 115.6	 -0.082	 1.353
64.9	 115.6	 0.412	 1.318
66.7	 115.6	 0.188	 1.082
68.5	 115.6	 0.294	 1.106
-3.8	 117.3	 0.000	 0.000
-2.0	 117.3	 0.000	 0.000
-0.3	 117.3	 0.000	 0.000
1.5	 117.3	 0.000	 0.000
3.4	 117.3	 0.153	 1.435
5.1	 117.3	 -0.035	 1.506
7.0	 117.3	 -0.353	 1.494
8.8	 117.3	 0.000	 0.000
10.6	 117.3	 0.106	 1.330
12.4	 117.3	 0.059	 1.294
14.3	 117.3	 -0.024	 1.435
16.1	 117.3	 -0.106	 1.118
17.8	 117.3	 -0.047	 1.224
19.7	 117.3	 0.094	 1.071
21.4	 117.3	 -0.176	 1.259
23.3	 117.3	 0.153	 1.271
25.1	 117.3	 -0.071	 0.835
26.8	 117.3	 0.247	 0.965
28.7	 117.3	 -0.118	 0.859
30.4	 117.3	 -0.094	 0.847
32.3	 117.3	 -0.024	 0.835
34.1	 117.3	 -0.129	 0.906
35.9	 117.3	 0.082	 0.906
37.7	 117.3	 0.012	 1.059
39.5	 117.3	 0.082	 1.235
41.3	 117.3	 0.224	 1.424
43.1	 117.3	 0.129	 1.553
44.9	 117.3	 -0.024	 0.894
46.7	 117.3	 0.153	 1.235
48.5	 117.3	 0.529	 1.341
50.3	 117.3	 0.000	 0.000
52.1	 117.3	 0.494	 1.541
53.9	 117.3	 0.377	 1.530
55.7	 117.3	 0.400	 1.671
57.6	 117.3	 0.200	 1.400
59.4	 117.3	 -0.071	 1.565
61.2	 117.3	 0.435	 1.400
63.0	 117.3	 -0.106	 1.283
64.9	 117.3	 0.000	 0.000
66.7	 117.3	 0.000	 0.000
68.5	 117.3	 0.000	 0.000
-3.8	 119.2	 0.000	 0.000
-2.0	 119.2	 0.000	 0.000
-0.3	 119.2	 0.000	 0.000
1.5	 119.2	 0.377	 1.565
3.4	 119.2	 0.306	 1.565
5.1	 119.2	 0.082	 1.506
7.0	 119.2	 -0.271	 1.683
8.8	 119.2	 -0.024	 1.977
10.6	 119.2	 0.059	 1.365
12.4	 119.2	 0.129	 1.047
14.3	 119.2	 -0.012	 1.435
16.1	 119.2	 0.000	 0.000
17.8	 119.2	 0.024	 1.177
19.7	 119.2	 0.247	 1.224
21.4	 119.2	 -0.224	 0.788
23.3	 119.2	 -0.094	 1.188
25.1	 119.2	 -0.106	 1.177
26.8	 119.2	 0.188	 0.930
28.7	 119.2	 0.012	 1.106
30.4	 119.2	 0.000	 0.000
32.3	 119.2	 0.071	 1.024
34.1	 119.2	 0.012	 1.047
35.9	 119.2	 0.118	 1.247
37.7	 119.2	 0.000	 0.000
39.5	 119.2	 0.341	 0.777
41.3	 119.2	 0.118	 0.800
43.1	 119.2	 0.071	 1.918
44.9	 119.2	 0.412	 1.224
46.7	 119.2	 0.094	 1.541
48.5	 119.2	 0.106	 1.400
50.3	 119.2	 0.000	 0.000
52.1	 119.2	 0.577	 1.435
53.9	 119.2	 0.471	 1.424
55.7	 119.2	 0.000	 0.000
57.6	 119.2	 0.059	 1.506
59.4	 119.2	 0.329	 1.494
61.2	 119.2	 -0.035	 1.294
63.0	 119.2	 0.000	 0.000
64.9	 119.2	 0.424	 0.894
66.7	 119.2	 0.165	 -1.400
68.5	 119.2	 0.282	 -1.047
-3.8	 121.0	 0.000	 0.000
-2.0	 121.0	 0.000	 0.000
-0.3	 121.0	 0.000	 0.000
1.5	 121.0	 0.624	 0.906
3.4	 121.0	 0.200	 1.294
5.1	 121.0	 0.165	 1.200
7.0	 121.0	 0.118	 1.235
8.8	 121.0	 -0.188	 1.306
10.6	 121.0	 0.188	 0.788
12.4	 121.0	 0.188	 0.777
14.3	 121.0	 -0.129	 1.330
16.1	 121.0	 0.212	 1.494
17.8	 121.0	 0.565	 0.812
19.7	 121.0	 0.000	 0.000
21.4	 121.0	 0.071	 2.047
23.3	 121.0	 -0.141	 1.271
25.1	 121.0	 -0.271	 0.753
26.8	 121.0	 -0.071	 1.200
28.7	 121.0	 0.000	 1.094
30.4	 121.0	 0.000	 0.000
32.3	 121.0	 0.035	 0.906
34.1	 121.0	 -0.024	 0.777
35.9	 121.0	 0.153	 0.812
37.7	 121.0	 0.094	 0.718
39.5	 121.0	 0.188	 1.071
41.3	 121.0	 0.047	 1.306
43.1	 121.0	 -0.106	 1.388
44.9	 121.0	 0.212	 1.953
46.7	 121.0	 0.082	 1.388
48.5	 121.0	 0.082	 1.400
50.3	 121.0	 0.012	 1.153
52.1	 121.0	 0.541	 0.941
53.9	 121.0	 0.000	 0.000
55.7	 121.0	 0.035	 1.082
57.6	 121.0	 0.082	 1.400
59.4	 121.0	 0.141	 1.659
61.2	 121.0	 -0.059	 1.777
63.0	 121.0	 0.082	 1.377
64.9	 121.0	 0.482	 1.024
66.7	 121.0	 0.000	 0.000
68.5	 121.0	 0.212	 1.447
-3.8	 122.8	 0.000	 0.000
-2.0	 122.8	 0.000	 0.000
-0.3	 122.8	 0.035	 1.541
1.5	 122.8	 0.059	 1.541
3.4	 122.8	 0.012	 1.353
5.1	 122.8	 0.176	 1.483
7.0	 122.8	 0.012	 1.577
8.8	 122.8	 0.000	 0.000
10.6	 122.8	 -0.071	 1.530
12.4	 122.8	 0.188	 1.341
14.3	 122.8	 -0.141	 1.494
16.1	 122.8	 0.294	 1.082
17.8	 122.8	 0.141	 0.988
19.7	 122.8	 0.000	 0.000
21.4	 122.8	 0.235	 1.059
23.3	 122.8	 0.224	 1.224
25.1	 122.8	 -0.541	 1.365
26.8	 122.8	 0.024	 1.412
28.7	 122.8	 -0.224	 0.988
30.4	 122.8	 -0.082	 0.953
32.3	 122.8	 0.188	 0.706
34.1	 122.8	 0.153	 0.682
35.9	 122.8	 0.000	 0.000
37.7	 122.8	 -0.235	 0.753
39.5	 122.8	 0.024	 1.177
41.3	 122.8	 0.059	 1.259
43.1	 122.8	 -0.059	 1.188
44.9	 122.8	 0.059	 1.447
46.7	 122.8	 -0.153	 0.988
48.5	 122.8	 0.059	 1.224
50.3	 122.8	 0.129	 1.153
52.1	 122.8	 0.059	 1.800
53.9	 122.8	 0.482	 1.788
55.7	 122.8	 0.106	 1.165
57.6	 122.8	 0.000	 0.000
59.4	 122.8	 0.224	 1.541
61.2	 122.8	 0.000	 0.000
63.0	 122.8	 0.059	 1.541
64.9	 122.8	 -0.035	 1.518
66.7	 122.8	 0.153	 0.882
68.5	 122.8	 0.200	 0.471
-3.8	 124.6	 0.000	 0.000
-2.0	 124.6	 0.000	 0.000
-0.3	 124.6	 0.000	 0.000
1.5	 124.6	 0.000	 1.506
3.4	 124.6	 0.176	 1.483
5.1	 124.6	 0.153	 1.483
7.0	 124.6	 0.000	 0.000
8.8	 124.6	 0.059	 1.541
10.6	 124.6	 -0.071	 1.836
12.4	 124.6	 0.000	 0.000
14.3	 124.6	 0.106	 1.471
16.1	 124.6	 0.000	 0.000
17.8	 124.6	 -0.071	 1.012
19.7	 124.6	 -0.059	 1.400
21.4	 124.6	 -0.012	 1.035
23.3	 124.6	 0.212	 1.647
25.1	 124.6	 -0.129	 0.447
26.8	 124.6	 -0.200	 1.235
28.7	 124.6	 0.000	 0.000
30.4	 124.6	 0.000	 0.000
32.3	 124.6	 0.000	 1.106
34.1	 124.6	 0.000	 0.894
35.9	 124.6	 0.129	 1.318
37.7	 124.6	 0.212	 0.824
39.5	 124.6	 0.047	 1.141
41.3	 124.6	 0.047	 1.306
43.1	 124.6	 0.082	 0.894
44.9	 124.6	 0.200	 0.788
46.7	 124.6	 0.000	 0.000
48.5	 124.6	 0.000	 0.000
50.3	 124.6	 0.129	 1.224
52.1	 124.6	 0.094	 2.047
53.9	 124.6	 0.188	 1.424
55.7	 124.6	 0.200	 1.447
57.6	 124.6	 0.141	 1.506
59.4	 124.6	 0.577	 1.565
61.2	 124.6	 0.000	 0.000
63.0	 124.6	 0.118	 1.471
64.9	 124.6	 0.165	 1.118
66.7	 124.6	 0.059	 0.835
68.5	 124.6	 0.000	 0.000
