-2.0	 50.5	 0.000	 0.000
-0.3	 50.5	 0.024	 0.812
1.5	 50.5	 -0.071	 0.047
3.3	 50.5	 -0.024	 0.000
5.2	 50.5	 0.000	 -0.129
6.9	 50.5	 0.024	 -0.012
8.8	 50.5	 0.047	 -0.153
10.7	 50.5	 0.059	 -0.129
12.4	 50.5	 0.094	 -0.082
14.2	 50.5	 0.012	 -0.106
16.1	 50.5	 0.035	 -0.071
17.9	 50.5	 0.047	 -0.176
19.6	 50.5	 0.071	 -0.118
21.4	 50.5	 0.012	 -0.329
23.3	 50.5	 0.047	 -0.306
25.1	 50.5	 0.082	 -0.494
26.9	 50.5	 -0.012	 -0.341
28.6	 50.5	 -0.035	 -0.329
30.5	 50.5	 -0.035	 -0.247
32.3	 50.5	 -0.012	 -0.494
34.1	 50.5	 0.000	 -0.388
36.0	 50.5	 -0.082	 -0.341
37.8	 50.5	 0.047	 -0.200
39.5	 50.5	 0.012	 -0.235
41.4	 50.5	 -0.024	 -0.176
43.1	 50.5	 -0.059	 -0.165
45.0	 50.5	 0.082	 -0.094
46.8	 50.5	 -0.059	 -0.082
48.5	 50.5	 0.000	 -0.129
50.4	 50.5	 0.000	 -0.188
52.1	 50.5	 -0.047	 -0.165
54.0	 50.5	 -0.012	 -0.165
55.8	 50.5	 0.012	 -0.247
57.5	 50.5	 -0.024	 -0.388
59.5	 50.5	 -0.035	 -0.482
61.3	 50.5	 0.024	 -0.518
63.0	 50.5	 0.000	 -0.541
64.8	 50.5	 -0.082	 -0.600
66.7	 50.5	 -0.071	 -0.612
68.5	 50.5	 -0.082	 -0.647
70.3	 50.5	 0.000	 0.000
-2.0	 52.3	 0.000	 0.000
-0.3	 52.3	 0.000	 0.000
1.5	 52.3	 0.106	 -0.024
3.3	 52.3	 0.012	 -0.094
5.2	 52.3	 0.059	 -0.118
6.9	 52.3	 0.024	 -0.059
8.8	 52.3	 0.047	 -0.129
10.7	 52.3	 0.047	 -0.118
12.4	 52.3	 0.071	 -0.176
14.2	 52.3	 0.106	 -0.082
16.1	 52.3	 0.118	 -0.059
17.9	 52.3	 0.035	 -0.153
19.6	 52.3	 0.012	 -0.224
21.4	 52.3	 0.024	 -0.235
23.3	 52.3	 0.024	 -0.271
25.1	 52.3	 0.059	 -0.306
26.9	 52.3	 0.129	 -0.165
28.6	 52.3	 0.129	 -0.388
30.5	 52.3	 -0.012	 -0.377
32.3	 52.3	 -0.024	 -0.424
34.1	 52.3	 -0.012	 -0.318
36.0	 52.3	 -0.094	 -0.224
37.8	 52.3	 -0.024	 -0.224
39.5	 52.3	 0.024	 -0.129
41.4	 52.3	 0.059	 -0.118
43.1	 52.3	 -0.082	 -0.129
45.0	 52.3	 0.035	 -0.082
46.8	 52.3	 0.035	 -0.129
48.5	 52.3	 0.035	 -0.200
50.4	 52.3	 -0.071	 -0.247
52.1	 52.3	 -0.094	 -0.271
54.0	 52.3	 0.012	 -0.212
55.8	 52.3	 0.012	 -0.188
57.5	 52.3	 -0.118	 -0.377
59.5	 52.3	 -0.141	 -0.400
61.3	 52.3	 -0.071	 -0.459
63.0	 52.3	 -0.035	 -0.624
64.8	 52.3	 0.024	 -0.600
66.7	 52.3	 -0.024	 -0.541
68.5	 52.3	 -0.024	 -0.729
70.3	 52.3	 0.000	 0.000
-2.0	 54.1	 0.000	 0.000
-0.3	 54.1	 0.000	 0.000
1.5	 54.1	 0.047	 -0.153
3.3	 54.1	 -0.024	 0.012
5.2	 54.1	 0.000	 -0.059
6.9	 54.1	 0.082	 -0.129
8.8	 54.1	 0.000	 -0.165
10.7	 54.1	 -0.024	 -0.129
12.4	 54.1	 0.035	 -0.094
14.2	 54.1	 0.106	 -0.071
16.1	 54.1	 0.082	 -0.106
17.9	 54.1	 0.071	 -0.188
19.6	 54.1	 0.153	 -0.059
21.4	 54.1	 0.106	 -0.235
23.3	 54.1	 0.035	 -0.282
25.1	 54.1	 0.024	 -0.282
26.9	 54.1	 0.059	 -0.318
28.6	 54.1	 0.035	 -0.294
30.5	 54.1	 -0.106	 -0.341
32.3	 54.1	 0.071	 -0.377
34.1	 54.1	 0.035	 -0.259
36.0	 54.1	 -0.082	 -0.188
37.8	 54.1	 -0.071	 -0.188
39.5	 54.1	 -0.094	 -0.082
41.4	 54.1	 -0.047	 -0.082
43.1	 54.1	 0.000	 -0.118
45.0	 54.1	 -0.012	 -0.024
46.8	 54.1	 0.035	 -0.118
48.5	 54.1	 -0.012	 -0.259
50.4	 54.1	 -0.012	 -0.365
52.1	 54.1	 0.024	 -0.176
54.0	 54.1	 0.094	 -0.153
55.8	 54.1	 -0.047	 -0.412
57.5	 54.1	 0.059	 -0.341
59.5	 54.1	 -0.129	 -0.306
61.3	 54.1	 -0.059	 -0.553
63.0	 54.1	 -0.035	 -0.506
64.8	 54.1	 -0.012	 -0.494
66.7	 54.1	 0.071	 -0.600
68.5	 54.1	 -0.024	 -0.753
70.3	 54.1	 0.000	 0.000
-2.0	 55.9	 0.000	 0.000
-0.3	 55.9	 0.000	 0.000
1.5	 55.9	 0.012	 -0.082
3.3	 55.9	 0.094	 -0.082
5.2	 55.9	 0.035	 -0.071
6.9	 55.9	 0.059	 -0.071
8.8	 55.9	 0.059	 -0.035
10.7	 55.9	 0.059	 -0.012
12.4	 55.9	 -0.035	 0.012
14.2	 55.9	 0.165	 -0.106
16.1	 55.9	 0.059	 -0.082
17.9	 55.9	 0.071	 -0.188
19.6	 55.9	 0.212	 -0.235
21.4	 55.9	 0.047	 -0.259
23.3	 55.9	 0.047	 -0.271
25.1	 55.9	 0.035	 -0.306
26.9	 55.9	 0.071	 -0.329
28.6	 55.9	 0.071	 -0.377
30.5	 55.9	 -0.106	 -0.224
32.3	 55.9	 0.035	 -0.247
34.1	 55.9	 0.082	 -0.224
36.0	 55.9	 -0.024	 -0.247
37.8	 55.9	 0.000	 -0.200
39.5	 55.9	 -0.012	 -0.235
41.4	 55.9	 0.024	 -0.259
43.1	 55.9	 0.000	 -0.106
45.0	 55.9	 -0.082	 -0.153
46.8	 55.9	 0.024	 -0.106
48.5	 55.9	 0.047	 -0.082
50.4	 55.9	 0.071	 -0.271
52.1	 55.9	 0.012	 -0.071
54.0	 55.9	 0.094	 -0.188
55.8	 55.9	 -0.035	 -0.506
57.5	 55.9	 -0.059	 -0.377
59.5	 55.9	 -0.024	 -0.565
61.3	 55.9	 -0.071	 -0.529
63.0	 55.9	 -0.118	 -0.577
64.8	 55.9	 -0.024	 -0.588
66.7	 55.9	 0.012	 -0.647
68.5	 55.9	 0.024	 -0.812
70.3	 55.9	 0.000	 0.000
-2.0	 57.7	 0.000	 0.000
-0.3	 57.7	 -0.024	 -0.671
1.5	 57.7	 0.071	 -0.106
3.3	 57.7	 0.071	 -0.118
5.2	 57.7	 0.047	 -0.153
6.9	 57.7	 0.024	 -0.106
8.8	 57.7	 0.059	 -0.200
10.7	 57.7	 -0.047	 -0.212
12.4	 57.7	 -0.012	 -0.035
14.2	 57.7	 0.071	 -0.141
16.1	 57.7	 0.035	 -0.188
17.9	 57.7	 0.035	 -0.188
19.6	 57.7	 0.094	 -0.141
21.4	 57.7	 0.094	 -0.282
23.3	 57.7	 0.094	 -0.282
25.1	 57.7	 0.047	 -0.259
26.9	 57.7	 0.035	 -0.259
28.6	 57.7	 0.071	 -0.224
30.5	 57.7	 0.165	 -0.035
32.3	 57.7	 0.071	 -0.200
34.1	 57.7	 0.024	 -0.106
36.0	 57.7	 0.000	 -0.176
37.8	 57.7	 -0.047	 -0.153
39.5	 57.7	 0.000	 -0.259
41.4	 57.7	 0.012	 -0.176
43.1	 57.7	 -0.082	 -0.224
45.0	 57.7	 -0.024	 -0.165
46.8	 57.7	 0.012	 -0.141
48.5	 57.7	 0.059	 -0.188
50.4	 57.7	 -0.012	 -0.200
52.1	 57.7	 0.000	 -0.024
54.0	 57.7	 0.024	 -0.165
55.8	 57.7	 -0.094	 -0.400
57.5	 57.7	 -0.071	 -0.259
59.5	 57.7	 -0.035	 -0.471
61.3	 57.7	 -0.094	 -0.412
63.0	 57.7	 -0.059	 -0.529
64.8	 57.7	 -0.071	 -0.624
66.7	 57.7	 -0.047	 -0.612
68.5	 57.7	 0.000	 0.000
70.3	 57.7	 0.000	 0.000
-2.0	 59.5	 0.000	 0.000
-0.3	 59.5	 0.000	 0.000
1.5	 59.5	 0.012	 -0.129
3.3	 59.5	 0.059	 -0.176
5.2	 59.5	 0.106	 -0.118
6.9	 59.5	 0.047	 -0.106
8.8	 59.5	 0.153	 -0.094
10.7	 59.5	 0.153	 -0.082
12.4	 59.5	 0.082	 -0.106
14.2	 59.5	 0.000	 -0.235
16.1	 59.5	 0.012	 -0.235
17.9	 59.5	 0.035	 -0.082
19.6	 59.5	 0.071	 -0.188
21.4	 59.5	 0.035	 -0.329
23.3	 59.5	 0.071	 -0.247
25.1	 59.5	 0.118	 -0.153
26.9	 59.5	 0.071	 -0.282
28.6	 59.5	 -0.024	 -0.259
30.5	 59.5	 0.047	 -0.224
32.3	 59.5	 0.059	 -0.176
34.1	 59.5	 0.024	 -0.129
36.0	 59.5	 -0.035	 -0.271
37.8	 59.5	 -0.106	 -0.224
39.5	 59.5	 -0.024	 -0.059
41.4	 59.5	 0.035	 -0.165
43.1	 59.5	 -0.047	 -0.094
45.0	 59.5	 -0.024	 -0.082
46.8	 59.5	 -0.082	 -0.082
48.5	 59.5	 0.024	 -0.129
50.4	 59.5	 -0.012	 -0.224
52.1	 59.5	 0.024	 -0.106
54.0	 59.5	 0.059	 -0.259
55.8	 59.5	 -0.059	 -0.353
57.5	 59.5	 -0.012	 -0.341
59.5	 59.5	 0.035	 -0.365
61.3	 59.5	 -0.071	 -0.471
63.0	 59.5	 -0.012	 -0.565
64.8	 59.5	 0.059	 -0.659
66.7	 59.5	 0.012	 -0.682
68.5	 59.5	 0.000	 -0.800
70.3	 59.5	 0.000	 0.000
-2.0	 61.3	 0.000	 0.000
-0.3	 61.3	 0.000	 0.000
1.5	 61.3	 -0.024	 -0.129
3.3	 61.3	 0.047	 -0.118
5.2	 61.3	 0.024	 -0.129
6.9	 61.3	 0.082	 -0.153
8.8	 61.3	 0.118	 -0.200
10.7	 61.3	 0.141	 -0.106
12.4	 61.3	 0.071	 -0.129
14.2	 61.3	 0.059	 -0.188
16.1	 61.3	 0.059	 -0.153
17.9	 61.3	 0.082	 -0.141
19.6	 61.3	 0.106	 -0.224
21.4	 61.3	 0.024	 -0.188
23.3	 61.3	 0.106	 -0.153
25.1	 61.3	 0.059	 -0.294
26.9	 61.3	 0.059	 -0.141
28.6	 61.3	 -0.118	 -0.165
30.5	 61.3	 0.035	 -0.188
32.3	 61.3	 -0.024	 -0.235
34.1	 61.3	 0.047	 -0.294
36.0	 61.3	 0.000	 -0.294
37.8	 61.3	 0.082	 -0.247
39.5	 61.3	 0.071	 -0.176
41.4	 61.3	 0.059	 -0.282
43.1	 61.3	 -0.082	 -0.188
45.0	 61.3	 -0.047	 -0.106
46.8	 61.3	 0.071	 -0.247
48.5	 61.3	 0.035	 -0.294
50.4	 61.3	 -0.047	 -0.412
52.1	 61.3	 0.024	 -0.435
54.0	 61.3	 0.000	 -0.494
55.8	 61.3	 0.047	 -0.306
57.5	 61.3	 0.035	 -0.377
59.5	 61.3	 0.035	 -0.424
61.3	 61.3	 0.000	 -0.553
63.0	 61.3	 -0.082	 -0.577
64.8	 61.3	 0.094	 -0.447
66.7	 61.3	 0.106	 -0.482
68.5	 61.3	 0.024	 -0.694
70.3	 61.3	 0.000	 0.000
-2.0	 63.2	 0.000	 0.000
-0.3	 63.2	 -0.024	 0.471
1.5	 63.2	 -0.024	 -0.153
3.3	 63.2	 0.059	 -0.188
5.2	 63.2	 -0.012	 -0.082
6.9	 63.2	 0.106	 -0.082
8.8	 63.2	 0.094	 -0.141
10.7	 63.2	 0.106	 -0.165
12.4	 63.2	 0.094	 -0.071
14.2	 63.2	 0.141	 -0.176
16.1	 63.2	 0.059	 -0.200
17.9	 63.2	 0.094	 -0.141
19.6	 63.2	 0.059	 -0.224
21.4	 63.2	 0.071	 -0.176
23.3	 63.2	 0.012	 -0.282
25.1	 63.2	 0.118	 -0.353
26.9	 63.2	 0.094	 -0.247
28.6	 63.2	 0.071	 -0.259
30.5	 63.2	 0.071	 -0.235
32.3	 63.2	 -0.012	 -0.224
34.1	 63.2	 -0.082	 -0.388
36.0	 63.2	 0.035	 -0.306
37.8	 63.2	 -0.059	 -0.318
39.5	 63.2	 -0.082	 -0.282
41.4	 63.2	 0.012	 -0.106
43.1	 63.2	 0.024	 -0.035
45.0	 63.2	 -0.035	 -0.118
46.8	 63.2	 0.000	 -0.047
48.5	 63.2	 0.012	 -0.212
50.4	 63.2	 -0.047	 -0.318
52.1	 63.2	 -0.012	 -0.377
54.0	 63.2	 -0.024	 -0.377
55.8	 63.2	 -0.059	 -0.329
57.5	 63.2	 0.035	 -0.365
59.5	 63.2	 0.035	 -0.588
61.3	 63.2	 0.012	 -0.588
63.0	 63.2	 -0.012	 -0.588
64.8	 63.2	 0.024	 -0.518
66.7	 63.2	 0.012	 -0.612
68.5	 63.2	 0.059	 -0.682
70.3	 63.2	 0.000	 0.000
-2.0	 65.0	 0.000	 0.000
-0.3	 65.0	 -0.059	 0.529
1.5	 65.0	 0.012	 -0.235
3.3	 65.0	 0.047	 -0.224
5.2	 65.0	 0.059	 -0.082
6.9	 65.0	 0.059	 -0.118
8.8	 65.0	 0.000	 -0.129
10.7	 65.0	 -0.035	 -0.224
12.4	 65.0	 0.012	 -0.200
14.2	 65.0	 0.118	 -0.282
16.1	 65.0	 -0.024	 -0.353
17.9	 65.0	 0.035	 -0.271
19.6	 65.0	 0.047	 -0.282
21.4	 65.0	 0.024	 -0.176
23.3	 65.0	 -0.012	 -0.247
25.1	 65.0	 0.082	 -0.165
26.9	 65.0	 0.000	 -0.165
28.6	 65.0	 -0.024	 -0.235
30.5	 65.0	 0.012	 -0.353
32.3	 65.0	 -0.035	 -0.259
34.1	 65.0	 0.000	 -0.341
36.0	 65.0	 -0.012	 -0.247
37.8	 65.0	 -0.024	 -0.224
39.5	 65.0	 0.000	 -0.518
41.4	 65.0	 0.000	 -0.435
43.1	 65.0	 0.000	 -0.306
45.0	 65.0	 0.059	 -0.188
46.8	 65.0	 -0.035	 -0.082
48.5	 65.0	 -0.012	 -0.176
50.4	 65.0	 -0.012	 -0.318
52.1	 65.0	 0.024	 -0.294
54.0	 65.0	 0.082	 -0.200
55.8	 65.0	 -0.035	 -0.353
57.5	 65.0	 -0.106	 -0.471
59.5	 65.0	 -0.012	 -0.518
61.3	 65.0	 0.000	 -0.494
63.0	 65.0	 0.012	 -0.577
64.8	 65.0	 -0.012	 -0.612
66.7	 65.0	 0.012	 -0.718
68.5	 65.0	 0.024	 -0.847
70.3	 65.0	 0.000	 0.000
-2.0	 66.8	 0.000	 0.000
-0.3	 66.8	 0.000	 0.000
1.5	 66.8	 0.059	 -0.200
3.3	 66.8	 0.047	 -0.271
5.2	 66.8	 0.024	 -0.129
6.9	 66.8	 0.082	 -0.200
8.8	 66.8	 0.129	 -0.165
10.7	 66.8	 -0.071	 -0.282
12.4	 66.8	 0.024	 -0.247
14.2	 66.8	 -0.024	 -0.247
16.1	 66.8	 0.024	 -0.212
17.9	 66.8	 0.059	 -0.212
19.6	 66.8	 0.024	 -0.094
21.4	 66.8	 0.059	 -0.200
23.3	 66.8	 0.047	 -0.282
25.1	 66.8	 0.000	 -0.082
26.9	 66.8	 0.012	 -0.271
28.6	 66.8	 0.106	 -0.176
30.5	 66.8	 0.082	 -0.106
32.3	 66.8	 0.047	 -0.047
34.1	 66.8	 0.282	 -0.247
36.0	 66.8	 0.012	 -0.294
37.8	 66.8	 0.071	 -0.247
39.5	 66.8	 -0.024	 -0.518
41.4	 66.8	 0.012	 -0.447
43.1	 66.8	 -0.141	 -0.200
45.0	 66.8	 0.035	 -0.212
46.8	 66.8	 -0.035	 -0.271
48.5	 66.8	 -0.024	 -0.318
50.4	 66.8	 0.000	 -0.341
52.1	 66.8	 -0.024	 -0.306
54.0	 66.8	 -0.024	 -0.388
55.8	 66.8	 0.024	 -0.424
57.5	 66.8	 -0.024	 -0.529
59.5	 66.8	 -0.024	 -0.529
61.3	 66.8	 -0.012	 -0.506
63.0	 66.8	 -0.024	 -0.612
64.8	 66.8	 -0.035	 -0.577
66.7	 66.8	 0.024	 -0.565
68.5	 66.8	 0.024	 -0.777
70.3	 66.8	 0.000	 0.000
-2.0	 68.6	 0.000	 0.000
-0.3	 68.6	 0.000	 0.000
1.5	 68.6	 0.024	 -0.435
3.3	 68.6	 -0.047	 -0.306
5.2	 68.6	 -0.106	 -0.271
6.9	 68.6	 -0.047	 -0.224
8.8	 68.6	 0.082	 -0.200
10.7	 68.6	 0.047	 -0.212
12.4	 68.6	 0.071	 -0.176
14.2	 68.6	 0.047	 -0.153
16.1	 68.6	 0.000	 -0.212
17.9	 68.6	 -0.035	 -0.247
19.6	 68.6	 0.035	 -0.047
21.4	 68.6	 0.059	 -0.212
23.3	 68.6	 0.000	 -0.141
25.1	 68.6	 0.106	 -0.106
26.9	 68.6	 -0.012	 -0.259
28.6	 68.6	 0.118	 -0.212
30.5	 68.6	 0.129	 -0.306
32.3	 68.6	 0.012	 -0.141
34.1	 68.6	 -0.012	 -0.035
36.0	 68.6	 0.035	 -0.106
37.8	 68.6	 -0.024	 -0.294
39.5	 68.6	 -0.082	 -0.329
41.4	 68.6	 0.000	 -0.494
43.1	 68.6	 -0.165	 -0.365
45.0	 68.6	 0.000	 -0.494
46.8	 68.6	 -0.059	 -0.459
48.5	 68.6	 -0.035	 -0.482
50.4	 68.6	 -0.118	 -0.424
52.1	 68.6	 -0.094	 -0.447
54.0	 68.6	 -0.047	 -0.494
55.8	 68.6	 0.035	 -0.294
57.5	 68.6	 -0.024	 -0.341
59.5	 68.6	 -0.035	 -0.400
61.3	 68.6	 -0.047	 -0.388
63.0	 68.6	 0.024	 -0.612
64.8	 68.6	 0.012	 -0.682
66.7	 68.6	 -0.012	 -0.647
68.5	 68.6	 0.035	 -0.694
70.3	 68.6	 0.000	 0.000
-2.0	 70.4	 0.000	 0.000
-0.3	 70.4	 0.000	 0.000
1.5	 70.4	 0.035	 -0.424
3.3	 70.4	 0.059	 -0.459
5.2	 70.4	 0.024	 -0.271
6.9	 70.4	 -0.035	 -0.271
8.8	 70.4	 0.059	 -0.306
10.7	 70.4	 0.153	 -0.318
12.4	 70.4	 0.047	 -0.106
14.2	 70.4	 0.024	 -0.082
16.1	 70.4	 0.012	 -0.212
17.9	 70.4	 -0.024	 -0.200
19.6	 70.4	 -0.047	 -0.224
21.4	 70.4	 0.012	 -0.224
23.3	 70.4	 0.035	 -0.153
25.1	 70.4	 0.071	 -0.153
26.9	 70.4	 0.024	 -0.329
28.6	 70.4	 0.012	 -0.212
30.5	 70.4	 -0.071	 -0.235
32.3	 70.4	 -0.071	 -0.212
34.1	 70.4	 0.024	 -0.306
36.0	 70.4	 0.024	 -0.329
37.8	 70.4	 0.035	 -0.318
39.5	 70.4	 -0.035	 -0.259
41.4	 70.4	 0.024	 -0.459
43.1	 70.4	 0.012	 -0.400
45.0	 70.4	 0.000	 -0.412
46.8	 70.4	 -0.047	 -0.365
48.5	 70.4	 -0.071	 -0.271
50.4	 70.4	 0.024	 -0.212
52.1	 70.4	 -0.071	 -0.294
54.0	 70.4	 -0.094	 -0.388
55.8	 70.4	 0.071	 -0.482
57.5	 70.4	 0.024	 -0.506
59.5	 70.4	 0.035	 -0.518
61.3	 70.4	 0.047	 -0.588
63.0	 70.4	 0.000	 -0.577
64.8	 70.4	 -0.035	 -0.600
66.7	 70.4	 -0.012	 -0.577
68.5	 70.4	 0.024	 -0.377
70.3	 70.4	 0.000	 0.000
-2.0	 72.2	 0.000	 0.000
-0.3	 72.2	 0.000	 0.000
1.5	 72.2	 -0.106	 -0.188
3.3	 72.2	 -0.035	 -0.353
5.2	 72.2	 -0.024	 -0.329
6.9	 72.2	 0.000	 -0.282
8.8	 72.2	 0.118	 -0.329
10.7	 72.2	 0.071	 -0.212
12.4	 72.2	 -0.012	 -0.271
14.2	 72.2	 0.047	 -0.271
16.1	 72.2	 0.059	 -0.247
17.9	 72.2	 0.059	 -0.094
19.6	 72.2	 0.141	 -0.282
21.4	 72.2	 0.000	 -0.282
23.3	 72.2	 -0.047	 -0.271
25.1	 72.2	 0.012	 -0.294
26.9	 72.2	 -0.035	 -0.165
28.6	 72.2	 0.024	 -0.153
30.5	 72.2	 -0.024	 -0.200
32.3	 72.2	 0.012	 -0.271
34.1	 72.2	 -0.035	 -0.235
36.0	 72.2	 0.012	 -0.318
37.8	 72.2	 0.024	 -0.212
39.5	 72.2	 0.012	 -0.176
41.4	 72.2	 -0.071	 -0.306
43.1	 72.2	 0.059	 -0.341
45.0	 72.2	 -0.165	 -0.318
46.8	 72.2	 -0.129	 -0.329
48.5	 72.2	 -0.047	 -0.259
50.4	 72.2	 0.082	 -0.353
52.1	 72.2	 0.012	 -0.494
54.0	 72.2	 -0.024	 -0.482
55.8	 72.2	 0.035	 -0.518
57.5	 72.2	 0.106	 -0.577
59.5	 72.2	 0.024	 -0.553
61.3	 72.2	 0.012	 -0.565
63.0	 72.2	 -0.047	 -0.671
64.8	 72.2	 0.024	 -0.612
66.7	 72.2	 -0.012	 -0.600
68.5	 72.2	 0.035	 -0.471
70.3	 72.2	 0.000	 0.000
-2.0	 74.0	 0.000	 0.000
-0.3	 74.0	 0.000	 0.000
1.5	 74.0	 -0.094	 -0.071
3.3	 74.0	 -0.059	 -0.188
5.2	 74.0	 0.094	 -0.294
6.9	 74.0	 0.000	 -0.271
8.8	 74.0	 0.094	 -0.247
10.7	 74.0	 0.024	 -0.377
12.4	 74.0	 0.024	 -0.259
14.2	 74.0	 -0.012	 -0.235
16.1	 74.0	 0.059	 -0.306
17.9	 74.0	 0.035	 -0.035
19.6	 74.0	 0.047	 -0.176
21.4	 74.0	 0.012	 -0.247
23.3	 74.0	 0.024	 -0.176
25.1	 74.0	 -0.024	 -0.377
26.9	 74.0	 -0.082	 -0.294
28.6	 74.0	 0.047	 -0.224
30.5	 74.0	 0.059	 -0.306
32.3	 74.0	 -0.035	 -0.341
34.1	 74.0	 0.012	 0.000
36.0	 74.0	 -0.047	 -0.353
37.8	 74.0	 -0.012	 -0.377
39.5	 74.0	 -0.071	 -0.247
41.4	 74.0	 0.000	 -0.271
43.1	 74.0	 -0.012	 -0.259
45.0	 74.0	 -0.094	 -0.212
46.8	 74.0	 -0.059	 -0.388
48.5	 74.0	 -0.118	 -0.341
50.4	 74.0	 0.012	 -0.318
52.1	 74.0	 0.024	 -0.388
54.0	 74.0	 0.024	 -0.494
55.8	 74.0	 -0.012	 -0.518
57.5	 74.0	 0.094	 -0.588
59.5	 74.0	 0.129	 -0.577
61.3	 74.0	 0.012	 -0.565
63.0	 74.0	 0.082	 -0.553
64.8	 74.0	 0.094	 -0.588
66.7	 74.0	 0.024	 -0.671
68.5	 74.0	 0.047	 -0.800
70.3	 74.0	 0.000	 0.000
-2.0	 75.8	 0.000	 0.000
-0.3	 75.8	 0.000	 0.000
1.5	 75.8	 -0.035	 -0.482
3.3	 75.8	 0.047	 -0.271
5.2	 75.8	 0.059	 -0.176
6.9	 75.8	 0.047	 -0.259
8.8	 75.8	 0.047	 -0.388
10.7	 75.8	 0.047	 -0.129
12.4	 75.8	 -0.082	 -0.388
14.2	 75.8	 -0.035	 -0.176
16.1	 75.8	 0.094	 -0.141
17.9	 75.8	 0.000	 0.000
19.6	 75.8	 -0.024	 -0.329
21.4	 75.8	 0.012	 -0.353
23.3	 75.8	 0.059	 -0.224
25.1	 75.8	 0.000	 -0.235
26.9	 75.8	 -0.012	 -0.388
28.6	 75.8	 0.000	 -0.294
30.5	 75.8	 0.035	 -0.282
32.3	 75.8	 -0.012	 -0.306
34.1	 75.8	 0.024	 0.012
36.0	 75.8	 0.000	 0.000
37.8	 75.8	 -0.012	 -0.412
39.5	 75.8	 -0.035	 -0.365
41.4	 75.8	 0.000	 -0.212
43.1	 75.8	 0.035	 -0.247
45.0	 75.8	 0.000	 -0.341
46.8	 75.8	 0.059	 -0.400
48.5	 75.8	 -0.012	 -0.353
50.4	 75.8	 0.047	 -0.412
52.1	 75.8	 -0.059	 -0.377
54.0	 75.8	 0.024	 -0.541
55.8	 75.8	 -0.012	 -0.365
57.5	 75.8	 0.094	 -0.459
59.5	 75.8	 0.059	 -0.553
61.3	 75.8	 0.035	 -0.506
63.0	 75.8	 -0.012	 -0.482
64.8	 75.8	 0.047	 -0.553
66.7	 75.8	 0.024	 -0.718
68.5	 75.8	 -0.047	 -0.824
70.3	 75.8	 0.000	 0.000
-2.0	 77.6	 0.000	 0.000
-0.3	 77.6	 0.000	 0.000
1.5	 77.6	 -0.141	 -0.353
3.3	 77.6	 -0.012	 -0.435
5.2	 77.6	 0.047	 -0.306
6.9	 77.6	 0.035	 -0.294
8.8	 77.6	 0.035	 -0.318
10.7	 77.6	 -0.106	 -0.271
12.4	 77.6	 -0.047	 -0.224
14.2	 77.6	 -0.012	 -0.224
16.1	 77.6	 -0.012	 -0.212
17.9	 77.6	 -0.024	 -0.212
19.6	 77.6	 -0.024	 -0.176
21.4	 77.6	 0.012	 -0.306
23.3	 77.6	 0.012	 -0.282
25.1	 77.6	 -0.059	 -0.247
26.9	 77.6	 -0.059	 -0.271
28.6	 77.6	 -0.035	 -0.235
30.5	 77.6	 -0.024	 -0.341
32.3	 77.6	 0.047	 -0.412
34.1	 77.6	 0.000	 -0.247
36.0	 77.6	 -0.106	 -0.306
37.8	 77.6	 -0.082	 -0.318
39.5	 77.6	 -0.059	 -0.259
41.4	 77.6	 -0.059	 -0.271
43.1	 77.6	 0.012	 -0.329
45.0	 77.6	 -0.094	 -0.282
46.8	 77.6	 0.059	 -0.471
48.5	 77.6	 0.024	 -0.435
50.4	 77.6	 -0.024	 -0.424
52.1	 77.6	 -0.012	 -0.482
54.0	 77.6	 0.024	 -0.588
55.8	 77.6	 -0.047	 -0.612
57.5	 77.6	 0.024	 -0.529
59.5	 77.6	 -0.024	 -0.577
61.3	 77.6	 -0.035	 -0.518
63.0	 77.6	 -0.012	 -0.577
64.8	 77.6	 -0.012	 -0.482
66.7	 77.6	 0.035	 -0.647
68.5	 77.6	 0.035	 -0.706
70.3	 77.6	 0.000	 0.000
-2.0	 79.4	 0.000	 0.000
-0.3	 79.4	 0.000	 0.000
1.5	 79.4	 -0.118	 -0.306
3.3	 79.4	 0.035	 -0.459
5.2	 79.4	 0.035	 -0.424
6.9	 79.4	 0.000	 -0.212
8.8	 79.4	 0.024	 -0.247
10.7	 79.4	 -0.082	 -0.318
12.4	 79.4	 -0.035	 -0.271
14.2	 79.4	 0.012	 -0.306
16.1	 79.4	 0.047	 -0.282
17.9	 79.4	 -0.024	 -0.318
19.6	 79.4	 -0.071	 -0.188
21.4	 79.4	 -0.012	 -0.365
23.3	 79.4	 -0.012	 -0.247
25.1	 79.4	 -0.035	 -0.365
26.9	 79.4	 -0.094	 -0.224
28.6	 79.4	 -0.071	 -0.235
30.5	 79.4	 0.012	 -0.329
32.3	 79.4	 -0.047	 -0.259
34.1	 79.4	 -0.035	 -0.247
36.0	 79.4	 -0.035	 -0.259
37.8	 79.4	 -0.012	 -0.129
39.5	 79.4	 -0.047	 -0.212
41.4	 79.4	 -0.082	 -0.224
43.1	 79.4	 -0.094	 -0.341
45.0	 79.4	 -0.082	 -0.377
46.8	 79.4	 -0.047	 -0.471
48.5	 79.4	 0.012	 -0.565
50.4	 79.4	 -0.012	 -0.565
52.1	 79.4	 -0.071	 -0.471
54.0	 79.4	 0.000	 -0.541
55.8	 79.4	 -0.047	 -0.553
57.5	 79.4	 0.059	 -0.529
59.5	 79.4	 -0.035	 -0.494
61.3	 79.4	 0.047	 -0.494
63.0	 79.4	 0.165	 -0.377
64.8	 79.4	 -0.012	 -0.624
66.7	 79.4	 -0.059	 -0.635
68.5	 79.4	 0.059	 -0.671
70.3	 79.4	 0.000	 0.000
-2.0	 81.2	 0.000	 0.000
-0.3	 81.2	 0.000	 0.000
1.5	 81.2	 -0.129	 -0.365
3.3	 81.2	 -0.047	 -0.259
5.2	 81.2	 0.012	 -0.247
6.9	 81.2	 -0.024	 -0.212
8.8	 81.2	 -0.071	 -0.318
10.7	 81.2	 -0.094	 -0.200
12.4	 81.2	 -0.059	 -0.200
14.2	 81.2	 0.035	 -0.353
16.1	 81.2	 -0.035	 -0.306
17.9	 81.2	 -0.047	 -0.282
19.6	 81.2	 -0.094	 -0.329
21.4	 81.2	 -0.035	 -0.200
23.3	 81.2	 -0.035	 -0.224
25.1	 81.2	 -0.071	 -0.271
26.9	 81.2	 -0.024	 -0.106
28.6	 81.2	 0.024	 -0.141
30.5	 81.2	 -0.047	 -0.247
32.3	 81.2	 -0.082	 -0.247
34.1	 81.2	 -0.071	 -0.259
36.0	 81.2	 -0.082	 -0.235
37.8	 81.2	 -0.012	 -0.176
39.5	 81.2	 -0.024	 -0.224
41.4	 81.2	 -0.012	 -0.259
43.1	 81.2	 -0.035	 -0.412
45.0	 81.2	 -0.035	 -0.435
46.8	 81.2	 -0.012	 -0.518
48.5	 81.2	 0.000	 -0.447
50.4	 81.2	 -0.024	 -0.400
52.1	 81.2	 -0.071	 -0.518
54.0	 81.2	 -0.047	 -0.565
55.8	 81.2	 -0.024	 -0.600
57.5	 81.2	 0.059	 -0.600
59.5	 81.2	 -0.047	 -0.577
61.3	 81.2	 0.118	 -0.518
63.0	 81.2	 0.035	 -0.577
64.8	 81.2	 0.024	 -0.588
66.7	 81.2	 -0.012	 -0.588
68.5	 81.2	 -0.094	 -0.718
70.3	 81.2	 0.000	 0.000
-2.0	 83.0	 0.000	 0.000
-0.3	 83.0	 0.000	 0.000
1.5	 83.0	 -0.012	 -0.541
3.3	 83.0	 0.035	 -0.377
5.2	 83.0	 0.047	 -0.212
6.9	 83.0	 0.141	 -0.071
8.8	 83.0	 0.024	 -0.035
10.7	 83.0	 -0.071	 -0.329
12.4	 83.0	 -0.141	 -0.306
14.2	 83.0	 -0.082	 -0.353
16.1	 83.0	 0.000	 -0.318
17.9	 83.0	 0.000	 -0.306
19.6	 83.0	 -0.200	 -0.188
21.4	 83.0	 -0.082	 -0.329
23.3	 83.0	 -0.094	 -0.282
25.1	 83.0	 -0.082	 -0.200
26.9	 83.0	 -0.035	 -0.118
28.6	 83.0	 0.012	 -0.200
30.5	 83.0	 -0.094	 -0.176
32.3	 83.0	 -0.047	 -0.153
34.1	 83.0	 -0.071	 -0.329
36.0	 83.0	 -0.082	 -0.176
37.8	 83.0	 -0.047	 -0.224
39.5	 83.0	 -0.059	 -0.353
41.4	 83.0	 -0.012	 -0.282
43.1	 83.0	 0.012	 -0.353
45.0	 83.0	 0.012	 -0.471
46.8	 83.0	 0.059	 -0.506
48.5	 83.0	 0.024	 -0.553
50.4	 83.0	 0.047	 -0.565
52.1	 83.0	 -0.094	 -0.388
54.0	 83.0	 -0.059	 -0.577
55.8	 83.0	 0.047	 -0.365
57.5	 83.0	 0.024	 -0.612
59.5	 83.0	 0.012	 -0.588
61.3	 83.0	 0.024	 -0.588
63.0	 83.0	 0.059	 -0.482
64.8	 83.0	 0.000	 -0.577
66.7	 83.0	 0.024	 -0.612
68.5	 83.0	 0.012	 -0.706
70.3	 83.0	 0.000	 0.000
-2.0	 84.8	 0.000	 0.000
-0.3	 84.8	 0.000	 -1.047
1.5	 84.8	 0.047	 -0.282
3.3	 84.8	 0.000	 -0.247
5.2	 84.8	 -0.059	 -0.294
6.9	 84.8	 0.129	 -0.106
8.8	 84.8	 0.071	 -0.188
10.7	 84.8	 0.071	 -0.435
12.4	 84.8	 -0.059	 -0.259
14.2	 84.8	 -0.047	 -0.294
16.1	 84.8	 -0.059	 -0.282
17.9	 84.8	 0.012	 -0.329
19.6	 84.8	 -0.106	 -0.235
21.4	 84.8	 -0.176	 -0.294
23.3	 84.8	 -0.035	 -0.188
25.1	 84.8	 -0.024	 -0.282
26.9	 84.8	 -0.012	 -0.329
28.6	 84.8	 0.000	 -0.282
30.5	 84.8	 -0.153	 -0.176
32.3	 84.8	 -0.141	 -0.282
34.1	 84.8	 -0.118	 -0.365
36.0	 84.8	 0.000	 -0.294
37.8	 84.8	 -0.047	 -0.318
39.5	 84.8	 -0.024	 -0.318
41.4	 84.8	 -0.035	 -0.424
43.1	 84.8	 -0.012	 -0.553
45.0	 84.8	 0.059	 -0.365
46.8	 84.8	 -0.035	 -0.506
48.5	 84.8	 0.035	 -0.541
50.4	 84.8	 0.000	 -0.565
52.1	 84.8	 0.000	 -0.624
54.0	 84.8	 -0.012	 -0.753
55.8	 84.8	 0.059	 -0.671
57.5	 84.8	 0.035	 -0.718
59.5	 84.8	 0.071	 -0.529
61.3	 84.8	 -0.035	 -0.565
63.0	 84.8	 -0.035	 -0.635
64.8	 84.8	 -0.106	 -0.647
66.7	 84.8	 -0.024	 -0.659
68.5	 84.8	 0.000	 0.000
70.3	 84.8	 0.000	 0.000
-2.0	 86.7	 0.000	 0.000
-0.3	 86.7	 0.047	 -1.059
1.5	 86.7	 -0.082	 -0.165
3.3	 86.7	 0.000	 -0.294
5.2	 86.7	 -0.012	 -0.435
6.9	 86.7	 0.047	 -0.294
8.8	 86.7	 -0.082	 -0.306
10.7	 86.7	 -0.047	 -0.259
12.4	 86.7	 -0.035	 -0.212
14.2	 86.7	 -0.165	 -0.212
16.1	 86.7	 -0.118	 -0.282
17.9	 86.7	 0.059	 -0.165
19.6	 86.7	 -0.059	 -0.200
21.4	 86.7	 -0.012	 -0.247
23.3	 86.7	 0.035	 -0.118
25.1	 86.7	 -0.035	 -0.153
26.9	 86.7	 -0.106	 -0.200
28.6	 86.7	 -0.035	 -0.188
30.5	 86.7	 -0.106	 -0.176
32.3	 86.7	 -0.118	 -0.188
34.1	 86.7	 -0.106	 -0.235
36.0	 86.7	 0.000	 -0.282
37.8	 86.7	 -0.059	 -0.247
39.5	 86.7	 -0.024	 -0.506
41.4	 86.7	 0.047	 -0.459
43.1	 86.7	 -0.012	 -0.424
45.0	 86.7	 0.000	 -0.541
46.8	 86.7	 0.012	 -0.400
48.5	 86.7	 -0.024	 -0.388
50.4	 86.7	 -0.059	 -0.459
52.1	 86.7	 -0.035	 -0.729
54.0	 86.7	 -0.012	 -0.741
55.8	 86.7	 0.082	 -0.671
57.5	 86.7	 0.059	 -0.541
59.5	 86.7	 0.047	 -0.577
61.3	 86.7	 -0.047	 -0.577
63.0	 86.7	 -0.035	 -0.494
64.8	 86.7	 -0.071	 -0.624
66.7	 86.7	 -0.094	 -0.659
68.5	 86.7	 -0.071	 -0.741
70.3	 86.7	 0.000	 0.000
-2.0	 88.5	 0.000	 0.000
-0.3	 88.5	 0.000	 0.000
1.5	 88.5	 0.000	 -0.494
3.3	 88.5	 0.012	 -0.541
5.2	 88.5	 -0.012	 -0.235
6.9	 88.5	 -0.024	 -0.271
8.8	 88.5	 -0.047	 -0.459
10.7	 88.5	 0.000	 -0.212
12.4	 88.5	 0.000	 -0.176
14.2	 88.5	 -0.035	 -0.306
16.1	 88.5	 -0.024	 -0.271
17.9	 88.5	 -0.106	 -0.224
19.6	 88.5	 -0.059	 -0.153
21.4	 88.5	 -0.047	 -0.212
23.3	 88.5	 -0.035	 -0.106
25.1	 88.5	 -0.047	 -0.047
26.9	 88.5	 -0.188	 -0.212
28.6	 88.5	 -0.012	 -0.224
30.5	 88.5	 -0.059	 -0.235
32.3	 88.5	 -0.071	 -0.176
34.1	 88.5	 -0.094	 -0.176
36.0	 88.5	 -0.024	 -0.377
37.8	 88.5	 -0.071	 -0.282
39.5	 88.5	 0.012	 -0.388
41.4	 88.5	 -0.024	 -0.447
43.1	 88.5	 -0.059	 -0.494
45.0	 88.5	 -0.047	 -0.518
46.8	 88.5	 -0.035	 -0.494
48.5	 88.5	 -0.047	 -0.553
50.4	 88.5	 0.000	 -0.635
52.1	 88.5	 0.024	 -0.635
54.0	 88.5	 -0.024	 -0.612
55.8	 88.5	 0.047	 -0.447
57.5	 88.5	 0.024	 -0.482
59.5	 88.5	 0.047	 -0.553
61.3	 88.5	 0.035	 -0.588
63.0	 88.5	 0.035	 -0.553
64.8	 88.5	 -0.024	 -0.600
66.7	 88.5	 0.000	 -0.671
68.5	 88.5	 0.035	 -0.659
70.3	 88.5	 0.000	 0.000
-2.0	 90.3	 0.000	 0.000
-0.3	 90.3	 0.000	 0.000
1.5	 90.3	 -0.047	 -0.271
3.3	 90.3	 -0.106	 -0.400
5.2	 90.3	 -0.094	 -0.353
6.9	 90.3	 0.012	 -0.259
8.8	 90.3	 0.071	 -0.259
10.7	 90.3	 -0.047	 -0.188
12.4	 90.3	 0.000	 -0.176
14.2	 90.3	 0.012	 -0.282
16.1	 90.3	 -0.012	 -0.200
17.9	 90.3	 -0.012	 -0.247
19.6	 90.3	 -0.071	 -0.294
21.4	 90.3	 -0.071	 -0.224
23.3	 90.3	 -0.035	 -0.271
25.1	 90.3	 0.000	 -0.165
26.9	 90.3	 -0.141	 -0.271
28.6	 90.3	 0.012	 -0.212
30.5	 90.3	 -0.106	 -0.212
32.3	 90.3	 -0.047	 -0.247
34.1	 90.3	 -0.094	 -0.271
36.0	 90.3	 -0.059	 -0.259
37.8	 90.3	 -0.071	 -0.306
39.5	 90.3	 0.012	 -0.294
41.4	 90.3	 0.000	 -0.459
43.1	 90.3	 -0.047	 -0.529
45.0	 90.3	 0.035	 -0.388
46.8	 90.3	 -0.012	 -0.518
48.5	 90.3	 -0.047	 -0.482
50.4	 90.3	 -0.012	 -0.588
52.1	 90.3	 -0.012	 -0.612
54.0	 90.3	 -0.047	 -0.553
55.8	 90.3	 0.012	 -0.541
57.5	 90.3	 -0.024	 -0.624
59.5	 90.3	 0.024	 -0.541
61.3	 90.3	 -0.012	 -0.529
63.0	 90.3	 0.000	 -0.588
64.8	 90.3	 0.000	 -0.659
66.7	 90.3	 0.024	 -0.647
68.5	 90.3	 0.071	 -0.694
70.3	 90.3	 0.000	 0.000
-2.0	 92.0	 0.000	 0.000
-0.3	 92.0	 0.000	 0.000
1.5	 92.0	 -0.047	 -0.447
3.3	 92.0	 0.000	 -0.388
5.2	 92.0	 0.012	 -0.435
6.9	 92.0	 0.176	 -0.247
8.8	 92.0	 0.047	 -0.294
10.7	 92.0	 -0.059	 -0.188
12.4	 92.0	 -0.059	 -0.247
14.2	 92.0	 0.035	 -0.176
16.1	 92.0	 -0.047	 -0.200
17.9	 92.0	 -0.047	 -0.200
19.6	 92.0	 -0.059	 -0.235
21.4	 92.0	 -0.059	 -0.247
23.3	 92.0	 -0.106	 -0.235
25.1	 92.0	 -0.012	 -0.176
26.9	 92.0	 -0.012	 -0.165
28.6	 92.0	 0.035	 -0.165
30.5	 92.0	 -0.106	 -0.271
32.3	 92.0	 -0.071	 -0.259
34.1	 92.0	 -0.153	 -0.341
36.0	 92.0	 -0.118	 -0.329
37.8	 92.0	 -0.071	 -0.529
39.5	 92.0	 0.118	 -0.529
41.4	 92.0	 -0.035	 -0.577
43.1	 92.0	 0.012	 -0.553
45.0	 92.0	 0.035	 -0.529
46.8	 92.0	 0.000	 -0.600
48.5	 92.0	 0.047	 -0.659
50.4	 92.0	 0.059	 -0.577
52.1	 92.0	 -0.071	 -0.612
54.0	 92.0	 -0.012	 -0.647
55.8	 92.0	 0.035	 -0.659
57.5	 92.0	 0.094	 -0.565
59.5	 92.0	 0.000	 -0.494
61.3	 92.0	 -0.035	 -0.518
63.0	 92.0	 -0.024	 -0.635
64.8	 92.0	 -0.047	 -0.729
66.7	 92.0	 -0.082	 -0.624
68.5	 92.0	 -0.071	 -0.706
70.3	 92.0	 0.000	 0.000
-2.0	 93.8	 0.000	 0.000
-0.3	 93.8	 0.000	 0.000
1.5	 93.8	 -0.059	 -0.471
3.3	 93.8	 -0.012	 -0.329
5.2	 93.8	 0.000	 -0.482
6.9	 93.8	 0.024	 -0.541
8.8	 93.8	 -0.047	 -0.247
10.7	 93.8	 0.012	 -0.188
12.4	 93.8	 -0.035	 -0.188
14.2	 93.8	 0.012	 -0.200
16.1	 93.8	 -0.106	 -0.212
17.9	 93.8	 -0.082	 -0.259
19.6	 93.8	 -0.035	 -0.259
21.4	 93.8	 -0.024	 -0.224
23.3	 93.8	 -0.071	 -0.176
25.1	 93.8	 -0.106	 -0.247
26.9	 93.8	 0.024	 -0.259
28.6	 93.8	 -0.071	 -0.247
30.5	 93.8	 -0.047	 -0.188
32.3	 93.8	 -0.047	 -0.318
34.1	 93.8	 -0.047	 -0.271
36.0	 93.8	 -0.012	 -0.341
37.8	 93.8	 0.047	 -0.341
39.5	 93.8	 0.071	 -0.506
41.4	 93.8	 0.165	 -0.353
43.1	 93.8	 0.024	 -0.612
45.0	 93.8	 0.012	 -0.541
46.8	 93.8	 0.082	 -0.612
48.5	 93.8	 0.082	 -0.577
50.4	 93.8	 0.059	 -0.600
52.1	 93.8	 0.047	 -0.635
54.0	 93.8	 0.000	 -0.671
55.8	 93.8	 0.000	 -0.577
57.5	 93.8	 0.035	 -0.494
59.5	 93.8	 0.024	 -0.529
61.3	 93.8	 -0.012	 -0.506
63.0	 93.8	 -0.094	 -0.518
64.8	 93.8	 -0.012	 -0.518
66.7	 93.8	 0.059	 -0.506
68.5	 93.8	 -0.047	 -0.577
70.3	 93.8	 0.000	 0.000
-2.0	 95.7	 0.000	 0.000
-0.3	 95.7	 0.000	 0.000
1.5	 95.7	 -0.094	 -0.306
3.3	 95.7	 -0.141	 -0.329
5.2	 95.7	 0.000	 -0.247
6.9	 95.7	 0.082	 -0.247
8.8	 95.7	 0.000	 -0.318
10.7	 95.7	 -0.024	 -0.224
12.4	 95.7	 -0.035	 -0.188
14.2	 95.7	 0.012	 -0.212
16.1	 95.7	 0.082	 -0.259
17.9	 95.7	 0.000	 -0.212
19.6	 95.7	 -0.047	 -0.165
21.4	 95.7	 -0.035	 -0.224
23.3	 95.7	 -0.024	 -0.153
25.1	 95.7	 -0.106	 -0.271
26.9	 95.7	 -0.024	 -0.341
28.6	 95.7	 -0.035	 -0.271
30.5	 95.7	 -0.047	 -0.306
32.3	 95.7	 0.024	 -0.282
34.1	 95.7	 0.000	 -0.412
36.0	 95.7	 0.012	 -0.412
37.8	 95.7	 -0.024	 -0.447
39.5	 95.7	 0.000	 -0.577
41.4	 95.7	 -0.118	 -0.659
43.1	 95.7	 -0.012	 -0.565
45.0	 95.7	 0.024	 -0.612
46.8	 95.7	 0.024	 -0.612
48.5	 95.7	 -0.012	 -0.553
50.4	 95.7	 0.094	 -0.647
52.1	 95.7	 0.035	 -0.647
54.0	 95.7	 -0.047	 -0.694
55.8	 95.7	 0.035	 -0.612
57.5	 95.7	 0.024	 -0.612
59.5	 95.7	 0.024	 -0.635
61.3	 95.7	 0.024	 -0.447
63.0	 95.7	 0.000	 -0.565
64.8	 95.7	 0.012	 -0.624
66.7	 95.7	 0.059	 -0.647
68.5	 95.7	 0.012	 -0.694
70.3	 95.7	 0.000	 0.000
-2.0	 97.5	 0.000	 0.000
-0.3	 97.5	 0.000	 0.000
1.5	 97.5	 -0.082	 -0.424
3.3	 97.5	 -0.118	 -0.424
5.2	 97.5	 -0.071	 -0.259
6.9	 97.5	 -0.082	 -0.353
8.8	 97.5	 -0.035	 -0.212
10.7	 97.5	 -0.012	 -0.129
12.4	 97.5	 0.024	 -0.200
14.2	 97.5	 -0.035	 -0.235
16.1	 97.5	 -0.012	 -0.212
17.9	 97.5	 -0.024	 -0.176
19.6	 97.5	 -0.047	 -0.106
21.4	 97.5	 -0.082	 -0.247
23.3	 97.5	 -0.071	 -0.235
25.1	 97.5	 -0.059	 -0.235
26.9	 97.5	 -0.047	 -0.212
28.6	 97.5	 -0.047	 -0.353
30.5	 97.5	 0.000	 -0.424
32.3	 97.5	 0.082	 -0.459
34.1	 97.5	 0.082	 -0.341
36.0	 97.5	 0.059	 -0.494
37.8	 97.5	 -0.012	 -0.482
39.5	 97.5	 0.047	 -0.471
41.4	 97.5	 -0.141	 -0.506
43.1	 97.5	 -0.024	 -0.600
45.0	 97.5	 -0.024	 -0.482
46.8	 97.5	 0.035	 -0.553
48.5	 97.5	 0.000	 -0.577
50.4	 97.5	 -0.047	 -0.659
52.1	 97.5	 0.047	 -0.635
54.0	 97.5	 -0.059	 -0.635
55.8	 97.5	 0.012	 -0.624
57.5	 97.5	 -0.047	 -0.565
59.5	 97.5	 -0.012	 -0.635
61.3	 97.5	 0.024	 -0.588
63.0	 97.5	 0.024	 -0.600
64.8	 97.5	 0.082	 -0.682
66.7	 97.5	 -0.012	 -0.529
68.5	 97.5	 -0.071	 -0.729
70.3	 97.5	 0.000	 0.000
-2.0	 99.3	 0.000	 0.000
-0.3	 99.3	 0.000	 0.000
1.5	 99.3	 -0.082	 -0.412
3.3	 99.3	 -0.118	 -0.400
5.2	 99.3	 -0.094	 -0.424
6.9	 99.3	 -0.106	 -0.282
8.8	 99.3	 -0.059	 -0.247
10.7	 99.3	 -0.094	 -0.224
12.4	 99.3	 -0.012	 -0.224
14.2	 99.3	 -0.047	 -0.153
16.1	 99.3	 -0.082	 -0.118
17.9	 99.3	 -0.059	 -0.176
19.6	 99.3	 -0.059	 -0.141
21.4	 99.3	 0.000	 -0.188
23.3	 99.3	 0.012	 -0.212
25.1	 99.3	 -0.012	 -0.200
26.9	 99.3	 -0.035	 -0.200
28.6	 99.3	 -0.035	 -0.306
30.5	 99.3	 -0.035	 -0.282
32.3	 99.3	 0.094	 -0.459
34.1	 99.3	 0.082	 -0.341
36.0	 99.3	 0.024	 -0.506
37.8	 99.3	 0.094	 -0.647
39.5	 99.3	 0.024	 -0.624
41.4	 99.3	 0.082	 -0.600
43.1	 99.3	 0.000	 -0.600
45.0	 99.3	 -0.012	 -0.553
46.8	 99.3	 0.000	 -0.506
48.5	 99.3	 0.012	 -0.518
50.4	 99.3	 0.059	 -0.612
52.1	 99.3	 0.012	 -0.541
54.0	 99.3	 0.012	 -0.577
55.8	 99.3	 -0.012	 -0.506
57.5	 99.3	 -0.012	 -0.577
59.5	 99.3	 -0.047	 -0.506
61.3	 99.3	 0.071	 -0.365
63.0	 99.3	 -0.024	 -0.553
64.8	 99.3	 0.024	 -0.588
66.7	 99.3	 0.129	 -0.706
68.5	 99.3	 0.035	 -0.812
70.3	 99.3	 0.000	 0.000
-2.0	 101.1	 0.000	 0.000
-0.3	 101.1	 0.094	 -1.071
1.5	 101.1	 -0.035	 -0.306
3.3	 101.1	 -0.106	 -0.459
5.2	 101.1	 -0.118	 -0.388
6.9	 101.1	 -0.141	 -0.318
8.8	 101.1	 -0.071	 -0.129
10.7	 101.1	 -0.106	 -0.353
12.4	 101.1	 -0.047	 -0.341
14.2	 101.1	 0.000	 -0.188
16.1	 101.1	 -0.035	 -0.224
17.9	 101.1	 -0.118	 -0.118
19.6	 101.1	 -0.059	 -0.153
21.4	 101.1	 0.035	 -0.212
23.3	 101.1	 -0.047	 -0.176
25.1	 101.1	 -0.071	 -0.282
26.9	 101.1	 0.024	 -0.306
28.6	 101.1	 0.024	 -0.365
30.5	 101.1	 0.000	 -0.306
32.3	 101.1	 -0.012	 -0.271
34.1	 101.1	 0.000	 -0.412
36.0	 101.1	 0.024	 -0.435
37.8	 101.1	 0.059	 -0.624
39.5	 101.1	 0.035	 -0.588
41.4	 101.1	 0.000	 -0.471
43.1	 101.1	 0.035	 -0.506
45.0	 101.1	 -0.059	 -0.553
46.8	 101.1	 -0.024	 -0.447
48.5	 101.1	 0.047	 -0.518
50.4	 101.1	 0.024	 -0.671
52.1	 101.1	 0.012	 -0.612
54.0	 101.1	 0.035	 -0.565
55.8	 101.1	 -0.012	 -0.635
57.5	 101.1	 0.059	 -0.518
59.5	 101.1	 0.047	 -0.588
61.3	 101.1	 0.012	 -0.659
63.0	 101.1	 0.000	 -0.624
64.8	 101.1	 -0.012	 -0.588
66.7	 101.1	 0.047	 -0.647
68.5	 101.1	 0.024	 -0.777
70.3	 101.1	 0.000	 0.000
-2.0	 102.8	 0.000	 0.000
-0.3	 102.8	 0.000	 0.000
1.5	 102.8	 -0.176	 -0.153
3.3	 102.8	 -0.176	 -0.282
5.2	 102.8	 -0.129	 -0.400
6.9	 102.8	 -0.141	 -0.435
8.8	 102.8	 -0.106	 -0.247
10.7	 102.8	 -0.071	 -0.294
12.4	 102.8	 -0.118	 -0.200
14.2	 102.8	 -0.082	 -0.188
16.1	 102.8	 0.012	 -0.188
17.9	 102.8	 -0.118	 -0.235
19.6	 102.8	 -0.059	 -0.200
21.4	 102.8	 -0.094	 -0.224
23.3	 102.8	 0.035	 -0.176
25.1	 102.8	 -0.118	 -0.235
26.9	 102.8	 0.012	 -0.353
28.6	 102.8	 0.024	 -0.377
30.5	 102.8	 0.000	 -0.388
32.3	 102.8	 0.047	 -0.377
34.1	 102.8	 0.000	 -0.388
36.0	 102.8	 -0.012	 -0.600
37.8	 102.8	 -0.059	 -0.600
39.5	 102.8	 0.012	 -0.565
41.4	 102.8	 -0.012	 -0.577
43.1	 102.8	 0.035	 -0.624
45.0	 102.8	 -0.012	 -0.553
46.8	 102.8	 -0.082	 -0.612
48.5	 102.8	 0.000	 -0.541
50.4	 102.8	 0.000	 -0.624
52.1	 102.8	 -0.012	 -0.600
54.0	 102.8	 -0.035	 -0.529
55.8	 102.8	 0.000	 -0.600
57.5	 102.8	 0.024	 -0.529
59.5	 102.8	 0.012	 -0.518
61.3	 102.8	 0.035	 -0.600
63.0	 102.8	 0.094	 -0.600
64.8	 102.8	 0.047	 -0.624
66.7	 102.8	 0.012	 -0.588
68.5	 102.8	 0.047	 -0.694
70.3	 102.8	 0.000	 0.000
-2.0	 104.7	 0.000	 0.000
-0.3	 104.7	 0.000	 0.000
1.5	 104.7	 0.035	 -0.388
3.3	 104.7	 -0.071	 -0.341
5.2	 104.7	 -0.165	 -0.447
6.9	 104.7	 -0.106	 -0.459
8.8	 104.7	 -0.082	 -0.259
10.7	 104.7	 0.024	 -0.341
12.4	 104.7	 -0.012	 -0.259
14.2	 104.7	 -0.059	 -0.247
16.1	 104.7	 0.012	 -0.235
17.9	 104.7	 -0.024	 -0.212
19.6	 104.7	 -0.129	 -0.176
21.4	 104.7	 -0.106	 -0.271
23.3	 104.7	 -0.024	 -0.412
25.1	 104.7	 -0.024	 -0.377
26.9	 104.7	 -0.035	 -0.259
28.6	 104.7	 0.035	 -0.435
30.5	 104.7	 0.035	 -0.459
32.3	 104.7	 0.071	 -0.565
34.1	 104.7	 0.059	 -0.588
36.0	 104.7	 0.024	 -0.612
37.8	 104.7	 0.012	 -0.588
39.5	 104.7	 -0.024	 -0.400
41.4	 104.7	 0.024	 -0.459
43.1	 104.7	 -0.024	 -0.400
45.0	 104.7	 -0.024	 -0.588
46.8	 104.7	 -0.035	 -0.647
48.5	 104.7	 0.012	 -0.647
50.4	 104.7	 0.000	 -0.694
52.1	 104.7	 -0.012	 -0.671
54.0	 104.7	 0.024	 -0.600
55.8	 104.7	 -0.035	 -0.600
57.5	 104.7	 0.024	 -0.482
59.5	 104.7	 0.082	 -0.412
61.3	 104.7	 -0.094	 -0.600
63.0	 104.7	 0.071	 -0.624
64.8	 104.7	 0.024	 -0.553
66.7	 104.7	 0.024	 -0.647
68.5	 104.7	 0.024	 -0.659
70.3	 104.7	 0.000	 0.000
-2.0	 106.5	 0.000	 0.000
-0.3	 106.5	 0.000	 0.000
1.5	 106.5	 -0.047	 -0.459
3.3	 106.5	 -0.047	 -0.518
5.2	 106.5	 -0.188	 -0.459
6.9	 106.5	 -0.059	 -0.377
8.8	 106.5	 -0.129	 -0.412
10.7	 106.5	 0.024	 -0.388
12.4	 106.5	 -0.094	 -0.294
14.2	 106.5	 -0.059	 -0.224
16.1	 106.5	 -0.047	 -0.176
17.9	 106.5	 -0.059	 -0.200
19.6	 106.5	 -0.059	 -0.235
21.4	 106.5	 -0.035	 -0.341
23.3	 106.5	 -0.012	 -0.200
25.1	 106.5	 0.059	 -0.247
26.9	 106.5	 0.012	 -0.282
28.6	 106.5	 0.024	 -0.365
30.5	 106.5	 0.035	 -0.482
32.3	 106.5	 0.000	 -0.282
34.1	 106.5	 0.000	 -0.259
36.0	 106.5	 0.047	 -0.541
37.8	 106.5	 0.094	 -0.565
39.5	 106.5	 0.047	 -0.341
41.4	 106.5	 -0.035	 -0.529
43.1	 106.5	 -0.035	 -0.565
45.0	 106.5	 0.000	 -0.647
46.8	 106.5	 -0.012	 -0.541
48.5	 106.5	 -0.012	 -0.553
50.4	 106.5	 0.047	 -0.482
52.1	 106.5	 0.012	 -0.424
54.0	 106.5	 0.024	 -0.659
55.8	 106.5	 0.035	 -0.612
57.5	 106.5	 0.047	 -0.553
59.5	 106.5	 0.024	 -0.529
61.3	 106.5	 0.035	 -0.588
63.0	 106.5	 0.082	 -0.600
64.8	 106.5	 0.000	 -0.529
66.7	 106.5	 0.047	 -0.671
68.5	 106.5	 0.047	 -0.624
70.3	 106.5	 0.000	 0.000
-2.0	 108.3	 0.000	 0.000
-0.3	 108.3	 0.000	 0.000
1.5	 108.3	 0.012	 -0.377
3.3	 108.3	 -0.035	 -0.388
5.2	 108.3	 -0.071	 -0.388
6.9	 108.3	 -0.094	 -0.412
8.8	 108.3	 -0.071	 -0.365
10.7	 108.3	 -0.129	 -0.282
12.4	 108.3	 -0.047	 -0.282
14.2	 108.3	 -0.059	 -0.224
16.1	 108.3	 -0.047	 -0.200
17.9	 108.3	 0.012	 -0.235
19.6	 108.3	 -0.082	 -0.188
21.4	 108.3	 -0.024	 -0.259
23.3	 108.3	 0.082	 -0.365
25.1	 108.3	 0.000	 -0.329
26.9	 108.3	 -0.012	 -0.329
28.6	 108.3	 0.082	 -0.365
30.5	 108.3	 -0.012	 -0.294
32.3	 108.3	 -0.024	 -0.424
34.1	 108.3	 0.059	 -0.541
36.0	 108.3	 0.106	 -0.565
37.8	 108.3	 0.094	 -0.553
39.5	 108.3	 -0.047	 -0.612
41.4	 108.3	 0.012	 -0.577
43.1	 108.3	 -0.059	 -0.459
45.0	 108.3	 -0.071	 -0.494
46.8	 108.3	 0.047	 -0.577
48.5	 108.3	 -0.024	 -0.694
50.4	 108.3	 -0.024	 -0.600
52.1	 108.3	 -0.024	 -0.565
54.0	 108.3	 -0.035	 -0.600
55.8	 108.3	 -0.012	 -0.600
57.5	 108.3	 -0.012	 -0.588
59.5	 108.3	 0.094	 -0.694
61.3	 108.3	 0.082	 -0.565
63.0	 108.3	 0.094	 -0.412
64.8	 108.3	 0.035	 -0.459
66.7	 108.3	 0.035	 -0.529
68.5	 108.3	 0.094	 -0.682
70.3	 108.3	 0.000	 0.000
-2.0	 110.1	 0.000	 0.000
-0.3	 110.1	 0.000	 0.000
1.5	 110.1	 0.012	 -0.400
3.3	 110.1	 0.000	 -0.271
5.2	 110.1	 -0.012	 -0.388
6.9	 110.1	 -0.106	 -0.565
8.8	 110.1	 -0.082	 -0.400
10.7	 110.1	 -0.082	 -0.424
12.4	 110.1	 -0.047	 -0.294
14.2	 110.1	 -0.024	 -0.259
16.1	 110.1	 -0.035	 -0.165
17.9	 110.1	 0.094	 -0.224
19.6	 110.1	 -0.094	 -0.200
21.4	 110.1	 -0.024	 -0.259
23.3	 110.1	 0.000	 -0.435
25.1	 110.1	 0.059	 -0.565
26.9	 110.1	 0.000	 -0.459
28.6	 110.1	 -0.024	 -0.353
30.5	 110.1	 0.024	 -0.212
32.3	 110.1	 0.000	 -0.365
34.1	 110.1	 0.059	 -0.565
36.0	 110.1	 0.035	 -0.612
37.8	 110.1	 -0.059	 -0.635
39.5	 110.1	 -0.035	 -0.612
41.4	 110.1	 0.129	 -0.588
43.1	 110.1	 -0.035	 -0.424
45.0	 110.1	 -0.082	 -0.435
46.8	 110.1	 0.000	 -0.647
48.5	 110.1	 0.047	 -0.377
50.4	 110.1	 -0.035	 -0.588
52.1	 110.1	 0.000	 -0.424
54.0	 110.1	 0.035	 -0.612
55.8	 110.1	 -0.024	 -0.588
57.5	 110.1	 -0.024	 -0.588
59.5	 110.1	 0.071	 -0.494
61.3	 110.1	 0.024	 -0.506
63.0	 110.1	 0.071	 -0.518
64.8	 110.1	 0.047	 -0.600
66.7	 110.1	 0.047	 -0.612
68.5	 110.1	 0.059	 -0.671
70.3	 110.1	 0.000	 0.000
-2.0	 112.0	 0.000	 0.000
-0.3	 112.0	 0.106	 -1.000
1.5	 112.0	 0.024	 -0.494
3.3	 112.0	 0.000	 -0.518
5.2	 112.0	 0.000	 -0.494
6.9	 112.0	 0.012	 -0.529
8.8	 112.0	 0.000	 -0.365
10.7	 112.0	 -0.082	 -0.529
12.4	 112.0	 -0.071	 -0.494
14.2	 112.0	 -0.059	 -0.377
16.1	 112.0	 -0.012	 -0.176
17.9	 112.0	 -0.082	 -0.094
19.6	 112.0	 -0.118	 -0.294
21.4	 112.0	 0.047	 -0.353
23.3	 112.0	 -0.012	 -0.482
25.1	 112.0	 -0.035	 -0.506
26.9	 112.0	 0.035	 -0.518
28.6	 112.0	 0.047	 -0.235
30.5	 112.0	 0.071	 -0.553
32.3	 112.0	 0.035	 -0.482
34.1	 112.0	 0.024	 -0.624
36.0	 112.0	 0.000	 -0.541
37.8	 112.0	 0.000	 0.000
39.5	 112.0	 -0.129	 -0.577
41.4	 112.0	 0.059	 -0.565
43.1	 112.0	 0.035	 -0.565
45.0	 112.0	 -0.071	 -0.541
46.8	 112.0	 0.024	 -0.471
48.5	 112.0	 -0.024	 -0.565
50.4	 112.0	 0.035	 -0.471
52.1	 112.0	 -0.012	 -0.600
54.0	 112.0	 0.082	 -0.553
55.8	 112.0	 -0.059	 -0.459
57.5	 112.0	 0.024	 -0.482
59.5	 112.0	 0.035	 -0.506
61.3	 112.0	 0.035	 -0.518
63.0	 112.0	 0.035	 -0.529
64.8	 112.0	 0.094	 -0.447
66.7	 112.0	 -0.071	 -0.588
68.5	 112.0	 -0.059	 -0.729
70.3	 112.0	 0.047	 0.000
-2.0	 113.8	 0.000	 0.000
-0.3	 113.8	 0.094	 -1.024
1.5	 113.8	 -0.094	 -0.341
3.3	 113.8	 -0.012	 -0.412
5.2	 113.8	 0.141	 -0.482
6.9	 113.8	 -0.024	 -0.588
8.8	 113.8	 0.035	 -0.518
10.7	 113.8	 -0.012	 -0.600
12.4	 113.8	 -0.118	 -0.459
14.2	 113.8	 0.035	 -0.306
16.1	 113.8	 -0.082	 -0.259
17.9	 113.8	 0.094	 -0.400
19.6	 113.8	 0.082	 -0.341
21.4	 113.8	 -0.071	 -0.459
23.3	 113.8	 -0.024	 -0.377
25.1	 113.8	 0.000	 -0.224
26.9	 113.8	 -0.047	 -0.294
28.6	 113.8	 0.000	 -0.259
30.5	 113.8	 -0.012	 -0.353
32.3	 113.8	 0.024	 -0.577
34.1	 113.8	 -0.024	 -0.271
36.0	 113.8	 -0.012	 -0.588
37.8	 113.8	 0.012	 -0.588
39.5	 113.8	 0.012	 -0.494
41.4	 113.8	 0.012	 -0.541
43.1	 113.8	 -0.082	 -0.482
45.0	 113.8	 -0.012	 -0.565
46.8	 113.8	 0.012	 -0.553
48.5	 113.8	 0.094	 -0.541
50.4	 113.8	 0.024	 -0.635
52.1	 113.8	 0.024	 -0.565
54.0	 113.8	 0.024	 -0.518
55.8	 113.8	 -0.047	 -0.482
57.5	 113.8	 0.024	 -0.506
59.5	 113.8	 0.024	 -0.541
61.3	 113.8	 0.035	 -0.577
63.0	 113.8	 0.071	 -0.541
64.8	 113.8	 0.118	 -0.577
66.7	 113.8	 0.000	 -0.682
68.5	 113.8	 -0.118	 -0.529
70.3	 113.8	 0.000	 0.000
-2.0	 115.6	 0.000	 0.000
-0.3	 115.6	 0.071	 -1.000
1.5	 115.6	 -0.047	 -0.494
3.3	 115.6	 -0.035	 -0.388
5.2	 115.6	 0.118	 -0.459
6.9	 115.6	 0.012	 -0.459
8.8	 115.6	 -0.118	 -0.435
10.7	 115.6	 -0.024	 -0.459
12.4	 115.6	 -0.094	 -0.577
14.2	 115.6	 -0.047	 -0.471
16.1	 115.6	 -0.106	 -0.306
17.9	 115.6	 -0.082	 -0.247
19.6	 115.6	 0.000	 0.000
21.4	 115.6	 -0.106	 -0.435
23.3	 115.6	 -0.082	 -0.694
25.1	 115.6	 -0.024	 -0.165
26.9	 115.6	 0.047	 -0.459
28.6	 115.6	 0.071	 -0.459
30.5	 115.6	 0.024	 -0.518
32.3	 115.6	 0.035	 -0.271
34.1	 115.6	 -0.012	 -0.412
36.0	 115.6	 0.000	 -0.612
37.8	 115.6	 0.012	 -0.577
39.5	 115.6	 -0.059	 -0.282
41.4	 115.6	 0.012	 -0.482
43.1	 115.6	 -0.035	 -0.577
45.0	 115.6	 -0.047	 -0.541
46.8	 115.6	 0.000	 -0.365
48.5	 115.6	 0.047	 -0.671
50.4	 115.6	 -0.024	 -0.553
52.1	 115.6	 -0.047	 -0.424
54.0	 115.6	 -0.106	 -0.447
55.8	 115.6	 -0.059	 -0.412
57.5	 115.6	 0.059	 -0.565
59.5	 115.6	 0.012	 -0.553
61.3	 115.6	 0.035	 -0.494
63.0	 115.6	 0.059	 -0.588
64.8	 115.6	 0.141	 -0.624
66.7	 115.6	 0.106	 -0.647
68.5	 115.6	 0.035	 -0.671
70.3	 115.6	 0.000	 0.000
-2.0	 117.3	 0.000	 0.000
-0.3	 117.3	 0.012	 -0.518
1.5	 117.3	 -0.071	 -0.294
3.3	 117.3	 0.000	 -0.329
5.2	 117.3	 -0.047	 -0.212
6.9	 117.3	 0.094	 -0.306
8.8	 117.3	 0.012	 -0.529
10.7	 117.3	 -0.094	 -0.365
12.4	 117.3	 -0.153	 -0.400
14.2	 117.3	 -0.035	 -0.553
16.1	 117.3	 -0.059	 -0.424
17.9	 117.3	 -0.082	 -0.271
19.6	 117.3	 0.000	 0.000
21.4	 117.3	 0.035	 -0.318
23.3	 117.3	 0.000	 0.000
25.1	 117.3	 -0.047	 -0.318
26.9	 117.3	 -0.024	 -0.200
28.6	 117.3	 -0.047	 -0.318
30.5	 117.3	 0.000	 -0.600
32.3	 117.3	 -0.024	 -0.388
34.1	 117.3	 0.012	 -0.341
36.0	 117.3	 0.024	 -0.624
37.8	 117.3	 0.035	 -0.624
39.5	 117.3	 -0.047	 -0.459
41.4	 117.3	 0.012	 -0.518
43.1	 117.3	 -0.047	 -0.612
45.0	 117.3	 -0.024	 -0.600
46.8	 117.3	 0.000	 -0.412
48.5	 117.3	 0.024	 -0.565
50.4	 117.3	 -0.012	 -0.647
52.1	 117.3	 -0.071	 -0.577
54.0	 117.3	 -0.129	 -0.565
55.8	 117.3	 -0.141	 -0.588
57.5	 117.3	 -0.059	 -0.494
59.5	 117.3	 0.071	 -0.612
61.3	 117.3	 0.082	 -0.494
63.0	 117.3	 -0.047	 -0.518
64.8	 117.3	 -0.024	 -0.612
66.7	 117.3	 0.094	 -0.553
68.5	 117.3	 0.024	 -0.635
70.3	 117.3	 0.000	 0.000
-2.0	 119.2	 0.000	 0.000
-0.3	 119.2	 0.035	 0.000
1.5	 119.2	 -0.035	 -0.153
3.3	 119.2	 0.047	 -0.259
5.2	 119.2	 -0.047	 -0.329
6.9	 119.2	 0.082	 -0.377
8.8	 119.2	 0.024	 -0.471
10.7	 119.2	 0.071	 -0.718
12.4	 119.2	 -0.024	 -0.553
14.2	 119.2	 -0.059	 -0.471
16.1	 119.2	 -0.059	 -0.447
17.9	 119.2	 -0.047	 -0.494
19.6	 119.2	 0.000	 0.000
21.4	 119.2	 0.000	 -0.341
23.3	 119.2	 -0.047	 -0.129
25.1	 119.2	 -0.035	 -0.224
26.9	 119.2	 0.118	 -0.024
28.6	 119.2	 -0.059	 -0.435
30.5	 119.2	 -0.082	 -0.447
32.3	 119.2	 0.000	 0.000
34.1	 119.2	 0.000	 -0.518
36.0	 119.2	 -0.071	 -0.565
37.8	 119.2	 0.012	 -0.612
39.5	 119.2	 -0.059	 -0.588
41.4	 119.2	 -0.059	 -0.600
43.1	 119.2	 -0.106	 -0.577
45.0	 119.2	 -0.071	 -0.647
46.8	 119.2	 0.000	 -0.565
48.5	 119.2	 -0.047	 -0.588
50.4	 119.2	 -0.024	 -0.494
52.1	 119.2	 -0.047	 -0.553
54.0	 119.2	 0.141	 -0.577
55.8	 119.2	 0.012	 -0.459
57.5	 119.2	 0.012	 -0.435
59.5	 119.2	 -0.024	 -0.541
61.3	 119.2	 0.047	 -0.447
63.0	 119.2	 -0.012	 -0.447
64.8	 119.2	 -0.024	 -0.506
66.7	 119.2	 0.047	 -0.577
68.5	 119.2	 0.024	 -0.682
70.3	 119.2	 0.000	 0.000
-2.0	 121.0	 0.000	 0.000
-0.3	 121.0	 -0.094	 -0.624
1.5	 121.0	 0.000	 -0.435
3.3	 121.0	 0.024	 -0.435
5.2	 121.0	 0.000	 -0.259
6.9	 121.0	 -0.024	 -0.377
8.8	 121.0	 0.024	 -0.494
10.7	 121.0	 -0.082	 -0.518
12.4	 121.0	 -0.024	 -0.212
14.2	 121.0	 0.000	 0.000
16.1	 121.0	 -0.012	 -0.482
17.9	 121.0	 0.012	 -0.035
19.6	 121.0	 -0.024	 -0.471
21.4	 121.0	 -0.035	 -0.494
23.3	 121.0	 -0.035	 -0.529
25.1	 121.0	 0.035	 -0.447
26.9	 121.0	 -0.012	 -0.341
28.6	 121.0	 -0.024	 -0.541
30.5	 121.0	 0.000	 -0.282
32.3	 121.0	 -0.012	 -0.671
34.1	 121.0	 0.071	 -0.482
36.0	 121.0	 0.153	 -0.647
37.8	 121.0	 0.094	 -0.565
39.5	 121.0	 -0.012	 -0.553
41.4	 121.0	 -0.035	 -0.565
43.1	 121.0	 -0.012	 -0.612
45.0	 121.0	 -0.047	 -0.506
46.8	 121.0	 0.000	 -0.706
48.5	 121.0	 -0.118	 -0.400
50.4	 121.0	 -0.082	 -0.435
52.1	 121.0	 -0.047	 -0.494
54.0	 121.0	 0.024	 -0.577
55.8	 121.0	 0.024	 -0.447
57.5	 121.0	 0.035	 -0.329
59.5	 121.0	 -0.024	 -0.271
61.3	 121.0	 0.176	 -0.471
63.0	 121.0	 0.035	 -0.447
64.8	 121.0	 0.024	 -0.482
66.7	 121.0	 -0.012	 -0.612
68.5	 121.0	 0.000	 -0.565
70.3	 121.0	 0.000	 0.000
-2.0	 122.8	 0.000	 0.000
-0.3	 122.8	 0.000	 0.000
1.5	 122.8	 0.024	 -0.282
3.3	 122.8	 0.000	 0.000
5.2	 122.8	 0.000	 -0.412
6.9	 122.8	 0.106	 -0.424
8.8	 122.8	 0.035	 -0.365
10.7	 122.8	 0.012	 -0.306
12.4	 122.8	 0.035	 -0.459
14.2	 122.8	 0.047	 -0.318
16.1	 122.8	 -0.047	 -0.577
17.9	 122.8	 -0.047	 -0.612
19.6	 122.8	 0.000	 0.000
21.4	 122.8	 0.024	 -0.318
23.3	 122.8	 -0.024	 -0.541
25.1	 122.8	 0.071	 -0.412
26.9	 122.8	 0.000	 -0.529
28.6	 122.8	 0.000	 -0.588
30.5	 122.8	 0.000	 -0.647
32.3	 122.8	 0.035	 -0.600
34.1	 122.8	 -0.035	 -0.612
36.0	 122.8	 -0.082	 -0.518
37.8	 122.8	 -0.035	 -0.541
39.5	 122.8	 -0.059	 -0.577
41.4	 122.8	 -0.118	 -0.388
43.1	 122.8	 -0.071	 -0.553
45.0	 122.8	 0.012	 -0.412
46.8	 122.8	 0.035	 -0.529
48.5	 122.8	 0.059	 -0.541
50.4	 122.8	 0.059	 -0.541
52.1	 122.8	 0.012	 -0.565
54.0	 122.8	 0.012	 -0.553
55.8	 122.8	 0.024	 -0.506
57.5	 122.8	 0.012	 -0.471
59.5	 122.8	 0.059	 -0.506
61.3	 122.8	 0.212	 -0.377
63.0	 122.8	 0.188	 -0.318
64.8	 122.8	 -0.047	 -0.294
66.7	 122.8	 0.000	 -0.529
68.5	 122.8	 0.047	 -0.600
70.3	 122.8	 0.000	 0.000
-2.0	 124.6	 0.000	 0.000
-0.3	 124.6	 0.000	 0.000
1.5	 124.6	 0.000	 0.000
3.3	 124.6	 0.000	 -0.224
5.2	 124.6	 -0.012	 -0.200
6.9	 124.6	 0.118	 -0.306
8.8	 124.6	 -0.024	 -0.341
10.7	 124.6	 0.012	 -0.353
12.4	 124.6	 -0.047	 -0.482
14.2	 124.6	 0.059	 -0.424
16.1	 124.6	 0.000	 -0.459
17.9	 124.6	 0.000	 -0.459
19.6	 124.6	 -0.129	 -0.553
21.4	 124.6	 -0.012	 -0.612
23.3	 124.6	 0.012	 -0.577
25.1	 124.6	 0.000	 0.000
26.9	 124.6	 0.000	 -0.612
28.6	 124.6	 0.000	 -0.577
30.5	 124.6	 -0.035	 -0.588
32.3	 124.6	 0.024	 -0.624
34.1	 124.6	 0.012	 -0.588
36.0	 124.6	 0.012	 -0.541
37.8	 124.6	 0.035	 -0.506
39.5	 124.6	 -0.035	 -0.565
41.4	 124.6	 -0.082	 -0.577
43.1	 124.6	 -0.059	 -0.541
45.0	 124.6	 -0.047	 -0.600
46.8	 124.6	 -0.071	 -0.529
48.5	 124.6	 -0.024	 -0.471
50.4	 124.6	 0.012	 -0.424
52.1	 124.6	 0.047	 -0.541
54.0	 124.6	 -0.059	 -0.424
55.8	 124.6	 -0.071	 -0.424
57.5	 124.6	 0.024	 -0.377
59.5	 124.6	 0.035	 -0.588
61.3	 124.6	 0.000	 -0.400
63.0	 124.6	 0.106	 -0.471
64.8	 124.6	 0.059	 -0.553
66.7	 124.6	 0.012	 -0.577
68.5	 124.6	 0.012	 -0.482
70.3	 124.6	 0.000	 0.000
