-1.2	 50.5	 -0.235	 6.024
0.7	 50.5	 0.000	 0.000
2.5	 50.5	 -0.082	 -0.329
4.3	 50.5	 0.000	 -0.306
6.1	 50.5	 -0.012	 -0.353
7.9	 50.5	 0.012	 -0.212
9.7	 50.5	 -0.047	 -0.176
11.6	 50.5	 -0.012	 -0.094
13.4	 50.5	 -0.082	 -0.141
15.2	 50.5	 -0.071	 -0.106
17.0	 50.5	 -0.106	 -0.082
18.8	 50.5	 -0.071	 0.000
20.6	 50.5	 -0.082	 -0.035
22.4	 50.5	 -0.059	 -0.012
24.2	 50.5	 -0.059	 -0.012
26.0	 50.5	 -0.059	 0.012
27.8	 50.5	 -0.059	 0.024
29.6	 50.5	 -0.059	 0.012
31.4	 50.5	 -0.106	 0.035
33.2	 50.5	 -0.082	 0.071
35.1	 50.5	 -0.106	 0.071
36.9	 50.5	 0.071	 0.059
38.7	 50.5	 -0.659	 0.000
40.5	 50.5	 10.637	 -10.472
42.3	 50.5	 0.000	 0.000
44.1	 50.5	 0.000	 0.000
45.9	 50.5	 0.000	 0.000
47.7	 50.5	 0.000	 0.000
49.5	 50.5	 0.200	 -0.188
51.3	 50.5	 -0.012	 0.188
53.1	 50.5	 -0.094	 0.212
54.9	 50.5	 -0.024	 0.165
56.7	 50.5	 0.012	 0.059
58.5	 50.5	 0.024	 0.071
60.4	 50.5	 -0.035	 0.047
62.2	 50.5	 -0.035	 -0.012
64.0	 50.5	 -0.035	 -0.024
65.8	 50.5	 -0.094	 -0.200
67.6	 50.5	 -0.012	 -0.106
69.4	 50.5	 -0.035	 -0.047
71.2	 50.5	 0.118	 6.024
-1.2	 52.3	 -0.471	 10.542
0.7	 52.3	 0.000	 0.000
2.5	 52.3	 0.012	 -0.224
4.3	 52.3	 0.000	 -0.224
6.1	 52.3	 -0.024	 -0.329
7.9	 52.3	 -0.059	 -0.212
9.7	 52.3	 -0.082	 -0.212
11.6	 52.3	 -0.035	 -0.094
13.4	 52.3	 -0.047	 -0.118
15.2	 52.3	 -0.071	 -0.082
17.0	 52.3	 -0.106	 -0.071
18.8	 52.3	 -0.082	 -0.047
20.6	 52.3	 -0.071	 -0.035
22.4	 52.3	 -0.047	 0.000
24.2	 52.3	 -0.059	 0.000
26.0	 52.3	 -0.071	 0.024
27.8	 52.3	 -0.059	 0.035
29.6	 52.3	 -0.071	 0.035
31.4	 52.3	 -0.082	 0.035
33.2	 52.3	 -0.047	 0.012
35.1	 52.3	 -0.082	 0.024
36.9	 52.3	 -0.118	 0.094
38.7	 52.3	 -0.059	 0.071
40.5	 52.3	 0.000	 0.000
42.3	 52.3	 0.000	 0.000
44.1	 52.3	 0.000	 0.000
45.9	 52.3	 0.000	 0.000
47.7	 52.3	 0.000	 0.000
49.5	 52.3	 0.106	 0.541
51.3	 52.3	 -0.082	 0.271
53.1	 52.3	 -0.035	 0.224
54.9	 52.3	 -0.012	 0.247
56.7	 52.3	 0.035	 0.165
58.5	 52.3	 0.035	 0.047
60.4	 52.3	 0.000	 0.000
62.2	 52.3	 -0.024	 -0.024
64.0	 52.3	 -0.059	 -0.082
65.8	 52.3	 -0.082	 -0.176
67.6	 52.3	 -0.059	 -0.129
69.4	 52.3	 0.000	 0.000
71.2	 52.3	 -0.082	 7.530
-1.2	 54.1	 -0.494	 7.530
0.7	 54.1	 -0.047	 -0.882
2.5	 54.1	 0.024	 -0.235
4.3	 54.1	 0.012	 -0.188
6.1	 54.1	 -0.012	 -0.306
7.9	 54.1	 -0.071	 -0.259
9.7	 54.1	 -0.082	 -0.188
11.6	 54.1	 -0.071	 -0.118
13.4	 54.1	 -0.059	 -0.141
15.2	 54.1	 -0.071	 -0.118
17.0	 54.1	 -0.094	 -0.082
18.8	 54.1	 -0.071	 -0.035
20.6	 54.1	 -0.059	 -0.024
22.4	 54.1	 -0.059	 0.000
24.2	 54.1	 -0.071	 0.024
26.0	 54.1	 -0.047	 0.012
27.8	 54.1	 -0.071	 0.035
29.6	 54.1	 -0.059	 0.024
31.4	 54.1	 -0.059	 0.047
33.2	 54.1	 -0.047	 0.035
35.1	 54.1	 -0.118	 0.071
36.9	 54.1	 -0.118	 0.082
38.7	 54.1	 -0.777	 -9.189
40.5	 54.1	 0.000	 0.000
42.3	 54.1	 0.000	 0.000
44.1	 54.1	 0.000	 0.000
45.9	 54.1	 0.000	 0.000
47.7	 54.1	 0.000	 0.000
49.5	 54.1	 0.059	 0.306
51.3	 54.1	 -0.094	 0.235
53.1	 54.1	 -0.035	 0.165
54.9	 54.1	 -0.012	 0.165
56.7	 54.1	 0.012	 0.106
58.5	 54.1	 0.012	 0.071
60.4	 54.1	 0.000	 0.012
62.2	 54.1	 0.012	 0.047
64.0	 54.1	 -0.047	 -0.118
65.8	 54.1	 -0.094	 -0.071
67.6	 54.1	 -0.035	 -0.188
69.4	 54.1	 0.000	 0.000
71.2	 54.1	 -8.919	 6.024
-1.2	 55.9	 -0.212	 10.542
0.7	 55.9	 0.000	 0.000
2.5	 55.9	 -0.035	 -0.200
4.3	 55.9	 -0.035	 -0.235
6.1	 55.9	 -0.047	 -0.294
7.9	 55.9	 -0.071	 -0.259
9.7	 55.9	 -0.024	 -0.082
11.6	 55.9	 -0.094	 -0.047
13.4	 55.9	 -0.071	 -0.035
15.2	 55.9	 -0.024	 -0.024
17.0	 55.9	 -0.059	 -0.071
18.8	 55.9	 -0.059	 -0.047
20.6	 55.9	 -0.071	 -0.012
22.4	 55.9	 -0.071	 0.024
24.2	 55.9	 -0.071	 0.012
26.0	 55.9	 -0.059	 0.035
27.8	 55.9	 -0.059	 0.047
29.6	 55.9	 -0.059	 0.047
31.4	 55.9	 -0.071	 0.047
33.2	 55.9	 -0.082	 0.082
35.1	 55.9	 -0.082	 0.071
36.9	 55.9	 -0.118	 0.106
38.7	 55.9	 -0.271	 0.141
40.5	 55.9	 0.000	 0.000
42.3	 55.9	 0.000	 0.000
44.1	 55.9	 0.000	 0.000
45.9	 55.9	 0.000	 0.000
47.7	 55.9	 -0.235	 0.847
49.5	 55.9	 0.047	 0.106
51.3	 55.9	 -0.071	 0.176
53.1	 55.9	 -0.071	 0.165
54.9	 55.9	 -0.059	 0.153
56.7	 55.9	 0.000	 0.071
58.5	 55.9	 0.000	 0.035
60.4	 55.9	 -0.012	 0.024
62.2	 55.9	 -0.047	 0.000
64.0	 55.9	 0.035	 -0.094
65.8	 55.9	 -0.024	 -0.176
67.6	 55.9	 0.024	 -0.188
69.4	 55.9	 0.000	 0.000
71.2	 55.9	 2.224	 0.000
-1.2	 57.7	 -0.188	 10.542
0.7	 57.7	 0.000	 0.000
2.5	 57.7	 0.000	 -0.247
4.3	 57.7	 -0.012	 -0.271
6.1	 57.7	 -0.024	 -0.282
7.9	 57.7	 -0.035	 -0.259
9.7	 57.7	 -0.012	 -0.235
11.6	 57.7	 0.024	 -0.082
13.4	 57.7	 -0.059	 -0.012
15.2	 57.7	 -0.047	 0.000
17.0	 57.7	 -0.071	 -0.012
18.8	 57.7	 -0.024	 0.024
20.6	 57.7	 -0.035	 0.012
22.4	 57.7	 -0.035	 0.012
24.2	 57.7	 -0.059	 0.012
26.0	 57.7	 -0.047	 0.035
27.8	 57.7	 -0.059	 0.059
29.6	 57.7	 -0.059	 0.094
31.4	 57.7	 -0.082	 0.082
33.2	 57.7	 -0.082	 0.094
35.1	 57.7	 -0.059	 0.106
36.9	 57.7	 -0.106	 0.118
38.7	 57.7	 -0.165	 0.200
40.5	 57.7	 -0.600	 0.024
42.3	 57.7	 0.000	 0.000
44.1	 57.7	 0.000	 0.000
45.9	 57.7	 0.000	 0.000
47.7	 57.7	 0.306	 0.106
49.5	 57.7	 -0.035	 0.035
51.3	 57.7	 -0.082	 0.212
53.1	 57.7	 -0.141	 0.188
54.9	 57.7	 -0.106	 0.176
56.7	 57.7	 -0.059	 0.024
58.5	 57.7	 -0.047	 -0.012
60.4	 57.7	 -0.047	 0.059
62.2	 57.7	 0.024	 -0.012
64.0	 57.7	 0.035	 -0.059
65.8	 57.7	 -0.024	 -0.224
67.6	 57.7	 -0.012	 -0.271
69.4	 57.7	 -0.024	 -7.660
71.2	 57.7	 0.176	 -1.506
-1.2	 59.5	 -0.247	 10.542
0.7	 59.5	 0.000	 0.000
2.5	 59.5	 -0.024	 -0.235
4.3	 59.5	 -0.012	 -0.259
6.1	 59.5	 -0.071	 -0.259
7.9	 59.5	 -0.047	 -0.259
9.7	 59.5	 -0.035	 -0.200
11.6	 59.5	 -0.106	 -0.094
13.4	 59.5	 -0.094	 -0.059
15.2	 59.5	 -0.059	 -0.035
17.0	 59.5	 -0.071	 -0.024
18.8	 59.5	 -0.047	 -0.024
20.6	 59.5	 -0.059	 0.024
22.4	 59.5	 -0.024	 0.071
24.2	 59.5	 -0.059	 0.059
26.0	 59.5	 -0.047	 0.059
27.8	 59.5	 -0.047	 0.082
29.6	 59.5	 -0.047	 0.094
31.4	 59.5	 -0.059	 0.071
33.2	 59.5	 -0.071	 0.082
35.1	 59.5	 -0.094	 0.129
36.9	 59.5	 -0.106	 0.141
38.7	 59.5	 -0.129	 0.094
40.5	 59.5	 -0.035	 0.400
42.3	 59.5	 0.000	 0.000
44.1	 59.5	 0.000	 0.000
45.9	 59.5	 0.200	 0.494
47.7	 59.5	 0.024	 0.447
49.5	 59.5	 -0.071	 0.118
51.3	 59.5	 -0.024	 0.200
53.1	 59.5	 -0.047	 0.153
54.9	 59.5	 -0.059	 0.176
56.7	 59.5	 -0.118	 0.106
58.5	 59.5	 -0.141	 0.129
60.4	 59.5	 -0.153	 0.047
62.2	 59.5	 -0.047	 0.035
64.0	 59.5	 -0.035	 -0.035
65.8	 59.5	 -0.094	 -0.224
67.6	 59.5	 -0.035	 -0.082
69.4	 59.5	 -0.024	 0.753
71.2	 59.5	 0.012	 10.554
-1.2	 61.3	 -0.518	 6.024
0.7	 61.3	 -0.047	 -0.847
2.5	 61.3	 -0.012	 -0.235
4.3	 61.3	 0.012	 -0.235
6.1	 61.3	 -0.012	 -0.235
7.9	 61.3	 -0.035	 -0.200
9.7	 61.3	 0.012	 -0.082
11.6	 61.3	 -0.094	 -0.024
13.4	 61.3	 -0.082	 -0.024
15.2	 61.3	 -0.035	 -0.024
17.0	 61.3	 -0.035	 -0.012
18.8	 61.3	 -0.047	 0.024
20.6	 61.3	 -0.024	 0.129
22.4	 61.3	 -0.012	 0.094
24.2	 61.3	 -0.035	 0.059
26.0	 61.3	 -0.024	 0.071
27.8	 61.3	 -0.024	 0.082
29.6	 61.3	 -0.024	 0.106
31.4	 61.3	 -0.059	 0.118
33.2	 61.3	 -0.059	 0.118
35.1	 61.3	 -0.059	 0.094
36.9	 61.3	 -0.047	 0.141
38.7	 61.3	 -0.071	 0.165
40.5	 61.3	 0.141	 0.647
42.3	 61.3	 0.000	 0.000
44.1	 61.3	 0.000	 0.000
45.9	 61.3	 0.000	 0.365
47.7	 61.3	 0.071	 0.141
49.5	 61.3	 -0.035	 0.094
51.3	 61.3	 0.000	 0.141
53.1	 61.3	 0.035	 0.153
54.9	 61.3	 -0.035	 0.094
56.7	 61.3	 -0.082	 0.082
58.5	 61.3	 -0.059	 0.012
60.4	 61.3	 -0.035	 -0.024
62.2	 61.3	 -0.024	 0.035
64.0	 61.3	 -0.094	 -0.082
65.8	 61.3	 0.000	 -0.165
67.6	 61.3	 -0.118	 -0.212
69.4	 61.3	 0.024	 -0.659
71.2	 61.3	 0.082	 9.036
-1.2	 63.2	 -0.165	 7.530
0.7	 63.2	 0.000	 0.000
2.5	 63.2	 -0.012	 -0.200
4.3	 63.2	 0.024	 -0.247
6.1	 63.2	 0.000	 -0.224
7.9	 63.2	 -0.059	 -0.200
9.7	 63.2	 0.047	 0.082
11.6	 63.2	 -0.047	 -0.082
13.4	 63.2	 -0.071	 -0.106
15.2	 63.2	 -0.059	 -0.012
17.0	 63.2	 -0.012	 0.035
18.8	 63.2	 -0.024	 0.059
20.6	 63.2	 -0.035	 0.153
22.4	 63.2	 -0.024	 0.106
24.2	 63.2	 -0.012	 0.059
26.0	 63.2	 -0.012	 0.082
27.8	 63.2	 0.000	 0.082
29.6	 63.2	 -0.035	 0.129
31.4	 63.2	 -0.047	 0.106
33.2	 63.2	 -0.071	 0.094
35.1	 63.2	 -0.047	 0.129
36.9	 63.2	 -0.047	 0.141
38.7	 63.2	 -0.059	 0.118
40.5	 63.2	 -0.082	 0.047
42.3	 63.2	 -0.059	 0.059
44.1	 63.2	 0.000	 0.165
45.9	 63.2	 0.047	 0.224
47.7	 63.2	 -0.012	 0.294
49.5	 63.2	 -0.071	 0.153
51.3	 63.2	 -0.047	 0.141
53.1	 63.2	 -0.094	 0.094
54.9	 63.2	 -0.047	 0.024
56.7	 63.2	 -0.094	 0.059
58.5	 63.2	 -0.035	 0.059
60.4	 63.2	 -0.071	 0.047
62.2	 63.2	 -0.106	 -0.035
64.0	 63.2	 -0.059	 -0.176
65.8	 63.2	 -0.012	 -0.165
67.6	 63.2	 -0.082	 -0.118
69.4	 63.2	 -0.012	 7.601
71.2	 63.2	 -1.306	 10.554
-1.2	 65.0	 -0.059	 9.036
0.7	 65.0	 -0.024	 -1.012
2.5	 65.0	 -0.024	 -0.176
4.3	 65.0	 -0.012	 -0.188
6.1	 65.0	 -0.012	 -0.224
7.9	 65.0	 -0.035	 -0.247
9.7	 65.0	 -0.059	 -0.188
11.6	 65.0	 -0.059	 -0.129
13.4	 65.0	 -0.059	 -0.094
15.2	 65.0	 -0.035	 -0.059
17.0	 65.0	 -0.059	 -0.012
18.8	 65.0	 0.012	 0.082
20.6	 65.0	 0.012	 0.094
22.4	 65.0	 -0.035	 0.059
24.2	 65.0	 -0.024	 0.071
26.0	 65.0	 -0.012	 0.118
27.8	 65.0	 -0.012	 0.094
29.6	 65.0	 -0.012	 0.094
31.4	 65.0	 -0.035	 0.129
33.2	 65.0	 -0.059	 0.118
35.1	 65.0	 -0.047	 0.129
36.9	 65.0	 -0.012	 0.129
38.7	 65.0	 -0.012	 0.082
40.5	 65.0	 0.153	 0.224
42.3	 65.0	 -0.188	 0.247
44.1	 65.0	 0.059	 0.141
45.9	 65.0	 0.024	 0.153
47.7	 65.0	 0.024	 0.176
49.5	 65.0	 0.059	 0.165
51.3	 65.0	 0.000	 0.106
53.1	 65.0	 -0.047	 0.071
54.9	 65.0	 -0.047	 0.082
56.7	 65.0	 -0.035	 0.047
58.5	 65.0	 -0.024	 0.071
60.4	 65.0	 0.000	 0.024
62.2	 65.0	 0.000	 -0.012
64.0	 65.0	 0.047	 0.000
65.8	 65.0	 -0.024	 -0.094
67.6	 65.0	 -0.024	 -0.235
69.4	 65.0	 0.000	 0.000
71.2	 65.0	 -1.012	 -10.542
-1.2	 66.8	 0.118	 6.024
0.7	 66.8	 0.000	 0.000
2.5	 66.8	 -0.012	 -0.047
4.3	 66.8	 -0.012	 -0.106
6.1	 66.8	 -0.082	 -0.106
7.9	 66.8	 -0.094	 -0.141
9.7	 66.8	 -0.035	 -0.176
11.6	 66.8	 0.106	 -0.024
13.4	 66.8	 -0.059	 -0.082
15.2	 66.8	 -0.047	 0.012
17.0	 66.8	 -0.047	 0.000
18.8	 66.8	 0.035	 0.082
20.6	 66.8	 0.000	 0.118
22.4	 66.8	 -0.071	 0.200
24.2	 66.8	 -0.024	 0.094
26.0	 66.8	 0.012	 0.129
27.8	 66.8	 -0.035	 0.153
29.6	 66.8	 -0.035	 0.094
31.4	 66.8	 -0.035	 0.129
33.2	 66.8	 -0.059	 0.118
35.1	 66.8	 -0.047	 0.141
36.9	 66.8	 -0.024	 0.153
38.7	 66.8	 -0.012	 0.129
40.5	 66.8	 -0.035	 0.188
42.3	 66.8	 -0.165	 0.341
44.1	 66.8	 0.035	 0.212
45.9	 66.8	 0.071	 0.353
47.7	 66.8	 0.012	 0.176
49.5	 66.8	 -0.035	 0.165
51.3	 66.8	 -0.012	 0.129
53.1	 66.8	 -0.047	 0.129
54.9	 66.8	 -0.035	 0.106
56.7	 66.8	 -0.035	 0.082
58.5	 66.8	 -0.024	 0.035
60.4	 66.8	 0.012	 -0.024
62.2	 66.8	 -0.035	 -0.094
64.0	 66.8	 -0.024	 -0.200
65.8	 66.8	 -0.047	 -0.224
67.6	 66.8	 0.000	 -0.247
69.4	 66.8	 0.047	 0.541
71.2	 66.8	 -0.024	 9.036
-1.2	 68.6	 -0.494	 6.024
0.7	 68.6	 0.000	 0.000
2.5	 68.6	 -0.012	 -0.071
4.3	 68.6	 0.000	 -0.071
6.1	 68.6	 0.012	 -0.118
7.9	 68.6	 -0.024	 -0.176
9.7	 68.6	 -0.024	 -0.153
11.6	 68.6	 0.071	 -0.059
13.4	 68.6	 -0.035	 -0.094
15.2	 68.6	 -0.047	 0.024
17.0	 68.6	 -0.012	 0.024
18.8	 68.6	 -0.035	 0.035
20.6	 68.6	 -0.047	 0.153
22.4	 68.6	 -0.024	 0.082
24.2	 68.6	 0.000	 0.106
26.0	 68.6	 0.012	 0.188
27.8	 68.6	 0.000	 0.212
29.6	 68.6	 -0.012	 0.129
31.4	 68.6	 0.000	 0.129
33.2	 68.6	 -0.035	 0.141
35.1	 68.6	 -0.035	 0.176
36.9	 68.6	 -0.024	 0.165
38.7	 68.6	 -0.024	 0.165
40.5	 68.6	 -0.012	 0.153
42.3	 68.6	 -0.012	 0.200
44.1	 68.6	 -0.024	 0.165
45.9	 68.6	 0.000	 0.212
47.7	 68.6	 0.035	 0.200
49.5	 68.6	 -0.082	 0.188
51.3	 68.6	 -0.012	 0.118
53.1	 68.6	 -0.024	 0.118
54.9	 68.6	 -0.024	 0.141
56.7	 68.6	 -0.047	 0.106
58.5	 68.6	 -0.035	 0.059
60.4	 68.6	 -0.035	 0.094
62.2	 68.6	 -0.094	 -0.071
64.0	 68.6	 -0.059	 -0.247
65.8	 68.6	 0.082	 -0.188
67.6	 68.6	 -0.024	 -0.153
69.4	 68.6	 0.000	 -0.682
71.2	 68.6	 -2.188	 10.531
-1.2	 70.4	 0.000	 7.530
0.7	 70.4	 0.000	 0.000
2.5	 70.4	 0.000	 -0.188
4.3	 70.4	 0.024	 -0.129
6.1	 70.4	 0.000	 -0.176
7.9	 70.4	 0.000	 -0.082
9.7	 70.4	 0.000	 0.024
11.6	 70.4	 -0.071	 -0.129
13.4	 70.4	 -0.047	 -0.106
15.2	 70.4	 0.035	 0.106
17.0	 70.4	 -0.035	 0.035
18.8	 70.4	 -0.035	 0.047
20.6	 70.4	 0.024	 0.082
22.4	 70.4	 -0.024	 0.082
24.2	 70.4	 -0.024	 0.082
26.0	 70.4	 -0.047	 0.106
27.8	 70.4	 0.012	 0.188
29.6	 70.4	 0.000	 0.165
31.4	 70.4	 -0.024	 0.176
33.2	 70.4	 -0.047	 0.165
35.1	 70.4	 -0.035	 0.165
36.9	 70.4	 0.000	 0.224
38.7	 70.4	 0.012	 0.235
40.5	 70.4	 -0.059	 0.153
42.3	 70.4	 0.047	 0.153
44.1	 70.4	 -0.024	 0.200
45.9	 70.4	 -0.012	 0.176
47.7	 70.4	 0.000	 0.224
49.5	 70.4	 -0.012	 0.118
51.3	 70.4	 0.000	 0.129
53.1	 70.4	 0.035	 0.094
54.9	 70.4	 -0.024	 0.153
56.7	 70.4	 -0.059	 0.059
58.5	 70.4	 0.000	 0.071
60.4	 70.4	 -0.071	 0.035
62.2	 70.4	 -0.094	 -0.024
64.0	 70.4	 0.012	 -0.165
65.8	 70.4	 0.094	 -0.235
67.6	 70.4	 0.035	 -0.271
69.4	 70.4	 0.012	 -0.129
71.2	 70.4	 -0.753	 10.542
-1.2	 72.2	 -0.200	 7.530
0.7	 72.2	 -0.035	 -0.953
2.5	 72.2	 0.012	 -0.024
4.3	 72.2	 0.012	 -0.165
6.1	 72.2	 -0.024	 -0.106
7.9	 72.2	 -0.035	 -0.071
9.7	 72.2	 -0.059	 -0.047
11.6	 72.2	 -0.047	 -0.094
13.4	 72.2	 -0.059	 -0.047
15.2	 72.2	 -0.059	 0.012
17.0	 72.2	 -0.047	 0.024
18.8	 72.2	 -0.047	 0.047
20.6	 72.2	 0.047	 0.082
22.4	 72.2	 0.082	 0.200
24.2	 72.2	 0.000	 0.129
26.0	 72.2	 0.047	 0.176
27.8	 72.2	 -0.024	 0.153
29.6	 72.2	 0.024	 0.176
31.4	 72.2	 0.000	 0.212
33.2	 72.2	 -0.024	 0.212
35.1	 72.2	 -0.035	 0.200
36.9	 72.2	 0.035	 0.212
38.7	 72.2	 -0.024	 0.294
40.5	 72.2	 -0.012	 0.224
42.3	 72.2	 0.000	 0.200
44.1	 72.2	 -0.035	 0.212
45.9	 72.2	 -0.059	 0.212
47.7	 72.2	 -0.024	 0.176
49.5	 72.2	 -0.012	 0.118
51.3	 72.2	 -0.012	 0.176
53.1	 72.2	 -0.035	 0.176
54.9	 72.2	 -0.118	 0.106
56.7	 72.2	 -0.071	 0.082
58.5	 72.2	 -0.024	 -0.047
60.4	 72.2	 -0.024	 0.047
62.2	 72.2	 -0.071	 0.012
64.0	 72.2	 0.047	 -0.153
65.8	 72.2	 0.012	 -0.176
67.6	 72.2	 0.059	 -0.400
69.4	 72.2	 -0.012	 -0.176
71.2	 72.2	 -0.165	 3.012
-1.2	 74.0	 -0.682	 -1.506
0.7	 74.0	 0.000	 0.000
2.5	 74.0	 0.071	 -0.141
4.3	 74.0	 0.000	 -0.165
6.1	 74.0	 -0.047	 -0.059
7.9	 74.0	 -0.047	 0.035
9.7	 74.0	 0.000	 -0.024
11.6	 74.0	 0.000	 -0.035
13.4	 74.0	 0.024	 0.071
15.2	 74.0	 0.012	 0.082
17.0	 74.0	 -0.047	 0.024
18.8	 74.0	 -0.012	 0.059
20.6	 74.0	 -0.024	 0.071
22.4	 74.0	 0.082	 0.259
24.2	 74.0	 -0.012	 0.165
26.0	 74.0	 0.000	 0.165
27.8	 74.0	 -0.035	 0.153
29.6	 74.0	 0.012	 0.188
31.4	 74.0	 -0.012	 0.200
33.2	 74.0	 -0.012	 0.200
35.1	 74.0	 0.000	 0.188
36.9	 74.0	 0.024	 0.188
38.7	 74.0	 0.000	 0.224
40.5	 74.0	 -0.071	 0.224
42.3	 74.0	 0.012	 0.141
44.1	 74.0	 -0.024	 0.200
45.9	 74.0	 -0.024	 0.118
47.7	 74.0	 0.035	 0.200
49.5	 74.0	 0.035	 0.200
51.3	 74.0	 -0.024	 0.165
53.1	 74.0	 -0.012	 0.259
54.9	 74.0	 -0.071	 0.141
56.7	 74.0	 -0.024	 0.000
58.5	 74.0	 0.012	 -0.024
60.4	 74.0	 -0.047	 0.035
62.2	 74.0	 -0.094	 0.024
64.0	 74.0	 0.047	 -0.200
65.8	 74.0	 0.000	 -0.118
67.6	 74.0	 -0.082	 -0.353
69.4	 74.0	 0.000	 -0.706
71.2	 74.0	 -0.094	 6.036
-1.2	 75.8	 -4.471	 10.542
0.7	 75.8	 -0.035	 -1.024
2.5	 75.8	 0.012	 -0.082
4.3	 75.8	 0.000	 -0.106
6.1	 75.8	 -0.024	 -0.153
7.9	 75.8	 -0.059	 -0.094
9.7	 75.8	 -0.024	 -0.059
11.6	 75.8	 0.000	 -0.071
13.4	 75.8	 -0.035	 0.000
15.2	 75.8	 -0.035	 0.000
17.0	 75.8	 -0.106	 0.118
18.8	 75.8	 0.000	 0.153
20.6	 75.8	 -0.024	 0.082
22.4	 75.8	 0.082	 0.165
24.2	 75.8	 -0.024	 0.176
26.0	 75.8	 0.000	 0.118
27.8	 75.8	 0.000	 0.176
29.6	 75.8	 -0.012	 0.259
31.4	 75.8	 0.000	 0.235
33.2	 75.8	 -0.012	 0.235
35.1	 75.8	 -0.024	 0.200
36.9	 75.8	 0.012	 0.224
38.7	 75.8	 0.012	 0.259
40.5	 75.8	 -0.035	 0.224
42.3	 75.8	 -0.035	 0.247
44.1	 75.8	 -0.059	 0.224
45.9	 75.8	 -0.082	 0.259
47.7	 75.8	 -0.035	 0.212
49.5	 75.8	 -0.106	 0.165
51.3	 75.8	 -0.071	 0.129
53.1	 75.8	 0.129	 0.141
54.9	 75.8	 -0.024	 0.094
56.7	 75.8	 0.012	 0.059
58.5	 75.8	 0.024	 0.047
60.4	 75.8	 -0.059	 -0.012
62.2	 75.8	 -0.012	 -0.082
64.0	 75.8	 -0.012	 -0.259
65.8	 75.8	 0.082	 -0.259
67.6	 75.8	 0.024	 -0.471
69.4	 75.8	 -0.012	 -0.906
71.2	 75.8	 2.106	 7.519
-1.2	 77.6	 0.071	 6.024
0.7	 77.6	 0.000	 0.000
2.5	 77.6	 0.000	 -0.047
4.3	 77.6	 0.000	 -0.094
6.1	 77.6	 -0.035	 -0.141
7.9	 77.6	 -0.071	 -0.024
9.7	 77.6	 -0.012	 -0.024
11.6	 77.6	 -0.059	 -0.059
13.4	 77.6	 -0.059	 -0.012
15.2	 77.6	 0.000	 0.106
17.0	 77.6	 -0.035	 0.082
18.8	 77.6	 0.012	 0.047
20.6	 77.6	 0.012	 0.059
22.4	 77.6	 -0.035	 0.106
24.2	 77.6	 0.000	 0.129
26.0	 77.6	 0.035	 0.247
27.8	 77.6	 0.000	 0.259
29.6	 77.6	 0.000	 0.212
31.4	 77.6	 0.000	 0.306
33.2	 77.6	 -0.024	 0.224
35.1	 77.6	 0.012	 0.235
36.9	 77.6	 0.000	 0.224
38.7	 77.6	 0.012	 0.224
40.5	 77.6	 -0.012	 0.259
42.3	 77.6	 -0.035	 0.271
44.1	 77.6	 -0.024	 0.188
45.9	 77.6	 -0.012	 0.224
47.7	 77.6	 -0.071	 0.176
49.5	 77.6	 -0.129	 0.212
51.3	 77.6	 -0.165	 0.129
53.1	 77.6	 0.012	 0.176
54.9	 77.6	 -0.047	 0.153
56.7	 77.6	 -0.082	 0.129
58.5	 77.6	 0.047	 0.000
60.4	 77.6	 -0.047	 0.035
62.2	 77.6	 0.094	 -0.106
64.0	 77.6	 0.106	 -0.235
65.8	 77.6	 0.059	 -0.271
67.6	 77.6	 0.024	 -0.471
69.4	 77.6	 -0.047	 -0.788
71.2	 77.6	 -0.518	 10.531
-1.2	 79.4	 0.188	 7.530
0.7	 79.4	 -0.012	 -1.377
2.5	 79.4	 -0.035	 -0.129
4.3	 79.4	 -0.012	 -0.129
6.1	 79.4	 -0.047	 -0.071
7.9	 79.4	 -0.071	 -0.047
9.7	 79.4	 -0.012	 0.059
11.6	 79.4	 -0.035	 0.106
13.4	 79.4	 -0.012	 0.188
15.2	 79.4	 -0.035	 0.118
17.0	 79.4	 -0.035	 0.235
18.8	 79.4	 -0.024	 0.165
20.6	 79.4	 -0.012	 0.153
22.4	 79.4	 -0.024	 0.082
24.2	 79.4	 -0.012	 0.094
26.0	 79.4	 -0.047	 0.188
27.8	 79.4	 -0.106	 0.212
29.6	 79.4	 0.000	 0.153
31.4	 79.4	 -0.047	 0.259
33.2	 79.4	 0.000	 0.224
35.1	 79.4	 0.024	 0.282
36.9	 79.4	 -0.012	 0.318
38.7	 79.4	 -0.082	 0.318
40.5	 79.4	 -0.106	 0.329
42.3	 79.4	 -0.071	 0.235
44.1	 79.4	 -0.082	 0.188
45.9	 79.4	 0.012	 0.377
47.7	 79.4	 0.000	 0.212
49.5	 79.4	 -0.094	 0.235
51.3	 79.4	 -0.071	 0.129
53.1	 79.4	 -0.024	 0.200
54.9	 79.4	 -0.071	 0.106
56.7	 79.4	 -0.059	 0.200
58.5	 79.4	 -0.012	 0.082
60.4	 79.4	 -0.012	 0.024
62.2	 79.4	 0.047	 -0.035
64.0	 79.4	 -0.129	 -0.047
65.8	 79.4	 0.047	 -0.094
67.6	 79.4	 0.000	 -0.188
69.4	 79.4	 0.000	 -0.635
71.2	 79.4	 0.024	 -3.012
-1.2	 81.2	 -0.282	 -3.012
0.7	 81.2	 0.000	 0.000
2.5	 81.2	 -0.024	 -0.082
4.3	 81.2	 -0.141	 0.071
6.1	 81.2	 -0.012	 -0.106
7.9	 81.2	 -0.024	 -0.106
9.7	 81.2	 -0.071	 0.082
11.6	 81.2	 -0.035	 0.082
13.4	 81.2	 -0.035	 0.165
15.2	 81.2	 -0.071	 0.000
17.0	 81.2	 -0.071	 0.094
18.8	 81.2	 0.000	 0.165
20.6	 81.2	 0.024	 0.118
22.4	 81.2	 0.000	 0.247
24.2	 81.2	 -0.059	 0.153
26.0	 81.2	 -0.059	 0.188
27.8	 81.2	 -0.047	 0.247
29.6	 81.2	 0.047	 0.188
31.4	 81.2	 -0.035	 0.259
33.2	 81.2	 0.000	 0.247
35.1	 81.2	 0.012	 0.247
36.9	 81.2	 -0.024	 0.306
38.7	 81.2	 -0.012	 0.294
40.5	 81.2	 -0.024	 0.353
42.3	 81.2	 0.024	 0.377
44.1	 81.2	 -0.059	 0.224
45.9	 81.2	 0.071	 0.247
47.7	 81.2	 0.000	 0.271
49.5	 81.2	 -0.094	 0.282
51.3	 81.2	 -0.035	 0.153
53.1	 81.2	 -0.012	 0.118
54.9	 81.2	 -0.035	 0.059
56.7	 81.2	 -0.012	 0.071
58.5	 81.2	 -0.071	 0.082
60.4	 81.2	 -0.047	 0.118
62.2	 81.2	 0.129	 0.012
64.0	 81.2	 0.024	 -0.047
65.8	 81.2	 0.106	 -0.106
67.6	 81.2	 0.059	 -0.165
69.4	 81.2	 0.000	 -0.671
71.2	 81.2	 -2.989	 10.542
-1.2	 83.0	 -0.306	 9.036
0.7	 83.0	 0.000	 0.000
2.5	 83.0	 -0.059	 -0.024
4.3	 83.0	 -0.141	 0.000
6.1	 83.0	 -0.024	 -0.082
7.9	 83.0	 -0.035	 -0.082
9.7	 83.0	 -0.047	 -0.071
11.6	 83.0	 -0.012	 0.129
13.4	 83.0	 -0.012	 0.176
15.2	 83.0	 -0.071	 0.059
17.0	 83.0	 -0.024	 0.259
18.8	 83.0	 0.000	 0.212
20.6	 83.0	 -0.082	 0.082
22.4	 83.0	 0.059	 0.141
24.2	 83.0	 -0.035	 0.141
26.0	 83.0	 -0.012	 0.294
27.8	 83.0	 -0.035	 0.235
29.6	 83.0	 0.000	 0.247
31.4	 83.0	 0.000	 0.306
33.2	 83.0	 0.012	 0.306
35.1	 83.0	 0.000	 0.353
36.9	 83.0	 0.024	 0.353
38.7	 83.0	 -0.059	 0.306
40.5	 83.0	 0.024	 0.235
42.3	 83.0	 -0.071	 0.294
44.1	 83.0	 0.000	 0.188
45.9	 83.0	 0.047	 0.188
47.7	 83.0	 0.000	 0.282
49.5	 83.0	 -0.024	 0.224
51.3	 83.0	 -0.035	 0.165
53.1	 83.0	 -0.024	 0.129
54.9	 83.0	 -0.024	 0.035
56.7	 83.0	 0.000	 -0.035
58.5	 83.0	 -0.071	 0.082
60.4	 83.0	 -0.071	 0.106
62.2	 83.0	 0.012	 -0.024
64.0	 83.0	 -0.024	 -0.047
65.8	 83.0	 0.000	 -0.094
67.6	 83.0	 0.024	 -0.176
69.4	 83.0	 -0.024	 -0.600
71.2	 83.0	 0.176	 4.506
-1.2	 84.8	 -0.682	 4.518
0.7	 84.8	 0.000	 0.000
2.5	 84.8	 -0.047	 -0.094
4.3	 84.8	 -0.024	 0.012
6.1	 84.8	 0.024	 -0.024
7.9	 84.8	 -0.035	 -0.082
9.7	 84.8	 -0.071	 0.082
11.6	 84.8	 -0.059	 0.059
13.4	 84.8	 -0.094	 0.176
15.2	 84.8	 0.000	 0.059
17.0	 84.8	 0.047	 0.118
18.8	 84.8	 0.129	 0.094
20.6	 84.8	 0.106	 0.141
22.4	 84.8	 -0.012	 0.106
24.2	 84.8	 -0.012	 0.153
26.0	 84.8	 -0.059	 0.235
27.8	 84.8	 -0.024	 0.282
29.6	 84.8	 -0.012	 0.306
31.4	 84.8	 -0.024	 0.341
33.2	 84.8	 0.047	 0.447
35.1	 84.8	 0.000	 0.482
36.9	 84.8	 -0.035	 0.388
38.7	 84.8	 -0.047	 0.306
40.5	 84.8	 -0.047	 0.329
42.3	 84.8	 -0.165	 0.329
44.1	 84.8	 0.012	 0.235
45.9	 84.8	 -0.047	 0.200
47.7	 84.8	 0.035	 0.200
49.5	 84.8	 -0.035	 0.153
51.3	 84.8	 -0.047	 0.176
53.1	 84.8	 -0.012	 0.071
54.9	 84.8	 -0.035	 0.012
56.7	 84.8	 -0.106	 0.094
58.5	 84.8	 -0.035	 0.082
60.4	 84.8	 -0.012	 0.141
62.2	 84.8	 -0.118	 0.129
64.0	 84.8	 -0.024	 -0.047
65.8	 84.8	 0.000	 -0.235
67.6	 84.8	 -0.024	 -0.094
69.4	 84.8	 -0.035	 0.541
71.2	 84.8	 -2.130	 10.542
-1.2	 86.7	 -0.459	 9.036
0.7	 86.7	 0.000	 0.000
2.5	 86.7	 -0.047	 -0.059
4.3	 86.7	 -0.012	 0.129
6.1	 86.7	 0.000	 0.106
7.9	 86.7	 -0.024	 -0.047
9.7	 86.7	 -0.094	 0.024
11.6	 86.7	 -0.082	 0.082
13.4	 86.7	 -0.118	 0.129
15.2	 86.7	 0.035	 0.071
17.0	 86.7	 0.047	 0.059
18.8	 86.7	 0.141	 0.082
20.6	 86.7	 0.118	 0.129
22.4	 86.7	 0.012	 0.165
24.2	 86.7	 0.082	 0.106
26.0	 86.7	 0.000	 0.212
27.8	 86.7	 0.035	 0.188
29.6	 86.7	 0.012	 0.224
31.4	 86.7	 0.000	 0.247
33.2	 86.7	 0.000	 0.353
35.1	 86.7	 -0.047	 0.494
36.9	 86.7	 -0.012	 0.365
38.7	 86.7	 0.000	 0.318
40.5	 86.7	 -0.047	 0.353
42.3	 86.7	 -0.082	 0.435
44.1	 86.7	 0.000	 0.365
45.9	 86.7	 0.012	 0.282
47.7	 86.7	 -0.035	 0.165
49.5	 86.7	 -0.024	 0.188
51.3	 86.7	 0.047	 0.106
53.1	 86.7	 0.094	 0.059
54.9	 86.7	 -0.059	 0.118
56.7	 86.7	 -0.071	 0.035
58.5	 86.7	 0.000	 0.024
60.4	 86.7	 0.047	 -0.024
62.2	 86.7	 0.012	 -0.012
64.0	 86.7	 -0.024	 -0.082
65.8	 86.7	 -0.024	 -0.176
67.6	 86.7	 0.024	 -0.118
69.4	 86.7	 -0.047	 -0.553
71.2	 86.7	 -0.141	 9.036
-1.2	 88.5	 -0.777	 4.518
0.7	 88.5	 0.000	 0.000
2.5	 88.5	 -0.047	 -0.059
4.3	 88.5	 -0.047	 -0.059
6.1	 88.5	 -0.082	 -0.024
7.9	 88.5	 -0.024	 -0.024
9.7	 88.5	 -0.094	 -0.047
11.6	 88.5	 -0.071	 0.000
13.4	 88.5	 -0.012	 0.082
15.2	 88.5	 0.024	 0.000
17.0	 88.5	 0.000	 0.012
18.8	 88.5	 0.047	 0.212
20.6	 88.5	 0.071	 0.200
22.4	 88.5	 0.000	 0.200
24.2	 88.5	 0.000	 0.129
26.0	 88.5	 0.059	 0.200
27.8	 88.5	 0.059	 0.176
29.6	 88.5	 0.035	 0.212
31.4	 88.5	 0.024	 0.294
33.2	 88.5	 0.035	 0.424
35.1	 88.5	 -0.024	 0.471
36.9	 88.5	 -0.024	 0.471
38.7	 88.5	 -0.071	 0.412
40.5	 88.5	 -0.071	 0.365
42.3	 88.5	 -0.059	 0.400
44.1	 88.5	 0.000	 0.447
45.9	 88.5	 -0.024	 0.329
47.7	 88.5	 -0.094	 0.165
49.5	 88.5	 -0.035	 0.129
51.3	 88.5	 0.047	 0.082
53.1	 88.5	 0.094	 0.047
54.9	 88.5	 -0.047	 0.271
56.7	 88.5	 0.012	 0.059
58.5	 88.5	 0.000	 -0.071
60.4	 88.5	 0.094	 0.035
62.2	 88.5	 0.118	 -0.106
64.0	 88.5	 0.047	 -0.024
65.8	 88.5	 0.000	 -0.106
67.6	 88.5	 0.024	 -0.176
69.4	 88.5	 -0.012	 -0.271
71.2	 88.5	 -0.059	 -1.506
-1.2	 90.3	 -0.282	 -1.506
0.7	 90.3	 0.047	 3.059
2.5	 90.3	 -0.035	 -0.071
4.3	 90.3	 -0.024	 -0.059
6.1	 90.3	 -0.118	 0.012
7.9	 90.3	 -0.024	 0.000
9.7	 90.3	 0.012	 0.047
11.6	 90.3	 0.035	 0.035
13.4	 90.3	 0.000	 0.094
15.2	 90.3	 0.024	 0.200
17.0	 90.3	 0.082	 0.094
18.8	 90.3	 0.024	 0.176
20.6	 90.3	 0.059	 0.259
22.4	 90.3	 -0.012	 0.094
24.2	 90.3	 -0.024	 0.165
26.0	 90.3	 -0.035	 0.118
27.8	 90.3	 0.000	 0.224
29.6	 90.3	 -0.035	 0.318
31.4	 90.3	 -0.035	 0.318
33.2	 90.3	 -0.047	 0.388
35.1	 90.3	 -0.082	 0.494
36.9	 90.3	 -0.035	 0.259
38.7	 90.3	 0.024	 0.494
40.5	 90.3	 -0.071	 0.435
42.3	 90.3	 -0.012	 0.341
44.1	 90.3	 0.012	 0.341
45.9	 90.3	 -0.024	 0.435
47.7	 90.3	 -0.165	 0.224
49.5	 90.3	 -0.012	 0.153
51.3	 90.3	 -0.024	 0.141
53.1	 90.3	 -0.129	 0.165
54.9	 90.3	 -0.094	 0.059
56.7	 90.3	 0.071	 0.094
58.5	 90.3	 -0.035	 -0.024
60.4	 90.3	 0.071	 -0.329
62.2	 90.3	 -0.059	 -0.024
64.0	 90.3	 -0.035	 0.047
65.8	 90.3	 0.024	 -0.235
67.6	 90.3	 -0.082	 -0.235
69.4	 90.3	 -0.071	 -0.377
71.2	 90.3	 -0.141	 3.000
-1.2	 92.0	 -0.800	 10.542
0.7	 92.0	 0.000	 0.000
2.5	 92.0	 0.024	 -0.141
4.3	 92.0	 0.012	 -0.035
6.1	 92.0	 -0.106	 -0.047
7.9	 92.0	 -0.035	 -0.047
9.7	 92.0	 -0.047	 0.047
11.6	 92.0	 0.012	 0.165
13.4	 92.0	 0.035	 0.106
15.2	 92.0	 -0.035	 0.176
17.0	 92.0	 0.012	 0.200
18.8	 92.0	 0.106	 0.165
20.6	 92.0	 -0.035	 0.129
22.4	 92.0	 -0.059	 0.153
24.2	 92.0	 -0.024	 0.176
26.0	 92.0	 -0.071	 0.212
27.8	 92.0	 -0.024	 0.259
29.6	 92.0	 -0.012	 0.306
31.4	 92.0	 -0.047	 0.329
33.2	 92.0	 -0.024	 0.329
35.1	 92.0	 -0.082	 0.365
36.9	 92.0	 -0.141	 0.412
38.7	 92.0	 -0.012	 0.435
40.5	 92.0	 -0.035	 0.565
42.3	 92.0	 -0.047	 0.377
44.1	 92.0	 0.035	 0.365
45.9	 92.0	 0.012	 0.235
47.7	 92.0	 -0.047	 0.235
49.5	 92.0	 -0.035	 0.094
51.3	 92.0	 -0.012	 0.141
53.1	 92.0	 -0.129	 0.094
54.9	 92.0	 -0.094	 0.400
56.7	 92.0	 -0.047	 0.224
58.5	 92.0	 0.000	 -0.035
60.4	 92.0	 0.000	 -0.129
62.2	 92.0	 0.012	 -0.106
64.0	 92.0	 0.082	 -0.165
65.8	 92.0	 0.024	 -0.082
67.6	 92.0	 -0.047	 -0.247
69.4	 92.0	 0.024	 -0.600
71.2	 92.0	 2.918	 7.542
-1.2	 93.8	 -0.165	 9.036
0.7	 93.8	 0.000	 0.000
2.5	 93.8	 0.047	 -0.082
4.3	 93.8	 -0.035	 0.047
6.1	 93.8	 0.024	 0.012
7.9	 93.8	 -0.035	 -0.012
9.7	 93.8	 -0.047	 -0.012
11.6	 93.8	 -0.012	 0.012
13.4	 93.8	 0.141	 0.047
15.2	 93.8	 -0.012	 0.212
17.0	 93.8	 0.047	 0.188
18.8	 93.8	 0.071	 0.082
20.6	 93.8	 0.000	 0.141
22.4	 93.8	 0.012	 0.153
24.2	 93.8	 0.000	 0.153
26.0	 93.8	 -0.024	 0.247
27.8	 93.8	 -0.094	 0.318
29.6	 93.8	 -0.047	 0.435
31.4	 93.8	 -0.035	 0.353
33.2	 93.8	 -0.094	 0.447
35.1	 93.8	 -0.082	 0.329
36.9	 93.8	 -0.024	 0.482
38.7	 93.8	 -0.071	 0.435
40.5	 93.8	 -0.059	 0.459
42.3	 93.8	 -0.047	 0.482
44.1	 93.8	 -0.094	 0.224
45.9	 93.8	 -0.047	 0.224
47.7	 93.8	 0.012	 0.235
49.5	 93.8	 0.012	 0.129
51.3	 93.8	 -0.047	 0.129
53.1	 93.8	 -0.035	 0.071
54.9	 93.8	 -0.082	 0.106
56.7	 93.8	 -0.094	 0.282
58.5	 93.8	 -0.059	 0.012
60.4	 93.8	 0.024	 -0.082
62.2	 93.8	 -0.071	 -0.118
64.0	 93.8	 -0.035	 -0.165
65.8	 93.8	 0.012	 -0.188
67.6	 93.8	 -0.047	 -0.235
69.4	 93.8	 0.012	 -0.353
71.2	 93.8	 0.059	 9.048
-1.2	 95.7	 -0.235	 -9.036
0.7	 95.7	 0.000	 0.000
2.5	 95.7	 -0.035	 -0.047
4.3	 95.7	 0.047	 0.035
6.1	 95.7	 0.024	 -0.024
7.9	 95.7	 0.024	 -0.047
9.7	 95.7	 -0.035	 0.012
11.6	 95.7	 -0.047	 -0.012
13.4	 95.7	 0.153	 0.106
15.2	 95.7	 0.200	 0.165
17.0	 95.7	 0.129	 0.118
18.8	 95.7	 0.153	 0.129
20.6	 95.7	 0.118	 0.106
22.4	 95.7	 0.047	 0.106
24.2	 95.7	 0.047	 0.259
26.0	 95.7	 0.024	 0.200
27.8	 95.7	 -0.024	 0.282
29.6	 95.7	 -0.024	 0.412
31.4	 95.7	 -0.059	 0.471
33.2	 95.7	 -0.118	 0.459
35.1	 95.7	 0.035	 0.471
36.9	 95.7	 -0.024	 0.435
38.7	 95.7	 -0.071	 0.341
40.5	 95.7	 -0.071	 0.341
42.3	 95.7	 -0.129	 0.353
44.1	 95.7	 -0.106	 0.141
45.9	 95.7	 0.035	 0.294
47.7	 95.7	 -0.012	 0.176
49.5	 95.7	 -0.012	 0.024
51.3	 95.7	 -0.094	 0.000
53.1	 95.7	 -0.071	 0.224
54.9	 95.7	 0.000	 0.082
56.7	 95.7	 -0.106	 0.094
58.5	 95.7	 -0.106	 0.024
60.4	 95.7	 -0.012	 -0.047
62.2	 95.7	 0.071	 -0.176
64.0	 95.7	 -0.047	 -0.165
65.8	 95.7	 0.000	 -0.024
67.6	 95.7	 0.082	 -0.235
69.4	 95.7	 0.024	 -0.482
71.2	 95.7	 -0.259	 0.000
-1.2	 97.5	 -0.294	 7.530
0.7	 97.5	 0.000	 0.000
2.5	 97.5	 -0.059	 0.012
4.3	 97.5	 -0.012	 -0.012
6.1	 97.5	 0.012	 0.024
7.9	 97.5	 0.035	 0.035
9.7	 97.5	 -0.047	 0.000
11.6	 97.5	 0.024	 0.035
13.4	 97.5	 0.012	 0.106
15.2	 97.5	 0.059	 0.094
17.0	 97.5	 0.035	 0.118
18.8	 97.5	 0.165	 0.082
20.6	 97.5	 0.212	 0.059
22.4	 97.5	 0.000	 0.212
24.2	 97.5	 -0.047	 0.294
26.0	 97.5	 -0.035	 0.235
27.8	 97.5	 -0.071	 0.306
29.6	 97.5	 -0.047	 0.365
31.4	 97.5	 -0.082	 0.329
33.2	 97.5	 -0.024	 0.247
35.1	 97.5	 0.012	 0.482
36.9	 97.5	 -0.035	 0.482
38.7	 97.5	 0.024	 0.377
40.5	 97.5	 -0.059	 0.494
42.3	 97.5	 -0.153	 0.400
44.1	 97.5	 -0.059	 0.282
45.9	 97.5	 -0.082	 0.141
47.7	 97.5	 -0.118	 0.153
49.5	 97.5	 0.059	 0.235
51.3	 97.5	 0.153	 0.235
53.1	 97.5	 0.000	 -0.012
54.9	 97.5	 0.035	 0.082
56.7	 97.5	 -0.071	 0.200
58.5	 97.5	 -0.071	 0.212
60.4	 97.5	 0.000	 -0.071
62.2	 97.5	 0.212	 -0.224
64.0	 97.5	 0.024	 -0.082
65.8	 97.5	 -0.047	 -0.059
67.6	 97.5	 -0.035	 -0.200
69.4	 97.5	 -0.035	 -0.294
71.2	 97.5	 1.541	 7.542
-1.2	 99.3	 -0.259	 9.036
0.7	 99.3	 0.000	 0.000
2.5	 99.3	 -0.012	 0.012
4.3	 99.3	 0.118	 0.024
6.1	 99.3	 0.071	 0.047
7.9	 99.3	 0.141	 0.106
9.7	 99.3	 0.082	 0.106
11.6	 99.3	 -0.047	 0.035
13.4	 99.3	 0.094	 0.141
15.2	 99.3	 0.000	 0.094
17.0	 99.3	 -0.047	 0.224
18.8	 99.3	 0.047	 0.212
20.6	 99.3	 0.059	 0.188
22.4	 99.3	 0.012	 0.165
24.2	 99.3	 0.035	 0.176
26.0	 99.3	 -0.106	 0.235
27.8	 99.3	 -0.047	 0.353
29.6	 99.3	 -0.165	 0.306
31.4	 99.3	 -0.118	 0.271
33.2	 99.3	 -0.106	 0.318
35.1	 99.3	 -0.035	 0.447
36.9	 99.3	 -0.024	 0.471
38.7	 99.3	 -0.012	 0.400
40.5	 99.3	 -0.118	 0.329
42.3	 99.3	 0.012	 0.471
44.1	 99.3	 -0.059	 0.518
45.9	 99.3	 -0.188	 0.282
47.7	 99.3	 -0.118	 0.235
49.5	 99.3	 -0.165	 0.224
51.3	 99.3	 -0.094	 0.188
53.1	 99.3	 -0.059	 0.012
54.9	 99.3	 -0.082	 0.129
56.7	 99.3	 -0.082	 0.176
58.5	 99.3	 -0.024	 -0.071
60.4	 99.3	 -0.012	 -0.118
62.2	 99.3	 0.071	 -0.224
64.0	 99.3	 0.106	 -0.129
65.8	 99.3	 -0.024	 -0.129
67.6	 99.3	 0.035	 -0.188
69.4	 99.3	 -0.024	 -0.106
71.2	 99.3	 0.035	 3.000
-1.2	 101.1	 -0.294	 10.542
0.7	 101.1	 0.000	 0.000
2.5	 101.1	 0.071	 0.047
4.3	 101.1	 0.106	 0.035
6.1	 101.1	 0.094	 0.141
7.9	 101.1	 0.106	 0.176
9.7	 101.1	 0.141	 0.082
11.6	 101.1	 -0.012	 0.094
13.4	 101.1	 -0.082	 0.118
15.2	 101.1	 0.082	 0.165
17.0	 101.1	 -0.047	 0.106
18.8	 101.1	 0.118	 0.129
20.6	 101.1	 0.082	 0.282
22.4	 101.1	 0.082	 0.165
24.2	 101.1	 0.047	 0.212
26.0	 101.1	 0.000	 0.247
27.8	 101.1	 -0.082	 0.271
29.6	 101.1	 -0.059	 0.424
31.4	 101.1	 -0.047	 0.424
33.2	 101.1	 -0.071	 0.659
35.1	 101.1	 0.012	 0.388
36.9	 101.1	 -0.012	 0.341
38.7	 101.1	 -0.176	 0.353
40.5	 101.1	 -0.153	 0.400
42.3	 101.1	 0.000	 0.435
44.1	 101.1	 -0.129	 0.388
45.9	 101.1	 -0.153	 0.235
47.7	 101.1	 -0.235	 0.377
49.5	 101.1	 -0.141	 0.271
51.3	 101.1	 -0.118	 0.165
53.1	 101.1	 0.000	 0.082
54.9	 101.1	 -0.047	 0.012
56.7	 101.1	 -0.035	 -0.024
58.5	 101.1	 -0.012	 -0.188
60.4	 101.1	 -0.024	 -0.118
62.2	 101.1	 -0.024	 -0.141
64.0	 101.1	 0.047	 -0.165
65.8	 101.1	 0.188	 -0.059
67.6	 101.1	 -0.047	 -0.106
69.4	 101.1	 0.035	 -0.153
71.2	 101.1	 0.012	 -9.036
-1.2	 102.8	 -0.118	 7.530
0.7	 102.8	 0.000	 0.000
2.5	 102.8	 0.071	 -0.047
4.3	 102.8	 0.071	 -0.012
6.1	 102.8	 0.071	 0.094
7.9	 102.8	 0.118	 0.071
9.7	 102.8	 0.106	 0.094
11.6	 102.8	 0.071	 0.106
13.4	 102.8	 -0.071	 0.024
15.2	 102.8	 0.094	 0.106
17.0	 102.8	 0.118	 0.118
18.8	 102.8	 -0.035	 0.141
20.6	 102.8	 0.059	 0.188
22.4	 102.8	 0.094	 0.094
24.2	 102.8	 0.035	 0.129
26.0	 102.8	 -0.047	 0.271
27.8	 102.8	 -0.071	 0.377
29.6	 102.8	 -0.024	 0.494
31.4	 102.8	 -0.059	 0.435
33.2	 102.8	 -0.106	 0.518
35.1	 102.8	 -0.118	 0.471
36.9	 102.8	 -0.012	 0.635
38.7	 102.8	 0.024	 0.529
40.5	 102.8	 -0.035	 0.377
42.3	 102.8	 -0.024	 0.377
44.1	 102.8	 -0.024	 0.447
45.9	 102.8	 -0.282	 -0.024
47.7	 102.8	 -0.106	 0.506
49.5	 102.8	 -0.024	 0.224
51.3	 102.8	 -0.071	 0.247
53.1	 102.8	 0.035	 0.224
54.9	 102.8	 -0.094	 0.059
56.7	 102.8	 -0.082	 -0.035
58.5	 102.8	 -0.047	 -0.047
60.4	 102.8	 0.000	 -0.024
62.2	 102.8	 0.012	 -0.047
64.0	 102.8	 -0.106	 -0.141
65.8	 102.8	 0.047	 -0.153
67.6	 102.8	 -0.059	 -0.129
69.4	 102.8	 -0.024	 -0.412
71.2	 102.8	 -0.094	 7.530
-1.2	 104.7	 -0.377	 6.024
0.7	 104.7	 0.012	 -1.000
2.5	 104.7	 0.035	 0.082
4.3	 104.7	 0.082	 0.165
6.1	 104.7	 0.106	 0.106
7.9	 104.7	 0.059	 0.012
9.7	 104.7	 0.024	 0.082
11.6	 104.7	 0.024	 0.024
13.4	 104.7	 0.035	 0.094
15.2	 104.7	 0.047	 0.165
17.0	 104.7	 0.082	 0.118
18.8	 104.7	 0.106	 0.106
20.6	 104.7	 0.059	 0.129
22.4	 104.7	 0.106	 0.071
24.2	 104.7	 -0.106	 0.282
26.0	 104.7	 0.012	 0.235
27.8	 104.7	 -0.059	 0.482
29.6	 104.7	 -0.094	 0.518
31.4	 104.7	 -0.035	 0.529
33.2	 104.7	 -0.106	 0.400
35.1	 104.7	 -0.118	 0.482
36.9	 104.7	 -0.071	 0.588
38.7	 104.7	 -0.071	 0.435
40.5	 104.7	 -0.094	 0.318
42.3	 104.7	 -0.035	 0.377
44.1	 104.7	 0.024	 0.459
45.9	 104.7	 0.012	 0.306
47.7	 104.7	 -0.059	 0.388
49.5	 104.7	 -0.012	 0.129
51.3	 104.7	 -0.188	 0.188
53.1	 104.7	 -0.047	 0.035
54.9	 104.7	 -0.047	 0.000
56.7	 104.7	 0.035	 -0.071
58.5	 104.7	 0.024	 -0.106
60.4	 104.7	 0.071	 -0.106
62.2	 104.7	 0.035	 -0.106
64.0	 104.7	 -0.082	 -0.106
65.8	 104.7	 -0.059	 -0.118
67.6	 104.7	 -0.035	 -0.188
69.4	 104.7	 0.000	 -0.341
71.2	 104.7	 0.012	 10.542
-1.2	 106.5	 -0.082	 10.542
0.7	 106.5	 0.000	 0.000
2.5	 106.5	 0.035	 -0.141
4.3	 106.5	 0.082	 -0.012
6.1	 106.5	 0.024	 0.000
7.9	 106.5	 0.035	 0.094
9.7	 106.5	 0.094	 0.071
11.6	 106.5	 0.071	 0.176
13.4	 106.5	 0.059	 0.118
15.2	 106.5	 0.212	 0.094
17.0	 106.5	 0.106	 0.094
18.8	 106.5	 0.059	 0.035
20.6	 106.5	 0.082	 0.094
22.4	 106.5	 0.059	 0.200
24.2	 106.5	 0.059	 0.106
26.0	 106.5	 0.188	 0.129
27.8	 106.5	 -0.012	 0.529
29.6	 106.5	 0.047	 0.447
31.4	 106.5	 -0.047	 0.577
33.2	 106.5	 -0.153	 0.471
35.1	 106.5	 -0.082	 0.471
36.9	 106.5	 0.000	 0.541
38.7	 106.5	 -0.118	 0.494
40.5	 106.5	 -0.059	 0.435
42.3	 106.5	 -0.118	 0.294
44.1	 106.5	 -0.012	 0.388
45.9	 106.5	 0.000	 0.459
47.7	 106.5	 0.012	 0.294
49.5	 106.5	 -0.047	 0.400
51.3	 106.5	 0.082	 0.200
53.1	 106.5	 -0.024	 0.129
54.9	 106.5	 0.235	 0.000
56.7	 106.5	 0.012	 0.012
58.5	 106.5	 -0.012	 -0.071
60.4	 106.5	 0.118	 -0.082
62.2	 106.5	 0.035	 -0.059
64.0	 106.5	 -0.059	 -0.176
65.8	 106.5	 0.035	 -0.129
67.6	 106.5	 -0.129	 -0.176
69.4	 106.5	 -0.035	 -0.577
71.2	 106.5	 -4.471	 9.048
-1.2	 108.3	 -0.259	 10.542
0.7	 108.3	 0.000	 -0.624
2.5	 108.3	 -0.035	 0.035
4.3	 108.3	 0.047	 0.059
6.1	 108.3	 0.141	 -0.071
7.9	 108.3	 0.024	 0.035
9.7	 108.3	 0.141	 0.176
11.6	 108.3	 0.071	 0.118
13.4	 108.3	 -0.094	 0.035
15.2	 108.3	 0.094	 0.094
17.0	 108.3	 0.118	 0.024
18.8	 108.3	 -0.012	 0.188
20.6	 108.3	 0.000	 0.141
22.4	 108.3	 -0.024	 0.188
24.2	 108.3	 0.082	 0.259
26.0	 108.3	 0.235	 0.424
27.8	 108.3	 -0.059	 0.529
29.6	 108.3	 0.094	 0.377
31.4	 108.3	 0.082	 0.259
33.2	 108.3	 -0.153	 0.365
35.1	 108.3	 -0.118	 0.224
36.9	 108.3	 -0.082	 0.471
38.7	 108.3	 -0.165	 0.471
40.5	 108.3	 -0.047	 0.494
42.3	 108.3	 -0.024	 0.577
44.1	 108.3	 -0.094	 0.577
45.9	 108.3	 -0.106	 0.447
47.7	 108.3	 -0.047	 0.235
49.5	 108.3	 -0.141	 -0.082
51.3	 108.3	 -0.035	 -0.035
53.1	 108.3	 -0.047	 0.094
54.9	 108.3	 0.377	 0.000
56.7	 108.3	 -0.071	 -0.165
58.5	 108.3	 -0.082	 -0.012
60.4	 108.3	 0.035	 0.000
62.2	 108.3	 -0.012	 0.000
64.0	 108.3	 0.047	 -0.200
65.8	 108.3	 -0.012	 -0.082
67.6	 108.3	 -0.035	 -0.118
69.4	 108.3	 -0.035	 -0.565
71.2	 108.3	 0.471	 6.024
-1.2	 110.1	 -0.329	 9.036
0.7	 110.1	 -0.012	 -0.894
2.5	 110.1	 0.012	 0.094
4.3	 110.1	 0.000	 -0.047
6.1	 110.1	 0.035	 -0.059
7.9	 110.1	 0.024	 -0.024
9.7	 110.1	 0.047	 0.118
11.6	 110.1	 0.059	 0.106
13.4	 110.1	 -0.047	 0.035
15.2	 110.1	 -0.012	 0.188
17.0	 110.1	 0.000	 0.071
18.8	 110.1	 -0.059	 0.153
20.6	 110.1	 -0.024	 0.153
22.4	 110.1	 0.059	 0.294
24.2	 110.1	 0.059	 0.377
26.0	 110.1	 -0.024	 0.353
27.8	 110.1	 -0.094	 0.318
29.6	 110.1	 -0.059	 0.447
31.4	 110.1	 -0.024	 0.577
33.2	 110.1	 0.082	 0.541
35.1	 110.1	 0.165	 0.506
36.9	 110.1	 -0.035	 0.565
38.7	 110.1	 -0.224	 0.612
40.5	 110.1	 -0.047	 0.259
42.3	 110.1	 -0.082	 0.565
44.1	 110.1	 -0.059	 0.553
45.9	 110.1	 -0.224	 0.435
47.7	 110.1	 -0.035	 0.247
49.5	 110.1	 -0.094	 0.365
51.3	 110.1	 -0.035	 0.035
53.1	 110.1	 -0.071	 -0.129
54.9	 110.1	 -0.176	 0.129
56.7	 110.1	 0.024	 -0.035
58.5	 110.1	 0.035	 -0.153
60.4	 110.1	 0.059	 -0.165
62.2	 110.1	 0.047	 -0.106
64.0	 110.1	 -0.024	 -0.271
65.8	 110.1	 -0.024	 -0.200
67.6	 110.1	 -0.082	 -0.118
69.4	 110.1	 -0.106	 -0.212
71.2	 110.1	 -0.024	 -9.025
-1.2	 112.0	 -0.200	 7.530
0.7	 112.0	 0.000	 0.000
2.5	 112.0	 0.012	 0.024
4.3	 112.0	 -0.012	 0.000
6.1	 112.0	 0.035	 0.012
7.9	 112.0	 0.000	 -0.059
9.7	 112.0	 0.012	 0.106
11.6	 112.0	 0.118	 0.118
13.4	 112.0	 -0.012	 0.141
15.2	 112.0	 0.024	 0.118
17.0	 112.0	 -0.035	 0.118
18.8	 112.0	 0.059	 0.153
20.6	 112.0	 0.047	 0.247
22.4	 112.0	 0.000	 0.224
24.2	 112.0	 -0.035	 0.365
26.0	 112.0	 0.224	 0.529
27.8	 112.0	 0.129	 0.518
29.6	 112.0	 -0.106	 0.518
31.4	 112.0	 0.129	 0.482
33.2	 112.0	 0.153	 0.447
35.1	 112.0	 0.059	 0.341
36.9	 112.0	 0.047	 0.612
38.7	 112.0	 0.035	 0.377
40.5	 112.0	 -0.012	 0.424
42.3	 112.0	 -0.118	 0.424
44.1	 112.0	 0.024	 0.471
45.9	 112.0	 0.094	 0.271
47.7	 112.0	 0.071	 0.235
49.5	 112.0	 -0.047	 0.188
51.3	 112.0	 -0.047	 0.024
53.1	 112.0	 -0.094	 -0.012
54.9	 112.0	 -0.118	 0.165
56.7	 112.0	 -0.082	 0.118
58.5	 112.0	 -0.035	 0.035
60.4	 112.0	 0.012	 -0.153
62.2	 112.0	 -0.059	 -0.047
64.0	 112.0	 0.012	 -0.176
65.8	 112.0	 0.047	 -0.129
67.6	 112.0	 -0.059	 -0.129
69.4	 112.0	 -0.071	 -0.141
71.2	 112.0	 0.035	 -0.012
-1.2	 113.8	 -0.200	 -3.012
0.7	 113.8	 0.000	 0.000
2.5	 113.8	 -0.035	 0.000
4.3	 113.8	 0.035	 0.000
6.1	 113.8	 0.024	 -0.012
7.9	 113.8	 -0.024	 0.059
9.7	 113.8	 0.035	 0.106
11.6	 113.8	 0.012	 0.153
13.4	 113.8	 0.012	 0.165
15.2	 113.8	 -0.035	 0.118
17.0	 113.8	 -0.012	 0.188
18.8	 113.8	 0.188	 0.141
20.6	 113.8	 0.118	 0.141
22.4	 113.8	 -0.024	 0.247
24.2	 113.8	 0.047	 0.447
26.0	 113.8	 0.071	 0.529
27.8	 113.8	 0.094	 0.447
29.6	 113.8	 0.035	 0.529
31.4	 113.8	 0.024	 0.529
33.2	 113.8	 0.047	 0.577
35.1	 113.8	 0.047	 0.259
36.9	 113.8	 0.012	 0.259
38.7	 113.8	 0.047	 0.577
40.5	 113.8	 -0.035	 0.612
42.3	 113.8	 -0.094	 0.365
44.1	 113.8	 -0.012	 0.424
45.9	 113.8	 0.141	 0.306
47.7	 113.8	 0.024	 0.435
49.5	 113.8	 -0.012	 0.165
51.3	 113.8	 -0.012	 -0.024
53.1	 113.8	 -0.153	 0.259
54.9	 113.8	 0.024	 0.141
56.7	 113.8	 0.059	 -0.176
58.5	 113.8	 0.047	 -0.047
60.4	 113.8	 -0.024	 -0.188
62.2	 113.8	 -0.094	 -0.176
64.0	 113.8	 -0.059	 -0.153
65.8	 113.8	 -0.012	 -0.247
67.6	 113.8	 0.000	 -0.271
69.4	 113.8	 0.012	 -0.094
71.2	 113.8	 2.212	 10.554
-1.2	 115.6	 -0.306	 9.036
0.7	 115.6	 0.000	 0.000
2.5	 115.6	 -0.047	 -0.012
4.3	 115.6	 -0.047	 0.012
6.1	 115.6	 0.012	 -0.047
7.9	 115.6	 0.024	 0.141
9.7	 115.6	 -0.094	 0.153
11.6	 115.6	 0.024	 0.141
13.4	 115.6	 0.000	 0.141
15.2	 115.6	 -0.012	 0.106
17.0	 115.6	 0.047	 0.176
18.8	 115.6	 0.141	 0.176
20.6	 115.6	 0.176	 0.176
22.4	 115.6	 -0.024	 0.247
24.2	 115.6	 -0.024	 0.188
26.0	 115.6	 -0.012	 0.235
27.8	 115.6	 0.024	 0.459
29.6	 115.6	 0.071	 0.471
31.4	 115.6	 0.118	 0.518
33.2	 115.6	 -0.035	 0.294
35.1	 115.6	 0.094	 0.435
36.9	 115.6	 0.129	 0.518
38.7	 115.6	 0.106	 0.494
40.5	 115.6	 -0.118	 0.577
42.3	 115.6	 -0.165	 0.400
44.1	 115.6	 0.082	 0.329
45.9	 115.6	 0.000	 0.377
47.7	 115.6	 -0.024	 0.141
49.5	 115.6	 -0.047	 0.271
51.3	 115.6	 0.000	 0.106
53.1	 115.6	 -0.071	 0.129
54.9	 115.6	 -0.012	 -0.094
56.7	 115.6	 -0.071	 -0.012
58.5	 115.6	 0.094	 -0.035
60.4	 115.6	 0.188	 -0.188
62.2	 115.6	 0.000	 -0.176
64.0	 115.6	 0.024	 -0.071
65.8	 115.6	 -0.024	 -0.106
67.6	 115.6	 -0.024	 -0.153
69.4	 115.6	 0.000	 -0.435
71.2	 115.6	 -1.541	 10.531
-1.2	 117.3	 -0.200	 9.036
0.7	 117.3	 -0.012	 0.882
2.5	 117.3	 0.012	 -0.047
4.3	 117.3	 0.024	 -0.024
6.1	 117.3	 -0.047	 -0.024
7.9	 117.3	 -0.094	 0.153
9.7	 117.3	 -0.165	 0.129
11.6	 117.3	 -0.024	 0.059
13.4	 117.3	 -0.012	 0.071
15.2	 117.3	 0.000	 0.082
17.0	 117.3	 -0.024	 0.047
18.8	 117.3	 0.059	 0.094
20.6	 117.3	 0.035	 0.282
22.4	 117.3	 -0.024	 0.271
24.2	 117.3	 0.141	 0.282
26.0	 117.3	 0.035	 0.494
27.8	 117.3	 -0.059	 0.259
29.6	 117.3	 -0.059	 0.106
31.4	 117.3	 -0.012	 0.447
33.2	 117.3	 -0.024	 0.271
35.1	 117.3	 -0.059	 0.329
36.9	 117.3	 -0.212	 0.624
38.7	 117.3	 -0.153	 0.424
40.5	 117.3	 -0.024	 0.306
42.3	 117.3	 0.129	 0.482
44.1	 117.3	 0.012	 0.341
45.9	 117.3	 0.082	 0.518
47.7	 117.3	 0.012	 0.200
49.5	 117.3	 -0.047	 0.059
51.3	 117.3	 0.059	 0.094
53.1	 117.3	 -0.024	 0.129
54.9	 117.3	 -0.165	 0.106
56.7	 117.3	 -9.401	 -7.354
58.5	 117.3	 -0.012	 -0.082
60.4	 117.3	 0.259	 -0.071
62.2	 117.3	 0.059	 -0.118
64.0	 117.3	 0.012	 -0.118
65.8	 117.3	 0.012	 -0.118
67.6	 117.3	 -0.012	 -0.165
69.4	 117.3	 -0.012	 -0.294
71.2	 117.3	 -0.059	 9.025
-1.2	 119.2	 -0.200	 -3.012
0.7	 119.2	 0.000	 0.000
2.5	 119.2	 -0.047	 0.035
4.3	 119.2	 -0.024	 0.012
6.1	 119.2	 -0.200	 -0.047
7.9	 119.2	 -0.129	 0.012
9.7	 119.2	 -0.035	 -0.012
11.6	 119.2	 -0.071	 0.047
13.4	 119.2	 -0.106	 0.071
15.2	 119.2	 -0.047	 0.035
17.0	 119.2	 -0.071	 -0.024
18.8	 119.2	 -0.082	 0.235
20.6	 119.2	 0.106	 0.200
22.4	 119.2	 0.094	 0.318
24.2	 119.2	 -0.035	 0.271
26.0	 119.2	 0.094	 0.494
27.8	 119.2	 0.024	 0.541
29.6	 119.2	 0.047	 0.306
31.4	 119.2	 0.082	 0.400
33.2	 119.2	 -0.129	 0.482
35.1	 119.2	 -0.012	 0.541
36.9	 119.2	 0.165	 0.541
38.7	 119.2	 0.047	 0.447
40.5	 119.2	 0.059	 0.541
42.3	 119.2	 0.012	 0.447
44.1	 119.2	 -0.059	 0.459
45.9	 119.2	 0.024	 0.435
47.7	 119.2	 0.035	 0.224
49.5	 119.2	 0.094	 0.129
51.3	 119.2	 -0.059	 0.141
53.1	 119.2	 0.071	 0.153
54.9	 119.2	 -0.012	 0.024
56.7	 119.2	 0.059	 -0.047
58.5	 119.2	 0.059	 -0.141
60.4	 119.2	 0.106	 0.024
62.2	 119.2	 -0.012	 -0.047
64.0	 119.2	 0.000	 -0.118
65.8	 119.2	 0.012	 -0.094
67.6	 119.2	 -0.024	 -0.153
69.4	 119.2	 -0.012	 0.000
71.2	 119.2	 -0.024	 -3.012
-1.2	 121.0	 -0.224	 9.036
0.7	 121.0	 -0.071	 0.224
2.5	 121.0	 -0.047	 -0.035
4.3	 121.0	 -0.012	 0.000
6.1	 121.0	 0.012	 -0.035
7.9	 121.0	 -0.059	 0.012
9.7	 121.0	 -0.082	 0.012
11.6	 121.0	 -0.059	 0.047
13.4	 121.0	 -0.059	 0.047
15.2	 121.0	 0.012	 0.059
17.0	 121.0	 -0.047	 0.094
18.8	 121.0	 0.129	 0.329
20.6	 121.0	 0.035	 0.200
22.4	 121.0	 0.012	 0.188
24.2	 121.0	 -0.035	 0.329
26.0	 121.0	 0.071	 0.235
27.8	 121.0	 -0.035	 0.353
29.6	 121.0	 0.024	 0.459
31.4	 121.0	 -0.035	 0.541
33.2	 121.0	 -0.176	 0.541
35.1	 121.0	 -0.059	 0.494
36.9	 121.0	 0.047	 0.659
38.7	 121.0	 -0.129	 0.624
40.5	 121.0	 -0.012	 0.494
42.3	 121.0	 0.024	 0.635
44.1	 121.0	 0.012	 0.435
45.9	 121.0	 0.047	 0.141
47.7	 121.0	 -0.071	 0.247
49.5	 121.0	 -0.012	 0.165
51.3	 121.0	 -0.106	 0.000
53.1	 121.0	 0.188	 -0.035
54.9	 121.0	 0.141	 0.012
56.7	 121.0	 0.071	 -0.047
58.5	 121.0	 -0.071	 -0.082
60.4	 121.0	 -0.059	 -0.141
62.2	 121.0	 0.000	 -0.071
64.0	 121.0	 0.000	 -0.188
65.8	 121.0	 0.129	 -0.129
67.6	 121.0	 0.176	 -0.176
69.4	 121.0	 0.012	 0.000
71.2	 121.0	 -0.012	 -6.024
-1.2	 122.8	 -0.224	 6.024
0.7	 122.8	 0.071	 0.000
2.5	 122.8	 0.012	 0.059
4.3	 122.8	 -0.035	 0.000
6.1	 122.8	 -0.035	 -0.035
7.9	 122.8	 0.047	 -0.035
9.7	 122.8	 0.024	 0.035
11.6	 122.8	 -0.059	 0.035
13.4	 122.8	 -0.165	 0.000
15.2	 122.8	 -0.094	 0.129
17.0	 122.8	 -0.059	 0.176
18.8	 122.8	 0.024	 0.282
20.6	 122.8	 0.000	 0.176
22.4	 122.8	 -0.035	 0.271
24.2	 122.8	 -0.071	 0.341
26.0	 122.8	 -0.165	 0.435
27.8	 122.8	 -0.082	 0.365
29.6	 122.8	 -0.153	 0.565
31.4	 122.8	 -0.176	 0.624
33.2	 122.8	 -0.118	 0.365
35.1	 122.8	 0.000	 0.153
36.9	 122.8	 -0.082	 0.635
38.7	 122.8	 -0.106	 0.777
40.5	 122.8	 0.059	 0.553
42.3	 122.8	 -0.024	 0.565
44.1	 122.8	 0.024	 0.541
45.9	 122.8	 0.059	 0.082
47.7	 122.8	 -0.035	 0.200
49.5	 122.8	 -0.094	 0.294
51.3	 122.8	 0.047	 0.035
53.1	 122.8	 0.141	 -0.059
54.9	 122.8	 0.059	 0.024
56.7	 122.8	 0.024	 0.000
58.5	 122.8	 -0.082	 -0.188
60.4	 122.8	 0.000	 -0.071
62.2	 122.8	 0.024	 -0.047
64.0	 122.8	 -0.047	 -0.094
65.8	 122.8	 0.035	 -0.024
67.6	 122.8	 0.118	 -0.071
69.4	 122.8	 0.000	 -0.424
71.2	 122.8	 0.341	 9.036
-1.2	 124.6	 -0.318	 7.530
0.7	 124.6	 0.000	 0.000
2.5	 124.6	 -0.024	 -0.071
4.3	 124.6	 -0.024	 -0.094
6.1	 124.6	 0.024	 -0.047
7.9	 124.6	 0.082	 -0.024
9.7	 124.6	 -0.059	 0.024
11.6	 124.6	 -0.047	 0.000
13.4	 124.6	 -0.377	 0.035
15.2	 124.6	 -0.035	 0.071
17.0	 124.6	 -0.035	 0.082
18.8	 124.6	 -0.059	 0.188
20.6	 124.6	 -0.094	 0.388
22.4	 124.6	 -0.106	 0.294
24.2	 124.6	 -0.200	 0.365
26.0	 124.6	 -3.247	 -4.424
27.8	 124.6	 -0.059	 0.588
29.6	 124.6	 -0.200	 0.682
31.4	 124.6	 -0.176	 0.565
33.2	 124.6	 -0.094	 0.494
35.1	 124.6	 -0.035	 0.447
36.9	 124.6	 -0.118	 0.435
38.7	 124.6	 -0.153	 0.600
40.5	 124.6	 -0.106	 0.577
42.3	 124.6	 -0.082	 0.541
44.1	 124.6	 0.012	 0.341
45.9	 124.6	 0.059	 0.271
47.7	 124.6	 0.047	 0.235
49.5	 124.6	 0.047	 0.224
51.3	 124.6	 0.118	 0.212
53.1	 124.6	 0.129	 0.035
54.9	 124.6	 0.118	 0.012
56.7	 124.6	 0.082	 0.035
58.5	 124.6	 0.094	 -0.024
60.4	 124.6	 0.165	 -0.012
62.2	 124.6	 0.012	 -0.094
64.0	 124.6	 0.012	 -0.094
65.8	 124.6	 0.118	 -0.094
67.6	 124.6	 0.118	 -0.071
69.4	 124.6	 0.012	 -0.200
71.2	 124.6	 -5.965	 10.542
