-2.0	 50.5	 0.000	 0.000
-0.3	 50.5	 0.000	 0.000
1.5	 50.5	 -0.047	 0.035
3.3	 50.5	 -0.024	 -0.071
5.2	 50.5	 -0.012	 0.282
6.9	 50.5	 0.118	 0.353
8.8	 50.5	 0.059	 0.400
10.7	 50.5	 -0.012	 0.600
12.4	 50.5	 0.000	 0.577
14.2	 50.5	 0.129	 0.329
16.1	 50.5	 0.153	 0.694
17.9	 50.5	 0.094	 0.682
19.6	 50.5	 0.012	 0.577
21.4	 50.5	 0.094	 0.635
23.3	 50.5	 0.082	 0.812
25.1	 50.5	 0.118	 0.800
26.9	 50.5	 0.059	 0.882
28.6	 50.5	 -0.118	 0.953
30.5	 50.5	 -0.071	 0.824
32.3	 50.5	 -0.059	 0.988
34.1	 50.5	 -0.047	 0.835
36.0	 50.5	 -0.047	 0.859
37.8	 50.5	 -0.047	 0.941
39.5	 50.5	 0.118	 0.894
41.4	 50.5	 0.024	 0.824
43.1	 50.5	 0.035	 0.977
45.0	 50.5	 0.082	 0.871
46.8	 50.5	 0.024	 0.871
48.5	 50.5	 -0.082	 0.765
50.4	 50.5	 -0.071	 0.659
52.1	 50.5	 0.000	 0.788
54.0	 50.5	 0.000	 0.882
55.8	 50.5	 -0.047	 0.812
57.5	 50.5	 -0.106	 0.894
59.5	 50.5	 -0.035	 0.824
61.3	 50.5	 -0.071	 0.694
63.0	 50.5	 -0.082	 0.506
64.8	 50.5	 -0.094	 0.353
66.7	 50.5	 -0.071	 0.176
68.5	 50.5	 0.082	 0.377
70.3	 50.5	 0.000	 0.000
-2.0	 52.3	 0.000	 0.000
-0.3	 52.3	 0.000	 0.000
1.5	 52.3	 0.012	 0.388
3.3	 52.3	 -0.094	 -0.047
5.2	 52.3	 -0.082	 -0.071
6.9	 52.3	 -0.024	 0.188
8.8	 52.3	 0.035	 0.247
10.7	 52.3	 0.000	 0.529
12.4	 52.3	 -0.059	 0.447
14.2	 52.3	 0.024	 0.424
16.1	 52.3	 0.035	 0.447
17.9	 52.3	 0.047	 0.612
19.6	 52.3	 0.012	 0.624
21.4	 52.3	 -0.024	 0.624
23.3	 52.3	 -0.071	 0.871
25.1	 52.3	 0.059	 0.953
26.9	 52.3	 0.059	 0.941
28.6	 52.3	 -0.176	 1.012
30.5	 52.3	 0.012	 0.965
32.3	 52.3	 0.071	 0.918
34.1	 52.3	 -0.012	 0.965
36.0	 52.3	 -0.047	 0.906
37.8	 52.3	 0.071	 0.882
39.5	 52.3	 0.176	 0.965
41.4	 52.3	 0.047	 0.977
43.1	 52.3	 0.071	 0.847
45.0	 52.3	 0.082	 0.930
46.8	 52.3	 0.082	 0.918
48.5	 52.3	 0.047	 0.882
50.4	 52.3	 -0.059	 0.800
52.1	 52.3	 -0.082	 0.671
54.0	 52.3	 -0.059	 0.800
55.8	 52.3	 0.035	 1.082
57.5	 52.3	 -0.282	 1.165
59.5	 52.3	 -0.047	 0.953
61.3	 52.3	 -0.082	 0.541
63.0	 52.3	 -0.024	 0.118
64.8	 52.3	 -0.035	 0.129
66.7	 52.3	 0.035	 0.165
68.5	 52.3	 0.000	 0.000
70.3	 52.3	 0.000	 0.000
-2.0	 54.1	 0.000	 0.000
-0.3	 54.1	 -0.012	 1.047
1.5	 54.1	 -0.024	 0.047
3.3	 54.1	 -0.024	 0.094
5.2	 54.1	 -0.047	 0.129
6.9	 54.1	 -0.012	 0.129
8.8	 54.1	 -0.035	 0.447
10.7	 54.1	 -0.024	 0.612
12.4	 54.1	 0.024	 0.306
14.2	 54.1	 0.012	 0.424
16.1	 54.1	 0.024	 0.847
17.9	 54.1	 -0.047	 0.753
19.6	 54.1	 0.024	 0.682
21.4	 54.1	 -0.024	 0.800
23.3	 54.1	 -0.106	 0.671
25.1	 54.1	 -0.012	 0.753
26.9	 54.1	 -0.047	 0.812
28.6	 54.1	 -0.071	 1.024
30.5	 54.1	 -0.082	 1.071
32.3	 54.1	 0.024	 1.047
34.1	 54.1	 -0.071	 0.941
36.0	 54.1	 -0.212	 1.165
37.8	 54.1	 0.012	 1.082
39.5	 54.1	 0.224	 1.035
41.4	 54.1	 -0.024	 0.930
43.1	 54.1	 0.165	 1.082
45.0	 54.1	 0.071	 0.941
46.8	 54.1	 -0.035	 0.812
48.5	 54.1	 0.106	 0.859
50.4	 54.1	 0.094	 0.882
52.1	 54.1	 -0.059	 0.647
54.0	 54.1	 -0.012	 1.165
55.8	 54.1	 0.012	 1.000
57.5	 54.1	 -0.294	 0.894
59.5	 54.1	 -0.059	 0.635
61.3	 54.1	 -0.118	 0.377
63.0	 54.1	 -0.012	 0.224
64.8	 54.1	 0.024	 0.153
66.7	 54.1	 0.035	 0.188
68.5	 54.1	 0.000	 0.000
70.3	 54.1	 0.000	 0.000
-2.0	 55.9	 0.000	 0.000
-0.3	 55.9	 -0.035	 0.882
1.5	 55.9	 -0.059	 0.071
3.3	 55.9	 -0.035	 0.035
5.2	 55.9	 -0.118	 0.024
6.9	 55.9	 -0.035	 0.047
8.8	 55.9	 -0.071	 0.165
10.7	 55.9	 -0.212	 0.588
12.4	 55.9	 0.035	 0.635
14.2	 55.9	 -0.024	 0.388
16.1	 55.9	 0.118	 0.671
17.9	 55.9	 -0.071	 0.565
19.6	 55.9	 -0.071	 0.600
21.4	 55.9	 -0.059	 0.753
23.3	 55.9	 -0.106	 0.788
25.1	 55.9	 -0.082	 0.988
26.9	 55.9	 -0.024	 0.941
28.6	 55.9	 0.012	 0.847
30.5	 55.9	 -0.024	 0.953
32.3	 55.9	 -0.094	 1.177
34.1	 55.9	 -0.012	 0.847
36.0	 55.9	 -0.035	 1.071
37.8	 55.9	 -0.094	 1.177
39.5	 55.9	 0.165	 1.165
41.4	 55.9	 0.024	 1.106
43.1	 55.9	 -0.012	 0.930
45.0	 55.9	 -0.094	 0.765
46.8	 55.9	 0.094	 0.918
48.5	 55.9	 -0.059	 0.788
50.4	 55.9	 0.012	 0.729
52.1	 55.9	 0.035	 0.847
54.0	 55.9	 0.071	 0.930
55.8	 55.9	 0.012	 0.977
57.5	 55.9	 -0.153	 0.965
59.5	 55.9	 0.082	 0.600
61.3	 55.9	 0.024	 0.435
63.0	 55.9	 0.012	 0.377
64.8	 55.9	 0.059	 0.224
66.7	 55.9	 0.000	 0.176
68.5	 55.9	 0.000	 0.624
70.3	 55.9	 0.000	 0.000
-2.0	 57.7	 0.000	 0.000
-0.3	 57.7	 0.000	 0.000
1.5	 57.7	 -0.024	 0.129
3.3	 57.7	 -0.059	 0.000
5.2	 57.7	 -0.212	 0.012
6.9	 57.7	 -0.141	 0.153
8.8	 57.7	 0.000	 0.000
10.7	 57.7	 -0.188	 0.412
12.4	 57.7	 -0.129	 0.447
14.2	 57.7	 -0.153	 0.294
16.1	 57.7	 -0.141	 0.506
17.9	 57.7	 -0.012	 0.671
19.6	 57.7	 -0.118	 0.612
21.4	 57.7	 -0.165	 0.718
23.3	 57.7	 -0.094	 0.729
25.1	 57.7	 -0.071	 0.824
26.9	 57.7	 0.024	 0.906
28.6	 57.7	 -0.059	 0.965
30.5	 57.7	 -0.094	 1.153
32.3	 57.7	 0.000	 1.141
34.1	 57.7	 -0.024	 0.965
36.0	 57.7	 -0.082	 1.059
37.8	 57.7	 0.035	 1.188
39.5	 57.7	 0.118	 1.130
41.4	 57.7	 0.141	 1.094
43.1	 57.7	 -0.141	 1.035
45.0	 57.7	 -0.129	 0.977
46.8	 57.7	 0.082	 1.035
48.5	 57.7	 0.035	 1.012
50.4	 57.7	 -0.082	 0.835
52.1	 57.7	 -0.129	 0.741
54.0	 57.7	 -0.047	 0.965
55.8	 57.7	 -0.106	 1.082
57.5	 57.7	 -0.118	 0.729
59.5	 57.7	 -0.047	 0.553
61.3	 57.7	 -0.035	 0.482
63.0	 57.7	 0.047	 0.271
64.8	 57.7	 0.106	 0.271
66.7	 57.7	 0.000	 0.200
68.5	 57.7	 0.000	 0.000
70.3	 57.7	 0.000	 0.000
-2.0	 59.5	 0.000	 0.000
-0.3	 59.5	 0.000	 0.000
1.5	 59.5	 -0.035	 0.200
3.3	 59.5	 -0.082	 0.118
5.2	 59.5	 -0.282	 0.035
6.9	 59.5	 -0.318	 0.024
8.8	 59.5	 -0.224	 0.435
10.7	 59.5	 -0.165	 0.565
12.4	 59.5	 -0.212	 0.624
14.2	 59.5	 -0.306	 0.635
16.1	 59.5	 -0.153	 0.824
17.9	 59.5	 -0.082	 0.671
19.6	 59.5	 -0.106	 0.659
21.4	 59.5	 -0.071	 0.718
23.3	 59.5	 -0.106	 0.777
25.1	 59.5	 -0.129	 1.000
26.9	 59.5	 -0.012	 0.965
28.6	 59.5	 0.000	 1.047
30.5	 59.5	 0.071	 1.106
32.3	 59.5	 -0.024	 1.106
34.1	 59.5	 -0.106	 1.106
36.0	 59.5	 -0.024	 1.141
37.8	 59.5	 -0.141	 1.118
39.5	 59.5	 -0.082	 1.082
41.4	 59.5	 -0.165	 1.306
43.1	 59.5	 -0.071	 1.330
45.0	 59.5	 0.106	 1.188
46.8	 59.5	 -0.071	 0.977
48.5	 59.5	 0.188	 0.788
50.4	 59.5	 0.047	 0.659
52.1	 59.5	 -0.106	 0.977
54.0	 59.5	 -0.082	 0.965
55.8	 59.5	 -0.235	 0.859
57.5	 59.5	 -0.047	 0.788
59.5	 59.5	 -0.106	 0.447
61.3	 59.5	 -0.282	 0.377
63.0	 59.5	 0.012	 0.224
64.8	 59.5	 0.059	 0.400
66.7	 59.5	 0.059	 0.165
68.5	 59.5	 0.059	 0.494
70.3	 59.5	 0.000	 0.000
-2.0	 61.3	 0.000	 0.000
-0.3	 61.3	 0.000	 0.000
1.5	 61.3	 -0.071	 0.271
3.3	 61.3	 -0.165	 -0.082
5.2	 61.3	 -0.071	 0.035
6.9	 61.3	 -0.153	 0.082
8.8	 61.3	 -0.200	 0.377
10.7	 61.3	 -0.447	 0.824
12.4	 61.3	 -0.247	 0.588
14.2	 61.3	 -0.247	 0.777
16.1	 61.3	 -0.082	 0.812
17.9	 61.3	 -0.082	 0.612
19.6	 61.3	 -0.082	 0.682
21.4	 61.3	 -0.082	 0.682
23.3	 61.3	 0.000	 0.800
25.1	 61.3	 -0.176	 1.071
26.9	 61.3	 -0.094	 0.941
28.6	 61.3	 -0.082	 0.800
30.5	 61.3	 -0.059	 1.259
32.3	 61.3	 -0.200	 1.424
34.1	 61.3	 -0.082	 1.412
36.0	 61.3	 0.071	 1.283
37.8	 61.3	 0.024	 1.235
39.5	 61.3	 0.012	 1.330
41.4	 61.3	 -0.129	 1.271
43.1	 61.3	 -0.341	 1.247
45.0	 61.3	 0.047	 1.118
46.8	 61.3	 0.047	 1.141
48.5	 61.3	 0.094	 1.012
50.4	 61.3	 0.000	 0.930
52.1	 61.3	 -0.082	 1.012
54.0	 61.3	 -0.106	 0.788
55.8	 61.3	 -0.035	 0.882
57.5	 61.3	 -0.047	 0.741
59.5	 61.3	 -0.012	 0.471
61.3	 61.3	 -0.012	 0.412
63.0	 61.3	 -0.047	 0.353
64.8	 61.3	 0.035	 0.306
66.7	 61.3	 -0.024	 0.259
68.5	 61.3	 0.000	 0.459
70.3	 61.3	 0.000	 0.000
-2.0	 63.2	 0.000	 0.000
-0.3	 63.2	 0.000	 0.000
1.5	 63.2	 -0.024	 0.153
3.3	 63.2	 -0.047	 0.082
5.2	 63.2	 -0.153	 0.024
6.9	 63.2	 -0.306	 -0.071
8.8	 63.2	 -0.506	 0.565
10.7	 63.2	 -0.294	 0.553
12.4	 63.2	 -0.412	 0.353
14.2	 63.2	 -0.353	 0.882
16.1	 63.2	 -0.106	 0.741
17.9	 63.2	 -0.129	 0.624
19.6	 63.2	 -0.082	 0.694
21.4	 63.2	 -0.071	 0.800
23.3	 63.2	 -0.071	 0.765
25.1	 63.2	 -0.176	 1.153
26.9	 63.2	 0.000	 0.965
28.6	 63.2	 -0.106	 1.377
30.5	 63.2	 -0.129	 1.153
32.3	 63.2	 -0.024	 1.377
34.1	 63.2	 -0.106	 1.353
36.0	 63.2	 -0.094	 1.388
37.8	 63.2	 0.212	 1.506
39.5	 63.2	 0.000	 1.341
41.4	 63.2	 -0.024	 1.153
43.1	 63.2	 -0.012	 1.294
45.0	 63.2	 0.071	 1.283
46.8	 63.2	 0.024	 1.059
48.5	 63.2	 -0.059	 0.953
50.4	 63.2	 0.000	 0.000
52.1	 63.2	 -0.118	 0.847
54.0	 63.2	 0.094	 1.200
55.8	 63.2	 -0.047	 0.647
57.5	 63.2	 -0.024	 0.612
59.5	 63.2	 -0.012	 0.365
61.3	 63.2	 -0.024	 0.494
63.0	 63.2	 -0.024	 0.471
64.8	 63.2	 -0.129	 0.294
66.7	 63.2	 -0.212	 0.271
68.5	 63.2	 0.000	 0.000
70.3	 63.2	 0.000	 0.000
-2.0	 65.0	 0.000	 0.000
-0.3	 65.0	 0.000	 0.000
1.5	 65.0	 0.024	 0.035
3.3	 65.0	 0.000	 0.118
5.2	 65.0	 -0.106	 0.024
6.9	 65.0	 -0.129	 0.071
8.8	 65.0	 -0.377	 0.577
10.7	 65.0	 -0.235	 0.612
12.4	 65.0	 -0.165	 0.577
14.2	 65.0	 -0.035	 0.647
16.1	 65.0	 -0.212	 0.577
17.9	 65.0	 -0.153	 0.824
19.6	 65.0	 -0.153	 0.894
21.4	 65.0	 -0.047	 0.906
23.3	 65.0	 -0.082	 0.812
25.1	 65.0	 -0.024	 0.824
26.9	 65.0	 0.012	 0.882
28.6	 65.0	 -0.024	 1.035
30.5	 65.0	 -0.377	 1.553
32.3	 65.0	 -0.259	 1.388
34.1	 65.0	 -0.153	 1.400
36.0	 65.0	 0.247	 1.412
37.8	 65.0	 0.329	 1.400
39.5	 65.0	 0.094	 1.353
41.4	 65.0	 0.188	 1.224
43.1	 65.0	 0.047	 1.165
45.0	 65.0	 -0.094	 1.235
46.8	 65.0	 -0.200	 1.330
48.5	 65.0	 0.071	 0.835
50.4	 65.0	 0.059	 0.859
52.1	 65.0	 0.024	 1.141
54.0	 65.0	 -0.047	 1.494
55.8	 65.0	 -0.047	 0.906
57.5	 65.0	 -0.059	 0.941
59.5	 65.0	 -0.024	 0.494
61.3	 65.0	 -0.141	 0.353
63.0	 65.0	 0.000	 0.506
64.8	 65.0	 0.000	 0.271
66.7	 65.0	 -0.024	 0.400
68.5	 65.0	 0.000	 0.000
70.3	 65.0	 0.000	 0.000
-2.0	 66.8	 0.000	 0.000
-0.3	 66.8	 0.000	 0.000
1.5	 66.8	 0.000	 0.106
3.3	 66.8	 0.035	 0.094
5.2	 66.8	 0.000	 0.118
6.9	 66.8	 0.024	 0.282
8.8	 66.8	 -0.118	 0.424
10.7	 66.8	 -0.188	 0.612
12.4	 66.8	 -0.165	 0.647
14.2	 66.8	 -0.059	 0.518
16.1	 66.8	 -0.153	 0.729
17.9	 66.8	 -0.153	 0.859
19.6	 66.8	 -0.118	 0.835
21.4	 66.8	 0.012	 0.777
23.3	 66.8	 -0.094	 0.812
25.1	 66.8	 -0.059	 0.977
26.9	 66.8	 -0.153	 1.283
28.6	 66.8	 -0.059	 1.059
30.5	 66.8	 -0.176	 1.283
32.3	 66.8	 -0.224	 1.412
34.1	 66.8	 -0.153	 1.047
36.0	 66.8	 0.094	 1.082
37.8	 66.8	 0.071	 1.141
39.5	 66.8	 0.035	 1.259
41.4	 66.8	 0.153	 1.388
43.1	 66.8	 0.247	 1.365
45.0	 66.8	 0.071	 1.294
46.8	 66.8	 -0.200	 1.177
48.5	 66.8	 0.012	 1.059
50.4	 66.8	 0.071	 1.106
52.1	 66.8	 -0.012	 1.353
54.0	 66.8	 0.271	 1.330
55.8	 66.8	 0.188	 0.671
57.5	 66.8	 -0.118	 0.718
59.5	 66.8	 -0.059	 0.788
61.3	 66.8	 0.035	 0.577
63.0	 66.8	 -0.071	 0.412
64.8	 66.8	 0.165	 0.341
66.7	 66.8	 -0.024	 0.377
68.5	 66.8	 -0.047	 0.647
70.3	 66.8	 0.000	 0.000
-2.0	 68.6	 0.000	 0.000
-0.3	 68.6	 0.000	 0.000
1.5	 68.6	 0.000	 0.000
3.3	 68.6	 0.035	 0.118
5.2	 68.6	 -0.059	 0.106
6.9	 68.6	 -0.176	 0.341
8.8	 68.6	 -0.153	 0.447
10.7	 68.6	 -0.353	 0.494
12.4	 68.6	 -0.247	 0.577
14.2	 68.6	 -0.094	 0.765
16.1	 68.6	 -0.141	 0.682
17.9	 68.6	 -0.200	 0.800
19.6	 68.6	 -0.200	 0.788
21.4	 68.6	 -0.247	 0.918
23.3	 68.6	 -0.141	 1.165
25.1	 68.6	 -0.129	 1.341
26.9	 68.6	 -0.459	 1.294
28.6	 68.6	 -0.377	 1.541
30.5	 68.6	 -0.094	 1.412
32.3	 68.6	 -0.188	 1.188
34.1	 68.6	 -0.129	 1.283
36.0	 68.6	 -0.141	 1.318
37.8	 68.6	 -0.059	 1.271
39.5	 68.6	 0.153	 1.235
41.4	 68.6	 0.035	 1.283
43.1	 68.6	 0.000	 0.612
45.0	 68.6	 -0.012	 0.941
46.8	 68.6	 0.165	 1.377
48.5	 68.6	 -0.082	 1.412
50.4	 68.6	 -0.047	 0.871
52.1	 68.6	 0.035	 1.000
54.0	 68.6	 0.024	 1.118
55.8	 68.6	 -0.024	 0.577
57.5	 68.6	 0.165	 0.541
59.5	 68.6	 -0.059	 0.388
61.3	 68.6	 0.047	 0.494
63.0	 68.6	 0.035	 0.588
64.8	 68.6	 0.035	 0.459
66.7	 68.6	 0.047	 0.200
68.5	 68.6	 0.000	 0.000
70.3	 68.6	 0.000	 0.000
-2.0	 70.4	 0.000	 0.000
-0.3	 70.4	 0.000	 0.000
1.5	 70.4	 -0.012	 0.329
3.3	 70.4	 -0.035	 0.129
5.2	 70.4	 -0.071	 0.165
6.9	 70.4	 -0.365	 0.565
8.8	 70.4	 -0.282	 0.471
10.7	 70.4	 -0.247	 0.600
12.4	 70.4	 -0.400	 0.706
14.2	 70.4	 -0.176	 0.718
16.1	 70.4	 -0.165	 0.859
17.9	 70.4	 -0.200	 0.706
19.6	 70.4	 -0.294	 0.965
21.4	 70.4	 -0.341	 0.988
23.3	 70.4	 -0.094	 0.930
25.1	 70.4	 -0.176	 1.094
26.9	 70.4	 -0.341	 1.400
28.6	 70.4	 -0.235	 1.365
30.5	 70.4	 -0.224	 1.435
32.3	 70.4	 -0.165	 1.424
34.1	 70.4	 -0.176	 1.283
36.0	 70.4	 -0.141	 1.435
37.8	 70.4	 0.024	 1.494
39.5	 70.4	 0.012	 1.341
41.4	 70.4	 -0.059	 1.353
43.1	 70.4	 -0.200	 1.400
45.0	 70.4	 -0.106	 1.400
46.8	 70.4	 0.224	 1.388
48.5	 70.4	 -0.012	 1.000
50.4	 70.4	 -0.106	 0.871
52.1	 70.4	 -0.024	 0.694
54.0	 70.4	 -0.024	 1.177
55.8	 70.4	 -0.106	 1.141
57.5	 70.4	 0.094	 0.930
59.5	 70.4	 0.012	 0.706
61.3	 70.4	 0.012	 0.541
63.0	 70.4	 -0.012	 0.318
64.8	 70.4	 -0.082	 0.565
66.7	 70.4	 -0.035	 0.318
68.5	 70.4	 -0.012	 0.212
70.3	 70.4	 0.000	 0.000
-2.0	 72.2	 0.000	 0.000
-0.3	 72.2	 0.000	 0.000
1.5	 72.2	 -0.200	 0.600
3.3	 72.2	 -0.094	 0.329
5.2	 72.2	 -0.129	 0.129
6.9	 72.2	 -0.176	 0.129
8.8	 72.2	 -0.082	 0.306
10.7	 72.2	 -0.188	 0.518
12.4	 72.2	 -0.365	 0.541
14.2	 72.2	 -0.247	 0.671
16.1	 72.2	 -0.176	 0.812
17.9	 72.2	 -0.176	 0.718
19.6	 72.2	 -0.259	 0.824
21.4	 72.2	 -0.271	 0.977
23.3	 72.2	 -0.247	 1.047
25.1	 72.2	 -0.447	 1.271
26.9	 72.2	 -0.435	 1.341
28.6	 72.2	 -0.247	 1.424
30.5	 72.2	 -0.200	 1.424
32.3	 72.2	 -0.188	 1.483
34.1	 72.2	 -0.165	 1.530
36.0	 72.2	 -0.118	 1.388
37.8	 72.2	 -0.106	 1.400
39.5	 72.2	 0.024	 1.412
41.4	 72.2	 -0.035	 1.271
43.1	 72.2	 0.059	 1.506
45.0	 72.2	 -0.024	 1.294
46.8	 72.2	 -0.047	 1.283
48.5	 72.2	 0.012	 1.082
50.4	 72.2	 0.071	 0.965
52.1	 72.2	 -0.024	 0.659
54.0	 72.2	 -0.012	 1.082
55.8	 72.2	 -0.106	 1.377
57.5	 72.2	 0.118	 0.930
59.5	 72.2	 0.024	 0.824
61.3	 72.2	 0.035	 0.565
63.0	 72.2	 0.000	 0.459
64.8	 72.2	 0.024	 0.506
66.7	 72.2	 -0.024	 0.471
68.5	 72.2	 0.000	 0.000
70.3	 72.2	 0.000	 0.000
-2.0	 74.0	 0.000	 0.000
-0.3	 74.0	 0.000	 0.000
1.5	 74.0	 0.000	 0.176
3.3	 74.0	 -0.106	 0.529
5.2	 74.0	 -0.165	 0.176
6.9	 74.0	 -0.176	 0.176
8.8	 74.0	 -0.129	 0.365
10.7	 74.0	 -0.224	 0.577
12.4	 74.0	 -0.200	 0.541
14.2	 74.0	 -0.235	 0.612
16.1	 74.0	 -0.024	 0.518
17.9	 74.0	 -0.235	 0.930
19.6	 74.0	 -0.365	 0.930
21.4	 74.0	 -0.435	 0.988
23.3	 74.0	 -0.400	 1.259
25.1	 74.0	 -0.459	 1.435
26.9	 74.0	 -0.435	 1.400
28.6	 74.0	 -0.459	 1.459
30.5	 74.0	 -0.494	 1.412
32.3	 74.0	 -0.094	 1.577
34.1	 74.0	 -0.141	 1.483
36.0	 74.0	 -0.012	 1.459
37.8	 74.0	 0.094	 1.483
39.5	 74.0	 0.212	 1.541
41.4	 74.0	 -0.165	 1.106
43.1	 74.0	 -0.118	 1.188
45.0	 74.0	 -0.024	 1.400
46.8	 74.0	 -0.259	 1.188
48.5	 74.0	 -0.259	 1.153
50.4	 74.0	 -0.153	 0.835
52.1	 74.0	 -0.082	 0.647
54.0	 74.0	 0.035	 0.812
55.8	 74.0	 -0.153	 1.212
57.5	 74.0	 -0.024	 0.753
59.5	 74.0	 0.000	 0.718
61.3	 74.0	 0.118	 0.718
63.0	 74.0	 0.094	 0.435
64.8	 74.0	 -0.012	 0.365
66.7	 74.0	 0.059	 0.447
68.5	 74.0	 0.000	 0.000
70.3	 74.0	 0.000	 0.000
-2.0	 75.8	 0.000	 0.000
-0.3	 75.8	 0.000	 0.000
1.5	 75.8	 -0.024	 0.541
3.3	 75.8	 -0.094	 0.341
5.2	 75.8	 -0.212	 0.388
6.9	 75.8	 -0.118	 0.259
8.8	 75.8	 -0.153	 0.212
10.7	 75.8	 -0.294	 0.553
12.4	 75.8	 -0.129	 0.706
14.2	 75.8	 -0.141	 0.706
16.1	 75.8	 -0.247	 0.718
17.9	 75.8	 -0.165	 0.882
19.6	 75.8	 -0.059	 0.965
21.4	 75.8	 0.094	 0.788
23.3	 75.8	 -0.647	 1.330
25.1	 75.8	 -0.353	 0.835
26.9	 75.8	 -0.329	 1.235
28.6	 75.8	 -0.341	 1.341
30.5	 75.8	 -0.129	 1.318
32.3	 75.8	 -0.188	 1.494
34.1	 75.8	 -0.165	 1.518
36.0	 75.8	 -0.094	 1.624
37.8	 75.8	 0.024	 1.588
39.5	 75.8	 -0.012	 1.377
41.4	 75.8	 0.000	 1.330
43.1	 75.8	 0.071	 1.165
45.0	 75.8	 0.129	 1.059
46.8	 75.8	 0.165	 1.318
48.5	 75.8	 -0.024	 1.000
50.4	 75.8	 0.141	 0.941
52.1	 75.8	 0.012	 1.059
54.0	 75.8	 -0.082	 0.894
55.8	 75.8	 -0.141	 0.988
57.5	 75.8	 -0.106	 0.824
59.5	 75.8	 0.012	 0.659
61.3	 75.8	 0.071	 0.706
63.0	 75.8	 0.047	 0.529
64.8	 75.8	 0.024	 0.718
66.7	 75.8	 0.082	 0.435
68.5	 75.8	 0.012	 0.918
70.3	 75.8	 0.000	 0.000
-2.0	 77.6	 0.000	 0.000
-0.3	 77.6	 0.024	 -0.977
1.5	 77.6	 0.012	 0.329
3.3	 77.6	 -0.071	 0.294
5.2	 77.6	 -0.141	 0.306
6.9	 77.6	 -0.306	 0.459
8.8	 77.6	 -0.200	 0.494
10.7	 77.6	 -0.459	 0.871
12.4	 77.6	 -0.153	 0.741
14.2	 77.6	 -0.106	 0.659
16.1	 77.6	 -0.212	 0.718
17.9	 77.6	 -0.082	 0.494
19.6	 77.6	 -0.212	 0.777
21.4	 77.6	 -0.094	 0.847
23.3	 77.6	 0.012	 0.930
25.1	 77.6	 -0.094	 1.047
26.9	 77.6	 -0.482	 1.235
28.6	 77.6	 -0.200	 1.271
30.5	 77.6	 -0.318	 1.200
32.3	 77.6	 -0.377	 1.471
34.1	 77.6	 -0.035	 1.424
36.0	 77.6	 -0.165	 1.353
37.8	 77.6	 -0.047	 1.647
39.5	 77.6	 0.012	 1.412
41.4	 77.6	 -0.059	 1.318
43.1	 77.6	 0.035	 1.200
45.0	 77.6	 -0.047	 1.235
46.8	 77.6	 -0.047	 1.118
48.5	 77.6	 -0.047	 1.118
50.4	 77.6	 -0.129	 1.141
52.1	 77.6	 -0.129	 1.200
54.0	 77.6	 -0.071	 0.906
55.8	 77.6	 -0.012	 1.106
57.5	 77.6	 0.153	 0.812
59.5	 77.6	 0.118	 0.741
61.3	 77.6	 0.071	 0.624
63.0	 77.6	 0.106	 0.247
64.8	 77.6	 -0.153	 0.494
66.7	 77.6	 -0.035	 0.377
68.5	 77.6	 -0.047	 0.812
70.3	 77.6	 0.000	 0.000
-2.0	 79.4	 0.000	 0.000
-0.3	 79.4	 0.000	 0.000
1.5	 79.4	 0.047	 0.400
3.3	 79.4	 -0.071	 0.329
5.2	 79.4	 -0.059	 0.247
6.9	 79.4	 -0.388	 0.659
8.8	 79.4	 -0.235	 0.565
10.7	 79.4	 -0.224	 0.577
12.4	 79.4	 -0.188	 0.447
14.2	 79.4	 -0.294	 0.553
16.1	 79.4	 -0.212	 0.588
17.9	 79.4	 -0.141	 0.682
19.6	 79.4	 -0.247	 0.988
21.4	 79.4	 -0.224	 0.894
23.3	 79.4	 -0.118	 0.812
25.1	 79.4	 -0.129	 0.918
26.9	 79.4	 -0.188	 1.412
28.6	 79.4	 -0.200	 1.294
30.5	 79.4	 -0.518	 1.353
32.3	 79.4	 -0.306	 1.388
34.1	 79.4	 -0.165	 1.447
36.0	 79.4	 -0.329	 1.400
37.8	 79.4	 -0.059	 1.400
39.5	 79.4	 -0.012	 1.506
41.4	 79.4	 0.094	 1.577
43.1	 79.4	 0.024	 1.577
45.0	 79.4	 -0.035	 1.212
46.8	 79.4	 0.000	 1.153
48.5	 79.4	 -0.035	 1.235
50.4	 79.4	 0.000	 1.094
52.1	 79.4	 -0.059	 1.118
54.0	 79.4	 0.012	 0.918
55.8	 79.4	 0.012	 0.871
57.5	 79.4	 0.141	 0.741
59.5	 79.4	 -0.024	 0.635
61.3	 79.4	 0.035	 0.647
63.0	 79.4	 -0.094	 0.400
64.8	 79.4	 -0.012	 0.424
66.7	 79.4	 -0.059	 0.259
68.5	 79.4	 -0.012	 0.565
70.3	 79.4	 0.000	 0.000
-2.0	 81.2	 0.000	 0.000
-0.3	 81.2	 0.000	 0.000
1.5	 81.2	 -0.024	 0.341
3.3	 81.2	 -0.141	 0.459
5.2	 81.2	 -0.059	 0.529
6.9	 81.2	 -0.035	 0.212
8.8	 81.2	 -0.082	 0.235
10.7	 81.2	 -0.353	 0.400
12.4	 81.2	 -0.094	 0.318
14.2	 81.2	 -0.200	 0.612
16.1	 81.2	 -0.129	 0.718
17.9	 81.2	 -0.118	 0.647
19.6	 81.2	 -0.259	 0.847
21.4	 81.2	 -0.188	 0.824
23.3	 81.2	 -0.235	 0.835
25.1	 81.2	 -0.212	 1.071
26.9	 81.2	 -0.235	 1.259
28.6	 81.2	 0.082	 1.094
30.5	 81.2	 -0.435	 1.365
32.3	 81.2	 -0.035	 1.341
34.1	 81.2	 -0.200	 1.271
36.0	 81.2	 -0.176	 1.188
37.8	 81.2	 -0.024	 1.247
39.5	 81.2	 -0.035	 1.330
41.4	 81.2	 -0.047	 1.483
43.1	 81.2	 -0.035	 1.483
45.0	 81.2	 -0.153	 1.306
46.8	 81.2	 0.035	 0.800
48.5	 81.2	 -0.047	 1.059
50.4	 81.2	 -0.035	 1.035
52.1	 81.2	 0.118	 1.059
54.0	 81.2	 0.071	 0.706
55.8	 81.2	 0.024	 0.918
57.5	 81.2	 0.129	 0.777
59.5	 81.2	 0.047	 0.600
61.3	 81.2	 0.059	 0.659
63.0	 81.2	 -0.082	 0.577
64.8	 81.2	 -0.047	 0.435
66.7	 81.2	 -0.047	 0.541
68.5	 81.2	 -0.035	 0.741
70.3	 81.2	 0.000	 0.000
-2.0	 83.0	 0.000	 0.000
-0.3	 83.0	 0.000	 0.000
1.5	 83.0	 0.035	 0.706
3.3	 83.0	 -0.035	 0.388
5.2	 83.0	 0.035	 0.341
6.9	 83.0	 0.059	 0.341
8.8	 83.0	 0.000	 0.271
10.7	 83.0	 -0.306	 0.541
12.4	 83.0	 -0.400	 0.447
14.2	 83.0	 -0.129	 0.706
16.1	 83.0	 -0.035	 0.741
17.9	 83.0	 -0.094	 0.588
19.6	 83.0	 -0.271	 0.859
21.4	 83.0	 -0.224	 0.930
23.3	 83.0	 -0.129	 0.882
25.1	 83.0	 -0.247	 0.718
26.9	 83.0	 -0.212	 1.024
28.6	 83.0	 -0.247	 1.294
30.5	 83.0	 -0.012	 1.247
32.3	 83.0	 -0.141	 1.494
34.1	 83.0	 -0.106	 1.553
36.0	 83.0	 -0.165	 1.706
37.8	 83.0	 -0.282	 1.518
39.5	 83.0	 -0.212	 1.271
41.4	 83.0	 0.035	 1.330
43.1	 83.0	 -0.012	 1.235
45.0	 83.0	 -0.071	 1.412
46.8	 83.0	 0.118	 1.035
48.5	 83.0	 0.212	 1.212
50.4	 83.0	 0.082	 1.212
52.1	 83.0	 0.118	 0.847
54.0	 83.0	 0.000	 0.694
55.8	 83.0	 0.012	 0.812
57.5	 83.0	 -0.071	 0.812
59.5	 83.0	 -0.153	 0.788
61.3	 83.0	 -0.059	 0.765
63.0	 83.0	 0.094	 0.635
64.8	 83.0	 -0.059	 0.400
66.7	 83.0	 -0.012	 0.294
68.5	 83.0	 0.000	 0.000
70.3	 83.0	 0.000	 0.000
-2.0	 84.8	 0.000	 0.000
-0.3	 84.8	 0.000	 0.000
1.5	 84.8	 -0.094	 0.471
3.3	 84.8	 -0.141	 0.435
5.2	 84.8	 0.024	 0.388
6.9	 84.8	 -0.082	 0.471
8.8	 84.8	 -0.094	 0.482
10.7	 84.8	 -0.176	 0.518
12.4	 84.8	 -0.129	 0.482
14.2	 84.8	 -0.106	 0.777
16.1	 84.8	 -0.059	 0.577
17.9	 84.8	 -0.235	 0.729
19.6	 84.8	 -0.518	 0.871
21.4	 84.8	 -0.224	 0.800
23.3	 84.8	 -0.059	 0.847
25.1	 84.8	 -0.235	 0.788
26.9	 84.8	 -0.153	 1.106
28.6	 84.8	 -0.294	 1.247
30.5	 84.8	 0.000	 1.130
32.3	 84.8	 -0.212	 1.071
34.1	 84.8	 -0.082	 1.377
36.0	 84.8	 -0.024	 1.318
37.8	 84.8	 -0.071	 1.412
39.5	 84.8	 0.059	 1.330
41.4	 84.8	 0.129	 1.247
43.1	 84.8	 0.141	 1.365
45.0	 84.8	 0.200	 1.330
46.8	 84.8	 0.000	 1.071
48.5	 84.8	 0.235	 1.141
50.4	 84.8	 0.082	 1.118
52.1	 84.8	 0.059	 0.953
54.0	 84.8	 0.071	 0.800
55.8	 84.8	 0.071	 0.835
57.5	 84.8	 0.212	 0.847
59.5	 84.8	 0.235	 1.035
61.3	 84.8	 0.141	 0.906
63.0	 84.8	 0.059	 0.647
64.8	 84.8	 -0.071	 0.506
66.7	 84.8	 0.012	 0.529
68.5	 84.8	 -0.012	 0.682
70.3	 84.8	 0.000	 0.000
-2.0	 86.7	 0.000	 0.000
-0.3	 86.7	 0.000	 0.000
1.5	 86.7	 -0.024	 0.188
3.3	 86.7	 -0.212	 0.388
5.2	 86.7	 -0.047	 0.447
6.9	 86.7	 -0.129	 0.224
8.8	 86.7	 -0.059	 0.565
10.7	 86.7	 -0.082	 0.541
12.4	 86.7	 -0.129	 0.588
14.2	 86.7	 -0.294	 0.612
16.1	 86.7	 -0.365	 0.706
17.9	 86.7	 -0.294	 0.671
19.6	 86.7	 -0.494	 0.706
21.4	 86.7	 -0.271	 0.777
23.3	 86.7	 -0.082	 0.859
25.1	 86.7	 -0.094	 0.906
26.9	 86.7	 -0.129	 1.059
28.6	 86.7	 -0.212	 1.047
30.5	 86.7	 -0.024	 0.906
32.3	 86.7	 -0.129	 1.200
34.1	 86.7	 -0.035	 1.318
36.0	 86.7	 -0.047	 1.353
37.8	 86.7	 -0.106	 1.318
39.5	 86.7	 0.071	 1.235
41.4	 86.7	 0.024	 0.965
43.1	 86.7	 0.129	 1.294
45.0	 86.7	 0.188	 1.318
46.8	 86.7	 0.259	 1.400
48.5	 86.7	 0.176	 1.059
50.4	 86.7	 0.106	 1.071
52.1	 86.7	 0.141	 0.812
54.0	 86.7	 0.035	 0.788
55.8	 86.7	 0.118	 0.729
57.5	 86.7	 0.047	 0.682
59.5	 86.7	 0.129	 0.835
61.3	 86.7	 -0.024	 0.777
63.0	 86.7	 -0.047	 0.659
64.8	 86.7	 -0.047	 0.471
66.7	 86.7	 -0.047	 0.518
68.5	 86.7	 0.024	 0.741
70.3	 86.7	 0.000	 0.000
-2.0	 88.5	 0.000	 0.000
-0.3	 88.5	 0.071	 -1.094
1.5	 88.5	 0.094	 0.388
3.3	 88.5	 0.047	 0.247
5.2	 88.5	 -0.082	 0.329
6.9	 88.5	 -0.282	 0.435
8.8	 88.5	 -0.165	 0.318
10.7	 88.5	 -0.153	 0.318
12.4	 88.5	 0.000	 0.165
14.2	 88.5	 -0.165	 0.588
16.1	 88.5	 -0.294	 0.765
17.9	 88.5	 -0.200	 0.647
19.6	 88.5	 -0.118	 0.835
21.4	 88.5	 -0.129	 0.788
23.3	 88.5	 -0.153	 0.788
25.1	 88.5	 -0.129	 0.718
26.9	 88.5	 -0.200	 1.177
28.6	 88.5	 -0.024	 1.059
30.5	 88.5	 -0.082	 1.012
32.3	 88.5	 -0.106	 1.012
34.1	 88.5	 -0.035	 1.306
36.0	 88.5	 -0.129	 1.247
37.8	 88.5	 0.141	 1.377
39.5	 88.5	 0.247	 1.459
41.4	 88.5	 -0.094	 1.259
43.1	 88.5	 0.188	 1.388
45.0	 88.5	 0.329	 1.259
46.8	 88.5	 0.047	 1.212
48.5	 88.5	 0.094	 1.000
50.4	 88.5	 -0.024	 0.800
52.1	 88.5	 0.047	 0.953
54.0	 88.5	 0.024	 0.965
55.8	 88.5	 0.012	 0.729
57.5	 88.5	 0.035	 0.718
59.5	 88.5	 0.094	 0.777
61.3	 88.5	 -0.071	 0.753
63.0	 88.5	 -0.012	 0.718
64.8	 88.5	 -0.024	 0.647
66.7	 88.5	 -0.118	 0.541
68.5	 88.5	 -0.035	 0.953
70.3	 88.5	 0.000	 0.000
-2.0	 90.3	 0.000	 0.000
-0.3	 90.3	 0.000	 0.000
1.5	 90.3	 0.035	 0.341
3.3	 90.3	 0.035	 0.471
5.2	 90.3	 -0.106	 0.282
6.9	 90.3	 -0.318	 0.459
8.8	 90.3	 -0.329	 0.447
10.7	 90.3	 -0.212	 0.588
12.4	 90.3	 -0.247	 0.365
14.2	 90.3	 -0.106	 0.494
16.1	 90.3	 -0.259	 0.894
17.9	 90.3	 -0.212	 0.671
19.6	 90.3	 -0.094	 0.624
21.4	 90.3	 -0.153	 0.671
23.3	 90.3	 -0.082	 0.494
25.1	 90.3	 -0.129	 0.800
26.9	 90.3	 -0.129	 0.859
28.6	 90.3	 -0.141	 0.824
30.5	 90.3	 -0.141	 0.953
32.3	 90.3	 -0.165	 1.024
34.1	 90.3	 -0.188	 0.930
36.0	 90.3	 0.024	 1.024
37.8	 90.3	 0.118	 1.153
39.5	 90.3	 0.141	 1.130
41.4	 90.3	 0.082	 1.259
43.1	 90.3	 0.118	 1.294
45.0	 90.3	 0.259	 1.212
46.8	 90.3	 0.106	 1.188
48.5	 90.3	 -0.024	 0.977
50.4	 90.3	 0.094	 1.200
52.1	 90.3	 0.153	 1.071
54.0	 90.3	 0.188	 0.977
55.8	 90.3	 0.106	 0.859
57.5	 90.3	 -0.035	 0.918
59.5	 90.3	 0.000	 0.706
61.3	 90.3	 0.012	 0.541
63.0	 90.3	 0.000	 0.306
64.8	 90.3	 -0.082	 0.353
66.7	 90.3	 -0.071	 0.294
68.5	 90.3	 0.000	 0.000
70.3	 90.3	 0.000	 0.000
-2.0	 92.0	 0.000	 0.000
-0.3	 92.0	 0.000	 0.000
1.5	 92.0	 0.000	 0.000
3.3	 92.0	 -0.012	 0.271
5.2	 92.0	 -0.059	 0.329
6.9	 92.0	 -0.141	 0.318
8.8	 92.0	 -0.306	 0.259
10.7	 92.0	 -0.047	 0.471
12.4	 92.0	 -0.153	 0.706
14.2	 92.0	 -0.153	 0.600
16.1	 92.0	 -0.224	 0.447
17.9	 92.0	 -0.188	 0.565
19.6	 92.0	 -0.165	 0.788
21.4	 92.0	 -0.118	 0.659
23.3	 92.0	 -0.059	 0.788
25.1	 92.0	 -0.094	 0.871
26.9	 92.0	 -0.129	 1.177
28.6	 92.0	 -0.141	 0.800
30.5	 92.0	 -0.094	 1.000
32.3	 92.0	 -0.047	 1.141
34.1	 92.0	 -0.141	 1.071
36.0	 92.0	 -0.071	 1.271
37.8	 92.0	 -0.212	 1.153
39.5	 92.0	 0.012	 0.988
41.4	 92.0	 0.024	 1.047
43.1	 92.0	 0.071	 1.024
45.0	 92.0	 0.094	 1.118
46.8	 92.0	 0.082	 1.000
48.5	 92.0	 0.106	 1.141
50.4	 92.0	 0.129	 1.106
52.1	 92.0	 0.224	 0.882
54.0	 92.0	 0.188	 0.859
55.8	 92.0	 0.082	 0.635
57.5	 92.0	 0.082	 0.706
59.5	 92.0	 0.035	 0.706
61.3	 92.0	 -0.035	 0.777
63.0	 92.0	 -0.071	 0.612
64.8	 92.0	 -0.012	 0.424
66.7	 92.0	 -0.059	 0.435
68.5	 92.0	 -0.059	 0.765
70.3	 92.0	 0.000	 0.000
-2.0	 93.8	 0.000	 0.000
-0.3	 93.8	 0.059	 -0.859
1.5	 93.8	 -0.071	 0.624
3.3	 93.8	 -0.118	 0.471
5.2	 93.8	 -0.059	 0.388
6.9	 93.8	 0.000	 0.341
8.8	 93.8	 -0.059	 0.447
10.7	 93.8	 -0.059	 0.282
12.4	 93.8	 -0.094	 0.471
14.2	 93.8	 -0.153	 0.447
16.1	 93.8	 -0.271	 0.506
17.9	 93.8	 -0.141	 0.612
19.6	 93.8	 -0.129	 0.800
21.4	 93.8	 -0.294	 0.741
23.3	 93.8	 -0.282	 0.953
25.1	 93.8	 -0.247	 0.812
26.9	 93.8	 -0.153	 0.859
28.6	 93.8	 -0.082	 0.777
30.5	 93.8	 -0.047	 1.177
32.3	 93.8	 -0.059	 1.000
34.1	 93.8	 -0.012	 1.118
36.0	 93.8	 0.106	 0.930
37.8	 93.8	 -0.141	 0.941
39.5	 93.8	 -0.188	 1.059
41.4	 93.8	 0.035	 1.035
43.1	 93.8	 0.129	 1.071
45.0	 93.8	 0.165	 1.294
46.8	 93.8	 0.059	 1.059
48.5	 93.8	 0.024	 0.977
50.4	 93.8	 0.129	 1.012
52.1	 93.8	 0.071	 0.729
54.0	 93.8	 0.176	 0.906
55.8	 93.8	 0.141	 0.941
57.5	 93.8	 0.118	 0.859
59.5	 93.8	 -0.141	 0.788
61.3	 93.8	 -0.012	 0.729
63.0	 93.8	 0.082	 0.800
64.8	 93.8	 0.071	 0.741
66.7	 93.8	 -0.012	 0.577
68.5	 93.8	 0.000	 0.000
70.3	 93.8	 0.000	 0.000
-2.0	 95.7	 0.000	 0.000
-0.3	 95.7	 0.000	 0.000
1.5	 95.7	 0.012	 0.694
3.3	 95.7	 0.012	 0.577
5.2	 95.7	 0.000	 0.412
6.9	 95.7	 -0.035	 0.271
8.8	 95.7	 -0.047	 0.318
10.7	 95.7	 -0.165	 0.365
12.4	 95.7	 0.024	 0.365
14.2	 95.7	 -0.129	 0.424
16.1	 95.7	 -0.188	 0.624
17.9	 95.7	 -0.188	 0.777
19.6	 95.7	 -0.247	 0.835
21.4	 95.7	 -0.176	 0.718
23.3	 95.7	 -0.153	 0.824
25.1	 95.7	 -0.188	 0.824
26.9	 95.7	 -0.188	 0.741
28.6	 95.7	 -0.118	 0.729
30.5	 95.7	 0.071	 0.930
32.3	 95.7	 -0.047	 1.118
34.1	 95.7	 -0.047	 1.188
36.0	 95.7	 0.035	 1.047
37.8	 95.7	 -0.059	 1.118
39.5	 95.7	 -0.012	 1.141
41.4	 95.7	 -0.012	 0.977
43.1	 95.7	 0.059	 1.059
45.0	 95.7	 -0.012	 1.059
46.8	 95.7	 0.000	 0.965
48.5	 95.7	 0.129	 1.035
50.4	 95.7	 0.106	 0.859
52.1	 95.7	 0.071	 0.871
54.0	 95.7	 0.118	 0.824
55.8	 95.7	 0.000	 0.835
57.5	 95.7	 0.094	 0.777
59.5	 95.7	 0.082	 0.765
61.3	 95.7	 0.012	 0.647
63.0	 95.7	 0.035	 0.541
64.8	 95.7	 0.047	 0.624
66.7	 95.7	 -0.035	 0.647
68.5	 95.7	 0.012	 0.906
70.3	 95.7	 0.000	 0.000
-2.0	 97.5	 0.000	 0.000
-0.3	 97.5	 0.000	 0.000
1.5	 97.5	 -0.024	 0.447
3.3	 97.5	 0.035	 0.329
5.2	 97.5	 0.035	 0.412
6.9	 97.5	 -0.035	 0.294
8.8	 97.5	 0.035	 0.188
10.7	 97.5	 -0.071	 0.176
12.4	 97.5	 -0.094	 0.377
14.2	 97.5	 -0.059	 0.353
16.1	 97.5	 -0.212	 0.659
17.9	 97.5	 -0.153	 0.647
19.6	 97.5	 -0.165	 0.682
21.4	 97.5	 -0.271	 0.777
23.3	 97.5	 -0.059	 0.718
25.1	 97.5	 -0.141	 0.800
26.9	 97.5	 -0.129	 0.894
28.6	 97.5	 -0.071	 0.882
30.5	 97.5	 -0.118	 0.965
32.3	 97.5	 -0.153	 1.012
34.1	 97.5	 -0.082	 0.988
36.0	 97.5	 -0.047	 1.082
37.8	 97.5	 0.024	 0.930
39.5	 97.5	 -0.012	 0.871
41.4	 97.5	 0.059	 0.682
43.1	 97.5	 0.071	 0.729
45.0	 97.5	 0.059	 1.118
46.8	 97.5	 0.082	 1.094
48.5	 97.5	 0.129	 1.130
50.4	 97.5	 0.153	 0.918
52.1	 97.5	 0.000	 0.706
54.0	 97.5	 0.118	 0.777
55.8	 97.5	 0.094	 0.741
57.5	 97.5	 0.035	 0.659
59.5	 97.5	 0.082	 0.565
61.3	 97.5	 -0.012	 0.941
63.0	 97.5	 -0.024	 0.706
64.8	 97.5	 0.035	 0.682
66.7	 97.5	 0.000	 0.647
68.5	 97.5	 -0.012	 0.659
70.3	 97.5	 0.000	 0.000
-2.0	 99.3	 0.000	 0.000
-0.3	 99.3	 0.035	 -1.024
1.5	 99.3	 -0.012	 0.365
3.3	 99.3	 0.035	 0.400
5.2	 99.3	 -0.071	 0.388
6.9	 99.3	 -0.035	 0.306
8.8	 99.3	 -0.106	 0.282
10.7	 99.3	 0.000	 0.282
12.4	 99.3	 -0.094	 0.318
14.2	 99.3	 -0.129	 0.435
16.1	 99.3	 -0.165	 0.518
17.9	 99.3	 -0.200	 0.706
19.6	 99.3	 -0.294	 0.741
21.4	 99.3	 -0.212	 0.765
23.3	 99.3	 -0.094	 0.753
25.1	 99.3	 -0.024	 0.741
26.9	 99.3	 -0.059	 0.847
28.6	 99.3	 -0.082	 0.800
30.5	 99.3	 -0.129	 0.765
32.3	 99.3	 -0.106	 0.753
34.1	 99.3	 -0.106	 0.941
36.0	 99.3	 -0.118	 0.988
37.8	 99.3	 -0.035	 0.788
39.5	 99.3	 0.094	 0.765
41.4	 99.3	 0.047	 1.024
43.1	 99.3	 0.024	 1.047
45.0	 99.3	 -0.012	 0.824
46.8	 99.3	 -0.059	 0.706
48.5	 99.3	 -0.094	 0.788
50.4	 99.3	 -0.071	 0.894
52.1	 99.3	 -0.047	 0.718
54.0	 99.3	 0.071	 0.706
55.8	 99.3	 0.141	 0.824
57.5	 99.3	 0.129	 0.694
59.5	 99.3	 0.047	 0.624
61.3	 99.3	 -0.024	 0.718
63.0	 99.3	 -0.024	 0.753
64.8	 99.3	 0.024	 0.706
66.7	 99.3	 -0.012	 0.718
68.5	 99.3	 0.035	 0.577
70.3	 99.3	 0.000	 0.000
-2.0	 101.1	 0.000	 0.000
-0.3	 101.1	 0.035	 -1.035
1.5	 101.1	 -0.012	 0.635
3.3	 101.1	 0.047	 0.353
5.2	 101.1	 -0.012	 0.424
6.9	 101.1	 0.059	 0.400
8.8	 101.1	 -0.012	 0.271
10.7	 101.1	 -0.082	 0.471
12.4	 101.1	 -0.059	 0.424
14.2	 101.1	 -0.118	 0.341
16.1	 101.1	 -0.082	 0.506
17.9	 101.1	 -0.094	 0.812
19.6	 101.1	 -0.165	 0.565
21.4	 101.1	 -0.118	 0.729
23.3	 101.1	 -0.082	 0.577
25.1	 101.1	 -0.071	 0.659
26.9	 101.1	 -0.024	 0.529
28.6	 101.1	 -0.118	 0.777
30.5	 101.1	 0.012	 0.824
32.3	 101.1	 -0.035	 0.718
34.1	 101.1	 -0.035	 0.800
36.0	 101.1	 -0.141	 0.906
37.8	 101.1	 -0.106	 0.788
39.5	 101.1	 0.165	 0.847
41.4	 101.1	 -0.082	 0.930
43.1	 101.1	 0.024	 0.777
45.0	 101.1	 -0.012	 0.965
46.8	 101.1	 -0.153	 0.835
48.5	 101.1	 0.047	 0.918
50.4	 101.1	 0.012	 0.871
52.1	 101.1	 0.000	 0.930
54.0	 101.1	 0.071	 0.800
55.8	 101.1	 -0.035	 0.812
57.5	 101.1	 0.035	 0.777
59.5	 101.1	 0.059	 0.647
61.3	 101.1	 -0.059	 0.624
63.0	 101.1	 0.000	 0.647
64.8	 101.1	 0.071	 0.388
66.7	 101.1	 0.047	 0.635
68.5	 101.1	 0.024	 0.612
70.3	 101.1	 0.000	 0.000
-2.0	 102.8	 0.000	 0.000
-0.3	 102.8	 0.059	 -0.953
1.5	 102.8	 -0.059	 0.565
3.3	 102.8	 0.024	 0.424
5.2	 102.8	 -0.094	 0.506
6.9	 102.8	 0.082	 0.471
8.8	 102.8	 -0.082	 0.482
10.7	 102.8	 -0.153	 0.682
12.4	 102.8	 -0.082	 0.577
14.2	 102.8	 -0.153	 0.377
16.1	 102.8	 -0.129	 0.459
17.9	 102.8	 -0.200	 0.459
19.6	 102.8	 -0.106	 0.635
21.4	 102.8	 -0.106	 0.718
23.3	 102.8	 -0.118	 0.800
25.1	 102.8	 -0.012	 0.765
26.9	 102.8	 -0.106	 0.753
28.6	 102.8	 -0.071	 0.765
30.5	 102.8	 -0.129	 1.024
32.3	 102.8	 -0.082	 0.800
34.1	 102.8	 -0.094	 0.824
36.0	 102.8	 -0.188	 0.894
37.8	 102.8	 -0.153	 0.906
39.5	 102.8	 0.012	 0.930
41.4	 102.8	 0.000	 0.906
43.1	 102.8	 -0.012	 0.824
45.0	 102.8	 0.106	 0.930
46.8	 102.8	 0.082	 0.977
48.5	 102.8	 0.141	 0.894
50.4	 102.8	 0.071	 0.718
52.1	 102.8	 0.094	 0.753
54.0	 102.8	 -0.153	 0.777
55.8	 102.8	 -0.035	 0.671
57.5	 102.8	 0.024	 0.824
59.5	 102.8	 0.000	 0.565
61.3	 102.8	 0.071	 0.612
63.0	 102.8	 0.035	 0.753
64.8	 102.8	 0.035	 0.588
66.7	 102.8	 -0.082	 0.588
68.5	 102.8	 -0.035	 0.694
70.3	 102.8	 0.000	 0.000
-2.0	 104.7	 0.000	 0.000
-0.3	 104.7	 0.000	 0.000
1.5	 104.7	 -0.082	 0.224
3.3	 104.7	 -0.071	 0.377
5.2	 104.7	 -0.106	 0.459
6.9	 104.7	 0.118	 0.482
8.8	 104.7	 0.059	 0.447
10.7	 104.7	 -0.165	 0.565
12.4	 104.7	 -0.059	 0.518
14.2	 104.7	 -0.306	 0.588
16.1	 104.7	 -0.082	 0.400
17.9	 104.7	 -0.153	 0.541
19.6	 104.7	 -0.165	 0.600
21.4	 104.7	 -0.047	 0.600
23.3	 104.7	 -0.106	 0.694
25.1	 104.7	 0.024	 0.812
26.9	 104.7	 -0.176	 0.682
28.6	 104.7	 -0.059	 0.588
30.5	 104.7	 -0.153	 0.800
32.3	 104.7	 -0.094	 0.894
34.1	 104.7	 -0.071	 0.788
36.0	 104.7	 -0.141	 0.894
37.8	 104.7	 -0.212	 0.800
39.5	 104.7	 -0.035	 0.835
41.4	 104.7	 -0.059	 0.941
43.1	 104.7	 -0.106	 0.918
45.0	 104.7	 -0.047	 0.965
46.8	 104.7	 -0.035	 0.882
48.5	 104.7	 0.082	 0.694
50.4	 104.7	 0.035	 0.706
52.1	 104.7	 0.024	 0.647
54.0	 104.7	 0.082	 0.435
55.8	 104.7	 -0.071	 0.494
57.5	 104.7	 0.047	 0.659
59.5	 104.7	 0.059	 0.706
61.3	 104.7	 -0.094	 0.553
63.0	 104.7	 -0.059	 0.753
64.8	 104.7	 0.000	 0.624
66.7	 104.7	 -0.012	 0.729
68.5	 104.7	 -0.035	 0.824
70.3	 104.7	 0.000	 0.000
-2.0	 106.5	 0.000	 0.000
-0.3	 106.5	 0.106	 -1.318
1.5	 106.5	 -0.024	 0.329
3.3	 106.5	 -0.082	 0.341
5.2	 106.5	 -0.071	 0.459
6.9	 106.5	 0.024	 0.341
8.8	 106.5	 -0.094	 0.400
10.7	 106.5	 -0.212	 0.577
12.4	 106.5	 -0.129	 0.600
14.2	 106.5	 -0.141	 0.518
16.1	 106.5	 -0.071	 0.624
17.9	 106.5	 -0.071	 0.588
19.6	 106.5	 -0.153	 0.565
21.4	 106.5	 -0.165	 0.518
23.3	 106.5	 -0.165	 0.647
25.1	 106.5	 -0.082	 0.494
26.9	 106.5	 -0.047	 0.765
28.6	 106.5	 0.024	 0.682
30.5	 106.5	 -0.188	 0.741
32.3	 106.5	 -0.212	 0.729
34.1	 106.5	 -0.129	 0.729
36.0	 106.5	 -0.129	 0.800
37.8	 106.5	 0.000	 0.824
39.5	 106.5	 0.000	 0.894
41.4	 106.5	 -0.012	 0.835
43.1	 106.5	 -0.035	 0.824
45.0	 106.5	 -0.141	 0.953
46.8	 106.5	 -0.024	 0.918
48.5	 106.5	 0.000	 0.847
50.4	 106.5	 0.059	 0.718
52.1	 106.5	 0.059	 0.847
54.0	 106.5	 0.035	 0.659
55.8	 106.5	 -0.094	 0.671
57.5	 106.5	 0.106	 0.706
59.5	 106.5	 0.094	 0.694
61.3	 106.5	 0.012	 0.647
63.0	 106.5	 -0.082	 0.635
64.8	 106.5	 -0.071	 0.565
66.7	 106.5	 0.059	 0.706
68.5	 106.5	 0.000	 0.729
70.3	 106.5	 0.000	 0.000
-2.0	 108.3	 0.000	 0.000
-0.3	 108.3	 0.000	 0.000
1.5	 108.3	 0.012	 0.565
3.3	 108.3	 -0.082	 0.459
5.2	 108.3	 0.000	 0.412
6.9	 108.3	 -0.106	 0.482
8.8	 108.3	 0.000	 0.482
10.7	 108.3	 -0.106	 0.529
12.4	 108.3	 -0.059	 0.612
14.2	 108.3	 -0.059	 0.553
16.1	 108.3	 -0.059	 0.435
17.9	 108.3	 -0.071	 0.318
19.6	 108.3	 -0.071	 0.565
21.4	 108.3	 -0.012	 0.718
23.3	 108.3	 -0.024	 0.835
25.1	 108.3	 -0.071	 0.682
26.9	 108.3	 -0.235	 0.706
28.6	 108.3	 -0.118	 0.706
30.5	 108.3	 -0.094	 0.718
32.3	 108.3	 -0.200	 0.671
34.1	 108.3	 -0.035	 0.788
36.0	 108.3	 -0.176	 0.824
37.8	 108.3	 -0.047	 0.718
39.5	 108.3	 -0.153	 0.847
41.4	 108.3	 -0.071	 0.765
43.1	 108.3	 -0.024	 0.682
45.0	 108.3	 0.012	 0.647
46.8	 108.3	 -0.047	 0.706
48.5	 108.3	 -0.047	 0.788
50.4	 108.3	 -0.035	 0.812
52.1	 108.3	 -0.118	 0.718
54.0	 108.3	 -0.047	 0.788
55.8	 108.3	 -0.082	 0.694
57.5	 108.3	 0.035	 0.800
59.5	 108.3	 0.000	 0.847
61.3	 108.3	 -0.024	 0.682
63.0	 108.3	 -0.141	 0.671
64.8	 108.3	 -0.094	 0.718
66.7	 108.3	 0.024	 0.635
68.5	 108.3	 -0.024	 0.624
70.3	 108.3	 0.000	 0.000
-2.0	 110.1	 0.000	 0.000
-0.3	 110.1	 0.047	 -1.635
1.5	 110.1	 -0.012	 0.518
3.3	 110.1	 0.000	 0.518
5.2	 110.1	 0.000	 0.553
6.9	 110.1	 0.059	 0.459
8.8	 110.1	 0.000	 0.459
10.7	 110.1	 -0.094	 0.494
12.4	 110.1	 -0.094	 0.518
14.2	 110.1	 -0.118	 0.412
16.1	 110.1	 -0.024	 0.365
17.9	 110.1	 0.000	 0.000
19.6	 110.1	 -0.082	 0.388
21.4	 110.1	 -0.059	 0.459
23.3	 110.1	 -0.047	 0.482
25.1	 110.1	 -0.176	 0.706
26.9	 110.1	 -0.259	 0.647
28.6	 110.1	 -0.153	 0.624
30.5	 110.1	 -0.106	 0.682
32.3	 110.1	 -0.212	 0.788
34.1	 110.1	 -0.118	 0.753
36.0	 110.1	 -0.165	 0.729
37.8	 110.1	 -0.024	 0.800
39.5	 110.1	 -0.106	 0.882
41.4	 110.1	 -0.071	 0.718
43.1	 110.1	 -0.106	 0.659
45.0	 110.1	 0.000	 0.882
46.8	 110.1	 -0.141	 0.847
48.5	 110.1	 -0.106	 0.824
50.4	 110.1	 -0.071	 0.659
52.1	 110.1	 0.047	 0.600
54.0	 110.1	 -0.024	 0.741
55.8	 110.1	 -0.012	 0.753
57.5	 110.1	 -0.035	 0.777
59.5	 110.1	 0.082	 0.671
61.3	 110.1	 0.000	 0.800
63.0	 110.1	 -0.012	 0.706
64.8	 110.1	 -0.059	 0.588
66.7	 110.1	 0.012	 0.565
68.5	 110.1	 -0.082	 0.588
70.3	 110.1	 0.000	 0.000
-2.0	 112.0	 0.000	 0.000
-0.3	 112.0	 0.000	 0.000
1.5	 112.0	 0.059	 0.671
3.3	 112.0	 0.071	 0.224
5.2	 112.0	 0.082	 0.506
6.9	 112.0	 -0.059	 0.718
8.8	 112.0	 0.024	 0.612
10.7	 112.0	 -0.153	 0.553
12.4	 112.0	 -0.082	 0.565
14.2	 112.0	 0.024	 0.353
16.1	 112.0	 -0.329	 0.588
17.9	 112.0	 -0.153	 0.529
19.6	 112.0	 -0.106	 0.647
21.4	 112.0	 -0.082	 0.706
23.3	 112.0	 -0.118	 0.612
25.1	 112.0	 -0.141	 0.541
26.9	 112.0	 -0.176	 0.635
28.6	 112.0	 0.012	 0.647
30.5	 112.0	 0.118	 0.741
32.3	 112.0	 -0.129	 0.682
34.1	 112.0	 -0.094	 0.671
36.0	 112.0	 -0.129	 0.800
37.8	 112.0	 -0.153	 0.765
39.5	 112.0	 -0.047	 0.682
41.4	 112.0	 -0.059	 0.753
43.1	 112.0	 -0.094	 0.871
45.0	 112.0	 0.000	 0.800
46.8	 112.0	 -0.059	 0.918
48.5	 112.0	 -0.059	 0.753
50.4	 112.0	 -0.094	 0.741
52.1	 112.0	 -0.059	 0.788
54.0	 112.0	 -0.118	 0.706
55.8	 112.0	 0.012	 0.694
57.5	 112.0	 -0.059	 0.671
59.5	 112.0	 -0.082	 0.694
61.3	 112.0	 0.082	 0.788
63.0	 112.0	 -0.035	 0.753
64.8	 112.0	 -0.082	 0.624
66.7	 112.0	 -0.024	 0.600
68.5	 112.0	 0.024	 0.824
70.3	 112.0	 0.000	 -0.012
-2.0	 113.8	 0.000	 0.000
-0.3	 113.8	 0.000	 0.000
1.5	 113.8	 0.082	 0.600
3.3	 113.8	 0.012	 0.471
5.2	 113.8	 0.035	 0.435
6.9	 113.8	 0.047	 0.529
8.8	 113.8	 -0.106	 0.388
10.7	 113.8	 -0.047	 0.624
12.4	 113.8	 -0.188	 0.741
14.2	 113.8	 -0.035	 0.541
16.1	 113.8	 -0.153	 0.577
17.9	 113.8	 0.000	 0.000
19.6	 113.8	 0.094	 0.588
21.4	 113.8	 0.012	 0.577
23.3	 113.8	 -0.129	 0.577
25.1	 113.8	 -0.553	 0.224
26.9	 113.8	 -0.141	 0.612
28.6	 113.8	 0.035	 0.906
30.5	 113.8	 -0.047	 0.824
32.3	 113.8	 -0.035	 0.882
34.1	 113.8	 -0.129	 0.706
36.0	 113.8	 -0.059	 0.741
37.8	 113.8	 -0.012	 0.765
39.5	 113.8	 -0.071	 0.741
41.4	 113.8	 -0.059	 0.777
43.1	 113.8	 0.059	 0.894
45.0	 113.8	 -0.094	 0.729
46.8	 113.8	 -0.071	 0.718
48.5	 113.8	 -0.012	 0.718
50.4	 113.8	 -0.071	 0.624
52.1	 113.8	 -0.035	 0.706
54.0	 113.8	 -0.071	 0.718
55.8	 113.8	 0.094	 0.718
57.5	 113.8	 0.012	 0.671
59.5	 113.8	 -0.059	 0.729
61.3	 113.8	 -0.012	 0.741
63.0	 113.8	 -0.024	 0.624
64.8	 113.8	 -0.059	 0.577
66.7	 113.8	 0.082	 0.624
68.5	 113.8	 0.071	 0.694
70.3	 113.8	 0.000	 0.000
-2.0	 115.6	 0.000	 0.000
-0.3	 115.6	 0.035	 1.106
1.5	 115.6	 -0.024	 0.482
3.3	 115.6	 -0.024	 0.541
5.2	 115.6	 0.118	 0.694
6.9	 115.6	 0.059	 0.577
8.8	 115.6	 -0.047	 0.518
10.7	 115.6	 -0.118	 0.553
12.4	 115.6	 -0.153	 0.471
14.2	 115.6	 0.024	 0.282
16.1	 115.6	 -0.118	 0.588
17.9	 115.6	 -0.024	 0.447
19.6	 115.6	 -0.059	 0.518
21.4	 115.6	 -0.012	 0.377
23.3	 115.6	 -0.082	 0.682
25.1	 115.6	 -0.106	 0.729
26.9	 115.6	 -0.235	 0.600
28.6	 115.6	 -0.153	 0.624
30.5	 115.6	 -0.188	 0.647
32.3	 115.6	 -0.188	 0.741
34.1	 115.6	 -0.106	 0.777
36.0	 115.6	 -0.094	 0.765
37.8	 115.6	 -0.106	 0.847
39.5	 115.6	 -0.141	 0.882
41.4	 115.6	 -0.165	 1.000
43.1	 115.6	 -0.024	 0.835
45.0	 115.6	 0.035	 0.765
46.8	 115.6	 -0.153	 0.835
48.5	 115.6	 -0.200	 0.835
50.4	 115.6	 -0.094	 0.765
52.1	 115.6	 -0.012	 0.953
54.0	 115.6	 -0.094	 1.024
55.8	 115.6	 0.035	 0.800
57.5	 115.6	 0.035	 0.682
59.5	 115.6	 0.024	 0.718
61.3	 115.6	 0.012	 0.659
63.0	 115.6	 -0.059	 0.518
64.8	 115.6	 0.118	 0.659
66.7	 115.6	 -0.094	 0.718
68.5	 115.6	 0.000	 0.612
70.3	 115.6	 0.000	 0.000
-2.0	 117.3	 0.000	 0.000
-0.3	 117.3	 0.000	 0.000
1.5	 117.3	 -0.035	 0.565
3.3	 117.3	 -0.012	 0.565
5.2	 117.3	 0.047	 0.518
6.9	 117.3	 0.024	 0.541
8.8	 117.3	 -0.047	 0.435
10.7	 117.3	 -0.247	 0.541
12.4	 117.3	 -0.106	 0.471
14.2	 117.3	 0.153	 0.435
16.1	 117.3	 0.106	 0.506
17.9	 117.3	 -0.094	 0.412
19.6	 117.3	 -0.153	 0.459
21.4	 117.3	 0.212	 0.647
23.3	 117.3	 0.012	 0.588
25.1	 117.3	 -0.071	 0.624
26.9	 117.3	 -0.106	 0.353
28.6	 117.3	 -0.212	 0.577
30.5	 117.3	 -0.035	 0.624
32.3	 117.3	 -0.176	 0.706
34.1	 117.3	 -0.188	 0.788
36.0	 117.3	 -0.118	 0.788
37.8	 117.3	 -0.082	 0.812
39.5	 117.3	 0.106	 0.800
41.4	 117.3	 0.024	 0.553
43.1	 117.3	 -0.059	 0.624
45.0	 117.3	 -0.176	 0.788
46.8	 117.3	 0.047	 0.824
48.5	 117.3	 -0.106	 0.941
50.4	 117.3	 -0.071	 0.812
52.1	 117.3	 0.094	 0.659
54.0	 117.3	 0.212	 0.812
55.8	 117.3	 0.106	 0.706
57.5	 117.3	 0.012	 0.694
59.5	 117.3	 -0.024	 0.765
61.3	 117.3	 0.012	 0.777
63.0	 117.3	 0.000	 0.835
64.8	 117.3	 -0.082	 0.800
66.7	 117.3	 -0.212	 0.824
68.5	 117.3	 -0.047	 0.694
70.3	 117.3	 0.000	 0.000
-2.0	 119.2	 0.000	 0.000
-0.3	 119.2	 0.000	 0.000
1.5	 119.2	 -0.047	 0.588
3.3	 119.2	 0.035	 0.659
5.2	 119.2	 0.118	 0.541
6.9	 119.2	 0.118	 0.588
8.8	 119.2	 -0.035	 0.435
10.7	 119.2	 0.141	 0.447
12.4	 119.2	 -0.082	 0.282
14.2	 119.2	 -0.141	 0.153
16.1	 119.2	 0.165	 0.577
17.9	 119.2	 0.071	 0.553
19.6	 119.2	 0.118	 0.494
21.4	 119.2	 -0.106	 0.259
23.3	 119.2	 -0.176	 0.341
25.1	 119.2	 -0.047	 0.541
26.9	 119.2	 -0.059	 0.553
28.6	 119.2	 -0.082	 0.647
30.5	 119.2	 -0.047	 0.565
32.3	 119.2	 -0.035	 0.647
34.1	 119.2	 -0.247	 0.753
36.0	 119.2	 0.000	 0.000
37.8	 119.2	 0.094	 0.965
39.5	 119.2	 0.118	 0.694
41.4	 119.2	 0.094	 0.659
43.1	 119.2	 0.035	 0.765
45.0	 119.2	 -0.047	 0.600
46.8	 119.2	 0.012	 0.471
48.5	 119.2	 -0.176	 0.682
50.4	 119.2	 -0.082	 0.753
52.1	 119.2	 0.024	 0.612
54.0	 119.2	 0.153	 0.753
55.8	 119.2	 0.024	 0.753
57.5	 119.2	 -0.012	 0.765
59.5	 119.2	 0.012	 0.941
61.3	 119.2	 0.035	 0.788
63.0	 119.2	 -0.059	 0.800
64.8	 119.2	 -0.071	 0.718
66.7	 119.2	 0.000	 0.729
68.5	 119.2	 -0.035	 0.824
70.3	 119.2	 0.000	 0.000
-2.0	 121.0	 0.000	 0.000
-0.3	 121.0	 0.000	 0.000
1.5	 121.0	 0.035	 0.424
3.3	 121.0	 0.024	 0.482
5.2	 121.0	 0.047	 0.471
6.9	 121.0	 0.024	 0.753
8.8	 121.0	 -0.024	 0.588
10.7	 121.0	 0.035	 0.647
12.4	 121.0	 -0.082	 0.588
14.2	 121.0	 -0.176	 0.459
16.1	 121.0	 0.094	 0.365
17.9	 121.0	 0.082	 0.424
19.6	 121.0	 0.000	 0.000
21.4	 121.0	 -0.082	 0.553
23.3	 121.0	 0.153	 0.612
25.1	 121.0	 0.000	 0.588
26.9	 121.0	 -0.059	 0.765
28.6	 121.0	 0.000	 0.000
30.5	 121.0	 -0.106	 0.424
32.3	 121.0	 -0.141	 0.388
34.1	 121.0	 -0.024	 0.800
36.0	 121.0	 -0.059	 0.824
37.8	 121.0	 -0.329	 0.647
39.5	 121.0	 -0.024	 0.765
41.4	 121.0	 -0.106	 0.729
43.1	 121.0	 -0.141	 0.741
45.0	 121.0	 0.012	 0.847
46.8	 121.0	 0.000	 0.777
48.5	 121.0	 0.094	 0.635
50.4	 121.0	 -0.024	 0.777
52.1	 121.0	 -0.012	 0.706
54.0	 121.0	 -0.035	 0.765
55.8	 121.0	 -0.047	 0.753
57.5	 121.0	 0.106	 0.682
59.5	 121.0	 0.082	 0.753
61.3	 121.0	 0.024	 0.965
63.0	 121.0	 0.000	 0.753
64.8	 121.0	 -0.035	 0.659
66.7	 121.0	 0.071	 0.835
68.5	 121.0	 0.082	 0.765
70.3	 121.0	 0.000	 0.000
-2.0	 122.8	 0.000	 0.000
-0.3	 122.8	 0.000	 0.000
1.5	 122.8	 -0.047	 0.577
3.3	 122.8	 -0.047	 0.647
5.2	 122.8	 0.012	 0.635
6.9	 122.8	 0.071	 0.365
8.8	 122.8	 0.118	 0.612
10.7	 122.8	 0.471	 0.647
12.4	 122.8	 0.106	 0.553
14.2	 122.8	 -0.153	 0.612
16.1	 122.8	 -0.035	 0.588
17.9	 122.8	 0.000	 0.000
19.6	 122.8	 0.000	 0.000
21.4	 122.8	 0.035	 0.788
23.3	 122.8	 -0.012	 0.682
25.1	 122.8	 -0.012	 0.671
26.9	 122.8	 -0.071	 0.682
28.6	 122.8	 -0.106	 0.765
30.5	 122.8	 0.024	 0.588
32.3	 122.8	 0.012	 0.459
34.1	 122.8	 0.082	 0.835
36.0	 122.8	 0.024	 0.765
37.8	 122.8	 -0.165	 0.635
39.5	 122.8	 -0.118	 0.600
41.4	 122.8	 -0.047	 0.718
43.1	 122.8	 -0.106	 0.600
45.0	 122.8	 -0.082	 0.729
46.8	 122.8	 -0.059	 0.718
48.5	 122.8	 0.024	 0.706
50.4	 122.8	 0.024	 0.741
52.1	 122.8	 0.094	 0.930
54.0	 122.8	 -0.024	 0.882
55.8	 122.8	 0.094	 0.812
57.5	 122.8	 -0.047	 0.824
59.5	 122.8	 0.094	 0.788
61.3	 122.8	 -0.012	 0.847
63.0	 122.8	 0.012	 0.741
64.8	 122.8	 -0.071	 0.800
66.7	 122.8	 -0.129	 0.753
68.5	 122.8	 -0.024	 0.765
70.3	 122.8	 0.000	 0.000
-2.0	 124.6	 0.000	 0.000
-0.3	 124.6	 0.000	 0.000
1.5	 124.6	 0.059	 0.600
3.3	 124.6	 0.071	 0.718
5.2	 124.6	 0.035	 0.753
6.9	 124.6	 0.082	 0.447
8.8	 124.6	 0.165	 0.271
10.7	 124.6	 0.165	 0.412
12.4	 124.6	 0.000	 0.000
14.2	 124.6	 0.047	 0.635
16.1	 124.6	 0.165	 0.529
17.9	 124.6	 -0.059	 0.624
19.6	 124.6	 -0.094	 0.518
21.4	 124.6	 0.012	 0.577
23.3	 124.6	 0.094	 0.612
25.1	 124.6	 0.047	 0.541
26.9	 124.6	 -0.024	 0.694
28.6	 124.6	 -0.094	 0.671
30.5	 124.6	 -0.176	 0.694
32.3	 124.6	 -0.224	 0.671
34.1	 124.6	 -0.106	 0.706
36.0	 124.6	 -0.071	 0.753
37.8	 124.6	 0.024	 0.682
39.5	 124.6	 0.035	 0.812
41.4	 124.6	 -0.012	 0.718
43.1	 124.6	 -0.129	 0.671
45.0	 124.6	 0.012	 0.647
46.8	 124.6	 0.012	 0.930
48.5	 124.6	 0.059	 0.918
50.4	 124.6	 -0.082	 0.847
52.1	 124.6	 -0.059	 0.847
54.0	 124.6	 0.082	 0.894
55.8	 124.6	 -0.035	 0.812
57.5	 124.6	 0.035	 0.800
59.5	 124.6	 -0.012	 0.694
61.3	 124.6	 0.000	 0.800
63.0	 124.6	 0.106	 0.671
64.8	 124.6	 -0.012	 0.800
66.7	 124.6	 0.035	 0.694
68.5	 124.6	 0.024	 0.753
70.3	 124.6	 0.000	 0.000
