-2.0	 50.5	 0.000	 0.000
-0.3	 50.5	 -0.035	 0.965
1.5	 50.5	 0.000	 0.812
3.3	 50.5	 -0.047	 0.694
5.2	 50.5	 -0.071	 0.647
6.9	 50.5	 -0.071	 0.800
8.8	 50.5	 -0.153	 0.753
10.7	 50.5	 -0.176	 0.918
12.4	 50.5	 -0.129	 0.788
14.2	 50.5	 -0.141	 0.800
16.1	 50.5	 -0.153	 0.847
17.9	 50.5	 -0.012	 1.035
19.6	 50.5	 0.059	 1.153
21.4	 50.5	 0.106	 1.365
23.3	 50.5	 0.200	 1.271
25.1	 50.5	 0.235	 1.471
26.9	 50.5	 0.094	 1.530
28.6	 50.5	 0.188	 1.365
30.5	 50.5	 0.247	 1.153
32.3	 50.5	 0.306	 1.259
34.1	 50.5	 0.553	 1.600
36.0	 50.5	 0.388	 1.424
37.8	 50.5	 0.329	 1.471
39.5	 50.5	 0.271	 1.447
41.4	 50.5	 0.388	 1.518
43.1	 50.5	 0.271	 1.412
45.0	 50.5	 0.176	 1.412
46.8	 50.5	 0.118	 1.624
48.5	 50.5	 0.353	 1.412
50.4	 50.5	 0.482	 1.365
52.1	 50.5	 0.224	 1.341
54.0	 50.5	 0.329	 0.871
55.8	 50.5	 0.224	 1.200
57.5	 50.5	 0.094	 0.953
59.5	 50.5	 0.141	 0.965
61.3	 50.5	 0.153	 0.824
63.0	 50.5	 0.176	 0.706
64.8	 50.5	 0.059	 0.482
66.7	 50.5	 0.106	 0.235
68.5	 50.5	 -0.024	 0.541
70.3	 50.5	 0.000	 0.000
-2.0	 52.3	 0.000	 0.000
-0.3	 52.3	 -0.059	 -1.071
1.5	 52.3	 -0.024	 0.871
3.3	 52.3	 -0.094	 0.930
5.2	 52.3	 -0.141	 0.824
6.9	 52.3	 -0.153	 0.824
8.8	 52.3	 -0.259	 0.894
10.7	 52.3	 -0.259	 0.906
12.4	 52.3	 -0.129	 0.847
14.2	 52.3	 -0.094	 0.835
16.1	 52.3	 -0.118	 1.353
17.9	 52.3	 -0.129	 1.412
19.6	 52.3	 -0.012	 1.259
21.4	 52.3	 0.082	 1.283
23.3	 52.3	 0.282	 1.388
25.1	 52.3	 0.153	 1.377
26.9	 52.3	 0.282	 1.518
28.6	 52.3	 0.141	 1.341
30.5	 52.3	 0.224	 1.506
32.3	 52.3	 0.247	 1.565
34.1	 52.3	 0.506	 1.565
36.0	 52.3	 0.541	 1.518
37.8	 52.3	 0.000	 1.435
39.5	 52.3	 0.377	 1.753
41.4	 52.3	 0.494	 1.659
43.1	 52.3	 0.400	 1.612
45.0	 52.3	 0.165	 1.683
46.8	 52.3	 0.353	 1.577
48.5	 52.3	 0.388	 1.400
50.4	 52.3	 0.388	 1.483
52.1	 52.3	 0.247	 1.165
54.0	 52.3	 0.282	 0.965
55.8	 52.3	 0.118	 1.071
57.5	 52.3	 0.141	 0.988
59.5	 52.3	 0.059	 1.071
61.3	 52.3	 -0.094	 0.694
63.0	 52.3	 0.071	 0.718
64.8	 52.3	 -0.012	 0.506
66.7	 52.3	 0.012	 0.471
68.5	 52.3	 0.024	 0.600
70.3	 52.3	 0.000	 0.000
-2.0	 54.1	 0.000	 0.000
-0.3	 54.1	 -0.012	 1.024
1.5	 54.1	 -0.035	 0.788
3.3	 54.1	 -0.153	 0.753
5.2	 54.1	 -0.035	 0.906
6.9	 54.1	 -0.035	 0.906
8.8	 54.1	 0.024	 1.035
10.7	 54.1	 -0.212	 0.729
12.4	 54.1	 -0.094	 0.859
14.2	 54.1	 -0.118	 0.847
16.1	 54.1	 -0.059	 0.988
17.9	 54.1	 -0.012	 1.071
19.6	 54.1	 -0.094	 1.188
21.4	 54.1	 -0.012	 1.541
23.3	 54.1	 0.165	 1.247
25.1	 54.1	 0.153	 1.318
26.9	 54.1	 0.094	 1.400
28.6	 54.1	 0.035	 1.494
30.5	 54.1	 0.212	 1.306
32.3	 54.1	 0.447	 1.435
34.1	 54.1	 0.200	 1.506
36.0	 54.1	 0.235	 1.494
37.8	 54.1	 0.153	 1.435
39.5	 54.1	 0.424	 1.541
41.4	 54.1	 0.635	 1.588
43.1	 54.1	 0.588	 1.600
45.0	 54.1	 0.659	 1.577
46.8	 54.1	 0.306	 1.518
48.5	 54.1	 0.318	 1.483
50.4	 54.1	 0.341	 1.541
52.1	 54.1	 0.282	 1.353
54.0	 54.1	 0.447	 1.494
55.8	 54.1	 0.259	 1.306
57.5	 54.1	 0.129	 1.130
59.5	 54.1	 0.306	 1.130
61.3	 54.1	 0.047	 0.906
63.0	 54.1	 0.047	 0.812
64.8	 54.1	 -0.035	 0.577
66.7	 54.1	 0.012	 0.635
68.5	 54.1	 0.000	 0.659
70.3	 54.1	 0.000	 0.000
-2.0	 55.9	 0.000	 0.000
-0.3	 55.9	 -0.024	 0.965
1.5	 55.9	 -0.024	 0.871
3.3	 55.9	 -0.247	 0.694
5.2	 55.9	 -0.165	 0.588
6.9	 55.9	 -0.200	 0.753
8.8	 55.9	 -0.176	 0.859
10.7	 55.9	 -0.271	 0.824
12.4	 55.9	 -0.071	 1.035
14.2	 55.9	 -0.141	 1.012
16.1	 55.9	 -0.165	 0.918
17.9	 55.9	 0.047	 1.365
19.6	 55.9	 0.000	 1.130
21.4	 55.9	 -0.012	 1.188
23.3	 55.9	 0.035	 1.200
25.1	 55.9	 0.035	 1.130
26.9	 55.9	 0.129	 1.400
28.6	 55.9	 0.082	 1.435
30.5	 55.9	 0.318	 1.471
32.3	 55.9	 0.282	 1.459
34.1	 55.9	 0.365	 1.459
36.0	 55.9	 0.377	 1.424
37.8	 55.9	 0.259	 1.565
39.5	 55.9	 0.106	 1.435
41.4	 55.9	 0.259	 1.553
43.1	 55.9	 0.259	 1.777
45.0	 55.9	 0.294	 1.741
46.8	 55.9	 0.224	 1.377
48.5	 55.9	 0.247	 1.565
50.4	 55.9	 0.624	 1.577
52.1	 55.9	 0.282	 1.412
54.0	 55.9	 0.341	 1.400
55.8	 55.9	 0.176	 1.200
57.5	 55.9	 0.012	 1.000
59.5	 55.9	 0.047	 0.918
61.3	 55.9	 0.071	 0.694
63.0	 55.9	 -0.035	 0.694
64.8	 55.9	 -0.106	 0.612
66.7	 55.9	 0.000	 0.518
68.5	 55.9	 0.035	 0.577
70.3	 55.9	 0.000	 0.000
-2.0	 57.7	 0.000	 0.000
-0.3	 57.7	 0.000	 0.000
1.5	 57.7	 0.000	 0.824
3.3	 57.7	 -0.282	 0.506
5.2	 57.7	 -0.188	 0.659
6.9	 57.7	 -0.318	 0.600
8.8	 57.7	 -0.259	 0.894
10.7	 57.7	 -0.200	 0.894
12.4	 57.7	 -0.012	 0.941
14.2	 57.7	 -0.047	 0.988
16.1	 57.7	 0.024	 1.035
17.9	 57.7	 0.094	 1.035
19.6	 57.7	 -0.047	 0.918
21.4	 57.7	 -0.094	 1.459
23.3	 57.7	 0.000	 0.000
25.1	 57.7	 0.106	 1.271
26.9	 57.7	 0.012	 1.188
28.6	 57.7	 0.024	 1.377
30.5	 57.7	 0.388	 1.494
32.3	 57.7	 0.212	 1.483
34.1	 57.7	 0.329	 1.435
36.0	 57.7	 0.259	 1.447
37.8	 57.7	 0.659	 1.612
39.5	 57.7	 0.024	 1.671
41.4	 57.7	 0.082	 1.588
43.1	 57.7	 0.188	 1.483
45.0	 57.7	 0.471	 1.541
46.8	 57.7	 0.459	 1.600
48.5	 57.7	 0.471	 1.553
50.4	 57.7	 0.106	 1.353
52.1	 57.7	 0.235	 1.318
54.0	 57.7	 0.282	 1.612
55.8	 57.7	 0.000	 1.271
57.5	 57.7	 0.165	 0.965
59.5	 57.7	 0.024	 1.082
61.3	 57.7	 0.059	 0.859
63.0	 57.7	 0.118	 0.718
64.8	 57.7	 -0.024	 0.553
66.7	 57.7	 0.035	 0.412
68.5	 57.7	 -0.082	 0.765
70.3	 57.7	 0.000	 0.000
-2.0	 59.5	 0.000	 0.000
-0.3	 59.5	 0.000	 0.000
1.5	 59.5	 -0.118	 0.729
3.3	 59.5	 -0.059	 0.694
5.2	 59.5	 -0.200	 0.718
6.9	 59.5	 -0.306	 0.729
8.8	 59.5	 -0.153	 0.835
10.7	 59.5	 -0.153	 0.824
12.4	 59.5	 -0.118	 0.753
14.2	 59.5	 -0.012	 1.177
16.1	 59.5	 -0.012	 1.059
17.9	 59.5	 -0.094	 0.882
19.6	 59.5	 -0.059	 1.082
21.4	 59.5	 -0.035	 1.012
23.3	 59.5	 -0.012	 1.247
25.1	 59.5	 0.059	 1.271
26.9	 59.5	 0.200	 1.188
28.6	 59.5	 0.188	 1.247
30.5	 59.5	 0.176	 1.494
32.3	 59.5	 0.259	 1.518
34.1	 59.5	 0.377	 1.600
36.0	 59.5	 0.176	 1.612
37.8	 59.5	 0.059	 1.624
39.5	 59.5	 0.271	 1.706
41.4	 59.5	 0.012	 1.412
43.1	 59.5	 0.235	 1.541
45.0	 59.5	 0.671	 1.624
46.8	 59.5	 0.294	 1.518
48.5	 59.5	 0.188	 1.541
50.4	 59.5	 0.141	 1.471
52.1	 59.5	 0.200	 1.353
54.0	 59.5	 0.094	 1.330
55.8	 59.5	 -0.165	 1.035
57.5	 59.5	 0.024	 0.906
59.5	 59.5	 0.012	 0.894
61.3	 59.5	 0.035	 0.800
63.0	 59.5	 0.106	 0.612
64.8	 59.5	 0.071	 0.600
66.7	 59.5	 -0.012	 0.612
68.5	 59.5	 -0.082	 0.918
70.3	 59.5	 0.000	 0.000
-2.0	 61.3	 0.000	 0.000
-0.3	 61.3	 0.000	 0.000
1.5	 61.3	 -0.012	 0.859
3.3	 61.3	 -0.106	 0.741
5.2	 61.3	 -0.129	 0.706
6.9	 61.3	 -0.188	 0.624
8.8	 61.3	 -0.224	 0.682
10.7	 61.3	 -0.118	 1.000
12.4	 61.3	 -0.153	 0.718
14.2	 61.3	 -0.153	 1.224
16.1	 61.3	 -0.094	 1.271
17.9	 61.3	 -0.106	 1.235
19.6	 61.3	 0.129	 1.247
21.4	 61.3	 -0.165	 0.953
23.3	 61.3	 -0.082	 1.177
25.1	 61.3	 0.129	 1.094
26.9	 61.3	 0.129	 1.165
28.6	 61.3	 0.141	 1.259
30.5	 61.3	 0.024	 1.506
32.3	 61.3	 0.059	 1.777
34.1	 61.3	 0.000	 1.553
36.0	 61.3	 0.153	 1.518
37.8	 61.3	 -0.129	 1.612
39.5	 61.3	 0.153	 1.647
41.4	 61.3	 0.071	 1.683
43.1	 61.3	 0.200	 1.694
45.0	 61.3	 0.176	 1.530
46.8	 61.3	 0.412	 1.694
48.5	 61.3	 0.141	 1.718
50.4	 61.3	 0.353	 1.435
52.1	 61.3	 0.247	 1.518
54.0	 61.3	 0.188	 1.494
55.8	 61.3	 0.106	 1.318
57.5	 61.3	 0.106	 0.882
59.5	 61.3	 0.094	 0.812
61.3	 61.3	 0.176	 0.812
63.0	 61.3	 0.200	 0.788
64.8	 61.3	 0.071	 0.682
66.7	 61.3	 0.012	 0.647
68.5	 61.3	 0.047	 0.741
70.3	 61.3	 0.000	 0.000
-2.0	 63.2	 0.000	 0.000
-0.3	 63.2	 0.000	 0.000
1.5	 63.2	 -0.047	 0.706
3.3	 63.2	 -0.059	 0.800
5.2	 63.2	 0.047	 0.871
6.9	 63.2	 -0.129	 0.741
8.8	 63.2	 -0.271	 0.847
10.7	 63.2	 -0.165	 0.824
12.4	 63.2	 -0.129	 0.765
14.2	 63.2	 -0.141	 1.165
16.1	 63.2	 -0.094	 1.118
17.9	 63.2	 0.024	 1.224
19.6	 63.2	 0.129	 1.377
21.4	 63.2	 -0.024	 1.259
23.3	 63.2	 0.153	 1.106
25.1	 63.2	 0.000	 1.094
26.9	 63.2	 0.024	 1.318
28.6	 63.2	 0.106	 1.435
30.5	 63.2	 0.153	 1.541
32.3	 63.2	 -0.035	 1.577
34.1	 63.2	 0.094	 1.765
36.0	 63.2	 0.306	 1.306
37.8	 63.2	 0.235	 1.494
39.5	 63.2	 0.176	 1.671
41.4	 63.2	 0.153	 1.647
43.1	 63.2	 0.271	 1.624
45.0	 63.2	 0.271	 1.647
46.8	 63.2	 0.329	 1.612
48.5	 63.2	 0.000	 1.671
50.4	 63.2	 0.482	 1.788
52.1	 63.2	 0.247	 1.494
54.0	 63.2	 0.377	 1.330
55.8	 63.2	 0.047	 0.812
57.5	 63.2	 0.000	 0.906
59.5	 63.2	 0.200	 0.988
61.3	 63.2	 0.094	 0.765
63.0	 63.2	 0.141	 0.835
64.8	 63.2	 -0.129	 0.247
66.7	 63.2	 -0.071	 0.329
68.5	 63.2	 0.059	 0.694
70.3	 63.2	 0.000	 0.000
-2.0	 65.0	 0.000	 0.000
-0.3	 65.0	 0.000	 0.000
1.5	 65.0	 -0.071	 0.741
3.3	 65.0	 -0.082	 0.753
5.2	 65.0	 -0.141	 0.682
6.9	 65.0	 -0.141	 0.718
8.8	 65.0	 -0.235	 0.906
10.7	 65.0	 -0.294	 0.894
12.4	 65.0	 -0.176	 0.682
14.2	 65.0	 -0.271	 1.059
16.1	 65.0	 -0.141	 0.941
17.9	 65.0	 -0.141	 0.871
19.6	 65.0	 -0.141	 0.953
21.4	 65.0	 -0.212	 1.177
23.3	 65.0	 0.094	 1.141
25.1	 65.0	 -0.071	 1.165
26.9	 65.0	 -0.153	 1.235
28.6	 65.0	 0.129	 1.447
30.5	 65.0	 0.235	 1.412
32.3	 65.0	 0.176	 1.494
34.1	 65.0	 0.071	 1.671
36.0	 65.0	 -0.012	 1.377
37.8	 65.0	 0.071	 1.483
39.5	 65.0	 0.247	 1.694
41.4	 65.0	 0.082	 1.906
43.1	 65.0	 0.447	 1.788
45.0	 65.0	 0.553	 1.659
46.8	 65.0	 0.600	 2.212
48.5	 65.0	 0.341	 1.824
50.4	 65.0	 0.600	 1.694
52.1	 65.0	 0.329	 1.718
54.0	 65.0	 0.341	 1.635
55.8	 65.0	 0.259	 1.271
57.5	 65.0	 0.000	 1.059
59.5	 65.0	 0.353	 0.871
61.3	 65.0	 0.059	 0.906
63.0	 65.0	 0.035	 0.812
64.8	 65.0	 -0.106	 0.741
66.7	 65.0	 -0.071	 0.565
68.5	 65.0	 -0.012	 0.624
70.3	 65.0	 0.000	 0.000
-2.0	 66.8	 0.000	 0.000
-0.3	 66.8	 0.000	 0.000
1.5	 66.8	 -0.094	 0.824
3.3	 66.8	 -0.094	 0.753
5.2	 66.8	 -0.082	 0.835
6.9	 66.8	 -0.012	 0.812
8.8	 66.8	 -0.200	 0.894
10.7	 66.8	 -0.306	 0.906
12.4	 66.8	 -0.259	 0.906
14.2	 66.8	 -0.541	 0.859
16.1	 66.8	 -0.506	 0.847
17.9	 66.8	 -0.176	 0.871
19.6	 66.8	 0.035	 1.259
21.4	 66.8	 0.024	 1.294
23.3	 66.8	 -0.012	 1.247
25.1	 66.8	 -0.024	 1.106
26.9	 66.8	 -0.200	 1.283
28.6	 66.8	 0.047	 1.459
30.5	 66.8	 0.224	 1.483
32.3	 66.8	 0.141	 1.518
34.1	 66.8	 0.000	 1.694
36.0	 66.8	 0.153	 1.718
37.8	 66.8	 0.141	 1.600
39.5	 66.8	 0.082	 1.694
41.4	 66.8	 0.247	 1.612
43.1	 66.8	 0.224	 1.635
45.0	 66.8	 0.071	 1.694
46.8	 66.8	 0.388	 2.036
48.5	 66.8	 0.247	 1.894
50.4	 66.8	 0.341	 1.706
52.1	 66.8	 0.024	 1.553
54.0	 66.8	 0.059	 1.471
55.8	 66.8	 0.106	 0.918
57.5	 66.8	 0.153	 1.177
59.5	 66.8	 0.306	 1.177
61.3	 66.8	 0.012	 0.894
63.0	 66.8	 0.106	 0.800
64.8	 66.8	 0.094	 0.518
66.7	 66.8	 0.024	 0.565
68.5	 66.8	 -0.047	 0.565
70.3	 66.8	 0.000	 0.000
-2.0	 68.6	 0.000	 0.000
-0.3	 68.6	 0.000	 0.000
1.5	 68.6	 -0.024	 0.965
3.3	 68.6	 -0.024	 0.729
5.2	 68.6	 -0.094	 0.635
6.9	 68.6	 -0.259	 0.753
8.8	 68.6	 -0.259	 0.694
10.7	 68.6	 -0.188	 0.694
12.4	 68.6	 -0.165	 0.918
14.2	 68.6	 -0.353	 0.812
16.1	 68.6	 -0.153	 0.788
17.9	 68.6	 -0.071	 0.918
19.6	 68.6	 -0.129	 0.953
21.4	 68.6	 -0.071	 0.965
23.3	 68.6	 -0.200	 0.635
25.1	 68.6	 -0.106	 0.930
26.9	 68.6	 -0.106	 1.212
28.6	 68.6	 -0.094	 1.094
30.5	 68.6	 0.071	 1.659
32.3	 68.6	 0.200	 1.741
34.1	 68.6	 0.365	 1.541
36.0	 68.6	 0.118	 1.600
37.8	 68.6	 -0.012	 1.659
39.5	 68.6	 -0.059	 1.683
41.4	 68.6	 0.153	 1.765
43.1	 68.6	 0.612	 1.894
45.0	 68.6	 0.153	 1.588
46.8	 68.6	 0.176	 2.000
48.5	 68.6	 0.329	 1.918
50.4	 68.6	 0.235	 1.659
52.1	 68.6	 0.200	 1.400
54.0	 68.6	 0.035	 1.165
55.8	 68.6	 0.059	 1.012
57.5	 68.6	 0.047	 1.235
59.5	 68.6	 0.212	 1.330
61.3	 68.6	 0.129	 0.988
63.0	 68.6	 0.129	 0.812
64.8	 68.6	 -0.094	 0.600
66.7	 68.6	 -0.035	 0.659
68.5	 68.6	 0.059	 0.588
70.3	 68.6	 0.000	 0.000
-2.0	 70.4	 0.000	 0.000
-0.3	 70.4	 0.000	 0.000
1.5	 70.4	 0.071	 1.035
3.3	 70.4	 -0.094	 0.765
5.2	 70.4	 -0.235	 0.847
6.9	 70.4	 -0.271	 0.871
8.8	 70.4	 -0.282	 0.824
10.7	 70.4	 -0.506	 0.894
12.4	 70.4	 -0.129	 0.812
14.2	 70.4	 -0.341	 0.753
16.1	 70.4	 -0.188	 0.682
17.9	 70.4	 -0.247	 0.859
19.6	 70.4	 -0.224	 0.835
21.4	 70.4	 -0.294	 0.777
23.3	 70.4	 -0.071	 0.859
25.1	 70.4	 -0.129	 1.247
26.9	 70.4	 -0.129	 1.318
28.6	 70.4	 -0.188	 1.071
30.5	 70.4	 -0.071	 1.365
32.3	 70.4	 -0.235	 1.306
34.1	 70.4	 0.024	 1.530
36.0	 70.4	 0.176	 1.624
37.8	 70.4	 -0.235	 1.212
39.5	 70.4	 -0.071	 1.388
41.4	 70.4	 0.024	 1.471
43.1	 70.4	 0.188	 1.788
45.0	 70.4	 -0.071	 1.553
46.8	 70.4	 0.082	 1.647
48.5	 70.4	 0.224	 1.518
50.4	 70.4	 0.094	 1.188
52.1	 70.4	 0.012	 1.035
54.0	 70.4	 0.141	 1.341
55.8	 70.4	 0.224	 1.130
57.5	 70.4	 0.059	 0.977
59.5	 70.4	 0.082	 1.165
61.3	 70.4	 0.118	 0.824
63.0	 70.4	 -0.024	 0.682
64.8	 70.4	 0.118	 0.706
66.7	 70.4	 0.000	 0.659
68.5	 70.4	 -0.071	 0.129
70.3	 70.4	 0.000	 0.000
-2.0	 72.2	 0.000	 0.000
-0.3	 72.2	 0.000	 0.000
1.5	 72.2	 0.035	 1.000
3.3	 72.2	 0.012	 0.824
5.2	 72.2	 0.071	 0.977
6.9	 72.2	 0.082	 0.930
8.8	 72.2	 -0.153	 0.835
10.7	 72.2	 -0.435	 0.788
12.4	 72.2	 -0.176	 0.694
14.2	 72.2	 -0.188	 1.035
16.1	 72.2	 -0.047	 0.871
17.9	 72.2	 -0.200	 0.788
19.6	 72.2	 -0.318	 1.224
21.4	 72.2	 -0.259	 1.024
23.3	 72.2	 -0.071	 1.224
25.1	 72.2	 -0.047	 1.400
26.9	 72.2	 -0.282	 1.235
28.6	 72.2	 -0.306	 1.365
30.5	 72.2	 -0.200	 1.400
32.3	 72.2	 -0.047	 1.271
34.1	 72.2	 0.000	 1.635
36.0	 72.2	 0.035	 1.483
37.8	 72.2	 -0.094	 1.530
39.5	 72.2	 -0.118	 1.777
41.4	 72.2	 0.247	 1.530
43.1	 72.2	 0.271	 1.600
45.0	 72.2	 0.165	 1.941
46.8	 72.2	 0.165	 1.788
48.5	 72.2	 0.082	 1.365
50.4	 72.2	 -0.012	 1.247
52.1	 72.2	 -0.082	 0.941
54.0	 72.2	 0.071	 1.483
55.8	 72.2	 0.459	 1.365
57.5	 72.2	 0.706	 1.294
59.5	 72.2	 0.165	 0.906
61.3	 72.2	 0.212	 0.741
63.0	 72.2	 -0.118	 0.753
64.8	 72.2	 0.188	 0.647
66.7	 72.2	 -0.024	 0.659
68.5	 72.2	 -0.059	 0.882
70.3	 72.2	 0.000	 0.000
-2.0	 74.0	 0.000	 0.000
-0.3	 74.0	 0.000	 -2.036
1.5	 74.0	 0.024	 0.835
3.3	 74.0	 -0.035	 0.812
5.2	 74.0	 -0.059	 0.871
6.9	 74.0	 -0.082	 0.871
8.8	 74.0	 0.000	 0.000
10.7	 74.0	 -0.318	 0.812
12.4	 74.0	 -0.012	 0.918
14.2	 74.0	 -0.129	 0.812
16.1	 74.0	 -0.035	 0.777
17.9	 74.0	 -0.247	 0.965
19.6	 74.0	 -0.247	 1.012
21.4	 74.0	 -0.200	 1.012
23.3	 74.0	 -0.082	 1.471
25.1	 74.0	 -0.047	 1.494
26.9	 74.0	 0.129	 1.330
28.6	 74.0	 -0.141	 1.506
30.5	 74.0	 -0.129	 1.000
32.3	 74.0	 -0.118	 0.941
34.1	 74.0	 -0.165	 1.518
36.0	 74.0	 -0.024	 1.530
37.8	 74.0	 0.035	 1.506
39.5	 74.0	 0.024	 1.671
41.4	 74.0	 0.059	 1.435
43.1	 74.0	 0.235	 1.671
45.0	 74.0	 0.153	 1.518
46.8	 74.0	 0.035	 1.318
48.5	 74.0	 0.165	 1.577
50.4	 74.0	 0.106	 1.247
52.1	 74.0	 0.176	 0.930
54.0	 74.0	 0.059	 1.047
55.8	 74.0	 0.306	 1.365
57.5	 74.0	 0.106	 0.906
59.5	 74.0	 0.212	 1.047
61.3	 74.0	 0.059	 0.953
63.0	 74.0	 -0.059	 0.800
64.8	 74.0	 0.000	 0.682
66.7	 74.0	 0.000	 0.459
68.5	 74.0	 0.000	 0.000
70.3	 74.0	 0.000	 0.000
-2.0	 75.8	 0.000	 0.000
-0.3	 75.8	 0.035	 -1.224
1.5	 75.8	 0.000	 0.977
3.3	 75.8	 0.000	 0.000
5.2	 75.8	 -0.059	 0.859
6.9	 75.8	 -0.047	 0.788
8.8	 75.8	 -0.176	 0.659
10.7	 75.8	 -0.235	 1.059
12.4	 75.8	 -0.153	 0.977
14.2	 75.8	 -0.071	 0.918
16.1	 75.8	 -0.188	 0.812
17.9	 75.8	 -0.282	 0.859
19.6	 75.8	 -0.224	 0.894
21.4	 75.8	 -0.094	 1.000
23.3	 75.8	 -0.094	 1.306
25.1	 75.8	 -0.200	 1.130
26.9	 75.8	 -0.553	 1.424
28.6	 75.8	 -0.106	 1.035
30.5	 75.8	 -0.282	 0.953
32.3	 75.8	 -0.106	 1.082
34.1	 75.8	 -0.165	 1.447
36.0	 75.8	 -0.176	 1.435
37.8	 75.8	 -0.071	 1.577
39.5	 75.8	 -0.094	 1.541
41.4	 75.8	 -0.059	 1.271
43.1	 75.8	 -0.012	 1.624
45.0	 75.8	 -0.059	 1.553
46.8	 75.8	 -0.059	 1.447
48.5	 75.8	 0.094	 1.447
50.4	 75.8	 0.141	 1.130
52.1	 75.8	 0.012	 1.024
54.0	 75.8	 0.047	 1.012
55.8	 75.8	 -0.153	 0.977
57.5	 75.8	 0.106	 1.224
59.5	 75.8	 0.141	 0.894
61.3	 75.8	 0.106	 0.694
63.0	 75.8	 0.024	 0.812
64.8	 75.8	 0.000	 0.624
66.7	 75.8	 0.024	 0.541
68.5	 75.8	 0.047	 0.741
70.3	 75.8	 0.000	 0.000
-2.0	 77.6	 0.000	 0.000
-0.3	 77.6	 0.035	 -1.082
1.5	 77.6	 -0.024	 0.953
3.3	 77.6	 -0.094	 1.000
5.2	 77.6	 -0.012	 1.106
6.9	 77.6	 -0.071	 0.965
8.8	 77.6	 -0.094	 0.894
10.7	 77.6	 -0.200	 0.871
12.4	 77.6	 -0.271	 1.082
14.2	 77.6	 -0.071	 0.659
16.1	 77.6	 -0.318	 0.930
17.9	 77.6	 -0.294	 0.906
19.6	 77.6	 -0.577	 1.765
21.4	 77.6	 -0.176	 1.035
23.3	 77.6	 -0.424	 0.835
25.1	 77.6	 -0.271	 1.294
26.9	 77.6	 -0.153	 1.035
28.6	 77.6	 -0.247	 1.177
30.5	 77.6	 -0.282	 1.224
32.3	 77.6	 -0.141	 0.918
34.1	 77.6	 -0.259	 1.377
36.0	 77.6	 -0.118	 1.259
37.8	 77.6	 -0.118	 1.459
39.5	 77.6	 -0.212	 1.353
41.4	 77.6	 -0.129	 1.494
43.1	 77.6	 0.012	 1.588
45.0	 77.6	 -0.035	 1.424
46.8	 77.6	 -0.059	 1.059
48.5	 77.6	 0.071	 1.400
50.4	 77.6	 0.282	 1.400
52.1	 77.6	 0.024	 1.365
54.0	 77.6	 0.059	 1.306
55.8	 77.6	 -0.071	 1.082
57.5	 77.6	 -0.141	 1.494
59.5	 77.6	 -0.047	 0.859
61.3	 77.6	 0.165	 0.647
63.0	 77.6	 0.012	 0.553
64.8	 77.6	 -0.235	 0.353
66.7	 77.6	 0.094	 0.788
68.5	 77.6	 0.082	 0.918
70.3	 77.6	 0.000	 0.000
-2.0	 79.4	 0.000	 0.000
-0.3	 79.4	 0.000	 0.000
1.5	 79.4	 0.059	 0.977
3.3	 79.4	 -0.129	 0.906
5.2	 79.4	 -0.141	 0.930
6.9	 79.4	 -0.106	 1.118
8.8	 79.4	 -0.024	 0.977
10.7	 79.4	 -0.400	 0.859
12.4	 79.4	 -0.306	 0.953
14.2	 79.4	 -0.153	 0.729
16.1	 79.4	 -0.188	 1.012
17.9	 79.4	 -0.400	 1.177
19.6	 79.4	 -0.106	 1.047
21.4	 79.4	 0.012	 1.106
23.3	 79.4	 -0.200	 0.894
25.1	 79.4	 -0.047	 1.024
26.9	 79.4	 -0.047	 0.882
28.6	 79.4	 -0.341	 1.459
30.5	 79.4	 -0.247	 1.471
32.3	 79.4	 -0.071	 1.365
34.1	 79.4	 -0.071	 1.424
36.0	 79.4	 -0.494	 1.530
37.8	 79.4	 -0.082	 1.624
39.5	 79.4	 -0.282	 1.318
41.4	 79.4	 -0.129	 1.318
43.1	 79.4	 0.118	 1.318
45.0	 79.4	 0.071	 0.847
46.8	 79.4	 0.000	 1.177
48.5	 79.4	 0.024	 1.412
50.4	 79.4	 0.071	 1.847
52.1	 79.4	 0.153	 1.588
54.0	 79.4	 0.106	 1.106
55.8	 79.4	 0.282	 1.000
57.5	 79.4	 0.035	 1.212
59.5	 79.4	 0.141	 0.788
61.3	 79.4	 0.012	 0.941
63.0	 79.4	 0.071	 0.529
64.8	 79.4	 -0.035	 0.647
66.7	 79.4	 -0.035	 0.906
68.5	 79.4	 0.024	 0.800
70.3	 79.4	 0.000	 0.000
-2.0	 81.2	 0.000	 0.000
-0.3	 81.2	 0.000	 0.000
1.5	 81.2	 -0.071	 1.047
3.3	 81.2	 -0.094	 1.012
5.2	 81.2	 -0.035	 0.777
6.9	 81.2	 -0.024	 0.859
8.8	 81.2	 -0.047	 0.882
10.7	 81.2	 -0.294	 1.071
12.4	 81.2	 -0.341	 0.824
14.2	 81.2	 -0.094	 0.577
16.1	 81.2	 -0.129	 1.024
17.9	 81.2	 -0.235	 1.224
19.6	 81.2	 -0.294	 1.059
21.4	 81.2	 -0.165	 1.047
23.3	 81.2	 0.071	 1.118
25.1	 81.2	 -0.035	 1.412
26.9	 81.2	 -0.118	 0.965
28.6	 81.2	 -0.176	 1.318
30.5	 81.2	 -0.106	 1.271
32.3	 81.2	 -0.094	 1.412
34.1	 81.2	 -0.129	 1.035
36.0	 81.2	 -0.271	 1.424
37.8	 81.2	 -0.071	 0.847
39.5	 81.2	 0.035	 1.177
41.4	 81.2	 -0.071	 1.494
43.1	 81.2	 -0.118	 1.271
45.0	 81.2	 -0.024	 1.224
46.8	 81.2	 -0.071	 1.471
48.5	 81.2	 -0.024	 1.024
50.4	 81.2	 -0.224	 1.153
52.1	 81.2	 -0.059	 1.330
54.0	 81.2	 0.271	 1.377
55.8	 81.2	 0.047	 0.988
57.5	 81.2	 0.176	 0.941
59.5	 81.2	 0.212	 0.824
61.3	 81.2	 -0.059	 0.777
63.0	 81.2	 -0.094	 0.835
64.8	 81.2	 -0.176	 0.565
66.7	 81.2	 0.059	 0.518
68.5	 81.2	 0.000	 0.000
70.3	 81.2	 0.000	 0.000
-2.0	 83.0	 0.000	 0.000
-0.3	 83.0	 0.000	 0.000
1.5	 83.0	 -0.047	 1.235
3.3	 83.0	 0.024	 0.965
5.2	 83.0	 -0.059	 0.906
6.9	 83.0	 -0.094	 0.824
8.8	 83.0	 -0.224	 0.941
10.7	 83.0	 -0.247	 0.941
12.4	 83.0	 -0.118	 0.800
14.2	 83.0	 -0.212	 0.941
16.1	 83.0	 -0.094	 0.859
17.9	 83.0	 -0.329	 1.483
19.6	 83.0	 -0.188	 1.212
21.4	 83.0	 -0.282	 0.918
23.3	 83.0	 0.000	 1.177
25.1	 83.0	 -0.082	 1.177
26.9	 83.0	 -0.282	 1.388
28.6	 83.0	 -0.353	 1.365
30.5	 83.0	 -0.141	 1.259
32.3	 83.0	 -0.094	 1.412
34.1	 83.0	 -0.200	 1.235
36.0	 83.0	 -0.094	 1.341
37.8	 83.0	 -0.247	 1.483
39.5	 83.0	 -0.012	 1.365
41.4	 83.0	 -0.059	 1.400
43.1	 83.0	 -0.024	 0.977
45.0	 83.0	 0.129	 0.930
46.8	 83.0	 0.035	 1.400
48.5	 83.0	 0.247	 1.447
50.4	 83.0	 0.165	 1.459
52.1	 83.0	 -0.047	 1.553
54.0	 83.0	 0.176	 1.235
55.8	 83.0	 -0.082	 0.847
57.5	 83.0	 0.176	 0.835
59.5	 83.0	 0.094	 0.529
61.3	 83.0	 0.071	 0.941
63.0	 83.0	 -0.318	 1.059
64.8	 83.0	 0.059	 0.882
66.7	 83.0	 0.106	 0.659
68.5	 83.0	 -0.047	 1.071
70.3	 83.0	 0.000	 0.000
-2.0	 84.8	 0.000	 0.000
-0.3	 84.8	 0.000	 0.000
1.5	 84.8	 0.000	 0.800
3.3	 84.8	 -0.012	 0.753
5.2	 84.8	 0.000	 0.965
6.9	 84.8	 -0.247	 0.753
8.8	 84.8	 -0.071	 0.835
10.7	 84.8	 -0.259	 0.788
12.4	 84.8	 -0.153	 0.930
14.2	 84.8	 -0.118	 0.906
16.1	 84.8	 -0.141	 0.906
17.9	 84.8	 -0.035	 0.918
19.6	 84.8	 -0.094	 0.871
21.4	 84.8	 -0.235	 1.071
23.3	 84.8	 -0.200	 1.271
25.1	 84.8	 -0.094	 1.000
26.9	 84.8	 -0.388	 1.235
28.6	 84.8	 -0.200	 1.424
30.5	 84.8	 -0.247	 1.200
32.3	 84.8	 -0.106	 1.306
34.1	 84.8	 -0.235	 1.494
36.0	 84.8	 -0.129	 1.188
37.8	 84.8	 -0.035	 1.271
39.5	 84.8	 -0.024	 1.283
41.4	 84.8	 0.106	 1.377
43.1	 84.8	 -0.082	 1.024
45.0	 84.8	 0.012	 1.188
46.8	 84.8	 -0.106	 1.553
48.5	 84.8	 0.047	 1.224
50.4	 84.8	 0.294	 1.635
52.1	 84.8	 -0.106	 1.153
54.0	 84.8	 0.000	 0.941
55.8	 84.8	 0.012	 1.082
57.5	 84.8	 0.153	 1.177
59.5	 84.8	 0.212	 0.518
61.3	 84.8	 -0.165	 0.671
63.0	 84.8	 -0.165	 0.906
64.8	 84.8	 0.059	 0.753
66.7	 84.8	 -0.035	 0.447
68.5	 84.8	 0.024	 0.977
70.3	 84.8	 0.000	 0.000
-2.0	 86.7	 0.000	 0.000
-0.3	 86.7	 0.000	 0.000
1.5	 86.7	 0.047	 0.871
3.3	 86.7	 0.000	 0.847
5.2	 86.7	 -0.024	 1.035
6.9	 86.7	 0.000	 0.000
8.8	 86.7	 -0.047	 0.812
10.7	 86.7	 -0.071	 0.871
12.4	 86.7	 -0.106	 0.729
14.2	 86.7	 -0.224	 0.894
16.1	 86.7	 -0.541	 1.177
17.9	 86.7	 -0.118	 0.812
19.6	 86.7	 -0.047	 0.977
21.4	 86.7	 -0.271	 1.012
23.3	 86.7	 -0.294	 0.930
25.1	 86.7	 -0.176	 1.106
26.9	 86.7	 -0.341	 0.882
28.6	 86.7	 -0.024	 1.118
30.5	 86.7	 -0.071	 1.235
32.3	 86.7	 -0.141	 1.118
34.1	 86.7	 0.012	 1.106
36.0	 86.7	 -0.247	 1.294
37.8	 86.7	 0.012	 1.224
39.5	 86.7	 0.071	 1.471
41.4	 86.7	 -0.106	 1.212
43.1	 86.7	 -0.047	 1.082
45.0	 86.7	 -0.024	 1.059
46.8	 86.7	 -0.094	 1.188
48.5	 86.7	 0.047	 1.341
50.4	 86.7	 0.082	 1.412
52.1	 86.7	 0.071	 1.082
54.0	 86.7	 0.024	 0.953
55.8	 86.7	 -0.788	 2.000
57.5	 86.7	 -0.012	 0.812
59.5	 86.7	 0.012	 0.847
61.3	 86.7	 -0.047	 0.753
63.0	 86.7	 0.035	 0.894
64.8	 86.7	 0.000	 0.000
66.7	 86.7	 0.094	 0.835
68.5	 86.7	 -0.012	 0.812
70.3	 86.7	 0.000	 0.000
-2.0	 88.5	 0.000	 0.000
-0.3	 88.5	 0.035	 -1.094
1.5	 88.5	 -0.082	 1.035
3.3	 88.5	 -0.012	 0.953
5.2	 88.5	 0.071	 1.024
6.9	 88.5	 0.071	 0.871
8.8	 88.5	 -0.188	 0.647
10.7	 88.5	 -0.282	 0.824
12.4	 88.5	 -0.471	 0.812
14.2	 88.5	 -0.094	 0.906
16.1	 88.5	 -0.282	 1.106
17.9	 88.5	 -0.365	 1.024
19.6	 88.5	 -0.412	 1.341
21.4	 88.5	 -0.141	 1.071
23.3	 88.5	 -0.094	 1.188
25.1	 88.5	 -0.200	 1.259
26.9	 88.5	 -0.212	 0.953
28.6	 88.5	 -0.035	 1.400
30.5	 88.5	 -0.094	 1.306
32.3	 88.5	 -0.047	 1.130
34.1	 88.5	 -0.024	 1.200
36.0	 88.5	 -0.106	 1.435
37.8	 88.5	 0.071	 1.224
39.5	 88.5	 -0.035	 1.412
41.4	 88.5	 -0.118	 1.388
43.1	 88.5	 0.012	 1.188
45.0	 88.5	 0.071	 0.918
46.8	 88.5	 0.059	 1.177
48.5	 88.5	 0.071	 1.235
50.4	 88.5	 -0.059	 1.330
52.1	 88.5	 -0.047	 1.435
54.0	 88.5	 0.153	 0.988
55.8	 88.5	 -0.012	 1.424
57.5	 88.5	 0.153	 0.941
59.5	 88.5	 -0.024	 0.624
61.3	 88.5	 -0.024	 1.130
63.0	 88.5	 0.059	 1.118
64.8	 88.5	 0.012	 0.671
66.7	 88.5	 -0.071	 0.800
68.5	 88.5	 -0.094	 1.130
70.3	 88.5	 0.000	 0.000
-2.0	 90.3	 0.000	 0.000
-0.3	 90.3	 0.000	 0.000
1.5	 90.3	 0.047	 0.977
3.3	 90.3	 -0.024	 0.871
5.2	 90.3	 0.059	 1.094
6.9	 90.3	 -0.035	 1.059
8.8	 90.3	 -0.388	 0.953
10.7	 90.3	 -0.341	 0.965
12.4	 90.3	 0.000	 0.000
14.2	 90.3	 -0.118	 1.047
16.1	 90.3	 -0.012	 0.882
17.9	 90.3	 -0.412	 0.930
19.6	 90.3	 -0.153	 1.400
21.4	 90.3	 -0.176	 1.059
23.3	 90.3	 0.141	 1.494
25.1	 90.3	 -0.082	 1.388
26.9	 90.3	 -0.165	 1.600
28.6	 90.3	 -0.024	 1.259
30.5	 90.3	 -0.059	 1.388
32.3	 90.3	 -0.165	 1.341
34.1	 90.3	 -0.118	 1.341
36.0	 90.3	 -0.035	 1.541
37.8	 90.3	 0.000	 1.118
39.5	 90.3	 0.012	 1.188
41.4	 90.3	 -0.200	 1.365
43.1	 90.3	 0.035	 1.106
45.0	 90.3	 -0.059	 1.330
46.8	 90.3	 -0.165	 1.106
48.5	 90.3	 -0.212	 1.294
50.4	 90.3	 -0.224	 1.082
52.1	 90.3	 0.082	 1.483
54.0	 90.3	 0.247	 1.141
55.8	 90.3	 0.047	 0.953
57.5	 90.3	 0.106	 1.283
59.5	 90.3	 -0.047	 0.682
61.3	 90.3	 -0.024	 0.812
63.0	 90.3	 -0.059	 0.565
64.8	 90.3	 -0.071	 0.635
66.7	 90.3	 0.024	 0.447
68.5	 90.3	 -0.094	 1.035
70.3	 90.3	 0.000	 0.000
-2.0	 92.0	 0.000	 0.000
-0.3	 92.0	 0.000	 0.000
1.5	 92.0	 -0.094	 1.294
3.3	 92.0	 -0.035	 0.906
5.2	 92.0	 -0.188	 0.930
6.9	 92.0	 -0.129	 1.188
8.8	 92.0	 -0.447	 1.271
10.7	 92.0	 -0.271	 1.059
12.4	 92.0	 -0.141	 1.165
14.2	 92.0	 -0.106	 1.118
16.1	 92.0	 0.000	 0.918
17.9	 92.0	 -0.377	 0.977
19.6	 92.0	 -0.224	 1.024
21.4	 92.0	 -0.176	 1.012
23.3	 92.0	 -0.106	 1.130
25.1	 92.0	 -0.200	 1.118
26.9	 92.0	 -0.176	 1.388
28.6	 92.0	 -0.235	 1.294
30.5	 92.0	 -0.118	 1.388
32.3	 92.0	 -0.118	 0.918
34.1	 92.0	 -0.094	 1.118
36.0	 92.0	 0.047	 1.494
37.8	 92.0	 0.047	 1.047
39.5	 92.0	 0.035	 0.977
41.4	 92.0	 -0.165	 0.965
43.1	 92.0	 -0.035	 1.400
45.0	 92.0	 0.047	 1.118
46.8	 92.0	 -0.024	 1.118
48.5	 92.0	 0.012	 0.953
50.4	 92.0	 0.082	 0.871
52.1	 92.0	 -0.071	 1.577
54.0	 92.0	 0.212	 0.918
55.8	 92.0	 0.235	 0.777
57.5	 92.0	 0.047	 0.847
59.5	 92.0	 0.035	 0.506
61.3	 92.0	 -0.047	 0.529
63.0	 92.0	 0.047	 0.553
64.8	 92.0	 -0.024	 0.635
66.7	 92.0	 -0.035	 0.741
68.5	 92.0	 0.012	 0.882
70.3	 92.0	 0.000	 0.000
-2.0	 93.8	 0.000	 0.000
-0.3	 93.8	 0.035	 -1.283
1.5	 93.8	 -0.082	 1.047
3.3	 93.8	 -0.059	 1.000
5.2	 93.8	 0.024	 0.988
6.9	 93.8	 0.000	 0.000
8.8	 93.8	 0.035	 0.953
10.7	 93.8	 -0.141	 1.188
12.4	 93.8	 -0.071	 0.871
14.2	 93.8	 -0.141	 1.000
16.1	 93.8	 -0.259	 0.930
17.9	 93.8	 -0.165	 1.212
19.6	 93.8	 -0.212	 0.988
21.4	 93.8	 -0.118	 1.153
23.3	 93.8	 -0.082	 1.518
25.1	 93.8	 -0.094	 1.353
26.9	 93.8	 -0.176	 1.259
28.6	 93.8	 -0.071	 1.471
30.5	 93.8	 -0.071	 1.412
32.3	 93.8	 -0.094	 1.224
34.1	 93.8	 0.035	 0.953
36.0	 93.8	 0.024	 1.047
37.8	 93.8	 0.012	 0.753
39.5	 93.8	 -0.059	 0.941
41.4	 93.8	 -0.059	 1.271
43.1	 93.8	 0.000	 1.306
45.0	 93.8	 0.024	 1.071
46.8	 93.8	 -0.071	 1.200
48.5	 93.8	 0.129	 1.153
50.4	 93.8	 0.129	 1.188
52.1	 93.8	 0.082	 0.918
54.0	 93.8	 0.118	 0.706
55.8	 93.8	 0.129	 0.859
57.5	 93.8	 0.000	 0.000
59.5	 93.8	 0.000	 0.000
61.3	 93.8	 0.059	 0.847
63.0	 93.8	 0.000	 0.953
64.8	 93.8	 0.000	 1.330
66.7	 93.8	 -0.141	 1.318
68.5	 93.8	 -0.024	 0.835
70.3	 93.8	 0.000	 0.000
-2.0	 95.7	 0.000	 0.000
-0.3	 95.7	 0.000	 0.000
1.5	 95.7	 -0.024	 1.024
3.3	 95.7	 0.000	 0.988
5.2	 95.7	 0.047	 0.800
6.9	 95.7	 -0.024	 0.906
8.8	 95.7	 -0.082	 0.941
10.7	 95.7	 -0.200	 0.835
12.4	 95.7	 -0.106	 1.047
14.2	 95.7	 -0.212	 1.365
16.1	 95.7	 -0.259	 1.024
17.9	 95.7	 -0.212	 1.412
19.6	 95.7	 -0.353	 1.153
21.4	 95.7	 -0.059	 0.988
23.3	 95.7	 -0.118	 1.035
25.1	 95.7	 -0.071	 0.835
26.9	 95.7	 0.212	 0.953
28.6	 95.7	 -0.165	 1.412
30.5	 95.7	 -0.212	 1.435
32.3	 95.7	 -0.059	 1.188
34.1	 95.7	 -0.176	 1.059
36.0	 95.7	 -0.012	 1.188
37.8	 95.7	 -0.106	 1.318
39.5	 95.7	 0.000	 0.000
41.4	 95.7	 -0.118	 1.094
43.1	 95.7	 0.094	 1.094
45.0	 95.7	 0.129	 1.153
46.8	 95.7	 0.000	 0.000
48.5	 95.7	 0.200	 0.682
50.4	 95.7	 0.224	 0.588
52.1	 95.7	 0.153	 0.765
54.0	 95.7	 0.165	 0.800
55.8	 95.7	 0.059	 1.059
57.5	 95.7	 0.188	 0.718
59.5	 95.7	 0.129	 0.824
61.3	 95.7	 0.118	 0.930
63.0	 95.7	 -0.035	 0.729
64.8	 95.7	 0.035	 1.212
66.7	 95.7	 0.000	 0.000
68.5	 95.7	 0.000	 0.000
70.3	 95.7	 0.000	 0.000
-2.0	 97.5	 0.000	 0.000
-0.3	 97.5	 0.000	 0.000
1.5	 97.5	 0.059	 0.941
3.3	 97.5	 0.071	 1.106
5.2	 97.5	 0.035	 1.235
6.9	 97.5	 -0.024	 1.235
8.8	 97.5	 -0.035	 0.918
10.7	 97.5	 -0.459	 1.271
12.4	 97.5	 -0.247	 0.906
14.2	 97.5	 -0.153	 1.188
16.1	 97.5	 -0.153	 0.847
17.9	 97.5	 -0.082	 0.965
19.6	 97.5	 -0.082	 0.859
21.4	 97.5	 -0.459	 1.130
23.3	 97.5	 -0.224	 0.988
25.1	 97.5	 -0.118	 0.906
26.9	 97.5	 -0.188	 0.918
28.6	 97.5	 -0.106	 1.235
30.5	 97.5	 -0.106	 1.577
32.3	 97.5	 0.047	 1.812
34.1	 97.5	 0.129	 1.553
36.0	 97.5	 0.082	 1.271
37.8	 97.5	 -0.082	 1.247
39.5	 97.5	 -0.082	 1.283
41.4	 97.5	 0.000	 0.000
43.1	 97.5	 0.012	 0.835
45.0	 97.5	 -0.035	 1.259
46.8	 97.5	 0.012	 1.494
48.5	 97.5	 0.059	 1.306
50.4	 97.5	 0.224	 0.871
52.1	 97.5	 -0.012	 1.365
54.0	 97.5	 0.012	 1.647
55.8	 97.5	 0.035	 1.153
57.5	 97.5	 0.047	 0.988
59.5	 97.5	 0.012	 0.977
61.3	 97.5	 0.000	 0.000
63.0	 97.5	 0.047	 1.012
64.8	 97.5	 -0.024	 1.012
66.7	 97.5	 -0.059	 0.094
68.5	 97.5	 0.071	 0.624
70.3	 97.5	 0.000	 0.000
-2.0	 99.3	 0.000	 0.000
-0.3	 99.3	 0.035	 -1.506
1.5	 99.3	 0.000	 1.188
3.3	 99.3	 -0.094	 1.177
5.2	 99.3	 0.082	 1.318
6.9	 99.3	 -0.200	 1.047
8.8	 99.3	 0.000	 0.965
10.7	 99.3	 0.024	 0.977
12.4	 99.3	 -0.035	 1.118
14.2	 99.3	 -0.082	 1.059
16.1	 99.3	 -0.024	 1.224
17.9	 99.3	 -0.071	 1.000
19.6	 99.3	 -0.024	 0.788
21.4	 99.3	 -0.024	 0.894
23.3	 99.3	 -0.118	 0.835
25.1	 99.3	 0.000	 0.000
26.9	 99.3	 -0.118	 1.024
28.6	 99.3	 0.000	 0.000
30.5	 99.3	 0.035	 0.953
32.3	 99.3	 -0.176	 1.259
34.1	 99.3	 -0.071	 1.047
36.0	 99.3	 0.071	 1.577
37.8	 99.3	 -0.059	 1.341
39.5	 99.3	 0.165	 1.035
41.4	 99.3	 0.082	 1.200
43.1	 99.3	 0.059	 0.835
45.0	 99.3	 -0.129	 1.800
46.8	 99.3	 0.000	 0.000
48.5	 99.3	 0.000	 0.000
50.4	 99.3	 0.259	 1.353
52.1	 99.3	 0.082	 1.483
54.0	 99.3	 0.000	 0.000
55.8	 99.3	 0.306	 1.177
57.5	 99.3	 0.153	 1.035
59.5	 99.3	 0.224	 0.977
61.3	 99.3	 0.106	 1.177
63.0	 99.3	 -0.059	 1.059
64.8	 99.3	 -0.729	 0.318
66.7	 99.3	 -0.141	 0.882
68.5	 99.3	 -0.106	 0.988
70.3	 99.3	 0.000	 0.000
-2.0	 101.1	 0.000	 0.000
-0.3	 101.1	 0.000	 0.000
1.5	 101.1	 0.035	 1.071
3.3	 101.1	 0.024	 1.447
5.2	 101.1	 0.118	 1.412
6.9	 101.1	 -0.259	 0.659
8.8	 101.1	 0.012	 0.977
10.7	 101.1	 -0.024	 0.930
12.4	 101.1	 -0.035	 1.012
14.2	 101.1	 -0.165	 0.871
16.1	 101.1	 0.294	 1.024
17.9	 101.1	 0.059	 1.118
19.6	 101.1	 0.000	 0.000
21.4	 101.1	 0.000	 0.000
23.3	 101.1	 0.071	 0.918
25.1	 101.1	 -0.071	 0.953
26.9	 101.1	 -0.082	 0.894
28.6	 101.1	 -0.012	 1.471
30.5	 101.1	 -0.082	 1.177
32.3	 101.1	 -0.141	 1.000
34.1	 101.1	 -0.153	 1.153
36.0	 101.1	 0.000	 0.000
37.8	 101.1	 -0.035	 1.094
39.5	 101.1	 0.000	 1.071
41.4	 101.1	 -0.012	 1.283
43.1	 101.1	 0.071	 0.812
45.0	 101.1	 0.035	 1.577
46.8	 101.1	 0.129	 1.553
48.5	 101.1	 0.176	 1.212
50.4	 101.1	 0.153	 0.600
52.1	 101.1	 -0.024	 0.953
54.0	 101.1	 0.176	 1.318
55.8	 101.1	 0.153	 0.847
57.5	 101.1	 0.094	 0.918
59.5	 101.1	 -0.082	 0.647
61.3	 101.1	 0.012	 0.682
63.0	 101.1	 0.000	 0.000
64.8	 101.1	 -0.188	 0.694
66.7	 101.1	 -0.118	 0.529
68.5	 101.1	 -0.153	 0.612
70.3	 101.1	 0.000	 0.000
-2.0	 102.8	 0.000	 0.000
-0.3	 102.8	 0.000	 0.000
1.5	 102.8	 -0.035	 1.130
3.3	 102.8	 0.012	 1.059
5.2	 102.8	 -0.153	 1.412
6.9	 102.8	 -0.224	 1.318
8.8	 102.8	 0.082	 1.224
10.7	 102.8	 0.059	 1.071
12.4	 102.8	 0.012	 0.977
14.2	 102.8	 -0.118	 0.741
16.1	 102.8	 0.306	 1.059
17.9	 102.8	 0.082	 1.141
19.6	 102.8	 0.129	 1.082
21.4	 102.8	 0.000	 0.000
23.3	 102.8	 0.082	 1.094
25.1	 102.8	 0.035	 1.118
26.9	 102.8	 0.035	 1.071
28.6	 102.8	 -0.071	 1.071
30.5	 102.8	 -0.176	 0.894
32.3	 102.8	 0.082	 0.600
34.1	 102.8	 -0.024	 0.800
36.0	 102.8	 0.000	 0.000
37.8	 102.8	 -0.306	 0.835
39.5	 102.8	 -0.318	 1.059
41.4	 102.8	 0.000	 0.000
43.1	 102.8	 0.353	 1.294
45.0	 102.8	 0.141	 0.777
46.8	 102.8	 0.188	 0.941
48.5	 102.8	 0.035	 1.012
50.4	 102.8	 0.118	 0.894
52.1	 102.8	 0.106	 0.918
54.0	 102.8	 0.271	 1.082
55.8	 102.8	 0.071	 0.635
57.5	 102.8	 0.106	 0.718
59.5	 102.8	 0.188	 0.812
61.3	 102.8	 0.094	 1.071
63.0	 102.8	 -0.012	 0.894
64.8	 102.8	 0.035	 0.788
66.7	 102.8	 -0.012	 0.930
68.5	 102.8	 -0.306	 0.824
70.3	 102.8	 0.000	 0.000
-2.0	 104.7	 0.000	 0.000
-0.3	 104.7	 0.012	 -0.953
1.5	 104.7	 -0.035	 1.059
3.3	 104.7	 0.129	 1.188
5.2	 104.7	 -0.071	 1.071
6.9	 104.7	 0.071	 0.835
8.8	 104.7	 0.000	 0.953
10.7	 104.7	 0.129	 1.082
12.4	 104.7	 0.235	 0.930
14.2	 104.7	 0.118	 0.977
16.1	 104.7	 0.082	 1.094
17.9	 104.7	 0.094	 1.106
19.6	 104.7	 0.000	 0.000
21.4	 104.7	 -0.129	 0.988
23.3	 104.7	 0.024	 0.965
25.1	 104.7	 -0.035	 1.059
26.9	 104.7	 0.035	 1.059
28.6	 104.7	 0.082	 0.812
30.5	 104.7	 0.012	 0.988
32.3	 104.7	 -0.059	 1.000
34.1	 104.7	 0.047	 1.247
36.0	 104.7	 0.035	 0.777
37.8	 104.7	 0.129	 2.036
39.5	 104.7	 0.000	 0.000
41.4	 104.7	 0.000	 0.000
43.1	 104.7	 -0.047	 1.141
45.0	 104.7	 0.094	 0.729
46.8	 104.7	 -0.082	 0.777
48.5	 104.7	 0.129	 0.930
50.4	 104.7	 0.082	 0.800
52.1	 104.7	 0.071	 1.047
54.0	 104.7	 -0.294	 0.788
55.8	 104.7	 0.047	 0.918
57.5	 104.7	 0.176	 0.918
59.5	 104.7	 0.094	 0.930
61.3	 104.7	 0.024	 0.882
63.0	 104.7	 0.094	 0.835
64.8	 104.7	 0.141	 0.777
66.7	 104.7	 0.024	 0.824
68.5	 104.7	 0.000	 0.000
70.3	 104.7	 0.000	 0.000
-2.0	 106.5	 0.000	 0.000
-0.3	 106.5	 0.000	 0.000
1.5	 106.5	 -0.071	 1.188
3.3	 106.5	 -0.047	 1.577
5.2	 106.5	 0.176	 1.012
6.9	 106.5	 0.106	 1.188
8.8	 106.5	 0.329	 1.565
10.7	 106.5	 0.424	 1.706
12.4	 106.5	 0.106	 0.941
14.2	 106.5	 -0.106	 1.377
16.1	 106.5	 0.012	 1.271
17.9	 106.5	 0.000	 0.000
19.6	 106.5	 0.000	 0.000
21.4	 106.5	 0.000	 0.000
23.3	 106.5	 0.035	 0.930
25.1	 106.5	 -0.271	 1.106
26.9	 106.5	 0.000	 1.012
28.6	 106.5	 0.071	 0.812
30.5	 106.5	 0.059	 0.918
32.3	 106.5	 -0.165	 0.941
34.1	 106.5	 -0.012	 0.941
36.0	 106.5	 0.082	 0.612
37.8	 106.5	 0.059	 0.977
39.5	 106.5	 -0.035	 0.930
41.4	 106.5	 -0.059	 1.082
43.1	 106.5	 0.212	 0.953
45.0	 106.5	 0.188	 0.941
46.8	 106.5	 0.294	 1.141
48.5	 106.5	 0.741	 1.565
50.4	 106.5	 0.047	 1.118
52.1	 106.5	 0.000	 0.882
54.0	 106.5	 -0.129	 1.035
55.8	 106.5	 0.059	 1.059
57.5	 106.5	 0.024	 0.871
59.5	 106.5	 0.176	 0.847
61.3	 106.5	 0.153	 0.965
63.0	 106.5	 0.082	 0.894
64.8	 106.5	 0.153	 0.835
66.7	 106.5	 0.200	 0.741
68.5	 106.5	 -0.047	 0.753
70.3	 106.5	 0.000	 0.000
-2.0	 108.3	 0.000	 0.000
-0.3	 108.3	 0.000	 0.000
1.5	 108.3	 -0.024	 0.871
3.3	 108.3	 -0.047	 1.388
5.2	 108.3	 0.153	 1.235
6.9	 108.3	 -0.188	 1.082
8.8	 108.3	 0.000	 1.271
10.7	 108.3	 -0.059	 0.941
12.4	 108.3	 0.435	 1.247
14.2	 108.3	 0.094	 1.094
16.1	 108.3	 0.059	 1.047
17.9	 108.3	 0.235	 1.177
19.6	 108.3	 0.165	 0.424
21.4	 108.3	 -0.024	 1.035
23.3	 108.3	 -0.035	 1.094
25.1	 108.3	 -0.282	 1.212
26.9	 108.3	 -0.188	 0.918
28.6	 108.3	 -0.059	 0.847
30.5	 108.3	 0.094	 0.824
32.3	 108.3	 -0.035	 1.094
34.1	 108.3	 -0.118	 0.941
36.0	 108.3	 0.129	 1.494
37.8	 108.3	 0.024	 0.753
39.5	 108.3	 0.012	 0.918
41.4	 108.3	 0.082	 0.918
43.1	 108.3	 0.318	 1.400
45.0	 108.3	 -0.024	 1.035
46.8	 108.3	 0.059	 0.824
48.5	 108.3	 0.094	 0.600
50.4	 108.3	 0.024	 0.671
52.1	 108.3	 0.153	 1.836
54.0	 108.3	 0.200	 1.435
55.8	 108.3	 0.188	 1.247
57.5	 108.3	 0.247	 1.094
59.5	 108.3	 0.094	 0.812
61.3	 108.3	 0.024	 0.659
63.0	 108.3	 0.224	 0.812
64.8	 108.3	 0.059	 0.753
66.7	 108.3	 -0.012	 0.788
68.5	 108.3	 -0.047	 0.729
70.3	 108.3	 0.000	 0.000
-2.0	 110.1	 0.000	 0.000
-0.3	 110.1	 0.000	 0.000
1.5	 110.1	 -0.082	 0.941
3.3	 110.1	 0.035	 1.024
5.2	 110.1	 0.129	 1.024
6.9	 110.1	 -0.012	 1.365
8.8	 110.1	 0.059	 1.177
10.7	 110.1	 -0.141	 1.106
12.4	 110.1	 0.082	 1.212
14.2	 110.1	 0.141	 1.106
16.1	 110.1	 0.106	 0.930
17.9	 110.1	 0.012	 0.988
19.6	 110.1	 0.071	 0.694
21.4	 110.1	 -0.082	 0.847
23.3	 110.1	 -0.118	 0.824
25.1	 110.1	 -0.012	 0.871
26.9	 110.1	 -0.153	 0.365
28.6	 110.1	 0.000	 0.000
30.5	 110.1	 0.012	 1.118
32.3	 110.1	 0.035	 1.071
34.1	 110.1	 0.012	 0.847
36.0	 110.1	 0.000	 0.000
37.8	 110.1	 -0.047	 1.035
39.5	 110.1	 0.106	 1.177
41.4	 110.1	 -0.071	 0.953
43.1	 110.1	 -0.094	 1.883
45.0	 110.1	 -0.141	 1.094
46.8	 110.1	 0.000	 0.000
48.5	 110.1	 0.129	 0.977
50.4	 110.1	 0.035	 1.059
52.1	 110.1	 0.341	 1.247
54.0	 110.1	 0.071	 1.082
55.8	 110.1	 0.541	 1.283
57.5	 110.1	 0.200	 0.859
59.5	 110.1	 -0.129	 0.788
61.3	 110.1	 -0.024	 0.800
63.0	 110.1	 0.071	 0.612
64.8	 110.1	 0.118	 0.824
66.7	 110.1	 0.318	 0.765
68.5	 110.1	 0.000	 0.000
70.3	 110.1	 0.000	 0.000
-2.0	 112.0	 0.000	 0.000
-0.3	 112.0	 0.000	 0.000
1.5	 112.0	 -0.024	 1.071
3.3	 112.0	 0.012	 1.047
5.2	 112.0	 0.212	 1.165
6.9	 112.0	 -0.012	 1.035
8.8	 112.0	 0.000	 0.000
10.7	 112.0	 0.000	 1.365
12.4	 112.0	 -0.094	 1.130
14.2	 112.0	 0.141	 0.529
16.1	 112.0	 0.000	 0.000
17.9	 112.0	 0.118	 1.153
19.6	 112.0	 0.000	 0.000
21.4	 112.0	 -0.059	 0.859
23.3	 112.0	 -0.129	 0.859
25.1	 112.0	 0.141	 0.800
26.9	 112.0	 -0.141	 0.812
28.6	 112.0	 0.000	 0.000
30.5	 112.0	 0.388	 1.471
32.3	 112.0	 0.271	 1.094
34.1	 112.0	 0.094	 0.553
36.0	 112.0	 0.024	 0.965
37.8	 112.0	 -0.059	 1.506
39.5	 112.0	 -0.118	 1.012
41.4	 112.0	 0.000	 0.000
43.1	 112.0	 0.106	 0.565
45.0	 112.0	 0.000	 0.000
46.8	 112.0	 0.000	 0.000
48.5	 112.0	 -0.035	 0.930
50.4	 112.0	 0.047	 0.694
52.1	 112.0	 0.012	 0.153
54.0	 112.0	 0.012	 1.082
55.8	 112.0	 -0.118	 0.800
57.5	 112.0	 0.082	 1.000
59.5	 112.0	 0.000	 0.824
61.3	 112.0	 0.035	 0.659
63.0	 112.0	 -0.047	 0.777
64.8	 112.0	 0.071	 0.329
66.7	 112.0	 0.012	 0.541
68.5	 112.0	 0.000	 0.000
70.3	 112.0	 0.035	 0.000
-2.0	 113.8	 0.000	 0.000
-0.3	 113.8	 0.000	 0.000
1.5	 113.8	 0.024	 1.165
3.3	 113.8	 -0.047	 1.271
5.2	 113.8	 0.000	 0.000
6.9	 113.8	 -0.188	 1.353
8.8	 113.8	 0.129	 1.659
10.7	 113.8	 0.365	 1.812
12.4	 113.8	 0.024	 1.141
14.2	 113.8	 0.071	 -0.894
16.1	 113.8	 0.059	 -0.741
17.9	 113.8	 0.106	 1.118
19.6	 113.8	 0.106	 1.224
21.4	 113.8	 0.118	 1.082
23.3	 113.8	 0.000	 0.000
25.1	 113.8	 0.000	 0.000
26.9	 113.8	 0.000	 0.000
28.6	 113.8	 0.165	 1.000
30.5	 113.8	 0.129	 1.035
32.3	 113.8	 -0.024	 0.541
34.1	 113.8	 0.000	 0.294
36.0	 113.8	 0.188	 1.777
37.8	 113.8	 -0.059	 0.871
39.5	 113.8	 -0.047	 0.859
41.4	 113.8	 0.294	 1.612
43.1	 113.8	 0.188	 1.506
45.0	 113.8	 -0.059	 1.106
46.8	 113.8	 0.000	 0.000
48.5	 113.8	 0.047	 1.118
50.4	 113.8	 0.153	 1.259
52.1	 113.8	 0.129	 1.247
54.0	 113.8	 0.224	 1.188
55.8	 113.8	 0.000	 1.141
57.5	 113.8	 0.000	 0.000
59.5	 113.8	 0.118	 0.765
61.3	 113.8	 0.141	 0.847
63.0	 113.8	 0.200	 0.835
64.8	 113.8	 0.047	 0.741
66.7	 113.8	 -0.059	 0.741
68.5	 113.8	 0.000	 0.000
70.3	 113.8	 0.000	 0.000
-2.0	 115.6	 0.000	 0.000
-0.3	 115.6	 0.000	 0.000
1.5	 115.6	 0.106	 1.435
3.3	 115.6	 -0.024	 1.459
5.2	 115.6	 -0.035	 0.871
6.9	 115.6	 0.188	 1.553
8.8	 115.6	 0.071	 1.530
10.7	 115.6	 -0.012	 1.283
12.4	 115.6	 -0.024	 1.118
14.2	 115.6	 0.000	 0.000
16.1	 115.6	 0.071	 0.529
17.9	 115.6	 0.082	 0.588
19.6	 115.6	 0.000	 0.000
21.4	 115.6	 0.212	 1.212
23.3	 115.6	 -0.059	 0.918
25.1	 115.6	 0.000	 0.000
26.9	 115.6	 0.141	 1.141
28.6	 115.6	 0.153	 1.012
30.5	 115.6	 0.118	 1.012
32.3	 115.6	 -0.082	 0.882
34.1	 115.6	 -0.176	 2.200
36.0	 115.6	 0.059	 0.788
37.8	 115.6	 0.012	 0.871
39.5	 115.6	 0.035	 0.988
41.4	 115.6	 0.141	 0.977
43.1	 115.6	 0.129	 1.200
45.0	 115.6	 0.000	 1.024
46.8	 115.6	 0.165	 0.965
48.5	 115.6	 0.082	 0.859
50.4	 115.6	 0.106	 0.259
52.1	 115.6	 0.318	 0.259
54.0	 115.6	 -0.059	 0.918
55.8	 115.6	 -0.059	 0.694
57.5	 115.6	 0.000	 0.953
59.5	 115.6	 0.059	 1.224
61.3	 115.6	 0.082	 1.141
63.0	 115.6	 0.094	 0.753
64.8	 115.6	 0.141	 0.965
66.7	 115.6	 0.000	 0.000
68.5	 115.6	 0.012	 1.141
70.3	 115.6	 0.000	 0.000
-2.0	 117.3	 0.000	 0.000
-0.3	 117.3	 0.000	 0.000
1.5	 117.3	 0.000	 0.000
3.3	 117.3	 -0.047	 1.306
5.2	 117.3	 0.141	 1.365
6.9	 117.3	 0.388	 1.753
8.8	 117.3	 0.318	 1.765
10.7	 117.3	 0.106	 0.941
12.4	 117.3	 0.447	 2.412
14.2	 117.3	 1.071	 2.177
16.1	 117.3	 -0.024	 1.141
17.9	 117.3	 -0.059	 1.130
19.6	 117.3	 0.000	 0.000
21.4	 117.3	 -0.012	 1.165
23.3	 117.3	 -0.059	 0.930
25.1	 117.3	 0.012	 0.624
26.9	 117.3	 0.165	 1.200
28.6	 117.3	 0.071	 1.106
30.5	 117.3	 -0.047	 1.047
32.3	 117.3	 0.071	 0.788
34.1	 117.3	 0.165	 0.847
36.0	 117.3	 0.200	 1.071
37.8	 117.3	 0.388	 1.447
39.5	 117.3	 0.071	 1.212
41.4	 117.3	 0.000	 1.035
43.1	 117.3	 -0.035	 0.824
45.0	 117.3	 0.035	 0.741
46.8	 117.3	 0.000	 0.000
48.5	 117.3	 0.012	 0.894
50.4	 117.3	 -0.047	 0.941
52.1	 117.3	 0.000	 2.200
54.0	 117.3	 -0.035	 1.047
55.8	 117.3	 0.094	 0.859
57.5	 117.3	 0.118	 1.012
59.5	 117.3	 -0.094	 1.012
61.3	 117.3	 0.024	 1.071
63.0	 117.3	 -0.141	 0.812
64.8	 117.3	 0.000	 0.000
66.7	 117.3	 -0.129	 0.788
68.5	 117.3	 0.059	 1.024
70.3	 117.3	 0.000	 0.000
-2.0	 119.2	 0.000	 0.000
-0.3	 119.2	 -0.012	 -1.706
1.5	 119.2	 -0.047	 0.988
3.3	 119.2	 -0.059	 1.153
5.2	 119.2	 0.000	 0.000
6.9	 119.2	 0.141	 0.694
8.8	 119.2	 0.012	 0.412
10.7	 119.2	 0.000	 0.000
12.4	 119.2	 0.224	 1.353
14.2	 119.2	 0.153	 1.094
16.1	 119.2	 0.012	 1.177
17.9	 119.2	 0.412	 1.094
19.6	 119.2	 0.471	 1.177
21.4	 119.2	 -0.306	 1.177
23.3	 119.2	 -0.071	 0.706
25.1	 119.2	 -0.024	 1.271
26.9	 119.2	 -0.082	 1.094
28.6	 119.2	 0.000	 0.000
30.5	 119.2	 0.000	 0.000
32.3	 119.2	 0.165	 1.224
34.1	 119.2	 0.106	 0.271
36.0	 119.2	 -0.577	 0.918
37.8	 119.2	 0.000	 0.000
39.5	 119.2	 0.000	 0.965
41.4	 119.2	 0.035	 1.000
43.1	 119.2	 -0.024	 0.659
45.0	 119.2	 -0.035	 0.647
46.8	 119.2	 0.118	 0.930
48.5	 119.2	 0.212	 1.224
50.4	 119.2	 -0.059	 0.894
52.1	 119.2	 -0.012	 0.824
54.0	 119.2	 0.059	 0.941
55.8	 119.2	 0.035	 1.047
57.5	 119.2	 0.000	 1.035
59.5	 119.2	 -0.012	 0.953
61.3	 119.2	 0.365	 1.224
63.0	 119.2	 0.059	 0.824
64.8	 119.2	 0.224	 0.788
66.7	 119.2	 0.165	 0.271
68.5	 119.2	 0.024	 0.977
70.3	 119.2	 0.000	 0.000
-2.0	 121.0	 0.000	 0.000
-0.3	 121.0	 0.000	 0.000
1.5	 121.0	 -0.047	 1.130
3.3	 121.0	 0.000	 1.130
5.2	 121.0	 0.106	 1.224
6.9	 121.0	 0.035	 1.388
8.8	 121.0	 0.000	 0.000
10.7	 121.0	 0.000	 0.000
12.4	 121.0	 0.012	 1.318
14.2	 121.0	 0.024	 1.130
16.1	 121.0	 0.000	 0.000
17.9	 121.0	 0.153	 0.965
19.6	 121.0	 -0.024	 1.306
21.4	 121.0	 -0.188	 1.306
23.3	 121.0	 0.000	 0.000
25.1	 121.0	 -0.106	 0.694
26.9	 121.0	 0.047	 1.035
28.6	 121.0	 0.000	 0.000
30.5	 121.0	 0.000	 0.000
32.3	 121.0	 0.024	 2.365
34.1	 121.0	 -0.459	 1.788
36.0	 121.0	 0.035	 0.906
37.8	 121.0	 -0.212	 1.306
39.5	 121.0	 0.024	 1.130
41.4	 121.0	 -0.212	 1.459
43.1	 121.0	 0.588	 1.647
45.0	 121.0	 0.212	 0.729
46.8	 121.0	 -0.024	 0.988
48.5	 121.0	 -0.024	 0.941
50.4	 121.0	 -0.047	 0.541
52.1	 121.0	 -0.024	 1.365
54.0	 121.0	 0.059	 1.224
55.8	 121.0	 0.047	 1.165
57.5	 121.0	 -0.012	 0.694
59.5	 121.0	 -0.012	 0.706
61.3	 121.0	 0.000	 0.000
63.0	 121.0	 0.012	 0.894
64.8	 121.0	 0.118	 0.388
66.7	 121.0	 0.024	 0.918
68.5	 121.0	 0.129	 0.682
70.3	 121.0	 0.000	 0.000
-2.0	 122.8	 0.000	 0.000
-0.3	 122.8	 -0.094	 1.200
1.5	 122.8	 0.047	 1.306
3.3	 122.8	 0.129	 1.082
5.2	 122.8	 0.000	 1.106
6.9	 122.8	 -0.176	 1.094
8.8	 122.8	 0.176	 1.271
10.7	 122.8	 0.000	 0.000
12.4	 122.8	 0.000	 0.000
14.2	 122.8	 0.259	 1.330
16.1	 122.8	 0.000	 0.000
17.9	 122.8	 0.165	 0.953
19.6	 122.8	 0.235	 1.118
21.4	 122.8	 -0.118	 0.882
23.3	 122.8	 -0.118	 0.788
25.1	 122.8	 0.000	 0.000
26.9	 122.8	 -0.118	 0.377
28.6	 122.8	 0.000	 0.000
30.5	 122.8	 -0.094	 1.024
32.3	 122.8	 0.000	 0.000
34.1	 122.8	 -0.071	 1.082
36.0	 122.8	 -0.035	 1.188
37.8	 122.8	 0.082	 0.624
39.5	 122.8	 0.012	 0.930
41.4	 122.8	 0.035	 1.165
43.1	 122.8	 0.118	 0.577
45.0	 122.8	 -0.459	 0.306
46.8	 122.8	 -0.071	 1.047
48.5	 122.8	 -0.094	 1.047
50.4	 122.8	 0.000	 0.000
52.1	 122.8	 0.059	 1.035
54.0	 122.8	 0.024	 1.118
55.8	 122.8	 0.141	 0.741
57.5	 122.8	 -0.059	 1.035
59.5	 122.8	 0.000	 0.000
61.3	 122.8	 0.153	 1.024
63.0	 122.8	 0.059	 0.741
64.8	 122.8	 0.094	 0.812
66.7	 122.8	 0.000	 0.000
68.5	 122.8	 0.153	 0.800
70.3	 122.8	 0.000	 0.000
-2.0	 124.6	 0.000	 0.000
-0.3	 124.6	 0.000	 0.000
1.5	 124.6	 0.259	 0.729
3.3	 124.6	 -0.035	 1.247
5.2	 124.6	 0.047	 1.047
6.9	 124.6	 -0.024	 0.882
8.8	 124.6	 0.000	 0.000
10.7	 124.6	 0.024	 1.306
12.4	 124.6	 0.141	 1.200
14.2	 124.6	 0.035	 0.871
16.1	 124.6	 -0.200	 1.271
17.9	 124.6	 0.141	 1.118
19.6	 124.6	 0.047	 1.224
21.4	 124.6	 0.000	 0.000
23.3	 124.6	 -0.106	 0.588
25.1	 124.6	 0.000	 0.000
26.9	 124.6	 -0.118	 0.353
28.6	 124.6	 0.000	 0.200
30.5	 124.6	 -0.082	 1.094
32.3	 124.6	 -0.412	 2.353
34.1	 124.6	 -0.024	 1.035
36.0	 124.6	 0.412	 1.494
37.8	 124.6	 0.176	 0.965
39.5	 124.6	 0.141	 0.412
41.4	 124.6	 0.082	 0.612
43.1	 124.6	 0.035	 0.918
45.0	 124.6	 0.012	 0.847
46.8	 124.6	 -0.012	 1.094
48.5	 124.6	 0.106	 1.247
50.4	 124.6	 0.188	 1.153
52.1	 124.6	 0.000	 0.000
54.0	 124.6	 -0.071	 1.035
55.8	 124.6	 0.000	 0.941
57.5	 124.6	 0.000	 0.000
59.5	 124.6	 0.082	 0.553
61.3	 124.6	 0.106	 0.247
63.0	 124.6	 -0.200	 0.777
64.8	 124.6	 -0.047	 0.694
66.7	 124.6	 0.000	 0.000
68.5	 124.6	 -0.165	 0.800
70.3	 124.6	 0.000	 0.000
