-1.7	 50.8	 0.000	 0.000
0.0	 50.8	 -0.058	 1.051
1.9	 50.8	 -0.012	 0.853
3.6	 50.8	 -0.058	 0.876
5.5	 50.8	 0.012	 0.829
7.3	 50.8	 0.152	 0.806
9.0	 50.8	 -0.350	 1.074
10.8	 50.8	 -0.199	 1.074
12.5	 50.8	 -0.023	 1.145
14.4	 50.8	 -0.128	 1.320
16.1	 50.8	 -0.058	 1.051
18.0	 50.8	 -0.023	 0.794
19.8	 50.8	 0.117	 1.098
21.5	 50.8	 -0.093	 1.460
23.4	 50.8	 0.023	 2.079
25.1	 50.8	 -0.035	 1.121
27.0	 50.8	 -0.082	 1.401
28.8	 50.8	 -0.023	 1.413
30.5	 50.8	 -0.152	 1.366
32.4	 50.8	 0.035	 1.331
34.1	 50.8	 0.023	 1.343
36.0	 50.8	 -0.234	 1.600
37.6	 50.8	 -0.082	 1.577
39.5	 50.8	 0.152	 1.086
41.3	 50.8	 0.105	 1.051
43.0	 50.8	 0.070	 1.565
44.9	 50.8	 -0.070	 1.401
46.6	 50.8	 -0.082	 1.448
48.5	 50.8	 -0.222	 1.565
50.3	 50.8	 0.187	 1.483
52.0	 50.8	 0.000	 1.273
53.9	 50.8	 0.117	 1.530
55.6	 50.8	 0.000	 1.787
57.5	 50.8	 -0.082	 1.764
59.3	 50.8	 0.000	 1.168
61.0	 50.8	 -0.082	 1.203
62.9	 50.8	 0.047	 1.238
64.6	 50.8	 -0.093	 0.911
66.4	 50.8	 0.082	 0.782
68.1	 50.8	 0.000	 0.000
70.0	 50.8	 0.000	 0.000
-1.7	 52.6	 0.000	 0.000
0.0	 52.6	 -0.058	 -1.565
1.9	 52.6	 -0.047	 0.853
3.6	 52.6	 0.035	 0.853
5.5	 52.6	 0.105	 0.853
7.3	 52.6	 0.070	 0.619
9.0	 52.6	 0.047	 0.747
10.8	 52.6	 -0.023	 0.841
12.5	 52.6	 -0.023	 1.191
14.4	 52.6	 -0.047	 1.168
16.1	 52.6	 -0.128	 1.004
18.0	 52.6	 -0.093	 0.864
19.8	 52.6	 0.058	 1.308
21.5	 52.6	 0.000	 1.460
23.4	 52.6	 -0.058	 2.359
25.1	 52.6	 -0.175	 1.787
27.0	 52.6	 -0.140	 1.074
28.8	 52.6	 -0.117	 1.203
30.5	 52.6	 -0.210	 1.401
32.4	 52.6	 -0.245	 1.285
34.1	 52.6	 -0.012	 1.250
36.0	 52.6	 -0.187	 1.215
37.6	 52.6	 -0.047	 1.133
39.5	 52.6	 -0.058	 1.168
41.3	 52.6	 0.117	 1.226
43.0	 52.6	 0.058	 1.425
44.9	 52.6	 -0.023	 1.670
46.6	 52.6	 0.047	 1.705
48.5	 52.6	 -0.070	 1.799
50.3	 52.6	 -0.105	 1.670
52.0	 52.6	 -0.023	 1.530
53.9	 52.6	 0.140	 1.717
55.6	 52.6	 0.000	 1.682
57.5	 52.6	 0.012	 1.378
59.3	 52.6	 -0.093	 1.425
61.0	 52.6	 -0.047	 1.086
62.9	 52.6	 -0.047	 1.051
64.6	 52.6	 0.000	 1.074
66.4	 52.6	 0.047	 0.969
68.1	 52.6	 0.000	 0.000
70.0	 52.6	 0.000	 0.000
-1.7	 54.4	 0.000	 0.000
0.0	 54.4	 0.000	 0.000
1.9	 54.4	 -0.035	 1.039
3.6	 54.4	 -0.012	 1.051
5.5	 54.4	 0.047	 0.946
7.3	 54.4	 -0.023	 0.899
9.0	 54.4	 0.023	 1.028
10.8	 54.4	 -0.117	 1.133
12.5	 54.4	 -0.012	 0.829
14.4	 54.4	 0.175	 0.853
16.1	 54.4	 0.128	 0.841
18.0	 54.4	 0.000	 0.000
19.8	 54.4	 -0.210	 1.308
21.5	 54.4	 -0.175	 1.296
23.4	 54.4	 -0.140	 1.682
25.1	 54.4	 -0.023	 1.693
27.0	 54.4	 -0.128	 1.226
28.8	 54.4	 -0.093	 0.899
30.5	 54.4	 0.070	 1.296
32.4	 54.4	 -0.023	 1.016
34.1	 54.4	 0.245	 1.401
36.0	 54.4	 0.140	 1.145
37.6	 54.4	 -0.128	 1.261
39.5	 54.4	 -0.082	 1.238
41.3	 54.4	 -0.058	 1.717
43.0	 54.4	 -0.058	 1.448
44.9	 54.4	 0.012	 1.390
46.6	 54.4	 0.023	 1.577
48.5	 54.4	 0.093	 1.401
50.3	 54.4	 -0.128	 1.588
52.0	 54.4	 -0.105	 1.565
53.9	 54.4	 -0.117	 1.507
55.6	 54.4	 -0.362	 1.834
57.5	 54.4	 -0.105	 1.612
59.3	 54.4	 0.035	 1.168
61.0	 54.4	 -0.245	 1.215
62.9	 54.4	 0.058	 1.156
64.6	 54.4	 -0.082	 0.934
66.4	 54.4	 0.105	 0.841
68.1	 54.4	 0.093	 0.946
70.0	 54.4	 0.000	 0.000
-1.7	 56.1	 0.000	 0.000
0.0	 56.1	 0.000	 0.000
1.9	 56.1	 -0.012	 0.876
3.6	 56.1	 0.023	 0.806
5.5	 56.1	 0.000	 0.969
7.3	 56.1	 0.012	 0.934
9.0	 56.1	 -0.023	 1.028
10.8	 56.1	 -0.058	 1.156
12.5	 56.1	 0.047	 1.472
14.4	 56.1	 0.082	 1.308
16.1	 56.1	 0.035	 0.934
18.0	 56.1	 -0.082	 1.273
19.8	 56.1	 0.035	 1.261
21.5	 56.1	 -0.047	 1.472
23.4	 56.1	 -0.257	 1.495
25.1	 56.1	 -0.035	 1.728
27.0	 56.1	 0.082	 1.600
28.8	 56.1	 0.058	 1.355
30.5	 56.1	 0.093	 1.308
32.4	 56.1	 -0.082	 1.145
34.1	 56.1	 0.082	 1.366
36.0	 56.1	 0.292	 1.051
37.6	 56.1	 0.315	 1.437
39.5	 56.1	 0.187	 1.191
41.3	 56.1	 0.058	 1.261
43.0	 56.1	 -0.047	 1.518
44.9	 56.1	 0.210	 2.102
46.6	 56.1	 -0.128	 1.495
48.5	 56.1	 -0.304	 1.845
50.3	 56.1	 -0.596	 2.032
52.0	 56.1	 -0.222	 1.647
53.9	 56.1	 -0.152	 1.752
55.6	 56.1	 -0.093	 1.390
57.5	 56.1	 0.035	 1.121
59.3	 56.1	 0.117	 1.215
61.0	 56.1	 0.152	 1.191
62.9	 56.1	 0.128	 1.203
64.6	 56.1	 0.047	 0.923
66.4	 56.1	 0.070	 0.899
68.1	 56.1	 0.117	 0.969
70.0	 56.1	 0.000	 0.000
-1.7	 57.9	 0.000	 0.000
0.0	 57.9	 0.000	 0.000
1.9	 57.9	 0.000	 0.864
3.6	 57.9	 0.047	 0.899
5.5	 57.9	 0.000	 0.934
7.3	 57.9	 -0.023	 1.086
9.0	 57.9	 0.035	 1.004
10.8	 57.9	 -0.047	 1.039
12.5	 57.9	 -0.023	 1.203
14.4	 57.9	 -0.187	 1.378
16.1	 57.9	 0.035	 1.355
18.0	 57.9	 -0.152	 1.542
19.8	 57.9	 0.000	 0.000
21.5	 57.9	 0.000	 0.000
23.4	 57.9	 -0.175	 1.390
25.1	 57.9	 0.012	 1.366
27.0	 57.9	 0.117	 1.577
28.8	 57.9	 -0.093	 1.810
30.5	 57.9	 0.012	 1.670
32.4	 57.9	 -0.023	 1.250
34.1	 57.9	 0.000	 0.000
36.0	 57.9	 0.105	 1.004
37.6	 57.9	 0.035	 1.133
39.5	 57.9	 0.070	 1.004
41.3	 57.9	 0.140	 1.098
43.0	 57.9	 -0.023	 1.331
44.9	 57.9	 -0.047	 1.822
46.6	 57.9	 -0.164	 2.172
48.5	 57.9	 -0.058	 1.799
50.3	 57.9	 0.093	 1.577
52.0	 57.9	 -0.327	 1.764
53.9	 57.9	 -0.093	 2.196
55.6	 57.9	 -0.070	 1.705
57.5	 57.9	 0.105	 1.728
59.3	 57.9	 0.117	 1.378
61.0	 57.9	 -0.140	 1.086
62.9	 57.9	 0.082	 1.250
64.6	 57.9	 0.047	 1.121
66.4	 57.9	 0.012	 0.934
68.1	 57.9	 0.000	 0.000
70.0	 57.9	 0.000	 0.000
-1.7	 59.8	 0.000	 0.000
0.0	 59.8	 -0.140	 1.203
1.9	 59.8	 -0.058	 1.039
3.6	 59.8	 -0.012	 0.911
5.5	 59.8	 0.023	 0.899
7.3	 59.8	 0.023	 0.899
9.0	 59.8	 0.093	 0.771
10.8	 59.8	 0.000	 0.000
12.5	 59.8	 -0.082	 1.331
14.4	 59.8	 -0.175	 1.133
16.1	 59.8	 -0.047	 1.191
18.0	 59.8	 -0.187	 0.899
19.8	 59.8	 -0.339	 0.677
21.5	 59.8	 -0.152	 1.004
23.4	 59.8	 -0.082	 1.472
25.1	 59.8	 0.047	 1.250
27.0	 59.8	 0.058	 1.378
28.8	 59.8	 -0.082	 1.320
30.5	 59.8	 -0.140	 1.261
32.4	 59.8	 0.128	 1.215
34.1	 59.8	 -0.082	 1.390
36.0	 59.8	 0.058	 1.343
37.6	 59.8	 0.012	 1.331
39.5	 59.8	 0.000	 0.000
41.3	 59.8	 0.000	 0.000
43.0	 59.8	 0.047	 1.331
44.9	 59.8	 0.152	 1.635
46.6	 59.8	 -0.467	 2.289
48.5	 59.8	 -0.012	 1.588
50.3	 59.8	 0.035	 1.997
52.0	 59.8	 -0.128	 1.845
53.9	 59.8	 -0.047	 1.600
55.6	 59.8	 0.152	 1.904
57.5	 59.8	 0.082	 1.180
59.3	 59.8	 -0.047	 1.051
61.0	 59.8	 0.012	 1.004
62.9	 59.8	 0.023	 1.191
64.6	 59.8	 -0.047	 1.098
66.4	 59.8	 0.105	 0.841
68.1	 59.8	 0.140	 1.086
70.0	 59.8	 0.000	 0.000
-1.7	 61.4	 0.000	 0.000
0.0	 61.4	 0.000	 0.000
1.9	 61.4	 0.082	 1.086
3.6	 61.4	 0.082	 1.145
5.5	 61.4	 0.047	 0.689
7.3	 61.4	 0.117	 0.899
9.0	 61.4	 0.047	 0.934
10.8	 61.4	 -0.082	 1.109
12.5	 61.4	 -0.023	 1.331
14.4	 61.4	 -0.058	 1.238
16.1	 61.4	 0.035	 1.518
18.0	 61.4	 -0.128	 0.771
19.8	 61.4	 -0.023	 0.677
21.5	 61.4	 0.023	 0.923
23.4	 61.4	 -0.140	 1.039
25.1	 61.4	 -0.222	 0.864
27.0	 61.4	 -0.327	 1.109
28.8	 61.4	 0.105	 1.390
30.5	 61.4	 0.093	 1.180
32.4	 61.4	 -0.058	 1.437
34.1	 61.4	 0.000	 1.530
36.0	 61.4	 0.082	 1.448
37.6	 61.4	 0.164	 1.483
39.5	 61.4	 0.000	 0.000
41.3	 61.4	 -0.666	 2.266
43.0	 61.4	 -0.082	 1.472
44.9	 61.4	 -0.093	 1.413
46.6	 61.4	 -0.105	 1.366
48.5	 61.4	 -0.035	 1.869
50.3	 61.4	 0.128	 2.196
52.0	 61.4	 -0.035	 1.822
53.9	 61.4	 -0.047	 1.728
55.6	 61.4	 -0.117	 1.530
57.5	 61.4	 0.035	 1.448
59.3	 61.4	 0.035	 1.308
61.0	 61.4	 -0.105	 1.016
62.9	 61.4	 -0.082	 0.911
64.6	 61.4	 0.035	 1.109
66.4	 61.4	 0.093	 1.098
68.1	 61.4	 0.187	 1.074
70.0	 61.4	 0.000	 0.000
-1.7	 63.3	 0.000	 0.000
0.0	 63.3	 0.000	 0.000
1.9	 63.3	 0.023	 1.145
3.6	 63.3	 0.082	 1.004
5.5	 63.3	 0.035	 0.969
7.3	 63.3	 0.210	 0.876
9.0	 63.3	 -0.607	 1.215
10.8	 63.3	 -0.292	 1.331
12.5	 63.3	 -0.105	 1.226
14.4	 63.3	 -0.058	 1.156
16.1	 63.3	 0.000	 1.472
18.0	 63.3	 0.000	 1.215
19.8	 63.3	 -0.058	 1.401
21.5	 63.3	 -0.058	 1.261
23.4	 63.3	 -0.175	 1.507
25.1	 63.3	 -0.047	 1.612
27.0	 63.3	 0.000	 1.460
28.8	 63.3	 -0.035	 1.483
30.5	 63.3	 -0.058	 1.331
32.4	 63.3	 0.023	 1.180
34.1	 63.3	 0.035	 1.285
36.0	 63.3	 0.000	 1.215
37.6	 63.3	 -0.012	 1.425
39.5	 63.3	 -0.047	 1.074
41.3	 63.3	 -0.035	 1.378
43.0	 63.3	 -0.350	 1.682
44.9	 63.3	 -0.105	 1.495
46.6	 63.3	 -0.105	 1.612
48.5	 63.3	 -0.199	 1.834
50.3	 63.3	 0.023	 1.822
52.0	 63.3	 -0.128	 1.997
53.9	 63.3	 -0.035	 1.600
55.6	 63.3	 -0.105	 1.273
57.5	 63.3	 -0.082	 1.226
59.3	 63.3	 -0.012	 1.331
61.0	 63.3	 -0.105	 1.366
62.9	 63.3	 -0.164	 0.981
64.6	 63.3	 -0.105	 0.934
66.4	 63.3	 0.047	 0.969
68.1	 63.3	 0.128	 1.016
70.0	 63.3	 0.000	 0.000
-1.7	 65.1	 0.000	 0.000
0.0	 65.1	 -0.105	 1.121
1.9	 65.1	 0.012	 0.923
3.6	 65.1	 0.105	 0.911
5.5	 65.1	 0.047	 0.981
7.3	 65.1	 0.140	 0.818
9.0	 65.1	 -0.047	 1.331
10.8	 65.1	 -0.152	 1.623
12.5	 65.1	 -0.199	 1.647
14.4	 65.1	 0.000	 0.000
16.1	 65.1	 -0.093	 1.693
18.0	 65.1	 -0.140	 1.448
19.8	 65.1	 -0.199	 1.121
21.5	 65.1	 -0.187	 1.191
23.4	 65.1	 -0.479	 1.168
25.1	 65.1	 -0.304	 1.378
27.0	 65.1	 -0.082	 1.390
28.8	 65.1	 -0.035	 1.261
30.5	 65.1	 -0.117	 1.401
32.4	 65.1	 -0.012	 0.666
34.1	 65.1	 -0.023	 0.502
36.0	 65.1	 0.000	 0.000
37.6	 65.1	 0.058	 1.203
39.5	 65.1	 0.117	 1.250
41.3	 65.1	 -0.105	 1.273
43.0	 65.1	 0.058	 1.460
44.9	 65.1	 0.117	 1.588
46.6	 65.1	 -0.117	 1.904
48.5	 65.1	 -0.058	 1.764
50.3	 65.1	 0.210	 1.775
52.0	 65.1	 0.012	 1.939
53.9	 65.1	 0.023	 1.588
55.6	 65.1	 0.000	 1.366
57.5	 65.1	 -0.082	 1.250
59.3	 65.1	 -0.128	 1.121
61.0	 65.1	 -0.070	 1.250
62.9	 65.1	 -0.035	 1.098
64.6	 65.1	 -0.128	 0.899
66.4	 65.1	 -0.187	 0.759
68.1	 65.1	 0.000	 0.000
70.0	 65.1	 0.000	 0.000
-1.7	 66.9	 0.000	 0.000
0.0	 66.9	 0.000	 0.000
1.9	 66.9	 0.140	 0.876
3.6	 66.9	 0.105	 0.923
5.5	 66.9	 0.000	 1.086
7.3	 66.9	 0.152	 0.853
9.0	 66.9	 0.058	 1.156
10.8	 66.9	 -0.199	 1.553
12.5	 66.9	 -0.164	 1.565
14.4	 66.9	 0.210	 1.822
16.1	 66.9	 0.023	 1.145
18.0	 66.9	 -0.023	 1.670
19.8	 66.9	 0.012	 1.495
21.5	 66.9	 0.000	 0.000
23.4	 66.9	 0.070	 0.934
25.1	 66.9	 -0.234	 1.285
27.0	 66.9	 -0.105	 1.168
28.8	 66.9	 -0.082	 0.712
30.5	 66.9	 -0.047	 1.308
32.4	 66.9	 0.023	 1.308
34.1	 66.9	 0.199	 1.366
36.0	 66.9	 -0.012	 1.401
37.6	 66.9	 0.035	 1.308
39.5	 66.9	 0.012	 1.191
41.3	 66.9	 -0.105	 1.250
43.0	 66.9	 -0.082	 1.180
44.9	 66.9	 -0.035	 1.191
46.6	 66.9	 -0.152	 1.483
48.5	 66.9	 -0.175	 1.530
50.3	 66.9	 -0.023	 1.401
52.0	 66.9	 0.105	 2.020
53.9	 66.9	 0.058	 1.577
55.6	 66.9	 0.234	 1.401
57.5	 66.9	 0.117	 1.320
59.3	 66.9	 0.128	 1.285
61.0	 66.9	 -0.128	 0.993
62.9	 66.9	 0.000	 1.191
64.6	 66.9	 -0.012	 1.121
66.4	 66.9	 -0.093	 1.086
68.1	 66.9	 0.128	 0.899
70.0	 66.9	 0.000	 0.000
-1.7	 68.6	 0.000	 0.000
0.0	 68.6	 0.000	 0.000
1.9	 68.6	 0.082	 1.296
3.6	 68.6	 0.093	 0.946
5.5	 68.6	 -0.058	 1.191
7.3	 68.6	 0.093	 1.215
9.0	 68.6	 0.105	 1.004
10.8	 68.6	 -0.128	 1.413
12.5	 68.6	 -0.047	 1.600
14.4	 68.6	 0.280	 1.203
16.1	 68.6	 0.245	 0.993
18.0	 68.6	 -0.164	 1.507
19.8	 68.6	 -0.257	 1.413
21.5	 68.6	 -0.058	 1.425
23.4	 68.6	 0.000	 0.000
25.1	 68.6	 0.000	 0.000
27.0	 68.6	 0.000	 0.000
28.8	 68.6	 -0.035	 1.145
30.5	 68.6	 0.070	 1.331
32.4	 68.6	 -0.058	 1.507
34.1	 68.6	 -0.058	 1.378
36.0	 68.6	 -0.210	 1.121
37.6	 68.6	 -0.058	 1.004
39.5	 68.6	 -0.105	 1.331
41.3	 68.6	 -0.093	 1.425
43.0	 68.6	 -0.175	 1.425
44.9	 68.6	 -0.058	 1.787
46.6	 68.6	 -0.117	 1.635
48.5	 68.6	 -0.082	 1.448
50.3	 68.6	 -0.058	 2.347
52.0	 68.6	 0.000	 0.000
53.9	 68.6	 -0.140	 2.102
55.6	 68.6	 0.000	 1.285
57.5	 68.6	 -0.093	 1.448
59.3	 68.6	 -0.128	 1.109
61.0	 68.6	 -0.070	 1.156
62.9	 68.6	 0.023	 1.530
64.6	 68.6	 -0.012	 1.320
66.4	 68.6	 -0.070	 1.180
68.1	 68.6	 0.128	 1.121
70.0	 68.6	 0.000	 0.000
-1.7	 70.4	 0.000	 0.000
0.0	 70.4	 0.000	 0.000
1.9	 70.4	 -0.047	 1.180
3.6	 70.4	 0.058	 1.156
5.5	 70.4	 0.012	 1.051
7.3	 70.4	 0.070	 1.063
9.0	 70.4	 -0.105	 1.215
10.8	 70.4	 -0.339	 1.612
12.5	 70.4	 -0.432	 0.818
14.4	 70.4	 0.000	 0.000
16.1	 70.4	 0.315	 1.004
18.0	 70.4	 -0.222	 1.588
19.8	 70.4	 -0.339	 1.098
21.5	 70.4	 0.000	 1.752
23.4	 70.4	 0.000	 0.000
25.1	 70.4	 -0.128	 0.946
27.0	 70.4	 0.117	 1.460
28.8	 70.4	 -0.035	 0.981
30.5	 70.4	 -0.082	 1.413
32.4	 70.4	 -0.093	 1.472
34.1	 70.4	 0.000	 0.000
36.0	 70.4	 0.082	 1.261
37.6	 70.4	 -0.023	 1.355
39.5	 70.4	 -0.187	 1.413
41.3	 70.4	 -0.047	 1.355
43.0	 70.4	 0.000	 0.000
44.9	 70.4	 -0.105	 1.904
46.6	 70.4	 -0.187	 1.495
48.5	 70.4	 0.000	 0.000
50.3	 70.4	 -0.117	 1.577
52.0	 70.4	 0.023	 1.799
53.9	 70.4	 -0.187	 1.401
55.6	 70.4	 -0.210	 1.401
57.5	 70.4	 -0.047	 1.390
59.3	 70.4	 -0.093	 1.413
61.0	 70.4	 0.035	 1.261
62.9	 70.4	 0.105	 1.343
64.6	 70.4	 0.058	 1.121
66.4	 70.4	 0.035	 1.156
68.1	 70.4	 0.082	 1.086
70.0	 70.4	 0.000	 0.000
-1.7	 72.3	 0.000	 0.000
0.0	 72.3	 0.023	 -1.647
1.9	 72.3	 -0.023	 1.168
3.6	 72.3	 0.093	 1.145
5.5	 72.3	 0.047	 0.981
7.3	 72.3	 0.023	 1.028
9.0	 72.3	 -0.105	 0.958
10.8	 72.3	 0.000	 0.000
12.5	 72.3	 -0.093	 1.483
14.4	 72.3	 0.070	 1.366
16.1	 72.3	 -0.234	 1.542
18.0	 72.3	 -0.140	 1.460
19.8	 72.3	 0.012	 1.542
21.5	 72.3	 -0.187	 1.565
23.4	 72.3	 0.023	 1.483
25.1	 72.3	 0.117	 1.331
27.0	 72.3	 0.082	 1.401
28.8	 72.3	 -0.362	 0.771
30.5	 72.3	 0.397	 1.390
32.4	 72.3	 0.058	 1.331
34.1	 72.3	 0.058	 1.261
36.0	 72.3	 0.093	 1.016
37.6	 72.3	 -0.128	 1.215
39.5	 72.3	 -0.117	 1.250
41.3	 72.3	 -0.105	 1.425
43.0	 72.3	 -0.012	 1.343
44.9	 72.3	 -0.105	 1.273
46.6	 72.3	 -0.023	 1.156
48.5	 72.3	 -0.128	 1.623
50.3	 72.3	 -0.175	 1.682
52.0	 72.3	 -0.082	 1.577
53.9	 72.3	 -0.047	 1.799
55.6	 72.3	 0.187	 1.915
57.5	 72.3	 0.058	 1.588
59.3	 72.3	 0.058	 1.273
61.0	 72.3	 0.175	 1.180
62.9	 72.3	 -0.035	 0.642
64.6	 72.3	 0.047	 1.121
66.4	 72.3	 -0.012	 1.004
68.1	 72.3	 0.000	 0.000
70.0	 72.3	 0.000	 0.000
-1.7	 74.1	 0.000	 0.000
0.0	 74.1	 0.000	 0.000
1.9	 74.1	 0.023	 1.180
3.6	 74.1	 -0.047	 1.261
5.5	 74.1	 -0.023	 1.215
7.3	 74.1	 -0.619	 1.226
9.0	 74.1	 -0.117	 0.572
10.8	 74.1	 -0.210	 0.654
12.5	 74.1	 -0.210	 1.437
14.4	 74.1	 -0.035	 1.728
16.1	 74.1	 -0.199	 1.752
18.0	 74.1	 -0.105	 1.483
19.8	 74.1	 -0.035	 1.273
21.5	 74.1	 -0.152	 1.378
23.4	 74.1	 0.000	 0.000
25.1	 74.1	 0.000	 0.000
27.0	 74.1	 0.000	 0.000
28.8	 74.1	 0.012	 1.612
30.5	 74.1	 0.070	 1.565
32.4	 74.1	 0.070	 1.028
34.1	 74.1	 -0.175	 1.366
36.0	 74.1	 -0.023	 1.180
37.6	 74.1	 -0.012	 1.121
39.5	 74.1	 0.058	 1.180
41.3	 74.1	 -0.093	 1.238
43.0	 74.1	 0.082	 1.355
44.9	 74.1	 -0.023	 1.203
46.6	 74.1	 -0.642	 1.588
48.5	 74.1	 -0.362	 1.565
50.3	 74.1	 -0.105	 1.904
52.0	 74.1	 0.000	 0.000
53.9	 74.1	 0.128	 1.857
55.6	 74.1	 0.058	 1.799
57.5	 74.1	 -0.012	 1.752
59.3	 74.1	 -0.082	 0.993
61.0	 74.1	 0.444	 0.619
62.9	 74.1	 0.210	 0.818
64.6	 74.1	 -0.023	 1.028
66.4	 74.1	 -0.035	 1.051
68.1	 74.1	 0.058	 1.145
70.0	 74.1	 0.000	 0.000
-1.7	 75.9	 0.000	 0.000
0.0	 75.9	 0.000	 0.000
1.9	 75.9	 0.000	 0.000
3.6	 75.9	 0.000	 0.000
5.5	 75.9	 0.093	 1.250
7.3	 75.9	 -0.082	 1.238
9.0	 75.9	 -0.058	 1.191
10.8	 75.9	 -0.117	 0.969
12.5	 75.9	 0.210	 0.677
14.4	 75.9	 0.082	 1.180
16.1	 75.9	 -0.105	 1.483
18.0	 75.9	 -0.257	 1.366
19.8	 75.9	 -0.035	 1.437
21.5	 75.9	 0.187	 1.074
23.4	 75.9	 0.035	 1.145
25.1	 75.9	 -0.047	 1.635
27.0	 75.9	 -0.152	 1.343
28.8	 75.9	 -0.140	 1.577
30.5	 75.9	 0.000	 0.000
32.4	 75.9	 0.035	 1.343
34.1	 75.9	 -0.105	 1.215
36.0	 75.9	 0.117	 1.366
37.6	 75.9	 0.140	 1.437
39.5	 75.9	 -0.070	 1.308
41.3	 75.9	 -0.012	 1.191
43.0	 75.9	 -0.117	 1.390
44.9	 75.9	 -0.514	 1.787
46.6	 75.9	 -0.339	 1.425
48.5	 75.9	 -0.187	 1.378
50.3	 75.9	 0.199	 1.612
52.0	 75.9	 -0.105	 1.799
53.9	 75.9	 0.023	 1.145
55.6	 75.9	 0.082	 1.553
57.5	 75.9	 -0.012	 1.472
59.3	 75.9	 -0.035	 1.740
61.0	 75.9	 -0.082	 1.530
62.9	 75.9	 0.035	 1.180
64.6	 75.9	 -0.082	 1.355
66.4	 75.9	 0.000	 0.829
68.1	 75.9	 0.175	 1.074
70.0	 75.9	 0.000	 0.000
-1.7	 77.6	 0.000	 0.000
0.0	 77.6	 0.000	 0.000
1.9	 77.6	 0.023	 1.191
3.6	 77.6	 0.058	 1.028
5.5	 77.6	 0.047	 1.145
7.3	 77.6	 -0.082	 0.631
9.0	 77.6	 0.058	 1.191
10.8	 77.6	 0.070	 0.993
12.5	 77.6	 0.199	 0.946
14.4	 77.6	 0.058	 1.366
16.1	 77.6	 -0.199	 1.004
18.0	 77.6	 0.000	 0.000
19.8	 77.6	 -0.093	 1.437
21.5	 77.6	 0.082	 0.993
23.4	 77.6	 0.000	 0.876
25.1	 77.6	 0.035	 1.495
27.0	 77.6	 -0.058	 1.507
28.8	 77.6	 -0.070	 1.425
30.5	 77.6	 -0.012	 1.460
32.4	 77.6	 -0.152	 1.250
34.1	 77.6	 -0.187	 1.203
36.0	 77.6	 0.082	 1.331
37.6	 77.6	 0.047	 1.448
39.5	 77.6	 -0.280	 1.226
41.3	 77.6	 -0.105	 1.238
43.0	 77.6	 -0.023	 1.472
44.9	 77.6	 -0.117	 1.039
46.6	 77.6	 -0.058	 1.191
48.5	 77.6	 -0.093	 1.355
50.3	 77.6	 -0.035	 1.413
52.0	 77.6	 0.047	 1.588
53.9	 77.6	 0.128	 1.331
55.6	 77.6	 0.234	 1.238
57.5	 77.6	 0.105	 1.121
59.3	 77.6	 0.000	 0.000
61.0	 77.6	 -0.082	 1.437
62.9	 77.6	 -0.257	 0.911
64.6	 77.6	 -0.164	 1.273
66.4	 77.6	 -0.012	 1.133
68.1	 77.6	 0.117	 1.016
70.0	 77.6	 0.000	 0.000
-1.7	 79.4	 0.000	 0.000
0.0	 79.4	 0.000	 0.000
1.9	 79.4	 -0.374	 0.210
3.6	 79.4	 0.023	 0.946
5.5	 79.4	 0.000	 0.981
7.3	 79.4	 -0.152	 1.168
9.0	 79.4	 -0.070	 1.226
10.8	 79.4	 0.082	 1.308
12.5	 79.4	 -0.152	 1.460
14.4	 79.4	 0.327	 1.308
16.1	 79.4	 0.000	 0.000
18.0	 79.4	 -0.023	 2.079
19.8	 79.4	 0.315	 1.588
21.5	 79.4	 -0.117	 1.507
23.4	 79.4	 -0.304	 0.666
25.1	 79.4	 -0.058	 1.413
27.0	 79.4	 0.047	 1.437
28.8	 79.4	 -0.105	 1.028
30.5	 79.4	 -0.047	 1.413
32.4	 79.4	 -0.164	 1.320
34.1	 79.4	 -0.175	 1.285
36.0	 79.4	 -0.385	 1.635
37.6	 79.4	 -0.140	 1.542
39.5	 79.4	 0.012	 1.425
41.3	 79.4	 -0.082	 1.121
43.0	 79.4	 0.035	 1.331
44.9	 79.4	 0.058	 1.261
46.6	 79.4	 -0.234	 1.693
48.5	 79.4	 0.012	 1.086
50.3	 79.4	 -0.093	 1.191
52.0	 79.4	 -0.058	 1.495
53.9	 79.4	 -0.047	 0.969
55.6	 79.4	 -0.070	 0.782
57.5	 79.4	 0.058	 1.623
59.3	 79.4	 0.164	 1.997
61.0	 79.4	 0.128	 1.775
62.9	 79.4	 -0.058	 1.401
64.6	 79.4	 -0.152	 1.145
66.4	 79.4	 -0.187	 1.285
68.1	 79.4	 0.012	 1.051
70.0	 79.4	 0.000	 0.000
-1.7	 81.3	 0.000	 0.000
0.0	 81.3	 0.000	 0.000
1.9	 81.3	 -0.047	 1.331
3.6	 81.3	 -0.035	 1.401
5.5	 81.3	 -0.035	 1.261
7.3	 81.3	 0.070	 1.203
9.0	 81.3	 0.187	 1.343
10.8	 81.3	 -0.140	 0.689
12.5	 81.3	 -0.035	 0.794
14.4	 81.3	 0.000	 0.000
16.1	 81.3	 0.000	 0.000
18.0	 81.3	 -0.070	 1.203
19.8	 81.3	 -0.164	 1.507
21.5	 81.3	 0.000	 0.000
23.4	 81.3	 -0.327	 0.864
25.1	 81.3	 -0.023	 1.553
27.0	 81.3	 -0.012	 1.145
28.8	 81.3	 -0.058	 1.588
30.5	 81.3	 -0.012	 1.448
32.4	 81.3	 0.012	 1.296
34.1	 81.3	 -0.012	 0.969
36.0	 81.3	 -0.058	 1.180
37.6	 81.3	 0.000	 1.600
39.5	 81.3	 -0.105	 1.203
41.3	 81.3	 -0.058	 1.086
43.0	 81.3	 0.140	 1.285
44.9	 81.3	 0.105	 1.238
46.6	 81.3	 -0.058	 1.285
48.5	 81.3	 0.082	 1.507
50.3	 81.3	 0.210	 1.366
52.0	 81.3	 -0.047	 1.670
53.9	 81.3	 0.000	 1.413
55.6	 81.3	 -0.070	 1.285
57.5	 81.3	 -0.082	 1.542
59.3	 81.3	 0.035	 1.460
61.0	 81.3	 0.047	 1.238
62.9	 81.3	 0.105	 1.086
64.6	 81.3	 -0.035	 0.969
66.4	 81.3	 -0.082	 1.063
68.1	 81.3	 0.070	 1.098
70.0	 81.3	 0.000	 0.000
-1.7	 83.1	 0.000	 0.000
0.0	 83.1	 0.000	 0.000
1.9	 83.1	 -0.047	 1.273
3.6	 83.1	 0.058	 1.226
5.5	 83.1	 0.093	 1.366
7.3	 83.1	 0.070	 0.923
9.0	 83.1	 -0.035	 1.063
10.8	 83.1	 -0.187	 0.853
12.5	 83.1	 -0.117	 0.934
14.4	 83.1	 -0.105	 1.588
16.1	 83.1	 -0.117	 1.507
18.0	 83.1	 -0.093	 1.542
19.8	 83.1	 0.000	 0.000
21.5	 83.1	 -0.105	 0.654
23.4	 83.1	 -0.222	 0.747
25.1	 83.1	 -0.047	 1.658
27.0	 83.1	 -0.128	 1.145
28.8	 83.1	 -0.385	 1.413
30.5	 83.1	 0.000	 1.051
32.4	 83.1	 0.058	 1.261
34.1	 83.1	 -0.117	 1.623
36.0	 83.1	 0.082	 1.261
37.6	 83.1	 -0.023	 1.250
39.5	 83.1	 -0.140	 1.156
41.3	 83.1	 -0.128	 1.109
43.0	 83.1	 0.175	 1.343
44.9	 83.1	 -0.012	 1.343
46.6	 83.1	 -0.082	 1.261
48.5	 83.1	 0.000	 1.074
50.3	 83.1	 -0.047	 1.273
52.0	 83.1	 -0.082	 1.191
53.9	 83.1	 0.012	 1.658
55.6	 83.1	 0.082	 1.261
57.5	 83.1	 -0.128	 1.413
59.3	 83.1	 -0.140	 1.577
61.0	 83.1	 0.000	 1.425
62.9	 83.1	 0.012	 1.320
64.6	 83.1	 0.000	 1.378
66.4	 83.1	 0.000	 1.215
68.1	 83.1	 0.175	 1.016
70.0	 83.1	 0.000	 0.000
-1.7	 84.9	 0.000	 0.000
0.0	 84.9	 0.023	 -1.366
1.9	 84.9	 0.082	 0.969
3.6	 84.9	 0.047	 1.168
5.5	 84.9	 -0.012	 1.145
7.3	 84.9	 0.362	 0.689
9.0	 84.9	 0.000	 0.829
10.8	 84.9	 -0.175	 1.378
12.5	 84.9	 0.140	 1.203
14.4	 84.9	 0.000	 0.000
16.1	 84.9	 -0.012	 1.296
18.0	 84.9	 0.000	 0.000
19.8	 84.9	 0.000	 0.000
21.5	 84.9	 0.000	 0.000
23.4	 84.9	 -0.245	 1.191
25.1	 84.9	 -0.374	 1.343
27.0	 84.9	 0.035	 1.647
28.8	 84.9	 -0.315	 1.565
30.5	 84.9	 0.012	 1.203
32.4	 84.9	 -0.117	 1.507
34.1	 84.9	 -0.140	 1.577
36.0	 84.9	 -0.035	 1.553
37.6	 84.9	 0.000	 0.000
39.5	 84.9	 0.000	 0.911
41.3	 84.9	 0.070	 0.993
43.0	 84.9	 -0.047	 1.355
44.9	 84.9	 -0.234	 1.413
46.6	 84.9	 0.058	 1.530
48.5	 84.9	 -0.070	 1.507
50.3	 84.9	 -0.082	 1.343
52.0	 84.9	 -0.128	 1.215
53.9	 84.9	 -0.070	 1.390
55.6	 84.9	 -0.152	 0.864
57.5	 84.9	 0.058	 1.331
59.3	 84.9	 0.000	 0.000
61.0	 84.9	 -0.012	 0.806
62.9	 84.9	 -0.105	 1.285
64.6	 84.9	 0.082	 0.969
66.4	 84.9	 0.000	 0.829
68.1	 84.9	 0.175	 0.969
70.0	 84.9	 0.000	 0.000
-1.7	 86.6	 0.000	 0.000
0.0	 86.6	 0.000	 0.000
1.9	 86.6	 0.210	 1.168
3.6	 86.6	 0.164	 1.331
5.5	 86.6	 0.012	 1.180
7.3	 86.6	 0.035	 1.331
9.0	 86.6	 -0.257	 1.437
10.8	 86.6	 -0.035	 1.074
12.5	 86.6	 -0.070	 1.098
14.4	 86.6	 0.105	 1.156
16.1	 86.6	 -0.070	 1.285
18.0	 86.6	 -0.047	 1.145
19.8	 86.6	 0.000	 0.000
21.5	 86.6	 -0.479	 1.016
23.4	 86.6	 -0.187	 1.098
25.1	 86.6	 -0.234	 1.308
27.0	 86.6	 0.000	 0.000
28.8	 86.6	 0.093	 1.285
30.5	 86.6	 0.140	 1.401
32.4	 86.6	 0.117	 1.308
34.1	 86.6	 -0.152	 1.425
36.0	 86.6	 -0.128	 1.472
37.6	 86.6	 -0.140	 1.670
39.5	 86.6	 -0.023	 1.226
41.3	 86.6	 -0.082	 1.098
43.0	 86.6	 -0.175	 1.109
44.9	 86.6	 0.058	 1.366
46.6	 86.6	 -0.140	 1.355
48.5	 86.6	 -0.058	 1.728
50.3	 86.6	 -0.315	 1.623
52.0	 86.6	 -0.175	 1.647
53.9	 86.6	 0.082	 1.448
55.6	 86.6	 -0.012	 1.693
57.5	 86.6	 -0.199	 1.180
59.3	 86.6	 -0.175	 1.518
61.0	 86.6	 0.070	 1.086
62.9	 86.6	 -0.082	 1.390
64.6	 86.6	 -0.058	 1.203
66.4	 86.6	 -0.093	 1.086
68.1	 86.6	 0.000	 0.000
70.0	 86.6	 0.000	 0.000
-1.7	 88.4	 0.000	 0.000
0.0	 88.4	 0.000	 0.000
1.9	 88.4	 -0.058	 1.401
3.6	 88.4	 0.070	 1.413
5.5	 88.4	 -0.082	 1.390
7.3	 88.4	 -0.257	 1.343
9.0	 88.4	 0.012	 1.203
10.8	 88.4	 0.023	 1.483
12.5	 88.4	 -0.058	 1.366
14.4	 88.4	 0.234	 1.226
16.1	 88.4	 0.000	 0.000
18.0	 88.4	 -0.117	 1.472
19.8	 88.4	 -0.327	 0.164
21.5	 88.4	 0.000	 0.000
23.4	 88.4	 0.023	 0.888
25.1	 88.4	 -0.152	 1.238
27.0	 88.4	 0.000	 0.000
28.8	 88.4	 -0.280	 1.343
30.5	 88.4	 -0.023	 0.829
32.4	 88.4	 0.128	 0.993
34.1	 88.4	 0.058	 1.273
36.0	 88.4	 0.234	 1.437
37.6	 88.4	 0.000	 0.000
39.5	 88.4	 -0.175	 1.320
41.3	 88.4	 -0.280	 1.542
43.0	 88.4	 -0.093	 1.565
44.9	 88.4	 0.000	 0.000
46.6	 88.4	 0.000	 0.000
48.5	 88.4	 -0.070	 1.331
50.3	 88.4	 -0.082	 1.670
52.0	 88.4	 -0.105	 1.472
53.9	 88.4	 -0.058	 1.145
55.6	 88.4	 -0.070	 1.285
57.5	 88.4	 0.058	 1.028
59.3	 88.4	 0.023	 0.876
61.0	 88.4	 0.000	 0.000
62.9	 88.4	 0.070	 1.063
64.6	 88.4	 0.058	 1.039
66.4	 88.4	 0.000	 1.378
68.1	 88.4	 0.093	 1.612
70.0	 88.4	 0.000	 0.000
-1.7	 90.3	 0.000	 0.000
0.0	 90.3	 0.023	 1.518
1.9	 90.3	 0.023	 1.518
3.6	 90.3	 -0.012	 1.577
5.5	 90.3	 0.175	 1.612
7.3	 90.3	 -0.035	 1.343
9.0	 90.3	 0.000	 1.168
10.8	 90.3	 -0.140	 1.495
12.5	 90.3	 -0.117	 1.343
14.4	 90.3	 -0.023	 1.343
16.1	 90.3	 0.152	 1.004
18.0	 90.3	 0.012	 1.156
19.8	 90.3	 0.128	 0.666
21.5	 90.3	 0.455	 0.993
23.4	 90.3	 0.093	 0.981
25.1	 90.3	 0.140	 1.039
27.0	 90.3	 -0.035	 1.530
28.8	 90.3	 -0.023	 1.448
30.5	 90.3	 0.012	 1.191
32.4	 90.3	 -0.187	 1.273
34.1	 90.3	 -0.245	 1.530
36.0	 90.3	 0.000	 1.413
37.6	 90.3	 -0.257	 0.794
39.5	 90.3	 -0.269	 1.273
41.3	 90.3	 0.000	 1.109
43.0	 90.3	 0.035	 1.016
44.9	 90.3	 0.000	 2.137
46.6	 90.3	 -0.023	 2.172
48.5	 90.3	 1.074	 1.518
50.3	 90.3	 0.047	 1.250
52.0	 90.3	 -0.058	 1.565
53.9	 90.3	 0.058	 1.612
55.6	 90.3	 -0.105	 1.320
57.5	 90.3	 -0.117	 1.588
59.3	 90.3	 -0.082	 1.331
61.0	 90.3	 -0.093	 1.261
62.9	 90.3	 -0.128	 1.448
64.6	 90.3	 -0.047	 1.460
66.4	 90.3	 0.000	 1.448
68.1	 90.3	 0.000	 0.000
70.0	 90.3	 0.000	 0.000
-1.7	 91.9	 0.000	 0.000
0.0	 91.9	 0.000	 0.000
1.9	 91.9	 0.070	 1.191
3.6	 91.9	 0.000	 1.483
5.5	 91.9	 -0.012	 1.507
7.3	 91.9	 -0.117	 1.425
9.0	 91.9	 0.000	 0.000
10.8	 91.9	 0.210	 1.203
12.5	 91.9	 -0.035	 1.296
14.4	 91.9	 -0.023	 1.401
16.1	 91.9	 -0.070	 1.495
18.0	 91.9	 -0.175	 0.736
19.8	 91.9	 -0.117	 1.343
21.5	 91.9	 0.000	 0.000
23.4	 91.9	 -0.234	 1.623
25.1	 91.9	 -0.888	 1.098
27.0	 91.9	 -0.257	 1.180
28.8	 91.9	 0.023	 1.437
30.5	 91.9	 0.035	 1.238
32.4	 91.9	 -0.023	 1.401
34.1	 91.9	 -0.012	 1.588
36.0	 91.9	 -0.023	 1.600
37.6	 91.9	 -0.234	 1.238
39.5	 91.9	 -0.175	 1.565
41.3	 91.9	 0.035	 1.121
43.0	 91.9	 -0.175	 1.203
44.9	 91.9	 0.140	 0.946
46.6	 91.9	 0.035	 1.039
48.5	 91.9	 0.070	 1.261
50.3	 91.9	 -0.023	 1.109
52.0	 91.9	 0.000	 0.000
53.9	 91.9	 -0.187	 1.904
55.6	 91.9	 -0.082	 1.483
57.5	 91.9	 0.222	 1.086
59.3	 91.9	 -0.047	 1.378
61.0	 91.9	 0.093	 1.401
62.9	 91.9	 0.012	 1.086
64.6	 91.9	 -0.152	 1.296
66.4	 91.9	 0.047	 0.888
68.1	 91.9	 0.175	 1.051
70.0	 91.9	 0.000	 0.000
-1.7	 93.8	 0.000	 0.000
0.0	 93.8	 0.047	 -1.121
1.9	 93.8	 0.117	 1.343
3.6	 93.8	 0.128	 1.483
5.5	 93.8	 -0.152	 1.495
7.3	 93.8	 -0.105	 1.600
9.0	 93.8	 0.385	 1.261
10.8	 93.8	 0.000	 0.000
12.5	 93.8	 0.000	 0.000
14.4	 93.8	 -0.128	 1.448
16.1	 93.8	 -0.070	 1.039
18.0	 93.8	 0.093	 1.355
19.8	 93.8	 0.128	 1.623
21.5	 93.8	 -0.023	 1.308
23.4	 93.8	 0.000	 0.000
25.1	 93.8	 0.152	 1.331
27.0	 93.8	 -0.339	 1.320
28.8	 93.8	 -0.164	 1.203
30.5	 93.8	 0.093	 1.308
32.4	 93.8	 0.023	 1.203
34.1	 93.8	 -0.082	 1.448
36.0	 93.8	 0.245	 1.226
37.6	 93.8	 0.175	 1.098
39.5	 93.8	 -0.093	 1.448
41.3	 93.8	 -0.105	 1.238
43.0	 93.8	 -0.164	 1.180
44.9	 93.8	 -0.035	 1.296
46.6	 93.8	 0.035	 1.366
48.5	 93.8	 0.000	 0.000
50.3	 93.8	 0.000	 0.000
52.0	 93.8	 -0.070	 1.670
53.9	 93.8	 -0.175	 1.635
55.6	 93.8	 -0.140	 1.542
57.5	 93.8	 -0.199	 1.320
59.3	 93.8	 0.012	 1.401
61.0	 93.8	 0.012	 1.413
62.9	 93.8	 0.572	 0.911
64.6	 93.8	 0.164	 1.285
66.4	 93.8	 0.339	 1.273
68.1	 93.8	 0.269	 1.542
70.0	 93.8	 0.000	 0.000
-1.7	 95.6	 0.000	 0.000
0.0	 95.6	 0.000	 0.000
1.9	 95.6	 0.105	 1.343
3.6	 95.6	 0.000	 0.000
5.5	 95.6	 0.000	 0.000
7.3	 95.6	 0.000	 0.000
9.0	 95.6	 -0.082	 1.203
10.8	 95.6	 0.000	 0.000
12.5	 95.6	 -0.035	 1.518
14.4	 95.6	 -0.222	 1.296
16.1	 95.6	 -0.140	 1.238
18.0	 95.6	 0.093	 1.355
19.8	 95.6	 0.047	 1.366
21.5	 95.6	 -0.058	 1.238
23.4	 95.6	 -0.385	 1.145
25.1	 95.6	 -0.070	 1.413
27.0	 95.6	 -0.152	 1.693
28.8	 95.6	 -0.164	 1.109
30.5	 95.6	 1.530	 0.245
32.4	 95.6	 -0.058	 1.378
34.1	 95.6	 0.000	 0.000
36.0	 95.6	 0.140	 1.413
37.6	 95.6	 0.012	 1.203
39.5	 95.6	 -0.012	 0.549
41.3	 95.6	 0.023	 1.250
43.0	 95.6	 -0.409	 1.623
44.9	 95.6	 -0.117	 1.460
46.6	 95.6	 -0.152	 1.331
48.5	 95.6	 0.082	 1.413
50.3	 95.6	 -0.058	 1.460
52.0	 95.6	 -0.047	 1.296
53.9	 95.6	 -0.117	 1.612
55.6	 95.6	 0.152	 1.553
57.5	 95.6	 0.058	 1.378
59.3	 95.6	 -0.210	 1.635
61.0	 95.6	 -0.245	 1.647
62.9	 95.6	 -0.257	 1.355
64.6	 95.6	 0.093	 1.285
66.4	 95.6	 0.164	 1.390
68.1	 95.6	 0.000	 0.000
70.0	 95.6	 0.000	 0.000
-1.7	 97.4	 0.000	 0.000
0.0	 97.4	 0.000	 0.000
1.9	 97.4	 0.000	 0.315
3.6	 97.4	 0.000	 0.000
5.5	 97.4	 0.070	 1.051
7.3	 97.4	 0.117	 1.168
9.0	 97.4	 0.747	 1.039
10.8	 97.4	 0.000	 0.000
12.5	 97.4	 0.000	 0.000
14.4	 97.4	 0.000	 1.004
16.1	 97.4	 0.093	 1.098
18.0	 97.4	 0.199	 1.296
19.8	 97.4	 -0.058	 1.378
21.5	 97.4	 -0.140	 1.448
23.4	 97.4	 -0.093	 1.437
25.1	 97.4	 0.000	 0.000
27.0	 97.4	 0.035	 1.261
28.8	 97.4	 0.164	 1.378
30.5	 97.4	 -0.012	 1.308
32.4	 97.4	 0.000	 0.000
34.1	 97.4	 -0.012	 1.366
36.0	 97.4	 -0.140	 1.390
37.6	 97.4	 0.000	 0.000
39.5	 97.4	 0.012	 1.401
41.3	 97.4	 0.164	 1.413
43.0	 97.4	 -0.093	 1.156
44.9	 97.4	 -0.012	 1.261
46.6	 97.4	 -0.105	 1.378
48.5	 97.4	 -0.012	 1.577
50.3	 97.4	 0.000	 0.000
52.0	 97.4	 0.035	 1.577
53.9	 97.4	 -0.012	 1.215
55.6	 97.4	 -0.023	 1.308
57.5	 97.4	 0.000	 0.000
59.3	 97.4	 -0.117	 1.623
61.0	 97.4	 0.070	 1.039
62.9	 97.4	 0.000	 0.000
64.6	 97.4	 -0.140	 1.250
66.4	 97.4	 0.023	 1.191
68.1	 97.4	 0.000	 0.000
70.0	 97.4	 0.000	 0.000
-1.7	 99.1	 0.000	 0.000
0.0	 99.1	 0.000	 0.000
1.9	 99.1	 -0.035	 1.133
3.6	 99.1	 0.035	 1.226
5.5	 99.1	 0.047	 0.958
7.3	 99.1	 0.234	 1.238
9.0	 99.1	 -0.199	 1.483
10.8	 99.1	 0.164	 1.600
12.5	 99.1	 1.121	 1.752
14.4	 99.1	 -0.105	 2.312
16.1	 99.1	 0.000	 0.000
18.0	 99.1	 0.175	 1.238
19.8	 99.1	 0.105	 1.273
21.5	 99.1	 0.093	 1.226
23.4	 99.1	 0.000	 0.000
25.1	 99.1	 -0.082	 2.091
27.0	 99.1	 -0.047	 1.787
28.8	 99.1	 0.152	 0.853
30.5	 99.1	 0.000	 0.000
32.4	 99.1	 0.047	 1.425
34.1	 99.1	 -0.047	 1.250
36.0	 99.1	 -0.047	 1.355
37.6	 99.1	 -0.210	 1.413
39.5	 99.1	 0.000	 0.000
41.3	 99.1	 0.047	 1.542
43.0	 99.1	 0.234	 1.518
44.9	 99.1	 -0.070	 1.308
46.6	 99.1	 0.093	 1.308
48.5	 99.1	 -0.082	 1.063
50.3	 99.1	 -0.245	 1.693
52.0	 99.1	 -0.035	 1.308
53.9	 99.1	 0.128	 1.366
55.6	 99.1	 0.035	 1.320
57.5	 99.1	 0.350	 1.413
59.3	 99.1	 -0.140	 1.483
61.0	 99.1	 0.012	 1.401
62.9	 99.1	 -0.105	 1.401
64.6	 99.1	 0.035	 1.250
66.4	 99.1	 0.093	 1.460
68.1	 99.1	 0.000	 0.000
70.0	 99.1	 0.000	 0.000
-1.7	 100.9	 0.000	 0.000
0.0	 100.9	 -0.047	 -0.993
1.9	 100.9	 0.000	 0.000
3.6	 100.9	 0.000	 0.000
5.5	 100.9	 -0.105	 1.296
7.3	 100.9	 -0.012	 1.670
9.0	 100.9	 -0.210	 1.425
10.8	 100.9	 0.000	 0.000
12.5	 100.9	 0.000	 0.000
14.4	 100.9	 -0.105	 1.483
16.1	 100.9	 -0.012	 1.437
18.0	 100.9	 0.128	 0.479
19.8	 100.9	 0.012	 1.028
21.5	 100.9	 -0.023	 1.296
23.4	 100.9	 0.000	 0.000
25.1	 100.9	 -0.596	 0.899
27.0	 100.9	 0.000	 0.000
28.8	 100.9	 -0.187	 1.378
30.5	 100.9	 0.000	 0.000
32.4	 100.9	 0.047	 1.518
34.1	 100.9	 0.093	 1.658
36.0	 100.9	 0.000	 0.000
37.6	 100.9	 0.070	 1.366
39.5	 100.9	 0.315	 1.401
41.3	 100.9	 0.000	 0.000
43.0	 100.9	 0.339	 0.853
44.9	 100.9	 -0.105	 1.098
46.6	 100.9	 0.000	 0.000
48.5	 100.9	 -0.047	 1.355
50.3	 100.9	 -0.128	 1.366
52.0	 100.9	 0.058	 1.343
53.9	 100.9	 0.012	 1.343
55.6	 100.9	 -0.047	 1.296
57.5	 100.9	 -0.012	 1.226
59.3	 100.9	 0.035	 1.472
61.0	 100.9	 0.058	 1.378
62.9	 100.9	 -0.128	 1.448
64.6	 100.9	 0.000	 0.000
66.4	 100.9	 -0.047	 1.355
68.1	 100.9	 0.105	 0.993
70.0	 100.9	 0.000	 0.000
-1.7	 102.8	 0.000	 0.000
0.0	 102.8	 0.000	 0.000
1.9	 102.8	 0.000	 0.000
3.6	 102.8	 0.175	 1.401
5.5	 102.8	 0.000	 0.000
7.3	 102.8	 -0.047	 1.355
9.0	 102.8	 0.000	 0.000
10.8	 102.8	 -0.012	 1.553
12.5	 102.8	 0.000	 0.000
14.4	 102.8	 0.000	 1.588
16.1	 102.8	 0.000	 0.000
18.0	 102.8	 -0.023	 1.495
19.8	 102.8	 -0.082	 1.250
21.5	 102.8	 -0.047	 1.483
23.4	 102.8	 0.000	 0.000
25.1	 102.8	 0.000	 0.000
27.0	 102.8	 0.000	 0.000
28.8	 102.8	 0.082	 1.366
30.5	 102.8	 -0.152	 1.507
32.4	 102.8	 -0.023	 1.483
34.1	 102.8	 -0.012	 1.577
36.0	 102.8	 -0.152	 0.888
37.6	 102.8	 -0.117	 1.320
39.5	 102.8	 -0.128	 1.343
41.3	 102.8	 0.000	 0.000
43.0	 102.8	 0.070	 1.285
44.9	 102.8	 0.070	 0.981
46.6	 102.8	 -0.012	 1.238
48.5	 102.8	 0.000	 0.000
50.3	 102.8	 0.023	 1.355
52.0	 102.8	 0.000	 1.133
53.9	 102.8	 0.058	 1.401
55.6	 102.8	 -0.023	 1.577
57.5	 102.8	 -0.164	 1.448
59.3	 102.8	 0.023	 1.495
61.0	 102.8	 0.000	 0.000
62.9	 102.8	 0.164	 0.969
64.6	 102.8	 0.082	 1.378
66.4	 102.8	 -0.035	 1.215
68.1	 102.8	 0.093	 1.121
70.0	 102.8	 0.000	 0.000
-1.7	 104.6	 0.000	 0.000
0.0	 104.6	 0.000	 0.000
1.9	 104.6	 0.012	 1.472
3.6	 104.6	 0.047	 1.507
5.5	 104.6	 0.012	 0.958
7.3	 104.6	 0.000	 0.000
9.0	 104.6	 0.047	 1.553
10.8	 104.6	 0.117	 1.191
12.5	 104.6	 -0.012	 1.437
14.4	 104.6	 -0.047	 1.261
16.1	 104.6	 -0.058	 1.051
18.0	 104.6	 -0.012	 1.448
19.8	 104.6	 -0.409	 1.145
21.5	 104.6	 -0.234	 1.437
23.4	 104.6	 -0.023	 1.728
25.1	 104.6	 -0.175	 2.055
27.0	 104.6	 0.082	 1.460
28.8	 104.6	 -0.012	 1.250
30.5	 104.6	 -0.292	 1.343
32.4	 104.6	 -0.327	 1.355
34.1	 104.6	 0.000	 1.366
36.0	 104.6	 -0.385	 1.051
37.6	 104.6	 -0.058	 1.483
39.5	 104.6	 -0.058	 1.448
41.3	 104.6	 0.210	 1.378
43.0	 104.6	 0.070	 1.273
44.9	 104.6	 0.677	 1.612
46.6	 104.6	 0.455	 2.009
48.5	 104.6	 -0.455	 1.647
50.3	 104.6	 -0.012	 1.518
52.0	 104.6	 0.140	 1.460
53.9	 104.6	 0.070	 1.308
55.6	 104.6	 0.117	 1.600
57.5	 104.6	 -0.128	 1.331
59.3	 104.6	 -0.023	 1.355
61.0	 104.6	 0.023	 1.226
62.9	 104.6	 -0.082	 1.507
64.6	 104.6	 0.070	 1.168
66.4	 104.6	 -0.035	 1.331
68.1	 104.6	 0.093	 1.460
70.0	 104.6	 0.000	 0.000
-1.7	 106.4	 0.000	 0.000
0.0	 106.4	 -0.070	 -1.518
1.9	 106.4	 -0.070	 1.460
3.6	 106.4	 0.070	 1.074
5.5	 106.4	 0.047	 1.320
7.3	 106.4	 0.023	 1.437
9.0	 106.4	 0.000	 0.000
10.8	 106.4	 -0.140	 1.390
12.5	 106.4	 -0.082	 1.483
14.4	 106.4	 0.257	 1.518
16.1	 106.4	 0.012	 1.145
18.0	 106.4	 0.152	 1.460
19.8	 106.4	 -0.397	 1.518
21.5	 106.4	 -0.280	 0.969
23.4	 106.4	 0.000	 0.000
25.1	 106.4	 -0.105	 1.437
27.0	 106.4	 0.000	 0.000
28.8	 106.4	 0.000	 0.000
30.5	 106.4	 0.000	 0.000
32.4	 106.4	 0.000	 2.312
34.1	 106.4	 0.152	 1.320
36.0	 106.4	 -0.035	 1.425
37.6	 106.4	 -0.035	 1.401
39.5	 106.4	 -0.128	 1.331
41.3	 106.4	 -0.117	 1.355
43.0	 106.4	 0.000	 1.168
44.9	 106.4	 -0.199	 1.250
46.6	 106.4	 -0.012	 1.413
48.5	 106.4	 0.012	 1.378
50.3	 106.4	 0.000	 0.000
52.0	 106.4	 -0.140	 1.542
53.9	 106.4	 -0.023	 1.390
55.6	 106.4	 0.257	 1.530
57.5	 106.4	 0.234	 1.413
59.3	 106.4	 -0.117	 1.437
61.0	 106.4	 -0.199	 1.401
62.9	 106.4	 -0.047	 1.764
64.6	 106.4	 -0.245	 1.553
66.4	 106.4	 0.140	 1.401
68.1	 106.4	 0.164	 1.109
70.0	 106.4	 0.000	 0.000
-1.7	 108.1	 0.000	 0.000
0.0	 108.1	 -0.070	 -1.366
1.9	 108.1	 0.023	 1.226
3.6	 108.1	 0.117	 1.413
5.5	 108.1	 0.128	 0.934
7.3	 108.1	 0.000	 0.000
9.0	 108.1	 0.058	 1.215
10.8	 108.1	 0.152	 1.343
12.5	 108.1	 -0.082	 1.238
14.4	 108.1	 -0.199	 1.530
16.1	 108.1	 0.000	 0.000
18.0	 108.1	 0.140	 1.425
19.8	 108.1	 -0.012	 1.215
21.5	 108.1	 -0.105	 1.355
23.4	 108.1	 0.000	 0.000
25.1	 108.1	 0.093	 0.923
27.0	 108.1	 0.234	 1.507
28.8	 108.1	 0.093	 1.378
30.5	 108.1	 -0.058	 1.472
32.4	 108.1	 -0.152	 1.483
34.1	 108.1	 -0.128	 1.320
36.0	 108.1	 -0.385	 1.191
37.6	 108.1	 -0.397	 1.051
39.5	 108.1	 0.117	 1.425
41.3	 108.1	 0.187	 1.250
43.0	 108.1	 -0.023	 1.472
44.9	 108.1	 -0.245	 1.518
46.6	 108.1	 -0.047	 1.355
48.5	 108.1	 0.000	 0.000
50.3	 108.1	 -0.152	 1.588
52.0	 108.1	 -0.234	 1.682
53.9	 108.1	 0.444	 0.666
55.6	 108.1	 0.292	 1.320
57.5	 108.1	 0.549	 1.717
59.3	 108.1	 0.035	 1.215
61.0	 108.1	 0.070	 1.378
62.9	 108.1	 -0.058	 1.366
64.6	 108.1	 -0.164	 1.355
66.4	 108.1	 -0.105	 1.460
68.1	 108.1	 0.035	 1.180
70.0	 108.1	 0.000	 0.000
-1.7	 109.9	 0.000	 0.000
0.0	 109.9	 -0.082	 -1.366
1.9	 109.9	 -0.187	 1.518
3.6	 109.9	 -0.058	 1.401
5.5	 109.9	 0.058	 1.565
7.3	 109.9	 -0.187	 1.530
9.0	 109.9	 -0.023	 1.799
10.8	 109.9	 0.128	 1.950
12.5	 109.9	 0.000	 0.000
14.4	 109.9	 0.000	 0.000
16.1	 109.9	 0.000	 0.000
18.0	 109.9	 0.047	 1.530
19.8	 109.9	 -0.164	 1.483
21.5	 109.9	 -0.315	 1.413
23.4	 109.9	 -0.117	 1.518
25.1	 109.9	 -0.234	 1.285
27.0	 109.9	 0.000	 0.000
28.8	 109.9	 0.000	 0.000
30.5	 109.9	 0.000	 0.000
32.4	 109.9	 0.000	 0.000
34.1	 109.9	 0.000	 0.000
36.0	 109.9	 0.000	 0.000
37.6	 109.9	 0.000	 0.000
39.5	 109.9	 0.035	 0.841
41.3	 109.9	 0.140	 0.514
43.0	 109.9	 0.596	 1.098
44.9	 109.9	 0.000	 0.000
46.6	 109.9	 0.152	 1.191
48.5	 109.9	 0.058	 1.098
50.3	 109.9	 -0.140	 0.677
52.0	 109.9	 -0.105	 1.635
53.9	 109.9	 0.047	 1.425
55.6	 109.9	 -0.187	 0.444
57.5	 109.9	 -0.210	 1.530
59.3	 109.9	 0.222	 1.472
61.0	 109.9	 0.175	 1.483
62.9	 109.9	 0.082	 1.413
64.6	 109.9	 0.070	 1.378
66.4	 109.9	 0.035	 1.401
68.1	 109.9	 0.070	 0.876
70.0	 109.9	 0.000	 0.000
-1.7	 111.8	 0.000	 0.000
0.0	 111.8	 0.000	 0.000
1.9	 111.8	 0.000	 0.000
3.6	 111.8	 0.175	 1.623
5.5	 111.8	 0.280	 1.799
7.3	 111.8	 0.093	 1.565
9.0	 111.8	 0.070	 1.553
10.8	 111.8	 0.093	 1.553
12.5	 111.8	 -0.093	 1.308
14.4	 111.8	 -0.117	 1.472
16.1	 111.8	 -0.012	 1.507
18.0	 111.8	 0.012	 1.472
19.8	 111.8	 -0.035	 1.460
21.5	 111.8	 0.000	 0.000
23.4	 111.8	 -0.093	 1.483
25.1	 111.8	 0.000	 0.000
27.0	 111.8	 0.000	 0.000
28.8	 111.8	 0.000	 0.000
30.5	 111.8	 0.047	 1.565
32.4	 111.8	 0.000	 0.000
34.1	 111.8	 -0.128	 1.472
36.0	 111.8	 -0.105	 1.215
37.6	 111.8	 -0.035	 1.495
39.5	 111.8	 0.082	 1.343
41.3	 111.8	 0.479	 1.226
43.0	 111.8	 0.000	 0.000
44.9	 111.8	 0.000	 0.000
46.6	 111.8	 0.105	 1.553
48.5	 111.8	 -0.035	 1.413
50.3	 111.8	 0.023	 1.296
52.0	 111.8	 0.000	 0.000
53.9	 111.8	 -0.117	 1.577
55.6	 111.8	 0.222	 1.472
57.5	 111.8	 0.117	 1.623
59.3	 111.8	 -0.023	 1.495
61.0	 111.8	 0.035	 1.448
62.9	 111.8	 0.070	 1.425
64.6	 111.8	 0.000	 0.000
66.4	 111.8	 0.023	 1.565
68.1	 111.8	 0.023	 1.507
70.0	 111.8	 0.000	 0.000
-1.7	 113.6	 0.000	 0.000
0.0	 113.6	 0.000	 0.000
1.9	 113.6	 0.269	 1.682
3.6	 113.6	 0.269	 1.635
5.5	 113.6	 0.280	 1.717
7.3	 113.6	 0.012	 1.670
9.0	 113.6	 -0.012	 1.635
10.8	 113.6	 0.058	 1.588
12.5	 113.6	 0.058	 1.331
14.4	 113.6	 0.000	 0.000
16.1	 113.6	 -0.012	 1.507
18.0	 113.6	 -0.327	 1.495
19.8	 113.6	 0.000	 1.565
21.5	 113.6	 0.000	 0.000
23.4	 113.6	 -0.327	 1.483
25.1	 113.6	 -0.070	 1.530
27.0	 113.6	 0.117	 1.553
28.8	 113.6	 0.304	 1.612
30.5	 113.6	 0.012	 1.460
32.4	 113.6	 -0.035	 1.518
34.1	 113.6	 -0.058	 1.472
36.0	 113.6	 -0.105	 1.273
37.6	 113.6	 -0.082	 1.740
39.5	 113.6	 0.292	 1.425
41.3	 113.6	 0.514	 1.378
43.0	 113.6	 0.000	 0.000
44.9	 113.6	 0.117	 1.425
46.6	 113.6	 0.082	 1.366
48.5	 113.6	 0.000	 0.000
50.3	 113.6	 0.000	 0.000
52.0	 113.6	 -0.012	 1.331
53.9	 113.6	 -0.035	 1.425
55.6	 113.6	 0.117	 1.658
57.5	 113.6	 0.164	 1.460
59.3	 113.6	 -0.070	 1.343
61.0	 113.6	 -0.058	 1.366
62.9	 113.6	 0.199	 0.619
64.6	 113.6	 0.023	 1.577
66.4	 113.6	 0.035	 1.530
68.1	 113.6	 0.631	 1.308
70.0	 113.6	 0.000	 0.000
-1.7	 115.4	 0.000	 0.000
0.0	 115.4	 0.000	 0.000
1.9	 115.4	 0.000	 0.000
3.6	 115.4	 0.000	 1.565
5.5	 115.4	 -0.023	 1.577
7.3	 115.4	 -0.012	 1.355
9.0	 115.4	 -0.409	 1.647
10.8	 115.4	 0.035	 1.612
12.5	 115.4	 -0.012	 1.495
14.4	 115.4	 -0.035	 1.577
16.1	 115.4	 0.117	 1.553
18.0	 115.4	 -0.199	 1.507
19.8	 115.4	 0.000	 0.000
21.5	 115.4	 0.409	 0.514
23.4	 115.4	 0.000	 1.460
25.1	 115.4	 -0.175	 1.577
27.0	 115.4	 0.047	 1.553
28.8	 115.4	 0.000	 0.000
30.5	 115.4	 -0.035	 1.518
32.4	 115.4	 -0.012	 1.542
34.1	 115.4	 0.000	 1.495
36.0	 115.4	 -0.012	 1.448
37.6	 115.4	 -0.070	 1.425
39.5	 115.4	 -0.199	 1.355
41.3	 115.4	 -0.105	 1.507
43.0	 115.4	 0.140	 1.764
44.9	 115.4	 -0.187	 0.911
46.6	 115.4	 0.385	 1.600
48.5	 115.4	 0.023	 1.787
50.3	 115.4	 0.000	 1.518
52.0	 115.4	 0.105	 1.565
53.9	 115.4	 0.164	 1.775
55.6	 115.4	 0.093	 1.168
57.5	 115.4	 0.000	 0.000
59.3	 115.4	 -0.082	 1.518
61.0	 115.4	 0.128	 1.145
62.9	 115.4	 0.070	 0.946
64.6	 115.4	 0.105	 1.145
66.4	 115.4	 -0.257	 1.191
68.1	 115.4	 0.023	 1.133
70.0	 115.4	 0.000	 0.000
-1.7	 117.1	 0.000	 0.000
0.0	 117.1	 0.000	 0.000
1.9	 117.1	 0.467	 1.565
3.6	 117.1	 -0.093	 1.810
5.5	 117.1	 -0.222	 1.273
7.3	 117.1	 0.012	 1.647
9.0	 117.1	 0.105	 1.413
10.8	 117.1	 0.035	 1.623
12.5	 117.1	 0.035	 1.612
14.4	 117.1	 0.023	 1.553
16.1	 117.1	 -0.093	 1.051
18.0	 117.1	 0.023	 1.074
19.8	 117.1	 -0.280	 1.366
21.5	 117.1	 0.502	 1.016
23.4	 117.1	 0.012	 1.483
25.1	 117.1	 -0.164	 1.542
27.0	 117.1	 0.152	 1.203
28.8	 117.1	 -0.187	 1.717
30.5	 117.1	 -0.023	 1.472
32.4	 117.1	 0.000	 0.000
34.1	 117.1	 -0.152	 1.507
36.0	 117.1	 -0.199	 1.542
37.6	 117.1	 0.035	 1.577
39.5	 117.1	 -0.023	 1.507
41.3	 117.1	 0.000	 0.000
43.0	 117.1	 0.000	 0.000
44.9	 117.1	 -0.105	 1.565
46.6	 117.1	 -0.012	 1.553
48.5	 117.1	 0.000	 0.000
50.3	 117.1	 -0.304	 1.612
52.0	 117.1	 0.350	 1.495
53.9	 117.1	 0.304	 1.752
55.6	 117.1	 -0.023	 1.331
57.5	 117.1	 0.350	 1.530
59.3	 117.1	 0.549	 1.425
61.0	 117.1	 0.128	 1.028
62.9	 117.1	 0.035	 0.969
64.6	 117.1	 0.000	 0.000
66.4	 117.1	 -0.164	 1.355
68.1	 117.1	 -0.012	 1.366
70.0	 117.1	 0.000	 0.000
-1.7	 118.9	 0.000	 0.000
0.0	 118.9	 0.000	 0.000
1.9	 118.9	 0.479	 1.553
3.6	 118.9	 -0.047	 1.799
5.5	 118.9	 0.000	 0.000
7.3	 118.9	 0.023	 1.612
9.0	 118.9	 0.117	 1.343
10.8	 118.9	 -0.047	 1.728
12.5	 118.9	 0.023	 1.530
14.4	 118.9	 0.128	 1.542
16.1	 118.9	 0.128	 1.483
18.0	 118.9	 -0.327	 1.577
19.8	 118.9	 -0.420	 0.911
21.5	 118.9	 -0.035	 1.495
23.4	 118.9	 -0.047	 1.600
25.1	 118.9	 -0.012	 1.588
27.0	 118.9	 0.164	 0.607
28.8	 118.9	 -0.187	 1.542
30.5	 118.9	 0.199	 1.682
32.4	 118.9	 0.023	 1.600
34.1	 118.9	 0.444	 1.623
36.0	 118.9	 -0.257	 1.495
37.6	 118.9	 -0.140	 1.074
39.5	 118.9	 -0.070	 1.495
41.3	 118.9	 0.000	 0.000
43.0	 118.9	 0.000	 0.000
44.9	 118.9	 0.070	 1.250
46.6	 118.9	 -0.152	 1.401
48.5	 118.9	 0.000	 0.000
50.3	 118.9	 -0.280	 1.460
52.0	 118.9	 0.000	 0.000
53.9	 118.9	 0.000	 0.000
55.6	 118.9	 0.222	 1.565
57.5	 118.9	 0.315	 1.437
59.3	 118.9	 0.502	 1.472
61.0	 118.9	 0.210	 1.425
62.9	 118.9	 0.058	 1.507
64.6	 118.9	 0.012	 1.728
66.4	 118.9	 0.000	 1.682
68.1	 118.9	 0.245	 1.437
70.0	 118.9	 0.000	 0.000
-1.7	 120.6	 0.000	 0.000
0.0	 120.6	 0.000	 0.000
1.9	 120.6	 0.199	 1.577
3.6	 120.6	 0.000	 1.542
5.5	 120.6	 -0.269	 1.145
7.3	 120.6	 -0.082	 1.530
9.0	 120.6	 -0.140	 1.495
10.8	 120.6	 0.035	 1.577
12.5	 120.6	 0.012	 1.542
14.4	 120.6	 -0.257	 1.588
16.1	 120.6	 -0.152	 1.623
18.0	 120.6	 -0.128	 1.448
19.8	 120.6	 0.000	 0.000
21.5	 120.6	 -0.292	 1.378
23.4	 120.6	 0.000	 0.000
25.1	 120.6	 -0.117	 1.635
27.0	 120.6	 0.572	 1.460
28.8	 120.6	 0.105	 1.705
30.5	 120.6	 0.140	 1.670
32.4	 120.6	 0.000	 0.000
34.1	 120.6	 0.000	 0.000
36.0	 120.6	 0.292	 1.355
37.6	 120.6	 -0.058	 1.320
39.5	 120.6	 0.000	 0.000
41.3	 120.6	 0.035	 1.390
43.0	 120.6	 0.187	 1.577
44.9	 120.6	 -0.023	 1.577
46.6	 120.6	 0.000	 0.000
48.5	 120.6	 0.000	 0.000
50.3	 120.6	 0.035	 1.378
52.0	 120.6	 0.093	 1.600
53.9	 120.6	 0.093	 1.250
55.6	 120.6	 0.058	 1.682
57.5	 120.6	 -0.222	 1.530
59.3	 120.6	 -0.058	 1.261
61.0	 120.6	 0.222	 1.215
62.9	 120.6	 0.210	 1.460
64.6	 120.6	 -0.035	 0.934
66.4	 120.6	 0.187	 1.168
68.1	 120.6	 0.432	 1.437
70.0	 120.6	 0.000	 0.000
-1.7	 122.4	 0.000	 0.000
0.0	 122.4	 0.000	 0.000
1.9	 122.4	 0.245	 1.168
3.6	 122.4	 0.572	 1.530
5.5	 122.4	 -0.420	 1.460
7.3	 122.4	 0.047	 1.635
9.0	 122.4	 -0.012	 1.553
10.8	 122.4	 0.035	 1.565
12.5	 122.4	 0.023	 1.518
14.4	 122.4	 -0.339	 1.612
16.1	 122.4	 0.000	 0.000
18.0	 122.4	 0.012	 1.553
19.8	 122.4	 -0.199	 1.565
21.5	 122.4	 -0.175	 1.647
23.4	 122.4	 -0.152	 1.343
25.1	 122.4	 0.000	 0.000
27.0	 122.4	 0.152	 1.226
28.8	 122.4	 -0.339	 1.553
30.5	 122.4	 -0.058	 1.472
32.4	 122.4	 0.082	 1.530
34.1	 122.4	 0.140	 1.705
36.0	 122.4	 0.000	 0.000
37.6	 122.4	 -0.280	 1.168
39.5	 122.4	 0.946	 2.020
41.3	 122.4	 0.327	 1.448
43.0	 122.4	 -0.070	 1.577
44.9	 122.4	 0.479	 1.518
46.6	 122.4	 0.000	 0.000
48.5	 122.4	 0.000	 0.000
50.3	 122.4	 0.035	 1.296
52.0	 122.4	 -0.526	 1.437
53.9	 122.4	 -0.164	 1.728
55.6	 122.4	 -0.187	 1.413
57.5	 122.4	 -0.047	 1.542
59.3	 122.4	 -0.035	 1.495
61.0	 122.4	 -0.175	 1.390
62.9	 122.4	 0.105	 0.993
64.6	 122.4	 -0.047	 1.074
66.4	 122.4	 0.199	 1.285
68.1	 122.4	 0.058	 1.355
70.0	 122.4	 0.000	 0.000
-1.7	 124.3	 0.000	 0.000
0.0	 124.3	 0.000	 0.000
1.9	 124.3	 0.082	 1.565
3.6	 124.3	 0.023	 1.542
5.5	 124.3	 -0.140	 1.507
7.3	 124.3	 0.012	 1.238
9.0	 124.3	 -0.058	 1.261
10.8	 124.3	 0.047	 1.542
12.5	 124.3	 0.023	 1.530
14.4	 124.3	 0.000	 0.000
16.1	 124.3	 -0.012	 1.378
18.0	 124.3	 0.000	 1.495
19.8	 124.3	 -0.035	 1.483
21.5	 124.3	 -0.117	 1.308
23.4	 124.3	 -0.058	 1.740
25.1	 124.3	 0.023	 1.401
27.0	 124.3	 0.023	 1.296
28.8	 124.3	 0.047	 1.612
30.5	 124.3	 -0.035	 1.682
32.4	 124.3	 -0.269	 1.600
34.1	 124.3	 -0.140	 1.542
36.0	 124.3	 -0.479	 1.822
37.6	 124.3	 0.000	 0.000
39.5	 124.3	 -0.117	 1.507
41.3	 124.3	 0.000	 0.000
43.0	 124.3	 -0.093	 1.612
44.9	 124.3	 0.444	 1.542
46.6	 124.3	 -0.140	 1.600
48.5	 124.3	 0.000	 0.000
50.3	 124.3	 0.000	 0.000
52.0	 124.3	 0.759	 1.366
53.9	 124.3	 -0.164	 1.518
55.6	 124.3	 -0.117	 1.600
57.5	 124.3	 -0.035	 1.612
59.3	 124.3	 -0.128	 1.448
61.0	 124.3	 -0.093	 1.612
62.9	 124.3	 0.362	 1.226
64.6	 124.3	 0.047	 1.425
66.4	 124.3	 0.140	 1.658
68.1	 124.3	 0.000	 0.000
70.0	 124.3	 0.000	 0.000
