Burst/rec/seq: 	0	16	16
Time stamp:  	28/06/13 	14:44:50:783
Elapsed time (ms): 	      66
-0.7023520	65.1976547	0.0000000	0.0000000
1.0941203	65.1976547	0.0000000	0.0000000
2.8905921	65.1976547	-0.0233916	1.0058373
4.6870642	65.1976547	-0.0350873	-0.7134427
6.4835367	65.1976547	-0.2573072	-0.9590542
8.2800093	65.1976547	-0.1871325	-0.7368343
10.0764809	65.1976547	-1.1227951	-0.0116958
11.8729525	65.1976547	-0.8888795	0.3274819
13.6694250	65.1976547	-0.7485301	0.0233916
15.4658966	65.1976547	-0.4444397	-0.2923946
17.2623692	65.1976547	-0.6783554	-0.8070090
19.0588398	65.1976547	-0.3040904	-1.7309759
20.8553123	65.1976547	0.0467831	-1.8830210
22.6517868	65.1976547	0.0350873	-1.5555391
24.4482574	65.1976547	0.0584789	-1.1227951
26.2447300	65.1976547	-0.1403494	-1.0760120
28.0412025	65.1976547	-0.5146145	-0.6900512
29.8376732	65.1976547	-0.9356626	-0.5497018
31.6341438	65.1976547	-1.3801024	-0.6198765
33.4306183	65.1976547	-1.9882830	-0.1520452
35.2270889	65.1976547	-1.5321475	0.0116958
37.0235634	65.1976547	0.0000000	0.0000000
38.8200340	65.1976547	-1.6257138	1.4736686
40.6165047	65.1976547	0.0000000	0.0000000
42.4129791	65.1976547	-1.2514488	-0.0467831
44.2094498	65.1976547	-1.3333192	0.0350873
46.0059242	65.1976547	-1.3450150	0.3976566
47.8023949	65.1976547	-1.1578825	0.3508735
49.5988655	65.1976547	-0.2923946	0.9239668
51.3953362	65.1976547	-3.0525992	0.1637410
53.1918106	65.1976547	-2.4561143	0.8420963
54.9882851	65.1976547	0.0000000	0.0000000
56.7847557	65.1976547	-0.7953132	0.2222199
58.5812302	65.1976547	-2.0350661	0.5146145
60.3776970	65.1976547	-0.4678313	-0.3274819
62.1741714	65.1976547	-0.5146145	-0.9824457
63.9706421	65.1976547	0.0000000	0.0000000
65.7671204	65.1976547	-0.1871325	-0.4795271
67.5635834	65.1976547	-0.0116958	-0.5497018
69.3600616	65.1976547	0.0584789	0.6315722
71.1565323	65.1976547	0.0000000	0.0000000
-0.7023520	66.9941254	-0.3742650	-2.9941204
1.0941203	66.9941254	0.0000000	0.0000000
2.8905921	66.9941254	0.0000000	0.0000000
4.6870642	66.9941254	-0.0935663	-0.8187048
6.4835367	66.9941254	0.0467831	-0.6198765
8.2800093	66.9941254	-0.1754367	-0.1286536
10.0764809	66.9941254	-0.8420963	-0.0116958
11.8729525	66.9941254	-0.9122710	0.2456114
13.6694250	66.9941254	-0.8654879	-0.0467831
15.4658966	66.9941254	-1.2631445	-0.1988283
17.2623692	66.9941254	-0.8888795	-0.2573072
19.0588398	66.9941254	-0.3040904	-1.5438433
20.8553123	66.9941254	-0.2573072	-1.7309759
22.6517868	66.9941254	0.0701747	-1.2397530
24.4482574	66.9941254	-0.3040904	-1.0175331
26.2447300	66.9941254	-0.7719216	-0.9239668
28.0412025	66.9941254	-1.2631445	-0.5847892
29.8376732	66.9941254	-1.6958885	-0.8187048
31.6341438	66.9941254	-1.9648914	-0.1637410
33.4306183	66.9941254	-2.3976355	0.0701747
35.2270889	66.9941254	-2.8069878	0.4795271
37.0235634	66.9941254	-3.0759909	0.5613976
38.8200340	66.9941254	-2.8303795	0.7134427
40.6165047	66.9941254	0.0000000	0.0000000
42.4129791	66.9941254	-1.0526204	0.6432680
44.2094498	66.9941254	-2.7719004	1.4619728
46.0059242	66.9941254	-2.0233705	0.5964849
47.8023949	66.9941254	-1.2865361	0.8537921
49.5988655	66.9941254	-1.3567108	0.8888795
51.3953362	66.9941254	-2.3625481	1.6491053
53.1918106	66.9941254	-1.8830210	1.7777590
54.9882851	66.9941254	-1.9064126	1.7075843
56.7847557	66.9941254	-0.2923946	0.8888795
58.5812302	66.9941254	-0.7368343	0.1637410
60.3776970	66.9941254	0.0000000	0.0116958
62.1741714	66.9941254	0.0000000	0.0000000
63.9706421	66.9941254	-0.0701747	-0.7368343
65.7671204	66.9941254	0.0467831	-0.4093524
67.5635834	66.9941254	0.1286536	-0.5146145
69.3600616	66.9941254	0.0350873	-0.9941415
71.1565323	66.9941254	0.0000000	0.0000000
-0.7023520	68.7905960	0.0000000	0.0000000
1.0941203	68.7905960	0.0000000	0.0000000
2.8905921	68.7905960	-0.0701747	0.8771837
4.6870642	68.7905960	-0.0350873	-0.4210482
6.4835367	68.7905960	-0.2690030	-0.2105241
8.2800093	68.7905960	-0.2456114	-0.0350873
10.0764809	68.7905960	-0.0350873	0.0818705
11.8729525	68.7905960	-1.4502771	0.6549639
13.6694250	68.7905960	-1.0994036	-0.1169578
15.4658966	68.7905960	-1.0175331	-0.3040904
17.2623692	68.7905960	-1.0643163	-0.3157861
19.0588398	68.7905960	-0.5029187	-1.2748404
20.8553123	68.7905960	-0.3391777	-1.4385812
22.6517868	68.7905960	-0.1988283	-0.7719216
24.4482574	68.7905960	-1.4853644	-0.5029187
26.2447300	68.7905960	-1.4502771	-1.0058373
28.0412025	68.7905960	-1.1929698	-0.6198765
29.8376732	68.7905960	-1.1110994	-0.5263102
31.6341438	68.7905960	-0.9824457	-0.2690030
33.4306183	68.7905960	0.0000000	0.0000000
35.2270889	68.7905960	-2.1403282	0.0467831
37.0235634	68.7905960	-2.1871114	0.1286536
38.8200340	68.7905960	-1.1929698	0.8187048
40.6165047	68.7905960	-1.6724969	0.8070090
42.4129791	68.7905960	0.0000000	0.0000000
44.2094498	68.7905960	-2.7485089	2.2572861
46.0059242	68.7905960	-2.5964637	2.2338946
47.8023949	68.7905960	-1.8596294	2.0116746
49.5988655	68.7905960	-1.6023222	1.9765873
51.3953362	68.7905960	-1.5087559	1.4502771
53.1918106	68.7905960	-0.4444397	1.7777590
54.9882851	68.7905960	-0.2105241	0.5730934
56.7847557	68.7905960	-0.1754367	1.0292289
58.5812302	68.7905960	-0.1286536	0.7017469
60.3776970	68.7905960	-0.0818705	0.4912229
62.1741714	68.7905960	0.2105241	-0.6315722
63.9706421	68.7905960	-0.0935663	-0.2923946
65.7671204	68.7905960	0.1871325	-0.1052620
67.5635834	68.7905960	0.1403494	-0.4093524
69.3600616	68.7905960	0.0818705	-0.9005753
71.1565323	68.7905960	0.0000000	0.0000000
-0.7023520	70.5870667	0.0000000	0.0000000
1.0941203	70.5870667	0.0000000	0.0000000
2.8905921	70.5870667	0.0000000	0.0000000
4.6870642	70.5870667	-0.4327440	-0.0350873
6.4835367	70.5870667	-1.1227951	0.4093524
8.2800093	70.5870667	-0.3040904	0.1169578
10.0764809	70.5870667	-0.1754367	-0.0116958
11.8729525	70.5870667	-0.9941415	0.2923946
13.6694250	70.5870667	-1.1110994	0.0701747
15.4658966	70.5870667	-0.5497018	-0.5964849
17.2623692	70.5870667	-0.5964849	-0.7368343
19.0588398	70.5870667	-0.4678313	-0.7485301
20.8553123	70.5870667	-0.8888795	-1.3216234
22.6517868	70.5870667	-1.5321475	-0.3157861
24.4482574	70.5870667	-1.0994036	-1.4502771
26.2447300	70.5870667	-1.5321475	-0.9473584
28.0412025	70.5870667	-1.7426716	-0.5847892
29.8376732	70.5870667	-1.9765873	-0.1754367
31.6341438	70.5870667	-0.8888795	-0.2806988
33.4306183	70.5870667	-1.1578825	-0.0233916
35.2270889	70.5870667	-1.7075843	-0.0350873
37.0235634	70.5870667	-1.6023222	-0.0233916
38.8200340	70.5870667	-1.5789306	0.1403494
40.6165047	70.5870667	-1.7309759	0.5263102
42.4129791	70.5870667	-2.3391566	1.1929698
44.2094498	70.5870667	-2.1871114	2.7017257
46.0059242	70.5870667	0.0000000	0.0000000
47.8023949	70.5870667	-1.7075843	1.4034939
49.5988655	70.5870667	-0.8654879	0.5730934
51.3953362	70.5870667	-0.2806988	0.4795271
53.1918106	70.5870667	-0.5380060	1.2865361
54.9882851	70.5870667	-0.0350873	1.0292289
56.7847557	70.5870667	0.0000000	0.0000000
58.5812302	70.5870667	0.0000000	0.0000000
60.3776970	70.5870667	-0.0116958	0.1403494
62.1741714	70.5870667	0.0350873	-0.0584789
63.9706421	70.5870667	-0.0467831	0.1988283
65.7671204	70.5870667	0.0233916	0.0467831
67.5635834	70.5870667	-0.0350873	-0.7485301
69.3600616	70.5870667	0.0233916	-0.9122710
71.1565323	70.5870667	0.0000000	0.0000000
-0.7023520	72.3835449	0.0000000	0.0000000
1.0941203	72.3835449	0.0000000	0.0000000
2.8905921	72.3835449	0.0000000	0.0000000
4.6870642	72.3835449	-0.7134427	0.1169578
6.4835367	72.3835449	-1.4853644	0.5146145
8.2800093	72.3835449	-1.1110994	0.0233916
10.0764809	72.3835449	-1.5087559	0.5263102
11.8729525	72.3835449	0.0000000	0.0000000
13.6694250	72.3835449	-0.9590542	0.3040904
15.4658966	72.3835449	-0.8654879	-0.3274819
17.2623692	72.3835449	-0.4210482	-0.3859608
19.0588398	72.3835449	-0.5263102	-0.4795271
20.8553123	72.3835449	-1.0643163	-0.7251385
22.6517868	72.3835449	-0.7836174	-0.8771837
24.4482574	72.3835449	0.0818705	-1.1929698
26.2447300	72.3835449	-0.8070090	-0.6666596
28.0412025	72.3835449	-1.3333192	-0.6198765
29.8376732	72.3835449	-1.4268855	-0.3508735
31.6341438	72.3835449	-0.7836174	0.0467831
33.4306183	72.3835449	-1.1578825	-0.1052620
35.2270889	72.3835449	-1.5204518	-0.1520452
37.0235634	72.3835449	-1.4151897	0.4678313
38.8200340	72.3835449	-1.5087559	0.2222199
40.6165047	72.3835449	-1.0877078	0.0818705
42.4129791	72.3835449	-1.2514488	0.3274819
44.2094498	72.3835449	-0.8187048	0.1871325
46.0059242	72.3835449	-0.4210482	0.1403494
47.8023949	72.3835449	-0.8304006	0.2222199
49.5988655	72.3835449	-0.6666596	0.3157861
51.3953362	72.3835449	-0.2222199	0.9356626
53.1918106	72.3835449	-0.3742650	1.4268855
54.9882851	72.3835449	-0.2105241	1.4619728
56.7847557	72.3835449	-0.2222199	1.0175331
58.5812302	72.3835449	-0.5263102	0.2806988
60.3776970	72.3835449	-0.3742650	0.0116958
62.1741714	72.3835449	-0.1286536	0.0935663
63.9706421	72.3835449	-0.0350873	0.1403494
65.7671204	72.3835449	0.0233916	-0.0116958
67.5635834	72.3835449	-0.0701747	-0.7017469
69.3600616	72.3835449	0.0000000	0.0000000
71.1565323	72.3835449	0.0000000	0.0000000
-0.7023520	74.1800156	0.0000000	0.0000000
1.0941203	74.1800156	0.0000000	0.0000000
2.8905921	74.1800156	0.0000000	1.0643163
4.6870642	74.1800156	-0.4327440	-0.1052620
6.4835367	74.1800156	-1.2163614	-0.0935663
8.2800093	74.1800156	-1.4385812	-0.0233916
10.0764809	74.1800156	-0.9122710	0.1871325
11.8729525	74.1800156	0.0000000	0.0000000
13.6694250	74.1800156	-0.7836174	0.0584789
15.4658966	74.1800156	-1.0409247	-0.0350873
17.2623692	74.1800156	-1.0175331	-0.3157861
19.0588398	74.1800156	-1.2631445	-0.1988283
20.8553123	74.1800156	-1.1344910	-0.4561355
22.6517868	74.1800156	-0.1754367	-1.3684065
24.4482574	74.1800156	0.0584789	-1.4970602
26.2447300	74.1800156	-0.3625693	0.2339157
28.0412025	74.1800156	-0.9590542	-0.1286536
29.8376732	74.1800156	-1.5555391	-0.2923946
31.6341438	74.1800156	-1.5204518	-0.2573072
33.4306183	74.1800156	-1.2865361	-0.3508735
35.2270889	74.1800156	-1.1812741	0.2806988
37.0235634	74.1800156	-1.6140180	0.8654879
38.8200340	74.1800156	-1.3917981	0.6549639
40.6165047	74.1800156	-1.2046657	0.2923946
42.4129791	74.1800156	-0.7134427	0.0350873
44.2094498	74.1800156	0.1052620	-0.3976566
46.0059242	74.1800156	0.1871325	-0.2806988
47.8023949	74.1800156	0.0116958	0.0350873
49.5988655	74.1800156	-0.6198765	0.0935663
51.3953362	74.1800156	-0.0233916	0.1871325
53.1918106	74.1800156	-0.6081807	0.2222199
54.9882851	74.1800156	-0.6666596	0.5730934
56.7847557	74.1800156	-0.2105241	1.6023222
58.5812302	74.1800156	-0.5497018	0.3040904
60.3776970	74.1800156	-0.4093524	0.0350873
62.1741714	74.1800156	-0.0935663	-0.0701747
63.9706421	74.1800156	-0.4678313	-0.1169578
65.7671204	74.1800156	-0.5730934	-0.0233916
67.5635834	74.1800156	0.0000000	0.0000000
69.3600616	74.1800156	0.0233916	-1.3450150
71.1565323	74.1800156	0.0000000	0.0000000
-0.7023520	75.9764862	0.0000000	0.0000000
1.0941203	75.9764862	0.0000000	0.0000000
2.8905921	75.9764862	0.0000000	0.0000000
4.6870642	75.9764862	-0.1286536	0.2456114
6.4835367	75.9764862	-1.2397530	-0.1052620
8.2800093	75.9764862	-1.4385812	-0.1052620
10.0764809	75.9764862	-1.6958885	-0.0701747
11.8729525	75.9764862	-1.4736686	-0.1520452
13.6694250	75.9764862	-0.9590542	-0.2105241
15.4658966	75.9764862	-1.0175331	-0.3508735
17.2623692	75.9764862	-1.3216234	0.0701747
19.0588398	75.9764862	-1.0409247	0.0116958
20.8553123	75.9764862	-1.3099277	-0.2456114
22.6517868	75.9764862	-0.5964849	-0.6549639
24.4482574	75.9764862	-0.3391777	-1.0760120
26.2447300	75.9764862	0.1520452	-0.5847892
28.0412025	75.9764862	-0.6900512	-0.0467831
29.8376732	75.9764862	-0.7602259	-0.4210482
31.6341438	75.9764862	-1.2280571	-0.3508735
33.4306183	75.9764862	-1.2631445	-0.2690030
35.2270889	75.9764862	-1.3099277	-0.1988283
37.0235634	75.9764862	-1.4268855	-0.1052620
38.8200340	75.9764862	-1.5087559	0.1988283
40.6165047	75.9764862	-0.8888795	0.1286536
42.4129791	75.9764862	-0.4444397	0.0233916
44.2094498	75.9764862	0.1286536	-0.0818705
46.0059242	75.9764862	0.6198765	-0.2105241
47.8023949	75.9764862	0.8070090	-0.0584789
49.5988655	75.9764862	-0.2222199	0.7017469
51.3953362	75.9764862	0.0233916	0.7368343
53.1918106	75.9764862	-0.0467831	0.8187048
54.9882851	75.9764862	-0.0701747	0.6198765
56.7847557	75.9764862	0.0467831	0.5730934
58.5812302	75.9764862	0.7719216	0.1286536
60.3776970	75.9764862	0.6198765	-0.1871325
62.1741714	75.9764862	0.5029187	-0.2573072
63.9706421	75.9764862	-0.5146145	-0.1637410
65.7671204	75.9764862	-0.6549639	0.0350873
67.5635834	75.9764862	-0.0584789	1.0175331
69.3600616	75.9764862	0.0000000	0.0000000
71.1565323	75.9764862	0.0000000	0.0000000
-0.7023520	77.7729568	0.0000000	0.0000000
1.0941203	77.7729568	0.0000000	0.0000000
2.8905921	77.7729568	0.0000000	0.0000000
4.6870642	77.7729568	-0.0350873	0.0116958
6.4835367	77.7729568	-0.5847892	-0.0116958
8.2800093	77.7729568	-1.7426716	0.0701747
10.0764809	77.7729568	-1.7192800	-0.3274819
11.8729525	77.7729568	-0.7953132	-0.7017469
13.6694250	77.7729568	-0.1871325	-0.8888795
15.4658966	77.7729568	-0.7836174	-0.1403494
17.2623692	77.7729568	-1.2397530	0.1520452
19.0588398	77.7729568	-1.1461867	0.0818705
20.8553123	77.7729568	-0.6315722	-0.4561355
22.6517868	77.7729568	-0.4093524	-1.1929698
24.4482574	77.7729568	-0.7602259	-0.9824457
26.2447300	77.7729568	-0.7134427	-0.5613976
28.0412025	77.7729568	-0.5146145	0.0935663
29.8376732	77.7729568	-0.4210482	0.1169578
31.6341438	77.7729568	-0.3976566	-0.0116958
33.4306183	77.7729568	-0.6900512	-0.5497018
35.2270889	77.7729568	-1.4034939	-0.1871325
37.0235634	77.7729568	-0.9590542	-0.2456114
38.8200340	77.7729568	-0.5964849	0.0116958
40.6165047	77.7729568	-0.3976566	0.1988283
42.4129791	77.7729568	-0.2923946	-0.1754367
44.2094498	77.7729568	0.0000000	0.0000000
46.0059242	77.7729568	0.4795271	-0.1052620
47.8023949	77.7729568	0.6900512	-0.0818705
49.5988655	77.7729568	0.2105241	0.0935663
51.3953362	77.7729568	0.2573072	1.0526204
53.1918106	77.7729568	0.1754367	0.9707500
54.9882851	77.7729568	0.2690030	0.6783554
56.7847557	77.7729568	1.0292289	0.6783554
58.5812302	77.7729568	1.1110994	0.7134427
60.3776970	77.7729568	0.7368343	-0.0116958
62.1741714	77.7729568	0.7602259	-0.1286536
63.9706421	77.7729568	0.0467831	-0.4912229
65.7671204	77.7729568	0.0000000	0.0000000
67.5635834	77.7729568	-0.0467831	-0.9590542
69.3600616	77.7729568	0.0000000	0.0000000
71.1565323	77.7729568	0.0000000	0.0000000
-0.7023520	79.5694275	0.0000000	0.0000000
1.0941203	79.5694275	0.0000000	0.0000000
2.8905921	79.5694275	0.0000000	0.0000000
4.6870642	79.5694275	-0.0584789	0.2339157
6.4835367	79.5694275	-0.3859608	0.1871325
8.2800093	79.5694275	-0.5847892	0.0467831
10.0764809	79.5694275	-0.5029187	-0.0467831
11.8729525	79.5694275	-0.3274819	-0.8537921
13.6694250	79.5694275	-0.7719216	-0.3040904
15.4658966	79.5694275	-0.7368343	-0.0935663
17.2623692	79.5694275	-1.3801024	1.3917981
19.0588398	79.5694275	-0.7134427	0.0935663
20.8553123	79.5694275	-0.7017469	-0.1988283
22.6517868	79.5694275	-0.2456114	-1.6023222
24.4482574	79.5694275	-0.5263102	-0.5380060
26.2447300	79.5694275	-0.7134427	-0.5613976
28.0412025	79.5694275	0.0350873	-0.3274819
29.8376732	79.5694275	0.0000000	0.0000000
31.6341438	79.5694275	-0.8304006	0.4561355
33.4306183	79.5694275	-1.1110994	-0.1988283
35.2270889	79.5694275	-1.7894547	0.0116958
37.0235634	79.5694275	-1.1461867	-0.0233916
38.8200340	79.5694275	-0.8304006	0.0000000
40.6165047	79.5694275	-0.5847892	-0.0818705
42.4129791	79.5694275	-0.1871325	-0.0701747
44.2094498	79.5694275	-0.2456114	0.0116958
46.0059242	79.5694275	0.0818705	0.1520452
47.8023949	79.5694275	0.2456114	0.5497018
49.5988655	79.5694275	0.6432680	0.3040904
51.3953362	79.5694275	0.4795271	0.4912229
53.1918106	79.5694275	0.5964849	0.3391777
54.9882851	79.5694275	0.9356626	0.1169578
56.7847557	79.5694275	0.9005753	1.0175331
58.5812302	79.5694275	0.9473584	0.6900512
60.3776970	79.5694275	1.7192800	0.6432680
62.1741714	79.5694275	1.9414999	0.3976566
63.9706421	79.5694275	0.0935663	0.1637410
65.7671204	79.5694275	-0.0467831	-0.3508735
67.5635834	79.5694275	0.0467831	0.5029187
69.3600616	79.5694275	0.0116958	0.7134427
71.1565323	79.5694275	0.0000000	0.0000000
-0.7023520	81.3659058	0.0000000	0.0000000
1.0941203	81.3659058	0.0000000	0.0000000
2.8905921	81.3659058	0.0000000	0.0000000
4.6870642	81.3659058	-0.1169578	0.1754367
6.4835367	81.3659058	-0.1988283	0.1403494
8.2800093	81.3659058	-0.0467831	-0.3859608
10.0764809	81.3659058	0.0000000	-0.6783554
11.8729525	81.3659058	-0.0584789	-0.4912229
13.6694250	81.3659058	-0.6549639	-0.6198765
15.4658966	81.3659058	-0.1286536	-0.6198765
17.2623692	81.3659058	0.0000000	-0.3040904
19.0588398	81.3659058	0.2339157	0.1052620
20.8553123	81.3659058	3.0759909	-0.2222199
22.6517868	81.3659058	-0.2222199	-0.9707500
24.4482574	81.3659058	-0.2222199	-1.3567108
26.2447300	81.3659058	-0.6198765	-0.1988283
28.0412025	81.3659058	-0.0935663	1.2280571
29.8376732	81.3659058	-2.0350661	0.7251385
31.6341438	81.3659058	-1.5438433	0.4678313
33.4306183	81.3659058	-1.5321475	0.1286536
35.2270889	81.3659058	-1.7660632	0.0350873
37.0235634	81.3659058	-1.4619728	0.1637410
38.8200340	81.3659058	-0.6783554	0.2456114
40.6165047	81.3659058	-0.2923946	0.0584789
42.4129791	81.3659058	-0.0116958	-0.0584789
44.2094498	81.3659058	0.1520452	0.0467831
46.0059242	81.3659058	0.3625693	0.2690030
47.8023949	81.3659058	0.2339157	0.8187048
49.5988655	81.3659058	0.1754367	0.7017469
51.3953362	81.3659058	0.3040904	0.9473584
53.1918106	81.3659058	0.7602259	0.9356626
54.9882851	81.3659058	0.6549639	0.7251385
56.7847557	81.3659058	0.6432680	1.0877078
58.5812302	81.3659058	0.6198765	0.9122710
60.3776970	81.3659058	0.3157861	0.2923946
62.1741714	81.3659058	0.8304006	0.2105241
63.9706421	81.3659058	0.8187048	0.1520452
65.7671204	81.3659058	0.0467831	-0.2105241
67.5635834	81.3659058	0.0818705	0.9707500
69.3600616	81.3659058	-0.0701747	1.5789306
71.1565323	81.3659058	0.0000000	0.0000000
-0.7023520	83.1623764	0.0000000	0.0000000
1.0941203	83.1623764	0.0000000	0.0000000
2.8905921	83.1623764	-0.0350873	-1.2865361
4.6870642	83.1623764	0.0467831	-0.0584789
6.4835367	83.1623764	-0.0701747	-0.0116958
8.2800093	83.1623764	-0.1637410	-0.4678313
10.0764809	83.1623764	-0.1286536	-0.6432680
11.8729525	83.1623764	-0.1520452	-0.2339157
13.6694250	83.1623764	-0.0701747	-0.3040904
15.4658966	83.1623764	-0.1052620	-0.5497018
17.2623692	83.1623764	0.0350873	-0.0935663
19.0588398	83.1623764	0.3274819	0.3157861
20.8553123	83.1623764	0.1286536	0.0701747
22.6517868	83.1623764	-0.9005753	-0.7485301
24.4482574	83.1623764	-1.1578825	-0.4912229
26.2447300	83.1623764	-0.6081807	0.3508735
28.0412025	83.1623764	-0.6198765	0.3040904
29.8376732	83.1623764	-0.6549639	0.0000000
31.6341438	83.1623764	0.0000000	0.0000000
33.4306183	83.1623764	-0.6549639	0.6549639
35.2270889	83.1623764	-1.2397530	0.5730934
37.0235634	83.1623764	-0.9590542	0.2222199
38.8200340	83.1623764	-0.3391777	0.5964849
40.6165047	83.1623764	-0.3391777	0.0467831
42.4129791	83.1623764	0.1169578	0.1169578
44.2094498	83.1623764	0.3625693	0.0818705
46.0059242	83.1623764	0.5029187	0.3742650
47.8023949	83.1623764	0.4444397	0.6900512
49.5988655	83.1623764	0.0584789	0.9473584
51.3953362	83.1623764	0.4210482	1.1578825
53.1918106	83.1623764	0.8537921	0.9707500
54.9882851	83.1623764	0.9473584	0.9356626
56.7847557	83.1623764	1.0643163	0.9941415
58.5812302	83.1623764	1.1695783	1.0409247
60.3776970	83.1623764	1.1929698	0.6432680
62.1741714	83.1623764	1.2046657	0.0350873
63.9706421	83.1623764	0.8771837	0.0818705
65.7671204	83.1623764	0.2573072	0.4327440
67.5635834	83.1623764	0.3391777	0.8070090
69.3600616	83.1623764	0.0000000	0.0000000
71.1565323	83.1623764	0.0000000	0.0000000
-0.7023520	84.9588547	0.0000000	0.0000000
1.0941203	84.9588547	0.0000000	0.0000000
2.8905921	84.9588547	0.0000000	0.0000000
4.6870642	84.9588547	0.0935663	0.0350873
6.4835367	84.9588547	0.0467831	0.1169578
8.2800093	84.9588547	-0.0701747	-0.0701747
10.0764809	84.9588547	-0.6432680	-0.0584789
11.8729525	84.9588547	-0.0935663	-0.4678313
13.6694250	84.9588547	-0.4561355	-0.1052620
15.4658966	84.9588547	-0.1871325	-0.1871325
17.2623692	84.9588547	0.0000000	-0.1988283
19.0588398	84.9588547	0.0350873	0.5029187
20.8553123	84.9588547	0.1169578	0.1754367
22.6517868	84.9588547	-0.5730934	-0.1403494
24.4482574	84.9588547	-1.1929698	-0.4210482
26.2447300	84.9588547	-1.2748404	0.7719216
28.0412025	84.9588547	0.3391777	0.1988283
29.8376732	84.9588547	0.1520452	0.8888795
31.6341438	84.9588547	0.0701747	0.5730934
33.4306183	84.9588547	-0.5730934	1.0760120
35.2270889	84.9588547	-0.6900512	0.4678313
37.0235634	84.9588547	-0.9239668	0.7017469
38.8200340	84.9588547	-0.4678313	0.3976566
40.6165047	84.9588547	-0.2222199	0.2923946
42.4129791	84.9588547	0.1286536	0.1520452
44.2094498	84.9588547	-0.0467831	0.5029187
46.0059242	84.9588547	-0.0233916	0.8888795
47.8023949	84.9588547	-0.2222199	0.9005753
49.5988655	84.9588547	0.6432680	0.8537921
51.3953362	84.9588547	0.7134427	1.0409247
53.1918106	84.9588547	0.9356626	0.5146145
54.9882851	84.9588547	1.1227951	0.7017469
56.7847557	84.9588547	1.2514488	1.3450150
58.5812302	84.9588547	1.2748404	0.9005753
60.3776970	84.9588547	1.5672349	0.7368343
62.1741714	84.9588547	0.9941415	0.1637410
63.9706421	84.9588547	1.1578825	0.8070090
65.7671204	84.9588547	-0.0350873	0.3274819
67.5635834	84.9588547	0.4210482	0.6783554
69.3600616	84.9588547	-0.0116958	1.4970602
71.1565323	84.9588547	0.0000000	0.0000000
-0.7023520	86.7553177	0.0000000	0.0000000
1.0941203	86.7553177	0.0000000	0.0000000
2.8905921	86.7553177	-0.0116958	-1.2514488
4.6870642	86.7553177	-0.1169578	-0.4561355
6.4835367	86.7553177	-0.5380060	0.0000000
8.2800093	86.7553177	-0.6900512	-0.0818705
10.0764809	86.7553177	-0.7134427	-0.2456114
11.8729525	86.7553177	-0.2222199	-0.7134427
13.6694250	86.7553177	-0.6432680	-0.2339157
15.4658966	86.7553177	-0.1871325	-0.5613976
17.2623692	86.7553177	0.0233916	0.0350873
19.0588398	86.7553177	0.1169578	0.6315722
20.8553123	86.7553177	0.2456114	0.0000000
22.6517868	86.7553177	-0.5146145	0.1052620
24.4482574	86.7553177	-1.0760120	-0.7251385
26.2447300	86.7553177	-0.8654879	0.2339157
28.0412025	86.7553177	-0.4678313	0.7485301
29.8376732	86.7553177	-0.0701747	0.5146145
31.6341438	86.7553177	0.1520452	0.1403494
33.4306183	86.7553177	0.3508735	0.2339157
35.2270889	86.7553177	0.0818705	1.1929698
37.0235634	86.7553177	-0.1286536	1.0175331
38.8200340	86.7553177	-0.2690030	1.2865361
40.6165047	86.7553177	-0.0701747	1.2865361
42.4129791	86.7553177	0.2105241	1.7777590
44.2094498	86.7553177	0.0000000	1.0175331
46.0059242	86.7553177	-0.1988283	0.8888795
47.8023949	86.7553177	-0.5497018	0.0116958
49.5988655	86.7553177	-0.5146145	1.7075843
51.3953362	86.7553177	0.1637410	1.3917981
53.1918106	86.7553177	1.2397530	1.0409247
54.9882851	86.7553177	1.6491053	1.0058373
56.7847557	86.7553177	1.3216234	0.7719216
58.5812302	86.7553177	0.9005753	0.9356626
60.3776970	86.7553177	0.8070090	0.4210482
62.1741714	86.7553177	0.5146145	0.3508735
63.9706421	86.7553177	0.9824457	0.4795271
65.7671204	86.7553177	-0.5380060	-0.0350873
67.5635834	86.7553177	-0.0233916	0.1871325
69.3600616	86.7553177	0.0233916	0.5847892
71.1565323	86.7553177	0.0000000	0.0000000
-0.7023520	88.5517883	0.0000000	0.0000000
1.0941203	88.5517883	0.0000000	0.0000000
2.8905921	88.5517883	-0.0350873	-1.4970602
4.6870642	88.5517883	-0.6432680	-0.0701747
6.4835367	88.5517883	-0.8304006	-0.1286536
8.2800093	88.5517883	-0.8187048	-0.3040904
10.0764809	88.5517883	-0.6432680	-0.3508735
11.8729525	88.5517883	-0.2456114	-0.6900512
13.6694250	88.5517883	-0.6666596	-0.3157861
15.4658966	88.5517883	-0.3040904	-0.8771837
17.2623692	88.5517883	0.0000000	0.0000000
19.0588398	88.5517883	-0.0584789	1.2163614
20.8553123	88.5517883	0.4444397	-0.0467831
22.6517868	88.5517883	-0.2923946	0.0701747
24.4482574	88.5517883	-0.1754367	0.5146145
26.2447300	88.5517883	-0.6900512	0.0467831
28.0412025	88.5517883	-0.6081807	0.2923946
29.8376732	88.5517883	-0.3742650	-0.1871325
31.6341438	88.5517883	-0.0467831	0.0935663
33.4306183	88.5517883	0.4444397	0.2690030
35.2270889	88.5517883	0.4912229	0.8304006
37.0235634	88.5517883	0.2105241	0.9707500
38.8200340	88.5517883	-0.1403494	1.4385812
40.6165047	88.5517883	0.0701747	1.2631445
42.4129791	88.5517883	0.1988283	2.1052408
44.2094498	88.5517883	0.1871325	1.3450150
46.0059242	88.5517883	-0.0350873	1.4853644
47.8023949	88.5517883	0.0584789	1.8245420
49.5988655	88.5517883	-0.0233916	2.3976355
51.3953362	88.5517883	0.6549639	2.0584579
53.1918106	88.5517883	1.1227951	1.6841927
54.9882851	88.5517883	1.6608012	1.2514488
56.7847557	88.5517883	1.6724969	1.6140180
58.5812302	88.5517883	0.4912229	0.8537921
60.3776970	88.5517883	0.6666596	0.2923946
62.1741714	88.5517883	0.8070090	0.5730934
63.9706421	88.5517883	0.0000000	0.0000000
65.7671204	88.5517883	-0.5613976	0.3859608
67.5635834	88.5517883	-0.2690030	0.0233916
69.3600616	88.5517883	0.0000000	0.0000000
71.1565323	88.5517883	0.0000000	0.0000000
-0.7023520	90.3482666	0.0000000	0.0000000
1.0941203	90.3482666	0.0000000	0.0000000
2.8905921	90.3482666	0.0000000	0.0000000
4.6870642	90.3482666	-0.7953132	-0.1988283
6.4835367	90.3482666	-0.8537921	-0.1754367
8.2800093	90.3482666	-0.7602259	-0.1637410
10.0764809	90.3482666	-0.4795271	-0.3859608
11.8729525	90.3482666	-0.5497018	-0.4795271
13.6694250	90.3482666	-0.6315722	-0.5497018
15.4658966	90.3482666	-0.3742650	-0.9590542
17.2623692	90.3482666	-0.6666596	-0.1520452
19.0588398	90.3482666	-0.5964849	-0.1052620
20.8553123	90.3482666	-0.0935663	0.0000000
22.6517868	90.3482666	-0.2339157	0.1988283
24.4482574	90.3482666	-0.1403494	0.2806988
26.2447300	90.3482666	-0.5847892	0.5380060
28.0412025	90.3482666	-0.1520452	0.1286536
29.8376732	90.3482666	-0.4795271	-0.0935663
31.6341438	90.3482666	-0.0818705	0.9824457
33.4306183	90.3482666	0.8070090	0.3274819
35.2270889	90.3482666	0.7017469	0.4912229
37.0235634	90.3482666	0.4444397	1.2397530
38.8200340	90.3482666	0.2456114	1.5438433
40.6165047	90.3482666	0.0818705	1.7660632
42.4129791	90.3482666	0.4327440	1.9531957
44.2094498	90.3482666	0.1403494	1.6724969
46.0059242	90.3482666	0.2456114	1.7894547
47.8023949	90.3482666	0.3508735	2.2221987
49.5988655	90.3482666	0.9824457	2.3157649
51.3953362	90.3482666	1.0760120	2.7368131
53.1918106	90.3482666	0.7602259	1.6491053
54.9882851	90.3482666	1.6257138	1.4385812
56.7847557	90.3482666	0.8070090	1.7894547
58.5812302	90.3482666	0.5847892	1.4151897
60.3776970	90.3482666	0.0000000	0.0000000
62.1741714	90.3482666	1.4385812	0.3274819
63.9706421	90.3482666	1.2280571	0.3274819
65.7671204	90.3482666	-0.1520452	0.2222199
67.5635834	90.3482666	-0.1520452	0.1520452
69.3600616	90.3482666	0.0701747	0.5730934
71.1565323	90.3482666	0.0000000	0.0000000
-0.7023520	92.1447372	0.0000000	0.0000000
1.0941203	92.1447372	0.0000000	0.0000000
2.8905921	92.1447372	0.0000000	0.0000000
4.6870642	92.1447372	0.0000000	0.0000000
6.4835367	92.1447372	-0.6315722	-0.1520452
8.2800093	92.1447372	-0.7602259	-0.1988283
10.0764809	92.1447372	-0.7134427	-0.3274819
11.8729525	92.1447372	-0.6432680	-0.2573072
13.6694250	92.1447372	-0.2339157	-0.6783554
15.4658966	92.1447372	-0.2339157	-0.6198765
17.2623692	92.1447372	-0.0584789	-0.4210482
19.0588398	92.1447372	-0.0233916	-0.5497018
20.8553123	92.1447372	-0.1637410	-0.0584789
22.6517868	92.1447372	0.3040904	0.0467831
24.4482574	92.1447372	0.0000000	0.0000000
26.2447300	92.1447372	0.6549639	-0.1754367
28.0412025	92.1447372	0.4561355	-0.2573072
29.8376732	92.1447372	-0.1403494	0.7602259
31.6341438	92.1447372	0.0467831	0.3274819
33.4306183	92.1447372	-0.0350873	1.0292289
35.2270889	92.1447372	-0.1871325	0.8654879
37.0235634	92.1447372	0.4093524	0.9590542
38.8200340	92.1447372	-0.1637410	1.9414999
40.6165047	92.1447372	0.2573072	1.7777590
42.4129791	92.1447372	0.1403494	1.7894547
44.2094498	92.1447372	-0.1052620	1.5789306
46.0059242	92.1447372	0.2105241	2.0233705
47.8023949	92.1447372	0.2573072	2.1637199
49.5988655	92.1447372	0.2105241	2.9005542
51.3953362	92.1447372	0.1871325	2.1871114
53.1918106	92.1447372	0.6900512	1.6023222
54.9882851	92.1447372	1.4034939	0.5263102
56.7847557	92.1447372	1.2865361	1.3917981
58.5812302	92.1447372	1.1695783	1.3450150
60.3776970	92.1447372	1.3801024	0.9707500
62.1741714	92.1447372	0.0818705	0.6315722
63.9706421	92.1447372	0.0935663	0.3976566
65.7671204	92.1447372	-0.2806988	0.7017469
67.5635834	92.1447372	-0.1637410	0.6783554
69.3600616	92.1447372	0.0233916	-0.9239668
71.1565323	92.1447372	0.0000000	0.0000000
-0.7023520	93.9412079	0.0000000	0.0000000
1.0941203	93.9412079	0.0000000	0.0000000
2.8905921	93.9412079	0.0000000	0.0000000
4.6870642	93.9412079	0.2105241	0.1169578
6.4835367	93.9412079	0.2339157	-0.0116958
8.2800093	93.9412079	0.6666596	-0.3742650
10.0764809	93.9412079	0.6432680	-0.1286536
11.8729525	93.9412079	-0.3859608	-0.0584789
13.6694250	93.9412079	0.1052620	-0.2105241
15.4658966	93.9412079	-0.1169578	-0.2806988
17.2623692	93.9412079	-0.0701747	-0.1403494
19.0588398	93.9412079	0.0000000	-0.1052620
20.8553123	93.9412079	0.0467831	-0.1169578
22.6517868	93.9412079	0.4561355	-0.1754367
24.4482574	93.9412079	0.7251385	-0.0467831
26.2447300	93.9412079	0.8420963	-0.1286536
28.0412025	93.9412079	0.8420963	-0.0467831
29.8376732	93.9412079	0.0584789	0.8771837
31.6341438	93.9412079	-0.1520452	0.6315722
33.4306183	93.9412079	-0.3040904	1.3216234
35.2270889	93.9412079	-0.5263102	1.6374096
37.0235634	93.9412079	-0.7368343	1.6958885
38.8200340	93.9412079	-0.3157861	1.4736686
40.6165047	93.9412079	0.0350873	1.2163614
42.4129791	93.9412079	0.6198765	3.2865150
44.2094498	93.9412079	-0.0701747	2.3625481
46.0059242	93.9412079	-0.0116958	2.1052408
47.8023949	93.9412079	0.2923946	2.2221987
49.5988655	93.9412079	0.6432680	1.7309759
51.3953362	93.9412079	0.2105241	2.0350661
53.1918106	93.9412079	0.5964849	0.8304006
54.9882851	93.9412079	1.1695783	0.8187048
56.7847557	93.9412079	0.1988283	2.2221987
58.5812302	93.9412079	1.1929698	1.8011506
60.3776970	93.9412079	1.4502771	1.5087559
62.1741714	93.9412079	1.3099277	1.2982318
63.9706421	93.9412079	0.1754367	0.7134427
65.7671204	93.9412079	0.0818705	0.7251385
67.5635834	93.9412079	0.0233916	0.9005753
69.3600616	93.9412079	0.0000000	2.8771625
71.1565323	93.9412079	0.0000000	0.0000000
-0.7023520	95.7376785	0.0000000	0.0000000
1.0941203	95.7376785	0.0000000	0.0000000
2.8905921	95.7376785	0.0000000	0.0000000
4.6870642	95.7376785	0.1871325	0.0350873
6.4835367	95.7376785	0.3157861	-0.0935663
8.2800093	95.7376785	0.7017469	-0.5613976
10.0764809	95.7376785	0.4444397	-0.2806988
11.8729525	95.7376785	0.4327440	-0.1871325
13.6694250	95.7376785	0.5263102	-0.0350873
15.4658966	95.7376785	-0.0116958	-0.2923946
17.2623692	95.7376785	-0.0350873	-0.1520452
19.0588398	95.7376785	0.0701747	-0.0701747
20.8553123	95.7376785	0.7017469	-0.4093524
22.6517868	95.7376785	0.6549639	-0.1988283
24.4482574	95.7376785	0.9005753	0.0116958
26.2447300	95.7376785	1.1929698	-0.2105241
28.0412025	95.7376785	1.3333192	-0.0350873
29.8376732	95.7376785	0.0350873	0.8654879
31.6341438	95.7376785	0.0116958	0.8420963
33.4306183	95.7376785	-0.2573072	0.7719216
35.2270889	95.7376785	-0.6549639	2.1520240
37.0235634	95.7376785	-0.6432680	1.8245420
38.8200340	95.7376785	-0.3859608	1.1929698
40.6165047	95.7376785	-0.1754367	1.5789306
42.4129791	95.7376785	0.1286536	2.6081595
44.2094498	95.7376785	-0.0116958	2.5145934
46.0059242	95.7376785	0.0701747	1.8011506
47.8023949	95.7376785	0.5613976	1.4151897
49.5988655	95.7376785	0.7602259	1.0760120
51.3953362	95.7376785	0.7251385	1.3684065
53.1918106	95.7376785	1.3450150	1.2631445
54.9882851	95.7376785	1.2631445	1.1929698
56.7847557	95.7376785	-0.0116958	2.1637199
58.5812302	95.7376785	1.0643163	2.2455902
60.3776970	95.7376785	1.4619728	1.8713253
62.1741714	95.7376785	1.2631445	1.4268855
63.9706421	95.7376785	0.8888795	1.2982318
65.7671204	95.7376785	0.3742650	0.7251385
67.5635834	95.7376785	0.1520452	0.1052620
69.3600616	95.7376785	0.0584789	0.6198765
71.1565323	95.7376785	0.0000000	0.0000000
-0.7023520	97.5341492	0.0000000	0.0000000
1.0941203	97.5341492	0.0000000	0.0000000
2.8905921	97.5341492	0.0000000	0.0000000
4.6870642	97.5341492	0.4210482	-0.3274819
6.4835367	97.5341492	0.3742650	-0.3508735
8.2800093	97.5341492	0.0467831	0.1871325
10.0764809	97.5341492	0.0818705	-0.0116958
11.8729525	97.5341492	0.0818705	-0.2923946
13.6694250	97.5341492	0.1871325	0.0467831
15.4658966	97.5341492	0.0233916	-0.0701747
17.2623692	97.5341492	0.2339157	0.0233916
19.0588398	97.5341492	0.2456114	0.0000000
20.8553123	97.5341492	0.5847892	-0.0935663
22.6517868	97.5341492	0.8070090	-0.0116958
24.4482574	97.5341492	0.9239668	0.1520452
26.2447300	97.5341492	1.2865361	0.1754367
28.0412025	97.5341492	0.7251385	0.1871325
29.8376732	97.5341492	0.1169578	0.3391777
31.6341438	97.5341492	-0.0701747	0.6549639
33.4306183	97.5341492	-0.8654879	2.0701535
35.2270889	97.5341492	-0.1286536	2.3508523
37.0235634	97.5341492	-0.0818705	1.7543674
38.8200340	97.5341492	-0.0818705	1.5204518
40.6165047	97.5341492	-0.1403494	1.1578825
42.4129791	97.5341492	0.1052620	2.4327228
44.2094498	97.5341492	0.1286536	2.3508523
46.0059242	97.5341492	0.0935663	1.7660632
47.8023949	97.5341492	0.4093524	1.4502771
49.5988655	97.5341492	0.5613976	1.4151897
51.3953362	97.5341492	0.7602259	1.3216234
53.1918106	97.5341492	0.9824457	1.3917981
54.9882851	97.5341492	0.8420963	1.3801024
56.7847557	97.5341492	0.6900512	1.4736686
58.5812302	97.5341492	0.8537921	2.0818493
60.3776970	97.5341492	0.7251385	1.1461867
62.1741714	97.5341492	0.9005753	0.9824457
63.9706421	97.5341492	0.6315722	1.2631445
65.7671204	97.5341492	0.0584789	0.7953132
67.5635834	97.5341492	0.0584789	0.3040904
69.3600616	97.5341492	0.0233916	0.9824457
71.1565323	97.5341492	0.0000000	0.0000000
-0.7023520	99.3306274	0.0000000	0.0000000
1.0941203	99.3306274	0.0000000	0.0000000
2.8905921	99.3306274	0.0000000	0.0000000
4.6870642	99.3306274	-0.1637410	0.5730934
6.4835367	99.3306274	0.1520452	0.0116958
8.2800093	99.3306274	0.1520452	0.2105241
10.0764809	99.3306274	0.0233916	-0.1286536
11.8729525	99.3306274	-0.1052620	-0.4795271
13.6694250	99.3306274	-0.2105241	-0.1403494
15.4658966	99.3306274	-0.0350873	-0.0701747
17.2623692	99.3306274	0.0584789	0.0000000
19.0588398	99.3306274	0.1286536	0.0350873
20.8553123	99.3306274	0.4912229	-0.0584789
22.6517868	99.3306274	0.9122710	0.1169578
24.4482574	99.3306274	1.0175331	0.3040904
26.2447300	99.3306274	0.0000000	0.0000000
28.0412025	99.3306274	0.1403494	0.4795271
29.8376732	99.3306274	-0.0701747	0.6315722
31.6341438	99.3306274	-0.5380060	1.0526204
33.4306183	99.3306274	-0.7836174	2.0935452
35.2270889	99.3306274	0.0000000	0.0000000
37.0235634	99.3306274	-0.1637410	0.6666596
38.8200340	99.3306274	-0.1286536	2.1520240
40.6165047	99.3306274	-0.0935663	1.3099277
42.4129791	99.3306274	0.4444397	1.3333192
44.2094498	99.3306274	0.5146145	1.8011506
46.0059242	99.3306274	0.5847892	2.6315510
47.8023949	99.3306274	0.7134427	1.9181083
49.5988655	99.3306274	0.7836174	1.6374096
51.3953362	99.3306274	1.0643163	1.1578825
53.1918106	99.3306274	1.3567108	1.7660632
54.9882851	99.3306274	0.4795271	1.5672349
56.7847557	99.3306274	0.6549639	1.3099277
58.5812302	99.3306274	0.0116958	0.8537921
60.3776970	99.3306274	-0.0584789	0.8537921
62.1741714	99.3306274	-0.3040904	0.9590542
63.9706421	99.3306274	-0.2573072	0.8654879
65.7671204	99.3306274	-0.1520452	0.8537921
67.5635834	99.3306274	0.0701747	0.0350873
69.3600616	99.3306274	-0.0467831	-0.4795271
71.1565323	99.3306274	0.0000000	0.0000000
-0.7023520	101.1270981	0.0000000	0.0000000
1.0941203	101.1270981	0.0000000	0.0000000
2.8905921	101.1270981	0.0000000	0.0000000
4.6870642	101.1270981	0.4327440	0.0935663
6.4835367	101.1270981	0.5613976	-0.0818705
8.2800093	101.1270981	0.0350873	0.0233916
10.0764809	101.1270981	-0.1988283	-0.0701747
11.8729525	101.1270981	-0.1754367	-0.1520452
13.6694250	101.1270981	-0.0935663	-0.3508735
15.4658966	101.1270981	0.1169578	-0.1169578
17.2623692	101.1270981	0.1520452	0.1520452
19.0588398	101.1270981	0.0350873	0.0350873
20.8553123	101.1270981	0.1871325	-0.0233916
22.6517868	101.1270981	0.1520452	0.0467831
24.4482574	101.1270981	-0.7719216	0.1052620
26.2447300	101.1270981	-0.4093524	0.7485301
28.0412025	101.1270981	-0.5497018	0.7368343
29.8376732	101.1270981	-0.2690030	0.6198765
31.6341438	101.1270981	-0.6783554	1.1344910
33.4306183	101.1270981	-0.1988283	1.3333192
35.2270889	101.1270981	-0.7017469	1.0994036
37.0235634	101.1270981	-0.6198765	1.2514488
38.8200340	101.1270981	-0.1052620	1.7660632
40.6165047	101.1270981	-0.2806988	1.2163614
42.4129791	101.1270981	-0.1520452	0.8771837
44.2094498	101.1270981	0.0350873	0.9590542
46.0059242	101.1270981	0.5730934	1.7192800
47.8023949	101.1270981	0.1403494	1.2397530
49.5988655	101.1270981	0.2690030	1.1812741
51.3953362	101.1270981	0.7368343	1.1812741
53.1918106	101.1270981	1.0175331	1.6023222
54.9882851	101.1270981	0.0116958	1.1110994
56.7847557	101.1270981	0.0350873	1.3450150
58.5812302	101.1270981	0.0584789	1.2631445
60.3776970	101.1270981	-0.1052620	1.0643163
62.1741714	101.1270981	-0.4327440	0.7602259
63.9706421	101.1270981	-0.4210482	0.6432680
65.7671204	101.1270981	-0.3742650	0.7251385
67.5635834	101.1270981	-0.0350873	0.0818705
69.3600616	101.1270981	-0.0467831	0.7719216
71.1565323	101.1270981	0.0000000	0.0000000
-0.7023520	102.9235687	0.0000000	0.0000000
1.0941203	102.9235687	0.0000000	0.0000000
2.8905921	102.9235687	0.0000000	0.0000000
4.6870642	102.9235687	0.1403494	0.6900512
6.4835367	102.9235687	0.0701747	0.3157861
8.2800093	102.9235687	-0.0701747	0.0467831
10.0764809	102.9235687	-0.2456114	0.0584789
11.8729525	102.9235687	0.1520452	-0.5029187
13.6694250	102.9235687	0.0233916	-0.1520452
15.4658966	102.9235687	0.2222199	0.0350873
17.2623692	102.9235687	0.3625693	0.3742650
19.0588398	102.9235687	0.6198765	0.2573072
20.8553123	102.9235687	0.9590542	0.2690030
22.6517868	102.9235687	0.9590542	0.1052620
24.4482574	102.9235687	-0.6432680	0.9707500
26.2447300	102.9235687	-0.6666596	0.8070090
28.0412025	102.9235687	-0.6900512	0.7602259
29.8376732	102.9235687	-0.5263102	0.7953132
31.6341438	102.9235687	0.0000000	0.0000000
33.4306183	102.9235687	0.0350873	0.9239668
35.2270889	102.9235687	-0.7017469	1.4736686
37.0235634	102.9235687	-0.7836174	0.9473584
38.8200340	102.9235687	-0.5964849	1.1344910
40.6165047	102.9235687	-0.1052620	1.0760120
42.4129791	102.9235687	-0.8420963	1.2865361
44.2094498	102.9235687	-0.6549639	0.8654879
46.0059242	102.9235687	-0.1403494	1.0292289
47.8023949	102.9235687	-0.0701747	1.6257138
49.5988655	102.9235687	-0.0116958	1.4151897
51.3953362	102.9235687	0.0116958	1.2631445
53.1918106	102.9235687	0.1988283	1.6841927
54.9882851	102.9235687	-0.0233916	1.4034939
56.7847557	102.9235687	-0.5146145	1.6140180
58.5812302	102.9235687	-0.1988283	1.3917981
60.3776970	102.9235687	-0.1871325	0.7251385
62.1741714	102.9235687	-0.2923946	0.0935663
63.9706421	102.9235687	-0.1052620	0.0584789
65.7671204	102.9235687	-0.1637410	0.2456114
67.5635834	102.9235687	-0.0116958	0.3976566
69.3600616	102.9235687	0.0116958	0.6081807
71.1565323	102.9235687	0.0000000	0.0000000
-0.7023520	104.7200394	0.0000000	0.0000000
1.0941203	104.7200394	0.0000000	0.0000000
2.8905921	104.7200394	0.0000000	0.0000000
4.6870642	104.7200394	-0.0467831	0.5380060
6.4835367	104.7200394	0.3508735	0.2690030
8.2800093	104.7200394	0.3625693	0.2690030
10.0764809	104.7200394	0.3742650	0.3742650
11.8729525	104.7200394	0.0584789	-0.1754367
13.6694250	104.7200394	-0.4561355	0.0818705
15.4658966	104.7200394	-0.8070090	0.2105241
17.2623692	104.7200394	0.0935663	0.5847892
19.0588398	104.7200394	0.3742650	0.8187048
20.8553123	104.7200394	0.9356626	0.8420963
22.6517868	104.7200394	0.6315722	0.1286536
24.4482574	104.7200394	-0.0584789	1.6140180
26.2447300	104.7200394	0.0000000	0.0000000
28.0412025	104.7200394	-0.6666596	0.8187048
29.8376732	104.7200394	-0.7602259	0.3625693
31.6341438	104.7200394	-1.2631445	0.0701747
33.4306183	104.7200394	-0.7602259	0.0935663
35.2270889	104.7200394	-0.1637410	0.2339157
37.0235634	104.7200394	-0.2105241	0.5029187
38.8200340	104.7200394	-0.4210482	0.8771837
40.6165047	104.7200394	-0.4561355	1.0760120
42.4129791	104.7200394	-0.3157861	0.8304006
44.2094498	104.7200394	-0.6783554	0.9122710
46.0059242	104.7200394	-0.5029187	1.2280571
47.8023949	104.7200394	-0.3508735	1.2397530
49.5988655	104.7200394	-0.4678313	1.6140180
51.3953362	104.7200394	-0.3040904	1.5438433
53.1918106	104.7200394	-0.0233916	1.5906265
54.9882851	104.7200394	0.7719216	1.4385812
56.7847557	104.7200394	0.7368343	1.5204518
58.5812302	104.7200394	0.1520452	0.8070090
60.3776970	104.7200394	0.0584789	0.1988283
62.1741714	104.7200394	-0.1052620	0.0701747
63.9706421	104.7200394	-0.1637410	-0.0467831
65.7671204	104.7200394	-0.0935663	0.0935663
67.5635834	104.7200394	-0.0701747	0.3274819
69.3600616	104.7200394	0.0935663	0.7134427
71.1565323	104.7200394	0.0000000	0.0000000
-0.7023520	106.5165100	0.0000000	0.0000000
1.0941203	106.5165100	0.0000000	0.0000000
2.8905921	106.5165100	0.0000000	0.0000000
4.6870642	106.5165100	0.1520452	0.7602259
6.4835367	106.5165100	0.1754367	0.8187048
8.2800093	106.5165100	0.7017469	0.5730934
10.0764809	106.5165100	0.0818705	0.1286536
11.8729525	106.5165100	-0.9473584	0.0116958
13.6694250	106.5165100	-0.6666596	-0.0818705
15.4658966	106.5165100	-0.1754367	0.0116958
17.2623692	106.5165100	0.0000000	0.0000000
19.0588398	106.5165100	-0.1286536	0.8537921
20.8553123	106.5165100	-0.6783554	1.9298041
22.6517868	106.5165100	-0.4210482	1.4385812
24.4482574	106.5165100	0.1637410	0.7251385
26.2447300	106.5165100	0.0000000	0.0000000
28.0412025	106.5165100	-0.8187048	1.2163614
29.8376732	106.5165100	-1.1578825	1.0760120
31.6341438	106.5165100	-1.3216234	0.8420963
33.4306183	106.5165100	-1.0058373	0.6315722
35.2270889	106.5165100	-0.3859608	0.5497018
37.0235634	106.5165100	-0.6900512	0.6198765
38.8200340	106.5165100	-0.5613976	0.6549639
40.6165047	106.5165100	-0.7017469	0.9590542
42.4129791	106.5165100	-0.4678313	1.3801024
44.2094498	106.5165100	-0.8420963	0.7953132
46.0059242	106.5165100	-0.5146145	0.8771837
47.8023949	106.5165100	-0.5730934	1.1578825
49.5988655	106.5165100	-0.5263102	1.5438433
51.3953362	106.5165100	-0.3274819	1.2865361
53.1918106	106.5165100	-0.6081807	1.4619728
54.9882851	106.5165100	-0.1169578	1.0409247
56.7847557	106.5165100	-0.1637410	1.5438433
58.5812302	106.5165100	-0.0701747	0.4912229
60.3776970	106.5165100	0.0467831	0.0701747
62.1741714	106.5165100	-0.1403494	0.0233916
63.9706421	106.5165100	-0.2690030	0.1169578
65.7671204	106.5165100	-0.0350873	0.4561355
67.5635834	106.5165100	0.0350873	0.5964849
69.3600616	106.5165100	0.0000000	0.0000000
71.1565323	106.5165100	0.0000000	0.0000000
-0.7023520	108.3129883	0.0000000	0.0000000
1.0941203	108.3129883	0.0000000	0.0000000
2.8905921	108.3129883	0.0000000	0.0000000
4.6870642	108.3129883	0.1520452	1.3917981
6.4835367	108.3129883	0.2806988	0.6315722
8.2800093	108.3129883	0.0233916	0.7134427
10.0764809	108.3129883	-0.4795271	0.1520452
11.8729525	108.3129883	-0.4561355	-0.0116958
13.6694250	108.3129883	-0.1286536	-0.4561355
15.4658966	108.3129883	-0.9239668	1.1461867
17.2623692	108.3129883	0.0000000	0.0000000
19.0588398	108.3129883	-0.8420963	0.2456114
20.8553123	108.3129883	-0.3859608	0.8187048
22.6517868	108.3129883	-0.1637410	1.1110994
24.4482574	108.3129883	0.0818705	1.6374096
26.2447300	108.3129883	0.4327440	1.6257138
28.0412025	108.3129883	-0.8070090	1.6724969
29.8376732	108.3129883	-0.6432680	1.2865361
31.6341438	108.3129883	-0.9707500	0.5497018
33.4306183	108.3129883	-0.9473584	0.4795271
35.2270889	108.3129883	-0.9356626	0.4210482
37.0235634	108.3129883	-0.8537921	0.5847892
38.8200340	108.3129883	-0.5146145	0.5964849
40.6165047	108.3129883	-0.7017469	1.2865361
42.4129791	108.3129883	-0.5964849	1.1929698
44.2094498	108.3129883	-0.7953132	0.6549639
46.0059242	108.3129883	-0.7251385	0.7368343
47.8023949	108.3129883	-0.7251385	0.9824457
49.5988655	108.3129883	-0.3157861	1.4268855
51.3953362	108.3129883	-0.2456114	1.4619728
53.1918106	108.3129883	-0.4210482	1.6257138
54.9882851	108.3129883	-0.3859608	0.8304006
56.7847557	108.3129883	-0.2806988	0.5964849
58.5812302	108.3129883	0.0350873	0.1403494
60.3776970	108.3129883	0.0467831	0.1988283
62.1741714	108.3129883	-0.3859608	0.1052620
63.9706421	108.3129883	-0.2222199	0.3274819
65.7671204	108.3129883	-0.1520452	0.4444397
67.5635834	108.3129883	-0.1286536	0.5964849
69.3600616	108.3129883	-0.0350873	0.8537921
71.1565323	108.3129883	1.3684065	0.0000000
-0.7023520	110.1094589	0.0000000	0.0000000
1.0941203	110.1094589	0.0000000	0.0000000
2.8905921	110.1094589	0.0000000	0.0000000
4.6870642	110.1094589	0.0467831	0.7485301
6.4835367	110.1094589	-0.1286536	0.7134427
8.2800093	110.1094589	-0.0467831	0.8070090
10.0764809	110.1094589	0.1988283	0.6081807
11.8729525	110.1094589	-0.0350873	-0.0116958
13.6694250	110.1094589	-0.2456114	-0.2222199
15.4658966	110.1094589	-1.2748404	1.7894547
17.2623692	110.1094589	-1.6257138	1.3450150
19.0588398	110.1094589	-1.4385812	0.7134427
20.8553123	110.1094589	-0.7251385	0.5497018
22.6517868	110.1094589	-0.5029187	1.4502771
24.4482574	110.1094589	-0.1637410	1.7660632
26.2447300	110.1094589	-0.8654879	1.9531957
28.0412025	110.1094589	-0.6900512	1.0292289
29.8376732	110.1094589	-0.7719216	1.0760120
31.6341438	110.1094589	-0.8771837	0.7134427
33.4306183	110.1094589	-0.8654879	0.3742650
35.2270889	110.1094589	-1.0760120	0.5263102
37.0235634	110.1094589	-0.9473584	0.5029187
38.8200340	110.1094589	-0.8654879	0.4795271
40.6165047	110.1094589	-0.4093524	0.2923946
42.4129791	110.1094589	-0.6432680	1.1227951
44.2094498	110.1094589	-0.7719216	1.4619728
46.0059242	110.1094589	-0.8654879	0.7719216
47.8023949	110.1094589	-0.9005753	0.9122710
49.5988655	110.1094589	-0.8187048	1.4970602
51.3953362	110.1094589	-0.6315722	1.3801024
53.1918106	110.1094589	-0.1637410	0.2456114
54.9882851	110.1094589	-0.1052620	0.2923946
56.7847557	110.1094589	-0.2105241	0.6900512
58.5812302	110.1094589	-0.1520452	0.1520452
60.3776970	110.1094589	-0.0584789	0.3040904
62.1741714	110.1094589	-0.2923946	0.6198765
63.9706421	110.1094589	-0.1520452	0.8537921
65.7671204	110.1094589	0.0350873	1.1461867
67.5635834	110.1094589	0.2222199	0.1988283
69.3600616	110.1094589	0.0000000	0.0000000
71.1565323	110.1094589	0.0000000	0.0000000
-0.7023520	111.9059296	0.0000000	0.0000000
1.0941203	111.9059296	0.0000000	0.0000000
2.8905921	111.9059296	0.0000000	0.0000000
4.6870642	111.9059296	0.5263102	0.0000000
6.4835367	111.9059296	0.4561355	0.0701747
8.2800093	111.9059296	0.0233916	0.8304006
10.0764809	111.9059296	-0.2923946	0.1169578
11.8729525	111.9059296	-0.7017469	-0.0467831
13.6694250	111.9059296	-0.8888795	0.1871325
15.4658966	111.9059296	-1.9414999	1.3684065
17.2623692	111.9059296	-2.1286325	1.2865361
19.0588398	111.9059296	-1.9064126	1.0760120
20.8553123	111.9059296	-1.4268855	1.4151897
22.6517868	111.9059296	-0.9707500	1.8128463
24.4482574	111.9059296	-0.5380060	1.6140180
26.2447300	111.9059296	-0.8187048	1.4502771
28.0412025	111.9059296	-0.3625693	1.5321475
29.8376732	111.9059296	-1.1578825	1.4385812
31.6341438	111.9059296	-1.2280571	1.0292289
33.4306183	111.9059296	-1.5087559	1.2631445
35.2270889	111.9059296	-1.0409247	0.6666596
37.0235634	111.9059296	-0.8771837	0.7368343
38.8200340	111.9059296	-0.7485301	0.6900512
40.6165047	111.9059296	-0.7836174	0.7953132
42.4129791	111.9059296	-0.8654879	1.0409247
44.2094498	111.9059296	-0.8187048	0.8304006
46.0059242	111.9059296	-0.3391777	0.2806988
47.8023949	111.9059296	-0.8304006	0.7251385
49.5988655	111.9059296	-0.7953132	0.7953132
51.3953362	111.9059296	-0.5964849	0.6783554
53.1918106	111.9059296	-0.3976566	0.5847892
54.9882851	111.9059296	-0.1052620	0.5497018
56.7847557	111.9059296	-0.6432680	0.9239668
58.5812302	111.9059296	-0.0701747	0.8537921
60.3776970	111.9059296	-0.0233916	0.8888795
62.1741714	111.9059296	-0.0818705	0.2806988
63.9706421	111.9059296	0.0000000	0.3040904
65.7671204	111.9059296	0.0818705	0.3859608
67.5635834	111.9059296	0.1169578	0.7953132
69.3600616	111.9059296	0.0584789	-1.4736686
71.1565323	111.9059296	0.0000000	0.0000000
-0.7023520	113.7024002	0.0000000	0.0000000
1.0941203	113.7024002	0.0000000	0.0000000
2.8905921	113.7024002	-0.0350873	0.9356626
4.6870642	113.7024002	0.5730934	-0.0233916
6.4835367	113.7024002	0.6783554	0.2222199
8.2800093	113.7024002	0.2806988	-0.0116958
10.0764809	113.7024002	-0.4561355	0.1988283
11.8729525	113.7024002	-0.8420963	0.1403494
13.6694250	113.7024002	-1.3684065	1.1227951
15.4658966	113.7024002	-1.6491053	1.2631445
17.2623692	113.7024002	-0.8070090	1.2631445
19.0588398	113.7024002	1.8362379	-1.1695783
20.8553123	113.7024002	-1.5321475	1.7660632
22.6517868	113.7024002	-1.4619728	2.0584579
24.4482574	113.7024002	-0.6081807	1.5789306
26.2447300	113.7024002	-0.2222199	1.4619728
28.0412025	113.7024002	-0.3742650	1.7192800
29.8376732	113.7024002	-0.8070090	1.4151897
31.6341438	113.7024002	-0.7017469	1.3684065
33.4306183	113.7024002	-1.5789306	0.9239668
35.2270889	113.7024002	-0.5613976	1.6608012
37.0235634	113.7024002	-1.0994036	1.4151897
38.8200340	113.7024002	-0.8771837	1.1578825
40.6165047	113.7024002	-0.2456114	1.3333192
42.4129791	113.7024002	-1.1110994	1.3917981
44.2094498	113.7024002	-1.1461867	1.0292289
46.0059242	113.7024002	-1.2280571	0.9005753
47.8023949	113.7024002	-1.0994036	0.6198765
49.5988655	113.7024002	-0.7602259	0.4795271
51.3953362	113.7024002	-0.5847892	0.3742650
53.1918106	113.7024002	-0.5730934	0.2573072
54.9882851	113.7024002	-0.6900512	0.6432680
56.7847557	113.7024002	-0.4795271	0.8888795
58.5812302	113.7024002	-0.0935663	0.8888795
60.3776970	113.7024002	0.0467831	0.9005753
62.1741714	113.7024002	-0.0584789	0.5730934
63.9706421	113.7024002	-0.1637410	0.8654879
65.7671204	113.7024002	0.0818705	0.7719216
67.5635834	113.7024002	0.1169578	0.8304006
69.3600616	113.7024002	-0.0116958	0.9590542
71.1565323	113.7024002	0.0000000	0.0000000
-0.7023520	115.4988708	0.0000000	0.0000000
1.0941203	115.4988708	0.0000000	0.0000000
2.8905921	115.4988708	-0.0584789	0.9590542
4.6870642	115.4988708	0.0935663	0.4327440
6.4835367	115.4988708	0.0701747	0.8888795
8.2800093	115.4988708	-0.1403494	0.0584789
10.0764809	115.4988708	-0.6549639	0.2923946
11.8729525	115.4988708	-1.2163614	0.3391777
13.6694250	115.4988708	-1.1227951	0.2573072
15.4658966	115.4988708	-1.3450150	0.2222199
17.2623692	115.4988708	-1.1929698	0.1871325
19.0588398	115.4988708	-1.0292289	0.2456114
20.8553123	115.4988708	-1.6023222	2.4912016
22.6517868	115.4988708	-0.9005753	2.2105029
24.4482574	115.4988708	-0.5380060	2.4561143
26.2447300	115.4988708	-0.0584789	2.2572861
28.0412025	115.4988708	0.0000000	0.0000000
29.8376732	115.4988708	-0.1754367	1.7426716
31.6341438	115.4988708	-1.0175331	1.5672349
33.4306183	115.4988708	-1.6958885	1.0175331
35.2270889	115.4988708	0.0000000	0.0000000
37.0235634	115.4988708	-1.2631445	1.4268855
38.8200340	115.4988708	0.0000000	0.8537921
40.6165047	115.4988708	-1.5204518	1.6023222
42.4129791	115.4988708	-1.3801024	0.6783554
44.2094498	115.4988708	-1.6023222	0.8420963
46.0059242	115.4988708	-1.6140180	0.7368343
47.8023949	115.4988708	-1.1929698	0.8187048
49.5988655	115.4988708	-0.7368343	0.6198765
51.3953362	115.4988708	-0.7134427	0.3976566
53.1918106	115.4988708	-0.5613976	0.5497018
54.9882851	115.4988708	-0.7017469	0.6081807
56.7847557	115.4988708	-0.1871325	0.8070090
58.5812302	115.4988708	-0.0935663	0.8420963
60.3776970	115.4988708	0.0584789	0.9707500
62.1741714	115.4988708	-0.0350873	0.7719216
63.9706421	115.4988708	-0.0818705	0.6198765
65.7671204	115.4988708	-0.0233916	1.3684065
67.5635834	115.4988708	0.0350873	0.8888795
69.3600616	115.4988708	0.0000000	0.0000000
71.1565323	115.4988708	0.0000000	0.0000000
-0.7023520	117.2953491	0.0000000	0.0000000
1.0941203	117.2953491	0.0000000	0.0000000
2.8905921	117.2953491	-0.0818705	0.7836174
4.6870642	117.2953491	-0.2105241	0.5964849
6.4835367	117.2953491	-0.1052620	0.7836174
8.2800093	117.2953491	-0.3040904	0.5613976
10.0764809	117.2953491	-1.3801024	0.8654879
11.8729525	117.2953491	-1.3917981	1.0643163
13.6694250	117.2953491	-0.9005753	0.2690030
15.4658966	117.2953491	-0.8654879	0.1286536
17.2623692	117.2953491	-1.0409247	0.7485301
19.0588398	117.2953491	-0.7134427	0.8420963
20.8553123	117.2953491	-0.7134427	1.2163614
22.6517868	117.2953491	-0.9473584	2.5730722
24.4482574	117.2953491	-0.5847892	2.3157649
26.2447300	117.2953491	-0.0701747	2.3859396
28.0412025	117.2953491	-0.3976566	2.2221987
29.8376732	117.2953491	-0.7836174	1.9414999
31.6341438	117.2953491	-0.8070090	1.6724969
33.4306183	117.2953491	-1.5789306	1.0526204
35.2270889	117.2953491	-1.5672349	1.5555391
37.0235634	117.2953491	-1.4619728	1.7660632
38.8200340	117.2953491	-0.7485301	1.3099277
40.6165047	117.2953491	-1.4619728	1.3917981
42.4129791	117.2953491	-1.6608012	1.5789306
44.2094498	117.2953491	-1.3450150	1.2280571
46.0059242	117.2953491	-1.2748404	0.8420963
47.8023949	117.2953491	-1.2280571	0.4795271
49.5988655	117.2953491	-0.8304006	0.3391777
51.3953362	117.2953491	-0.9707500	0.4561355
53.1918106	117.2953491	-0.7485301	0.3625693
54.9882851	117.2953491	-0.4678313	0.6081807
56.7847557	117.2953491	-0.3508735	0.7719216
58.5812302	117.2953491	-0.1286536	0.8187048
60.3776970	117.2953491	0.0000000	0.6783554
62.1741714	117.2953491	-0.0350873	0.1871325
63.9706421	117.2953491	-0.9941415	-0.1286536
65.7671204	117.2953491	-0.0233916	0.7134427
67.5635834	117.2953491	0.0000000	0.7251385
69.3600616	117.2953491	0.0233916	-1.5087559
71.1565323	117.2953491	0.0000000	0.0000000
-0.7023520	119.0918198	0.0000000	0.0000000
1.0941203	119.0918198	0.0000000	0.0000000
2.8905921	119.0918198	-0.0818705	0.5847892
4.6870642	119.0918198	-0.1169578	0.6666596
6.4835367	119.0918198	0.0116958	0.9239668
8.2800093	119.0918198	0.0000000	0.9005753
10.0764809	119.0918198	-1.2163614	0.8654879
11.8729525	119.0918198	-0.7485301	0.6783554
13.6694250	119.0918198	-0.7485301	0.3040904
15.4658966	119.0918198	-0.7485301	0.1988283
17.2623692	119.0918198	-0.6432680	0.1403494
19.0588398	119.0918198	-0.7953132	0.8537921
20.8553123	119.0918198	-0.5847892	1.3216234
22.6517868	119.0918198	-0.8070090	1.8713253
24.4482574	119.0918198	-0.6081807	2.1169367
26.2447300	119.0918198	-0.7953132	3.0175118
28.0412025	119.0918198	-0.6666596	1.9181083
29.8376732	119.0918198	-1.0409247	2.0467620
31.6341438	119.0918198	-0.4561355	1.4736686
33.4306183	119.0918198	-0.6783554	2.0935452
35.2270889	119.0918198	-1.8713253	2.0116746
37.0235634	119.0918198	-2.0701535	1.8713253
38.8200340	119.0918198	-1.4619728	1.2514488
40.6165047	119.0918198	-1.7075843	1.3216234
42.4129791	119.0918198	-1.5438433	0.9590542
44.2094498	119.0918198	-1.3801024	1.2982318
46.0059242	119.0918198	-1.1695783	0.9590542
47.8023949	119.0918198	-0.8537921	0.8304006
49.5988655	119.0918198	0.0000000	0.0000000
51.3953362	119.0918198	-0.8537921	0.2339157
53.1918106	119.0918198	-0.7251385	0.3274819
54.9882851	119.0918198	-0.1169578	0.4795271
56.7847557	119.0918198	-0.2456114	0.7719216
58.5812302	119.0918198	-0.1403494	0.5847892
60.3776970	119.0918198	-0.0116958	1.4151897
62.1741714	119.0918198	0.3040904	1.4385812
63.9706421	119.0918198	0.0000000	0.0000000
65.7671204	119.0918198	-0.0116958	0.6432680
67.5635834	119.0918198	-0.0935663	0.0116958
69.3600616	119.0918198	0.0000000	0.0000000
71.1565323	119.0918198	0.0000000	0.0000000
-0.7023520	120.8882904	0.0000000	0.0000000
1.0941203	120.8882904	0.0000000	0.0000000
2.8905921	120.8882904	0.0000000	0.0000000
4.6870642	120.8882904	-0.0584789	0.4912229
6.4835367	120.8882904	0.1052620	0.4795271
8.2800093	120.8882904	0.2923946	1.1110994
10.0764809	120.8882904	0.2690030	1.1110994
11.8729525	120.8882904	-0.1520452	0.8187048
13.6694250	120.8882904	-0.6198765	0.3859608
15.4658966	120.8882904	-0.7719216	0.1754367
17.2623692	120.8882904	-0.6900512	0.5964849
19.0588398	120.8882904	-0.8304006	0.7719216
20.8553123	120.8882904	-0.7017469	1.2982318
22.6517868	120.8882904	-0.7485301	0.9941415
24.4482574	120.8882904	-0.7368343	1.2982318
26.2447300	120.8882904	-0.1286536	0.7953132
28.0412025	120.8882904	-0.2690030	1.3216234
29.8376732	120.8882904	-1.0877078	2.3274608
31.6341438	120.8882904	-0.8187048	2.0818493
33.4306183	120.8882904	-0.9590542	2.2806776
35.2270889	120.8882904	0.0000000	0.0000000
37.0235634	120.8882904	0.0818705	1.2046657
38.8200340	120.8882904	-0.2806988	1.0877078
40.6165047	120.8882904	-1.4970602	0.7602259
42.4129791	120.8882904	-1.4970602	1.1695783
44.2094498	120.8882904	-0.8537921	0.9356626
46.0059242	120.8882904	0.0000000	0.0000000
47.8023949	120.8882904	0.0000000	0.0000000
49.5988655	120.8882904	-0.7602259	1.2748404
51.3953362	120.8882904	-0.7368343	0.1520452
53.1918106	120.8882904	-0.6315722	0.1286536
54.9882851	120.8882904	-0.2923946	0.3040904
56.7847557	120.8882904	-0.0350873	0.6198765
58.5812302	120.8882904	0.2573072	0.8187048
60.3776970	120.8882904	0.0000000	0.0000000
62.1741714	120.8882904	0.0000000	0.0000000
63.9706421	120.8882904	-0.0584789	1.4619728
65.7671204	120.8882904	0.0000000	0.0000000
67.5635834	120.8882904	0.0000000	0.0000000
69.3600616	120.8882904	0.0000000	0.0000000
71.1565323	120.8882904	0.0000000	0.0000000
-0.7023520	122.6847610	0.0000000	0.0000000
1.0941203	122.6847610	0.0000000	0.0000000
2.8905921	122.6847610	0.0000000	0.0000000
4.6870642	122.6847610	0.0233916	0.6900512
6.4835367	122.6847610	0.2339157	0.7368343
8.2800093	122.6847610	0.3040904	0.7251385
10.0764809	122.6847610	0.0818705	0.5964849
11.8729525	122.6847610	0.0935663	0.8187048
13.6694250	122.6847610	-0.1637410	0.7017469
15.4658966	122.6847610	-0.3742650	0.4093524
17.2623692	122.6847610	-0.2573072	0.5380060
19.0588398	122.6847610	-0.4444397	0.5730934
20.8553123	122.6847610	-0.3508735	0.6549639
22.6517868	122.6847610	-0.4561355	1.3917981
24.4482574	122.6847610	-0.0701747	1.0643163
26.2447300	122.6847610	-0.0935663	1.3333192
28.0412025	122.6847610	-0.0584789	1.7543674
29.8376732	122.6847610	-0.1052620	2.0584579
31.6341438	122.6847610	-0.1520452	1.8947167
33.4306183	122.6847610	-0.5730934	2.4444187
35.2270889	122.6847610	0.0000000	0.0000000
37.0235634	122.6847610	-1.4151897	0.7836174
38.8200340	122.6847610	-0.3508735	0.2456114
40.6165047	122.6847610	-0.7134427	0.9590542
42.4129791	122.6847610	-0.9005753	1.2748404
44.2094498	122.6847610	2.2221987	-1.2982318
46.0059242	122.6847610	-0.5730934	0.8888795
47.8023949	122.6847610	-0.6549639	1.2748404
49.5988655	122.6847610	0.0000000	0.0000000
51.3953362	122.6847610	-0.6783554	0.4678313
53.1918106	122.6847610	-0.0584789	0.1052620
54.9882851	122.6847610	-0.1520452	0.1754367
56.7847557	122.6847610	0.1988283	0.7719216
58.5812302	122.6847610	0.4210482	0.9590542
60.3776970	122.6847610	0.0000000	0.0000000
62.1741714	122.6847610	-0.1169578	0.4795271
63.9706421	122.6847610	-0.2573072	0.4444397
65.7671204	122.6847610	0.0000000	0.0000000
67.5635834	122.6847610	0.0000000	0.0000000
69.3600616	122.6847610	0.0000000	0.0000000
71.1565323	122.6847610	0.0000000	0.0000000
-0.7023520	124.4812393	0.0000000	0.0000000
1.0941203	124.4812393	0.0000000	0.0000000
2.8905921	124.4812393	0.0000000	0.0000000
4.6870642	124.4812393	0.0000000	0.3625693
6.4835367	124.4812393	-0.0584789	0.5964849
8.2800093	124.4812393	0.3040904	0.6783554
10.0764809	124.4812393	0.7017469	0.3040904
11.8729525	124.4812393	0.1871325	0.8771837
13.6694250	124.4812393	0.0467831	1.0877078
15.4658966	124.4812393	-0.1754367	0.3625693
17.2623692	124.4812393	-0.0584789	0.2105241
19.0588398	124.4812393	-0.2573072	0.4561355
20.8553123	124.4812393	-0.2923946	0.7485301
22.6517868	124.4812393	-0.1520452	0.7134427
24.4482574	124.4812393	-0.1754367	0.9824457
26.2447300	124.4812393	-0.1052620	1.2046657
28.0412025	124.4812393	-0.0584789	1.2280571
29.8376732	124.4812393	-0.0116958	1.4268855
31.6341438	124.4812393	-0.0116958	1.2631445
33.4306183	124.4812393	-0.1754367	2.7485089
35.2270889	124.4812393	0.1754367	2.1754155
37.0235634	124.4812393	0.0584789	1.2982318
38.8200340	124.4812393	-0.0818705	0.1169578
40.6165047	124.4812393	-0.6081807	1.0994036
42.4129791	124.4812393	-0.3040904	1.1695783
44.2094498	124.4812393	-0.5613976	1.6724969
46.0059242	124.4812393	-0.8420963	0.9005753
47.8023949	124.4812393	-1.1110994	0.6198765
49.5988655	124.4812393	-0.3859608	0.6315722
51.3953362	124.4812393	-0.0467831	0.3157861
53.1918106	124.4812393	0.0935663	0.5146145
54.9882851	124.4812393	-0.0350873	0.3274819
56.7847557	124.4812393	-0.0116958	0.6081807
58.5812302	124.4812393	0.0467831	0.3859608
60.3776970	124.4812393	-0.4678313	1.4385812
62.1741714	124.4812393	-0.1286536	1.0994036
63.9706421	124.4812393	0.1871325	1.4151897
65.7671204	124.4812393	0.0000000	0.0000000
67.5635834	124.4812393	-0.0584789	1.4619728
69.3600616	124.4812393	0.0000000	0.0000000
71.1565323	124.4812393	0.0000000	0.0000000
-0.7023520	126.2777023	0.0000000	0.0000000
1.0941203	126.2777023	0.0000000	0.0000000
2.8905921	126.2777023	-0.0818705	0.9005753
4.6870642	126.2777023	0.0116958	0.2573072
6.4835367	126.2777023	-0.1052620	0.3742650
8.2800093	126.2777023	-0.0233916	1.0058373
10.0764809	126.2777023	0.1637410	1.0175331
11.8729525	126.2777023	0.0701747	0.9005753
13.6694250	126.2777023	0.0000000	0.9941415
15.4658966	126.2777023	-0.1403494	0.9473584
17.2623692	126.2777023	-0.1988283	0.7602259
19.0588398	126.2777023	-0.0818705	0.6549639
20.8553123	126.2777023	-0.0116958	0.6900512
22.6517868	126.2777023	-0.1169578	0.8304006
24.4482574	126.2777023	-0.1286536	0.8420963
26.2447300	126.2777023	-0.1169578	0.8537921
28.0412025	126.2777023	-0.0818705	0.7485301
29.8376732	126.2777023	-0.0818705	1.4736686
31.6341438	126.2777023	-0.0701747	1.2397530
33.4306183	126.2777023	0.0935663	1.5555391
35.2270889	126.2777023	0.4444397	1.7894547
37.0235634	126.2777023	0.1286536	1.7543674
38.8200340	126.2777023	0.3157861	0.5964849
40.6165047	126.2777023	-0.0116958	0.7719216
42.4129791	126.2777023	-0.2573072	1.3450150
44.2094498	126.2777023	-0.0116958	0.6900512
46.0059242	126.2777023	0.2573072	0.6666596
47.8023949	126.2777023	-0.7251385	0.2105241
49.5988655	126.2777023	-0.4795271	0.5029187
51.3953362	126.2777023	-0.0233916	0.5730934
53.1918106	126.2777023	0.0818705	0.4093524
54.9882851	126.2777023	0.0584789	0.3391777
56.7847557	126.2777023	0.1052620	0.8070090
58.5812302	126.2777023	0.0818705	0.8537921
60.3776970	126.2777023	1.1695783	0.0116958
62.1741714	126.2777023	0.0000000	0.0000000
63.9706421	126.2777023	0.0000000	0.0000000
65.7671204	126.2777023	0.0000000	0.0000000
67.5635834	126.2777023	0.0000000	0.0000000
69.3600616	126.2777023	0.0000000	0.0000000
71.1565323	126.2777023	0.0467831	0.0000000
-0.7023520	128.0741882	0.0000000	0.0000000
1.0941203	128.0741882	0.0000000	0.0000000
2.8905921	128.0741882	-0.0467831	0.6666596
4.6870642	128.0741882	-0.1052620	0.3157861
6.4835367	128.0741882	-0.0584789	0.6783554
8.2800093	128.0741882	0.0233916	0.7953132
10.0764809	128.0741882	0.0000000	0.9473584
11.8729525	128.0741882	-0.0467831	0.7368343
13.6694250	128.0741882	-0.0584789	1.2397530
15.4658966	128.0741882	-0.0818705	0.8771837
17.2623692	128.0741882	-0.1520452	0.6198765
19.0588398	128.0741882	-0.0584789	0.6432680
20.8553123	128.0741882	-0.0116958	0.7368343
22.6517868	128.0741882	0.0350873	0.6315722
24.4482574	128.0741882	-0.0467831	0.6549639
26.2447300	128.0741882	-0.2339157	0.8304006
28.0412025	128.0741882	-0.4327440	1.0526204
29.8376732	128.0741882	-0.0818705	1.1812741
31.6341438	128.0741882	-0.0350873	0.7134427
33.4306183	128.0741882	-0.1637410	1.0175331
35.2270889	128.0741882	-0.0818705	1.2163614
37.0235634	128.0741882	0.1169578	1.4034939
38.8200340	128.0741882	0.4678313	0.3859608
40.6165047	128.0741882	0.0818705	0.9356626
42.4129791	128.0741882	0.1052620	1.0877078
44.2094498	128.0741882	0.0818705	0.7017469
46.0059242	128.0741882	0.1754367	0.7368343
47.8023949	128.0741882	0.5263102	0.8771837
49.5988655	128.0741882	0.1286536	0.5146145
51.3953362	128.0741882	0.0000000	0.6081807
53.1918106	128.0741882	-0.0116958	0.5380060
54.9882851	128.0741882	0.1637410	0.1871325
56.7847557	128.0741882	-0.0116958	0.0000000
58.5812302	128.0741882	-0.1520452	1.3567108
60.3776970	128.0741882	-0.3040904	0.9239668
62.1741714	128.0741882	0.0000000	0.0000000
63.9706421	128.0741882	0.0000000	0.0000000
65.7671204	128.0741882	-0.0701747	0.0467831
67.5635834	128.0741882	0.0584789	0.0116958
69.3600616	128.0741882	0.0000000	0.0000000
71.1565323	128.0741882	0.0000000	0.0000000
-0.7023520	129.8706512	0.0000000	0.0000000
1.0941203	129.8706512	0.0000000	0.0000000
2.8905921	129.8706512	-0.0584789	0.7017469
4.6870642	129.8706512	-0.1871325	0.5380060
6.4835367	129.8706512	-0.0935663	0.6900512
8.2800093	129.8706512	0.1637410	0.1988283
10.0764809	129.8706512	0.0116958	0.7485301
11.8729525	129.8706512	0.0233916	1.3099277
13.6694250	129.8706512	-0.0467831	1.1812741
15.4658966	129.8706512	-0.0116958	1.2280571
17.2623692	129.8706512	0.0584789	0.7485301
19.0588398	129.8706512	-0.0233916	0.5497018
20.8553123	129.8706512	0.0467831	0.7017469
22.6517868	129.8706512	0.1754367	1.0292289
24.4482574	129.8706512	-0.0818705	0.7134427
26.2447300	129.8706512	-0.1754367	1.2865361
28.0412025	129.8706512	-0.2105241	1.0760120
29.8376732	129.8706512	-0.3859608	1.0760120
31.6341438	129.8706512	-0.4912229	1.6491053
33.4306183	129.8706512	-0.4093524	1.4151897
35.2270889	129.8706512	-0.1754367	1.1929698
37.0235634	129.8706512	-0.0116958	1.1461867
38.8200340	129.8706512	0.1520452	0.8654879
40.6165047	129.8706512	0.2923946	1.0526204
42.4129791	129.8706512	0.4093524	0.7602259
44.2094498	129.8706512	0.2573072	0.7368343
46.0059242	129.8706512	0.1754367	0.9122710
47.8023949	129.8706512	0.1637410	0.9941415
49.5988655	129.8706512	0.0000000	0.0000000
51.3953362	129.8706512	0.1988283	0.3976566
53.1918106	129.8706512	0.0701747	0.6783554
54.9882851	129.8706512	-0.0116958	1.2046657
56.7847557	129.8706512	1.3099277	1.4970602
58.5812302	129.8706512	-0.5380060	0.0350873
60.3776970	129.8706512	0.0000000	0.0000000
62.1741714	129.8706512	0.0000000	0.0000000
63.9706421	129.8706512	0.0000000	0.0000000
65.7671204	129.8706512	0.0000000	0.0000000
67.5635834	129.8706512	-0.4210482	0.0116958
69.3600616	129.8706512	0.0467831	-1.4970602
71.1565323	129.8706512	0.0000000	0.0000000
-0.7023520	131.6671295	0.0000000	0.0000000
1.0941203	131.6671295	0.0000000	0.0000000
2.8905921	131.6671295	0.0116958	0.6198765
4.6870642	131.6671295	-0.2923946	0.4444397
6.4835367	131.6671295	-0.2105241	0.7017469
8.2800093	131.6671295	-0.2456114	0.7485301
10.0764809	131.6671295	-0.0935663	1.0760120
11.8729525	131.6671295	0.1403494	1.4970602
13.6694250	131.6671295	0.1052620	0.8888795
15.4658966	131.6671295	0.0935663	0.9824457
17.2623692	131.6671295	0.1286536	0.7953132
19.0588398	131.6671295	0.0116958	0.7368343
20.8553123	131.6671295	0.0935663	0.9473584
22.6517868	131.6671295	0.0701747	0.9356626
24.4482574	131.6671295	-0.0467831	0.6315722
26.2447300	131.6671295	0.0000000	1.0643163
28.0412025	131.6671295	-0.1169578	0.9122710
29.8376732	131.6671295	-0.2456114	1.0643163
31.6341438	131.6671295	-0.1286536	1.3099277
33.4306183	131.6671295	0.0935663	0.8888795
35.2270889	131.6671295	0.1871325	0.7602259
37.0235634	131.6671295	0.0350873	0.7836174
38.8200340	131.6671295	0.0467831	0.7719216
40.6165047	131.6671295	0.4795271	0.6081807
42.4129791	131.6671295	0.7368343	0.2105241
44.2094498	131.6671295	-0.0116958	0.8654879
46.0059242	131.6671295	0.0350873	0.8537921
47.8023949	131.6671295	0.0584789	0.7134427
49.5988655	131.6671295	0.1988283	0.2690030
51.3953362	131.6671295	0.1754367	0.1637410
53.1918106	131.6671295	-0.0935663	1.4736686
54.9882851	131.6671295	-0.2923946	0.0350873
56.7847557	131.6671295	0.0000000	0.0000000
58.5812302	131.6671295	0.0000000	0.0000000
60.3776970	131.6671295	0.1169578	1.4736686
62.1741714	131.6671295	0.0000000	0.0000000
63.9706421	131.6671295	0.0000000	0.0000000
65.7671204	131.6671295	0.0000000	0.0000000
67.5635834	131.6671295	0.0000000	0.0000000
69.3600616	131.6671295	0.0000000	0.0000000
71.1565323	131.6671295	0.0000000	0.0000000
-0.7023520	133.4635925	0.0000000	0.0000000
1.0941203	133.4635925	0.0000000	0.0000000
2.8905921	133.4635925	0.1403494	0.9356626
4.6870642	133.4635925	-0.1403494	0.6783554
6.4835367	133.4635925	-0.1286536	0.9005753
8.2800093	133.4635925	-0.5263102	0.3391777
10.0764809	133.4635925	-0.1403494	0.2222199
11.8729525	133.4635925	-0.0584789	0.5847892
13.6694250	133.4635925	-0.0116958	0.7836174
15.4658966	133.4635925	0.0584789	0.7836174
17.2623692	133.4635925	0.0935663	0.6315722
19.0588398	133.4635925	0.0467831	0.6900512
20.8553123	133.4635925	0.1754367	0.4327440
22.6517868	133.4635925	0.0350873	1.3450150
24.4482574	133.4635925	0.0000000	0.0000000
26.2447300	133.4635925	0.7836174	0.0350873
28.0412025	133.4635925	-0.2222199	0.1286536
29.8376732	133.4635925	0.1520452	0.3157861
31.6341438	133.4635925	-0.1520452	0.7368343
33.4306183	133.4635925	0.0818705	1.4385812
35.2270889	133.4635925	0.0233916	1.4385812
37.0235634	133.4635925	0.1520452	0.9473584
38.8200340	133.4635925	0.1520452	0.9590542
40.6165047	133.4635925	-0.0233916	1.4970602
42.4129791	133.4635925	-0.0233916	1.6257138
44.2094498	133.4635925	-0.0584789	0.8654879
46.0059242	133.4635925	-0.0467831	0.7485301
47.8023949	133.4635925	0.0935663	0.5964849
49.5988655	133.4635925	0.0000000	0.0000000
51.3953362	133.4635925	0.0467831	1.4853644
53.1918106	133.4635925	0.0000000	0.0000000
54.9882851	133.4635925	0.0000000	0.0000000
56.7847557	133.4635925	0.0000000	0.0000000
58.5812302	133.4635925	0.0000000	0.0000000
60.3776970	133.4635925	0.0467831	0.0233916
62.1741714	133.4635925	-0.1286536	1.0409247
63.9706421	133.4635925	-0.1052620	0.9590542
65.7671204	133.4635925	0.0000000	0.0000000
67.5635834	133.4635925	-0.3040904	-1.4853644
69.3600616	133.4635925	0.0000000	0.0000000
71.1565323	133.4635925	0.0000000	0.0000000
-0.7023520	135.2600555	0.0000000	0.0000000
1.0941203	135.2600555	0.0000000	0.0000000
2.8905921	135.2600555	-0.0935663	0.9473584
4.6870642	135.2600555	-0.1520452	0.9005753
6.4835367	135.2600555	-0.1052620	0.9941415
8.2800093	135.2600555	-0.1637410	0.9590542
10.0764809	135.2600555	-0.0467831	0.2222199
11.8729525	135.2600555	-0.0233916	0.3742650
13.6694250	135.2600555	-0.0233916	0.8654879
15.4658966	135.2600555	0.0584789	0.9356626
17.2623692	135.2600555	0.0233916	0.7836174
19.0588398	135.2600555	0.1169578	0.8654879
20.8553123	135.2600555	0.1871325	0.7251385
22.6517868	135.2600555	0.0935663	1.3216234
24.4482574	135.2600555	0.0233916	1.4619728
26.2447300	135.2600555	-0.0233916	1.4619728
28.0412025	135.2600555	0.0000000	0.0000000
29.8376732	135.2600555	0.1052620	0.0350873
31.6341438	135.2600555	0.1871325	0.0350873
33.4306183	135.2600555	0.2573072	0.3391777
35.2270889	135.2600555	0.0000000	0.0000000
37.0235634	135.2600555	0.0000000	0.0000000
38.8200340	135.2600555	-0.4561355	2.2689819
40.6165047	135.2600555	0.0000000	0.0000000
42.4129791	135.2600555	0.0000000	0.0000000
44.2094498	135.2600555	0.0000000	0.0000000
46.0059242	135.2600555	-0.1169578	0.2923946
47.8023949	135.2600555	0.0000000	0.0000000
49.5988655	135.2600555	0.0000000	0.0000000
51.3953362	135.2600555	0.0000000	0.0000000
53.1918106	135.2600555	-0.5964849	2.9473372
54.9882851	135.2600555	-0.9122710	2.9590330
56.7847557	135.2600555	0.0000000	0.0000000
58.5812302	135.2600555	0.0000000	0.0000000
60.3776970	135.2600555	0.2339157	0.0000000
62.1741714	135.2600555	0.0000000	0.0000000
63.9706421	135.2600555	0.0000000	0.0000000
65.7671204	135.2600555	0.0000000	0.0000000
67.5635834	135.2600555	-0.5263102	1.4853644
69.3600616	135.2600555	0.0000000	0.0000000
71.1565323	135.2600555	0.0000000	0.0000000
-0.7023520	137.0565491	0.0000000	0.0000000
1.0941203	137.0565491	0.0000000	0.0000000
2.8905921	137.0565491	0.1286536	1.4502771
4.6870642	137.0565491	0.0467831	1.3801024
6.4835367	137.0565491	-0.0116958	0.8771837
8.2800093	137.0565491	-0.0701747	0.2222199
10.0764809	137.0565491	0.0350873	0.5730934
11.8729525	137.0565491	0.0116958	0.8888795
13.6694250	137.0565491	-0.0818705	0.8771837
15.4658966	137.0565491	0.0233916	0.9941415
17.2623692	137.0565491	-0.0233916	0.9707500
19.0588398	137.0565491	-0.0467831	1.0994036
20.8553123	137.0565491	-0.0350873	1.0292289
22.6517868	137.0565491	0.1403494	1.4385812
24.4482574	137.0565491	0.1052620	1.4619728
26.2447300	137.0565491	0.0000000	0.0000000
28.0412025	137.0565491	0.0000000	0.0000000
29.8376732	137.0565491	0.0000000	0.0000000
31.6341438	137.0565491	0.0000000	0.0000000
33.4306183	137.0565491	0.0233916	0.9824457
35.2270889	137.0565491	0.0000000	0.0000000
37.0235634	137.0565491	-0.0233916	2.9824245
38.8200340	137.0565491	-0.5497018	1.2748404
40.6165047	137.0565491	-0.5613976	1.2748404
42.4129791	137.0565491	0.0000000	0.0000000
44.2094498	137.0565491	0.0350873	1.4151897
46.0059242	137.0565491	-0.1988283	1.4151897
47.8023949	137.0565491	0.0000000	0.0000000
49.5988655	137.0565491	0.0000000	0.0000000
51.3953362	137.0565491	0.0000000	0.0000000
53.1918106	137.0565491	-1.0175331	0.1520452
54.9882851	137.0565491	0.0818705	0.0350873
56.7847557	137.0565491	0.0000000	0.0000000
58.5812302	137.0565491	0.0000000	0.0000000
60.3776970	137.0565491	0.0000000	0.0000000
62.1741714	137.0565491	0.0000000	0.0000000
63.9706421	137.0565491	0.0000000	0.0000000
65.7671204	137.0565491	0.0000000	0.0000000
67.5635834	137.0565491	-0.1637410	1.4970602
69.3600616	137.0565491	0.0000000	0.0000000
71.1565323	137.0565491	0.0000000	0.0000000
-0.7023520	138.8530121	0.0000000	0.0000000
1.0941203	138.8530121	0.0000000	0.0000000
2.8905921	138.8530121	0.0000000	0.0000000
4.6870642	138.8530121	-0.0350873	0.9473584
6.4835367	138.8530121	-0.1052620	0.9590542
8.2800093	138.8530121	0.0000000	0.0000000
10.0764809	138.8530121	0.2105241	0.3040904
11.8729525	138.8530121	0.0233916	0.5263102
13.6694250	138.8530121	-0.0233916	0.9239668
15.4658966	138.8530121	-0.0116958	1.4385812
17.2623692	138.8530121	0.0350873	1.4619728
19.0588398	138.8530121	-0.0467831	0.8304006
20.8553123	138.8530121	-0.0467831	0.8304006
22.6517868	138.8530121	0.3040904	0.0701747
24.4482574	138.8530121	0.0000000	0.9239668
26.2447300	138.8530121	0.0000000	0.0000000
28.0412025	138.8530121	0.0000000	0.0000000
29.8376732	138.8530121	0.0000000	0.0000000
31.6341438	138.8530121	0.0584789	1.4619728
33.4306183	138.8530121	0.1052620	0.0350873
35.2270889	138.8530121	0.0000000	0.0000000
37.0235634	138.8530121	0.0000000	0.0000000
38.8200340	138.8530121	0.0000000	0.0000000
40.6165047	138.8530121	-0.0350873	0.0233916
42.4129791	138.8530121	0.0000000	0.0000000
44.2094498	138.8530121	-0.5847892	0.2806988
46.0059242	138.8530121	-0.6081807	0.1988283
47.8023949	138.8530121	0.0000000	0.0000000
49.5988655	138.8530121	0.0000000	0.0000000
51.3953362	138.8530121	0.0000000	0.0000000
53.1918106	138.8530121	0.0000000	0.0000000
54.9882851	138.8530121	0.0000000	0.0000000
56.7847557	138.8530121	0.1520452	1.3567108
58.5812302	138.8530121	0.2339157	1.3567108
60.3776970	138.8530121	0.0000000	0.0000000
62.1741714	138.8530121	0.0000000	0.0000000
63.9706421	138.8530121	0.0000000	0.0000000
65.7671204	138.8530121	0.0000000	0.0000000
67.5635834	138.8530121	0.0000000	0.0000000
69.3600616	138.8530121	0.0000000	0.0000000
71.1565323	138.8530121	0.0000000	0.0000000
