Burst/rec/seq: 	0	17	17
Time stamp:  	28/06/13 	15:31:30:845
Elapsed time (ms): 	      67
-0.7023520	65.1976547	0.0000000	0.0000000
1.0941203	65.1976547	0.0000000	0.0000000
2.8905921	65.1976547	0.0000000	0.0000000
4.6870642	65.1976547	-0.0467831	-0.2456114
6.4835367	65.1976547	-0.0350873	-0.4561355
8.2800093	65.1976547	-0.2339157	-0.8888795
10.0764809	65.1976547	-0.5730934	-0.5146145
11.8729525	65.1976547	-0.6549639	-0.5730934
13.6694250	65.1976547	-0.7134427	-0.7602259
15.4658966	65.1976547	-0.6432680	-0.8888795
17.2623692	65.1976547	-0.5847892	-0.9239668
19.0588398	65.1976547	-0.2573072	-1.0058373
20.8553123	65.1976547	-0.6900512	-0.7485301
22.6517868	65.1976547	-0.5964849	-0.7368343
24.4482574	65.1976547	-0.2573072	-0.9941415
26.2447300	65.1976547	-0.0350873	-0.9941415
28.0412025	65.1976547	0.3742650	-0.3040904
29.8376732	65.1976547	0.5380060	-0.1520452
31.6341438	65.1976547	0.2806988	-0.0701747
33.4306183	65.1976547	0.0000000	0.0000000
35.2270889	65.1976547	0.1052620	1.3333192
37.0235634	65.1976547	-0.2690030	1.1812741
38.8200340	65.1976547	-0.5730934	1.6257138
40.6165047	65.1976547	0.0000000	0.0000000
42.4129791	65.1976547	-0.7602259	4.5145721
44.2094498	65.1976547	0.0000000	0.0000000
46.0059242	65.1976547	0.0000000	0.0000000
47.8023949	65.1976547	0.0000000	0.0000000
49.5988655	65.1976547	-1.9531957	5.6841502
51.3953362	65.1976547	0.0000000	0.0000000
53.1918106	65.1976547	0.6198765	1.5906265
54.9882851	65.1976547	1.2046657	1.6374096
56.7847557	65.1976547	-0.4444397	1.5555391
58.5812302	65.1976547	0.0000000	0.0000000
60.3776970	65.1976547	2.1169367	-5.3683643
62.1741714	65.1976547	-1.1227951	-5.3917556
63.9706421	65.1976547	-1.2748404	-5.6607590
65.7671204	65.1976547	0.9707500	1.5555391
67.5635834	65.1976547	0.0000000	0.0000000
69.3600616	65.1976547	0.0000000	0.0000000
71.1565323	65.1976547	0.0000000	0.0000000
-0.7023520	66.9941254	-4.5730510	1.4970602
1.0941203	66.9941254	5.3566685	2.9941204
2.8905921	66.9941254	0.0000000	0.0000000
4.6870642	66.9941254	0.0467831	-0.6549639
6.4835367	66.9941254	-0.1988283	-1.0058373
8.2800093	66.9941254	-0.3040904	-0.9239668
10.0764809	66.9941254	-0.8771837	-0.3040904
11.8729525	66.9941254	-1.0760120	-0.7485301
13.6694250	66.9941254	-0.6666596	-0.8304006
15.4658966	66.9941254	-0.5497018	-0.8537921
17.2623692	66.9941254	-0.5029187	-0.7602259
19.0588398	66.9941254	-0.4795271	-0.6666596
20.8553123	66.9941254	-0.8420963	-0.2573072
22.6517868	66.9941254	-0.6315722	-0.7134427
24.4482574	66.9941254	-0.4912229	-0.7485301
26.2447300	66.9941254	-0.2105241	-0.9005753
28.0412025	66.9941254	-0.4093524	-0.0818705
29.8376732	66.9941254	0.0467831	-0.0701747
31.6341438	66.9941254	0.2456114	-0.0818705
33.4306183	66.9941254	0.5964849	-0.0584789
35.2270889	66.9941254	0.0935663	1.5321475
37.0235634	66.9941254	-0.4093524	0.5029187
38.8200340	66.9941254	-0.6081807	3.0292077
40.6165047	66.9941254	0.0000000	0.0000000
42.4129791	66.9941254	-1.5438433	1.1812741
44.2094498	66.9941254	-4.8654456	1.4151897
46.0059242	66.9941254	0.0000000	0.0000000
47.8023949	66.9941254	-1.7543674	-2.1169367
49.5988655	66.9941254	0.0000000	0.0000000
51.3953362	66.9941254	-0.2923946	3.0759909
53.1918106	66.9941254	-0.2105241	3.0292077
54.9882851	66.9941254	0.7368343	4.4677892
56.7847557	66.9941254	5.2046232	-1.7543674
58.5812302	66.9941254	-2.9941204	-4.7601833
60.3776970	66.9941254	-1.1227951	2.9590330
62.1741714	66.9941254	-1.3917981	1.7192800
63.9706421	66.9941254	0.0000000	0.0000000
65.7671204	66.9941254	-3.9297829	-2.6198554
67.5635834	66.9941254	0.0000000	0.0000000
69.3600616	66.9941254	0.0000000	0.0000000
71.1565323	66.9941254	0.0000000	0.0000000
-0.7023520	68.7905960	0.0000000	0.0000000
1.0941203	68.7905960	0.0000000	0.0000000
2.8905921	68.7905960	0.0233916	-0.7953132
4.6870642	68.7905960	-0.1052620	-0.7485301
6.4835367	68.7905960	-0.1403494	-1.3216234
8.2800093	68.7905960	-0.8888795	0.2923946
10.0764809	68.7905960	-0.6783554	-0.1286536
11.8729525	68.7905960	-0.9473584	-0.5146145
13.6694250	68.7905960	-0.7953132	-0.9005753
15.4658966	68.7905960	-0.5730934	-0.7836174
17.2623692	68.7905960	-0.5380060	-0.5964849
19.0588398	68.7905960	-0.4444397	-0.6549639
20.8553123	68.7905960	-0.7485301	-0.3157861
22.6517868	68.7905960	-0.4444397	-0.4912229
24.4482574	68.7905960	-0.4561355	-0.7017469
26.2447300	68.7905960	-0.5964849	-0.8654879
28.0412025	68.7905960	-1.2514488	0.0233916
29.8376732	68.7905960	-0.7485301	0.0233916
31.6341438	68.7905960	0.0584789	0.3157861
33.4306183	68.7905960	0.2456114	0.1754367
35.2270889	68.7905960	0.0000000	0.0000000
37.0235634	68.7905960	0.0000000	1.3333192
38.8200340	68.7905960	-0.0818705	0.6549639
40.6165047	68.7905960	-0.4327440	4.3274398
42.4129791	68.7905960	-2.4561143	6.1636777
44.2094498	68.7905960	0.0000000	0.0000000
46.0059242	68.7905960	0.0000000	0.0000000
47.8023949	68.7905960	-1.4034939	-1.4151897
49.5988655	68.7905960	1.9882830	4.2806563
51.3953362	68.7905960	0.3157861	4.4911804
53.1918106	68.7905960	-0.6081807	1.7309759
54.9882851	68.7905960	0.0000000	0.0000000
56.7847557	68.7905960	-2.7835963	-3.4970391
58.5812302	68.7905960	-1.3450150	2.3391566
60.3776970	68.7905960	-1.5789306	2.9590330
62.1741714	68.7905960	-1.3450150	1.7309759
63.9706421	68.7905960	-1.4502771	1.9531957
65.7671204	68.7905960	1.2280571	-2.3157649
67.5635834	68.7905960	0.0935663	-5.7426291
69.3600616	68.7905960	0.0000000	0.0000000
71.1565323	68.7905960	0.0000000	0.0000000
-0.7023520	70.5870667	0.0000000	0.0000000
1.0941203	70.5870667	0.0000000	0.0000000
2.8905921	70.5870667	-0.0701747	1.0526204
4.6870642	70.5870667	-0.4795271	0.0584789
6.4835367	70.5870667	-0.3040904	0.8537921
8.2800093	70.5870667	-0.7719216	0.5263102
10.0764809	70.5870667	-0.1988283	0.1403494
11.8729525	70.5870667	0.0233916	0.6666596
13.6694250	70.5870667	-0.6432680	-0.6900512
15.4658966	70.5870667	-0.4444397	-0.8420963
17.2623692	70.5870667	-0.4210482	-0.7836174
19.0588398	70.5870667	-0.1871325	-1.0526204
20.8553123	70.5870667	-0.4678313	-0.6315722
22.6517868	70.5870667	-0.1403494	-1.1695783
24.4482574	70.5870667	-0.4912229	-0.3976566
26.2447300	70.5870667	-0.7836174	-0.2806988
28.0412025	70.5870667	-1.1929698	0.3274819
29.8376732	70.5870667	-1.2163614	0.7251385
31.6341438	70.5870667	-0.7719216	0.5613976
33.4306183	70.5870667	-1.3801024	0.8420963
35.2270889	70.5870667	-1.4502771	0.9707500
37.0235634	70.5870667	-0.2690030	1.6841927
38.8200340	70.5870667	-0.0935663	1.5321475
40.6165047	70.5870667	-4.3157439	0.5380060
42.4129791	70.5870667	0.0000000	0.0000000
44.2094498	70.5870667	0.0000000	0.0000000
46.0059242	70.5870667	0.0000000	0.0000000
47.8023949	70.5870667	0.3157861	1.6374096
49.5988655	70.5870667	0.0000000	0.0000000
51.3953362	70.5870667	-0.1754367	3.1695571
53.1918106	70.5870667	0.0000000	0.0000000
54.9882851	70.5870667	-0.7134427	1.3684065
56.7847557	70.5870667	-3.1110783	1.7192800
58.5812302	70.5870667	0.0350873	1.6958885
60.3776970	70.5870667	-1.4034939	2.1637199
62.1741714	70.5870667	-1.5438433	2.8069878
63.9706421	70.5870667	0.0000000	0.0000000
65.7671204	70.5870667	-0.6549639	2.6432469
67.5635834	70.5870667	-0.2105241	2.1637199
69.3600616	70.5870667	0.0000000	0.0000000
71.1565323	70.5870667	0.0000000	0.0000000
-0.7023520	72.3835449	0.0000000	0.0000000
1.0941203	72.3835449	0.0000000	0.0000000
2.8905921	72.3835449	0.0000000	0.0000000
4.6870642	72.3835449	1.4385812	0.7134427
6.4835367	72.3835449	-0.1520452	1.2631445
8.2800093	72.3835449	-0.1637410	0.9473584
10.0764809	72.3835449	-0.3508735	0.8537921
11.8729525	72.3835449	-0.1052620	0.1286536
13.6694250	72.3835449	-0.6432680	-0.6900512
15.4658966	72.3835449	-0.2339157	-1.3801024
17.2623692	72.3835449	-0.2806988	-1.1110994
19.0588398	72.3835449	-0.3040904	-0.9005753
20.8553123	72.3835449	-0.5263102	-0.4795271
22.6517868	72.3835449	-0.5964849	-0.1988283
24.4482574	72.3835449	-0.5730934	0.1052620
26.2447300	72.3835449	-0.7953132	0.2806988
28.0412025	72.3835449	-1.6841927	0.7485301
29.8376732	72.3835449	-1.2397530	0.7251385
31.6341438	72.3835449	-1.1695783	0.7719216
33.4306183	72.3835449	-1.2397530	0.8187048
35.2270889	72.3835449	-1.3684065	0.7017469
37.0235634	72.3835449	-0.7368343	1.5204518
38.8200340	72.3835449	-0.2339157	2.0584579
40.6165047	72.3835449	-0.9824457	2.1403282
42.4129791	72.3835449	0.0000000	0.0000000
44.2094498	72.3835449	-0.5263102	6.1753731
46.0059242	72.3835449	-1.0058373	6.3858972
47.8023949	72.3835449	0.0000000	0.0000000
49.5988655	72.3835449	0.0000000	0.0000000
51.3953362	72.3835449	6.5028553	-0.0467831
53.1918106	72.3835449	-2.9707289	0.2222199
54.9882851	72.3835449	-1.5555391	1.0058373
56.7847557	72.3835449	-0.6783554	3.6841714
58.5812302	72.3835449	-0.2923946	1.4736686
60.3776970	72.3835449	-0.1637410	1.5555391
62.1741714	72.3835449	-1.0409247	2.8888583
63.9706421	72.3835449	-1.1461867	3.1578612
65.7671204	72.3835449	-0.8070090	2.8888583
67.5635834	72.3835449	-0.2105241	3.1227739
69.3600616	72.3835449	0.0000000	0.0000000
71.1565323	72.3835449	0.0000000	0.0000000
-0.7023520	74.1800156	0.0000000	0.0000000
1.0941203	74.1800156	0.0000000	0.0000000
2.8905921	74.1800156	-0.0467831	0.9941415
4.6870642	74.1800156	-0.5380060	0.9590542
6.4835367	74.1800156	-0.2222199	0.9824457
8.2800093	74.1800156	-0.1286536	0.8537921
10.0764809	74.1800156	-0.7953132	1.1461867
11.8729525	74.1800156	-0.5964849	0.1403494
13.6694250	74.1800156	-0.5847892	-0.1637410
15.4658966	74.1800156	-0.4444397	-0.7953132
17.2623692	74.1800156	-0.1286536	-1.2046657
19.0588398	74.1800156	-0.1052620	-1.2163614
20.8553123	74.1800156	0.0000000	0.0000000
22.6517868	74.1800156	-0.0116958	-1.0175331
24.4482574	74.1800156	-0.5497018	0.2105241
26.2447300	74.1800156	-0.8654879	0.5029187
28.0412025	74.1800156	-1.3801024	1.0409247
29.8376732	74.1800156	-1.1929698	1.0175331
31.6341438	74.1800156	-1.4736686	0.8070090
33.4306183	74.1800156	-1.2163614	1.2748404
35.2270889	74.1800156	-1.2865361	1.4502771
37.0235634	74.1800156	-0.9707500	0.9356626
38.8200340	74.1800156	-1.3917981	2.4561143
40.6165047	74.1800156	-0.9590542	2.5496807
42.4129791	74.1800156	-0.9239668	2.0584579
44.2094498	74.1800156	-0.2339157	2.0818493
46.0059242	74.1800156	5.7192378	-0.0467831
47.8023949	74.1800156	0.0000000	0.0000000
49.5988655	74.1800156	1.4853644	1.7426716
51.3953362	74.1800156	2.1754155	1.6724969
53.1918106	74.1800156	0.0000000	0.0000000
54.9882851	74.1800156	1.4151897	2.6783342
56.7847557	74.1800156	-0.8187048	2.5730722
58.5812302	74.1800156	-0.2573072	2.0233705
60.3776970	74.1800156	0.0233916	2.0818493
62.1741714	74.1800156	0.0000000	0.0000000
63.9706421	74.1800156	-0.7836174	3.5672138
65.7671204	74.1800156	-0.9941415	3.0175118
67.5635834	74.1800156	-0.0584789	3.3683853
69.3600616	74.1800156	0.0000000	0.0000000
71.1565323	74.1800156	0.0000000	0.0000000
-0.7023520	75.9764862	0.0000000	0.0000000
1.0941203	75.9764862	0.0000000	0.0000000
2.8905921	75.9764862	0.0000000	0.0000000
4.6870642	75.9764862	-0.5847892	0.6900512
6.4835367	75.9764862	-0.7953132	0.9122710
8.2800093	75.9764862	-0.1052620	0.7134427
10.0764809	75.9764862	-1.3333192	1.4619728
11.8729525	75.9764862	-0.8771837	0.1052620
13.6694250	75.9764862	-0.0818705	-1.5204518
15.4658966	75.9764862	-0.5847892	-0.9356626
17.2623692	75.9764862	-0.0701747	-0.9356626
19.0588398	75.9764862	-0.0818705	-1.1578825
20.8553123	75.9764862	0.1286536	-1.2631445
22.6517868	75.9764862	-0.8070090	0.5263102
24.4482574	75.9764862	-0.1286536	0.1403494
26.2447300	75.9764862	-0.1754367	0.2806988
28.0412025	75.9764862	-0.3859608	1.3333192
29.8376732	75.9764862	-0.2573072	1.4268855
31.6341438	75.9764862	-0.3040904	0.7953132
33.4306183	75.9764862	-1.0526204	1.3567108
35.2270889	75.9764862	-0.8888795	1.7543674
37.0235634	75.9764862	-0.8771837	2.2455902
38.8200340	75.9764862	-0.6081807	2.0116746
40.6165047	75.9764862	-0.6549639	2.8186836
42.4129791	75.9764862	-1.0760120	2.4093313
44.2094498	75.9764862	-5.6607590	2.1754155
46.0059242	75.9764862	-0.7485301	2.1871114
47.8023949	75.9764862	0.7368343	2.8069878
49.5988655	75.9764862	2.5496807	2.8771625
51.3953362	75.9764862	2.0116746	2.3742440
53.1918106	75.9764862	0.1754367	1.5555391
54.9882851	75.9764862	-1.2982318	1.6724969
56.7847557	75.9764862	-5.0291867	0.9356626
58.5812302	75.9764862	0.0000000	0.0000000
60.3776970	75.9764862	-0.0818705	2.5262890
62.1741714	75.9764862	0.9473584	2.3742440
63.9706421	75.9764862	0.0350873	3.2046444
65.7671204	75.9764862	-1.0409247	3.4268644
67.5635834	75.9764862	-0.0701747	2.3742440
69.3600616	75.9764862	0.0000000	0.0000000
71.1565323	75.9764862	0.0000000	0.0000000
-0.7023520	77.7729568	0.0000000	0.0000000
1.0941203	77.7729568	0.0000000	0.0000000
2.8905921	77.7729568	0.0350873	1.4619728
4.6870642	77.7729568	-0.0935663	1.2748404
6.4835367	77.7729568	-0.7836174	1.5906265
8.2800093	77.7729568	-0.9707500	1.4970602
10.0764809	77.7729568	-1.2046657	1.8128463
11.8729525	77.7729568	-0.0818705	1.3333192
13.6694250	77.7729568	-0.0935663	-1.2865361
15.4658966	77.7729568	-0.0818705	-1.3333192
17.2623692	77.7729568	-0.0350873	-0.4093524
19.0588398	77.7729568	-0.2573072	-1.3216234
20.8553123	77.7729568	-0.6432680	-0.2222199
22.6517868	77.7729568	-0.8654879	0.0701747
24.4482574	77.7729568	-0.0116958	0.2222199
26.2447300	77.7729568	-0.3040904	1.2514488
28.0412025	77.7729568	-0.0818705	1.1929698
29.8376732	77.7729568	-0.3508735	1.4385812
31.6341438	77.7729568	-0.7017469	1.3801024
33.4306183	77.7729568	-0.8304006	0.8537921
35.2270889	77.7729568	0.0000000	0.0000000
37.0235634	77.7729568	-0.7251385	1.8128463
38.8200340	77.7729568	-1.1227951	2.3625481
40.6165047	77.7729568	-1.4385812	3.1929486
42.4129791	77.7729568	-1.1227951	3.8829999
44.2094498	77.7729568	0.1052620	3.0876865
46.0059242	77.7729568	-0.1169578	2.9473372
47.8023949	77.7729568	-1.0409247	-0.2222199
49.5988655	77.7729568	-6.9005117	-0.1169578
51.3953362	77.7729568	1.2631445	2.7017257
53.1918106	77.7729568	0.0000000	0.0000000
54.9882851	77.7729568	1.4151897	2.8186836
56.7847557	77.7729568	-1.8713253	-4.8537498
58.5812302	77.7729568	1.3567108	2.9005542
60.3776970	77.7729568	0.1988283	-0.6198765
62.1741714	77.7729568	0.0000000	0.0000000
63.9706421	77.7729568	0.0000000	0.0000000
65.7671204	77.7729568	-0.1052620	2.2455902
67.5635834	77.7729568	-0.1403494	2.4678102
69.3600616	77.7729568	0.0000000	0.0000000
71.1565323	77.7729568	0.0000000	0.0000000
-0.7023520	79.5694275	0.0000000	0.0000000
1.0941203	79.5694275	0.0000000	0.0000000
2.8905921	79.5694275	0.0000000	5.9180660
4.6870642	79.5694275	0.1754367	1.8596294
6.4835367	79.5694275	-0.3742650	1.9064126
8.2800093	79.5694275	-0.7836174	1.7777590
10.0764809	79.5694275	-0.5497018	2.1169367
11.8729525	79.5694275	0.4678313	2.8771625
13.6694250	79.5694275	-0.0818705	-0.8070090
15.4658966	79.5694275	-0.2339157	-0.9005753
17.2623692	79.5694275	-0.0818705	-0.9590542
19.0588398	79.5694275	-0.7017469	-0.9590542
20.8553123	79.5694275	-0.2573072	-0.2339157
22.6517868	79.5694275	-0.9707500	0.0233916
24.4482574	79.5694275	-0.5497018	0.0350873
26.2447300	79.5694275	-0.3391777	2.0584579
28.0412025	79.5694275	-0.7953132	2.0935452
29.8376732	79.5694275	-0.2222199	1.6257138
31.6341438	79.5694275	-0.8654879	1.5087559
33.4306183	79.5694275	-1.3333192	1.5789306
35.2270889	79.5694275	-1.6608012	2.1169367
37.0235634	79.5694275	-1.1461867	2.0350661
38.8200340	79.5694275	-1.2631445	2.4912016
40.6165047	79.5694275	-1.4385812	3.6256926
42.4129791	79.5694275	-0.6432680	0.6432680
44.2094498	79.5694275	0.0000000	3.5672138
46.0059242	79.5694275	-0.2690030	3.6724758
47.8023949	79.5694275	0.2456114	3.2514277
49.5988655	79.5694275	1.6140180	3.2397318
51.3953362	79.5694275	0.1169578	3.6607800
53.1918106	79.5694275	-0.0701747	2.5730722
54.9882851	79.5694275	1.4736686	2.7485089
56.7847557	79.5694275	0.8304006	3.3449938
58.5812302	79.5694275	1.2280571	3.9414787
60.3776970	79.5694275	-0.0467831	3.8946955
62.1741714	79.5694275	0.7251385	3.5087347
63.9706421	79.5694275	1.1578825	3.8946955
65.7671204	79.5694275	0.9239668	3.3683853
67.5635834	79.5694275	0.0467831	3.2982106
69.3600616	79.5694275	0.0000000	0.0000000
71.1565323	79.5694275	0.0000000	0.0000000
-0.7023520	81.3659058	0.0000000	0.0000000
1.0941203	81.3659058	0.0000000	0.0000000
2.8905921	81.3659058	0.0000000	0.0000000
4.6870642	81.3659058	-0.0584789	2.3391566
6.4835367	81.3659058	-0.0584789	2.5028975
8.2800093	81.3659058	-0.6549639	2.1169367
10.0764809	81.3659058	0.7368343	2.2572861
11.8729525	81.3659058	-0.8888795	2.8303795
13.6694250	81.3659058	-0.1871325	-0.0350873
15.4658966	81.3659058	-0.0116958	-1.1812741
17.2623692	81.3659058	-0.0233916	-0.9824457
19.0588398	81.3659058	-1.1695783	-0.7017469
20.8553123	81.3659058	-0.9473584	-0.0935663
22.6517868	81.3659058	-0.8304006	0.0467831
24.4482574	81.3659058	0.0000000	0.0000000
26.2447300	81.3659058	0.0701747	2.9005542
28.0412025	81.3659058	-1.5906265	2.3040693
29.8376732	81.3659058	-1.8479337	2.3742440
31.6341438	81.3659058	-0.9122710	1.7309759
33.4306183	81.3659058	-1.2280571	1.9882830
35.2270889	81.3659058	-1.6608012	2.1520240
37.0235634	81.3659058	-0.9356626	2.7952921
38.8200340	81.3659058	-1.0994036	2.7952921
40.6165047	81.3659058	-0.9239668	3.5672138
42.4129791	81.3659058	-0.5146145	2.9473372
44.2094498	81.3659058	-0.3859608	3.8011293
46.0059242	81.3659058	0.0350873	4.1286111
47.8023949	81.3659058	1.4268855	3.6373885
49.5988655	81.3659058	1.0292289	3.0409036
51.3953362	81.3659058	1.4736686	3.2982106
53.1918106	81.3659058	0.7953132	2.9941204
54.9882851	81.3659058	1.5789306	3.2982106
56.7847557	81.3659058	1.0526204	4.1987858
58.5812302	81.3659058	0.8187048	3.9414787
60.3776970	81.3659058	0.8537921	4.2572651
62.1741714	81.3659058	1.1344910	3.6256926
63.9706421	81.3659058	0.8654879	4.0116534
65.7671204	81.3659058	1.7426716	4.1286111
67.5635834	81.3659058	-0.1052620	0.5613976
69.3600616	81.3659058	0.0000000	0.0000000
71.1565323	81.3659058	0.0000000	0.0000000
-0.7023520	83.1623764	0.0000000	0.0000000
1.0941203	83.1623764	0.0000000	0.0000000
2.8905921	83.1623764	0.0000000	0.0000000
4.6870642	83.1623764	-0.0584789	2.8186836
6.4835367	83.1623764	-0.0350873	2.9707289
8.2800093	83.1623764	0.3040904	1.7075843
10.0764809	83.1623764	0.7719216	1.2046657
11.8729525	83.1623764	0.2690030	0.0467831
13.6694250	83.1623764	0.4444397	-0.0116958
15.4658966	83.1623764	0.2923946	-0.7485301
17.2623692	83.1623764	0.0701747	-0.7134427
19.0588398	83.1623764	-0.6549639	-0.6198765
20.8553123	83.1623764	-1.5672349	-0.4327440
22.6517868	83.1623764	-1.4619728	-0.0350873
24.4482574	83.1623764	2.9005542	-1.4619728
26.2447300	83.1623764	-2.2572861	3.1110783
28.0412025	83.1623764	-2.1988072	2.9590330
29.8376732	83.1623764	-2.0584579	3.0058162
31.6341438	83.1623764	-1.2163614	2.5964637
33.4306183	83.1623764	-1.6140180	2.2105029
35.2270889	83.1623764	-1.9181083	2.3157649
37.0235634	83.1623764	-0.9239668	2.4912016
38.8200340	83.1623764	0.0000000	0.0000000
40.6165047	83.1623764	-0.8070090	4.2221775
42.4129791	83.1623764	0.0000000	0.0000000
44.2094498	83.1623764	-1.0877078	4.1052198
46.0059242	83.1623764	0.2105241	4.7952709
47.8023949	83.1623764	-0.1403494	2.9590330
49.5988655	83.1623764	0.5964849	3.2631233
51.3953362	83.1623764	1.6841927	4.3976145
53.1918106	83.1623764	0.0000000	0.0000000
54.9882851	83.1623764	1.0994036	3.7543461
56.7847557	83.1623764	1.3684065	3.8946955
58.5812302	83.1623764	1.8011506	3.9414787
60.3776970	83.1623764	1.3801024	3.7309546
62.1741714	83.1623764	1.3099277	3.5321264
63.9706421	83.1623764	1.1929698	3.1578612
65.7671204	83.1623764	0.1403494	3.1461656
67.5635834	83.1623764	-0.0584789	2.0116746
69.3600616	83.1623764	0.0701747	-1.4853644
71.1565323	83.1623764	0.0000000	0.0000000
-0.7023520	84.9588547	0.0000000	0.0000000
1.0941203	84.9588547	0.0000000	0.0000000
2.8905921	84.9588547	0.0000000	0.0000000
4.6870642	84.9588547	-0.1520452	3.6724758
6.4835367	84.9588547	0.1169578	3.0993824
8.2800093	84.9588547	0.3157861	2.3391566
10.0764809	84.9588547	1.3333192	1.6608012
11.8729525	84.9588547	1.6608012	2.1052408
13.6694250	84.9588547	0.2339157	0.6081807
15.4658966	84.9588547	0.1286536	-0.3742650
17.2623692	84.9588547	0.2222199	-0.3859608
19.0588398	84.9588547	-0.7953132	-0.3274819
20.8553123	84.9588547	-1.6023222	0.0350873
22.6517868	84.9588547	-1.6841927	0.4327440
24.4482574	84.9588547	-2.3040693	1.4385812
26.2447300	84.9588547	-2.3508523	3.1461656
28.0412025	84.9588547	-1.4853644	2.9122498
29.8376732	84.9588547	-1.4619728	2.5730722
31.6341438	84.9588547	-1.4385812	2.6315510
33.4306183	84.9588547	-1.7075843	2.1637199
35.2270889	84.9588547	-1.6140180	2.1286325
37.0235634	84.9588547	-1.4034939	-0.3625693
38.8200340	84.9588547	0.0000000	0.0000000
40.6165047	84.9588547	-0.1520452	3.0876865
42.4129791	84.9588547	-0.5263102	4.6198339
44.2094498	84.9588547	0.0000000	5.0642738
46.0059242	84.9588547	-0.4210482	4.7134004
47.8023949	84.9588547	-0.0935663	3.3683853
49.5988655	84.9588547	-0.0935663	3.0759909
51.3953362	84.9588547	0.6900512	3.6023011
53.1918106	84.9588547	2.2572861	4.0350451
54.9882851	84.9588547	1.4268855	4.3040481
56.7847557	84.9588547	1.7075843	4.3625269
58.5812302	84.9588547	3.2982106	4.5145721
60.3776970	84.9588547	1.3099277	3.7894335
62.1741714	84.9588547	1.4970602	4.0584364
63.9706421	84.9588547	1.1227951	4.0818281
65.7671204	84.9588547	0.0000000	0.0000000
67.5635834	84.9588547	0.0000000	0.0000000
69.3600616	84.9588547	0.0000000	0.0000000
71.1565323	84.9588547	0.0000000	0.0000000
-0.7023520	86.7553177	0.0000000	0.0000000
1.0941203	86.7553177	0.0000000	0.0000000
2.8905921	86.7553177	0.0000000	0.0000000
4.6870642	86.7553177	0.0233916	3.2046444
6.4835367	86.7553177	0.2222199	3.1344697
8.2800093	86.7553177	0.1754367	2.7134216
10.0764809	86.7553177	1.2397530	2.3274608
11.8729525	86.7553177	-2.1052408	-2.5145934
13.6694250	86.7553177	-0.1286536	0.3157861
15.4658966	86.7553177	0.2105241	-0.0584789
17.2623692	86.7553177	0.1052620	-0.0701747
19.0588398	86.7553177	-0.5613976	0.1286536
20.8553123	86.7553177	-1.4034939	0.1988283
22.6517868	86.7553177	-1.6724969	0.6198765
24.4482574	86.7553177	0.0000000	0.0000000
26.2447300	86.7553177	-1.9882830	2.2689819
28.0412025	86.7553177	-2.0935452	2.4327228
29.8376732	86.7553177	-1.4385812	2.1871114
31.6341438	86.7553177	-1.7192800	3.1929486
33.4306183	86.7553177	-2.0233705	3.0058162
35.2270889	86.7553177	-1.5438433	2.7251174
37.0235634	86.7553177	-0.6900512	2.5379848
38.8200340	86.7553177	-0.9005753	2.5262890
40.6165047	86.7553177	-0.9239668	4.3976145
42.4129791	86.7553177	0.0000000	0.0000000
44.2094498	86.7553177	-0.6315722	4.5964427
46.0059242	86.7553177	-1.7777590	1.4151897
47.8023949	86.7553177	-1.7777590	3.7426505
49.5988655	86.7553177	-0.9590542	3.6490841
51.3953362	86.7553177	-6.3742018	-1.2748404
53.1918106	86.7553177	0.1754367	3.7894335
54.9882851	86.7553177	0.5263102	3.8946955
56.7847557	86.7553177	0.9941415	4.2689605
58.5812302	86.7553177	0.9122710	4.5613551
60.3776970	86.7553177	0.9941415	4.4210057
62.1741714	86.7553177	1.2163614	4.3508310
63.9706421	86.7553177	0.0000000	0.0000000
65.7671204	86.7553177	1.6257138	4.1169157
67.5635834	86.7553177	-0.0935663	3.2163403
69.3600616	86.7553177	0.0000000	0.0000000
71.1565323	86.7553177	0.0000000	0.0000000
-0.7023520	88.5517883	0.0000000	0.0000000
1.0941203	88.5517883	0.0000000	0.0000000
2.8905921	88.5517883	0.0000000	0.0000000
4.6870642	88.5517883	0.0000000	0.0000000
6.4835367	88.5517883	0.5497018	2.6549428
8.2800093	88.5517883	1.0409247	2.9473372
10.0764809	88.5517883	0.8537921	2.9590330
11.8729525	88.5517883	0.6900512	-0.0233916
13.6694250	88.5517883	0.4795271	-0.0233916
15.4658966	88.5517883	0.5730934	-0.0818705
17.2623692	88.5517883	0.2339157	0.0935663
19.0588398	88.5517883	0.4444397	0.0818705
20.8553123	88.5517883	-1.2865361	0.2339157
22.6517868	88.5517883	-1.5789306	0.9122710
24.4482574	88.5517883	-0.3508735	0.7134427
26.2447300	88.5517883	-0.7134427	0.8888795
28.0412025	88.5517883	-2.3976355	2.6315510
29.8376732	88.5517883	-1.8947167	3.0409036
31.6341438	88.5517883	-1.8713253	3.4151685
33.4306183	88.5517883	-1.8128463	2.8537710
35.2270889	88.5517883	-1.6491053	2.3625481
37.0235634	88.5517883	-0.5847892	-3.0993824
38.8200340	88.5517883	-0.9122710	2.8771625
40.6165047	88.5517883	-0.5380060	3.8011293
42.4129791	88.5517883	0.0000000	4.3625269
44.2094498	88.5517883	-0.0233916	2.5964637
46.0059242	88.5517883	0.0000000	0.0000000
47.8023949	88.5517883	-0.9590542	3.8713040
49.5988655	88.5517883	-0.1169578	-1.2280571
51.3953362	88.5517883	-0.7251385	3.2280359
53.1918106	88.5517883	-0.1052620	3.5438221
54.9882851	88.5517883	0.2456114	4.2689605
56.7847557	88.5517883	2.3625481	5.1695361
58.5812302	88.5517883	0.0000000	0.0000000
60.3776970	88.5517883	1.1812741	4.6432257
62.1741714	88.5517883	0.3274819	4.2455692
63.9706421	88.5517883	0.8187048	4.5847468
65.7671204	88.5517883	-0.5146145	4.7367921
67.5635834	88.5517883	-0.0818705	4.7017045
69.3600616	88.5517883	0.0233916	5.9999366
71.1565323	88.5517883	0.0000000	0.0000000
-0.7023520	90.3482666	0.0000000	0.0000000
1.0941203	90.3482666	0.0000000	0.0000000
2.8905921	90.3482666	0.0000000	0.0000000
4.6870642	90.3482666	0.0000000	0.0000000
6.4835367	90.3482666	0.3976566	1.3567108
8.2800093	90.3482666	0.8304006	2.3508523
10.0764809	90.3482666	0.0000000	0.0000000
11.8729525	90.3482666	0.5964849	0.1403494
13.6694250	90.3482666	0.5964849	0.3508735
15.4658966	90.3482666	0.5146145	0.1754367
17.2623692	90.3482666	0.0000000	0.2690030
19.0588398	90.3482666	0.0935663	0.5613976
20.8553123	90.3482666	-0.6666596	0.2806988
22.6517868	90.3482666	-1.3917981	1.2280571
24.4482574	90.3482666	-0.9824457	1.3567108
26.2447300	90.3482666	0.0000000	0.0000000
28.0412025	90.3482666	-2.5613763	3.1461656
29.8376732	90.3482666	-1.9999788	3.1812530
31.6341438	90.3482666	-1.9999788	3.0525992
33.4306183	90.3482666	0.0000000	0.0000000
35.2270889	90.3482666	-2.0584579	2.8420751
37.0235634	90.3482666	-2.1286325	1.1929698
38.8200340	90.3482666	-1.6023222	1.6841927
40.6165047	90.3482666	-0.9122710	3.0642951
42.4129791	90.3482666	0.0584789	4.1052198
44.2094498	90.3482666	0.0233916	3.0292077
46.0059242	90.3482666	-0.1403494	3.1461656
47.8023949	90.3482666	0.0000000	0.0000000
49.5988655	90.3482666	-0.2806988	3.8596082
51.3953362	90.3482666	-0.7953132	3.9063914
53.1918106	90.3482666	0.0000000	0.0000000
54.9882851	90.3482666	-0.0467831	4.6666174
56.7847557	90.3482666	0.1754367	5.4970179
58.5812302	90.3482666	1.4502771	4.5964427
60.3776970	90.3482666	0.0000000	0.0000000
62.1741714	90.3482666	-0.4093524	4.8186626
63.9706421	90.3482666	-0.1754367	4.9707074
65.7671204	90.3482666	-0.1403494	0.1403494
67.5635834	90.3482666	0.0818705	0.9005753
69.3600616	90.3482666	0.0000000	0.0000000
71.1565323	90.3482666	0.0000000	0.0000000
-0.7023520	92.1447372	0.0000000	0.0000000
1.0941203	92.1447372	-0.0818705	-2.9941204
2.8905921	92.1447372	0.0000000	0.0000000
4.6870642	92.1447372	-0.2456114	0.4327440
6.4835367	92.1447372	-0.5380060	1.2280571
8.2800093	92.1447372	-0.2105241	1.5555391
10.0764809	92.1447372	0.2222199	1.4736686
11.8729525	92.1447372	0.2806988	0.8420963
13.6694250	92.1447372	0.1169578	0.6783554
15.4658966	92.1447372	0.1403494	0.5964849
17.2623692	92.1447372	0.1754367	0.7602259
19.0588398	92.1447372	0.1286536	0.3040904
20.8553123	92.1447372	-0.5730934	0.3859608
22.6517868	92.1447372	-1.0760120	-0.0935663
24.4482574	92.1447372	-0.9707500	1.2631445
26.2447300	92.1447372	-1.5087559	2.3157649
28.0412025	92.1447372	-6.7718582	-0.4678313
29.8376732	92.1447372	-0.9122710	-1.9414999
31.6341438	92.1447372	-1.9181083	2.3391566
33.4306183	92.1447372	-1.3917981	3.6841714
35.2270889	92.1447372	-1.5438433	3.2514277
37.0235634	92.1447372	-0.2456114	1.9414999
38.8200340	92.1447372	0.0000000	0.0000000
40.6165047	92.1447372	-1.2982318	3.0058162
42.4129791	92.1447372	-0.5847892	4.0116534
44.2094498	92.1447372	-1.4151897	3.1227739
46.0059242	92.1447372	-1.5906265	3.5204306
47.8023949	92.1447372	-1.0643163	2.6666384
49.5988655	92.1447372	-0.7368343	3.2397318
51.3953362	92.1447372	-0.6198765	3.4853432
53.1918106	92.1447372	0.1052620	3.2163403
54.9882851	92.1447372	0.0000000	0.0000000
56.7847557	92.1447372	0.0000000	0.0000000
58.5812302	92.1447372	0.0000000	0.0000000
60.3776970	92.1447372	-0.1754367	0.0818705
62.1741714	92.1447372	-0.7251385	5.6373672
63.9706421	92.1447372	-0.5263102	4.4093099
65.7671204	92.1447372	0.0233916	1.3099277
67.5635834	92.1447372	0.1286536	1.1227951
69.3600616	92.1447372	0.0000000	0.0000000
71.1565323	92.1447372	0.0000000	0.0000000
-0.7023520	93.9412079	0.0000000	0.0000000
1.0941203	93.9412079	0.0000000	0.0000000
2.8905921	93.9412079	0.0000000	0.0000000
4.6870642	93.9412079	-0.2222199	0.6666596
6.4835367	93.9412079	-0.2690030	0.7017469
8.2800093	93.9412079	0.0116958	0.9941415
10.0764809	93.9412079	0.1286536	1.3099277
11.8729525	93.9412079	0.0116958	1.2163614
13.6694250	93.9412079	0.1403494	0.9005753
15.4658966	93.9412079	0.0000000	0.7836174
17.2623692	93.9412079	0.8304006	0.2456114
19.0588398	93.9412079	-0.1052620	0.0350873
20.8553123	93.9412079	-1.0760120	-0.1403494
22.6517868	93.9412079	-1.4385812	0.1754367
24.4482574	93.9412079	-1.7309759	2.7017257
26.2447300	93.9412079	-2.0233705	3.0175118
28.0412025	93.9412079	-2.0584579	2.8888583
29.8376732	93.9412079	-1.6140180	2.8069878
31.6341438	93.9412079	-2.1286325	2.8069878
33.4306183	93.9412079	-1.4619728	2.6081595
35.2270889	93.9412079	-1.7192800	2.8303795
37.0235634	93.9412079	0.0000000	0.0000000
38.8200340	93.9412079	0.0000000	0.0000000
40.6165047	93.9412079	-0.9239668	1.2163614
42.4129791	93.9412079	-1.3099277	2.8303795
44.2094498	93.9412079	-1.2514488	3.1110783
46.0059242	93.9412079	-1.3333192	3.1461656
47.8023949	93.9412079	0.6432680	0.0701747
49.5988655	93.9412079	-1.3801024	0.2690030
51.3953362	93.9412079	-0.2573072	2.6783342
53.1918106	93.9412079	0.5146145	3.8596082
54.9882851	93.9412079	0.4795271	3.6256926
56.7847557	93.9412079	6.8069453	-0.1286536
58.5812302	93.9412079	0.0000000	0.0000000
60.3776970	93.9412079	5.3332767	-0.0350873
62.1741714	93.9412079	-0.1988283	5.8361955
63.9706421	93.9412079	0.0350873	4.8420539
65.7671204	93.9412079	1.2748404	2.7485089
67.5635834	93.9412079	0.2339157	2.0701535
69.3600616	93.9412079	0.0000000	0.0000000
71.1565323	93.9412079	0.0000000	0.0000000
-0.7023520	95.7376785	0.0000000	0.0000000
1.0941203	95.7376785	0.0000000	0.0000000
2.8905921	95.7376785	0.0000000	0.0000000
4.6870642	95.7376785	-0.1052620	0.7134427
6.4835367	95.7376785	-0.0701747	0.9941415
8.2800093	95.7376785	-0.0233916	0.7719216
10.0764809	95.7376785	0.0701747	0.8771837
11.8729525	95.7376785	0.2105241	1.1227951
13.6694250	95.7376785	0.0584789	1.2046657
15.4658966	95.7376785	0.0350873	1.2748404
17.2623692	95.7376785	0.1637410	1.3450150
19.0588398	95.7376785	-1.3450150	0.6549639
20.8553123	95.7376785	-1.6023222	0.4912229
22.6517868	95.7376785	-1.7075843	0.4795271
24.4482574	95.7376785	-1.3567108	0.7017469
26.2447300	95.7376785	-2.0935452	2.8654668
28.0412025	95.7376785	-2.0467620	2.7368131
29.8376732	95.7376785	-2.0935452	2.8069878
31.6341438	95.7376785	-1.3567108	3.0525992
33.4306183	95.7376785	-1.5204518	2.8186836
35.2270889	95.7376785	-1.9298041	2.3040693
37.0235634	95.7376785	4.6549215	3.0409036
38.8200340	95.7376785	-0.3508735	0.2456114
40.6165047	95.7376785	-0.2573072	1.5789306
42.4129791	95.7376785	-0.0935663	1.4385812
44.2094498	95.7376785	0.0000000	0.0000000
46.0059242	95.7376785	-2.0467620	2.5847681
47.8023949	95.7376785	-1.6023222	2.0701535
49.5988655	95.7376785	-1.3450150	1.2865361
51.3953362	95.7376785	-2.5028975	1.9414999
53.1918106	95.7376785	0.0000000	0.0000000
54.9882851	95.7376785	0.8304006	2.3391566
56.7847557	95.7376785	0.4327440	4.2104816
58.5812302	95.7376785	-2.0350661	0.2339157
60.3776970	95.7376785	-3.3216023	-0.0116958
62.1741714	95.7376785	0.0000000	0.0000000
63.9706421	95.7376785	2.8654668	0.0467831
65.7671204	95.7376785	1.0409247	2.7134216
67.5635834	95.7376785	0.2222199	2.1637199
69.3600616	95.7376785	0.0000000	0.0000000
71.1565323	95.7376785	0.0000000	0.0000000
-0.7023520	97.5341492	0.0000000	0.0000000
1.0941203	97.5341492	0.0000000	0.0000000
2.8905921	97.5341492	0.0000000	0.0000000
4.6870642	97.5341492	-0.0701747	1.4736686
6.4835367	97.5341492	-0.0467831	1.4619728
8.2800093	97.5341492	0.0000000	1.0643163
10.0764809	97.5341492	-0.0701747	1.3567108
11.8729525	97.5341492	0.1169578	1.4502771
13.6694250	97.5341492	-0.0818705	0.7836174
15.4658966	97.5341492	-0.0233916	0.8187048
17.2623692	97.5341492	0.2456114	1.4853644
19.0588398	97.5341492	-0.0701747	0.0935663
20.8553123	97.5341492	-1.9414999	0.8654879
22.6517868	97.5341492	-1.9765873	0.9941415
24.4482574	97.5341492	-3.0525992	2.7134216
26.2447300	97.5341492	0.0000000	0.0000000
28.0412025	97.5341492	-2.7952921	1.8596294
29.8376732	97.5341492	-2.1286325	0.1286536
31.6341438	97.5341492	-1.9298041	2.3625481
33.4306183	97.5341492	-1.1929698	3.8946955
35.2270889	97.5341492	-1.3099277	3.8245208
37.0235634	97.5341492	-0.3625693	2.2689819
38.8200340	97.5341492	-0.3625693	2.1637199
40.6165047	97.5341492	-0.1169578	2.2338946
42.4129791	97.5341492	0.2222199	2.4912016
44.2094498	97.5341492	-0.5730934	2.8420751
46.0059242	97.5341492	-2.9122498	2.8888583
47.8023949	97.5341492	-0.8304006	2.1520240
49.5988655	97.5341492	-0.2923946	1.8830210
51.3953362	97.5341492	-2.2338946	0.6666596
53.1918106	97.5341492	-0.9473584	-0.0467831
54.9882851	97.5341492	-1.5555391	0.1988283
56.7847557	97.5341492	-0.7134427	1.4151897
58.5812302	97.5341492	-0.6081807	1.4502771
60.3776970	97.5341492	-0.1403494	2.6081595
62.1741714	97.5341492	-0.1169578	3.1344697
63.9706421	97.5341492	0.1052620	3.2046444
65.7671204	97.5341492	0.6432680	2.9239457
67.5635834	97.5341492	0.1169578	1.8011506
69.3600616	97.5341492	0.0000000	0.0000000
71.1565323	97.5341492	0.0000000	0.0000000
-0.7023520	99.3306274	0.0000000	0.0000000
1.0941203	99.3306274	0.0000000	0.0000000
2.8905921	99.3306274	0.0000000	0.0000000
4.6870642	99.3306274	0.0000000	0.0000000
6.4835367	99.3306274	-0.0701747	1.4034939
8.2800093	99.3306274	0.0818705	0.9473584
10.0764809	99.3306274	0.0000000	0.0000000
11.8729525	99.3306274	0.5263102	0.0467831
13.6694250	99.3306274	0.0701747	0.7953132
15.4658966	99.3306274	0.0584789	0.7719216
17.2623692	99.3306274	0.0000000	0.0000000
19.0588398	99.3306274	-0.6783554	1.4619728
20.8553123	99.3306274	-1.8830210	1.0058373
22.6517868	99.3306274	-2.0701535	1.3450150
24.4482574	99.3306274	-1.2046657	0.3040904
26.2447300	99.3306274	0.0000000	0.0000000
28.0412025	99.3306274	-2.9824245	1.7075843
29.8376732	99.3306274	-2.7368131	1.2514488
31.6341438	99.3306274	0.0000000	0.0000000
33.4306183	99.3306274	-2.0467620	2.6666384
35.2270889	99.3306274	-1.8011506	2.9941204
37.0235634	99.3306274	0.0000000	0.0000000
38.8200340	99.3306274	-0.1403494	2.3976355
40.6165047	99.3306274	-0.3625693	2.6549428
42.4129791	99.3306274	-0.9005753	4.2806563
44.2094498	99.3306274	-0.6315722	2.9239457
46.0059242	99.3306274	-0.8304006	2.3625481
47.8023949	99.3306274	-0.1754367	1.9298041
49.5988655	99.3306274	-0.1286536	1.0526204
51.3953362	99.3306274	-0.2222199	1.4502771
53.1918106	99.3306274	-1.5789306	1.6608012
54.9882851	99.3306274	-1.0175331	1.3917981
56.7847557	99.3306274	-0.9239668	1.3684065
58.5812302	99.3306274	-0.5613976	1.9765873
60.3776970	99.3306274	-0.5380060	3.4034727
62.1741714	99.3306274	-0.2105241	3.5087347
63.9706421	99.3306274	0.1169578	3.3683853
65.7671204	99.3306274	0.2105241	2.2455902
67.5635834	99.3306274	0.0701747	1.3917981
69.3600616	99.3306274	0.0000000	0.0000000
71.1565323	99.3306274	0.0000000	0.0000000
-0.7023520	101.1270981	0.0000000	0.0000000
1.0941203	101.1270981	0.0000000	0.0000000
2.8905921	101.1270981	0.0000000	0.0000000
4.6870642	101.1270981	0.0000000	0.0000000
6.4835367	101.1270981	0.0000000	0.0000000
8.2800093	101.1270981	-0.0701747	0.9590542
10.0764809	101.1270981	-0.0935663	1.2163614
11.8729525	101.1270981	0.0818705	0.0233916
13.6694250	101.1270981	0.0233916	0.0233916
15.4658966	101.1270981	0.0000000	0.0000000
17.2623692	101.1270981	0.3625693	1.5204518
19.0588398	101.1270981	0.0000000	0.0000000
20.8553123	101.1270981	-1.9999788	1.4853644
22.6517868	101.1270981	-1.6841927	1.2280571
24.4482574	101.1270981	-1.7426716	1.6140180
26.2447300	101.1270981	-2.1871114	2.6198554
28.0412025	101.1270981	-2.7952921	2.2338946
29.8376732	101.1270981	-2.0818493	2.1286325
31.6341438	101.1270981	-2.2806776	2.1520240
33.4306183	101.1270981	-2.5262890	2.8069878
35.2270889	101.1270981	-2.1520240	3.2865150
37.0235634	101.1270981	-1.7660632	2.9941204
38.8200340	101.1270981	-1.5906265	2.8654668
40.6165047	101.1270981	-0.4444397	3.6607800
42.4129791	101.1270981	-1.4268855	3.6256926
44.2094498	101.1270981	0.0000000	0.0000000
46.0059242	101.1270981	-0.8654879	2.2338946
47.8023949	101.1270981	-1.8596294	1.8830210
49.5988655	101.1270981	-1.3216234	1.2865361
51.3953362	101.1270981	-1.3099277	1.3099277
53.1918106	101.1270981	-0.9824457	1.3333192
54.9882851	101.1270981	-0.8187048	1.4736686
56.7847557	101.1270981	-1.1227951	1.7075843
58.5812302	101.1270981	-0.6315722	1.8830210
60.3776970	101.1270981	-0.3742650	2.3976355
62.1741714	101.1270981	-0.1403494	2.0584579
63.9706421	101.1270981	-0.0116958	2.0701535
65.7671204	101.1270981	0.1052620	1.6491053
67.5635834	101.1270981	0.0233916	1.9181083
69.3600616	101.1270981	0.0000000	0.0000000
71.1565323	101.1270981	0.0000000	0.0000000
-0.7023520	102.9235687	0.0000000	0.0000000
1.0941203	102.9235687	0.0000000	0.0000000
2.8905921	102.9235687	0.0000000	0.0000000
4.6870642	102.9235687	0.0000000	0.0000000
6.4835367	102.9235687	-0.1403494	1.4736686
8.2800093	102.9235687	-0.4327440	1.4502771
10.0764809	102.9235687	-0.1403494	0.0233916
11.8729525	102.9235687	0.0000000	0.0000000
13.6694250	102.9235687	0.0000000	0.0000000
15.4658966	102.9235687	-0.0584789	1.4736686
17.2623692	102.9235687	0.0000000	0.0000000
19.0588398	102.9235687	0.0000000	0.0000000
20.8553123	102.9235687	-2.1052408	1.3801024
22.6517868	102.9235687	-1.2982318	1.3099277
24.4482574	102.9235687	-1.3216234	1.4502771
26.2447300	102.9235687	-0.8888795	1.2865361
28.0412025	102.9235687	-0.8888795	1.2046657
29.8376732	102.9235687	-1.3801024	1.6023222
31.6341438	102.9235687	-2.0233705	2.2806776
33.4306183	102.9235687	-2.3508523	3.5672138
35.2270889	102.9235687	-2.7017257	3.2163403
37.0235634	102.9235687	-2.1754155	3.4385600
38.8200340	102.9235687	-2.1871114	3.2163403
40.6165047	102.9235687	-0.0116958	-0.1403494
42.4129791	102.9235687	0.0000000	0.0000000
44.2094498	102.9235687	-0.5730934	-0.0233916
46.0059242	102.9235687	-1.3450150	2.2923734
47.8023949	102.9235687	-1.7894547	1.6140180
49.5988655	102.9235687	-1.3801024	1.8245420
51.3953362	102.9235687	-1.3684065	1.6257138
53.1918106	102.9235687	-1.2163614	1.6374096
54.9882851	102.9235687	-0.6666596	1.3099277
56.7847557	102.9235687	-0.7485301	1.4853644
58.5812302	102.9235687	-0.5964849	1.6140180
60.3776970	102.9235687	-0.3976566	1.6958885
62.1741714	102.9235687	-0.1169578	1.4736686
63.9706421	102.9235687	0.0350873	1.6841927
65.7671204	102.9235687	-0.0701747	1.8128463
67.5635834	102.9235687	-0.2222199	1.3099277
69.3600616	102.9235687	0.0000000	0.0000000
71.1565323	102.9235687	0.0000000	0.0000000
-0.7023520	104.7200394	0.0000000	0.0000000
1.0941203	104.7200394	0.0000000	0.0000000
2.8905921	104.7200394	0.0000000	0.0000000
4.6870642	104.7200394	-0.0116958	1.0058373
6.4835367	104.7200394	0.0000000	0.0000000
8.2800093	104.7200394	-0.1052620	1.4034939
10.0764809	104.7200394	-0.0233916	1.4970602
11.8729525	104.7200394	-0.1403494	1.3917981
13.6694250	104.7200394	0.3976566	3.0759909
15.4658966	104.7200394	0.0000000	0.0000000
17.2623692	104.7200394	-2.7368131	1.4970602
19.0588398	104.7200394	-1.7426716	1.5789306
20.8553123	104.7200394	0.3391777	2.4327228
22.6517868	104.7200394	0.2923946	2.4327228
24.4482574	104.7200394	-0.6315722	0.8070090
26.2447300	104.7200394	-1.0175331	0.7836174
28.0412025	104.7200394	-1.0760120	0.7134427
29.8376732	104.7200394	-0.5263102	1.3450150
31.6341438	104.7200394	-1.2514488	2.3274608
33.4306183	104.7200394	-2.2338946	3.5789094
35.2270889	104.7200394	-2.4327228	3.7660420
37.0235634	104.7200394	-2.4678102	3.8362167
38.8200340	104.7200394	-0.0467831	2.5730722
40.6165047	104.7200394	-1.6491053	3.8596082
42.4129791	104.7200394	-2.1754155	3.0759909
44.2094498	104.7200394	-2.0467620	2.8420751
46.0059242	104.7200394	-2.1286325	2.5379848
47.8023949	104.7200394	-2.0116746	2.0818493
49.5988655	104.7200394	-1.4502771	2.1286325
51.3953362	104.7200394	-1.1578825	1.8245420
53.1918106	104.7200394	-0.7836174	1.9298041
54.9882851	104.7200394	-0.9356626	0.3157861
56.7847557	104.7200394	-0.5146145	1.2514488
58.5812302	104.7200394	-0.4678313	1.4034939
60.3776970	104.7200394	-0.1520452	1.3801024
62.1741714	104.7200394	-0.1286536	1.5204518
63.9706421	104.7200394	-0.3742650	1.7426716
65.7671204	104.7200394	0.2222199	2.4561143
67.5635834	104.7200394	0.0000000	0.0000000
69.3600616	104.7200394	0.0000000	0.0000000
71.1565323	104.7200394	0.0000000	0.0000000
-0.7023520	106.5165100	0.0000000	0.0000000
1.0941203	106.5165100	0.0000000	0.0000000
2.8905921	106.5165100	0.0000000	0.0000000
4.6870642	106.5165100	0.0000000	0.0000000
6.4835367	106.5165100	0.0000000	0.0000000
8.2800093	106.5165100	-0.0701747	1.3684065
10.0764809	106.5165100	0.0701747	1.5555391
11.8729525	106.5165100	0.0467831	1.5789306
13.6694250	106.5165100	0.0000000	0.0000000
15.4658966	106.5165100	-0.5263102	0.0000000
17.2623692	106.5165100	0.0000000	0.0000000
19.0588398	106.5165100	0.0000000	0.0000000
20.8553123	106.5165100	0.1637410	0.0701747
22.6517868	106.5165100	-4.5964427	4.7835751
24.4482574	106.5165100	0.0000000	0.0000000
26.2447300	106.5165100	-0.8304006	0.1169578
28.0412025	106.5165100	-0.7719216	0.3040904
29.8376732	106.5165100	-0.6783554	1.6608012
31.6341438	106.5165100	-1.3450150	2.8654668
33.4306183	106.5165100	-2.1871114	3.9180872
35.2270889	106.5165100	-2.4795060	3.8011293
37.0235634	106.5165100	-2.9707289	4.0233493
38.8200340	106.5165100	5.1344485	0.1169578
40.6165047	106.5165100	-2.6081595	3.4502559
42.4129791	106.5165100	-2.6549428	2.7719004
44.2094498	106.5165100	-2.3625481	2.9005542
46.0059242	106.5165100	-2.0584579	2.6198554
47.8023949	106.5165100	-1.8245420	2.1403282
49.5988655	106.5165100	-1.4736686	2.1286325
51.3953362	106.5165100	-1.3450150	2.0350661
53.1918106	106.5165100	-0.7485301	0.5263102
54.9882851	106.5165100	-0.7134427	0.8070090
56.7847557	106.5165100	-0.4093524	1.0058373
58.5812302	106.5165100	-0.2573072	1.0409247
60.3776970	106.5165100	0.0000000	1.1812741
62.1741714	106.5165100	0.0233916	1.4385812
63.9706421	106.5165100	0.0818705	2.3859396
65.7671204	106.5165100	0.1052620	1.9765873
67.5635834	106.5165100	0.1637410	2.5847681
69.3600616	106.5165100	0.0000000	0.0000000
71.1565323	106.5165100	0.0000000	0.0000000
-0.7023520	108.3129883	0.0000000	0.0000000
1.0941203	108.3129883	0.0000000	0.0000000
2.8905921	108.3129883	0.0000000	0.0000000
4.6870642	108.3129883	0.0000000	0.0000000
6.4835367	108.3129883	0.0000000	0.0000000
8.2800093	108.3129883	0.0000000	0.0000000
10.0764809	108.3129883	-0.0233916	0.0116958
11.8729525	108.3129883	0.0000000	0.0000000
13.6694250	108.3129883	0.0000000	0.0000000
15.4658966	108.3129883	0.0000000	0.0000000
17.2623692	108.3129883	0.0000000	0.0000000
19.0588398	108.3129883	0.0000000	0.0000000
20.8553123	108.3129883	0.0000000	0.0000000
22.6517868	108.3129883	-1.3801024	1.5204518
24.4482574	108.3129883	-1.4268855	1.5087559
26.2447300	108.3129883	0.0000000	0.0000000
28.0412025	108.3129883	-0.8420963	0.1871325
29.8376732	108.3129883	-1.4502771	1.3450150
31.6341438	108.3129883	0.0000000	0.0000000
33.4306183	108.3129883	-1.9882830	4.0467410
35.2270889	108.3129883	-2.0935452	4.2338734
37.0235634	108.3129883	-2.6666384	4.5613551
38.8200340	108.3129883	-3.9882619	-2.1520240
40.6165047	108.3129883	-2.8303795	3.9882619
42.4129791	108.3129883	-2.9122498	3.0525992
44.2094498	108.3129883	-2.5379848	3.1227739
46.0059242	108.3129883	-2.7368131	3.3216023
47.8023949	108.3129883	-1.5906265	2.3976355
49.5988655	108.3129883	-1.3917981	2.3625481
51.3953362	108.3129883	-0.6081807	1.7777590
53.1918106	108.3129883	-0.5964849	1.3216234
54.9882851	108.3129883	-0.4678313	0.8304006
56.7847557	108.3129883	-0.1052620	0.8654879
58.5812302	108.3129883	-0.2806988	0.8888795
60.3776970	108.3129883	-0.1403494	1.2280571
62.1741714	108.3129883	0.0818705	1.3099277
63.9706421	108.3129883	0.0350873	1.2397530
65.7671204	108.3129883	-0.0584789	1.7426716
67.5635834	108.3129883	0.1169578	1.7075843
69.3600616	108.3129883	0.0000000	0.0000000
71.1565323	108.3129883	0.0000000	0.0000000
-0.7023520	110.1094589	0.0000000	0.0000000
1.0941203	110.1094589	-1.4151897	1.4970602
2.8905921	110.1094589	0.0000000	0.0000000
4.6870642	110.1094589	0.0000000	0.0000000
6.4835367	110.1094589	-0.0467831	1.4970602
8.2800093	110.1094589	0.0818705	3.0058162
10.0764809	110.1094589	0.1169578	1.6374096
11.8729525	110.1094589	0.1286536	1.6257138
13.6694250	110.1094589	-0.6900512	1.4853644
15.4658966	110.1094589	0.0000000	0.0000000
17.2623692	110.1094589	0.0000000	0.0000000
19.0588398	110.1094589	0.0000000	0.0000000
20.8553123	110.1094589	1.3917981	0.0000000
22.6517868	110.1094589	-1.4619728	1.5087559
24.4482574	110.1094589	-0.3859608	2.2221987
26.2447300	110.1094589	-1.8830210	2.3625481
28.0412025	110.1094589	-0.9239668	0.3040904
29.8376732	110.1094589	-1.6140180	1.4268855
31.6341438	110.1094589	0.0000000	0.0000000
33.4306183	110.1094589	-1.8011506	3.9180872
35.2270889	110.1094589	-2.6081595	4.2338734
37.0235634	110.1094589	-2.2572861	4.5730510
38.8200340	110.1094589	-2.3391566	4.0584364
40.6165047	110.1094589	-2.1988072	3.4970391
42.4129791	110.1094589	-2.4093313	3.7192588
44.2094498	110.1094589	-2.6432469	1.6724969
46.0059242	110.1094589	-2.1520240	3.1812530
47.8023949	110.1094589	-1.4268855	2.4444187
49.5988655	110.1094589	-0.2573072	1.7075843
51.3953362	110.1094589	-0.5146145	1.2163614
53.1918106	110.1094589	-0.2456114	1.1461867
54.9882851	110.1094589	-0.2105241	0.7485301
56.7847557	110.1094589	-0.1403494	0.8537921
58.5812302	110.1094589	-0.0233916	0.9824457
60.3776970	110.1094589	0.0233916	1.3216234
62.1741714	110.1094589	0.1520452	1.5438433
63.9706421	110.1094589	0.1871325	1.5789306
65.7671204	110.1094589	-0.2923946	1.4970602
67.5635834	110.1094589	0.0000000	0.0000000
69.3600616	110.1094589	0.0000000	0.0000000
71.1565323	110.1094589	0.0000000	0.0000000
-0.7023520	111.9059296	0.0000000	0.0000000
1.0941203	111.9059296	0.0000000	0.0000000
2.8905921	111.9059296	0.0000000	0.0000000
4.6870642	111.9059296	-0.1286536	1.2748404
6.4835367	111.9059296	-0.0818705	1.3450150
8.2800093	111.9059296	0.0000000	0.0000000
10.0764809	111.9059296	0.0000000	0.0000000
11.8729525	111.9059296	0.0000000	0.0000000
13.6694250	111.9059296	0.0000000	0.0000000
15.4658966	111.9059296	0.3508735	3.0409036
17.2623692	111.9059296	0.0000000	0.0000000
19.0588398	111.9059296	0.0000000	0.0000000
20.8553123	111.9059296	-0.0350873	3.0409036
22.6517868	111.9059296	-1.8362379	2.9707289
24.4482574	111.9059296	-0.3391777	1.7426716
26.2447300	111.9059296	-2.1637199	1.4151897
28.0412025	111.9059296	-1.9414999	1.3216234
29.8376732	111.9059296	5.7192378	1.3567108
31.6341438	111.9059296	-3.0876865	4.2455692
33.4306183	111.9059296	-2.3859396	3.8245208
35.2270889	111.9059296	-2.8537710	4.3742228
37.0235634	111.9059296	-1.9064126	4.5028763
38.8200340	111.9059296	-2.2923734	4.4210057
40.6165047	111.9059296	0.0000000	0.0000000
42.4129791	111.9059296	-1.6374096	3.6256926
44.2094498	111.9059296	0.6900512	-0.8420963
46.0059242	111.9059296	-1.7543674	2.8069878
47.8023949	111.9059296	-1.3801024	2.7602048
49.5988655	111.9059296	-1.2280571	2.6198554
51.3953362	111.9059296	0.0000000	0.0000000
53.1918106	111.9059296	-0.0116958	0.7953132
54.9882851	111.9059296	-0.0233916	0.6783554
56.7847557	111.9059296	-0.0116958	0.6666596
58.5812302	111.9059296	0.0000000	0.9707500
60.3776970	111.9059296	-0.0584789	0.9707500
62.1741714	111.9059296	0.0935663	1.5555391
63.9706421	111.9059296	0.0000000	0.0000000
65.7671204	111.9059296	0.0000000	0.0000000
67.5635834	111.9059296	0.0000000	0.0000000
69.3600616	111.9059296	0.0000000	0.0000000
71.1565323	111.9059296	0.0000000	0.0000000
-0.7023520	113.7024002	0.0000000	0.0000000
1.0941203	113.7024002	0.0000000	0.0000000
2.8905921	113.7024002	0.0000000	0.0000000
4.6870642	113.7024002	0.0000000	0.0000000
6.4835367	113.7024002	0.0116958	1.9765873
8.2800093	113.7024002	-0.0116958	1.5438433
10.0764809	113.7024002	0.0233916	1.5087559
11.8729525	113.7024002	-0.0701747	1.5087559
13.6694250	113.7024002	0.0000000	0.0000000
15.4658966	113.7024002	0.0000000	0.0000000
17.2623692	113.7024002	0.0000000	0.0000000
19.0588398	113.7024002	-0.5029187	1.4853644
20.8553123	113.7024002	-0.3391777	0.3625693
22.6517868	113.7024002	0.0000000	0.0000000
24.4482574	113.7024002	-0.5613976	0.0233916
26.2447300	113.7024002	-2.1988072	1.3099277
28.0412025	113.7024002	-6.2221565	0.1871325
29.8376732	113.7024002	-3.6373885	3.8011293
31.6341438	113.7024002	-2.6432469	3.6724758
33.4306183	113.7024002	-2.0701535	2.5145934
35.2270889	113.7024002	-1.7894547	2.7602048
37.0235634	113.7024002	-2.3625481	4.2923522
38.8200340	113.7024002	-2.0818493	4.2689605
40.6165047	113.7024002	-1.4502771	2.9356415
42.4129791	113.7024002	-2.1637199	2.9356415
44.2094498	113.7024002	-2.1286325	3.7192588
46.0059242	113.7024002	0.6432680	-0.7017469
47.8023949	113.7024002	-1.4151897	2.8771625
49.5988655	113.7024002	-0.1052620	1.0526204
51.3953362	113.7024002	-0.0935663	1.1110994
53.1918106	113.7024002	0.1052620	0.9239668
54.9882851	113.7024002	0.0233916	0.9239668
56.7847557	113.7024002	-0.0935663	0.7602259
58.5812302	113.7024002	0.0000000	0.8070090
60.3776970	113.7024002	0.1871325	0.8654879
62.1741714	113.7024002	0.0000000	0.0000000
63.9706421	113.7024002	0.4327440	1.5321475
65.7671204	113.7024002	0.0000000	0.0000000
67.5635834	113.7024002	0.0000000	0.0000000
69.3600616	113.7024002	-0.0350873	4.4911804
71.1565323	113.7024002	0.0000000	0.0000000
-0.7023520	115.4988708	0.0000000	0.0000000
1.0941203	115.4988708	-1.5672349	1.4970602
2.8905921	115.4988708	0.0000000	0.0000000
4.6870642	115.4988708	0.0000000	0.0000000
6.4835367	115.4988708	0.0000000	0.0000000
8.2800093	115.4988708	0.0000000	0.0000000
10.0764809	115.4988708	0.0233916	1.4853644
11.8729525	115.4988708	-0.0818705	1.4970602
13.6694250	115.4988708	0.0000000	0.0000000
15.4658966	115.4988708	0.0000000	0.0000000
17.2623692	115.4988708	0.0000000	0.0000000
19.0588398	115.4988708	-0.1052620	1.4736686
20.8553123	115.4988708	-0.5964849	1.5906265
22.6517868	115.4988708	0.0000000	0.0000000
24.4482574	115.4988708	0.0000000	0.0000000
26.2447300	115.4988708	-0.0935663	1.6374096
28.0412025	115.4988708	-2.4795060	2.3976355
29.8376732	115.4988708	-2.5613763	3.5321264
31.6341438	115.4988708	-1.1812741	3.2982106
33.4306183	115.4988708	-2.2923734	2.7134216
35.2270889	115.4988708	-1.9531957	3.0175118
37.0235634	115.4988708	-2.1052408	3.6841714
38.8200340	115.4988708	-0.6198765	2.4795060
40.6165047	115.4988708	-0.0233916	2.7602048
42.4129791	115.4988708	-0.9824457	3.6023011
44.2094498	115.4988708	-1.4268855	3.9882619
46.0059242	115.4988708	0.6432680	-0.0350873
47.8023949	115.4988708	0.0000000	0.0000000
49.5988655	115.4988708	0.0584789	0.8888795
51.3953362	115.4988708	0.0818705	0.8187048
53.1918106	115.4988708	0.0935663	0.8420963
54.9882851	115.4988708	0.0350873	0.8537921
56.7847557	115.4988708	0.1754367	0.8537921
58.5812302	115.4988708	0.0818705	0.8537921
60.3776970	115.4988708	0.6549639	1.4619728
62.1741714	115.4988708	0.0000000	0.0000000
63.9706421	115.4988708	0.5380060	0.8654879
65.7671204	115.4988708	0.0000000	0.0000000
67.5635834	115.4988708	0.0000000	0.0000000
69.3600616	115.4988708	0.0000000	0.0000000
71.1565323	115.4988708	0.0000000	0.0000000
-0.7023520	117.2953491	0.0000000	0.0000000
1.0941203	117.2953491	0.0000000	0.0000000
2.8905921	117.2953491	0.0000000	0.0000000
4.6870642	117.2953491	0.0000000	0.0000000
6.4835367	117.2953491	0.0000000	0.0000000
8.2800093	117.2953491	0.0000000	0.0000000
10.0764809	117.2953491	0.0000000	0.0000000
11.8729525	117.2953491	0.0000000	0.0000000
13.6694250	117.2953491	-1.3917981	1.5087559
15.4658966	117.2953491	-0.8888795	1.5087559
17.2623692	117.2953491	0.0000000	0.0000000
19.0588398	117.2953491	0.0000000	0.0000000
20.8553123	117.2953491	-0.4444397	0.0467831
22.6517868	117.2953491	0.0000000	0.0000000
24.4482574	117.2953491	-1.0643163	1.5087559
26.2447300	117.2953491	0.0000000	0.0000000
28.0412025	117.2953491	-1.1578825	2.2338946
29.8376732	117.2953491	-1.3917981	2.7134216
31.6341438	117.2953491	-1.2163614	3.1812530
33.4306183	117.2953491	-0.9473584	2.1754155
35.2270889	117.2953491	-0.8537921	2.3976355
37.0235634	117.2953491	-0.9122710	2.9824245
38.8200340	117.2953491	-0.3859608	2.4678102
40.6165047	117.2953491	-0.1286536	2.2572861
42.4129791	117.2953491	0.3157861	2.6783342
44.2094498	117.2953491	0.8537921	2.9824245
46.0059242	117.2953491	-5.1227527	-1.4502771
47.8023949	117.2953491	0.0000000	0.0000000
49.5988655	117.2953491	0.0350873	1.3216234
51.3953362	117.2953491	0.0935663	1.1110994
53.1918106	117.2953491	0.0233916	0.5613976
54.9882851	117.2953491	0.0467831	1.0526204
56.7847557	117.2953491	0.1052620	1.2163614
58.5812302	117.2953491	0.1403494	1.2046657
60.3776970	117.2953491	0.0584789	1.2514488
62.1741714	117.2953491	0.0935663	1.4853644
63.9706421	117.2953491	0.0000000	0.0000000
65.7671204	117.2953491	0.0000000	0.0000000
67.5635834	117.2953491	0.0000000	0.0000000
69.3600616	117.2953491	0.0000000	0.0000000
71.1565323	117.2953491	0.0000000	0.0000000
-0.7023520	119.0918198	0.0000000	0.0000000
1.0941203	119.0918198	0.0000000	0.0000000
2.8905921	119.0918198	0.0000000	0.0000000
4.6870642	119.0918198	0.0000000	0.0000000
6.4835367	119.0918198	-1.5906265	1.4970602
8.2800093	119.0918198	0.0000000	0.0000000
10.0764809	119.0918198	0.0701747	-2.9941204
11.8729525	119.0918198	0.0000000	0.0000000
13.6694250	119.0918198	0.0000000	0.0000000
15.4658966	119.0918198	0.0350873	2.9824245
17.2623692	119.0918198	0.0000000	0.0000000
19.0588398	119.0918198	0.0000000	0.0000000
20.8553123	119.0918198	0.0000000	0.0000000
22.6517868	119.0918198	0.0000000	0.0000000
24.4482574	119.0918198	0.0000000	0.0000000
26.2447300	119.0918198	0.0701747	-1.4970602
28.0412025	119.0918198	0.0000000	0.0000000
29.8376732	119.0918198	0.0000000	0.0000000
31.6341438	119.0918198	-0.6432680	1.8011506
33.4306183	119.0918198	-0.8187048	1.8947167
35.2270889	119.0918198	-0.3391777	2.1637199
37.0235634	119.0918198	-0.5847892	2.5028975
38.8200340	119.0918198	-0.5029187	2.2923734
40.6165047	119.0918198	-0.2573072	1.9531957
42.4129791	119.0918198	-0.0116958	2.2689819
44.2094498	119.0918198	0.1520452	2.7017257
46.0059242	119.0918198	-1.8245420	1.7660632
47.8023949	119.0918198	0.1520452	1.7543674
49.5988655	119.0918198	0.4561355	1.3801024
51.3953362	119.0918198	0.2222199	1.4385812
53.1918106	119.0918198	0.0701747	1.3450150
54.9882851	119.0918198	0.0935663	1.6257138
56.7847557	119.0918198	0.0818705	1.3801024
58.5812302	119.0918198	-0.0233916	1.3684065
60.3776970	119.0918198	1.2748404	1.9298041
62.1741714	119.0918198	0.0701747	0.0000000
63.9706421	119.0918198	1.0643163	1.2865361
65.7671204	119.0918198	0.5263102	2.9005542
67.5635834	119.0918198	0.0000000	0.0000000
69.3600616	119.0918198	0.0000000	0.0000000
71.1565323	119.0918198	-1.5906265	1.4853644
-0.7023520	120.8882904	0.0000000	0.0000000
1.0941203	120.8882904	0.0000000	0.0000000
2.8905921	120.8882904	0.0000000	0.0000000
4.6870642	120.8882904	0.0000000	0.0000000
6.4835367	120.8882904	0.0000000	0.0000000
8.2800093	120.8882904	0.0000000	0.0000000
10.0764809	120.8882904	0.0000000	0.0000000
11.8729525	120.8882904	0.0818705	1.5087559
13.6694250	120.8882904	0.0584789	1.5204518
15.4658966	120.8882904	0.0000000	0.0000000
17.2623692	120.8882904	0.0000000	0.0000000
19.0588398	120.8882904	0.0000000	0.0000000
20.8553123	120.8882904	1.6374096	-4.4911804
22.6517868	120.8882904	0.0000000	0.0000000
24.4482574	120.8882904	0.0000000	0.0000000
26.2447300	120.8882904	-0.7017469	1.7777590
28.0412025	120.8882904	0.0000000	0.0000000
29.8376732	120.8882904	-1.5555391	2.7835963
31.6341438	120.8882904	-1.2280571	1.9999788
33.4306183	120.8882904	0.0000000	0.0000000
35.2270889	120.8882904	2.6315510	2.0935452
37.0235634	120.8882904	2.5613763	2.1754155
38.8200340	120.8882904	-0.6432680	2.4795060
40.6165047	120.8882904	-0.1637410	1.7075843
42.4129791	120.8882904	-0.1520452	1.6374096
44.2094498	120.8882904	-0.1988283	1.8011506
46.0059242	120.8882904	-0.0584789	2.1169367
47.8023949	120.8882904	0.3508735	1.7075843
49.5988655	120.8882904	0.2923946	2.1052408
51.3953362	120.8882904	0.3040904	2.2689819
53.1918106	120.8882904	0.1403494	1.3917981
54.9882851	120.8882904	0.0818705	1.4736686
56.7847557	120.8882904	0.1286536	1.3684065
58.5812302	120.8882904	0.0584789	1.3801024
60.3776970	120.8882904	0.0000000	0.0000000
62.1741714	120.8882904	0.0000000	0.0000000
63.9706421	120.8882904	1.1929698	1.0175331
65.7671204	120.8882904	-0.0116958	0.8771837
67.5635834	120.8882904	0.0000000	0.0000000
69.3600616	120.8882904	0.0000000	0.0000000
71.1565323	120.8882904	0.0000000	0.0000000
-0.7023520	122.6847610	0.0000000	0.0000000
1.0941203	122.6847610	0.0000000	0.0000000
2.8905921	122.6847610	0.0000000	0.0000000
4.6870642	122.6847610	0.0000000	0.0000000
6.4835367	122.6847610	0.0000000	0.0000000
8.2800093	122.6847610	0.0000000	0.0000000
10.0764809	122.6847610	0.0000000	0.0000000
11.8729525	122.6847610	0.0233916	1.5087559
13.6694250	122.6847610	0.0350873	1.5204518
15.4658966	122.6847610	0.0000000	0.0000000
17.2623692	122.6847610	0.0000000	0.0000000
19.0588398	122.6847610	0.0000000	0.0000000
20.8553123	122.6847610	0.0116958	5.9999366
22.6517868	122.6847610	0.0000000	0.0000000
24.4482574	122.6847610	0.0000000	0.0000000
26.2447300	122.6847610	0.0000000	0.0000000
28.0412025	122.6847610	0.0000000	0.0000000
29.8376732	122.6847610	0.0000000	0.0000000
31.6341438	122.6847610	0.0000000	0.0000000
33.4306183	122.6847610	0.0000000	0.0000000
35.2270889	122.6847610	0.0000000	0.0000000
37.0235634	122.6847610	-0.7953132	1.5204518
38.8200340	122.6847610	-0.8304006	1.5087559
40.6165047	122.6847610	-0.2222199	1.8128463
42.4129791	122.6847610	-0.0818705	1.4619728
44.2094498	122.6847610	-0.1754367	1.5204518
46.0059242	122.6847610	-0.1754367	1.8011506
47.8023949	122.6847610	0.1520452	1.7192800
49.5988655	122.6847610	0.0818705	2.0116746
51.3953362	122.6847610	0.0935663	2.1754155
53.1918106	122.6847610	-0.1169578	1.1110994
54.9882851	122.6847610	0.0000000	0.0000000
56.7847557	122.6847610	0.1052620	1.9882830
58.5812302	122.6847610	0.5263102	3.1461656
60.3776970	122.6847610	0.0000000	0.0000000
62.1741714	122.6847610	0.0000000	0.0000000
63.9706421	122.6847610	0.0000000	0.0000000
65.7671204	122.6847610	0.0000000	0.0000000
67.5635834	122.6847610	0.0000000	0.0000000
69.3600616	122.6847610	0.0000000	0.0000000
71.1565323	122.6847610	0.0000000	0.0000000
-0.7023520	124.4812393	0.0000000	0.0000000
1.0941203	124.4812393	0.0000000	0.0000000
2.8905921	124.4812393	0.0000000	0.0000000
4.6870642	124.4812393	0.0000000	0.0000000
6.4835367	124.4812393	0.0000000	0.0000000
8.2800093	124.4812393	0.0000000	0.0000000
10.0764809	124.4812393	0.0000000	0.0000000
11.8729525	124.4812393	0.0000000	0.0000000
13.6694250	124.4812393	0.0000000	0.0000000
15.4658966	124.4812393	0.0000000	0.0000000
17.2623692	124.4812393	0.0116958	1.8362379
19.0588398	124.4812393	0.0000000	2.1988072
20.8553123	124.4812393	0.0000000	0.0000000
22.6517868	124.4812393	0.0000000	0.0000000
24.4482574	124.4812393	0.0000000	0.0000000
26.2447300	124.4812393	0.0000000	0.0000000
28.0412025	124.4812393	0.0000000	0.0000000
29.8376732	124.4812393	0.0000000	0.0000000
31.6341438	124.4812393	0.0000000	0.0000000
33.4306183	124.4812393	0.0000000	0.0000000
35.2270889	124.4812393	0.0000000	0.0000000
37.0235634	124.4812393	-0.5964849	2.2572861
38.8200340	124.4812393	-0.0584789	2.9239457
40.6165047	124.4812393	0.9473584	-0.0467831
42.4129791	124.4812393	-0.1637410	1.8479337
44.2094498	124.4812393	-0.3391777	1.7075843
46.0059242	124.4812393	-0.7368343	1.4853644
47.8023949	124.4812393	0.0818705	1.6257138
49.5988655	124.4812393	0.1052620	1.5789306
51.3953362	124.4812393	-0.2105241	1.6841927
53.1918106	124.4812393	-0.3040904	1.5321475
54.9882851	124.4812393	-0.2806988	1.5204518
56.7847557	124.4812393	0.0116958	1.4268855
58.5812302	124.4812393	0.4093524	1.7660632
60.3776970	124.4812393	0.0818705	1.6724969
62.1741714	124.4812393	0.0467831	1.4853644
63.9706421	124.4812393	0.0000000	0.0000000
65.7671204	124.4812393	0.0000000	0.0000000
67.5635834	124.4812393	0.0000000	0.0000000
69.3600616	124.4812393	0.0000000	0.0000000
71.1565323	124.4812393	0.0000000	0.0000000
-0.7023520	126.2777023	0.0000000	0.0000000
1.0941203	126.2777023	0.0000000	0.0000000
2.8905921	126.2777023	0.0000000	0.0000000
4.6870642	126.2777023	0.0000000	0.0000000
6.4835367	126.2777023	0.0000000	0.0000000
8.2800093	126.2777023	-0.0935663	1.5087559
10.0764809	126.2777023	0.0000000	0.0000000
11.8729525	126.2777023	0.0000000	0.0000000
13.6694250	126.2777023	0.0000000	0.0000000
15.4658966	126.2777023	0.0000000	0.0000000
17.2623692	126.2777023	0.0116958	1.3917981
19.0588398	126.2777023	0.1520452	1.2514488
20.8553123	126.2777023	0.0000000	0.0000000
22.6517868	126.2777023	0.0000000	0.0000000
24.4482574	126.2777023	0.0000000	0.0000000
26.2447300	126.2777023	2.9941204	0.0000000
28.0412025	126.2777023	0.0000000	0.0000000
29.8376732	126.2777023	0.0000000	0.0000000
31.6341438	126.2777023	0.0000000	0.0000000
33.4306183	126.2777023	0.0000000	0.0000000
35.2270889	126.2777023	-4.3625269	1.4970602
37.0235634	126.2777023	0.0000000	0.0000000
38.8200340	126.2777023	0.0000000	0.0000000
40.6165047	126.2777023	0.0000000	0.0000000
42.4129791	126.2777023	-0.7368343	0.8537921
44.2094498	126.2777023	0.1637410	2.0935452
46.0059242	126.2777023	0.0350873	2.7952921
47.8023949	126.2777023	-0.0818705	1.7543674
49.5988655	126.2777023	-0.1286536	1.4970602
51.3953362	126.2777023	-0.0350873	1.5087559
53.1918106	126.2777023	-0.1754367	2.1988072
54.9882851	126.2777023	-0.1754367	2.1988072
56.7847557	126.2777023	-0.4210482	0.1637410
58.5812302	126.2777023	0.5380060	0.3391777
60.3776970	126.2777023	0.0000000	0.0000000
62.1741714	126.2777023	0.0233916	1.4385812
63.9706421	126.2777023	0.0000000	0.0000000
65.7671204	126.2777023	0.0000000	0.0000000
67.5635834	126.2777023	0.0000000	0.0000000
69.3600616	126.2777023	-0.0467831	-0.0233916
71.1565323	126.2777023	-0.0467831	-0.0350873
-0.7023520	128.0741882	0.0000000	0.0000000
1.0941203	128.0741882	0.0000000	0.0000000
2.8905921	128.0741882	0.0000000	0.0000000
4.6870642	128.0741882	0.0000000	0.0000000
6.4835367	128.0741882	0.0000000	0.0000000
8.2800093	128.0741882	0.0000000	0.0000000
10.0764809	128.0741882	0.0000000	0.0000000
11.8729525	128.0741882	0.0000000	0.0000000
13.6694250	128.0741882	0.0000000	0.0000000
15.4658966	128.0741882	-0.2456114	-1.4853644
17.2623692	128.0741882	0.0000000	0.0000000
19.0588398	128.0741882	1.5672349	0.0000000
20.8553123	128.0741882	0.0000000	0.0000000
22.6517868	128.0741882	0.0000000	0.0000000
24.4482574	128.0741882	0.0000000	0.0000000
26.2447300	128.0741882	0.0000000	0.0000000
28.0412025	128.0741882	0.0000000	0.0000000
29.8376732	128.0741882	0.0000000	0.0000000
31.6341438	128.0741882	0.0000000	0.0000000
33.4306183	128.0741882	0.0000000	0.0000000
35.2270889	128.0741882	0.0000000	0.0000000
37.0235634	128.0741882	0.0000000	0.0000000
38.8200340	128.0741882	-0.7485301	2.0935452
40.6165047	128.0741882	0.0000000	0.0000000
42.4129791	128.0741882	0.0000000	0.0000000
44.2094498	128.0741882	2.9824245	-0.0116958
46.0059242	128.0741882	0.0000000	0.0000000
47.8023949	128.0741882	-0.5380060	1.4970602
49.5988655	128.0741882	-0.1871325	0.9941415
51.3953362	128.0741882	0.0000000	0.0000000
53.1918106	128.0741882	0.0000000	0.0000000
54.9882851	128.0741882	0.0000000	0.0000000
56.7847557	128.0741882	0.0000000	0.0000000
58.5812302	128.0741882	0.0000000	0.0000000
60.3776970	128.0741882	0.0000000	0.0000000
62.1741714	128.0741882	0.0000000	0.0000000
63.9706421	128.0741882	0.0000000	0.0000000
65.7671204	128.0741882	-0.0350873	0.0116958
67.5635834	128.0741882	0.0000000	0.0000000
69.3600616	128.0741882	0.0000000	0.0000000
71.1565323	128.0741882	0.0000000	0.0000000
-0.7023520	129.8706512	0.0000000	0.0000000
1.0941203	129.8706512	0.0000000	0.0000000
2.8905921	129.8706512	0.0000000	0.0000000
4.6870642	129.8706512	0.0000000	0.0000000
6.4835367	129.8706512	0.0000000	0.0000000
8.2800093	129.8706512	0.0000000	0.0000000
10.0764809	129.8706512	0.0000000	0.0000000
11.8729525	129.8706512	0.0000000	0.0000000
13.6694250	129.8706512	0.0000000	0.0000000
15.4658966	129.8706512	0.0000000	0.0000000
17.2623692	129.8706512	0.0000000	0.0000000
19.0588398	129.8706512	0.0000000	0.0000000
20.8553123	129.8706512	0.0000000	0.0000000
22.6517868	129.8706512	0.0000000	0.0000000
24.4482574	129.8706512	0.0000000	0.0000000
26.2447300	129.8706512	0.0000000	0.0000000
28.0412025	129.8706512	0.0000000	0.0000000
29.8376732	129.8706512	0.0000000	0.0000000
31.6341438	129.8706512	0.0000000	0.0000000
33.4306183	129.8706512	0.0000000	0.0000000
35.2270889	129.8706512	-0.2806988	2.9824245
37.0235634	129.8706512	-0.0818705	2.9824245
38.8200340	129.8706512	-0.3274819	2.4795060
40.6165047	129.8706512	-0.3274819	2.4795060
42.4129791	129.8706512	0.0000000	0.0000000
44.2094498	129.8706512	0.0000000	0.0000000
46.0059242	129.8706512	0.0000000	0.0000000
47.8023949	129.8706512	0.0000000	0.0000000
49.5988655	129.8706512	0.0000000	0.0000000
51.3953362	129.8706512	0.0000000	0.0000000
53.1918106	129.8706512	0.0000000	0.0000000
54.9882851	129.8706512	0.0000000	0.0000000
56.7847557	129.8706512	0.0000000	0.0000000
58.5812302	129.8706512	0.0000000	0.0000000
60.3776970	129.8706512	0.1988283	3.0058162
62.1741714	129.8706512	0.0000000	0.0000000
63.9706421	129.8706512	0.0000000	0.0000000
65.7671204	129.8706512	0.0000000	0.0000000
67.5635834	129.8706512	0.0000000	0.0000000
69.3600616	129.8706512	0.0000000	0.0000000
71.1565323	129.8706512	0.0000000	0.0000000
-0.7023520	131.6671295	0.0000000	0.0000000
1.0941203	131.6671295	0.0000000	0.0000000
2.8905921	131.6671295	0.0000000	0.0000000
4.6870642	131.6671295	0.0000000	0.0000000
6.4835367	131.6671295	0.0000000	0.0000000
8.2800093	131.6671295	0.0000000	0.0000000
10.0764809	131.6671295	0.0000000	0.0000000
11.8729525	131.6671295	0.0000000	0.0000000
13.6694250	131.6671295	0.0000000	0.0000000
15.4658966	131.6671295	0.0000000	0.0000000
17.2623692	131.6671295	0.0000000	0.0000000
19.0588398	131.6671295	0.0000000	0.0000000
20.8553123	131.6671295	-1.5321475	0.0000000
22.6517868	131.6671295	1.7192800	0.0000000
24.4482574	131.6671295	0.0000000	0.0000000
26.2447300	131.6671295	0.0000000	0.0000000
28.0412025	131.6671295	0.0000000	0.0000000
29.8376732	131.6671295	0.0000000	0.0000000
31.6341438	131.6671295	0.0000000	0.0000000
33.4306183	131.6671295	0.0000000	0.0000000
35.2270889	131.6671295	0.0000000	0.0000000
37.0235634	131.6671295	0.0000000	0.0000000
38.8200340	131.6671295	0.0000000	0.0000000
40.6165047	131.6671295	-0.9590542	1.4970602
42.4129791	131.6671295	0.0000000	0.0000000
44.2094498	131.6671295	0.0000000	0.0000000
46.0059242	131.6671295	0.0000000	0.0000000
47.8023949	131.6671295	0.0000000	0.0000000
49.5988655	131.6671295	1.7075843	0.0000000
51.3953362	131.6671295	-0.0818705	2.1988072
53.1918106	131.6671295	0.0000000	0.0000000
54.9882851	131.6671295	0.0000000	0.0000000
56.7847557	131.6671295	0.0000000	0.0000000
58.5812302	131.6671295	0.0000000	0.0000000
60.3776970	131.6671295	0.0000000	0.0000000
62.1741714	131.6671295	0.0000000	0.0000000
63.9706421	131.6671295	0.0000000	0.0000000
65.7671204	131.6671295	-0.0233916	-2.9941204
67.5635834	131.6671295	0.0000000	0.0000000
69.3600616	131.6671295	0.0000000	0.0000000
71.1565323	131.6671295	0.0000000	0.0000000
-0.7023520	133.4635925	0.0000000	0.0000000
1.0941203	133.4635925	0.0000000	0.0000000
2.8905921	133.4635925	0.3274819	1.4970602
4.6870642	133.4635925	0.0000000	0.0000000
6.4835367	133.4635925	0.0000000	0.0000000
8.2800093	133.4635925	0.0000000	0.0000000
10.0764809	133.4635925	0.0000000	0.0000000
11.8729525	133.4635925	0.0000000	0.0000000
13.6694250	133.4635925	0.0000000	0.0000000
15.4658966	133.4635925	0.0000000	0.0000000
17.2623692	133.4635925	0.0000000	0.0000000
19.0588398	133.4635925	0.0000000	0.0000000
20.8553123	133.4635925	0.1988283	4.3391352
22.6517868	133.4635925	0.1754367	4.0701323
24.4482574	133.4635925	0.0000000	0.0000000
26.2447300	133.4635925	0.0000000	0.0000000
28.0412025	133.4635925	0.0000000	0.0000000
29.8376732	133.4635925	0.0000000	0.0000000
31.6341438	133.4635925	0.0000000	0.0000000
33.4306183	133.4635925	0.0000000	0.0000000
35.2270889	133.4635925	0.0000000	0.0000000
37.0235634	133.4635925	0.0000000	0.0000000
38.8200340	133.4635925	0.0000000	0.0000000
40.6165047	133.4635925	0.0000000	0.0000000
42.4129791	133.4635925	0.0000000	0.0000000
44.2094498	133.4635925	0.0000000	0.0000000
46.0059242	133.4635925	-0.0818705	3.0175118
47.8023949	133.4635925	-0.0467831	2.9941204
49.5988655	133.4635925	0.3040904	4.4560933
51.3953362	133.4635925	0.0000000	0.0000000
53.1918106	133.4635925	0.0000000	0.0000000
54.9882851	133.4635925	0.0000000	0.0000000
56.7847557	133.4635925	3.0292077	-0.0116958
58.5812302	133.4635925	0.0000000	0.0000000
60.3776970	133.4635925	-2.9941204	-4.4911804
62.1741714	133.4635925	0.0000000	0.0000000
63.9706421	133.4635925	0.0000000	0.0000000
65.7671204	133.4635925	0.0000000	0.0000000
67.5635834	133.4635925	0.0000000	0.0000000
69.3600616	133.4635925	0.0000000	0.0000000
71.1565323	133.4635925	0.0000000	0.0000000
-0.7023520	135.2600555	0.0000000	0.0000000
1.0941203	135.2600555	0.0000000	0.0000000
2.8905921	135.2600555	0.0000000	0.0000000
4.6870642	135.2600555	0.0000000	0.0000000
6.4835367	135.2600555	0.0000000	0.0000000
8.2800093	135.2600555	0.0000000	0.0000000
10.0764809	135.2600555	0.0000000	0.0000000
11.8729525	135.2600555	0.0000000	0.0000000
13.6694250	135.2600555	0.0000000	0.0000000
15.4658966	135.2600555	0.0000000	0.0000000
17.2623692	135.2600555	0.0000000	0.0000000
19.0588398	135.2600555	0.0000000	0.0000000
20.8553123	135.2600555	0.3859608	0.0584789
22.6517868	135.2600555	0.0000000	0.0000000
24.4482574	135.2600555	0.0000000	0.0000000
26.2447300	135.2600555	0.0000000	0.0000000
28.0412025	135.2600555	0.0000000	0.0000000
29.8376732	135.2600555	0.0000000	0.0000000
31.6341438	135.2600555	0.0000000	0.0000000
33.4306183	135.2600555	0.0000000	0.0000000
35.2270889	135.2600555	0.0000000	0.0000000
37.0235634	135.2600555	0.0000000	0.0000000
38.8200340	135.2600555	0.0000000	0.0000000
40.6165047	135.2600555	0.0000000	0.0000000
42.4129791	135.2600555	0.0000000	0.0000000
44.2094498	135.2600555	-0.1520452	2.9941204
46.0059242	135.2600555	0.0000000	0.0000000
47.8023949	135.2600555	0.0000000	0.0000000
49.5988655	135.2600555	-0.3391777	4.4560933
51.3953362	135.2600555	0.0233916	2.9941204
53.1918106	135.2600555	0.0000000	0.0000000
54.9882851	135.2600555	0.0000000	0.0000000
56.7847557	135.2600555	0.0000000	0.0000000
58.5812302	135.2600555	0.0000000	0.0000000
60.3776970	135.2600555	0.0000000	0.0000000
62.1741714	135.2600555	-0.1052620	-1.4970602
63.9706421	135.2600555	0.0000000	0.0000000
65.7671204	135.2600555	0.0000000	0.0000000
67.5635834	135.2600555	0.0000000	0.0000000
69.3600616	135.2600555	0.0000000	0.0000000
71.1565323	135.2600555	0.0000000	0.0000000
-0.7023520	137.0565491	0.0000000	0.0000000
1.0941203	137.0565491	0.0000000	0.0000000
2.8905921	137.0565491	0.0000000	0.0000000
4.6870642	137.0565491	0.0000000	0.0000000
6.4835367	137.0565491	0.0000000	0.0000000
8.2800093	137.0565491	0.0000000	0.0000000
10.0764809	137.0565491	0.0000000	0.0000000
11.8729525	137.0565491	0.0000000	0.0000000
13.6694250	137.0565491	0.0000000	0.0000000
15.4658966	137.0565491	0.0000000	0.0000000
17.2623692	137.0565491	0.0000000	0.0000000
19.0588398	137.0565491	0.0000000	0.0000000
20.8553123	137.0565491	0.0000000	0.0000000
22.6517868	137.0565491	4.5847468	-4.4911804
24.4482574	137.0565491	0.0000000	0.0000000
26.2447300	137.0565491	0.0000000	0.0000000
28.0412025	137.0565491	0.0000000	0.0000000
29.8376732	137.0565491	0.0000000	0.0000000
31.6341438	137.0565491	0.0000000	0.0000000
33.4306183	137.0565491	0.0000000	0.0000000
35.2270889	137.0565491	0.0000000	0.0000000
37.0235634	137.0565491	0.0000000	0.0000000
38.8200340	137.0565491	0.0000000	0.0000000
40.6165047	137.0565491	0.0000000	0.0000000
42.4129791	137.0565491	0.0000000	0.0000000
44.2094498	137.0565491	0.0000000	0.0000000
46.0059242	137.0565491	0.0000000	0.0000000
47.8023949	137.0565491	0.0000000	0.0000000
49.5988655	137.0565491	0.0000000	0.0000000
51.3953362	137.0565491	0.0000000	0.0000000
53.1918106	137.0565491	0.0000000	0.0000000
54.9882851	137.0565491	0.0000000	0.0000000
56.7847557	137.0565491	0.0000000	0.0000000
58.5812302	137.0565491	0.0000000	0.0000000
60.3776970	137.0565491	0.0000000	0.0000000
62.1741714	137.0565491	0.0000000	0.0000000
63.9706421	137.0565491	0.0000000	0.0000000
65.7671204	137.0565491	0.0000000	2.6198554
67.5635834	137.0565491	0.0350873	2.6432469
69.3600616	137.0565491	0.0000000	0.0000000
71.1565323	137.0565491	0.0000000	0.0000000
-0.7023520	138.8530121	0.0000000	0.0000000
1.0941203	138.8530121	0.0000000	0.0000000
2.8905921	138.8530121	0.0000000	0.0000000
4.6870642	138.8530121	0.0000000	0.0000000
6.4835367	138.8530121	0.0000000	0.0000000
8.2800093	138.8530121	4.4677892	-4.4911804
10.0764809	138.8530121	0.0000000	0.0000000
11.8729525	138.8530121	0.0000000	0.0000000
13.6694250	138.8530121	0.0000000	0.0000000
15.4658966	138.8530121	0.0000000	0.0000000
17.2623692	138.8530121	0.0000000	0.0000000
19.0588398	138.8530121	0.0000000	0.0000000
20.8553123	138.8530121	0.0000000	0.0000000
22.6517868	138.8530121	0.0000000	0.0000000
24.4482574	138.8530121	0.0000000	0.0000000
26.2447300	138.8530121	0.0000000	0.0000000
28.0412025	138.8530121	0.0000000	0.0000000
29.8376732	138.8530121	0.0000000	0.0000000
31.6341438	138.8530121	0.0000000	0.0000000
33.4306183	138.8530121	0.0000000	0.0000000
35.2270889	138.8530121	0.0000000	0.0000000
37.0235634	138.8530121	0.0000000	0.0000000
38.8200340	138.8530121	0.0000000	0.0000000
40.6165047	138.8530121	0.0000000	0.0000000
42.4129791	138.8530121	0.0000000	0.0000000
44.2094498	138.8530121	0.0000000	0.0000000
46.0059242	138.8530121	0.0000000	0.0000000
47.8023949	138.8530121	0.0000000	0.0000000
49.5988655	138.8530121	0.0000000	0.0000000
51.3953362	138.8530121	0.5613976	4.4443974
53.1918106	138.8530121	0.0000000	0.0000000
54.9882851	138.8530121	0.0000000	0.0000000
56.7847557	138.8530121	0.0000000	0.0000000
58.5812302	138.8530121	0.0000000	0.0000000
60.3776970	138.8530121	0.0000000	0.0000000
62.1741714	138.8530121	0.0000000	0.0000000
63.9706421	138.8530121	0.0000000	0.0000000
65.7671204	138.8530121	-0.0818705	0.8187048
67.5635834	138.8530121	0.1754367	0.2456114
69.3600616	138.8530121	0.0000000	0.0000000
71.1565323	138.8530121	0.0000000	0.0000000
