Burst/rec/seq: 	0	13	13
Time stamp:  	01/07/13 	10:38:19:545
Elapsed time (ms): 	     133
-0.7023520	65.1976547	0.0000000	0.0000000
1.0941203	65.1976547	0.0000000	0.0000000
2.8905921	65.1976547	0.0350873	-0.5964849
4.6870642	65.1976547	0.0584789	0.0116958
6.4835367	65.1976547	-0.2105241	0.3274819
8.2800093	65.1976547	-0.1754367	-0.0584789
10.0764809	65.1976547	0.0116958	-0.0935663
11.8729525	65.1976547	0.1871325	-0.0467831
13.6694250	65.1976547	0.1520452	-0.0467831
15.4658966	65.1976547	0.7017469	0.0818705
17.2623692	65.1976547	0.6081807	0.3040904
19.0588398	65.1976547	0.6432680	-0.0701747
20.8553123	65.1976547	-0.3508735	-0.7836174
22.6517868	65.1976547	0.1286536	-0.7251385
24.4482574	65.1976547	-0.1637410	-0.3742650
26.2447300	65.1976547	-0.0350873	-0.7953132
28.0412025	65.1976547	0.0116958	-0.7953132
29.8376732	65.1976547	0.1052620	-0.6081807
31.6341438	65.1976547	0.0935663	-0.2105241
33.4306183	65.1976547	0.0350873	0.1169578
35.2270889	65.1976547	0.0000000	0.0000000
37.0235634	65.1976547	-0.5029187	1.1695783
38.8200340	65.1976547	-0.5964849	1.6257138
40.6165047	65.1976547	-0.6432680	1.8128463
42.4129791	65.1976547	-0.5964849	1.8830210
44.2094498	65.1976547	-0.4093524	1.3801024
46.0059242	65.1976547	-0.7134427	1.2046657
47.8023949	65.1976547	-0.0467831	0.7251385
49.5988655	65.1976547	-0.0116958	0.9005753
51.3953362	65.1976547	-0.1286536	0.6549639
53.1918106	65.1976547	-0.4210482	0.6432680
54.9882851	65.1976547	-0.5964849	0.4444397
56.7847557	65.1976547	-0.2573072	0.4678313
58.5812302	65.1976547	-0.1637410	0.1871325
60.3776970	65.1976547	-0.3274819	0.0935663
62.1741714	65.1976547	-0.1871325	0.0935663
63.9706421	65.1976547	-0.4093524	0.0116958
65.7671204	65.1976547	-0.4327440	-0.2456114
67.5635834	65.1976547	-0.1403494	-0.6198765
69.3600616	65.1976547	0.0000000	0.0000000
71.1565323	65.1976547	0.0000000	0.0000000
-0.7023520	66.9941254	0.0000000	0.0000000
1.0941203	66.9941254	0.0000000	0.0000000
2.8905921	66.9941254	0.0233916	-0.6900512
4.6870642	66.9941254	-0.0116958	0.0233916
6.4835367	66.9941254	-0.1637410	0.3976566
8.2800093	66.9941254	0.0000000	0.0000000
10.0764809	66.9941254	0.1754367	-0.1052620
11.8729525	66.9941254	0.1871325	-0.0935663
13.6694250	66.9941254	0.3157861	-0.0467831
15.4658966	66.9941254	0.6432680	-0.1871325
17.2623692	66.9941254	0.6432680	0.1052620
19.0588398	66.9941254	1.0643163	0.0818705
20.8553123	66.9941254	0.3508735	-0.8304006
22.6517868	66.9941254	0.1520452	-0.6900512
24.4482574	66.9941254	0.1988283	-1.0643163
26.2447300	66.9941254	-0.1637410	-1.2163614
28.0412025	66.9941254	0.0000000	-0.8187048
29.8376732	66.9941254	0.0935663	-0.4678313
31.6341438	66.9941254	0.0350873	0.0935663
33.4306183	66.9941254	0.0818705	0.0701747
35.2270889	66.9941254	-0.0350873	1.0175331
37.0235634	66.9941254	0.1286536	1.7309759
38.8200340	66.9941254	-0.2105241	1.6841927
40.6165047	66.9941254	-0.6900512	2.3157649
42.4129791	66.9941254	-0.6549639	1.9999788
44.2094498	66.9941254	-0.7719216	1.5789306
46.0059242	66.9941254	-0.1871325	1.4970602
47.8023949	66.9941254	0.1286536	1.2397530
49.5988655	66.9941254	-0.2339157	0.7368343
51.3953362	66.9941254	-0.5146145	0.5497018
53.1918106	66.9941254	-0.6900512	0.8070090
54.9882851	66.9941254	-0.6081807	0.7368343
56.7847557	66.9941254	-0.0584789	0.8187048
58.5812302	66.9941254	0.1169578	0.4561355
60.3776970	66.9941254	-0.1286536	0.0701747
62.1741714	66.9941254	-0.3508735	0.5146145
63.9706421	66.9941254	-0.1169578	0.5029187
65.7671204	66.9941254	-0.2923946	0.0350873
67.5635834	66.9941254	-0.1052620	-0.0701747
69.3600616	66.9941254	0.0000000	0.0000000
71.1565323	66.9941254	0.0000000	0.0000000
-0.7023520	68.7905960	0.0000000	0.0000000
1.0941203	68.7905960	0.0000000	0.0000000
2.8905921	68.7905960	0.1403494	-0.5964849
4.6870642	68.7905960	0.1169578	0.8420963
6.4835367	68.7905960	0.0584789	0.7017469
8.2800093	68.7905960	0.7017469	-0.0350873
10.0764809	68.7905960	0.0584789	-0.0350873
11.8729525	68.7905960	0.1754367	-0.2339157
13.6694250	68.7905960	0.4561355	-0.3625693
15.4658966	68.7905960	0.6315722	-0.3274819
17.2623692	68.7905960	0.7836174	-0.1286536
19.0588398	68.7905960	1.1695783	-0.2339157
20.8553123	68.7905960	1.4151897	0.0350873
22.6517868	68.7905960	0.5146145	-0.6666596
24.4482574	68.7905960	0.4444397	-0.1169578
26.2447300	68.7905960	0.5847892	-0.3391777
28.0412025	68.7905960	0.3157861	-0.3859608
29.8376732	68.7905960	0.0350873	-0.2456114
31.6341438	68.7905960	0.0701747	0.9941415
33.4306183	68.7905960	-0.6081807	1.4736686
35.2270889	68.7905960	-0.8537921	1.2865361
37.0235634	68.7905960	-0.5730934	1.4502771
38.8200340	68.7905960	-0.2573072	0.5263102
40.6165047	68.7905960	-0.7719216	2.6315510
42.4129791	68.7905960	0.0000000	0.0000000
44.2094498	68.7905960	-0.7953132	1.6841927
46.0059242	68.7905960	-0.1052620	1.5204518
47.8023949	68.7905960	0.2339157	1.5789306
49.5988655	68.7905960	-0.0818705	0.9356626
51.3953362	68.7905960	-0.6432680	0.7251385
53.1918106	68.7905960	-0.6783554	0.7719216
54.9882851	68.7905960	-0.4093524	0.7485301
56.7847557	68.7905960	-0.0350873	0.7953132
58.5812302	68.7905960	-0.1052620	0.5029187
60.3776970	68.7905960	-0.6432680	0.0818705
62.1741714	68.7905960	-0.2105241	0.5146145
63.9706421	68.7905960	-0.3508735	0.3742650
65.7671204	68.7905960	-0.1286536	0.2339157
67.5635834	68.7905960	0.0000000	0.0000000
69.3600616	68.7905960	0.0000000	0.0000000
71.1565323	68.7905960	0.0000000	0.0000000
-0.7023520	70.5870667	0.0000000	0.0000000
1.0941203	70.5870667	0.0000000	0.0000000
2.8905921	70.5870667	0.2339157	0.2339157
4.6870642	70.5870667	0.0350873	0.4093524
6.4835367	70.5870667	0.2339157	0.0584789
8.2800093	70.5870667	0.2806988	0.8420963
10.0764809	70.5870667	0.0935663	0.4795271
11.8729525	70.5870667	0.7485301	-0.5380060
13.6694250	70.5870667	0.6549639	-0.7134427
15.4658966	70.5870667	0.6081807	-0.9005753
17.2623692	70.5870667	0.6666596	-0.7017469
19.0588398	70.5870667	1.0877078	0.0233916
20.8553123	70.5870667	1.3684065	0.3976566
22.6517868	70.5870667	1.5438433	0.2573072
24.4482574	70.5870667	0.2806988	-0.2806988
26.2447300	70.5870667	0.2222199	-0.4093524
28.0412025	70.5870667	0.2339157	-0.6666596
29.8376732	70.5870667	-0.1169578	-0.8420963
31.6341438	70.5870667	0.0116958	1.5906265
33.4306183	70.5870667	-0.2573072	1.3333192
35.2270889	70.5870667	-0.6315722	0.7953132
37.0235634	70.5870667	-0.7485301	1.4268855
38.8200340	70.5870667	-0.6549639	0.8187048
40.6165047	70.5870667	-0.8070090	2.7134216
42.4129791	70.5870667	-0.7953132	2.7134216
44.2094498	70.5870667	-0.2339157	2.2806776
46.0059242	70.5870667	-0.1871325	1.5438433
47.8023949	70.5870667	0.0116958	1.8128463
49.5988655	70.5870667	-0.1520452	1.1344910
51.3953362	70.5870667	-0.7017469	1.1461867
53.1918106	70.5870667	-0.7485301	0.9122710
54.9882851	70.5870667	-0.2806988	0.4327440
56.7847557	70.5870667	-0.3274819	-0.0584789
58.5812302	70.5870667	-0.6315722	0.1637410
60.3776970	70.5870667	-0.5847892	0.1520452
62.1741714	70.5870667	-0.4912229	0.2105241
63.9706421	70.5870667	-0.4678313	0.2690030
65.7671204	70.5870667	-0.3508735	0.2222199
67.5635834	70.5870667	0.0000000	0.0000000
69.3600616	70.5870667	0.0000000	0.0000000
71.1565323	70.5870667	0.0000000	0.0000000
-0.7023520	72.3835449	0.0000000	0.0000000
1.0941203	72.3835449	0.0000000	0.0000000
2.8905921	72.3835449	0.0584789	0.8420963
4.6870642	72.3835449	0.1403494	0.8070090
6.4835367	72.3835449	0.1286536	1.0526204
8.2800093	72.3835449	0.8654879	0.1754367
10.0764809	72.3835449	0.6666596	0.0000000
11.8729525	72.3835449	0.6198765	-0.6666596
13.6694250	72.3835449	0.5730934	-0.8888795
15.4658966	72.3835449	0.1988283	-0.7602259
17.2623692	72.3835449	0.1403494	-0.8420963
19.0588398	72.3835449	1.0058373	0.1169578
20.8553123	72.3835449	0.7953132	0.3859608
22.6517868	72.3835449	0.7251385	-0.1637410
24.4482574	72.3835449	-0.0584789	-0.3976566
26.2447300	72.3835449	0.0350873	-0.4912229
28.0412025	72.3835449	0.1052620	-0.6432680
29.8376732	72.3835449	-0.0935663	-0.1871325
31.6341438	72.3835449	0.0000000	0.0000000
33.4306183	72.3835449	-0.4561355	2.2105029
35.2270889	72.3835449	-0.6432680	1.5321475
37.0235634	72.3835449	-0.9473584	1.4853644
38.8200340	72.3835449	-0.7251385	1.2514488
40.6165047	72.3835449	-0.5380060	1.2046657
42.4129791	72.3835449	-0.7602259	1.4034939
44.2094498	72.3835449	-0.2456114	1.5672349
46.0059242	72.3835449	-0.0818705	1.6724969
47.8023949	72.3835449	-0.4678313	2.0701535
49.5988655	72.3835449	-0.7602259	1.3216234
51.3953362	72.3835449	-0.6783554	1.4736686
53.1918106	72.3835449	-0.5964849	1.3684065
54.9882851	72.3835449	-0.2339157	0.6081807
56.7847557	72.3835449	0.0000000	0.0000000
58.5812302	72.3835449	-0.3508735	0.2456114
60.3776970	72.3835449	-0.4795271	0.1520452
62.1741714	72.3835449	-0.6666596	0.2456114
63.9706421	72.3835449	-0.1637410	0.5029187
65.7671204	72.3835449	-0.5613976	0.2339157
67.5635834	72.3835449	0.2105241	0.7719216
69.3600616	72.3835449	0.0000000	0.0000000
71.1565323	72.3835449	0.0000000	0.0000000
-0.7023520	74.1800156	0.0000000	0.0000000
1.0941203	74.1800156	0.0000000	0.0000000
2.8905921	74.1800156	0.0584789	1.0175331
4.6870642	74.1800156	0.2806988	1.1110994
6.4835367	74.1800156	0.0701747	1.1695783
8.2800093	74.1800156	0.6666596	0.4912229
10.0764809	74.1800156	0.7836174	0.4678313
11.8729525	74.1800156	0.5730934	-0.1403494
13.6694250	74.1800156	0.1988283	-0.3859608
15.4658966	74.1800156	0.4912229	-0.9005753
17.2623692	74.1800156	0.2339157	-0.6432680
19.0588398	74.1800156	0.2690030	0.1169578
20.8553123	74.1800156	0.3508735	0.2690030
22.6517868	74.1800156	0.0818705	-0.3274819
24.4482574	74.1800156	-0.4912229	-0.1169578
26.2447300	74.1800156	0.0116958	-0.4912229
28.0412025	74.1800156	0.1403494	-0.2923946
29.8376732	74.1800156	-0.0350873	0.0584789
31.6341438	74.1800156	-0.4327440	0.1754367
33.4306183	74.1800156	-0.2573072	2.3859396
35.2270889	74.1800156	-0.5847892	1.8128463
37.0235634	74.1800156	-0.5730934	1.8011506
38.8200340	74.1800156	-0.3508735	1.2514488
40.6165047	74.1800156	-0.1520452	1.0877078
42.4129791	74.1800156	-0.6081807	1.4385812
44.2094498	74.1800156	-0.0233916	1.4502771
46.0059242	74.1800156	-0.6666596	1.9765873
47.8023949	74.1800156	-0.7251385	1.6724969
49.5988655	74.1800156	-0.8420963	1.4970602
51.3953362	74.1800156	-0.7134427	1.5438433
53.1918106	74.1800156	-0.5263102	1.5204518
54.9882851	74.1800156	-0.4795271	0.6900512
56.7847557	74.1800156	-0.6198765	0.5613976
58.5812302	74.1800156	-0.2923946	0.1871325
60.3776970	74.1800156	-0.7134427	0.5146145
62.1741714	74.1800156	-0.2806988	0.6783554
63.9706421	74.1800156	-0.1637410	0.7602259
65.7671204	74.1800156	0.0000000	0.0000000
67.5635834	74.1800156	0.0000000	0.0000000
69.3600616	74.1800156	0.0000000	0.0000000
71.1565323	74.1800156	0.0000000	0.0000000
-0.7023520	75.9764862	0.0000000	0.0000000
1.0941203	75.9764862	0.0000000	0.0000000
2.8905921	75.9764862	0.0584789	1.1461867
4.6870642	75.9764862	0.1052620	1.2631445
6.4835367	75.9764862	0.1052620	1.0058373
8.2800093	75.9764862	0.5964849	0.7485301
10.0764809	75.9764862	0.6783554	0.8537921
11.8729525	75.9764862	0.6666596	-0.1637410
13.6694250	75.9764862	0.5380060	-0.3391777
15.4658966	75.9764862	0.9707500	-0.4444397
17.2623692	75.9764862	0.4912229	-0.4795271
19.0588398	75.9764862	-0.1403494	-0.1637410
20.8553123	75.9764862	-0.0116958	0.0701747
22.6517868	75.9764862	0.1637410	-0.4561355
24.4482574	75.9764862	0.6315722	-0.7485301
26.2447300	75.9764862	0.6081807	-0.7251385
28.0412025	75.9764862	0.0935663	-0.0818705
29.8376732	75.9764862	0.0467831	0.2690030
31.6341438	75.9764862	0.0000000	0.0000000
33.4306183	75.9764862	-0.9707500	1.3099277
35.2270889	75.9764862	-0.8420963	1.6257138
37.0235634	75.9764862	-0.2923946	1.3450150
38.8200340	75.9764862	-0.5730934	1.4151897
40.6165047	75.9764862	-0.7251385	1.1695783
42.4129791	75.9764862	-0.7602259	1.4385812
44.2094498	75.9764862	-0.5380060	1.5204518
46.0059242	75.9764862	-0.6081807	2.2221987
47.8023949	75.9764862	-0.5263102	1.6608012
49.5988655	75.9764862	-1.0877078	1.4385812
51.3953362	75.9764862	-0.8771837	1.4736686
53.1918106	75.9764862	-0.2456114	1.6608012
54.9882851	75.9764862	-0.1169578	0.3859608
56.7847557	75.9764862	-0.8070090	0.8304006
58.5812302	75.9764862	-1.1929698	0.4912229
60.3776970	75.9764862	-0.6900512	0.6315722
62.1741714	75.9764862	-0.3391777	0.6900512
63.9706421	75.9764862	-0.2222199	0.3976566
65.7671204	75.9764862	0.2690030	0.1754367
67.5635834	75.9764862	0.0000000	0.0000000
69.3600616	75.9764862	0.0000000	0.0000000
71.1565323	75.9764862	0.0000000	0.0000000
-0.7023520	77.7729568	0.0000000	0.0000000
1.0941203	77.7729568	0.0000000	0.0000000
2.8905921	77.7729568	0.0000000	0.0000000
4.6870642	77.7729568	0.2222199	1.2748404
6.4835367	77.7729568	0.0584789	1.8479337
8.2800093	77.7729568	0.2456114	2.0584579
10.0764809	77.7729568	0.8187048	0.5964849
11.8729525	77.7729568	0.6198765	0.0000000
13.6694250	77.7729568	0.6666596	-0.3742650
15.4658966	77.7729568	0.8537921	-0.2105241
17.2623692	77.7729568	0.6198765	-0.3274819
19.0588398	77.7729568	0.3274819	-0.0116958
20.8553123	77.7729568	0.6315722	-0.6081807
22.6517868	77.7729568	0.3859608	-0.8771837
24.4482574	77.7729568	0.3157861	-0.5497018
26.2447300	77.7729568	-0.0584789	-0.1754367
28.0412025	77.7729568	0.1169578	0.1286536
29.8376732	77.7729568	0.1052620	0.7485301
31.6341438	77.7729568	0.0000000	0.0000000
33.4306183	77.7729568	-1.3450150	0.7719216
35.2270889	77.7729568	-0.9356626	1.1695783
37.0235634	77.7729568	-0.7836174	1.2982318
38.8200340	77.7729568	-0.7368343	1.3333192
40.6165047	77.7729568	-0.6783554	1.3216234
42.4129791	77.7729568	-0.6783554	1.6374096
44.2094498	77.7729568	-0.7134427	1.6608012
46.0059242	77.7729568	-1.4151897	2.1286325
47.8023949	77.7729568	-1.7894547	1.4034939
49.5988655	77.7729568	-1.4385812	1.2748404
51.3953362	77.7729568	-0.4561355	0.2923946
53.1918106	77.7729568	-0.5029187	0.3040904
54.9882851	77.7729568	-0.4561355	0.1520452
56.7847557	77.7729568	-0.7134427	0.3274819
58.5812302	77.7729568	-0.5146145	0.7836174
60.3776970	77.7729568	-0.6783554	0.8771837
62.1741714	77.7729568	-0.0233916	0.3625693
63.9706421	77.7729568	-0.6783554	-0.0584789
65.7671204	77.7729568	-0.1754367	-0.1286536
67.5635834	77.7729568	-0.0584789	-0.3040904
69.3600616	77.7729568	0.0000000	0.0000000
71.1565323	77.7729568	0.0000000	0.0000000
-0.7023520	79.5694275	0.0000000	0.0000000
1.0941203	79.5694275	0.0000000	0.0000000
2.8905921	79.5694275	0.0116958	-1.4151897
4.6870642	79.5694275	0.0116958	1.2865361
6.4835367	79.5694275	0.1286536	0.4678313
8.2800093	79.5694275	0.6081807	0.0584789
10.0764809	79.5694275	0.8070090	0.1286536
11.8729525	79.5694275	0.3976566	-0.0467831
13.6694250	79.5694275	0.3274819	-0.5263102
15.4658966	79.5694275	0.4093524	-0.5497018
17.2623692	79.5694275	0.4327440	-0.1871325
19.0588398	79.5694275	-0.0584789	-0.4444397
20.8553123	79.5694275	-0.7017469	-0.1403494
22.6517868	79.5694275	-0.7368343	-0.2923946
24.4482574	79.5694275	-0.7017469	-0.1403494
26.2447300	79.5694275	-0.6900512	-0.1403494
28.0412025	79.5694275	-0.5613976	-0.0467831
29.8376732	79.5694275	-0.3157861	0.7836174
31.6341438	79.5694275	-0.0116958	1.9882830
33.4306183	79.5694275	-0.5380060	0.9473584
35.2270889	79.5694275	-0.6783554	0.9239668
37.0235634	79.5694275	-0.6900512	1.5321475
38.8200340	79.5694275	-0.5730934	1.3333192
40.6165047	79.5694275	-0.0116958	0.6666596
42.4129791	79.5694275	-0.2456114	1.1695783
44.2094498	79.5694275	-1.2280571	2.1988072
46.0059242	79.5694275	-1.7192800	2.1754155
47.8023949	79.5694275	-1.4736686	0.5613976
49.5988655	79.5694275	-0.8187048	-0.0584789
51.3953362	79.5694275	-1.5204518	0.0467831
53.1918106	79.5694275	-1.5321475	0.4561355
54.9882851	79.5694275	-1.1110994	0.2923946
56.7847557	79.5694275	-0.6432680	0.4561355
58.5812302	79.5694275	-0.3391777	0.4561355
60.3776970	79.5694275	0.0233916	0.3391777
62.1741714	79.5694275	0.0000000	0.4210482
63.9706421	79.5694275	-0.6783554	0.1520452
65.7671204	79.5694275	-0.5029187	-0.0701747
67.5635834	79.5694275	-0.0701747	-0.0701747
69.3600616	79.5694275	0.0000000	0.0000000
71.1565323	79.5694275	0.0000000	0.0000000
-0.7023520	81.3659058	0.0000000	0.0000000
1.0941203	81.3659058	0.0000000	-1.4853644
2.8905921	81.3659058	0.0233916	1.4385812
4.6870642	81.3659058	0.0935663	1.2982318
6.4835367	81.3659058	0.1754367	0.1754367
8.2800093	81.3659058	0.6549639	0.0350873
10.0764809	81.3659058	0.7251385	0.1520452
11.8729525	81.3659058	0.5146145	-0.1988283
13.6694250	81.3659058	0.2573072	-0.4093524
15.4658966	81.3659058	-0.0935663	-0.6900512
17.2623692	81.3659058	-0.6432680	-0.0935663
19.0588398	81.3659058	-0.2806988	-0.2456114
20.8553123	81.3659058	-0.5263102	-0.4561355
22.6517868	81.3659058	-0.7251385	-0.3040904
24.4482574	81.3659058	0.0584789	-0.5613976
26.2447300	81.3659058	-0.0467831	-0.4912229
28.0412025	81.3659058	-0.0935663	-0.4327440
29.8376732	81.3659058	-0.5964849	1.5672349
31.6341438	81.3659058	0.2806988	2.3157649
33.4306183	81.3659058	0.1520452	2.1403282
35.2270889	81.3659058	-0.6432680	1.2046657
37.0235634	81.3659058	-0.4444397	1.5321475
38.8200340	81.3659058	-0.4561355	0.1754367
40.6165047	81.3659058	-0.2806988	0.1988283
42.4129791	81.3659058	-0.2806988	1.3801024
44.2094498	81.3659058	-0.3157861	1.1578825
46.0059242	81.3659058	-0.5146145	1.5789306
47.8023949	81.3659058	-0.9707500	0.3391777
49.5988655	81.3659058	-1.2397530	-0.1052620
51.3953362	81.3659058	-1.5789306	-0.0584789
53.1918106	81.3659058	-1.5438433	0.0701747
54.9882851	81.3659058	-1.3567108	-0.0233916
56.7847557	81.3659058	-0.7953132	0.3391777
58.5812302	81.3659058	-0.6783554	0.6081807
60.3776970	81.3659058	-0.5964849	0.4210482
62.1741714	81.3659058	-0.1988283	0.1988283
63.9706421	81.3659058	-0.8420963	0.1988283
65.7671204	81.3659058	-0.6783554	0.0584789
67.5635834	81.3659058	-0.0233916	-0.5029187
69.3600616	81.3659058	0.0000000	0.0000000
71.1565323	81.3659058	0.0000000	0.0000000
-0.7023520	83.1623764	0.0000000	0.0000000
1.0941203	83.1623764	0.0000000	0.0000000
2.8905921	83.1623764	-0.0467831	1.4619728
4.6870642	83.1623764	0.0935663	1.5906265
6.4835367	83.1623764	0.1871325	0.8888795
8.2800093	83.1623764	0.5613976	0.4093524
10.0764809	83.1623764	0.7836174	0.2573072
11.8729525	83.1623764	0.1637410	-0.1988283
13.6694250	83.1623764	0.1871325	-0.4210482
15.4658966	83.1623764	-0.5613976	-0.0233916
17.2623692	83.1623764	-0.5146145	-0.1637410
19.0588398	83.1623764	-0.2923946	-0.3157861
20.8553123	83.1623764	-0.1169578	-0.5964849
22.6517868	83.1623764	-0.1988283	-0.2690030
24.4482574	83.1623764	-0.0233916	-0.2690030
26.2447300	83.1623764	0.0818705	-0.3274819
28.0412025	83.1623764	-0.1286536	-0.2222199
29.8376732	83.1623764	0.0935663	0.0818705
31.6341438	83.1623764	-0.1520452	2.1637199
33.4306183	83.1623764	-0.0233916	2.2923734
35.2270889	83.1623764	-0.0467831	1.5906265
37.0235634	83.1623764	-0.0116958	0.8537921
38.8200340	83.1623764	-0.6666596	-0.1169578
40.6165047	83.1623764	-0.4444397	0.1988283
42.4129791	83.1623764	-0.3508735	1.3333192
44.2094498	83.1623764	0.0000000	0.0000000
46.0059242	83.1623764	-0.6549639	2.0467620
47.8023949	83.1623764	0.0000000	0.0000000
49.5988655	83.1623764	-0.1754367	0.7836174
51.3953362	83.1623764	-1.4385812	-0.0467831
53.1918106	83.1623764	-1.7660632	-0.1871325
54.9882851	83.1623764	-1.6257138	-0.1637410
56.7847557	83.1623764	-1.2280571	-0.1520452
58.5812302	83.1623764	-1.0058373	0.1871325
60.3776970	83.1623764	-1.4268855	0.5380060
62.1741714	83.1623764	-0.7602259	0.5146145
63.9706421	83.1623764	-0.7017469	0.5029187
65.7671204	83.1623764	-0.2222199	-0.4444397
67.5635834	83.1623764	-0.0818705	-0.6432680
69.3600616	83.1623764	0.0000000	0.0000000
71.1565323	83.1623764	0.0000000	0.0000000
-0.7023520	84.9588547	0.0000000	0.0000000
1.0941203	84.9588547	0.0000000	0.0000000
2.8905921	84.9588547	-0.0233916	0.9824457
4.6870642	84.9588547	0.0701747	1.3216234
6.4835367	84.9588547	0.0818705	1.1695783
8.2800093	84.9588547	0.5029187	0.4795271
10.0764809	84.9588547	0.7251385	0.4678313
11.8729525	84.9588547	0.0818705	0.0350873
13.6694250	84.9588547	0.1286536	-0.0350873
15.4658966	84.9588547	0.0000000	-0.0935663
17.2623692	84.9588547	-0.1637410	-0.1286536
19.0588398	84.9588547	-0.0818705	-0.1052620
20.8553123	84.9588547	-0.1169578	0.0000000
22.6517868	84.9588547	-0.1052620	-0.0467831
24.4482574	84.9588547	0.0233916	-0.1403494
26.2447300	84.9588547	0.1520452	-0.1052620
28.0412025	84.9588547	0.0818705	-0.0935663
29.8376732	84.9588547	0.1637410	0.6900512
31.6341438	84.9588547	0.1169578	1.6257138
33.4306183	84.9588547	-0.0116958	1.6608012
35.2270889	84.9588547	-0.1754367	1.3801024
37.0235634	84.9588547	-0.0584789	0.7485301
38.8200340	84.9588547	-0.8304006	0.1052620
40.6165047	84.9588547	-0.8654879	0.0935663
42.4129791	84.9588547	-0.1637410	1.4151897
44.2094498	84.9588547	0.0000000	0.0000000
46.0059242	84.9588547	0.0000000	0.0000000
47.8023949	84.9588547	-0.1169578	1.6257138
49.5988655	84.9588547	-0.5029187	0.0467831
51.3953362	84.9588547	-1.2163614	-0.2222199
53.1918106	84.9588547	-1.5438433	-0.1052620
54.9882851	84.9588547	-2.0116746	-0.0701747
56.7847557	84.9588547	-1.5087559	-0.3391777
58.5812302	84.9588547	-1.2982318	-0.2690030
60.3776970	84.9588547	-1.0760120	0.0233916
62.1741714	84.9588547	-1.4151897	0.5730934
63.9706421	84.9588547	-0.7017469	0.0000000
65.7671204	84.9588547	-0.4093524	0.0000000
67.5635834	84.9588547	0.0000000	0.0000000
69.3600616	84.9588547	0.0000000	0.0000000
71.1565323	84.9588547	0.0000000	0.0000000
-0.7023520	86.7553177	0.0000000	0.0000000
1.0941203	86.7553177	0.0000000	0.0000000
2.8905921	86.7553177	0.0000000	0.0000000
4.6870642	86.7553177	0.1052620	1.3801024
6.4835367	86.7553177	0.1988283	1.3099277
8.2800093	86.7553177	0.3742650	0.4093524
10.0764809	86.7553177	0.6783554	0.6666596
11.8729525	86.7553177	0.7368343	0.1286536
13.6694250	86.7553177	0.6081807	-0.1754367
15.4658966	86.7553177	0.4327440	-0.2923946
17.2623692	86.7553177	-0.1052620	-0.1052620
19.0588398	86.7553177	-0.0818705	-0.1637410
20.8553123	86.7553177	-0.1637410	-0.0584789
22.6517868	86.7553177	0.0701747	0.1052620
24.4482574	86.7553177	0.2222199	0.1754367
26.2447300	86.7553177	0.1871325	0.0584789
28.0412025	86.7553177	-0.0116958	0.1052620
29.8376732	86.7553177	-0.4912229	0.4444397
31.6341438	86.7553177	-0.5964849	1.5438433
33.4306183	86.7553177	-0.2806988	1.8479337
35.2270889	86.7553177	-0.1754367	2.1169367
37.0235634	86.7553177	-0.0116958	2.3157649
38.8200340	86.7553177	-0.7836174	0.5497018
40.6165047	86.7553177	-1.5789306	0.5380060
42.4129791	86.7553177	-1.2865361	1.4970602
44.2094498	86.7553177	-0.8771837	2.5613763
46.0059242	86.7553177	-0.6315722	2.1286325
47.8023949	86.7553177	-0.0467831	2.3274608
49.5988655	86.7553177	-0.1403494	0.5730934
51.3953362	86.7553177	-0.3859608	-0.0233916
53.1918106	86.7553177	-1.3801024	-0.1520452
54.9882851	86.7553177	-1.8011506	-0.1169578
56.7847557	86.7553177	-1.4151897	-0.3859608
58.5812302	86.7553177	-1.8479337	-0.6315722
60.3776970	86.7553177	-1.5672349	-0.3508735
62.1741714	86.7553177	-1.2982318	-0.0935663
63.9706421	86.7553177	-0.5146145	0.0233916
65.7671204	86.7553177	-0.3040904	0.0935663
67.5635834	86.7553177	0.0000000	0.0000000
69.3600616	86.7553177	0.0000000	0.0000000
71.1565323	86.7553177	0.0000000	0.0000000
-0.7023520	88.5517883	0.0000000	0.0000000
1.0941203	88.5517883	0.0000000	0.0000000
2.8905921	88.5517883	0.0000000	0.0000000
4.6870642	88.5517883	0.0701747	1.5789306
6.4835367	88.5517883	0.1871325	1.5672349
8.2800093	88.5517883	0.4444397	0.4561355
10.0764809	88.5517883	0.6315722	0.6549639
11.8729525	88.5517883	0.8070090	0.2222199
13.6694250	88.5517883	0.5847892	0.0000000
15.4658966	88.5517883	0.2339157	0.3274819
17.2623692	88.5517883	-0.1637410	0.4912229
19.0588398	88.5517883	-0.1520452	0.2806988
20.8553123	88.5517883	-0.4093524	0.3625693
22.6517868	88.5517883	-0.1520452	0.0935663
24.4482574	88.5517883	0.1403494	0.1988283
26.2447300	88.5517883	-0.0116958	0.3508735
28.0412025	88.5517883	-0.0935663	0.3040904
29.8376732	88.5517883	-0.7602259	0.3625693
31.6341438	88.5517883	-0.1403494	0.7485301
33.4306183	88.5517883	-0.1520452	0.6081807
35.2270889	88.5517883	-0.4210482	-0.1637410
37.0235634	88.5517883	0.1403494	0.0350873
38.8200340	88.5517883	-0.2806988	1.4034939
40.6165047	88.5517883	-1.3801024	0.5029187
42.4129791	88.5517883	-1.0409247	0.7485301
44.2094498	88.5517883	-0.9239668	0.5613976
46.0059242	88.5517883	-1.2046657	0.8304006
47.8023949	88.5517883	-0.0116958	1.9298041
49.5988655	88.5517883	-0.2339157	0.5029187
51.3953362	88.5517883	-0.3157861	-0.0467831
53.1918106	88.5517883	-0.9356626	-0.1871325
54.9882851	88.5517883	-1.5555391	-0.2105241
56.7847557	88.5517883	-1.5204518	-0.4327440
58.5812302	88.5517883	-1.6140180	-0.5029187
60.3776970	88.5517883	-1.5087559	-0.4210482
62.1741714	88.5517883	-0.7836174	-0.0233916
63.9706421	88.5517883	-0.1637410	-0.0818705
65.7671204	88.5517883	0.0000000	-0.1988283
67.5635834	88.5517883	0.0000000	0.0000000
69.3600616	88.5517883	0.0000000	0.0000000
71.1565323	88.5517883	0.0000000	0.0000000
-0.7023520	90.3482666	0.0000000	0.0000000
1.0941203	90.3482666	0.0000000	0.0000000
2.8905921	90.3482666	0.0000000	0.0000000
4.6870642	90.3482666	0.0701747	1.2748404
6.4835367	90.3482666	0.1520452	1.3917981
8.2800093	90.3482666	0.4327440	0.6549639
10.0764809	90.3482666	0.6432680	0.5847892
11.8729525	90.3482666	0.5029187	0.0233916
13.6694250	90.3482666	0.1169578	0.2573072
15.4658966	90.3482666	-0.0701747	0.6081807
17.2623692	90.3482666	0.0000000	0.7134427
19.0588398	90.3482666	-0.1052620	0.2456114
20.8553123	90.3482666	-0.6666596	0.3976566
22.6517868	90.3482666	-0.5497018	0.1052620
24.4482574	90.3482666	-0.2923946	0.1637410
26.2447300	90.3482666	-0.0350873	0.3625693
28.0412025	90.3482666	-0.1169578	0.4912229
29.8376732	90.3482666	-0.2690030	0.8304006
31.6341438	90.3482666	-0.0116958	0.5847892
33.4306183	90.3482666	0.2690030	0.6081807
35.2270889	90.3482666	-0.1988283	0.9005753
37.0235634	90.3482666	0.0000000	0.9824457
38.8200340	90.3482666	0.0935663	1.2397530
40.6165047	90.3482666	-0.2806988	0.8304006
42.4129791	90.3482666	-0.6198765	0.3625693
44.2094498	90.3482666	-0.7368343	0.0935663
46.0059242	90.3482666	-0.7836174	0.2573072
47.8023949	90.3482666	-0.3391777	0.7134427
49.5988655	90.3482666	-0.4093524	0.2105241
51.3953362	90.3482666	-0.2105241	-0.2573072
53.1918106	90.3482666	-0.8420963	-0.0701747
54.9882851	90.3482666	-1.2982318	-0.1637410
56.7847557	90.3482666	-1.8479337	-0.2456114
58.5812302	90.3482666	-1.5906265	-0.2923946
60.3776970	90.3482666	-1.1695783	-0.1052620
62.1741714	90.3482666	-0.5497018	0.0584789
63.9706421	90.3482666	-0.5964849	-0.0116958
65.7671204	90.3482666	0.0000000	-0.0701747
67.5635834	90.3482666	0.0000000	0.0000000
69.3600616	90.3482666	0.0000000	0.0000000
71.1565323	90.3482666	0.0000000	0.0000000
-0.7023520	92.1447372	0.0000000	0.0000000
1.0941203	92.1447372	0.0000000	0.0000000
2.8905921	92.1447372	0.0116958	1.6841927
4.6870642	92.1447372	-0.0233916	1.3216234
6.4835367	92.1447372	0.0584789	1.1812741
8.2800093	92.1447372	0.1169578	0.7836174
10.0764809	92.1447372	0.4912229	0.2573072
11.8729525	92.1447372	0.0000000	-0.0233916
13.6694250	92.1447372	-0.1988283	0.5146145
15.4658966	92.1447372	-0.1403494	0.6900512
17.2623692	92.1447372	0.0116958	0.6432680
19.0588398	92.1447372	-0.1520452	0.4561355
20.8553123	92.1447372	-0.4912229	0.6315722
22.6517868	92.1447372	-0.5263102	0.3391777
24.4482574	92.1447372	-0.3274819	0.2923946
26.2447300	92.1447372	-0.2456114	0.1988283
28.0412025	92.1447372	-0.0701747	0.1286536
29.8376732	92.1447372	0.0116958	0.1871325
31.6341438	92.1447372	0.0701747	-0.0935663
33.4306183	92.1447372	-0.1988283	0.8070090
35.2270889	92.1447372	-0.1988283	0.7953132
37.0235634	92.1447372	-0.3040904	0.4795271
38.8200340	92.1447372	-0.3274819	0.7836174
40.6165047	92.1447372	-0.5380060	1.2865361
42.4129791	92.1447372	-0.2456114	0.4678313
44.2094498	92.1447372	-0.4561355	0.2339157
46.0059242	92.1447372	-0.2573072	0.1871325
47.8023949	92.1447372	-0.7485301	0.0233916
49.5988655	92.1447372	-0.6315722	-0.0818705
51.3953362	92.1447372	-0.7368343	-0.2222199
53.1918106	92.1447372	-1.4502771	-0.0116958
54.9882851	92.1447372	-1.4385812	0.0116958
56.7847557	92.1447372	-1.6257138	0.0000000
58.5812302	92.1447372	-1.0643163	-0.1754367
60.3776970	92.1447372	-0.8304006	0.0701747
62.1741714	92.1447372	-0.7017469	-0.0584789
63.9706421	92.1447372	-0.4795271	-0.0701747
65.7671204	92.1447372	-0.2573072	0.0116958
67.5635834	92.1447372	-0.0116958	0.6666596
69.3600616	92.1447372	0.0000000	0.0000000
71.1565323	92.1447372	0.0000000	0.0000000
-0.7023520	93.9412079	0.0000000	0.0000000
1.0941203	93.9412079	0.0000000	0.0000000
2.8905921	93.9412079	0.0000000	1.4853644
4.6870642	93.9412079	-0.0701747	1.3450150
6.4835367	93.9412079	0.1520452	1.0643163
8.2800093	93.9412079	-0.0233916	0.5380060
10.0764809	93.9412079	-0.1520452	-0.0467831
11.8729525	93.9412079	0.0000000	0.0584789
13.6694250	93.9412079	-0.0818705	0.5380060
15.4658966	93.9412079	-0.1403494	0.9005753
17.2623692	93.9412079	-0.0584789	0.8654879
19.0588398	93.9412079	-0.0233916	0.2806988
20.8553123	93.9412079	0.0467831	0.1403494
22.6517868	93.9412079	-0.4678313	0.5964849
24.4482574	93.9412079	-0.2573072	0.5029187
26.2447300	93.9412079	-0.0584789	0.4327440
28.0412025	93.9412079	-0.2105241	-0.0584789
29.8376732	93.9412079	-0.1403494	-0.1871325
31.6341438	93.9412079	0.0818705	-0.1052620
33.4306183	93.9412079	-0.2105241	0.5497018
35.2270889	93.9412079	-0.4210482	1.0877078
37.0235634	93.9412079	-0.5497018	0.2573072
38.8200340	93.9412079	-0.0584789	0.3742650
40.6165047	93.9412079	-0.2690030	0.4093524
42.4129791	93.9412079	-0.2222199	0.4795271
44.2094498	93.9412079	-0.2806988	0.4327440
46.0059242	93.9412079	-0.3976566	0.2573072
47.8023949	93.9412079	-0.1286536	-0.1286536
49.5988655	93.9412079	-0.5964849	-0.0350873
51.3953362	93.9412079	-0.5497018	0.2806988
53.1918106	93.9412079	-1.7075843	0.5847892
54.9882851	93.9412079	-1.5672349	0.2573072
56.7847557	93.9412079	-1.5672349	0.1520452
58.5812302	93.9412079	-0.9590542	0.1871325
60.3776970	93.9412079	-0.9707500	0.1754367
62.1741714	93.9412079	-0.8888795	0.0701747
63.9706421	93.9412079	-0.7017469	0.2222199
65.7671204	93.9412079	-0.3859608	0.1637410
67.5635834	93.9412079	0.0000000	0.2923946
69.3600616	93.9412079	0.0000000	0.0000000
71.1565323	93.9412079	0.0000000	0.0000000
-0.7023520	95.7376785	0.0000000	0.0000000
1.0941203	95.7376785	0.0000000	0.0000000
2.8905921	95.7376785	0.0701747	1.1929698
4.6870642	95.7376785	0.1286536	1.2163614
6.4835367	95.7376785	0.2222199	1.4268855
8.2800093	95.7376785	0.1286536	1.2514488
10.0764809	95.7376785	0.0467831	0.6432680
11.8729525	95.7376785	0.0818705	0.3391777
13.6694250	95.7376785	-0.0701747	0.4327440
15.4658966	95.7376785	-0.0116958	0.8420963
17.2623692	95.7376785	0.0116958	0.7836174
19.0588398	95.7376785	0.0350873	0.5613976
20.8553123	95.7376785	0.2105241	0.8420963
22.6517868	95.7376785	0.0935663	0.7602259
24.4482574	95.7376785	0.0701747	0.7953132
26.2447300	95.7376785	-0.0350873	0.5730934
28.0412025	95.7376785	-0.1169578	-0.0467831
29.8376732	95.7376785	0.0000000	-0.1871325
31.6341438	95.7376785	0.1871325	-0.1637410
33.4306183	95.7376785	0.1754367	0.1286536
35.2270889	95.7376785	-0.0701747	0.5964849
37.0235634	95.7376785	0.3274819	0.7251385
38.8200340	95.7376785	0.5730934	0.0467831
40.6165047	95.7376785	0.2456114	0.6666596
42.4129791	95.7376785	0.4093524	0.4444397
44.2094498	95.7376785	0.6432680	0.2456114
46.0059242	95.7376785	0.7251385	0.0584789
47.8023949	95.7376785	0.0116958	0.2573072
49.5988655	95.7376785	-0.4444397	0.1871325
51.3953362	95.7376785	-0.2339157	0.4210482
53.1918106	95.7376785	-1.3567108	0.2456114
54.9882851	95.7376785	-1.5555391	0.2222199
56.7847557	95.7376785	-1.2397530	0.2690030
58.5812302	95.7376785	-0.7134427	0.2923946
60.3776970	95.7376785	-0.9473584	0.0584789
62.1741714	95.7376785	-1.0292289	0.0935663
63.9706421	95.7376785	-0.7953132	0.2573072
65.7671204	95.7376785	-0.4093524	0.3040904
67.5635834	95.7376785	0.0000000	0.5497018
69.3600616	95.7376785	0.0000000	0.0000000
71.1565323	95.7376785	0.0000000	0.0000000
-0.7023520	97.5341492	0.0000000	0.0000000
1.0941203	97.5341492	0.0000000	0.0000000
2.8905921	97.5341492	0.0350873	0.8771837
4.6870642	97.5341492	-0.0116958	0.7251385
6.4835367	97.5341492	0.1052620	0.8888795
8.2800093	97.5341492	0.1052620	0.9122710
10.0764809	97.5341492	0.0116958	0.8070090
11.8729525	97.5341492	0.1052620	0.7134427
13.6694250	97.5341492	0.1637410	0.6549639
15.4658966	97.5341492	0.3976566	0.6198765
17.2623692	97.5341492	0.0935663	0.8187048
19.0588398	97.5341492	0.1754367	0.9005753
20.8553123	97.5341492	0.6081807	0.8654879
22.6517868	97.5341492	0.6081807	0.9824457
24.4482574	97.5341492	0.1403494	0.9005753
26.2447300	97.5341492	-0.0233916	0.7017469
28.0412025	97.5341492	-0.1403494	-0.2105241
29.8376732	97.5341492	0.0935663	-0.1988283
31.6341438	97.5341492	0.2222199	-0.1403494
33.4306183	97.5341492	0.1637410	-0.1988283
35.2270889	97.5341492	0.2456114	0.2573072
37.0235634	97.5341492	0.5146145	0.1988283
38.8200340	97.5341492	0.7836174	0.0233916
40.6165047	97.5341492	0.8654879	0.3391777
42.4129791	97.5341492	0.9473584	0.9239668
44.2094498	97.5341492	1.3801024	1.0409247
46.0059242	97.5341492	1.4970602	0.9590542
47.8023949	97.5341492	-0.0350873	0.6315722
49.5988655	97.5341492	-0.0701747	0.6432680
51.3953362	97.5341492	-0.4444397	0.5146145
53.1918106	97.5341492	-0.8187048	0.5497018
54.9882851	97.5341492	-1.3450150	0.3625693
56.7847557	97.5341492	-1.2748404	0.3157861
58.5812302	97.5341492	-0.6549639	0.2339157
60.3776970	97.5341492	-0.8654879	0.0584789
62.1741714	97.5341492	-0.9473584	0.1286536
63.9706421	97.5341492	-0.7251385	0.4912229
65.7671204	97.5341492	-0.4912229	0.5029187
67.5635834	97.5341492	0.0233916	0.8070090
69.3600616	97.5341492	0.0000000	0.0000000
71.1565323	97.5341492	0.0000000	0.0000000
-0.7023520	99.3306274	0.0000000	0.0000000
1.0941203	99.3306274	0.0000000	0.0000000
2.8905921	99.3306274	-0.1871325	0.7602259
4.6870642	99.3306274	-0.4678313	0.9590542
6.4835367	99.3306274	-0.2690030	0.5029187
8.2800093	99.3306274	-0.3157861	0.7017469
10.0764809	99.3306274	0.0116958	1.0409247
11.8729525	99.3306274	0.1871325	1.0643163
13.6694250	99.3306274	0.2339157	1.0526204
15.4658966	99.3306274	0.7602259	0.7719216
17.2623692	99.3306274	0.0818705	0.7251385
19.0588398	99.3306274	0.4327440	0.7134427
20.8553123	99.3306274	0.6900512	0.9707500
22.6517868	99.3306274	0.0935663	1.2280571
24.4482574	99.3306274	0.1754367	0.8888795
26.2447300	99.3306274	0.0350873	0.4678313
28.0412025	99.3306274	0.0233916	-0.0818705
29.8376732	99.3306274	0.1520452	0.0350873
31.6341438	99.3306274	0.1520452	0.0233916
33.4306183	99.3306274	0.1988283	0.0233916
35.2270889	99.3306274	0.2573072	0.0584789
37.0235634	99.3306274	0.5497018	-0.1520452
38.8200340	99.3306274	0.2456114	0.1286536
40.6165047	99.3306274	0.6432680	0.3859608
42.4129791	99.3306274	0.3742650	1.2865361
44.2094498	99.3306274	0.6900512	1.6023222
46.0059242	99.3306274	1.2865361	0.9590542
47.8023949	99.3306274	-0.0233916	0.9122710
49.5988655	99.3306274	0.0701747	0.3859608
51.3953362	99.3306274	-0.1754367	0.1169578
53.1918106	99.3306274	-0.1988283	0.4327440
54.9882851	99.3306274	-0.5847892	0.7251385
56.7847557	99.3306274	-0.2573072	0.5964849
58.5812302	99.3306274	-0.2339157	0.2339157
60.3776970	99.3306274	-0.2456114	0.1871325
62.1741714	99.3306274	-0.6315722	0.3157861
63.9706421	99.3306274	-0.7017469	0.7368343
65.7671204	99.3306274	-0.3976566	0.8187048
67.5635834	99.3306274	0.0701747	0.7134427
69.3600616	99.3306274	0.0000000	0.0000000
71.1565323	99.3306274	0.0000000	0.0000000
-0.7023520	101.1270981	0.0000000	0.0000000
1.0941203	101.1270981	0.0000000	0.0000000
2.8905921	101.1270981	0.0233916	0.7251385
4.6870642	101.1270981	-0.6900512	0.8070090
6.4835367	101.1270981	-0.7251385	0.8304006
8.2800093	101.1270981	-0.5730934	0.7836174
10.0764809	101.1270981	-0.4327440	1.3684065
11.8729525	101.1270981	0.0584789	1.0643163
13.6694250	101.1270981	0.1169578	1.0409247
15.4658966	101.1270981	0.0701747	0.9356626
17.2623692	101.1270981	0.2339157	1.0175331
19.0588398	101.1270981	0.5847892	0.7017469
20.8553123	101.1270981	0.2339157	1.3801024
22.6517868	101.1270981	0.2105241	0.7719216
24.4482574	101.1270981	0.1520452	0.6198765
26.2447300	101.1270981	0.1754367	0.1520452
28.0412025	101.1270981	0.1637410	-0.0818705
29.8376732	101.1270981	0.1052620	0.0935663
31.6341438	101.1270981	0.0350873	0.0467831
33.4306183	101.1270981	-0.0467831	0.1403494
35.2270889	101.1270981	0.0935663	0.2806988
37.0235634	101.1270981	0.4561355	0.0701747
38.8200340	101.1270981	-0.0935663	0.4912229
40.6165047	101.1270981	0.3625693	0.7719216
42.4129791	101.1270981	0.3859608	1.3567108
44.2094498	101.1270981	0.6900512	1.6608012
46.0059242	101.1270981	0.7602259	1.4853644
47.8023949	101.1270981	0.6432680	1.3801024
49.5988655	101.1270981	0.1286536	0.9473584
51.3953362	101.1270981	0.1403494	0.7485301
53.1918106	101.1270981	0.0467831	0.4678313
54.9882851	101.1270981	0.1052620	0.3274819
56.7847557	101.1270981	0.0233916	0.4444397
58.5812302	101.1270981	-0.0116958	0.3391777
60.3776970	101.1270981	-0.8304006	0.7134427
62.1741714	101.1270981	-0.7953132	0.6666596
63.9706421	101.1270981	-0.7134427	0.7134427
65.7671204	101.1270981	-0.2339157	0.7836174
67.5635834	101.1270981	-0.0233916	0.8771837
69.3600616	101.1270981	0.0000000	0.0000000
71.1565323	101.1270981	0.0000000	0.0000000
-0.7023520	102.9235687	0.0000000	0.0000000
1.0941203	102.9235687	0.0116958	-2.8537710
2.8905921	102.9235687	-0.0701747	0.7836174
4.6870642	102.9235687	-0.3040904	0.5146145
6.4835367	102.9235687	-0.7251385	0.7953132
8.2800093	102.9235687	-0.6549639	0.8888795
10.0764809	102.9235687	-0.4678313	0.9824457
11.8729525	102.9235687	-0.0350873	0.8187048
13.6694250	102.9235687	0.0467831	0.6198765
15.4658966	102.9235687	0.2222199	1.1227951
17.2623692	102.9235687	0.2456114	1.1110994
19.0588398	102.9235687	0.1637410	0.7368343
20.8553123	102.9235687	0.1520452	0.8304006
22.6517868	102.9235687	0.1403494	0.6666596
24.4482574	102.9235687	0.0350873	0.5847892
26.2447300	102.9235687	0.2222199	0.1052620
28.0412025	102.9235687	0.1520452	-0.0116958
29.8376732	102.9235687	0.1871325	-0.0701747
31.6341438	102.9235687	0.1520452	0.1052620
33.4306183	102.9235687	-0.0350873	0.3742650
35.2270889	102.9235687	0.0584789	0.4210482
37.0235634	102.9235687	0.6198765	0.1052620
38.8200340	102.9235687	0.6081807	0.1052620
40.6165047	102.9235687	0.8304006	0.2573072
42.4129791	102.9235687	0.3157861	1.0526204
44.2094498	102.9235687	0.7485301	1.2046657
46.0059242	102.9235687	0.5730934	0.8771837
47.8023949	102.9235687	0.3157861	1.3801024
49.5988655	102.9235687	0.4678313	0.9824457
51.3953362	102.9235687	0.1403494	0.7017469
53.1918106	102.9235687	-0.0467831	0.7602259
54.9882851	102.9235687	0.1871325	0.3625693
56.7847557	102.9235687	0.1286536	0.4912229
58.5812302	102.9235687	0.0233916	0.8420963
60.3776970	102.9235687	-0.6783554	0.8654879
62.1741714	102.9235687	-0.6666596	0.8771837
63.9706421	102.9235687	-0.6198765	0.8420963
65.7671204	102.9235687	-0.1520452	0.6549639
67.5635834	102.9235687	-0.0701747	0.8420963
69.3600616	102.9235687	0.0000000	0.0000000
71.1565323	102.9235687	0.0000000	0.0000000
-0.7023520	104.7200394	0.0000000	0.0000000
1.0941203	104.7200394	0.0000000	0.0000000
2.8905921	104.7200394	-0.0350873	0.8537921
4.6870642	104.7200394	-0.1169578	0.5847892
6.4835367	104.7200394	-0.5146145	0.3508735
8.2800093	104.7200394	-0.7017469	0.7485301
10.0764809	104.7200394	-0.6900512	1.1461867
11.8729525	104.7200394	-0.1988283	0.7017469
13.6694250	104.7200394	-0.0350873	0.6081807
15.4658966	104.7200394	0.0467831	0.8537921
17.2623692	104.7200394	0.0701747	0.9590542
19.0588398	104.7200394	0.0584789	0.7953132
20.8553123	104.7200394	0.1052620	0.7134427
22.6517868	104.7200394	0.0000000	0.4912229
24.4482574	104.7200394	0.0818705	0.1988283
26.2447300	104.7200394	0.0935663	0.0350873
28.0412025	104.7200394	0.1286536	-0.0350873
29.8376732	104.7200394	0.1052620	0.0000000
31.6341438	104.7200394	0.3742650	-0.0935663
33.4306183	104.7200394	0.2339157	0.3391777
35.2270889	104.7200394	0.3976566	0.2456114
37.0235634	104.7200394	0.6432680	0.2690030
38.8200340	104.7200394	0.7251385	0.2690030
40.6165047	104.7200394	0.3625693	0.7134427
42.4129791	104.7200394	0.2456114	1.0409247
44.2094498	104.7200394	0.1988283	0.9473584
46.0059242	104.7200394	0.1871325	0.9941415
47.8023949	104.7200394	0.1052620	1.2865361
49.5988655	104.7200394	0.1988283	1.0409247
51.3953362	104.7200394	-0.0116958	0.8654879
53.1918106	104.7200394	-0.3976566	0.7017469
54.9882851	104.7200394	-0.3742650	0.3508735
56.7847557	104.7200394	-0.6198765	-0.1169578
58.5812302	104.7200394	-0.6198765	0.7602259
60.3776970	104.7200394	0.0000000	0.0000000
62.1741714	104.7200394	-0.6900512	0.7134427
63.9706421	104.7200394	-0.2573072	0.6432680
65.7671204	104.7200394	-0.3157861	0.3625693
67.5635834	104.7200394	-0.0701747	0.5847892
69.3600616	104.7200394	0.0000000	0.0000000
71.1565323	104.7200394	0.0000000	0.0000000
-0.7023520	106.5165100	0.0000000	0.0000000
1.0941203	106.5165100	0.0000000	0.0000000
2.8905921	106.5165100	-0.2456114	0.4795271
4.6870642	106.5165100	-0.3859608	0.7719216
6.4835367	106.5165100	-0.2573072	0.7368343
8.2800093	106.5165100	-0.5263102	0.8070090
10.0764809	106.5165100	-0.2806988	0.5613976
11.8729525	106.5165100	-0.1637410	0.7368343
13.6694250	106.5165100	-0.0467831	0.5613976
15.4658966	106.5165100	0.0350873	0.7953132
17.2623692	106.5165100	0.0935663	0.8771837
19.0588398	106.5165100	0.0935663	0.8537921
20.8553123	106.5165100	0.3391777	0.8537921
22.6517868	106.5165100	0.1052620	0.5847892
24.4482574	106.5165100	0.0584789	0.1403494
26.2447300	106.5165100	0.1052620	-0.0350873
28.0412025	106.5165100	0.0935663	-0.0116958
29.8376732	106.5165100	0.0350873	0.2456114
31.6341438	106.5165100	0.3742650	0.2690030
33.4306183	106.5165100	0.1871325	0.4561355
35.2270889	106.5165100	0.5730934	0.1520452
37.0235634	106.5165100	0.7602259	0.2105241
38.8200340	106.5165100	0.6900512	0.3625693
40.6165047	106.5165100	0.2456114	0.7017469
42.4129791	106.5165100	0.0584789	0.8654879
44.2094498	106.5165100	0.2690030	0.9122710
46.0059242	106.5165100	0.1169578	1.0526204
47.8023949	106.5165100	0.0584789	0.7017469
49.5988655	106.5165100	-0.2573072	0.6783554
51.3953362	106.5165100	-0.8420963	0.9473584
53.1918106	106.5165100	-0.6549639	0.5380060
54.9882851	106.5165100	-0.5964849	0.3625693
56.7847557	106.5165100	-0.7251385	0.1286536
58.5812302	106.5165100	-0.8537921	0.1637410
60.3776970	106.5165100	-1.0643163	0.1520452
62.1741714	106.5165100	-0.7368343	0.4678313
63.9706421	106.5165100	-0.0818705	0.6315722
65.7671204	106.5165100	-0.1286536	0.3508735
67.5635834	106.5165100	-0.0116958	0.6198765
69.3600616	106.5165100	0.0000000	0.0000000
71.1565323	106.5165100	0.0000000	0.0000000
-0.7023520	108.3129883	0.0000000	0.0000000
1.0941203	108.3129883	0.0000000	0.0000000
2.8905921	108.3129883	0.0000000	0.0000000
4.6870642	108.3129883	-0.2923946	0.4678313
6.4835367	108.3129883	-0.1871325	0.4912229
8.2800093	108.3129883	-0.0233916	0.4093524
10.0764809	108.3129883	-0.0233916	0.3859608
11.8729525	108.3129883	-0.2339157	0.7017469
13.6694250	108.3129883	-0.0818705	0.5497018
15.4658966	108.3129883	0.0116958	0.5380060
17.2623692	108.3129883	-0.0584789	0.7017469
19.0588398	108.3129883	0.1754367	1.0058373
20.8553123	108.3129883	0.2690030	0.9239668
22.6517868	108.3129883	0.0935663	0.5263102
24.4482574	108.3129883	0.1520452	0.4327440
26.2447300	108.3129883	0.5029187	0.1169578
28.0412025	108.3129883	0.1169578	0.4444397
29.8376732	108.3129883	0.0233916	0.5029187
31.6341438	108.3129883	0.1988283	0.3625693
33.4306183	108.3129883	0.4210482	0.0350873
35.2270889	108.3129883	0.3976566	-0.0467831
37.0235634	108.3129883	0.3040904	0.6315722
38.8200340	108.3129883	0.2806988	0.7368343
40.6165047	108.3129883	0.0584789	0.9122710
42.4129791	108.3129883	-0.1520452	1.3216234
44.2094498	108.3129883	-0.0233916	1.2046657
46.0059242	108.3129883	-0.2690030	0.6666596
47.8023949	108.3129883	-0.3391777	0.9824457
49.5988655	108.3129883	-0.6198765	1.2046657
51.3953362	108.3129883	-0.7953132	1.2514488
53.1918106	108.3129883	-0.0467831	0.5380060
54.9882851	108.3129883	-0.2573072	0.6315722
56.7847557	108.3129883	-1.0292289	0.3625693
58.5812302	108.3129883	-0.8070090	0.1169578
60.3776970	108.3129883	-0.9122710	0.0116958
62.1741714	108.3129883	-0.7485301	0.1403494
63.9706421	108.3129883	-0.2339157	0.1871325
65.7671204	108.3129883	-0.1871325	0.1052620
67.5635834	108.3129883	0.0233916	-0.0233916
69.3600616	108.3129883	0.0000000	0.0000000
71.1565323	108.3129883	0.0000000	0.0000000
-0.7023520	110.1094589	0.0000000	0.0000000
1.0941203	110.1094589	0.0000000	0.0000000
2.8905921	110.1094589	-0.0116958	0.5497018
4.6870642	110.1094589	-0.1754367	0.1871325
6.4835367	110.1094589	-0.1403494	0.1286536
8.2800093	110.1094589	-0.0116958	0.1988283
10.0764809	110.1094589	-0.0350873	0.4561355
11.8729525	110.1094589	-0.1052620	0.7134427
13.6694250	110.1094589	-0.3040904	0.6900512
15.4658966	110.1094589	-0.1052620	0.5263102
17.2623692	110.1094589	0.0584789	0.6432680
19.0588398	110.1094589	0.1988283	0.7953132
20.8553123	110.1094589	0.1403494	0.3859608
22.6517868	110.1094589	0.0584789	0.6432680
24.4482574	110.1094589	0.0818705	0.7251385
26.2447300	110.1094589	0.1637410	0.5613976
28.0412025	110.1094589	0.1754367	0.2339157
29.8376732	110.1094589	0.2339157	0.3508735
31.6341438	110.1094589	0.4327440	0.2339157
33.4306183	110.1094589	0.7134427	0.1286536
35.2270889	110.1094589	0.4912229	0.2573072
37.0235634	110.1094589	0.1052620	0.7719216
38.8200340	110.1094589	0.1403494	0.7719216
40.6165047	110.1094589	0.1520452	0.9707500
42.4129791	110.1094589	-0.0584789	1.4151897
44.2094498	110.1094589	-0.1286536	1.3333192
46.0059242	110.1094589	-0.5847892	0.6198765
47.8023949	110.1094589	-0.5613976	0.4912229
49.5988655	110.1094589	-0.1169578	0.2456114
51.3953362	110.1094589	-0.2105241	0.9122710
53.1918106	110.1094589	-0.5146145	0.7017469
54.9882851	110.1094589	-0.6783554	0.7017469
56.7847557	110.1094589	-0.2690030	0.4093524
58.5812302	110.1094589	-0.6783554	0.0000000
60.3776970	110.1094589	-0.2339157	0.0467831
62.1741714	110.1094589	-0.7602259	0.1052620
63.9706421	110.1094589	-0.4444397	0.2222199
65.7671204	110.1094589	-0.1988283	0.2456114
67.5635834	110.1094589	0.0116958	0.2806988
69.3600616	110.1094589	0.0000000	0.0000000
71.1565323	110.1094589	0.0000000	0.0000000
-0.7023520	111.9059296	0.0000000	0.0000000
1.0941203	111.9059296	0.0000000	0.0000000
2.8905921	111.9059296	0.1169578	0.3274819
4.6870642	111.9059296	0.4561355	0.0116958
6.4835367	111.9059296	0.1052620	0.5964849
8.2800093	111.9059296	-0.0584789	0.0233916
10.0764809	111.9059296	-0.0116958	0.2456114
11.8729525	111.9059296	0.0467831	0.8187048
13.6694250	111.9059296	-0.1754367	0.7134427
15.4658966	111.9059296	-0.0350873	0.6783554
17.2623692	111.9059296	-0.0116958	0.5847892
19.0588398	111.9059296	0.0701747	0.7134427
20.8553123	111.9059296	0.1754367	0.5847892
22.6517868	111.9059296	0.1754367	0.7251385
24.4482574	111.9059296	0.1169578	0.8888795
26.2447300	111.9059296	0.2222199	0.5146145
28.0412025	111.9059296	0.3976566	0.1286536
29.8376732	111.9059296	0.4444397	0.0818705
31.6341438	111.9059296	0.5029187	0.1754367
33.4306183	111.9059296	0.2456114	0.6198765
35.2270889	111.9059296	0.0935663	0.6783554
37.0235634	111.9059296	-0.0584789	0.7368343
38.8200340	111.9059296	-0.0935663	0.8537921
40.6165047	111.9059296	-0.0818705	1.3333192
42.4129791	111.9059296	0.0701747	1.5789306
44.2094498	111.9059296	-0.0701747	1.5087559
46.0059242	111.9059296	-0.2456114	1.2397530
47.8023949	111.9059296	-0.2573072	0.5029187
49.5988655	111.9059296	-0.0233916	0.5964849
51.3953362	111.9059296	-0.2806988	0.7134427
53.1918106	111.9059296	-0.7368343	0.6549639
54.9882851	111.9059296	-0.5730934	0.4795271
56.7847557	111.9059296	-0.1988283	0.0233916
58.5812302	111.9059296	-0.1286536	0.1286536
60.3776970	111.9059296	-0.2573072	0.0818705
62.1741714	111.9059296	-0.4093524	0.2222199
63.9706421	111.9059296	-0.4327440	0.3976566
65.7671204	111.9059296	-0.1871325	0.2690030
67.5635834	111.9059296	0.0116958	0.6081807
69.3600616	111.9059296	0.0000000	0.0000000
71.1565323	111.9059296	0.0000000	0.0000000
-0.7023520	113.7024002	0.0000000	0.0000000
1.0941203	113.7024002	0.0000000	0.0000000
2.8905921	113.7024002	-0.0116958	0.6198765
4.6870642	113.7024002	0.5380060	0.1286536
6.4835367	113.7024002	0.3040904	0.7251385
8.2800093	113.7024002	0.0467831	0.2105241
10.0764809	113.7024002	-0.0350873	0.1871325
11.8729525	113.7024002	0.0584789	0.8654879
13.6694250	113.7024002	-0.4912229	0.7017469
15.4658966	113.7024002	-0.0935663	1.0643163
17.2623692	113.7024002	-0.0584789	0.8070090
19.0588398	113.7024002	0.0584789	0.7017469
20.8553123	113.7024002	0.1169578	0.6666596
22.6517868	113.7024002	0.1637410	0.7836174
24.4482574	113.7024002	0.4678313	0.8420963
26.2447300	113.7024002	0.7134427	0.2456114
28.0412025	113.7024002	0.6783554	-0.0116958
29.8376732	113.7024002	0.6198765	0.0467831
31.6341438	113.7024002	0.5146145	0.1169578
33.4306183	113.7024002	0.4327440	0.1637410
35.2270889	113.7024002	0.0467831	0.8771837
37.0235634	113.7024002	-0.4093524	0.9590542
38.8200340	113.7024002	-0.2222199	0.9239668
40.6165047	113.7024002	-0.5380060	0.8537921
42.4129791	113.7024002	0.0584789	1.2514488
44.2094498	113.7024002	-0.1169578	1.6841927
46.0059242	113.7024002	-0.0701747	1.4970602
47.8023949	113.7024002	-0.0233916	0.6081807
49.5988655	113.7024002	-0.1169578	0.5847892
51.3953362	113.7024002	-0.4912229	0.9239668
53.1918106	113.7024002	-0.4561355	0.5497018
54.9882851	113.7024002	-0.4444397	0.2105241
56.7847557	113.7024002	-0.4795271	0.1637410
58.5812302	113.7024002	-0.3976566	0.2806988
60.3776970	113.7024002	-0.3508735	0.1871325
62.1741714	113.7024002	-0.2222199	0.1286536
63.9706421	113.7024002	-0.3040904	0.2923946
65.7671204	113.7024002	-0.1520452	0.0701747
67.5635834	113.7024002	0.0233916	0.1169578
69.3600616	113.7024002	0.0000000	0.0000000
71.1565323	113.7024002	0.0000000	0.0000000
-0.7023520	115.4988708	0.0000000	0.0000000
1.0941203	115.4988708	0.0000000	0.0000000
2.8905921	115.4988708	0.2573072	0.2222199
4.6870642	115.4988708	0.4678313	-0.0233916
6.4835367	115.4988708	0.5029187	0.2105241
8.2800093	115.4988708	0.1520452	0.5964849
10.0764809	115.4988708	-0.0818705	0.0935663
11.8729525	115.4988708	-0.1052620	0.7134427
13.6694250	115.4988708	-0.0233916	1.1344910
15.4658966	115.4988708	-0.0584789	1.2865361
17.2623692	115.4988708	0.0000000	1.0526204
19.0588398	115.4988708	-0.0701747	0.6783554
20.8553123	115.4988708	-0.0467831	0.5613976
22.6517868	115.4988708	0.1169578	0.7134427
24.4482574	115.4988708	0.6315722	0.3040904
26.2447300	115.4988708	0.7017469	0.2339157
28.0412025	115.4988708	0.6666596	0.1052620
29.8376732	115.4988708	0.7017469	0.1871325
31.6341438	115.4988708	0.6666596	0.1520452
33.4306183	115.4988708	0.1988283	0.5613976
35.2270889	115.4988708	0.1871325	0.9122710
37.0235634	115.4988708	-0.0233916	0.9239668
38.8200340	115.4988708	0.0000000	0.9941415
40.6165047	115.4988708	-0.2923946	0.5497018
42.4129791	115.4988708	-0.3274819	0.2339157
44.2094498	115.4988708	-0.1169578	0.9707500
46.0059242	115.4988708	0.1052620	1.1578825
47.8023949	115.4988708	0.3157861	0.6666596
49.5988655	115.4988708	-0.0233916	0.4795271
51.3953362	115.4988708	-0.1403494	0.9122710
53.1918106	115.4988708	-0.4093524	0.5613976
54.9882851	115.4988708	-0.4327440	0.7719216
56.7847557	115.4988708	-0.6081807	0.2573072
58.5812302	115.4988708	-0.4093524	0.0350873
60.3776970	115.4988708	-0.1520452	-0.0467831
62.1741714	115.4988708	-0.0584789	0.0935663
63.9706421	115.4988708	-0.0467831	0.4678313
65.7671204	115.4988708	-0.0818705	0.3391777
67.5635834	115.4988708	-0.2573072	0.4678313
69.3600616	115.4988708	0.0000000	0.0000000
71.1565323	115.4988708	0.0000000	0.0000000
-0.7023520	117.2953491	0.0000000	0.0000000
1.0941203	117.2953491	0.0000000	0.0000000
2.8905921	117.2953491	-0.0233916	-0.0467831
4.6870642	117.2953491	0.0818705	0.2573072
6.4835367	117.2953491	0.1286536	0.6198765
8.2800093	117.2953491	0.2105241	0.7485301
10.0764809	117.2953491	-0.2339157	-0.0233916
11.8729525	117.2953491	-0.2222199	0.1286536
13.6694250	117.2953491	-0.2573072	0.8187048
15.4658966	117.2953491	-0.0701747	1.0643163
17.2623692	117.2953491	-0.1988283	1.0409247
19.0588398	117.2953491	-0.1052620	0.7485301
20.8553123	117.2953491	0.0701747	0.4678313
22.6517868	117.2953491	0.2573072	0.3391777
24.4482574	117.2953491	0.3976566	0.1403494
26.2447300	117.2953491	0.3274819	0.3391777
28.0412025	117.2953491	0.2105241	0.0818705
29.8376732	117.2953491	0.2806988	0.1052620
31.6341438	117.2953491	0.5730934	0.0584789
33.4306183	117.2953491	0.3391777	0.8888795
35.2270889	117.2953491	0.5029187	0.9473584
37.0235634	117.2953491	0.0701747	1.4853644
38.8200340	117.2953491	-0.0818705	1.0877078
40.6165047	117.2953491	-0.0818705	0.4093524
42.4129791	117.2953491	-0.2690030	0.5497018
44.2094498	117.2953491	-0.2573072	0.7134427
46.0059242	117.2953491	0.0584789	1.1578825
47.8023949	117.2953491	0.1520452	0.8888795
49.5988655	117.2953491	-0.0935663	0.9239668
51.3953362	117.2953491	-0.2806988	1.4034939
53.1918106	117.2953491	-0.7134427	0.6081807
54.9882851	117.2953491	-0.6783554	0.7134427
56.7847557	117.2953491	-0.3274819	0.3274819
58.5812302	117.2953491	-0.1637410	0.1286536
60.3776970	117.2953491	-0.2222199	-0.0584789
62.1741714	117.2953491	-0.0701747	-0.0116958
63.9706421	117.2953491	-0.0701747	-0.0233916
65.7671204	117.2953491	0.1169578	-0.0350873
67.5635834	117.2953491	0.0584789	-0.0350873
69.3600616	117.2953491	0.0000000	0.0000000
71.1565323	117.2953491	0.0000000	0.0000000
-0.7023520	119.0918198	0.0000000	0.0000000
1.0941203	119.0918198	0.0000000	0.0000000
2.8905921	119.0918198	0.0000000	0.0350873
4.6870642	119.0918198	0.0467831	0.0000000
6.4835367	119.0918198	0.0584789	0.3742650
8.2800093	119.0918198	0.0701747	0.5263102
10.0764809	119.0918198	-0.1052620	0.2339157
11.8729525	119.0918198	-0.3859608	0.9122710
13.6694250	119.0918198	-0.2806988	0.6315722
15.4658966	119.0918198	-0.1988283	0.5964849
17.2623692	119.0918198	-0.0350873	0.5730934
19.0588398	119.0918198	-0.0116958	0.5263102
20.8553123	119.0918198	0.0584789	0.3976566
22.6517868	119.0918198	0.2339157	0.1520452
24.4482574	119.0918198	0.2923946	0.2573072
26.2447300	119.0918198	-0.0584789	0.0467831
28.0412025	119.0918198	-0.0467831	0.0116958
29.8376732	119.0918198	0.1520452	0.1988283
31.6341438	119.0918198	0.1754367	0.2105241
33.4306183	119.0918198	0.1286536	0.2806988
35.2270889	119.0918198	0.0233916	1.4151897
37.0235634	119.0918198	0.0818705	1.5555391
38.8200340	119.0918198	-0.0584789	0.9824457
40.6165047	119.0918198	-0.0467831	1.0175331
42.4129791	119.0918198	-0.1286536	0.7485301
44.2094498	119.0918198	-0.1637410	0.6198765
46.0059242	119.0918198	-0.2806988	0.5497018
47.8023949	119.0918198	-0.0233916	0.7836174
49.5988655	119.0918198	-0.1637410	1.2514488
51.3953362	119.0918198	-0.3508735	1.3450150
53.1918106	119.0918198	-0.5380060	1.2163614
54.9882851	119.0918198	-0.5380060	0.8888795
56.7847557	119.0918198	-0.1286536	0.5146145
58.5812302	119.0918198	-0.1052620	0.2573072
60.3776970	119.0918198	-0.4093524	0.1169578
62.1741714	119.0918198	-0.2105241	0.0584789
63.9706421	119.0918198	-0.0350873	-0.0584789
65.7671204	119.0918198	0.0818705	0.0000000
67.5635834	119.0918198	0.0818705	0.0233916
69.3600616	119.0918198	0.0000000	0.0000000
71.1565323	119.0918198	0.0000000	0.0000000
-0.7023520	120.8882904	0.0000000	0.0000000
1.0941203	120.8882904	0.0000000	0.0000000
2.8905921	120.8882904	0.0350873	0.0233916
4.6870642	120.8882904	0.0233916	-0.1403494
6.4835367	120.8882904	-0.2456114	-0.0701747
8.2800093	120.8882904	-0.1169578	0.6666596
10.0764809	120.8882904	-0.3040904	0.5263102
11.8729525	120.8882904	-0.1637410	0.8888795
13.6694250	120.8882904	-0.0350873	0.6081807
15.4658966	120.8882904	0.0116958	0.6198765
17.2623692	120.8882904	0.0116958	0.5263102
19.0588398	120.8882904	0.2456114	0.3157861
20.8553123	120.8882904	0.1637410	0.1871325
22.6517868	120.8882904	0.2923946	0.1520452
24.4482574	120.8882904	0.2339157	0.1520452
26.2447300	120.8882904	-0.0233916	0.2690030
28.0412025	120.8882904	-0.0116958	0.0935663
29.8376732	120.8882904	0.0000000	0.1754367
31.6341438	120.8882904	0.0233916	0.4444397
33.4306183	120.8882904	0.0467831	0.6198765
35.2270889	120.8882904	0.0116958	1.1695783
37.0235634	120.8882904	0.1403494	1.3684065
38.8200340	120.8882904	0.0000000	1.4736686
40.6165047	120.8882904	-0.4678313	0.9473584
42.4129791	120.8882904	-0.4795271	0.7368343
44.2094498	120.8882904	-0.4444397	0.9707500
46.0059242	120.8882904	-0.1520452	0.8654879
47.8023949	120.8882904	-0.1637410	1.1344910
49.5988655	120.8882904	-0.3508735	1.2280571
51.3953362	120.8882904	-0.8537921	0.7485301
53.1918106	120.8882904	-0.1169578	0.8187048
54.9882851	120.8882904	-0.2339157	0.8654879
56.7847557	120.8882904	0.0233916	0.9824457
58.5812302	120.8882904	-0.0818705	0.6198765
60.3776970	120.8882904	-0.2806988	0.8654879
62.1741714	120.8882904	0.0000000	0.0000000
63.9706421	120.8882904	0.0000000	0.0000000
65.7671204	120.8882904	0.2222199	-0.0350873
67.5635834	120.8882904	0.0584789	-0.1988283
69.3600616	120.8882904	-0.0701747	-1.4970602
71.1565323	120.8882904	0.0000000	0.0000000
-0.7023520	122.6847610	0.0000000	0.0000000
1.0941203	122.6847610	0.0000000	0.0000000
2.8905921	122.6847610	-0.4912229	0.1052620
4.6870642	122.6847610	-0.4795271	0.0818705
6.4835367	122.6847610	-0.6549639	0.6432680
8.2800093	122.6847610	-0.6549639	0.6432680
10.0764809	122.6847610	-0.6198765	0.2105241
11.8729525	122.6847610	-0.2456114	0.6666596
13.6694250	122.6847610	-0.2105241	0.3508735
15.4658966	122.6847610	-0.1286536	0.1052620
17.2623692	122.6847610	-0.0467831	0.1169578
19.0588398	122.6847610	-0.1286536	0.1286536
20.8553123	122.6847610	-0.0233916	0.1169578
22.6517868	122.6847610	-0.1286536	0.0818705
24.4482574	122.6847610	-0.0818705	-0.0584789
26.2447300	122.6847610	0.1988283	-0.0233916
28.0412025	122.6847610	0.5613976	0.1169578
29.8376732	122.6847610	0.3742650	0.0818705
31.6341438	122.6847610	0.0467831	0.5380060
33.4306183	122.6847610	0.0233916	0.7251385
35.2270889	122.6847610	-0.5263102	1.2514488
37.0235634	122.6847610	-0.1871325	1.1812741
38.8200340	122.6847610	-0.4444397	1.3801024
40.6165047	122.6847610	-0.6315722	1.2280571
42.4129791	122.6847610	-0.5847892	0.9941415
44.2094498	122.6847610	-0.8070090	0.7134427
46.0059242	122.6847610	-1.1812741	0.7368343
47.8023949	122.6847610	-1.3099277	0.7719216
49.5988655	122.6847610	-0.9005753	1.1110994
51.3953362	122.6847610	-0.7836174	0.7017469
53.1918106	122.6847610	-0.1637410	1.2748404
54.9882851	122.6847610	-0.0467831	0.9707500
56.7847557	122.6847610	0.0350873	1.1110994
58.5812302	122.6847610	-0.2105241	1.0526204
60.3776970	122.6847610	-0.4093524	0.7836174
62.1741714	122.6847610	0.0000000	0.0000000
63.9706421	122.6847610	0.0000000	0.0000000
65.7671204	122.6847610	0.5613976	0.0818705
67.5635834	122.6847610	0.2339157	-0.1988283
69.3600616	122.6847610	0.0000000	0.0000000
71.1565323	122.6847610	0.0000000	0.0000000
-0.7023520	124.4812393	0.0000000	0.0000000
1.0941203	124.4812393	0.0000000	0.0000000
2.8905921	124.4812393	-0.5497018	0.0233916
4.6870642	124.4812393	-0.5146145	0.0584789
6.4835367	124.4812393	-0.7251385	0.8888795
8.2800093	124.4812393	-0.5613976	0.8888795
10.0764809	124.4812393	-0.0584789	0.6198765
11.8729525	124.4812393	-0.6315722	0.1754367
13.6694250	124.4812393	-0.2690030	-0.3274819
15.4658966	124.4812393	-0.2456114	-0.1169578
17.2623692	124.4812393	-0.2222199	0.0350873
19.0588398	124.4812393	-0.1637410	0.0584789
20.8553123	124.4812393	-0.2573072	0.0467831
22.6517868	124.4812393	-0.4210482	-0.0116958
24.4482574	124.4812393	-0.0935663	-0.3157861
26.2447300	124.4812393	0.1520452	-0.4795271
28.0412025	124.4812393	0.4327440	-0.0350873
29.8376732	124.4812393	0.4444397	0.0935663
31.6341438	124.4812393	-0.1169578	1.0175331
33.4306183	124.4812393	-0.3976566	1.1461867
35.2270889	124.4812393	-0.5497018	1.0877078
37.0235634	124.4812393	-0.4327440	1.4736686
38.8200340	124.4812393	-0.5263102	1.3567108
40.6165047	124.4812393	-0.6198765	1.2748404
42.4129791	124.4812393	-0.4561355	1.2982318
44.2094498	124.4812393	-0.7251385	0.6666596
46.0059242	124.4812393	-0.4093524	0.4678313
47.8023949	124.4812393	-0.7602259	0.5613976
49.5988655	124.4812393	-0.6315722	0.6432680
51.3953362	124.4812393	-0.3976566	0.5964849
53.1918106	124.4812393	-0.2105241	1.1695783
54.9882851	124.4812393	-0.1520452	1.4619728
56.7847557	124.4812393	0.0116958	1.2163614
58.5812302	124.4812393	-0.0467831	1.2280571
60.3776970	124.4812393	-0.1988283	1.3333192
62.1741714	124.4812393	-0.0818705	0.9707500
63.9706421	124.4812393	0.4795271	0.2923946
65.7671204	124.4812393	0.5029187	0.0233916
67.5635834	124.4812393	0.4561355	-0.1754367
69.3600616	124.4812393	0.0000000	0.0000000
71.1565323	124.4812393	0.0000000	0.0000000
-0.7023520	126.2777023	0.0000000	0.0000000
1.0941203	126.2777023	0.0000000	0.0000000
2.8905921	126.2777023	-0.0233916	0.5730934
4.6870642	126.2777023	-0.3508735	0.0584789
6.4835367	126.2777023	-0.3625693	0.2105241
8.2800093	126.2777023	-0.1286536	0.5964849
10.0764809	126.2777023	0.0935663	0.7251385
11.8729525	126.2777023	0.2573072	0.1520452
13.6694250	126.2777023	-0.0584789	-0.1052620
15.4658966	126.2777023	-0.1052620	0.0350873
17.2623692	126.2777023	-0.2923946	0.1637410
19.0588398	126.2777023	0.0000000	0.2690030
20.8553123	126.2777023	0.1988283	0.0584789
22.6517868	126.2777023	-0.0584789	-0.1052620
24.4482574	126.2777023	-0.0584789	-0.1169578
26.2447300	126.2777023	-0.1169578	-0.0701747
28.0412025	126.2777023	0.0467831	0.4210482
29.8376732	126.2777023	-0.0350873	0.5730934
31.6341438	126.2777023	-0.7017469	0.9356626
33.4306183	126.2777023	-0.3625693	0.9239668
35.2270889	126.2777023	-0.6198765	1.4736686
37.0235634	126.2777023	-0.5730934	1.6023222
38.8200340	126.2777023	-0.7251385	1.2748404
40.6165047	126.2777023	-0.6900512	0.9473584
42.4129791	126.2777023	-0.6666596	1.2631445
44.2094498	126.2777023	-0.8070090	0.4093524
46.0059242	126.2777023	-0.6198765	0.8304006
47.8023949	126.2777023	-0.6549639	0.5029187
49.5988655	126.2777023	-0.3859608	0.4795271
51.3953362	126.2777023	-0.6666596	1.0994036
53.1918106	126.2777023	-0.3742650	0.6315722
54.9882851	126.2777023	-0.1169578	1.1929698
56.7847557	126.2777023	0.0818705	1.3333192
58.5812302	126.2777023	0.0467831	1.2046657
60.3776970	126.2777023	0.0350873	1.0760120
62.1741714	126.2777023	0.7251385	0.3157861
63.9706421	126.2777023	0.7368343	0.1052620
65.7671204	126.2777023	0.4795271	0.0584789
67.5635834	126.2777023	0.2806988	-0.1637410
69.3600616	126.2777023	-0.0116958	0.0000000
71.1565323	126.2777023	0.0000000	0.0000000
-0.7023520	128.0741882	0.0000000	0.0000000
1.0941203	128.0741882	0.0000000	0.0000000
2.8905921	128.0741882	0.0935663	0.7953132
4.6870642	128.0741882	0.0233916	0.6432680
6.4835367	128.0741882	-0.1286536	0.4561355
8.2800093	128.0741882	-0.1871325	0.6081807
10.0764809	128.0741882	0.0233916	0.8070090
11.8729525	128.0741882	0.0935663	0.2456114
13.6694250	128.0741882	0.2456114	0.1286536
15.4658966	128.0741882	-0.0350873	0.3391777
17.2623692	128.0741882	-0.3157861	0.1988283
19.0588398	128.0741882	0.0233916	0.2105241
20.8553123	128.0741882	0.0701747	0.0584789
22.6517868	128.0741882	-0.1286536	-0.1403494
24.4482574	128.0741882	-0.0467831	0.0818705
26.2447300	128.0741882	-0.3391777	0.2690030
28.0412025	128.0741882	-0.7134427	0.2923946
29.8376732	128.0741882	-0.5029187	0.7836174
31.6341438	128.0741882	-0.8420963	1.2982318
33.4306183	128.0741882	-0.1520452	1.3450150
35.2270889	128.0741882	-0.3391777	1.5555391
37.0235634	128.0741882	-0.5146145	1.5672349
38.8200340	128.0741882	-0.7017469	1.2631445
40.6165047	128.0741882	-1.0994036	1.1344910
42.4129791	128.0741882	-1.0877078	1.0877078
44.2094498	128.0741882	-0.9005753	0.8187048
46.0059242	128.0741882	-0.7251385	0.6081807
47.8023949	128.0741882	-0.7134427	0.4795271
49.5988655	128.0741882	-0.8304006	0.3976566
51.3953362	128.0741882	-0.7719216	0.3742650
53.1918106	128.0741882	-0.6666596	0.5964849
54.9882851	128.0741882	-0.2105241	0.5964849
56.7847557	128.0741882	-0.1754367	0.8654879
58.5812302	128.0741882	0.1286536	0.9707500
60.3776970	128.0741882	0.1520452	0.5146145
62.1741714	128.0741882	0.7485301	0.2573072
63.9706421	128.0741882	0.7017469	0.2222199
65.7671204	128.0741882	0.4795271	0.2105241
67.5635834	128.0741882	0.0935663	-0.0350873
69.3600616	128.0741882	0.0000000	0.0000000
71.1565323	128.0741882	0.0000000	0.0000000
-0.7023520	129.8706512	0.0000000	0.0000000
1.0941203	129.8706512	0.0116958	1.5204518
2.8905921	129.8706512	0.1169578	0.7368343
4.6870642	129.8706512	0.0701747	0.7602259
6.4835367	129.8706512	0.0467831	0.6081807
8.2800093	129.8706512	-0.0233916	0.5964849
10.0764809	129.8706512	0.0350873	0.5380060
11.8729525	129.8706512	0.1403494	0.4327440
13.6694250	129.8706512	0.3859608	0.1637410
15.4658966	129.8706512	-0.2222199	0.3391777
17.2623692	129.8706512	-0.1637410	0.3274819
19.0588398	129.8706512	-0.0584789	0.6783554
20.8553123	129.8706512	-0.1520452	0.1988283
22.6517868	129.8706512	-0.2573072	0.0000000
24.4482574	129.8706512	-0.2222199	0.2573072
26.2447300	129.8706512	-0.5146145	0.4912229
28.0412025	129.8706512	-0.7368343	0.6081807
29.8376732	129.8706512	-0.5613976	0.7836174
31.6341438	129.8706512	-0.1052620	0.8420963
33.4306183	129.8706512	-0.2339157	0.7368343
35.2270889	129.8706512	-0.6315722	1.8596294
37.0235634	129.8706512	-0.6315722	1.7309759
38.8200340	129.8706512	-0.6900512	1.6140180
40.6165047	129.8706512	-0.8888795	1.0409247
42.4129791	129.8706512	-0.9356626	1.0175331
44.2094498	129.8706512	-0.6666596	0.6081807
46.0059242	129.8706512	-0.7719216	0.3274819
47.8023949	129.8706512	-0.7134427	0.5380060
49.5988655	129.8706512	-0.9239668	0.7602259
51.3953362	129.8706512	-0.6549639	0.5847892
53.1918106	129.8706512	-0.3508735	0.1403494
54.9882851	129.8706512	-0.5263102	0.2573072
56.7847557	129.8706512	-0.5029187	0.3859608
58.5812302	129.8706512	0.0000000	0.5847892
60.3776970	129.8706512	0.0233916	0.2806988
62.1741714	129.8706512	0.5029187	0.0701747
63.9706421	129.8706512	0.6666596	0.2573072
65.7671204	129.8706512	0.4912229	0.2105241
67.5635834	129.8706512	0.0350873	0.5029187
69.3600616	129.8706512	0.0000000	0.0000000
71.1565323	129.8706512	0.0000000	0.0000000
-0.7023520	131.6671295	0.0000000	0.0000000
1.0941203	131.6671295	0.0000000	0.0000000
2.8905921	131.6671295	-0.0701747	0.4093524
4.6870642	131.6671295	-0.0116958	0.6549639
6.4835367	131.6671295	0.0000000	0.6081807
8.2800093	131.6671295	-0.0818705	0.6081807
10.0764809	131.6671295	-0.0584789	0.5263102
11.8729525	131.6671295	0.5146145	0.2456114
13.6694250	131.6671295	0.3040904	0.6315722
15.4658966	131.6671295	-0.1403494	0.5613976
17.2623692	131.6671295	-0.0935663	0.3742650
19.0588398	131.6671295	-0.0350873	0.5380060
20.8553123	131.6671295	-0.4444397	0.0467831
22.6517868	131.6671295	-0.9707500	0.1403494
24.4482574	131.6671295	-0.9122710	0.2456114
26.2447300	131.6671295	-0.3742650	0.5497018
28.0412025	131.6671295	-0.6081807	0.8888795
29.8376732	131.6671295	-0.4561355	0.8771837
31.6341438	131.6671295	-0.1988283	1.0409247
33.4306183	131.6671295	-0.6315722	1.1929698
35.2270889	131.6671295	-0.6081807	1.6023222
37.0235634	131.6671295	-0.5263102	1.6724969
38.8200340	131.6671295	-0.7836174	1.6140180
40.6165047	131.6671295	-1.1461867	1.4034939
42.4129791	131.6671295	-0.6783554	0.7251385
44.2094498	131.6671295	-0.7251385	0.5730934
46.0059242	131.6671295	-0.8187048	0.1637410
47.8023949	131.6671295	-0.7719216	0.2690030
49.5988655	131.6671295	-0.7953132	0.1871325
51.3953362	131.6671295	-0.5847892	0.2456114
53.1918106	131.6671295	-0.5029187	0.3040904
54.9882851	131.6671295	-0.4795271	0.0935663
56.7847557	131.6671295	-0.0467831	0.0701747
58.5812302	131.6671295	-0.0350873	0.2923946
60.3776970	131.6671295	0.0467831	0.3157861
62.1741714	131.6671295	0.1286536	0.1169578
63.9706421	131.6671295	0.3274819	0.3742650
65.7671204	131.6671295	0.0818705	0.1520452
67.5635834	131.6671295	0.0818705	0.2923946
69.3600616	131.6671295	0.0000000	0.0000000
71.1565323	131.6671295	0.0000000	0.0000000
-0.7023520	133.4635925	0.0000000	0.0000000
1.0941203	133.4635925	0.0000000	0.0000000
2.8905921	133.4635925	-0.0116958	0.1988283
4.6870642	133.4635925	-0.0467831	0.3508735
6.4835367	133.4635925	0.0000000	0.5497018
8.2800093	133.4635925	0.0350873	0.7017469
10.0764809	133.4635925	-0.0350873	0.3742650
11.8729525	133.4635925	0.5380060	0.3274819
13.6694250	133.4635925	0.3391777	0.6666596
15.4658966	133.4635925	0.0000000	0.7602259
17.2623692	133.4635925	-0.1403494	0.6315722
19.0588398	133.4635925	-0.3976566	0.1520452
20.8553123	133.4635925	-0.4795271	0.3976566
22.6517868	133.4635925	-0.4795271	0.6783554
24.4482574	133.4635925	-0.7836174	0.4210482
26.2447300	133.4635925	-0.5613976	0.9239668
28.0412025	133.4635925	-0.5730934	1.2046657
29.8376732	133.4635925	-0.3625693	0.7485301
31.6341438	133.4635925	-0.4678313	0.9356626
33.4306183	133.4635925	-0.3274819	1.0994036
35.2270889	133.4635925	-0.2573072	1.3450150
37.0235634	133.4635925	-0.3508735	1.4736686
38.8200340	133.4635925	-0.5497018	1.9298041
40.6165047	133.4635925	-0.1871325	2.0584579
42.4129791	133.4635925	-0.6900512	0.5847892
44.2094498	133.4635925	-0.5029187	0.7719216
46.0059242	133.4635925	-0.6549639	0.2105241
47.8023949	133.4635925	-0.8070090	-0.0233916
49.5988655	133.4635925	-0.6900512	0.0818705
51.3953362	133.4635925	-0.5730934	-0.0584789
53.1918106	133.4635925	-0.8537921	0.1988283
54.9882851	133.4635925	-0.1520452	0.6315722
56.7847557	133.4635925	-0.1052620	0.5029187
58.5812302	133.4635925	-0.1286536	0.0116958
60.3776970	133.4635925	-0.0233916	0.1637410
62.1741714	133.4635925	-0.0818705	0.0701747
63.9706421	133.4635925	1.4151897	-0.3976566
65.7671204	133.4635925	-0.0701747	-0.0116958
67.5635834	133.4635925	0.0818705	0.0467831
69.3600616	133.4635925	0.0000000	0.0000000
71.1565323	133.4635925	0.0000000	0.0000000
-0.7023520	135.2600555	0.0000000	0.0000000
1.0941203	135.2600555	0.0000000	0.0000000
2.8905921	135.2600555	0.0000000	0.6900512
4.6870642	135.2600555	0.0701747	0.4795271
6.4835367	135.2600555	0.0000000	0.6315722
8.2800093	135.2600555	0.0467831	0.7953132
10.0764809	135.2600555	0.0584789	0.5146145
11.8729525	135.2600555	0.0467831	0.5263102
13.6694250	135.2600555	0.3040904	0.9356626
15.4658966	135.2600555	0.0116958	0.8654879
17.2623692	135.2600555	-0.0467831	0.6315722
19.0588398	135.2600555	-0.1052620	0.5263102
20.8553123	135.2600555	-0.1637410	0.5029187
22.6517868	135.2600555	-0.0818705	0.3742650
24.4482574	135.2600555	-0.6198765	0.6198765
26.2447300	135.2600555	-0.7368343	0.9356626
28.0412025	135.2600555	-0.5730934	1.3801024
29.8376732	135.2600555	-0.5146145	1.2397530
31.6341438	135.2600555	-0.2923946	1.2631445
33.4306183	135.2600555	0.0116958	0.9239668
35.2270889	135.2600555	0.0116958	0.9590542
37.0235634	135.2600555	0.1871325	1.4853644
38.8200340	135.2600555	-0.0701747	1.9765873
40.6165047	135.2600555	-0.1871325	2.1403282
42.4129791	135.2600555	-0.3274819	1.0409247
44.2094498	135.2600555	-0.3391777	0.7836174
46.0059242	135.2600555	-0.5964849	0.0818705
47.8023949	135.2600555	-0.6900512	-0.1520452
49.5988655	135.2600555	-0.6081807	0.0584789
51.3953362	135.2600555	-0.4327440	0.0584789
53.1918106	135.2600555	-0.2339157	0.1052620
54.9882851	135.2600555	-0.2573072	0.2105241
56.7847557	135.2600555	-0.1871325	-0.1988283
58.5812302	135.2600555	-0.0818705	-0.1169578
60.3776970	135.2600555	-0.1169578	0.0350873
62.1741714	135.2600555	-0.1520452	-0.0467831
63.9706421	135.2600555	-0.0116958	0.5380060
65.7671204	135.2600555	0.0000000	0.4327440
67.5635834	135.2600555	-0.1754367	0.0116958
69.3600616	135.2600555	0.0000000	0.0000000
71.1565323	135.2600555	0.0000000	0.0000000
-0.7023520	137.0565491	0.0000000	0.0000000
1.0941203	137.0565491	0.0000000	0.0000000
2.8905921	137.0565491	-0.0116958	0.4678313
4.6870642	137.0565491	0.0701747	0.4444397
6.4835367	137.0565491	0.0935663	0.8654879
8.2800093	137.0565491	0.0467831	0.7719216
10.0764809	137.0565491	-0.0116958	0.5497018
11.8729525	137.0565491	-0.1169578	0.6900512
13.6694250	137.0565491	0.0350873	0.8537921
15.4658966	137.0565491	0.0350873	0.8771837
17.2623692	137.0565491	0.0116958	0.6666596
19.0588398	137.0565491	-0.1286536	0.6081807
20.8553123	137.0565491	-0.1988283	0.5263102
22.6517868	137.0565491	-0.0818705	0.3742650
24.4482574	137.0565491	-0.6315722	0.5730934
26.2447300	137.0565491	-0.6549639	0.7953132
28.0412025	137.0565491	-0.1988283	0.8771837
29.8376732	137.0565491	-0.5497018	0.6198765
31.6341438	137.0565491	-0.2105241	1.1344910
33.4306183	137.0565491	0.0818705	1.0643163
35.2270889	137.0565491	0.0935663	0.8304006
37.0235634	137.0565491	0.0818705	1.6257138
38.8200340	137.0565491	0.0467831	1.8830210
40.6165047	137.0565491	-0.0350873	2.0584579
42.4129791	137.0565491	-0.0818705	1.6374096
44.2094498	137.0565491	0.0233916	0.6081807
46.0059242	137.0565491	-0.0935663	0.6549639
47.8023949	137.0565491	0.0000000	0.0000000
49.5988655	137.0565491	-0.3391777	-0.0935663
51.3953362	137.0565491	-0.1052620	-0.1754367
53.1918106	137.0565491	0.0116958	-0.0935663
54.9882851	137.0565491	0.0000000	0.1169578
56.7847557	137.0565491	-0.0467831	-0.0350873
58.5812302	137.0565491	-0.1052620	-0.0116958
60.3776970	137.0565491	-0.3040904	-0.0116958
62.1741714	137.0565491	-0.0350873	0.1871325
63.9706421	137.0565491	0.0467831	0.2456114
65.7671204	137.0565491	-0.0584789	-0.0935663
67.5635834	137.0565491	-0.4561355	-0.0467831
69.3600616	137.0565491	0.0000000	0.0000000
71.1565323	137.0565491	0.0000000	0.0000000
-0.7023520	138.8530121	0.0000000	0.0000000
1.0941203	138.8530121	0.0000000	0.0000000
2.8905921	138.8530121	-0.0584789	0.4678313
4.6870642	138.8530121	-0.0701747	0.3625693
6.4835367	138.8530121	0.0701747	0.6666596
8.2800093	138.8530121	0.0467831	0.7368343
10.0764809	138.8530121	-0.0701747	0.3274819
11.8729525	138.8530121	-0.1286536	0.5497018
13.6694250	138.8530121	-0.0701747	0.7368343
15.4658966	138.8530121	-0.0584789	0.7017469
17.2623692	138.8530121	-0.0935663	0.5497018
19.0588398	138.8530121	-0.0818705	0.5613976
20.8553123	138.8530121	-0.1754367	0.6198765
22.6517868	138.8530121	-0.3157861	0.6783554
24.4482574	138.8530121	-0.7251385	0.6315722
26.2447300	138.8530121	-0.6666596	0.9356626
28.0412025	138.8530121	-0.6432680	1.0175331
29.8376732	138.8530121	-0.8187048	1.0760120
31.6341438	138.8530121	-0.3508735	1.2397530
33.4306183	138.8530121	0.1169578	0.4327440
35.2270889	138.8530121	0.0935663	0.6432680
37.0235634	138.8530121	0.0584789	1.6374096
38.8200340	138.8530121	0.0701747	1.9531957
40.6165047	138.8530121	0.0000000	2.1520240
42.4129791	138.8530121	0.0233916	1.7309759
44.2094498	138.8530121	0.0467831	0.9590542
46.0059242	138.8530121	0.0935663	0.6900512
47.8023949	138.8530121	-0.2690030	0.2573072
49.5988655	138.8530121	0.0116958	0.1754367
51.3953362	138.8530121	0.0000000	-0.2222199
53.1918106	138.8530121	0.0467831	-0.2690030
54.9882851	138.8530121	0.0350873	-0.0467831
56.7847557	138.8530121	-0.0233916	0.0350873
58.5812302	138.8530121	-0.0350873	-0.0584789
60.3776970	138.8530121	-0.2573072	-0.0116958
62.1741714	138.8530121	-0.0701747	0.1286536
63.9706421	138.8530121	-0.0584789	0.1286536
65.7671204	138.8530121	0.0350873	0.1637410
67.5635834	138.8530121	-0.4444397	0.1403494
69.3600616	138.8530121	0.0000000	0.0000000
71.1565323	138.8530121	0.0000000	0.0000000
