Burst/rec/seq: 	0	21	21
Time stamp:  	01/07/13 	10:43:34:980
Elapsed time (ms): 	     533
-0.7	65.2	0.000	0.0000000
1.1	65.2	0.000	0.0000000
2.9	65.2	-0.058	0.0701747
4.7	65.2	0.035	0.0935663
6.5	65.2	-0.035	-0.0116958
8.3	65.2	-0.035	0.0350873
10.1	65.2	-0.058	-0.0467831
11.9	65.2	-0.012	-0.0233916
13.7	65.2	-0.012	0.0233916
15.5	65.2	0.023	0.0350873
17.3	65.2	0.023	0.0233916
19.1	65.2	0.000	0.0116958
20.9	65.2	-0.047	0.0000000
22.7	65.2	-0.035	-0.0350873
24.4	65.2	-0.070	-0.0584789
26.2	65.2	-0.047	-0.0701747
28.0	65.2	-0.140	-0.0818705
29.8	65.2	-0.175	-0.2105241
31.6	65.2	-0.175	-0.0818705
33.4	65.2	-0.094	-0.0701747
35.2	65.2	-0.199	0.0467831
37.0	65.2	-0.105	0.0818705
38.8	65.2	-0.070	0.1637410
40.6	65.2	-0.012	0.1520452
42.4	65.2	-0.047	0.1286536
44.2	65.2	-0.035	0.0584789
46.0	65.2	-0.199	0.0233916
47.8	65.2	-0.012	0.0935663
49.6	65.2	-0.023	0.0935663
51.4	65.2	-0.058	0.0584789
53.2	65.2	-0.105	0.0818705
55.0	65.2	0.000	0.0000000
56.8	65.2	-0.082	0.0000000
58.6	65.2	-0.199	-0.0467831
60.4	65.2	0.000	0.0000000
62.2	65.2	-0.058	-0.0350873
64.0	65.2	-0.047	0.0116958
65.8	65.2	-0.047	-0.0233916
67.6	65.2	0.023	-0.0818705
69.4	65.2	0.000	0.0000000
71.2	65.2	0.000	0.0000000
-0.7	67.0	0.000	0.0000000
1.1	67.0	0.000	0.0000000
2.9	67.0	0.000	0.0000000
4.7	67.0	0.023	0.1052620
6.5	67.0	-0.035	0.0467831
8.3	67.0	0.012	0.0818705
10.1	67.0	-0.035	0.0233916
11.9	67.0	-0.023	0.0000000
13.7	67.0	-0.047	0.0233916
15.5	67.0	0.023	0.1052620
17.3	67.0	0.012	0.0818705
19.1	67.0	-0.012	0.0350873
20.9	67.0	-0.012	0.0350873
22.7	67.0	0.164	-0.0116958
24.4	67.0	0.035	-0.0116958
26.2	67.0	0.000	-0.0818705
28.0	67.0	0.047	-0.0350873
29.8	67.0	0.000	-0.0584789
31.6	67.0	-0.047	-0.0350873
33.4	67.0	-0.129	-0.0584789
35.2	67.0	-0.129	-0.0350873
37.0	67.0	-0.023	0.0000000
38.8	67.0	-0.047	0.0350873
40.6	67.0	-0.058	0.1637410
42.4	67.0	-0.058	0.1286536
44.2	67.0	-0.082	0.0467831
46.0	67.0	-0.047	0.0116958
47.8	67.0	0.058	0.0000000
49.6	67.0	0.000	0.0467831
51.4	67.0	-0.047	0.0701747
53.2	67.0	-0.094	0.1052620
55.0	67.0	0.070	0.0350873
56.8	67.0	-0.117	-0.0116958
58.6	67.0	-0.058	-0.0818705
60.4	67.0	-0.140	-0.0350873
62.2	67.0	-0.047	-0.0233916
64.0	67.0	-0.023	-0.0233916
65.8	67.0	-0.023	0.0116958
67.6	67.0	0.023	-0.0935663
69.4	67.0	0.000	0.0000000
71.2	67.0	0.000	0.0000000
-0.7	68.8	0.000	0.0000000
1.1	68.8	0.000	0.0000000
2.9	68.8	0.000	0.0000000
4.7	68.8	0.035	0.1052620
6.5	68.8	0.000	0.0818705
8.3	68.8	-0.035	0.0350873
10.1	68.8	-0.023	0.0818705
11.9	68.8	-0.035	0.0818705
13.7	68.8	-0.047	0.0350873
15.5	68.8	0.000	0.0701747
17.3	68.8	-0.012	0.0818705
19.1	68.8	0.012	0.0584789
20.9	68.8	0.023	0.0584789
22.7	68.8	0.129	0.0233916
24.4	68.8	0.070	-0.0233916
26.2	68.8	0.094	-0.0350873
28.0	68.8	0.012	-0.0233916
29.8	68.8	0.082	-0.0116958
31.6	68.8	0.047	-0.0350873
33.4	68.8	-0.070	-0.0818705
35.2	68.8	-0.105	-0.0701747
37.0	68.8	-0.035	-0.0233916
38.8	68.8	-0.082	0.0233916
40.6	68.8	-0.082	0.0818705
42.4	68.8	-0.035	0.0935663
44.2	68.8	-0.058	0.0116958
46.0	68.8	-0.094	0.0116958
47.8	68.8	-0.058	-0.0233916
49.6	68.8	-0.035	0.1520452
51.4	68.8	-0.082	0.1520452
53.2	68.8	-0.082	-0.0116958
55.0	68.8	-0.058	0.1520452
56.8	68.8	-0.023	0.0233916
58.6	68.8	-0.023	-0.0116958
60.4	68.8	-0.023	-0.0116958
62.2	68.8	-0.047	-0.0116958
64.0	68.8	-0.012	-0.0116958
65.8	68.8	0.023	-0.0701747
67.6	68.8	0.012	-0.0701747
69.4	68.8	0.000	0.0000000
71.2	68.8	0.000	0.0000000
-0.7	70.6	0.000	0.0000000
1.1	70.6	0.000	0.0000000
2.9	70.6	-0.012	0.0000000
4.7	70.6	0.035	0.0935663
6.5	70.6	0.000	0.1637410
8.3	70.6	-0.023	0.0584789
10.1	70.6	-0.047	0.0584789
11.9	70.6	-0.047	0.0233916
13.7	70.6	0.000	0.0701747
15.5	70.6	0.000	0.0584789
17.3	70.6	-0.012	0.0701747
19.1	70.6	0.058	-0.0350873
20.9	70.6	0.082	0.0116958
22.7	70.6	0.117	0.0350873
24.4	70.6	0.035	-0.0350873
26.2	70.6	0.070	-0.0818705
28.0	70.6	0.058	-0.0233916
29.8	70.6	0.082	-0.0350873
31.6	70.6	0.105	0.0000000
33.4	70.6	0.094	0.0701747
35.2	70.6	-0.035	0.0116958
37.0	70.6	-0.105	-0.2339157
38.8	70.6	-0.012	-0.0233916
40.6	70.6	-0.058	0.0116958
42.4	70.6	-0.082	0.0467831
44.2	70.6	0.012	0.0818705
46.0	70.6	0.012	-0.0350873
47.8	70.6	-0.035	0.0467831
49.6	70.6	-0.047	0.0584789
51.4	70.6	-0.023	0.0350873
53.2	70.6	-0.047	0.0467831
55.0	70.6	-0.058	0.0818705
56.8	70.6	0.000	-0.0233916
58.6	70.6	-0.117	-0.0584789
60.4	70.6	-0.047	0.0116958
62.2	70.6	-0.058	-0.0233916
64.0	70.6	-0.047	0.0000000
65.8	70.6	0.000	-0.0233916
67.6	70.6	-0.023	-0.0584789
69.4	70.6	0.000	0.0000000
71.2	70.6	0.000	0.0000000
-0.7	72.4	0.000	0.0000000
1.1	72.4	0.000	0.0000000
2.9	72.4	0.000	0.0000000
4.7	72.4	0.012	0.1286536
6.5	72.4	0.000	0.0818705
8.3	72.4	0.000	0.0935663
10.1	72.4	-0.012	0.0116958
11.9	72.4	-0.012	0.0467831
13.7	72.4	0.035	0.0233916
15.5	72.4	0.070	0.1403494
17.3	72.4	0.012	0.0116958
19.1	72.4	-0.035	0.0000000
20.9	72.4	0.023	-0.0116958
22.7	72.4	0.058	0.0116958
24.4	72.4	0.000	-0.0467831
26.2	72.4	0.070	-0.2222199
28.0	72.4	0.082	-0.1988283
29.8	72.4	0.082	-0.0584789
31.6	72.4	0.129	0.0233916
33.4	72.4	0.175	0.1754367
35.2	72.4	0.070	0.0116958
37.0	72.4	-0.047	-0.0350873
38.8	72.4	-0.023	-0.1052620
40.6	72.4	0.082	0.0116958
42.4	72.4	-0.035	0.0467831
44.2	72.4	-0.023	0.0350873
46.0	72.4	-0.058	-0.0233916
47.8	72.4	-0.047	0.0350873
49.6	72.4	-0.012	0.0350873
51.4	72.4	-0.058	0.0350873
53.2	72.4	-0.117	0.0467831
55.0	72.4	-0.058	0.0818705
56.8	72.4	-0.105	0.0000000
58.6	72.4	-0.070	-0.0116958
60.4	72.4	-0.035	-0.0116958
62.2	72.4	-0.035	0.0233916
64.0	72.4	-0.012	0.0116958
65.8	72.4	0.012	0.0584789
67.6	72.4	0.058	0.1169578
69.4	72.4	0.000	0.0000000
71.2	72.4	0.000	0.0000000
-0.7	74.2	0.000	0.0000000
1.1	74.2	0.000	0.0000000
2.9	74.2	0.000	0.0116958
4.7	74.2	0.012	0.0350873
6.5	74.2	0.035	0.1169578
8.3	74.2	0.047	0.0350873
10.1	74.2	0.058	0.0233916
11.9	74.2	0.035	0.0584789
13.7	74.2	0.035	0.0116958
15.5	74.2	0.094	0.1286536
17.3	74.2	0.035	0.0935663
19.1	74.2	0.082	0.0116958
20.9	74.2	0.058	-0.0116958
22.7	74.2	0.070	0.0000000
24.4	74.2	0.117	0.0116958
26.2	74.2	0.035	-0.0701747
28.0	74.2	0.070	0.0116958
29.8	74.2	0.211	0.0233916
31.6	74.2	0.129	0.0116958
33.4	74.2	0.105	0.0584789
35.2	74.2	0.082	0.0935663
37.0	74.2	0.070	-0.0116958
38.8	74.2	-0.035	-0.0350873
40.6	74.2	0.035	-0.0116958
42.4	74.2	0.047	0.0350873
44.2	74.2	0.012	0.0116958
46.0	74.2	0.000	-0.0350873
47.8	74.2	0.047	-0.0116958
49.6	74.2	0.000	0.1637410
51.4	74.2	0.000	0.0935663
53.2	74.2	-0.140	-0.0233916
55.0	74.2	-0.094	-0.0233916
56.8	74.2	-0.105	-0.0233916
58.6	74.2	-0.047	-0.0233916
60.4	74.2	-0.012	-0.0233916
62.2	74.2	0.012	-0.0116958
64.0	74.2	0.012	-0.0701747
65.8	74.2	-0.117	0.0584789
67.6	74.2	-0.012	-0.0233916
69.4	74.2	0.000	0.0000000
71.2	74.2	0.000	0.0000000
-0.7	76.0	0.000	0.0000000
1.1	76.0	0.000	0.0000000
2.9	76.0	-0.012	0.0935663
4.7	76.0	0.023	0.0935663
6.5	76.0	0.058	0.0584789
8.3	76.0	0.047	0.0467831
10.1	76.0	0.047	0.0467831
11.9	76.0	0.047	0.0935663
13.7	76.0	0.070	0.1052620
15.5	76.0	0.047	0.0467831
17.3	76.0	0.070	0.0233916
19.1	76.0	0.094	-0.0116958
20.9	76.0	0.152	0.0350873
22.7	76.0	0.152	0.0350873
24.4	76.0	0.105	-0.0233916
26.2	76.0	0.094	0.0701747
28.0	76.0	0.082	0.0818705
29.8	76.0	0.175	0.0350873
31.6	76.0	0.164	-0.0233916
33.4	76.0	0.035	0.0350873
35.2	76.0	0.129	0.1520452
37.0	76.0	0.082	-0.0350873
38.8	76.0	-0.058	0.0116958
40.6	76.0	-0.070	0.0116958
42.4	76.0	0.012	0.0116958
44.2	76.0	0.058	0.0000000
46.0	76.0	-0.070	-0.0233916
47.8	76.0	0.035	-0.0116958
49.6	76.0	-0.082	0.0818705
51.4	76.0	-0.035	0.1286536
53.2	76.0	-0.094	-0.0116958
55.0	76.0	-0.152	-0.0818705
56.8	76.0	-0.070	-0.1169578
58.6	76.0	-0.035	-0.0350873
60.4	76.0	0.047	-0.0116958
62.2	76.0	0.012	-0.0584789
64.0	76.0	-0.012	-0.0233916
65.8	76.0	0.035	-0.0701747
67.6	76.0	-0.047	-0.1988283
69.4	76.0	0.000	0.0000000
71.2	76.0	0.000	0.0000000
-0.7	77.8	0.000	0.0000000
1.1	77.8	0.000	0.0000000
2.9	77.8	0.000	0.1286536
4.7	77.8	0.035	0.0584789
6.5	77.8	0.012	0.0818705
8.3	77.8	0.012	0.0584789
10.1	77.8	0.047	0.0818705
11.9	77.8	0.070	0.0818705
13.7	77.8	0.082	0.0818705
15.5	77.8	0.047	0.0467831
17.3	77.8	0.105	0.0584789
19.1	77.8	0.094	-0.0584789
20.9	77.8	0.117	-0.0350873
22.7	77.8	0.129	-0.0233916
24.4	77.8	0.199	0.0584789
26.2	77.8	0.199	0.0818705
28.0	77.8	0.164	0.0233916
29.8	77.8	0.070	-0.0116958
31.6	77.8	0.152	-0.0467831
33.4	77.8	0.175	0.0233916
35.2	77.8	0.117	0.1052620
37.0	77.8	0.199	0.1637410
38.8	77.8	0.082	0.0935663
40.6	77.8	0.070	0.0584789
42.4	77.8	0.094	-0.0818705
44.2	77.8	0.023	-0.2222199
46.0	77.8	-0.094	-0.0116958
47.8	77.8	0.058	-0.0116958
49.6	77.8	-0.012	0.0818705
51.4	77.8	-0.035	0.0701747
53.2	77.8	-0.082	-0.0467831
55.0	77.8	-0.070	-0.0701747
56.8	77.8	-0.047	-0.0350873
58.6	77.8	-0.058	-0.0233916
60.4	77.8	-0.070	-0.0233916
62.2	77.8	0.000	-0.0701747
64.0	77.8	-0.012	-0.0233916
65.8	77.8	0.000	-0.0233916
67.6	77.8	-0.035	-0.1403494
69.4	77.8	0.000	0.0000000
71.2	77.8	0.000	0.0000000
-0.7	79.6	0.000	0.0000000
1.1	79.6	0.000	0.0000000
2.9	79.6	0.000	0.0000000
4.7	79.6	0.000	0.0818705
6.5	79.6	0.012	0.0935663
8.3	79.6	0.047	0.0935663
10.1	79.6	0.058	0.1286536
11.9	79.6	0.035	0.0818705
13.7	79.6	0.058	0.1169578
15.5	79.6	0.140	0.0467831
17.3	79.6	0.187	0.0000000
19.1	79.6	0.129	-0.0350873
20.9	79.6	0.129	0.0233916
22.7	79.6	0.129	-0.0116958
24.4	79.6	0.187	-0.0467831
26.2	79.6	0.222	0.0116958
28.0	79.6	0.269	0.0350873
29.8	79.6	0.070	-0.0233916
31.6	79.6	0.140	0.0116958
33.4	79.6	0.140	0.1520452
35.2	79.6	0.117	0.1169578
37.0	79.6	0.175	0.1286536
38.8	79.6	0.140	0.1988283
40.6	79.6	0.117	0.1052620
42.4	79.6	0.140	0.0350873
44.2	79.6	-0.012	0.0701747
46.0	79.6	0.023	0.0584789
47.8	79.6	0.000	0.0701747
49.6	79.6	-0.105	0.0584789
51.4	79.6	-0.094	0.0350873
53.2	79.6	-0.058	-0.0116958
55.0	79.6	-0.058	-0.0233916
56.8	79.6	0.023	-0.0818705
58.6	79.6	0.012	-0.0701747
60.4	79.6	-0.047	-0.0467831
62.2	79.6	-0.012	-0.0350873
64.0	79.6	0.000	0.0116958
65.8	79.6	-0.035	-0.1637410
67.6	79.6	0.000	-0.1169578
69.4	79.6	0.000	0.0000000
71.2	79.6	0.000	0.0000000
-0.7	81.4	0.000	0.0000000
1.1	81.4	0.000	0.0000000
2.9	81.4	0.000	0.0000000
4.7	81.4	0.023	0.0818705
6.5	81.4	0.035	0.0818705
8.3	81.4	0.047	0.0935663
10.1	81.4	0.094	0.1286536
11.9	81.4	0.058	0.1169578
13.7	81.4	0.082	0.1052620
15.5	81.4	0.058	0.0350873
17.3	81.4	0.187	0.1052620
19.1	81.4	0.140	0.0818705
20.9	81.4	0.117	0.0467831
22.7	81.4	0.105	0.0350873
24.4	81.4	0.152	0.0467831
26.2	81.4	0.140	0.0584789
28.0	81.4	0.211	0.0467831
29.8	81.4	0.152	0.0467831
31.6	81.4	0.129	0.0701747
33.4	81.4	0.175	0.1169578
35.2	81.4	0.082	0.1754367
37.0	81.4	0.164	0.1403494
38.8	81.4	0.234	0.1286536
40.6	81.4	0.187	0.1520452
42.4	81.4	0.211	0.0701747
44.2	81.4	-0.035	0.0000000
46.0	81.4	-0.012	0.0116958
47.8	81.4	0.023	0.0000000
49.6	81.4	-0.082	-0.0350873
51.4	81.4	-0.129	-0.0701747
53.2	81.4	-0.082	-0.1169578
55.0	81.4	-0.035	-0.0818705
56.8	81.4	0.000	-0.0701747
58.6	81.4	0.000	-0.0818705
60.4	81.4	-0.012	-0.0584789
62.2	81.4	-0.023	-0.0233916
64.0	81.4	0.000	-0.0233916
65.8	81.4	0.012	-0.0116958
67.6	81.4	0.023	0.0233916
69.4	81.4	0.000	0.0000000
71.2	81.4	0.000	0.0000000
-0.7	83.2	0.000	0.0000000
1.1	83.2	0.000	0.0000000
2.9	83.2	0.000	0.0000000
4.7	83.2	-0.012	0.0116958
6.5	83.2	0.012	-0.0233916
8.3	83.2	0.047	0.0584789
10.1	83.2	0.070	0.1052620
11.9	83.2	0.070	0.1286536
13.7	83.2	0.105	0.1286536
15.5	83.2	0.105	0.0935663
17.3	83.2	0.082	0.0701747
19.1	83.2	0.058	0.0935663
20.9	83.2	0.105	0.1169578
22.7	83.2	0.117	-0.0116958
24.4	83.2	0.117	-0.0116958
26.2	83.2	0.105	0.0233916
28.0	83.2	0.047	0.0116958
29.8	83.2	0.070	0.0233916
31.6	83.2	0.070	0.0701747
33.4	83.2	0.047	0.0701747
35.2	83.2	0.152	0.1403494
37.0	83.2	0.058	0.0467831
38.8	83.2	0.140	-0.0116958
40.6	83.2	0.199	0.0701747
42.4	83.2	0.129	0.0467831
44.2	83.2	0.023	0.0935663
46.0	83.2	0.023	0.0233916
47.8	83.2	0.035	-0.0584789
49.6	83.2	0.047	-0.0467831
51.4	83.2	0.012	-0.0701747
53.2	83.2	-0.035	-0.1637410
55.0	83.2	-0.035	-0.0818705
56.8	83.2	0.012	-0.1052620
58.6	83.2	0.000	-0.1169578
60.4	83.2	-0.012	-0.0701747
62.2	83.2	0.000	-0.0116958
64.0	83.2	0.047	0.0116958
65.8	83.2	0.012	-0.0701747
67.6	83.2	-0.012	-0.0233916
69.4	83.2	0.000	0.0000000
71.2	83.2	0.000	0.0000000
-0.7	85.0	0.000	0.0000000
1.1	85.0	0.000	0.0000000
2.9	85.0	0.000	0.0000000
4.7	85.0	-0.012	0.0350873
6.5	85.0	0.000	0.0350873
8.3	85.0	0.012	0.0233916
10.1	85.0	0.035	0.0935663
11.9	85.0	0.070	0.0818705
13.7	85.0	0.035	0.0701747
15.5	85.0	0.058	0.0233916
17.3	85.0	0.070	0.0584789
19.1	85.0	0.105	0.0818705
20.9	85.0	0.117	0.0000000
22.7	85.0	0.082	-0.0350873
24.4	85.0	0.094	-0.0467831
26.2	85.0	0.105	0.0350873
28.0	85.0	0.105	0.1520452
29.8	85.0	0.152	0.1052620
31.6	85.0	0.292	0.0000000
33.4	85.0	0.070	0.1403494
35.2	85.0	0.094	0.1520452
37.0	85.0	0.117	0.0818705
38.8	85.0	0.105	0.0467831
40.6	85.0	0.094	0.0467831
42.4	85.0	0.117	0.0584789
44.2	85.0	0.129	0.1169578
46.0	85.0	0.105	0.1754367
47.8	85.0	0.082	0.0350873
49.6	85.0	0.152	-0.0116958
51.4	85.0	0.082	-0.0116958
53.2	85.0	0.012	-0.0818705
55.0	85.0	-0.035	-0.1286536
56.8	85.0	0.035	-0.1286536
58.6	85.0	-0.023	-0.1403494
60.4	85.0	-0.023	-0.1286536
62.2	85.0	0.000	-0.0467831
64.0	85.0	0.012	0.0116958
65.8	85.0	0.000	-0.0116958
67.6	85.0	-0.023	-0.0116958
69.4	85.0	0.000	0.0000000
71.2	85.0	0.000	0.0000000
-0.7	86.8	0.000	0.0000000
1.1	86.8	0.000	0.0000000
2.9	86.8	0.000	0.0000000
4.7	86.8	0.047	0.0935663
6.5	86.8	0.023	0.1052620
8.3	86.8	0.000	0.0701747
10.1	86.8	0.012	0.0000000
11.9	86.8	0.058	0.0000000
13.7	86.8	0.012	-0.0350873
15.5	86.8	0.047	0.0350873
17.3	86.8	0.082	0.0116958
19.1	86.8	0.129	-0.0233916
20.9	86.8	0.129	0.0233916
22.7	86.8	0.070	-0.1286536
24.4	86.8	0.058	-0.0935663
26.2	86.8	0.152	0.0935663
28.0	86.8	0.082	0.1169578
29.8	86.8	0.094	0.0701747
31.6	86.8	0.070	0.0701747
33.4	86.8	0.082	0.0350873
35.2	86.8	0.094	0.0701747
37.0	86.8	0.117	0.0818705
38.8	86.8	0.117	0.0350873
40.6	86.8	0.129	0.0350873
42.4	86.8	0.246	-0.0350873
44.2	86.8	0.129	0.1403494
46.0	86.8	0.152	0.1754367
47.8	86.8	0.094	0.1403494
49.6	86.8	0.117	0.0467831
51.4	86.8	0.082	0.0701747
53.2	86.8	0.058	0.0233916
55.0	86.8	-0.023	-0.1403494
56.8	86.8	0.000	-0.1169578
58.6	86.8	-0.105	-0.1052620
60.4	86.8	-0.105	-0.0701747
62.2	86.8	-0.035	-0.0467831
64.0	86.8	-0.035	-0.1169578
65.8	86.8	-0.012	-0.0818705
67.6	86.8	-0.035	0.0350873
69.4	86.8	0.000	0.0000000
71.2	86.8	0.000	0.0000000
-0.7	88.6	0.000	0.0000000
1.1	88.6	0.000	0.0000000
2.9	88.6	0.000	0.0000000
4.7	88.6	0.047	0.0467831
6.5	88.6	0.047	0.0701747
8.3	88.6	0.082	0.0116958
10.1	88.6	0.012	0.0584789
11.9	88.6	0.012	0.0818705
13.7	88.6	0.035	0.0000000
15.5	88.6	0.047	0.0233916
17.3	88.6	0.082	-0.0233916
19.1	88.6	0.105	-0.0233916
20.9	88.6	0.023	-0.0467831
22.7	88.6	0.058	-0.0467831
24.4	88.6	0.058	0.0350873
26.2	88.6	0.117	0.1286536
28.0	88.6	0.105	0.1052620
29.8	88.6	0.070	0.0584789
31.6	88.6	0.070	0.0701747
33.4	88.6	0.117	0.0701747
35.2	88.6	0.129	0.0701747
37.0	88.6	0.082	0.0935663
38.8	88.6	0.105	0.1169578
40.6	88.6	0.105	0.1286536
42.4	88.6	0.140	0.0701747
44.2	88.6	0.105	0.0584789
46.0	88.6	0.140	0.0350873
47.8	88.6	0.082	0.0467831
49.6	88.6	0.023	0.0467831
51.4	88.6	0.000	0.0116958
53.2	88.6	-0.023	-0.0350873
55.0	88.6	0.012	-0.1052620
56.8	88.6	-0.047	-0.1169578
58.6	88.6	-0.117	-0.1286536
60.4	88.6	-0.082	-0.0701747
62.2	88.6	-0.012	-0.0350873
64.0	88.6	0.000	-0.1286536
65.8	88.6	0.035	-0.0935663
67.6	88.6	0.082	0.0233916
69.4	88.6	0.000	0.0000000
71.2	88.6	0.000	0.0000000
-0.7	90.3	0.000	0.0000000
1.1	90.3	0.000	0.0000000
2.9	90.3	0.000	0.0000000
4.7	90.3	0.035	0.1286536
6.5	90.3	0.000	0.0350873
8.3	90.3	0.023	0.0701747
10.1	90.3	0.035	0.1052620
11.9	90.3	-0.012	0.0935663
13.7	90.3	0.000	-0.0350873
15.5	90.3	0.012	-0.0584789
17.3	90.3	-0.058	-0.1520452
19.1	90.3	0.035	0.0233916
20.9	90.3	-0.058	-0.0233916
22.7	90.3	-0.070	-0.0350873
24.4	90.3	-0.105	-0.0584789
26.2	90.3	-0.105	-0.0350873
28.0	90.3	0.000	0.0233916
29.8	90.3	0.058	0.1520452
31.6	90.3	0.070	0.1286536
33.4	90.3	0.105	0.0350873
35.2	90.3	0.094	0.0935663
37.0	90.3	0.117	0.0467831
38.8	90.3	0.082	0.0584789
40.6	90.3	0.094	0.1169578
42.4	90.3	0.094	0.1286536
44.2	90.3	0.129	0.1403494
46.0	90.3	0.070	0.0584789
47.8	90.3	0.105	0.0467831
49.6	90.3	0.023	-0.0116958
51.4	90.3	-0.058	-0.0935663
53.2	90.3	-0.082	-0.1052620
55.0	90.3	-0.105	-0.1520452
56.8	90.3	-0.023	-0.0818705
58.6	90.3	-0.094	-0.0467831
60.4	90.3	-0.117	-0.0701747
62.2	90.3	-0.058	-0.1286536
64.0	90.3	-0.012	-0.1871325
65.8	90.3	0.035	-0.0467831
67.6	90.3	0.023	-0.0233916
69.4	90.3	0.000	0.0000000
71.2	90.3	0.000	0.0000000
-0.7	92.1	0.000	0.0000000
1.1	92.1	0.000	0.0000000
2.9	92.1	0.000	0.0000000
4.7	92.1	0.035	0.0350873
6.5	92.1	0.094	0.0233916
8.3	92.1	0.023	0.0233916
10.1	92.1	-0.023	0.0000000
11.9	92.1	0.012	-0.0116958
13.7	92.1	-0.012	0.0000000
15.5	92.1	0.012	-0.0233916
17.3	92.1	-0.082	-0.0233916
19.1	92.1	-0.035	-0.0233916
20.9	92.1	-0.023	-0.0350873
22.7	92.1	-0.094	-0.0467831
24.4	92.1	-0.152	-0.0935663
26.2	92.1	-0.140	-0.1169578
28.0	92.1	-0.058	0.0233916
29.8	92.1	0.023	0.0818705
31.6	92.1	0.047	0.1286536
33.4	92.1	0.082	0.0935663
35.2	92.1	0.094	0.0935663
37.0	92.1	0.094	0.0935663
38.8	92.1	0.047	0.0467831
40.6	92.1	0.047	0.0818705
42.4	92.1	0.094	0.1052620
44.2	92.1	0.094	0.1052620
46.0	92.1	0.094	0.1286536
47.8	92.1	0.058	0.0701747
49.6	92.1	0.058	0.0935663
51.4	92.1	-0.246	-0.0935663
53.2	92.1	-0.129	-0.1169578
55.0	92.1	-0.094	-0.1286536
56.8	92.1	-0.199	-0.1169578
58.6	92.1	-0.023	-0.1286536
60.4	92.1	-0.129	-0.1286536
62.2	92.1	-0.058	-0.1052620
64.0	92.1	-0.035	-0.1052620
65.8	92.1	0.023	-0.0584789
67.6	92.1	0.035	-0.0233916
69.4	92.1	0.000	0.0000000
71.2	92.1	0.000	0.0000000
-0.7	93.9	0.000	0.0000000
1.1	93.9	0.000	0.0000000
2.9	93.9	0.000	0.0000000
4.7	93.9	0.035	0.0116958
6.5	93.9	0.070	0.0000000
8.3	93.9	0.082	0.0935663
10.1	93.9	0.000	0.0935663
11.9	93.9	0.058	0.0701747
13.7	93.9	0.047	0.0000000
15.5	93.9	-0.047	-0.0350873
17.3	93.9	-0.070	0.0000000
19.1	93.9	-0.070	-0.0116958
20.9	93.9	-0.070	-0.0584789
22.7	93.9	-0.082	-0.0467831
24.4	93.9	-0.129	-0.1169578
26.2	93.9	-0.164	-0.0935663
28.0	93.9	-0.070	0.0116958
29.8	93.9	0.012	0.0467831
31.6	93.9	-0.023	0.0467831
33.4	93.9	0.047	0.0350873
35.2	93.9	0.082	0.0584789
37.0	93.9	0.058	0.0701747
38.8	93.9	0.035	0.0584789
40.6	93.9	0.070	0.1052620
42.4	93.9	0.105	0.0935663
44.2	93.9	0.140	0.1052620
46.0	93.9	0.058	0.1754367
47.8	93.9	0.012	0.0935663
49.6	93.9	0.000	0.0818705
51.4	93.9	-0.152	-0.0116958
53.2	93.9	-0.105	-0.1286536
55.0	93.9	-0.105	-0.0818705
56.8	93.9	-0.058	-0.0818705
58.6	93.9	-0.047	-0.1286536
60.4	93.9	-0.082	-0.1871325
62.2	93.9	0.000	-0.1403494
64.0	93.9	-0.012	-0.0116958
65.8	93.9	-0.012	-0.0116958
67.6	93.9	-0.012	0.0000000
69.4	93.9	0.000	0.0000000
71.2	93.9	0.000	0.0000000
-0.7	95.7	0.000	0.0000000
1.1	95.7	0.000	0.0000000
2.9	95.7	0.000	0.0000000
4.7	95.7	0.047	0.0233916
6.5	95.7	0.047	0.0467831
8.3	95.7	0.035	0.0701747
10.1	95.7	0.047	0.0935663
11.9	95.7	-0.012	0.0935663
13.7	95.7	-0.117	0.0584789
15.5	95.7	-0.082	-0.0350873
17.3	95.7	-0.047	-0.0935663
19.1	95.7	-0.058	-0.0584789
20.9	95.7	-0.047	0.0000000
22.7	95.7	-0.047	0.0000000
24.4	95.7	-0.094	-0.0467831
26.2	95.7	-0.152	0.0000000
28.0	95.7	-0.129	0.0233916
29.8	95.7	0.012	0.0233916
31.6	95.7	0.012	0.0350873
33.4	95.7	0.082	0.0701747
35.2	95.7	0.070	0.0584789
37.0	95.7	0.058	0.0818705
38.8	95.7	0.140	0.1169578
40.6	95.7	0.129	0.0467831
42.4	95.7	0.094	0.1403494
44.2	95.7	0.117	0.1169578
46.0	95.7	0.164	0.1286536
47.8	95.7	0.257	0.1052620
49.6	95.7	0.023	0.1169578
51.4	95.7	-0.058	0.0000000
53.2	95.7	-0.058	-0.0818705
55.0	95.7	-0.117	-0.0818705
56.8	95.7	0.035	-0.1052620
58.6	95.7	-0.082	-0.1520452
60.4	95.7	-0.094	-0.1637410
62.2	95.7	-0.152	-0.4210482
64.0	95.7	-0.047	-0.1052620
65.8	95.7	-0.012	-0.0818705
67.6	95.7	-0.187	-0.0701747
69.4	95.7	0.000	0.0000000
71.2	95.7	0.000	0.0000000
-0.7	97.5	0.000	0.0000000
1.1	97.5	0.000	0.0000000
2.9	97.5	0.047	0.1520452
4.7	97.5	0.070	0.0233916
6.5	97.5	0.012	-0.0818705
8.3	97.5	0.012	0.1052620
10.1	97.5	0.035	0.1169578
11.9	97.5	0.012	0.1754367
13.7	97.5	-0.082	0.0701747
15.5	97.5	-0.129	-0.0701747
17.3	97.5	-0.082	-0.0467831
19.1	97.5	-0.070	-0.0584789
20.9	97.5	-0.035	-0.0350873
22.7	97.5	-0.012	-0.0350873
24.4	97.5	-0.047	0.0233916
26.2	97.5	-0.035	0.0233916
28.0	97.5	-0.105	0.0233916
29.8	97.5	-0.023	-0.0467831
31.6	97.5	-0.023	0.0350873
33.4	97.5	0.012	0.0350873
35.2	97.5	0.035	-0.0233916
37.0	97.5	0.129	0.1052620
38.8	97.5	0.105	0.0818705
40.6	97.5	0.105	0.0350873
42.4	97.5	0.070	0.0818705
44.2	97.5	0.117	0.1052620
46.0	97.5	0.234	0.1403494
47.8	97.5	0.211	0.1754367
49.6	97.5	0.000	0.2222199
51.4	97.5	-0.058	0.0000000
53.2	97.5	-0.105	-0.0818705
55.0	97.5	-0.105	-0.0935663
56.8	97.5	0.035	-0.1052620
58.6	97.5	-0.094	-0.1169578
60.4	97.5	-0.164	-0.2690030
62.2	97.5	-0.082	-0.1403494
64.0	97.5	-0.070	-0.1169578
65.8	97.5	-0.035	-0.1403494
67.6	97.5	-0.047	-0.1871325
69.4	97.5	0.000	0.0000000
71.2	97.5	0.000	0.0000000
-0.7	99.3	0.000	0.0000000
1.1	99.3	0.000	0.0000000
2.9	99.3	-0.012	0.4795271
4.7	99.3	0.023	0.0350873
6.5	99.3	0.035	0.0000000
8.3	99.3	0.023	0.0584789
10.1	99.3	0.047	0.0818705
11.9	99.3	0.047	0.1169578
13.7	99.3	0.000	0.0116958
15.5	99.3	0.023	0.0233916
17.3	99.3	-0.070	-0.0350873
19.1	99.3	-0.012	-0.0584789
20.9	99.3	0.000	0.0584789
22.7	99.3	0.023	0.0000000
24.4	99.3	0.023	-0.0116958
26.2	99.3	0.000	0.0350873
28.0	99.3	-0.023	0.0350873
29.8	99.3	-0.023	-0.0233916
31.6	99.3	0.012	-0.0701747
33.4	99.3	-0.023	0.0701747
35.2	99.3	0.047	0.0701747
37.0	99.3	0.140	0.0701747
38.8	99.3	0.152	0.0701747
40.6	99.3	0.152	0.0584789
42.4	99.3	0.152	0.1286536
44.2	99.3	0.058	0.1052620
46.0	99.3	0.140	0.0935663
47.8	99.3	0.117	0.1637410
49.6	99.3	-0.012	0.2222199
51.4	99.3	-0.094	0.0350873
53.2	99.3	-0.082	-0.0467831
55.0	99.3	-0.023	0.0000000
56.8	99.3	-0.058	-0.0818705
58.6	99.3	-0.082	-0.1169578
60.4	99.3	-0.035	-0.0701747
62.2	99.3	-0.070	-0.1286536
64.0	99.3	-0.070	-0.1052620
65.8	99.3	-0.082	-0.0935663
67.6	99.3	-0.012	-0.1520452
69.4	99.3	0.000	0.0000000
71.2	99.3	0.000	0.0000000
-0.7	101.1	0.000	0.0000000
1.1	101.1	0.000	0.0000000
2.9	101.1	-0.035	0.5613976
4.7	101.1	0.023	-0.0350873
6.5	101.1	0.082	0.0233916
8.3	101.1	0.035	0.0233916
10.1	101.1	0.035	0.0350873
11.9	101.1	0.058	0.0935663
13.7	101.1	0.023	0.0467831
15.5	101.1	0.035	0.0116958
17.3	101.1	-0.035	0.0000000
19.1	101.1	0.105	0.0818705
20.9	101.1	0.023	0.1286536
22.7	101.1	0.023	0.1988283
24.4	101.1	0.000	0.0467831
26.2	101.1	0.047	0.0467831
28.0	101.1	0.058	0.0350873
29.8	101.1	0.105	-0.0233916
31.6	101.1	0.082	0.1403494
33.4	101.1	0.082	0.1169578
35.2	101.1	0.082	0.1871325
37.0	101.1	0.129	0.0350873
38.8	101.1	0.164	0.1052620
40.6	101.1	0.129	0.0818705
42.4	101.1	0.117	0.0000000
44.2	101.1	0.164	0.1286536
46.0	101.1	0.164	0.1286536
47.8	101.1	0.117	0.1286536
49.6	101.1	0.117	0.1871325
51.4	101.1	0.023	0.1169578
53.2	101.1	-0.035	-0.0350873
55.0	101.1	-0.082	-0.0116958
56.8	101.1	0.047	-0.0350873
58.6	101.1	0.035	-0.0701747
60.4	101.1	-0.105	-0.1286536
62.2	101.1	-0.187	-0.1520452
64.0	101.1	-0.164	-0.1988283
65.8	101.1	-0.140	-0.1169578
67.6	101.1	-0.035	-0.1169578
69.4	101.1	0.000	0.0000000
71.2	101.1	0.000	0.0000000
-0.7	102.9	0.000	0.0000000
1.1	102.9	0.000	0.0000000
2.9	102.9	-0.058	-0.2339157
4.7	102.9	-0.035	-0.1169578
6.5	102.9	0.035	0.0000000
8.3	102.9	0.070	-0.0584789
10.1	102.9	0.082	0.0701747
11.9	102.9	0.140	0.0935663
13.7	102.9	0.070	0.0935663
15.5	102.9	0.070	0.0467831
17.3	102.9	0.094	0.0350873
19.1	102.9	0.129	0.1169578
20.9	102.9	-0.035	-0.0116958
22.7	102.9	0.070	0.0000000
24.4	102.9	0.047	-0.0350873
26.2	102.9	0.070	-0.0233916
28.0	102.9	0.070	0.0233916
29.8	102.9	0.140	-0.0116958
31.6	102.9	0.164	0.1169578
33.4	102.9	0.082	0.0818705
35.2	102.9	0.000	0.1403494
37.0	102.9	0.117	0.1169578
38.8	102.9	0.187	0.1169578
40.6	102.9	0.152	0.1169578
42.4	102.9	0.140	0.0935663
44.2	102.9	0.105	0.0584789
46.0	102.9	0.105	0.0584789
47.8	102.9	0.047	0.1169578
49.6	102.9	0.082	0.1520452
51.4	102.9	0.175	0.1520452
53.2	102.9	0.012	0.0701747
55.0	102.9	-0.058	-0.0116958
56.8	102.9	-0.058	-0.0350873
58.6	102.9	-0.012	-0.1052620
60.4	102.9	-0.023	-0.0935663
62.2	102.9	-0.105	-0.1169578
64.0	102.9	-0.105	-0.1520452
65.8	102.9	-0.035	-0.3391777
67.6	102.9	-0.012	-0.2105241
69.4	102.9	0.000	0.0000000
71.2	102.9	0.000	0.0000000
-0.7	104.7	0.000	0.0000000
1.1	104.7	0.000	0.0000000
2.9	104.7	-0.047	-0.1871325
4.7	104.7	-0.023	-0.1403494
6.5	104.7	0.012	-0.0584789
8.3	104.7	0.035	-0.0467831
10.1	104.7	0.082	0.0000000
11.9	104.7	0.105	0.0467831
13.7	104.7	0.175	0.1169578
15.5	104.7	0.246	-0.0116958
17.3	104.7	0.152	0.0818705
19.1	104.7	0.117	0.0584789
20.9	104.7	0.105	0.1052620
22.7	104.7	0.211	-0.0935663
24.4	104.7	0.117	0.0467831
26.2	104.7	0.082	0.0000000
28.0	104.7	0.105	0.0000000
29.8	104.7	0.129	0.0116958
31.6	104.7	0.129	0.0701747
33.4	104.7	0.117	0.1286536
35.2	104.7	0.117	0.1286536
37.0	104.7	0.129	0.0935663
38.8	104.7	0.117	0.0935663
40.6	104.7	0.152	0.1754367
42.4	104.7	0.117	0.1520452
44.2	104.7	0.199	0.1052620
46.0	104.7	0.105	0.1052620
47.8	104.7	0.012	0.0818705
49.6	104.7	0.058	0.1637410
51.4	104.7	0.129	0.1988283
53.2	104.7	0.047	0.1286536
55.0	104.7	0.222	0.0818705
56.8	104.7	0.023	0.0000000
58.6	104.7	0.012	-0.0116958
60.4	104.7	-0.012	-0.0467831
62.2	104.7	0.012	-0.0467831
64.0	104.7	0.035	-0.1520452
65.8	104.7	0.012	-0.2573072
67.6	104.7	0.012	-0.3391777
69.4	104.7	0.000	0.0000000
71.2	104.7	0.000	0.0000000
-0.7	106.5	0.000	0.0000000
1.1	106.5	0.000	0.0000000
2.9	106.5	-0.070	-0.2456114
4.7	106.5	-0.023	-0.1052620
6.5	106.5	-0.023	-0.1052620
8.3	106.5	0.023	-0.0935663
10.1	106.5	0.035	-0.0467831
11.9	106.5	0.058	-0.0701747
13.7	106.5	0.094	-0.0350873
15.5	106.5	0.094	0.0116958
17.3	106.5	0.152	0.0350873
19.1	106.5	0.117	0.0467831
20.9	106.5	0.129	0.0818705
22.7	106.5	0.199	0.0000000
24.4	106.5	0.175	0.0701747
26.2	106.5	0.187	0.0584789
28.0	106.5	0.175	0.0350873
29.8	106.5	0.164	0.0350873
31.6	106.5	0.211	0.0701747
33.4	106.5	0.070	0.0701747
35.2	106.5	0.140	0.0818705
37.0	106.5	0.070	0.1169578
38.8	106.5	0.082	0.1286536
40.6	106.5	0.117	0.1052620
42.4	106.5	0.070	0.1286536
44.2	106.5	0.117	0.0467831
46.0	106.5	0.058	0.1169578
47.8	106.5	0.012	0.0935663
49.6	106.5	0.047	0.2105241
51.4	106.5	0.094	0.1169578
53.2	106.5	0.117	0.1637410
55.0	106.5	0.234	0.1403494
56.8	106.5	0.058	0.0350873
58.6	106.5	0.058	0.0350873
60.4	106.5	0.082	0.0000000
62.2	106.5	0.047	0.0000000
64.0	106.5	0.058	-0.1286536
65.8	106.5	0.023	-0.1403494
67.6	106.5	0.152	-0.2923946
69.4	106.5	0.000	0.0000000
71.2	106.5	0.000	0.0000000
-0.7	108.3	0.000	0.0000000
1.1	108.3	0.000	0.0000000
2.9	108.3	0.000	-0.0584789
4.7	108.3	-0.012	-0.1169578
6.5	108.3	0.012	-0.1637410
8.3	108.3	0.000	-0.0467831
10.1	108.3	0.012	-0.0116958
11.9	108.3	0.023	-0.1169578
13.7	108.3	0.047	-0.1403494
15.5	108.3	0.035	-0.0467831
17.3	108.3	0.070	-0.0233916
19.1	108.3	0.082	-0.0584789
20.9	108.3	0.058	-0.1169578
22.7	108.3	0.105	-0.0584789
24.4	108.3	0.105	0.0584789
26.2	108.3	0.129	0.0467831
28.0	108.3	0.058	-0.0116958
29.8	108.3	0.152	0.0000000
31.6	108.3	0.082	-0.0116958
33.4	108.3	0.117	0.0818705
35.2	108.3	0.152	0.1052620
37.0	108.3	0.140	0.1520452
38.8	108.3	0.129	0.1520452
40.6	108.3	0.129	0.0467831
42.4	108.3	0.105	0.0584789
44.2	108.3	0.047	0.0233916
46.0	108.3	-0.012	0.0350873
47.8	108.3	-0.058	0.0116958
49.6	108.3	0.035	0.0467831
51.4	108.3	0.117	0.0467831
53.2	108.3	0.094	0.0467831
55.0	108.3	0.035	0.0818705
56.8	108.3	0.140	0.0701747
58.6	108.3	0.140	0.0233916
60.4	108.3	0.117	0.0116958
62.2	108.3	0.105	-0.0584789
64.0	108.3	0.117	-0.1988283
65.8	108.3	0.105	-0.1637410
67.6	108.3	0.082	-0.1871325
69.4	108.3	0.000	0.0000000
71.2	108.3	0.000	0.0000000
-0.7	110.1	0.000	0.0000000
1.1	110.1	0.000	0.0000000
2.9	110.1	-0.035	-0.2456114
4.7	110.1	-0.023	-0.1520452
6.5	110.1	-0.035	-0.0935663
8.3	110.1	-0.012	-0.1169578
10.1	110.1	-0.012	-0.0467831
11.9	110.1	-0.012	-0.1169578
13.7	110.1	0.012	-0.0935663
15.5	110.1	0.035	-0.0350873
17.3	110.1	0.023	-0.0467831
19.1	110.1	0.035	-0.0233916
20.9	110.1	0.070	-0.0701747
22.7	110.1	0.070	-0.1169578
24.4	110.1	0.070	-0.0818705
26.2	110.1	0.035	0.0000000
28.0	110.1	-0.023	-0.0935663
29.8	110.1	0.047	-0.0350873
31.6	110.1	0.047	-0.0350873
33.4	110.1	0.047	0.0701747
35.2	110.1	0.070	0.0818705
37.0	110.1	0.082	0.1052620
38.8	110.1	0.058	0.1403494
40.6	110.1	0.035	0.1169578
42.4	110.1	0.047	0.0935663
44.2	110.1	-0.035	0.0233916
46.0	110.1	-0.023	0.0233916
47.8	110.1	-0.035	0.0584789
49.6	110.1	0.035	0.0701747
51.4	110.1	0.012	0.0350873
53.2	110.1	0.117	0.0701747
55.0	110.1	0.023	0.0584789
56.8	110.1	0.129	-0.0350873
58.6	110.1	0.140	-0.0818705
60.4	110.1	0.140	-0.0701747
62.2	110.1	0.140	-0.1052620
64.0	110.1	0.175	-0.1403494
65.8	110.1	0.058	-0.1754367
67.6	110.1	-0.023	-0.4678313
69.4	110.1	0.000	0.0000000
71.2	110.1	0.000	0.0000000
-0.7	111.9	0.000	0.0000000
1.1	111.9	0.000	0.0000000
2.9	111.9	-0.035	-0.2222199
4.7	111.9	-0.012	-0.0818705
6.5	111.9	-0.023	-0.0935663
8.3	111.9	0.023	-0.0350873
10.1	111.9	-0.035	-0.0350873
11.9	111.9	-0.058	-0.1403494
13.7	111.9	-0.012	-0.1403494
15.5	111.9	0.035	-0.0701747
17.3	111.9	0.058	-0.0467831
19.1	111.9	0.023	0.0350873
20.9	111.9	0.070	-0.0116958
22.7	111.9	0.094	-0.0701747
24.4	111.9	0.082	-0.0935663
26.2	111.9	0.058	-0.0467831
28.0	111.9	0.035	-0.0467831
29.8	111.9	0.000	-0.0350873
31.6	111.9	0.000	-0.0584789
33.4	111.9	-0.047	0.0233916
35.2	111.9	-0.023	0.0467831
37.0	111.9	-0.023	0.0935663
38.8	111.9	-0.012	0.0935663
40.6	111.9	-0.047	0.0818705
42.4	111.9	0.023	0.0116958
44.2	111.9	0.023	0.0467831
46.0	111.9	0.000	0.0233916
47.8	111.9	0.012	-0.0233916
49.6	111.9	0.000	-0.0350873
51.4	111.9	-0.035	-0.0233916
53.2	111.9	0.000	-0.0935663
55.0	111.9	0.023	0.0000000
56.8	111.9	0.152	-0.0350873
58.6	111.9	0.140	-0.0818705
60.4	111.9	0.199	-0.0584789
62.2	111.9	0.070	-0.1520452
64.0	111.9	0.105	-0.1286536
65.8	111.9	0.082	-0.1754367
67.6	111.9	0.023	-0.1286536
69.4	111.9	0.000	0.0000000
71.2	111.9	0.000	0.0000000
-0.7	113.7	0.000	0.0000000
1.1	113.7	0.000	0.0000000
2.9	113.7	0.000	-0.1052620
4.7	113.7	-0.012	-0.0935663
6.5	113.7	-0.047	-0.0935663
8.3	113.7	-0.047	-0.1286536
10.1	113.7	-0.094	-0.1169578
11.9	113.7	-0.012	-0.1637410
13.7	113.7	-0.058	-0.1286536
15.5	113.7	-0.012	-0.1286536
17.3	113.7	0.023	-0.0935663
19.1	113.7	0.047	-0.0233916
20.9	113.7	0.058	0.0000000
22.7	113.7	0.105	-0.1286536
24.4	113.7	0.035	-0.1052620
26.2	113.7	0.035	-0.0584789
28.0	113.7	0.023	-0.0350873
29.8	113.7	0.023	-0.0701747
31.6	113.7	0.035	-0.0935663
33.4	113.7	-0.058	0.0000000
35.2	113.7	-0.023	-0.0350873
37.0	113.7	-0.012	0.0701747
38.8	113.7	-0.035	0.1403494
40.6	113.7	-0.035	0.0935663
42.4	113.7	0.035	-0.0116958
44.2	113.7	0.035	0.0233916
46.0	113.7	0.000	-0.0116958
47.8	113.7	0.035	-0.0350873
49.6	113.7	0.012	-0.0467831
51.4	113.7	0.035	-0.0467831
53.2	113.7	0.105	-0.0467831
55.0	113.7	0.047	0.0000000
56.8	113.7	0.047	-0.0467831
58.6	113.7	0.094	-0.1169578
60.4	113.7	0.117	-0.1052620
62.2	113.7	0.175	-0.1754367
64.0	113.7	0.094	-0.1286536
65.8	113.7	0.000	-0.1286536
67.6	113.7	0.129	-0.1052620
69.4	113.7	0.000	0.0000000
71.2	113.7	0.000	0.0000000
-0.7	115.5	0.000	0.0000000
1.1	115.5	0.000	0.0000000
2.9	115.5	-0.012	-0.0116958
4.7	115.5	0.000	-0.0116958
6.5	115.5	-0.023	-0.0467831
8.3	115.5	-0.082	-0.1403494
10.1	115.5	-0.058	-0.1403494
11.9	115.5	-0.035	-0.1286536
13.7	115.5	-0.047	-0.0818705
15.5	115.5	-0.023	-0.1169578
17.3	115.5	-0.012	-0.0935663
19.1	115.5	0.035	-0.0584789
20.9	115.5	0.047	0.0000000
22.7	115.5	0.047	-0.0818705
24.4	115.5	0.047	-0.0467831
26.2	115.5	0.070	-0.0467831
28.0	115.5	0.070	-0.0818705
29.8	115.5	0.082	-0.0467831
31.6	115.5	0.023	-0.0116958
33.4	115.5	0.000	-0.0467831
35.2	115.5	0.023	-0.0233916
37.0	115.5	0.047	0.0701747
38.8	115.5	0.070	0.0350873
40.6	115.5	0.047	0.0233916
42.4	115.5	0.047	0.0233916
44.2	115.5	0.012	-0.0116958
46.0	115.5	0.070	-0.0467831
47.8	115.5	0.105	-0.0701747
49.6	115.5	0.070	0.0000000
51.4	115.5	0.070	-0.0233916
53.2	115.5	0.094	-0.0233916
55.0	115.5	0.058	-0.0467831
56.8	115.5	0.058	-0.0584789
58.6	115.5	0.094	-0.0584789
60.4	115.5	0.211	-0.2105241
62.2	115.5	0.175	-0.2105241
64.0	115.5	0.094	-0.0350873
65.8	115.5	0.070	-0.0467831
67.6	115.5	0.140	-0.0467831
69.4	115.5	0.000	0.0000000
71.2	115.5	0.000	0.0000000
-0.7	117.3	0.000	0.0000000
1.1	117.3	0.000	0.0000000
2.9	117.3	0.035	0.0116958
4.7	117.3	0.035	-0.0116958
6.5	117.3	-0.012	-0.0584789
8.3	117.3	-0.035	-0.0935663
10.1	117.3	-0.035	-0.0818705
11.9	117.3	-0.047	-0.0935663
13.7	117.3	-0.058	-0.0701747
15.5	117.3	-0.023	-0.0818705
17.3	117.3	0.012	-0.0584789
19.1	117.3	0.035	-0.0350873
20.9	117.3	0.023	-0.0467831
22.7	117.3	0.012	-0.0467831
24.4	117.3	0.023	-0.0818705
26.2	117.3	0.058	-0.0350873
28.0	117.3	-0.023	-0.0935663
29.8	117.3	0.000	-0.0584789
31.6	117.3	0.023	-0.0350873
33.4	117.3	-0.012	-0.0467831
35.2	117.3	0.012	0.0000000
37.0	117.3	-0.035	-0.0233916
38.8	117.3	0.023	0.0350873
40.6	117.3	0.058	0.0233916
42.4	117.3	0.047	0.0350873
44.2	117.3	0.058	-0.0584789
46.0	117.3	0.023	-0.1169578
47.8	117.3	0.012	-0.0467831
49.6	117.3	0.082	-0.0350873
51.4	117.3	0.023	-0.0350873
53.2	117.3	0.094	-0.0467831
55.0	117.3	0.070	-0.0116958
56.8	117.3	0.082	-0.0818705
58.6	117.3	0.070	-0.1286536
60.4	117.3	0.199	-0.1754367
62.2	117.3	0.164	-0.1988283
64.0	117.3	0.082	-0.1052620
65.8	117.3	0.070	-0.1403494
67.6	117.3	0.094	-0.0350873
69.4	117.3	0.000	0.0000000
71.2	117.3	0.000	0.0000000
-0.7	119.1	0.000	0.0000000
1.1	119.1	0.000	0.0000000
2.9	119.1	0.035	0.1754367
4.7	119.1	-0.012	0.0000000
6.5	119.1	-0.012	0.0000000
8.3	119.1	0.012	-0.0350873
10.1	119.1	0.000	0.0000000
11.9	119.1	0.000	-0.0116958
13.7	119.1	-0.047	-0.0818705
15.5	119.1	-0.035	-0.0818705
17.3	119.1	-0.047	-0.1169578
19.1	119.1	0.000	-0.0935663
20.9	119.1	0.012	-0.0818705
22.7	119.1	0.058	0.0116958
24.4	119.1	-0.012	-0.1052620
26.2	119.1	0.000	-0.1286536
28.0	119.1	-0.023	-0.1286536
29.8	119.1	-0.047	-0.0350873
31.6	119.1	0.000	-0.0584789
33.4	119.1	0.012	-0.1169578
35.2	119.1	-0.023	-0.0701747
37.0	119.1	-0.047	0.0116958
38.8	119.1	0.058	-0.0116958
40.6	119.1	0.047	0.0350873
42.4	119.1	0.094	0.0818705
44.2	119.1	0.070	0.0350873
46.0	119.1	0.129	-0.0116958
47.8	119.1	0.058	-0.0233916
49.6	119.1	0.058	-0.0233916
51.4	119.1	0.035	-0.0350873
53.2	119.1	0.058	-0.0350873
55.0	119.1	0.105	-0.0467831
56.8	119.1	0.070	-0.1169578
58.6	119.1	0.035	-0.1169578
60.4	119.1	0.094	-0.1637410
62.2	119.1	0.117	-0.1169578
64.0	119.1	0.058	-0.1403494
65.8	119.1	0.105	-0.0818705
67.6	119.1	0.094	-0.0233916
69.4	119.1	0.000	0.0000000
71.2	119.1	0.000	0.0000000
-0.7	120.9	0.000	0.0000000
1.1	120.9	0.000	0.0000000
2.9	120.9	-0.012	-0.0233916
4.7	120.9	0.012	0.0116958
6.5	120.9	0.000	0.0116958
8.3	120.9	0.012	-0.0233916
10.1	120.9	0.023	0.0000000
11.9	120.9	0.023	-0.0233916
13.7	120.9	0.000	-0.0116958
15.5	120.9	-0.012	-0.0935663
17.3	120.9	-0.023	-0.1754367
19.1	120.9	0.023	-0.1052620
20.9	120.9	0.047	-0.0935663
22.7	120.9	0.058	-0.0116958
24.4	120.9	0.023	-0.0818705
26.2	120.9	0.035	-0.0818705
28.0	120.9	0.023	-0.1169578
29.8	120.9	-0.023	-0.0818705
31.6	120.9	-0.012	-0.0701747
33.4	120.9	0.012	-0.0701747
35.2	120.9	0.035	-0.0467831
37.0	120.9	0.047	-0.0116958
38.8	120.9	0.047	0.0116958
40.6	120.9	0.058	0.0584789
42.4	120.9	0.094	0.0000000
44.2	120.9	0.094	-0.0584789
46.0	120.9	0.105	-0.0116958
47.8	120.9	0.082	-0.0233916
49.6	120.9	0.082	-0.0350873
51.4	120.9	0.023	0.0000000
53.2	120.9	0.152	0.0000000
55.0	120.9	0.105	-0.0701747
56.8	120.9	0.058	-0.1169578
58.6	120.9	0.035	-0.1286536
60.4	120.9	0.117	-0.1169578
62.2	120.9	0.094	-0.1520452
64.0	120.9	0.047	-0.0233916
65.8	120.9	-0.012	-0.0350873
67.6	120.9	0.129	0.0233916
69.4	120.9	0.000	0.0000000
71.2	120.9	0.000	0.0000000
-0.7	122.7	0.000	0.0000000
1.1	122.7	0.000	0.0000000
2.9	122.7	0.023	-0.0350873
4.7	122.7	0.000	-0.0233916
6.5	122.7	0.012	-0.0233916
8.3	122.7	0.012	-0.0350873
10.1	122.7	0.012	0.0116958
11.9	122.7	0.023	0.0000000
13.7	122.7	0.023	-0.0116958
15.5	122.7	0.000	-0.0584789
17.3	122.7	0.012	-0.1169578
19.1	122.7	0.012	-0.0116958
20.9	122.7	0.047	-0.0350873
22.7	122.7	0.058	-0.0584789
24.4	122.7	0.070	-0.0935663
26.2	122.7	0.094	0.0000000
28.0	122.7	0.023	0.0350873
29.8	122.7	0.012	0.0000000
31.6	122.7	0.058	0.0116958
33.4	122.7	0.152	-0.0350873
35.2	122.7	0.082	0.0467831
37.0	122.7	0.047	-0.0116958
38.8	122.7	0.047	0.0116958
40.6	122.7	0.058	0.0116958
42.4	122.7	0.035	0.0350873
44.2	122.7	0.035	-0.0467831
46.0	122.7	0.117	-0.0701747
47.8	122.7	0.105	-0.0233916
49.6	122.7	0.094	-0.0584789
51.4	122.7	0.105	0.0116958
53.2	122.7	0.152	0.0000000
55.0	122.7	0.035	-0.1286536
56.8	122.7	0.035	-0.1637410
58.6	122.7	0.035	-0.1637410
60.4	122.7	0.035	-0.0935663
62.2	122.7	0.000	-0.1169578
64.0	122.7	0.035	-0.0935663
65.8	122.7	0.035	0.0116958
67.6	122.7	0.047	0.0350873
69.4	122.7	0.000	0.0000000
71.2	122.7	0.000	0.0000000
-0.7	124.5	0.000	0.0000000
1.1	124.5	0.000	0.0000000
2.9	124.5	-0.012	-0.0116958
4.7	124.5	0.012	-0.0116958
6.5	124.5	0.012	-0.0350873
8.3	124.5	0.012	0.0000000
10.1	124.5	0.000	0.0116958
11.9	124.5	0.023	-0.0116958
13.7	124.5	0.035	0.0116958
15.5	124.5	0.023	-0.0116958
17.3	124.5	0.012	-0.0584789
19.1	124.5	0.023	-0.0584789
20.9	124.5	0.035	-0.0350873
22.7	124.5	0.082	-0.0935663
24.4	124.5	0.129	0.0000000
26.2	124.5	0.105	0.0467831
28.0	124.5	0.117	0.0584789
29.8	124.5	0.222	0.0350873
31.6	124.5	0.152	0.0935663
33.4	124.5	0.129	-0.0584789
35.2	124.5	0.094	-0.1169578
37.0	124.5	0.058	-0.0467831
38.8	124.5	0.012	-0.0467831
40.6	124.5	0.082	-0.0818705
42.4	124.5	0.082	-0.0935663
44.2	124.5	0.047	-0.0818705
46.0	124.5	0.058	-0.1520452
47.8	124.5	0.152	0.0000000
49.6	124.5	0.105	0.0000000
51.4	124.5	0.117	-0.0233916
53.2	124.5	0.058	-0.1286536
55.0	124.5	0.035	-0.0818705
56.8	124.5	0.058	-0.1637410
58.6	124.5	0.035	-0.1754367
60.4	124.5	0.000	-0.1169578
62.2	124.5	0.012	-0.1286536
64.0	124.5	0.035	-0.0467831
65.8	124.5	0.023	-0.0233916
67.6	124.5	-0.035	0.0584789
69.4	124.5	0.000	0.0000000
71.2	124.5	0.000	0.0000000
-0.7	126.3	0.000	0.0000000
1.1	126.3	0.000	0.0000000
2.9	126.3	0.012	0.0116958
4.7	126.3	0.047	0.0233916
6.5	126.3	0.035	0.0467831
8.3	126.3	0.035	0.0350873
10.1	126.3	0.012	0.0116958
11.9	126.3	0.035	0.0233916
13.7	126.3	0.023	0.0350873
15.5	126.3	0.023	0.0116958
17.3	126.3	0.035	-0.0233916
19.1	126.3	0.035	-0.0818705
20.9	126.3	0.070	-0.0233916
22.7	126.3	0.082	-0.0701747
24.4	126.3	0.070	0.0116958
26.2	126.3	0.094	0.0350873
28.0	126.3	0.222	0.0000000
29.8	126.3	0.222	0.0116958
31.6	126.3	0.187	0.0467831
33.4	126.3	0.164	0.0116958
35.2	126.3	0.058	-0.0116958
37.0	126.3	0.082	-0.0116958
38.8	126.3	0.058	-0.0116958
40.6	126.3	0.140	0.0116958
42.4	126.3	0.047	-0.0233916
44.2	126.3	0.035	0.0000000
46.0	126.3	0.058	-0.0467831
47.8	126.3	0.047	-0.0467831
49.6	126.3	0.058	0.0000000
51.4	126.3	0.082	-0.0116958
53.2	126.3	0.012	-0.1286536
55.0	126.3	0.117	-0.1754367
56.8	126.3	0.082	-0.1286536
58.6	126.3	0.094	-0.1286536
60.4	126.3	-0.012	-0.1637410
62.2	126.3	0.000	-0.0935663
64.0	126.3	0.000	-0.0584789
65.8	126.3	-0.012	-0.0818705
67.6	126.3	-0.070	0.0350873
69.4	126.3	-0.035	0.0000000
71.2	126.3	-0.082	-0.0233916
-0.7	128.1	0.000	0.0000000
1.1	128.1	0.000	0.0000000
2.9	128.1	0.000	-0.0233916
4.7	128.1	0.012	-0.0233916
6.5	128.1	0.012	-0.0116958
8.3	128.1	0.000	-0.0116958
10.1	128.1	0.012	0.0000000
11.9	128.1	0.012	0.0233916
13.7	128.1	0.000	0.0350873
15.5	128.1	0.023	-0.0233916
17.3	128.1	0.047	-0.0116958
19.1	128.1	0.047	-0.0818705
20.9	128.1	0.070	-0.0467831
22.7	128.1	0.058	-0.0935663
24.4	128.1	0.070	-0.0584789
26.2	128.1	0.047	-0.0350873
28.0	128.1	0.140	-0.0116958
29.8	128.1	0.129	0.0350873
31.6	128.1	0.094	0.0233916
33.4	128.1	0.129	-0.0233916
35.2	128.1	0.058	-0.0350873
37.0	128.1	0.094	-0.0350873
38.8	128.1	0.129	0.0000000
40.6	128.1	0.140	0.0000000
42.4	128.1	0.117	0.0000000
44.2	128.1	0.082	-0.0350873
46.0	128.1	0.035	-0.0467831
47.8	128.1	0.058	-0.0701747
49.6	128.1	0.070	-0.0350873
51.4	128.1	0.035	0.0000000
53.2	128.1	0.082	-0.0233916
55.0	128.1	0.105	-0.1403494
56.8	128.1	0.035	-0.0935663
58.6	128.1	0.140	-0.0818705
60.4	128.1	0.070	-0.1169578
62.2	128.1	0.000	-0.0818705
64.0	128.1	0.000	-0.0116958
65.8	128.1	-0.023	-0.0584789
67.6	128.1	-0.070	0.1169578
69.4	128.1	0.000	0.0000000
71.2	128.1	0.000	0.0000000
-0.7	129.9	0.000	0.0000000
1.1	129.9	0.000	0.0000000
2.9	129.9	0.035	0.0233916
4.7	129.9	0.000	0.0233916
6.5	129.9	0.000	0.0584789
8.3	129.9	0.000	0.0116958
10.1	129.9	0.000	0.0233916
11.9	129.9	0.000	0.0467831
13.7	129.9	0.000	0.0116958
15.5	129.9	0.023	-0.0350873
17.3	129.9	0.012	-0.0467831
19.1	129.9	0.058	-0.0701747
20.9	129.9	0.070	-0.0818705
22.7	129.9	0.012	0.0000000
24.4	129.9	0.035	-0.0467831
26.2	129.9	0.058	-0.0584789
28.0	129.9	0.082	-0.0233916
29.8	129.9	0.094	-0.0233916
31.6	129.9	0.058	0.0233916
33.4	129.9	0.070	0.0350873
35.2	129.9	0.058	0.0350873
37.0	129.9	0.105	0.0350873
38.8	129.9	0.105	0.0584789
40.6	129.9	0.129	-0.0467831
42.4	129.9	0.129	0.0116958
44.2	129.9	0.105	0.0233916
46.0	129.9	0.152	-0.0467831
47.8	129.9	0.105	-0.0701747
49.6	129.9	0.094	-0.0233916
51.4	129.9	0.058	-0.0701747
53.2	129.9	0.105	-0.0467831
55.0	129.9	0.117	-0.0818705
56.8	129.9	0.105	-0.1052620
58.6	129.9	0.070	-0.0584789
60.4	129.9	0.058	-0.0818705
62.2	129.9	0.012	-0.0701747
64.0	129.9	0.023	-0.0935663
65.8	129.9	0.023	-0.0350873
67.6	129.9	0.000	0.0000000
69.4	129.9	0.000	0.0000000
71.2	129.9	0.000	0.0000000
-0.7	131.7	0.000	0.0000000
1.1	131.7	0.000	0.0000000
2.9	131.7	0.035	0.0233916
4.7	131.7	0.023	0.0467831
6.5	131.7	0.000	0.0701747
8.3	131.7	0.012	0.0350873
10.1	131.7	0.012	0.0350873
11.9	131.7	0.012	0.0116958
13.7	131.7	0.000	-0.0701747
15.5	131.7	0.012	-0.0350873
17.3	131.7	0.023	-0.0116958
19.1	131.7	0.070	-0.0935663
20.9	131.7	0.023	-0.0584789
22.7	131.7	0.082	-0.1403494
24.4	131.7	0.058	-0.0818705
26.2	131.7	0.023	-0.0350873
28.0	131.7	0.058	-0.0584789
29.8	131.7	0.082	-0.0350873
31.6	131.7	0.070	-0.0116958
33.4	131.7	0.094	0.0584789
35.2	131.7	0.175	0.0584789
37.0	131.7	0.105	0.0467831
38.8	131.7	0.094	0.0584789
40.6	131.7	0.094	0.0467831
42.4	131.7	0.117	0.0350873
44.2	131.7	0.105	-0.0233916
46.0	131.7	0.257	-0.0233916
47.8	131.7	0.152	-0.0233916
49.6	131.7	0.070	-0.0701747
51.4	131.7	0.129	-0.0350873
53.2	131.7	0.140	-0.1169578
55.0	131.7	0.117	-0.0818705
56.8	131.7	0.152	-0.1637410
58.6	131.7	0.058	-0.1169578
60.4	131.7	0.058	-0.1286536
62.2	131.7	0.105	-0.0935663
64.0	131.7	0.058	0.0000000
65.8	131.7	0.082	-0.0818705
67.6	131.7	0.023	-0.0584789
69.4	131.7	0.000	0.0000000
71.2	131.7	0.000	0.0000000
-0.7	133.5	0.000	0.0000000
1.1	133.5	0.000	0.0000000
2.9	133.5	0.035	0.1052620
4.7	133.5	-0.012	0.0350873
6.5	133.5	0.000	0.0116958
8.3	133.5	0.000	0.0000000
10.1	133.5	0.000	-0.0116958
11.9	133.5	0.023	-0.0116958
13.7	133.5	0.000	-0.0935663
15.5	133.5	0.012	-0.0701747
17.3	133.5	0.023	-0.0467831
19.1	133.5	0.012	-0.1052620
20.9	133.5	0.035	-0.1052620
22.7	133.5	0.058	-0.0701747
24.4	133.5	0.035	-0.0818705
26.2	133.5	0.047	-0.0701747
28.0	133.5	0.047	-0.0818705
29.8	133.5	0.129	-0.0701747
31.6	133.5	0.082	-0.1169578
33.4	133.5	0.105	-0.0818705
35.2	133.5	0.105	-0.0116958
37.0	133.5	0.129	0.0350873
38.8	133.5	0.047	0.0233916
40.6	133.5	0.187	0.0350873
42.4	133.5	0.187	0.0701747
44.2	133.5	0.117	0.0350873
46.0	133.5	0.199	-0.0818705
47.8	133.5	0.199	-0.1052620
49.6	133.5	0.164	-0.1520452
51.4	133.5	0.164	-0.1754367
53.2	133.5	0.129	-0.0935663
55.0	133.5	0.129	-0.1169578
56.8	133.5	0.117	-0.0818705
58.6	133.5	0.070	-0.1403494
60.4	133.5	0.035	-0.1286536
62.2	133.5	0.047	-0.0701747
64.0	133.5	0.082	-0.0116958
65.8	133.5	0.035	-0.0350873
67.6	133.5	-0.012	-0.0233916
69.4	133.5	0.000	0.0000000
71.2	133.5	0.000	0.0000000
-0.7	135.3	0.000	0.0000000
1.1	135.3	0.000	0.0000000
2.9	135.3	0.035	0.0584789
4.7	135.3	-0.023	0.0233916
6.5	135.3	-0.012	0.0000000
8.3	135.3	0.000	-0.0116958
10.1	135.3	-0.012	-0.0116958
11.9	135.3	0.000	-0.0701747
13.7	135.3	-0.023	-0.0584789
15.5	135.3	-0.023	-0.0701747
17.3	135.3	-0.023	-0.0701747
19.1	135.3	0.023	-0.0818705
20.9	135.3	0.023	-0.0935663
22.7	135.3	0.070	-0.0233916
24.4	135.3	0.082	-0.0350873
26.2	135.3	0.105	-0.0701747
28.0	135.3	0.094	-0.1169578
29.8	135.3	0.082	-0.0116958
31.6	135.3	0.094	-0.1169578
33.4	135.3	0.117	-0.1286536
35.2	135.3	0.058	0.0233916
37.0	135.3	0.129	0.0233916
38.8	135.3	0.094	0.0701747
40.6	135.3	0.105	0.0233916
42.4	135.3	0.140	0.0000000
44.2	135.3	0.094	0.0116958
46.0	135.3	0.175	-0.1403494
47.8	135.3	0.187	-0.0935663
49.6	135.3	0.129	-0.0584789
51.4	135.3	0.070	0.0000000
53.2	135.3	0.117	0.0000000
55.0	135.3	0.117	-0.0701747
56.8	135.3	0.140	-0.0467831
58.6	135.3	0.094	-0.0350873
60.4	135.3	0.070	-0.0467831
62.2	135.3	-0.012	0.1052620
64.0	135.3	0.047	0.0233916
65.8	135.3	0.035	-0.0467831
67.6	135.3	0.012	-0.0116958
69.4	135.3	0.000	0.0000000
71.2	135.3	0.000	0.0000000
-0.7	137.1	0.000	0.0000000
1.1	137.1	0.000	0.0000000
2.9	137.1	-0.023	0.1169578
4.7	137.1	-0.012	0.0350873
6.5	137.1	-0.023	-0.0116958
8.3	137.1	-0.035	-0.0350873
10.1	137.1	-0.035	-0.0233916
11.9	137.1	0.035	-0.0701747
13.7	137.1	0.000	-0.0701747
15.5	137.1	0.023	-0.0350873
17.3	137.1	0.012	-0.0935663
19.1	137.1	0.023	-0.0935663
20.9	137.1	0.035	-0.0701747
22.7	137.1	0.047	-0.0116958
24.4	137.1	0.058	-0.0818705
26.2	137.1	0.105	-0.1169578
28.0	137.1	0.094	-0.1286536
29.8	137.1	0.070	-0.0584789
31.6	137.1	0.082	-0.0935663
33.4	137.1	0.070	-0.1052620
35.2	137.1	0.070	0.0116958
37.0	137.1	0.152	0.0233916
38.8	137.1	0.094	0.1052620
40.6	137.1	0.140	0.0000000
42.4	137.1	0.187	-0.0350873
44.2	137.1	0.152	-0.0467831
46.0	137.1	0.234	-0.1052620
47.8	137.1	0.211	-0.1520452
49.6	137.1	0.047	-0.1169578
51.4	137.1	0.105	-0.0584789
53.2	137.1	0.152	-0.0233916
55.0	137.1	0.117	-0.0818705
56.8	137.1	0.012	-0.0935663
58.6	137.1	0.082	-0.0818705
60.4	137.1	0.094	-0.0935663
62.2	137.1	0.105	-0.0584789
64.0	137.1	0.105	-0.1286536
65.8	137.1	0.094	-0.0701747
67.6	137.1	0.047	-0.0233916
69.4	137.1	0.000	0.0000000
71.2	137.1	0.000	0.0000000
-0.7	138.9	0.000	0.0000000
1.1	138.9	0.000	0.0000000
2.9	138.9	-0.035	0.0818705
4.7	138.9	-0.047	0.0584789
6.5	138.9	-0.023	0.0350873
8.3	138.9	-0.012	-0.0233916
10.1	138.9	0.000	-0.0584789
11.9	138.9	0.000	-0.0584789
13.7	138.9	-0.012	-0.0584789
15.5	138.9	0.012	-0.0350873
17.3	138.9	-0.012	-0.0350873
19.1	138.9	0.070	-0.0701747
20.9	138.9	0.105	-0.0116958
22.7	138.9	0.070	-0.0233916
24.4	138.9	0.058	-0.0467831
26.2	138.9	0.094	-0.0467831
28.0	138.9	0.105	-0.1169578
29.8	138.9	0.105	-0.0467831
31.6	138.9	0.129	-0.0584789
33.4	138.9	0.094	-0.0701747
35.2	138.9	0.058	0.0584789
37.0	138.9	0.152	0.0350873
38.8	138.9	0.082	0.0467831
40.6	138.9	0.094	-0.0584789
42.4	138.9	0.175	-0.1052620
44.2	138.9	0.082	-0.1403494
46.0	138.9	0.187	-0.0818705
47.8	138.9	0.082	-0.0233916
49.6	138.9	0.199	-0.0116958
51.4	138.9	0.094	-0.0350873
53.2	138.9	0.082	-0.0818705
55.0	138.9	0.070	-0.0584789
56.8	138.9	0.094	-0.0701747
58.6	138.9	0.094	-0.0701747
60.4	138.9	0.094	-0.0701747
62.2	138.9	0.094	-0.0584789
64.0	138.9	0.094	-0.0116958
65.8	138.9	0.058	0.0116958
67.6	138.9	-0.012	-0.0233916
69.4	138.9	0.000	0.0000000
71.2	138.9	0.000	0.0000000
