Burst/rec/seq: 	0	19	19
Time stamp:  	01/07/13 	11:17:32:292
Elapsed time (ms): 	     333
-0.7	65.2	0.000	0.000
1.1	65.2	0.000	0.000
2.9	65.2	0.082	0.187
4.7	65.2	0.175	0.304
6.5	65.2	0.035	0.117
8.3	65.2	0.012	0.023
10.1	65.2	-0.012	0.058
11.9	65.2	0.012	0.094
13.7	65.2	0.047	0.152
15.5	65.2	0.070	0.175
17.3	65.2	0.035	0.140
19.1	65.2	0.047	0.012
20.9	65.2	0.035	0.047
22.7	65.2	0.094	0.117
24.4	65.2	0.023	0.129
26.2	65.2	0.082	0.152
28.0	65.2	-0.047	0.409
29.8	65.2	0.058	0.094
31.6	65.2	0.117	0.070
33.4	65.2	0.199	0.058
35.2	65.2	0.175	-0.012
37.0	65.2	0.058	-0.047
38.8	65.2	0.152	-0.105
40.6	65.2	0.117	-0.047
42.4	65.2	0.094	0.000
44.2	65.2	0.035	-0.070
46.0	65.2	0.082	-0.094
47.8	65.2	0.058	-0.012
49.6	65.2	0.222	-0.082
51.4	65.2	0.175	-0.152
53.2	65.2	0.257	0.164
55.0	65.2	0.246	-0.035
56.8	65.2	0.152	-0.070
58.6	65.2	-0.035	-0.187
60.4	65.2	-0.023	-0.269
62.2	65.2	0.070	-0.105
64.0	65.2	0.070	0.012
65.8	65.2	0.117	0.058
67.6	65.2	0.117	0.070
69.4	65.2	0.000	0.000
71.2	65.2	0.000	0.000
-0.7	67.0	0.000	0.000
1.1	67.0	0.000	0.000
2.9	67.0	0.047	0.327
4.7	67.0	0.152	0.257
6.5	67.0	0.105	0.187
8.3	67.0	0.117	0.094
10.1	67.0	0.012	0.058
11.9	67.0	-0.023	0.023
13.7	67.0	-0.023	0.035
15.5	67.0	0.094	0.082
17.3	67.0	0.140	0.082
19.1	67.0	0.129	0.082
20.9	67.0	0.070	0.140
22.7	67.0	0.175	0.129
24.4	67.0	0.187	0.047
26.2	67.0	0.140	0.094
28.0	67.0	0.105	0.211
29.8	67.0	0.047	0.012
31.6	67.0	-0.058	-0.211
33.4	67.0	0.000	-0.175
35.2	67.0	0.047	-0.222
37.0	67.0	0.047	-0.246
38.8	67.0	0.094	-0.164
40.6	67.0	0.129	-0.199
42.4	67.0	0.129	-0.023
44.2	67.0	0.070	-0.047
46.0	67.0	0.187	0.012
47.8	67.0	0.175	-0.058
49.6	67.0	0.234	-0.047
51.4	67.0	0.316	-0.316
53.2	67.0	0.000	-0.246
55.0	67.0	0.082	-0.374
56.8	67.0	0.023	-0.257
58.6	67.0	-0.012	-0.117
60.4	67.0	-0.117	-0.140
62.2	67.0	-0.012	-0.070
64.0	67.0	0.082	0.058
65.8	67.0	0.082	0.082
67.6	67.0	0.047	0.058
69.4	67.0	0.000	0.000
71.2	67.0	0.000	0.000
-0.7	68.8	0.000	0.000
1.1	68.8	0.000	0.000
2.9	68.8	-0.012	0.152
4.7	68.8	0.070	0.211
6.5	68.8	0.082	0.199
8.3	68.8	0.012	0.129
10.1	68.8	-0.035	0.023
11.9	68.8	-0.035	0.000
13.7	68.8	-0.047	-0.023
15.5	68.8	0.000	-0.035
17.3	68.8	0.187	0.070
19.1	68.8	0.129	0.105
20.9	68.8	0.082	0.187
22.7	68.8	0.199	0.117
24.4	68.8	0.129	0.094
26.2	68.8	0.129	0.117
28.0	68.8	0.175	0.164
29.8	68.8	0.082	-0.047
31.6	68.8	0.094	-0.199
33.4	68.8	-0.094	-0.327
35.2	68.8	-0.047	-0.339
37.0	68.8	-0.012	-0.351
38.8	68.8	0.035	-0.234
40.6	68.8	0.105	-0.281
42.4	68.8	0.105	-0.620
44.2	68.8	0.140	-0.865
46.0	68.8	0.199	0.012
47.8	68.8	0.421	-0.140
49.6	68.8	0.491	-0.175
51.4	68.8	0.480	-0.398
53.2	68.8	0.199	-0.152
55.0	68.8	0.187	-0.222
56.8	68.8	0.047	-0.503
58.6	68.8	0.023	-0.222
60.4	68.8	-0.094	-0.035
62.2	68.8	-0.140	-0.035
64.0	68.8	0.000	-0.035
65.8	68.8	0.000	0.281
67.6	68.8	0.082	0.269
69.4	68.8	0.000	0.000
71.2	68.8	0.000	0.000
-0.7	70.6	0.000	0.000
1.1	70.6	0.000	0.000
2.9	70.6	0.000	0.047
4.7	70.6	0.082	0.070
6.5	70.6	0.105	0.140
8.3	70.6	0.047	0.175
10.1	70.6	0.105	0.211
11.9	70.6	-0.023	0.000
13.7	70.6	0.070	0.000
15.5	70.6	0.140	0.187
17.3	70.6	0.140	0.117
19.1	70.6	0.152	0.175
20.9	70.6	0.105	0.082
22.7	70.6	0.164	0.129
24.4	70.6	0.234	0.199
26.2	70.6	0.199	0.222
28.0	70.6	0.175	0.164
29.8	70.6	0.105	0.047
31.6	70.6	0.058	-0.281
33.4	70.6	-0.047	-0.281
35.2	70.6	-0.058	-0.292
37.0	70.6	-0.012	-0.257
38.8	70.6	0.035	-0.246
40.6	70.6	0.129	-0.012
42.4	70.6	0.094	-0.702
44.2	70.6	0.105	-0.795
46.0	70.6	0.526	-0.222
47.8	70.6	0.421	-0.304
49.6	70.6	0.339	-0.187
51.4	70.6	0.526	-0.164
53.2	70.6	0.386	-0.222
55.0	70.6	0.269	-0.164
56.8	70.6	0.035	-0.257
58.6	70.6	0.000	-0.269
60.4	70.6	0.047	-0.140
62.2	70.6	-0.047	0.035
64.0	70.6	0.082	0.117
65.8	70.6	0.023	0.211
67.6	70.6	-0.012	0.246
69.4	70.6	0.000	0.000
71.2	70.6	0.000	0.000
-0.7	72.4	0.000	0.000
1.1	72.4	0.000	0.000
2.9	72.4	0.000	0.000
4.7	72.4	0.082	0.047
6.5	72.4	0.094	0.246
8.3	72.4	0.187	0.269
10.1	72.4	0.175	0.292
11.9	72.4	0.304	0.363
13.7	72.4	0.234	0.304
15.5	72.4	0.222	0.234
17.3	72.4	0.175	0.140
19.1	72.4	0.175	0.058
20.9	72.4	0.164	0.058
22.7	72.4	0.222	0.117
24.4	72.4	0.070	0.105
26.2	72.4	0.164	0.222
28.0	72.4	0.082	0.164
29.8	72.4	0.105	0.058
31.6	72.4	-0.023	-0.152
33.4	72.4	-0.058	-0.187
35.2	72.4	-0.070	-0.152
37.0	72.4	-0.023	-0.094
38.8	72.4	0.094	-0.117
40.6	72.4	0.129	-0.058
42.4	72.4	0.211	0.000
44.2	72.4	0.211	-0.058
46.0	72.4	0.281	-0.047
47.8	72.4	0.316	-0.164
49.6	72.4	0.175	-0.058
51.4	72.4	0.386	-0.363
53.2	72.4	0.351	-0.082
55.0	72.4	0.468	-0.175
56.8	72.4	0.070	-0.339
58.6	72.4	0.000	-0.409
60.4	72.4	0.234	-0.211
62.2	72.4	0.281	-0.152
64.0	72.4	-0.012	0.035
65.8	72.4	-0.012	0.199
67.6	72.4	-0.058	0.327
69.4	72.4	0.000	0.000
71.2	72.4	0.000	0.000
-0.7	74.2	0.000	0.000
1.1	74.2	0.000	0.000
2.9	74.2	-0.023	-0.012
4.7	74.2	0.058	0.094
6.5	74.2	0.070	0.105
8.3	74.2	0.222	0.281
10.1	74.2	0.234	0.351
11.9	74.2	0.175	0.246
13.7	74.2	0.222	0.304
15.5	74.2	0.292	0.292
17.3	74.2	0.222	0.257
19.1	74.2	0.164	0.175
20.9	74.2	0.117	0.094
22.7	74.2	0.105	0.211
24.4	74.2	0.222	0.234
26.2	74.2	0.047	0.222
28.0	74.2	0.035	0.117
29.8	74.2	-0.058	-0.012
31.6	74.2	-0.058	-0.281
33.4	74.2	-0.175	-0.222
35.2	74.2	-0.094	-0.070
37.0	74.2	0.105	-0.023
38.8	74.2	0.070	0.047
40.6	74.2	0.070	-0.152
42.4	74.2	0.187	-0.211
44.2	74.2	0.281	-0.292
46.0	74.2	0.094	-0.023
47.8	74.2	0.257	-0.140
49.6	74.2	0.082	-0.094
51.4	74.2	0.140	-0.292
53.2	74.2	0.094	-0.327
55.0	74.2	0.152	0.000
56.8	74.2	0.187	-0.269
58.6	74.2	0.082	-0.304
60.4	74.2	0.211	-0.094
62.2	74.2	0.023	0.222
64.0	74.2	0.023	0.094
65.8	74.2	-0.023	0.140
67.6	74.2	0.012	0.374
69.4	74.2	0.000	0.000
71.2	74.2	0.000	0.000
-0.7	76.0	0.000	0.000
1.1	76.0	0.000	0.000
2.9	76.0	0.023	-0.012
4.7	76.0	0.035	0.047
6.5	76.0	0.058	0.023
8.3	76.0	0.035	0.000
10.1	76.0	0.058	0.058
11.9	76.0	0.129	0.281
13.7	76.0	0.047	0.480
15.5	76.0	0.164	0.211
17.3	76.0	0.082	0.129
19.1	76.0	-0.094	0.094
20.9	76.0	0.070	0.129
22.7	76.0	0.000	0.000
24.4	76.0	0.140	0.222
26.2	76.0	0.023	0.316
28.0	76.0	-0.035	0.082
29.8	76.0	-0.035	-0.035
31.6	76.0	-0.047	-0.082
33.4	76.0	0.047	0.047
35.2	76.0	-0.047	-0.140
37.0	76.0	0.058	-0.070
38.8	76.0	0.129	-0.047
40.6	76.0	0.070	-0.164
42.4	76.0	0.082	-0.199
44.2	76.0	-0.035	-0.246
46.0	76.0	-0.105	0.199
47.8	76.0	0.140	0.094
49.6	76.0	0.023	-0.257
51.4	76.0	0.058	-0.234
53.2	76.0	0.070	-0.199
55.0	76.0	0.246	-0.105
56.8	76.0	0.105	-0.374
58.6	76.0	0.000	0.035
60.4	76.0	0.117	0.105
62.2	76.0	0.000	0.070
64.0	76.0	0.023	0.058
65.8	76.0	0.023	0.082
67.6	76.0	0.023	0.503
69.4	76.0	0.000	0.000
71.2	76.0	0.000	0.000
-0.7	77.8	0.000	0.000
1.1	77.8	0.000	0.000
2.9	77.8	0.012	0.047
4.7	77.8	0.047	0.070
6.5	77.8	0.058	0.199
8.3	77.8	0.105	0.211
10.1	77.8	0.117	0.257
11.9	77.8	0.187	0.164
13.7	77.8	0.105	0.257
15.5	77.8	0.035	0.129
17.3	77.8	0.035	0.082
19.1	77.8	-0.070	0.175
20.9	77.8	-0.117	0.094
22.7	77.8	-0.094	0.058
24.4	77.8	-0.094	0.023
26.2	77.8	-0.082	-0.035
28.0	77.8	-0.023	-0.094
29.8	77.8	0.000	-0.140
31.6	77.8	-0.082	-0.094
33.4	77.8	-0.047	-0.047
35.2	77.8	-0.035	-0.012
37.0	77.8	0.012	-0.035
38.8	77.8	0.070	-0.094
40.6	77.8	0.152	-0.175
42.4	77.8	0.047	-0.152
44.2	77.8	-0.222	-0.199
46.0	77.8	-0.257	-0.105
47.8	77.8	0.012	0.012
49.6	77.8	0.047	-0.117
51.4	77.8	-0.012	-0.105
53.2	77.8	0.035	-0.105
55.0	77.8	0.035	-0.023
56.8	77.8	0.117	0.012
58.6	77.8	0.058	-0.094
60.4	77.8	0.012	0.047
62.2	77.8	0.000	0.070
64.0	77.8	-0.012	0.117
65.8	77.8	-0.047	0.222
67.6	77.8	-0.012	0.281
69.4	77.8	0.000	0.000
71.2	77.8	0.000	0.000
-0.7	79.6	0.000	0.000
1.1	79.6	0.000	0.000
2.9	79.6	0.000	0.000
4.7	79.6	-0.105	-0.117
6.5	79.6	-0.023	-0.035
8.3	79.6	-0.012	0.035
10.1	79.6	0.035	0.105
11.9	79.6	0.035	0.082
13.7	79.6	0.070	0.094
15.5	79.6	0.070	0.187
17.3	79.6	0.023	0.304
19.1	79.6	0.000	0.152
20.9	79.6	-0.164	0.082
22.7	79.6	-0.304	-0.164
24.4	79.6	-0.304	-0.164
26.2	79.6	-0.152	-0.047
28.0	79.6	-0.047	-0.117
29.8	79.6	0.000	-0.117
31.6	79.6	-0.035	-0.117
33.4	79.6	-0.012	-0.012
35.2	79.6	0.000	-0.117
37.0	79.6	-0.070	-0.222
38.8	79.6	-0.058	-0.222
40.6	79.6	0.105	-0.035
42.4	79.6	0.269	-0.070
44.2	79.6	-0.152	-0.012
46.0	79.6	-0.035	-0.070
47.8	79.6	0.094	-0.023
49.6	79.6	0.175	-0.035
51.4	79.6	0.164	-0.012
53.2	79.6	0.129	-0.094
55.0	79.6	0.246	-0.199
56.8	79.6	0.047	-0.082
58.6	79.6	0.117	-0.082
60.4	79.6	0.035	0.175
62.2	79.6	-0.023	0.187
64.0	79.6	-0.047	0.152
65.8	79.6	-0.082	0.117
67.6	79.6	-0.094	-0.035
69.4	79.6	0.000	0.000
71.2	79.6	0.000	0.000
-0.7	81.4	0.000	0.000
1.1	81.4	0.000	0.000
2.9	81.4	-0.012	-0.023
4.7	81.4	0.012	0.012
6.5	81.4	-0.082	-0.175
8.3	81.4	-0.035	-0.012
10.1	81.4	0.047	-0.012
11.9	81.4	0.047	0.070
13.7	81.4	0.035	0.222
15.5	81.4	-0.012	0.292
17.3	81.4	0.023	0.339
19.1	81.4	-0.094	0.117
20.9	81.4	-0.199	0.000
22.7	81.4	-0.339	-0.164
24.4	81.4	-0.444	0.070
26.2	81.4	-0.339	-0.316
28.0	81.4	-0.058	-0.304
29.8	81.4	-0.035	-0.152
31.6	81.4	0.012	-0.070
33.4	81.4	-0.035	-0.164
35.2	81.4	-0.012	-0.199
37.0	81.4	-0.070	-0.234
38.8	81.4	-0.070	-0.234
40.6	81.4	-0.023	-0.058
42.4	81.4	0.152	0.035
44.2	81.4	0.082	-0.023
46.0	81.4	0.105	-0.211
47.8	81.4	0.094	-0.070
49.6	81.4	0.105	-0.094
51.4	81.4	0.094	0.000
53.2	81.4	-0.012	-0.433
55.0	81.4	0.117	-0.363
56.8	81.4	0.117	-0.094
58.6	81.4	-0.035	0.152
60.4	81.4	-0.094	0.070
62.2	81.4	-0.035	0.105
64.0	81.4	-0.070	0.129
65.8	81.4	-0.070	0.117
67.6	81.4	-0.058	0.199
69.4	81.4	0.000	0.000
71.2	81.4	0.000	0.000
-0.7	83.2	0.000	0.000
1.1	83.2	0.000	0.000
2.9	83.2	-0.047	0.058
4.7	83.2	0.023	-0.117
6.5	83.2	-0.012	-0.058
8.3	83.2	0.023	-0.035
10.1	83.2	0.035	-0.082
11.9	83.2	0.070	-0.070
13.7	83.2	0.000	0.105
15.5	83.2	-0.070	0.187
17.3	83.2	-0.094	0.211
19.1	83.2	-0.035	0.152
20.9	83.2	-0.070	-0.012
22.7	83.2	-0.023	0.058
24.4	83.2	-0.187	-0.292
26.2	83.2	-0.082	-0.538
28.0	83.2	-0.105	-0.468
29.8	83.2	-0.082	-0.070
31.6	83.2	0.000	-0.035
33.4	83.2	-0.035	-0.140
35.2	83.2	0.012	-0.187
37.0	83.2	-0.152	-0.339
38.8	83.2	-0.023	-0.339
40.6	83.2	-0.082	-0.140
42.4	83.2	0.094	-0.129
44.2	83.2	0.082	-0.175
46.0	83.2	0.012	-0.105
47.8	83.2	0.023	-0.070
49.6	83.2	0.082	-0.082
51.4	83.2	0.058	0.035
53.2	83.2	0.058	-0.468
55.0	83.2	0.117	-0.421
56.8	83.2	0.082	-0.070
58.6	83.2	0.035	0.152
60.4	83.2	-0.035	0.129
62.2	83.2	0.012	0.129
64.0	83.2	-0.152	0.117
65.8	83.2	-0.094	0.129
67.6	83.2	-0.082	0.105
69.4	83.2	0.000	0.000
71.2	83.2	0.000	0.000
-0.7	85.0	0.000	0.000
1.1	85.0	0.000	0.000
2.9	85.0	0.000	0.058
4.7	85.0	0.000	-0.047
6.5	85.0	0.012	-0.035
8.3	85.0	-0.023	-0.070
10.1	85.0	-0.012	-0.105
11.9	85.0	0.012	-0.035
13.7	85.0	0.000	0.234
15.5	85.0	-0.035	0.117
17.3	85.0	-0.035	0.304
19.1	85.0	0.000	0.152
20.9	85.0	-0.035	0.094
22.7	85.0	0.012	0.105
24.4	85.0	-0.023	-0.012
26.2	85.0	-0.094	-0.526
28.0	85.0	-0.035	-0.433
29.8	85.0	-0.082	-0.058
31.6	85.0	-0.035	-0.117
33.4	85.0	0.023	-0.082
35.2	85.0	0.023	-0.094
37.0	85.0	-0.082	-0.152
38.8	85.0	-0.023	-0.211
40.6	85.0	-0.129	-0.257
42.4	85.0	-0.058	-0.152
44.2	85.0	0.140	-0.140
46.0	85.0	-0.012	-0.140
47.8	85.0	0.047	-0.070
49.6	85.0	0.070	-0.129
51.4	85.0	0.023	-0.164
53.2	85.0	0.094	-0.573
55.0	85.0	0.047	-0.211
56.8	85.0	-0.035	-0.012
58.6	85.0	0.105	0.047
60.4	85.0	0.035	0.129
62.2	85.0	0.000	0.140
64.0	85.0	-0.094	0.351
65.8	85.0	-0.164	0.152
67.6	85.0	-0.082	0.105
69.4	85.0	0.000	0.000
71.2	85.0	0.000	0.000
-0.7	86.8	0.000	0.000
1.1	86.8	0.000	0.000
2.9	86.8	0.000	0.000
4.7	86.8	0.047	0.000
6.5	86.8	0.012	0.012
8.3	86.8	-0.047	-0.012
10.1	86.8	-0.023	-0.058
11.9	86.8	0.012	0.000
13.7	86.8	0.023	0.058
15.5	86.8	0.070	0.140
17.3	86.8	0.035	0.175
19.1	86.8	0.082	0.175
20.9	86.8	-0.012	0.117
22.7	86.8	0.012	0.152
24.4	86.8	0.000	-0.012
26.2	86.8	-0.222	-0.257
28.0	86.8	-0.140	-0.327
29.8	86.8	-0.082	-0.164
31.6	86.8	-0.023	0.023
33.4	86.8	0.035	-0.140
35.2	86.8	-0.012	-0.070
37.0	86.8	0.035	-0.129
38.8	86.8	0.082	-0.187
40.6	86.8	0.047	-0.351
42.4	86.8	0.035	-0.257
44.2	86.8	0.000	0.000
46.0	86.8	0.000	-0.070
47.8	86.8	0.023	-0.082
49.6	86.8	0.047	-0.023
51.4	86.8	0.070	-0.269
53.2	86.8	0.035	-0.187
55.0	86.8	0.012	-0.152
56.8	86.8	-0.035	-0.012
58.6	86.8	-0.023	0.012
60.4	86.8	0.000	0.246
62.2	86.8	-0.035	0.257
64.0	86.8	0.012	0.152
65.8	86.8	-0.152	0.117
67.6	86.8	-0.117	0.164
69.4	86.8	0.000	0.000
71.2	86.8	0.000	0.000
-0.7	88.6	0.000	0.000
1.1	88.6	0.000	0.000
2.9	88.6	0.012	0.199
4.7	88.6	0.012	0.023
6.5	88.6	0.023	0.058
8.3	88.6	-0.035	0.047
10.1	88.6	0.012	0.012
11.9	88.6	0.047	0.012
13.7	88.6	0.070	0.070
15.5	88.6	0.094	0.152
17.3	88.6	0.047	0.058
19.1	88.6	0.012	0.117
20.9	88.6	0.012	0.117
22.7	88.6	0.082	0.105
24.4	88.6	0.035	0.094
26.2	88.6	-0.105	-0.140
28.0	88.6	-0.199	-0.164
29.8	88.6	-0.058	-0.070
31.6	88.6	0.012	-0.058
33.4	88.6	0.058	-0.058
35.2	88.6	0.012	-0.152
37.0	88.6	0.047	-0.047
38.8	88.6	0.094	-0.058
40.6	88.6	0.023	-0.175
42.4	88.6	-0.012	-0.199
44.2	88.6	0.070	-0.234
46.0	88.6	0.000	-0.047
47.8	88.6	0.000	-0.152
49.6	88.6	0.047	-0.164
51.4	88.6	0.070	-0.222
53.2	88.6	0.000	-0.175
55.0	88.6	0.012	-0.152
56.8	88.6	-0.023	-0.082
58.6	88.6	-0.211	0.129
60.4	88.6	-0.070	0.211
62.2	88.6	-0.129	0.164
64.0	88.6	-0.082	0.269
65.8	88.6	-0.082	0.222
67.6	88.6	-0.117	0.234
69.4	88.6	0.000	0.000
71.2	88.6	0.000	0.000
-0.7	90.3	0.000	0.000
1.1	90.3	0.000	0.000
2.9	90.3	0.152	-0.409
4.7	90.3	-0.023	-0.035
6.5	90.3	0.035	0.094
8.3	90.3	0.012	0.117
10.1	90.3	0.070	0.094
11.9	90.3	0.035	-0.023
13.7	90.3	0.035	0.035
15.5	90.3	0.023	0.047
17.3	90.3	0.035	0.047
19.1	90.3	0.082	0.140
20.9	90.3	0.047	0.152
22.7	90.3	0.070	0.105
24.4	90.3	0.023	0.070
26.2	90.3	-0.082	-0.082
28.0	90.3	-0.117	-0.211
29.8	90.3	-0.058	-0.129
31.6	90.3	0.012	-0.105
33.4	90.3	0.047	-0.094
35.2	90.3	-0.023	-0.140
37.0	90.3	0.105	-0.117
38.8	90.3	0.082	-0.211
40.6	90.3	0.117	-0.211
42.4	90.3	-0.035	-0.175
44.2	90.3	-0.023	-0.175
46.0	90.3	-0.012	-0.094
47.8	90.3	0.000	-0.082
49.6	90.3	0.023	-0.129
51.4	90.3	0.082	-0.129
53.2	90.3	-0.023	-0.070
55.0	90.3	-0.094	-0.082
56.8	90.3	-0.070	-0.070
58.6	90.3	-0.105	0.175
60.4	90.3	-0.129	0.246
62.2	90.3	-0.129	0.363
64.0	90.3	-0.117	0.269
65.8	90.3	-0.199	0.304
67.6	90.3	-0.058	0.339
69.4	90.3	0.000	0.000
71.2	90.3	0.000	0.000
-0.7	92.1	0.000	0.000
1.1	92.1	0.000	0.000
2.9	92.1	0.000	0.000
4.7	92.1	0.000	-0.035
6.5	92.1	0.023	-0.012
8.3	92.1	0.035	0.082
10.1	92.1	0.012	0.105
11.9	92.1	-0.058	0.035
13.7	92.1	-0.035	0.035
15.5	92.1	-0.023	-0.012
17.3	92.1	0.070	0.105
19.1	92.1	0.187	0.234
20.9	92.1	-0.094	0.456
22.7	92.1	0.047	0.374
24.4	92.1	0.035	0.222
26.2	92.1	-0.117	-0.012
28.0	92.1	-0.199	-0.175
29.8	92.1	-0.152	-0.374
31.6	92.1	-0.035	-0.070
33.4	92.1	-0.058	-0.129
35.2	92.1	-0.094	-0.211
37.0	92.1	-0.152	-0.175
38.8	92.1	-0.070	-0.234
40.6	92.1	-0.047	-0.234
42.4	92.1	-0.035	-0.058
44.2	92.1	-0.152	-0.234
46.0	92.1	-0.094	-0.187
47.8	92.1	-0.117	-0.094
49.6	92.1	-0.094	-0.187
51.4	92.1	-0.140	-0.152
53.2	92.1	-0.058	-0.058
55.0	92.1	-0.117	-0.140
56.8	92.1	-0.281	-0.140
58.6	92.1	-0.094	0.257
60.4	92.1	-0.164	0.257
62.2	92.1	-0.140	0.327
64.0	92.1	-0.222	0.257
65.8	92.1	-0.152	0.187
67.6	92.1	-0.094	0.257
69.4	92.1	0.000	0.000
71.2	92.1	0.000	0.000
-0.7	93.9	0.000	0.000
1.1	93.9	0.000	0.000
2.9	93.9	-0.023	0.094
4.7	93.9	0.058	0.023
6.5	93.9	-0.023	0.000
8.3	93.9	-0.012	0.082
10.1	93.9	-0.047	0.047
11.9	93.9	-0.105	0.012
13.7	93.9	-0.094	0.012
15.5	93.9	-0.117	0.094
17.3	93.9	-0.094	0.023
19.1	93.9	-0.070	0.175
20.9	93.9	0.035	0.152
22.7	93.9	0.023	0.246
24.4	93.9	0.023	0.187
26.2	93.9	0.000	0.129
28.0	93.9	-0.070	-0.094
29.8	93.9	-0.140	-0.105
31.6	93.9	0.000	-0.023
33.4	93.9	-0.199	0.082
35.2	93.9	-0.152	-0.199
37.0	93.9	-0.164	-0.175
38.8	93.9	-0.058	-0.129
40.6	93.9	-0.152	-0.129
42.4	93.9	-0.094	-0.152
44.2	93.9	-0.187	-0.234
46.0	93.9	-0.105	-0.117
47.8	93.9	-0.094	-0.023
49.6	93.9	-0.129	-0.199
51.4	93.9	-0.117	-0.164
53.2	93.9	-0.117	-0.047
55.0	93.9	-0.129	-0.094
56.8	93.9	-0.175	0.094
58.6	93.9	-0.105	0.292
60.4	93.9	-0.129	0.339
62.2	93.9	-0.094	0.409
64.0	93.9	-0.152	0.304
65.8	93.9	-0.152	0.164
67.6	93.9	-0.105	0.304
69.4	93.9	0.000	0.000
71.2	93.9	0.000	0.000
-0.7	95.7	0.000	0.000
1.1	95.7	0.000	0.000
2.9	95.7	0.129	0.035
4.7	95.7	-0.035	0.012
6.5	95.7	-0.035	0.070
8.3	95.7	-0.035	0.129
10.1	95.7	-0.035	0.129
11.9	95.7	-0.035	-0.012
13.7	95.7	-0.047	0.000
15.5	95.7	-0.070	0.035
17.3	95.7	-0.070	0.070
19.1	95.7	-0.035	0.047
20.9	95.7	-0.012	0.164
22.7	95.7	0.058	0.246
24.4	95.7	0.058	0.211
26.2	95.7	0.058	0.070
28.0	95.7	0.058	-0.023
29.8	95.7	-0.035	-0.094
31.6	95.7	-0.012	-0.105
33.4	95.7	-0.058	-0.035
35.2	95.7	-0.082	-0.129
37.0	95.7	-0.140	-0.199
38.8	95.7	-0.012	-0.199
40.6	95.7	-0.047	-0.456
42.4	95.7	-0.035	-0.222
44.2	95.7	-0.070	-0.129
46.0	95.7	0.012	-0.047
47.8	95.7	-0.058	0.000
49.6	95.7	-0.082	-0.047
51.4	95.7	-0.070	-0.035
53.2	95.7	-0.175	0.000
55.0	95.7	-0.117	-0.012
56.8	95.7	-0.246	0.070
58.6	95.7	-0.152	0.222
60.4	95.7	-0.129	0.292
62.2	95.7	-0.070	0.339
64.0	95.7	-0.070	0.269
65.8	95.7	-0.070	0.140
67.6	95.7	-0.023	0.164
69.4	95.7	0.000	0.000
71.2	95.7	0.000	0.000
-0.7	97.5	0.000	0.000
1.1	97.5	0.000	0.000
2.9	97.5	0.000	0.000
4.7	97.5	-0.129	0.058
6.5	97.5	-0.058	0.117
8.3	97.5	-0.070	0.094
10.1	97.5	-0.058	0.082
11.9	97.5	-0.012	0.012
13.7	97.5	-0.035	0.000
15.5	97.5	-0.070	0.023
17.3	97.5	-0.070	-0.023
19.1	97.5	-0.094	-0.035
20.9	97.5	-0.023	0.023
22.7	97.5	0.047	0.199
24.4	97.5	0.058	0.035
26.2	97.5	0.187	0.012
28.0	97.5	0.129	-0.023
29.8	97.5	0.082	-0.012
31.6	97.5	-0.094	0.035
33.4	97.5	0.000	0.000
35.2	97.5	0.082	-0.082
37.0	97.5	-0.023	-0.117
38.8	97.5	-0.094	-0.140
40.6	97.5	-0.058	-0.526
42.4	97.5	-0.269	-0.363
44.2	97.5	-0.164	-0.058
46.0	97.5	-0.164	-0.058
47.8	97.5	-0.175	0.047
49.6	97.5	-0.152	-0.140
51.4	97.5	-0.094	-0.117
53.2	97.5	-0.316	0.105
55.0	97.5	-0.222	-0.035
56.8	97.5	-0.175	0.000
58.6	97.5	-0.269	0.058
60.4	97.5	-0.117	0.211
62.2	97.5	-0.047	0.269
64.0	97.5	-0.047	0.117
65.8	97.5	-0.140	0.164
67.6	97.5	-0.012	0.398
69.4	97.5	0.000	0.000
71.2	97.5	0.000	0.000
-0.7	99.3	0.000	0.000
1.1	99.3	0.000	0.000
2.9	99.3	-0.047	0.234
4.7	99.3	-0.164	0.047
6.5	99.3	-0.175	0.035
8.3	99.3	-0.058	0.023
10.1	99.3	-0.070	0.094
11.9	99.3	0.000	0.023
13.7	99.3	-0.023	-0.023
15.5	99.3	0.000	0.035
17.3	99.3	-0.070	0.023
19.1	99.3	-0.211	-0.140
20.9	99.3	-0.082	-0.094
22.7	99.3	0.023	0.000
24.4	99.3	0.094	-0.047
26.2	99.3	0.175	0.082
28.0	99.3	0.105	0.047
29.8	99.3	0.047	0.129
31.6	99.3	0.082	-0.012
33.4	99.3	0.023	-0.023
35.2	99.3	0.012	-0.035
37.0	99.3	-0.070	-0.152
38.8	99.3	-0.269	-0.327
40.6	99.3	-0.152	-0.433
42.4	99.3	-0.433	-0.164
44.2	99.3	-0.316	0.023
46.0	99.3	-0.234	-0.047
47.8	99.3	-0.222	-0.070
49.6	99.3	-0.105	-0.117
51.4	99.3	-0.129	-0.140
53.2	99.3	-0.070	-0.023
55.0	99.3	-0.211	0.000
56.8	99.3	-0.363	0.140
58.6	99.3	-0.433	0.129
60.4	99.3	-0.152	0.164
62.2	99.3	-0.175	0.281
64.0	99.3	-0.117	0.175
65.8	99.3	-0.035	0.187
67.6	99.3	0.023	0.409
69.4	99.3	0.000	0.000
71.2	99.3	0.000	0.000
-0.7	101.1	0.000	0.000
1.1	101.1	0.000	0.000
2.9	101.1	-0.047	0.199
4.7	101.1	-0.094	-0.035
6.5	101.1	-0.117	0.000
8.3	101.1	-0.105	-0.058
10.1	101.1	-0.070	-0.012
11.9	101.1	-0.012	0.000
13.7	101.1	0.000	-0.035
15.5	101.1	0.012	0.105
17.3	101.1	-0.035	-0.023
19.1	101.1	-0.023	-0.094
20.9	101.1	0.094	-0.094
22.7	101.1	0.012	-0.070
24.4	101.1	0.035	-0.023
26.2	101.1	0.105	0.070
28.0	101.1	0.105	0.058
29.8	101.1	0.105	0.152
31.6	101.1	0.035	0.000
33.4	101.1	0.012	-0.047
35.2	101.1	-0.082	-0.257
37.0	101.1	-0.035	-0.222
38.8	101.1	-0.187	-0.140
40.6	101.1	-0.152	-0.234
42.4	101.1	-0.292	-0.187
44.2	101.1	-0.304	-0.082
46.0	101.1	-0.339	-0.058
47.8	101.1	-0.386	-0.105
49.6	101.1	-0.164	0.035
51.4	101.1	-0.105	0.047
53.2	101.1	-0.164	0.105
55.0	101.1	-0.199	0.164
56.8	101.1	-0.304	0.012
58.6	101.1	-0.175	-0.070
60.4	101.1	-0.246	0.094
62.2	101.1	-0.211	0.094
64.0	101.1	-0.129	0.129
65.8	101.1	-0.035	0.129
67.6	101.1	0.058	0.035
69.4	101.1	0.000	0.000
71.2	101.1	0.000	0.000
-0.7	102.9	0.000	0.000
1.1	102.9	0.000	0.000
2.9	102.9	-0.105	-0.105
4.7	102.9	-0.117	-0.117
6.5	102.9	-0.082	-0.023
8.3	102.9	-0.082	-0.082
10.1	102.9	-0.035	-0.012
11.9	102.9	0.023	0.047
13.7	102.9	0.070	0.012
15.5	102.9	0.047	0.047
17.3	102.9	0.094	0.023
19.1	102.9	0.117	-0.012
20.9	102.9	0.047	-0.035
22.7	102.9	-0.082	-0.211
24.4	102.9	-0.012	-0.105
26.2	102.9	-0.047	-0.035
28.0	102.9	0.000	0.035
29.8	102.9	0.023	0.058
31.6	102.9	0.070	-0.012
33.4	102.9	0.012	-0.023
35.2	102.9	-0.047	-0.140
37.0	102.9	-0.047	-0.117
38.8	102.9	-0.175	-0.129
40.6	102.9	-0.222	-0.105
42.4	102.9	-0.246	-0.257
44.2	102.9	-0.269	-0.175
46.0	102.9	-0.222	-0.129
47.8	102.9	-0.117	0.047
49.6	102.9	-0.304	-0.023
51.4	102.9	-0.515	-0.047
53.2	102.9	-0.269	0.164
55.0	102.9	-0.246	0.105
56.8	102.9	-0.339	0.070
58.6	102.9	-0.292	0.105
60.4	102.9	-0.222	0.070
62.2	102.9	-0.164	0.058
64.0	102.9	-0.117	0.058
65.8	102.9	-0.012	-0.023
67.6	102.9	0.094	-0.117
69.4	102.9	0.000	0.000
71.2	102.9	0.000	0.000
-0.7	104.7	0.000	0.000
1.1	104.7	0.000	0.000
2.9	104.7	-0.047	-0.023
4.7	104.7	-0.047	-0.094
6.5	104.7	-0.035	-0.105
8.3	104.7	-0.023	-0.105
10.1	104.7	0.023	-0.035
11.9	104.7	0.000	-0.012
13.7	104.7	0.058	0.000
15.5	104.7	0.094	0.035
17.3	104.7	0.058	0.105
19.1	104.7	0.117	0.023
20.9	104.7	0.070	-0.035
22.7	104.7	0.047	-0.035
24.4	104.7	0.000	-0.023
26.2	104.7	0.000	0.035
28.0	104.7	0.035	0.117
29.8	104.7	0.035	-0.035
31.6	104.7	0.070	0.000
33.4	104.7	-0.047	-0.047
35.2	104.7	-0.047	-0.094
37.0	104.7	-0.035	-0.023
38.8	104.7	-0.070	-0.035
40.6	104.7	-0.234	-0.047
42.4	104.7	-0.175	-0.409
44.2	104.7	-0.234	-0.246
46.0	104.7	-0.175	-0.257
47.8	104.7	-0.222	-0.164
49.6	104.7	-0.339	-0.164
51.4	104.7	-0.596	-0.047
53.2	104.7	-0.538	0.047
55.0	104.7	-0.269	0.082
56.8	104.7	-0.246	0.047
58.6	104.7	-0.234	0.047
60.4	104.7	-0.187	0.012
62.2	104.7	-0.105	0.035
64.0	104.7	-0.082	0.082
65.8	104.7	0.023	-0.058
67.6	104.7	0.082	-0.234
69.4	104.7	0.000	0.000
71.2	104.7	0.000	0.000
-0.7	106.5	0.000	0.000
1.1	106.5	0.000	0.000
2.9	106.5	0.023	0.152
4.7	106.5	0.035	0.117
6.5	106.5	0.070	0.035
8.3	106.5	0.023	-0.129
10.1	106.5	0.070	0.129
11.9	106.5	0.094	0.070
13.7	106.5	0.070	0.000
15.5	106.5	0.094	-0.070
17.3	106.5	0.129	0.035
19.1	106.5	0.175	0.035
20.9	106.5	0.094	0.023
22.7	106.5	0.094	-0.012
24.4	106.5	-0.023	-0.129
26.2	106.5	-0.012	-0.129
28.0	106.5	0.187	-0.129
29.8	106.5	0.023	0.000
31.6	106.5	0.047	-0.023
33.4	106.5	-0.058	-0.070
35.2	106.5	-0.140	-0.070
37.0	106.5	-0.082	-0.023
38.8	106.5	-0.094	0.082
40.6	106.5	-0.211	-0.047
42.4	106.5	-0.117	-0.140
44.2	106.5	-0.152	-0.187
46.0	106.5	-0.152	-0.257
47.8	106.5	-0.211	-0.257
49.6	106.5	-0.257	-0.094
51.4	106.5	-0.082	-0.058
53.2	106.5	-0.456	-0.035
55.0	106.5	-0.433	0.105
56.8	106.5	-0.269	0.035
58.6	106.5	-0.211	0.000
60.4	106.5	-0.140	-0.023
62.2	106.5	-0.047	0.012
64.0	106.5	-0.035	0.023
65.8	106.5	0.012	-0.047
67.6	106.5	0.058	0.000
69.4	106.5	0.000	0.000
71.2	106.5	0.000	0.000
-0.7	108.3	0.000	0.000
1.1	108.3	0.000	0.000
2.9	108.3	0.023	0.596
4.7	108.3	0.058	0.117
6.5	108.3	0.199	0.105
8.3	108.3	0.117	0.047
10.1	108.3	0.082	0.023
11.9	108.3	0.211	0.023
13.7	108.3	0.047	-0.386
15.5	108.3	0.152	-0.094
17.3	108.3	0.082	-0.070
19.1	108.3	0.058	-0.012
20.9	108.3	0.012	0.000
22.7	108.3	0.035	-0.023
24.4	108.3	-0.117	-0.047
26.2	108.3	-0.058	-0.269
28.0	108.3	0.082	-0.327
29.8	108.3	0.117	-0.643
31.6	108.3	-0.047	-0.058
33.4	108.3	-0.058	0.094
35.2	108.3	-0.117	-0.082
37.0	108.3	-0.070	-0.257
38.8	108.3	-0.094	0.082
40.6	108.3	-0.152	0.000
42.4	108.3	-0.129	-0.117
44.2	108.3	-0.199	-0.105
46.0	108.3	-0.199	-0.164
47.8	108.3	-0.246	-0.234
49.6	108.3	-0.257	-0.140
51.4	108.3	-0.199	-0.094
53.2	108.3	-0.175	0.070
55.0	108.3	-0.175	-0.094
56.8	108.3	-0.211	-0.047
58.6	108.3	-0.257	0.058
60.4	108.3	-0.082	-0.070
62.2	108.3	0.000	-0.105
64.0	108.3	0.000	-0.105
65.8	108.3	-0.012	-0.058
67.6	108.3	-0.012	0.035
69.4	108.3	0.000	0.000
71.2	108.3	0.000	0.000
-0.7	110.1	0.000	0.000
1.1	110.1	0.000	0.000
2.9	110.1	0.035	0.094
4.7	110.1	0.070	0.047
6.5	110.1	0.105	0.047
8.3	110.1	0.117	0.000
10.1	110.1	0.175	0.000
11.9	110.1	0.269	0.023
13.7	110.1	0.257	0.023
15.5	110.1	0.152	-0.035
17.3	110.1	0.035	-0.070
19.1	110.1	0.023	-0.012
20.9	110.1	0.023	0.012
22.7	110.1	-0.023	0.000
24.4	110.1	0.094	-0.421
26.2	110.1	0.047	-0.398
28.0	110.1	0.047	-0.246
29.8	110.1	0.129	-0.292
31.6	110.1	0.000	-0.047
33.4	110.1	-0.035	0.105
35.2	110.1	-0.082	0.035
37.0	110.1	-0.421	0.047
38.8	110.1	-0.339	0.012
40.6	110.1	-0.152	0.257
42.4	110.1	-0.117	0.058
44.2	110.1	-0.211	-0.117
46.0	110.1	-0.175	-0.339
47.8	110.1	-0.398	-0.140
49.6	110.1	-0.211	-0.246
51.4	110.1	-0.129	-0.105
53.2	110.1	-0.152	-0.070
55.0	110.1	-0.058	-0.117
56.8	110.1	-0.187	0.012
58.6	110.1	-0.175	-0.012
60.4	110.1	-0.023	-0.082
62.2	110.1	0.000	-0.117
64.0	110.1	0.012	-0.105
65.8	110.1	-0.012	-0.082
67.6	110.1	-0.012	0.012
69.4	110.1	0.000	0.000
71.2	110.1	0.000	0.000
-0.7	111.9	0.000	0.000
1.1	111.9	0.000	0.000
2.9	111.9	0.023	0.012
4.7	111.9	0.012	-0.082
6.5	111.9	0.000	-0.094
8.3	111.9	0.047	-0.082
10.1	111.9	0.094	-0.035
11.9	111.9	0.222	0.094
13.7	111.9	0.211	0.082
15.5	111.9	0.094	0.000
17.3	111.9	0.047	-0.023
19.1	111.9	0.023	0.000
20.9	111.9	0.000	0.047
22.7	111.9	-0.035	0.047
24.4	111.9	0.012	-0.269
26.2	111.9	0.094	-0.269
28.0	111.9	-0.012	-0.140
29.8	111.9	-0.035	-0.035
31.6	111.9	-0.105	-0.082
33.4	111.9	-0.023	0.070
35.2	111.9	-0.211	0.035
37.0	111.9	-0.632	-0.094
38.8	111.9	-0.199	-0.035
40.6	111.9	-0.094	0.105
42.4	111.9	-0.035	0.047
44.2	111.9	0.000	0.035
46.0	111.9	0.012	0.012
47.8	111.9	-0.152	-0.094
49.6	111.9	-0.199	-0.187
51.4	111.9	-0.140	0.000
53.2	111.9	-0.094	0.012
55.0	111.9	-0.105	-0.070
56.8	111.9	-0.211	0.000
58.6	111.9	-0.105	-0.047
60.4	111.9	-0.047	-0.199
62.2	111.9	-0.047	-0.105
64.0	111.9	-0.023	-0.035
65.8	111.9	0.023	-0.035
67.6	111.9	0.023	0.000
69.4	111.9	0.000	0.000
71.2	111.9	0.000	0.000
-0.7	113.7	0.000	0.000
1.1	113.7	0.000	0.000
2.9	113.7	0.000	0.000
4.7	113.7	-0.012	-0.117
6.5	113.7	0.000	-0.140
8.3	113.7	0.012	-0.129
10.1	113.7	0.035	-0.082
11.9	113.7	0.117	0.023
13.7	113.7	0.129	0.117
15.5	113.7	0.070	0.012
17.3	113.7	0.023	-0.012
19.1	113.7	0.012	0.047
20.9	113.7	0.035	0.047
22.7	113.7	0.070	0.000
24.4	113.7	0.035	-0.117
26.2	113.7	0.047	-0.105
28.0	113.7	-0.058	-0.094
29.8	113.7	-0.117	-0.117
31.6	113.7	-0.035	-0.035
33.4	113.7	0.012	0.035
35.2	113.7	-0.047	-0.012
37.0	113.7	0.058	0.035
38.8	113.7	-0.094	-0.035
40.6	113.7	0.035	0.281
42.4	113.7	0.058	0.082
44.2	113.7	0.035	0.047
46.0	113.7	0.047	-0.035
47.8	113.7	0.129	-0.070
49.6	113.7	0.117	-0.094
51.4	113.7	-0.105	-0.105
53.2	113.7	-0.094	-0.070
55.0	113.7	-0.058	-0.035
56.8	113.7	-0.047	0.094
58.6	113.7	-0.058	-0.047
60.4	113.7	0.000	-0.094
62.2	113.7	0.000	-0.164
64.0	113.7	-0.058	-0.094
65.8	113.7	-0.012	-0.105
67.6	113.7	0.023	-0.035
69.4	113.7	0.000	0.000
71.2	113.7	0.000	0.000
-0.7	115.5	0.000	0.000
1.1	115.5	0.000	0.000
2.9	115.5	0.023	-0.058
4.7	115.5	0.023	-0.094
6.5	115.5	-0.012	-0.117
8.3	115.5	-0.023	-0.140
10.1	115.5	-0.023	-0.058
11.9	115.5	0.012	0.023
13.7	115.5	0.058	0.047
15.5	115.5	0.047	-0.012
17.3	115.5	0.023	-0.012
19.1	115.5	0.047	0.023
20.9	115.5	0.082	0.082
22.7	115.5	0.070	-0.070
24.4	115.5	0.234	-0.304
26.2	115.5	0.035	-0.140
28.0	115.5	0.000	-0.187
29.8	115.5	-0.058	-0.117
31.6	115.5	-0.035	-0.047
33.4	115.5	0.012	0.000
35.2	115.5	-0.012	0.000
37.0	115.5	0.058	0.023
38.8	115.5	0.269	-0.187
40.6	115.5	0.152	0.070
42.4	115.5	0.105	0.082
44.2	115.5	0.152	-0.047
46.0	115.5	0.047	-0.246
47.8	115.5	0.105	-0.058
49.6	115.5	0.105	-0.023
51.4	115.5	0.012	-0.070
53.2	115.5	0.035	-0.070
55.0	115.5	-0.023	-0.047
56.8	115.5	0.000	-0.199
58.6	115.5	0.292	-0.035
60.4	115.5	-0.012	-0.257
62.2	115.5	0.082	-0.281
64.0	115.5	-0.035	-0.211
65.8	115.5	-0.035	-0.012
67.6	115.5	0.023	-0.023
69.4	115.5	0.000	0.000
71.2	115.5	0.000	0.000
-0.7	117.3	0.000	0.000
1.1	117.3	0.000	0.000
2.9	117.3	0.012	0.035
4.7	117.3	0.035	-0.023
6.5	117.3	0.000	-0.070
8.3	117.3	-0.035	-0.082
10.1	117.3	-0.082	-0.175
11.9	117.3	-0.012	0.000
13.7	117.3	0.023	0.000
15.5	117.3	0.023	0.000
17.3	117.3	0.035	-0.035
19.1	117.3	0.094	-0.047
20.9	117.3	0.140	0.070
22.7	117.3	0.117	0.023
24.4	117.3	0.187	-0.047
26.2	117.3	0.164	-0.058
28.0	117.3	0.129	-0.035
29.8	117.3	0.129	-0.094
31.6	117.3	0.035	-0.023
33.4	117.3	0.023	0.000
35.2	117.3	-0.012	0.023
37.0	117.3	0.012	0.023
38.8	117.3	0.117	-0.035
40.6	117.3	0.246	0.129
42.4	117.3	0.129	0.140
44.2	117.3	0.164	-0.012
46.0	117.3	0.105	-0.058
47.8	117.3	0.129	-0.105
49.6	117.3	0.105	0.035
51.4	117.3	0.211	0.035
53.2	117.3	0.257	-0.012
55.0	117.3	0.175	-0.105
56.8	117.3	0.129	-0.175
58.6	117.3	0.211	-0.082
60.4	117.3	0.117	-0.035
62.2	117.3	0.070	-0.152
64.0	117.3	0.023	-0.187
65.8	117.3	-0.023	-0.094
67.6	117.3	-0.012	-0.094
69.4	117.3	0.000	0.000
71.2	117.3	0.000	0.000
-0.7	119.1	0.000	0.000
1.1	119.1	0.000	0.000
2.9	119.1	0.035	0.012
4.7	119.1	0.012	-0.023
6.5	119.1	0.012	-0.082
8.3	119.1	0.000	-0.035
10.1	119.1	-0.023	-0.070
11.9	119.1	-0.023	-0.070
13.7	119.1	0.023	-0.070
15.5	119.1	0.058	-0.012
17.3	119.1	0.117	-0.035
19.1	119.1	0.140	-0.023
20.9	119.1	0.164	-0.047
22.7	119.1	0.234	-0.082
24.4	119.1	0.234	-0.129
26.2	119.1	0.199	-0.047
28.0	119.1	0.129	-0.117
29.8	119.1	0.222	-0.012
31.6	119.1	0.199	0.023
33.4	119.1	0.082	0.023
35.2	119.1	0.047	0.012
37.0	119.1	0.023	0.023
38.8	119.1	0.433	0.094
40.6	119.1	0.058	0.105
42.4	119.1	0.058	0.082
44.2	119.1	0.058	0.012
46.0	119.1	0.117	-0.070
47.8	119.1	0.105	-0.094
49.6	119.1	0.035	0.058
51.4	119.1	0.187	0.070
53.2	119.1	0.339	-0.047
55.0	119.1	0.246	-0.105
56.8	119.1	0.316	-0.082
58.6	119.1	0.281	-0.035
60.4	119.1	0.316	-0.023
62.2	119.1	0.140	-0.175
64.0	119.1	0.035	-0.199
65.8	119.1	-0.023	-0.199
67.6	119.1	0.023	-0.082
69.4	119.1	0.000	0.000
71.2	119.1	0.000	0.000
-0.7	120.9	0.000	0.000
1.1	120.9	0.000	0.000
2.9	120.9	-0.012	-0.070
4.7	120.9	-0.035	-0.047
6.5	120.9	-0.012	-0.047
8.3	120.9	0.012	-0.023
10.1	120.9	0.047	-0.035
11.9	120.9	0.047	-0.058
13.7	120.9	0.058	-0.211
15.5	120.9	0.035	-0.117
17.3	120.9	0.082	-0.035
19.1	120.9	0.117	-0.058
20.9	120.9	0.211	-0.117
22.7	120.9	0.187	-0.175
24.4	120.9	0.140	-0.199
26.2	120.9	0.187	0.023
28.0	120.9	0.199	0.012
29.8	120.9	0.281	0.058
31.6	120.9	0.269	0.082
33.4	120.9	0.269	0.094
35.2	120.9	0.129	-0.012
37.0	120.9	0.082	0.047
38.8	120.9	-0.058	0.152
40.6	120.9	0.094	0.058
42.4	120.9	0.082	0.047
44.2	120.9	0.047	0.012
46.0	120.9	0.187	-0.058
47.8	120.9	0.070	-0.117
49.6	120.9	0.129	-0.035
51.4	120.9	0.175	0.000
53.2	120.9	0.257	0.000
55.0	120.9	0.211	-0.035
56.8	120.9	0.187	-0.035
58.6	120.9	0.257	-0.035
60.4	120.9	0.222	0.012
62.2	120.9	0.070	0.047
64.0	120.9	0.070	-0.117
65.8	120.9	-0.012	-0.070
67.6	120.9	0.012	0.082
69.4	120.9	0.000	0.000
71.2	120.9	0.000	0.000
-0.7	122.7	0.000	0.000
1.1	122.7	0.000	0.000
2.9	122.7	-0.058	0.047
4.7	122.7	-0.058	-0.023
6.5	122.7	-0.035	-0.070
8.3	122.7	0.023	-0.035
10.1	122.7	0.058	-0.035
11.9	122.7	0.035	-0.070
13.7	122.7	0.035	-0.129
15.5	122.7	0.058	-0.129
17.3	122.7	0.058	-0.023
19.1	122.7	0.105	-0.012
20.9	122.7	0.105	0.000
22.7	122.7	0.023	0.012
24.4	122.7	0.152	-0.023
26.2	122.7	0.211	-0.023
28.0	122.7	0.211	-0.047
29.8	122.7	0.257	0.012
31.6	122.7	0.199	0.082
33.4	122.7	0.386	-0.058
35.2	122.7	0.363	0.058
37.0	122.7	0.129	0.094
38.8	122.7	0.164	0.211
40.6	122.7	0.058	0.023
42.4	122.7	0.023	-0.047
44.2	122.7	0.000	-0.035
46.0	122.7	0.105	-0.269
47.8	122.7	0.047	-0.070
49.6	122.7	0.058	-0.023
51.4	122.7	0.117	0.012
53.2	122.7	0.082	-0.023
55.0	122.7	0.070	-0.082
56.8	122.7	0.117	-0.035
58.6	122.7	0.152	-0.012
60.4	122.7	0.140	0.000
62.2	122.7	0.152	-0.023
64.0	122.7	0.140	-0.129
65.8	122.7	-0.023	-0.105
67.6	122.7	-0.058	-0.082
69.4	122.7	0.000	0.000
71.2	122.7	0.000	0.000
-0.7	124.5	0.000	0.000
1.1	124.5	0.000	0.000
2.9	124.5	-0.012	0.000
4.7	124.5	0.023	-0.023
6.5	124.5	-0.023	-0.058
8.3	124.5	0.023	0.000
10.1	124.5	0.023	-0.070
11.9	124.5	0.035	-0.082
13.7	124.5	0.035	-0.105
15.5	124.5	0.105	-0.070
17.3	124.5	0.117	-0.058
19.1	124.5	0.117	-0.058
20.9	124.5	0.164	0.023
22.7	124.5	0.187	-0.058
24.4	124.5	0.140	-0.082
26.2	124.5	0.152	-0.012
28.0	124.5	0.316	0.023
29.8	124.5	0.281	0.012
31.6	124.5	0.327	0.070
33.4	124.5	0.491	-0.094
35.2	124.5	0.444	-0.047
37.0	124.5	0.351	0.094
38.8	124.5	0.105	0.187
40.6	124.5	0.164	0.117
42.4	124.5	0.058	0.000
44.2	124.5	0.035	-0.023
46.0	124.5	0.129	-0.152
47.8	124.5	0.047	-0.082
49.6	124.5	0.105	0.047
51.4	124.5	-0.012	-0.047
53.2	124.5	0.023	-0.105
55.0	124.5	0.012	-0.105
56.8	124.5	0.082	-0.082
58.6	124.5	0.152	-0.058
60.4	124.5	0.211	0.058
62.2	124.5	0.105	0.070
64.0	124.5	0.094	0.035
65.8	124.5	0.023	-0.199
67.6	124.5	-0.035	0.047
69.4	124.5	0.000	0.000
71.2	124.5	0.000	0.000
-0.7	126.3	0.000	0.000
1.1	126.3	0.000	0.000
2.9	126.3	0.023	-0.047
4.7	126.3	0.000	-0.023
6.5	126.3	0.023	-0.070
8.3	126.3	0.023	-0.058
10.1	126.3	0.035	-0.117
11.9	126.3	0.012	-0.105
13.7	126.3	0.035	-0.117
15.5	126.3	0.117	-0.094
17.3	126.3	0.129	-0.164
19.1	126.3	0.175	-0.023
20.9	126.3	0.199	-0.023
22.7	126.3	0.199	0.000
24.4	126.3	0.257	0.000
26.2	126.3	0.304	0.070
28.0	126.3	0.199	0.538
29.8	126.3	0.281	0.152
31.6	126.3	0.374	0.094
33.4	126.3	0.561	-0.082
35.2	126.3	0.515	0.047
37.0	126.3	0.374	0.152
38.8	126.3	0.140	0.140
40.6	126.3	0.269	0.211
42.4	126.3	0.304	0.117
44.2	126.3	0.140	-0.023
46.0	126.3	0.035	-0.047
47.8	126.3	0.058	-0.035
49.6	126.3	0.035	0.000
51.4	126.3	0.023	-0.035
53.2	126.3	0.047	-0.070
55.0	126.3	0.023	-0.292
56.8	126.3	0.058	-0.047
58.6	126.3	0.175	-0.047
60.4	126.3	0.316	0.023
62.2	126.3	0.117	0.012
64.0	126.3	0.105	-0.094
65.8	126.3	0.070	-0.117
67.6	126.3	0.094	0.035
69.4	126.3	0.023	0.023
71.2	126.3	-0.070	0.035
-0.7	128.1	0.000	0.000
1.1	128.1	0.000	0.000
2.9	128.1	0.000	-0.023
4.7	128.1	0.023	0.023
6.5	128.1	0.070	0.012
8.3	128.1	0.058	-0.035
10.1	128.1	0.000	-0.070
11.9	128.1	-0.012	-0.094
13.7	128.1	0.058	-0.117
15.5	128.1	0.105	-0.140
17.3	128.1	0.140	-0.070
19.1	128.1	0.105	-0.070
20.9	128.1	0.105	-0.058
22.7	128.1	0.140	-0.094
24.4	128.1	0.152	-0.117
26.2	128.1	0.117	0.012
28.0	128.1	0.152	0.047
29.8	128.1	0.187	0.105
31.6	128.1	0.234	0.094
33.4	128.1	0.246	0.129
35.2	128.1	0.351	0.164
37.0	128.1	0.327	0.164
38.8	128.1	0.386	-0.012
40.6	128.1	0.211	0.234
42.4	128.1	0.257	0.117
44.2	128.1	0.164	0.058
46.0	128.1	0.058	-0.023
47.8	128.1	0.047	-0.012
49.6	128.1	0.047	0.012
51.4	128.1	-0.012	-0.094
53.2	128.1	0.000	-0.105
55.0	128.1	0.000	-0.082
56.8	128.1	-0.012	-0.023
58.6	128.1	0.035	0.012
60.4	128.1	0.105	-0.047
62.2	128.1	0.187	0.012
64.0	128.1	0.140	-0.047
65.8	128.1	0.012	-0.035
67.6	128.1	-0.023	-0.058
69.4	128.1	0.000	0.000
71.2	128.1	0.000	0.000
-0.7	129.9	0.000	0.000
1.1	129.9	0.000	0.000
2.9	129.9	0.012	-0.105
4.7	129.9	0.023	-0.023
6.5	129.9	0.047	0.000
8.3	129.9	0.035	0.012
10.1	129.9	0.000	-0.012
11.9	129.9	-0.035	-0.117
13.7	129.9	0.023	-0.094
15.5	129.9	0.058	-0.094
17.3	129.9	0.152	0.000
19.1	129.9	0.058	0.000
20.9	129.9	0.058	-0.012
22.7	129.9	0.082	-0.058
24.4	129.9	0.082	-0.012
26.2	129.9	0.070	-0.012
28.0	129.9	0.105	0.047
29.8	129.9	0.105	-0.035
31.6	129.9	0.070	0.094
33.4	129.9	0.117	0.129
35.2	129.9	0.211	0.140
37.0	129.9	0.351	0.047
38.8	129.9	0.234	0.070
40.6	129.9	0.246	0.105
42.4	129.9	0.222	0.070
44.2	129.9	0.140	0.047
46.0	129.9	0.000	-0.023
47.8	129.9	0.117	-0.023
49.6	129.9	0.047	-0.023
51.4	129.9	0.035	-0.070
53.2	129.9	0.058	-0.047
55.0	129.9	0.058	-0.023
56.8	129.9	0.070	-0.023
58.6	129.9	0.047	0.058
60.4	129.9	0.082	0.012
62.2	129.9	0.140	0.000
64.0	129.9	0.117	-0.058
65.8	129.9	0.012	-0.058
67.6	129.9	0.023	-0.082
69.4	129.9	0.000	0.000
71.2	129.9	0.000	0.000
-0.7	131.7	0.000	0.000
1.1	131.7	0.000	0.000
2.9	131.7	0.000	0.000
4.7	131.7	0.047	0.035
6.5	131.7	0.058	0.035
8.3	131.7	0.023	-0.023
10.1	131.7	-0.023	0.000
11.9	131.7	-0.094	-0.129
13.7	131.7	-0.035	-0.105
15.5	131.7	0.035	-0.105
17.3	131.7	0.047	-0.070
19.1	131.7	0.023	-0.035
20.9	131.7	0.105	-0.012
22.7	131.7	0.164	-0.035
24.4	131.7	0.070	-0.058
26.2	131.7	-0.012	-0.023
28.0	131.7	-0.047	0.094
29.8	131.7	-0.023	0.140
31.6	131.7	0.000	0.175
33.4	131.7	0.140	0.105
35.2	131.7	0.175	0.117
37.0	131.7	0.187	0.047
38.8	131.7	0.211	0.058
40.6	131.7	0.222	0.035
42.4	131.7	0.211	0.082
44.2	131.7	0.281	0.175
46.0	131.7	-0.023	-0.632
47.8	131.7	0.175	-0.070
49.6	131.7	0.047	0.105
51.4	131.7	-0.012	-0.012
53.2	131.7	0.082	-0.035
55.0	131.7	0.047	-0.023
56.8	131.7	0.035	-0.047
58.6	131.7	-0.070	-0.047
60.4	131.7	0.000	0.047
62.2	131.7	-0.023	0.035
64.0	131.7	0.129	-0.058
65.8	131.7	-0.035	0.058
67.6	131.7	-0.012	0.047
69.4	131.7	0.000	0.000
71.2	131.7	0.000	0.000
-0.7	133.5	0.000	0.000
1.1	133.5	0.000	0.000
2.9	133.5	0.082	-0.386
4.7	133.5	0.058	-0.070
6.5	133.5	0.023	0.012
8.3	133.5	0.000	-0.047
10.1	133.5	0.012	-0.082
11.9	133.5	-0.094	-0.140
13.7	133.5	-0.070	-0.129
15.5	133.5	0.012	-0.187
17.3	133.5	0.012	-0.140
19.1	133.5	0.035	-0.035
20.9	133.5	0.047	-0.012
22.7	133.5	0.094	-0.070
24.4	133.5	0.070	0.000
26.2	133.5	-0.012	0.035
28.0	133.5	-0.058	0.187
29.8	133.5	-0.035	0.094
31.6	133.5	0.070	0.246
33.4	133.5	0.082	0.164
35.2	133.5	0.117	0.070
37.0	133.5	0.234	0.105
38.8	133.5	0.199	0.058
40.6	133.5	0.246	0.129
42.4	133.5	0.363	0.211
44.2	133.5	0.234	0.082
46.0	133.5	0.175	-0.047
47.8	133.5	0.175	-0.035
49.6	133.5	0.094	0.000
51.4	133.5	0.012	-0.012
53.2	133.5	-0.012	-0.070
55.0	133.5	-0.047	0.047
56.8	133.5	-0.012	-0.058
58.6	133.5	-0.058	-0.070
60.4	133.5	-0.058	-0.023
62.2	133.5	0.012	-0.070
64.0	133.5	-0.047	0.035
65.8	133.5	-0.058	0.070
67.6	133.5	-0.023	0.000
69.4	133.5	0.000	0.000
71.2	133.5	0.000	0.000
-0.7	135.3	0.000	0.000
1.1	135.3	0.000	0.000
2.9	135.3	0.000	-0.094
4.7	135.3	0.058	-0.035
6.5	135.3	0.000	-0.047
8.3	135.3	0.012	0.000
10.1	135.3	0.023	-0.023
11.9	135.3	0.000	0.000
13.7	135.3	-0.012	-0.012
15.5	135.3	0.047	-0.164
17.3	135.3	0.058	-0.070
19.1	135.3	0.012	0.000
20.9	135.3	0.023	-0.082
22.7	135.3	0.129	-0.047
24.4	135.3	0.175	0.047
26.2	135.3	0.058	0.175
28.0	135.3	-0.023	0.140
29.8	135.3	-0.058	0.058
31.6	135.3	-0.117	-0.035
33.4	135.3	0.000	0.105
35.2	135.3	0.117	0.117
37.0	135.3	0.187	0.023
38.8	135.3	0.035	-0.082
40.6	135.3	0.152	0.129
42.4	135.3	0.152	0.082
44.2	135.3	0.187	-0.023
46.0	135.3	0.175	0.047
47.8	135.3	0.140	0.105
49.6	135.3	-0.047	0.070
51.4	135.3	-0.094	0.035
53.2	135.3	-0.070	-0.012
55.0	135.3	-0.070	0.000
56.8	135.3	-0.035	-0.070
58.6	135.3	-0.117	-0.094
60.4	135.3	-0.047	-0.047
62.2	135.3	-0.035	-0.058
64.0	135.3	-0.023	-0.012
65.8	135.3	-0.094	0.047
67.6	135.3	0.000	0.012
69.4	135.3	0.000	0.000
71.2	135.3	0.000	0.000
-0.7	137.1	0.000	0.000
1.1	137.1	0.000	0.000
2.9	137.1	0.023	0.023
4.7	137.1	-0.035	0.023
6.5	137.1	-0.012	0.012
8.3	137.1	0.000	-0.058
10.1	137.1	0.035	-0.129
11.9	137.1	0.000	0.070
13.7	137.1	-0.012	0.023
15.5	137.1	0.058	-0.012
17.3	137.1	0.047	-0.140
19.1	137.1	0.023	0.012
20.9	137.1	0.000	-0.047
22.7	137.1	0.035	-0.012
24.4	137.1	0.117	0.094
26.2	137.1	0.058	0.211
28.0	137.1	-0.012	0.316
29.8	137.1	-0.082	0.082
31.6	137.1	-0.117	0.082
33.4	137.1	-0.047	-0.035
35.2	137.1	0.105	-0.281
37.0	137.1	0.152	-0.140
38.8	137.1	0.094	-0.164
40.6	137.1	0.058	-0.058
42.4	137.1	0.129	0.047
44.2	137.1	0.129	0.012
46.0	137.1	0.129	0.000
47.8	137.1	0.082	0.187
49.6	137.1	-0.070	0.082
51.4	137.1	-0.094	0.082
53.2	137.1	-0.129	0.035
55.0	137.1	-0.094	0.000
56.8	137.1	-0.082	-0.094
58.6	137.1	-0.047	-0.175
60.4	137.1	-0.140	0.023
62.2	137.1	-0.094	0.047
64.0	137.1	-0.035	-0.070
65.8	137.1	-0.047	0.035
67.6	137.1	0.012	-0.012
69.4	137.1	0.000	0.000
71.2	137.1	0.000	0.000
-0.7	138.9	0.000	0.000
1.1	138.9	0.000	0.000
2.9	138.9	0.117	-0.398
4.7	138.9	-0.058	-0.047
6.5	138.9	-0.012	0.058
8.3	138.9	-0.023	0.012
10.1	138.9	0.000	0.117
11.9	138.9	0.047	0.082
13.7	138.9	0.012	0.094
15.5	138.9	0.094	0.012
17.3	138.9	0.023	-0.047
19.1	138.9	0.035	0.000
20.9	138.9	0.082	-0.035
22.7	138.9	0.070	0.000
24.4	138.9	0.035	0.105
26.2	138.9	0.058	0.234
28.0	138.9	0.047	0.211
29.8	138.9	-0.035	0.035
31.6	138.9	0.070	0.094
33.4	138.9	-0.023	-0.129
35.2	138.9	-0.117	-0.070
37.0	138.9	-0.152	-0.374
38.8	138.9	0.035	-0.012
40.6	138.9	0.023	0.035
42.4	138.9	0.023	0.152
44.2	138.9	0.094	0.035
46.0	138.9	0.082	0.117
47.8	138.9	0.105	0.105
49.6	138.9	0.058	0.129
51.4	138.9	-0.117	0.094
53.2	138.9	-0.164	0.094
55.0	138.9	-0.094	0.023
56.8	138.9	-0.199	-0.035
58.6	138.9	-0.023	-0.140
60.4	138.9	-0.047	0.012
62.2	138.9	-0.140	-0.070
64.0	138.9	-0.070	0.058
65.8	138.9	-0.023	0.012
67.6	138.9	-0.035	0.023
69.4	138.9	0.000	0.000
71.2	138.9	0.000	0.000
