Burst/rec/seq: 	0	13	13
Time stamp:  	01/07/13 	11:22:26:721
Elapsed time (ms): 	       0
-0.7023520	65.1976547	0.0000000	0.0000000
1.0941203	65.1976547	0.0000000	0.0000000
2.8905921	65.1976547	0.1169578	1.4151897
4.6870642	65.1976547	1.2514488	0.1988283
6.4835367	65.1976547	0.0000000	0.0000000
8.2800093	65.1976547	0.0000000	0.0000000
10.0764809	65.1976547	2.3859396	1.5672349
11.8729525	65.1976547	1.1812741	2.7952921
13.6694250	65.1976547	0.1052620	2.5496807
15.4658966	65.1976547	0.0000000	0.0000000
17.2623692	65.1976547	-0.4795271	2.9239457
19.0588398	65.1976547	-1.4853644	0.9356626
20.8553123	65.1976547	-2.2455902	-4.2455692
22.6517868	65.1976547	0.2690030	2.4444187
24.4482574	65.1976547	0.2339157	1.4151897
26.2447300	65.1976547	0.1871325	0.1169578
28.0412025	65.1976547	0.1988283	0.1988283
29.8376732	65.1976547	0.1403494	0.5497018
31.6341438	65.1976547	0.0818705	0.5380060
33.4306183	65.1976547	0.0000000	0.0000000
35.2270889	65.1976547	0.0000000	0.0000000
37.0235634	65.1976547	0.0000000	0.0000000
38.8200340	65.1976547	0.0116958	2.9005542
40.6165047	65.1976547	0.0000000	0.0000000
42.4129791	65.1976547	0.0000000	0.0000000
44.2094498	65.1976547	-0.2690030	1.1461867
46.0059242	65.1976547	-0.7953132	1.2163614
47.8023949	65.1976547	-0.0584789	0.9473584
49.5988655	65.1976547	-0.1286536	1.4970602
51.3953362	65.1976547	-1.5204518	2.9005542
53.1918106	65.1976547	-0.8420963	1.5321475
54.9882851	65.1976547	-2.4795060	2.3040693
56.7847557	65.1976547	-0.5380060	1.6841927
58.5812302	65.1976547	-0.2690030	1.4853644
60.3776970	65.1976547	-0.0701747	1.5438433
62.1741714	65.1976547	0.0233916	1.6023222
63.9706421	65.1976547	0.0233916	1.7660632
65.7671204	65.1976547	0.0233916	1.9298041
67.5635834	65.1976547	0.0350873	1.0994036
69.3600616	65.1976547	0.0000000	0.0000000
71.1565323	65.1976547	0.0000000	0.0000000
-0.7023520	66.9941254	0.0000000	0.0000000
1.0941203	66.9941254	0.0000000	0.0000000
2.8905921	66.9941254	-0.0935663	0.6549639
4.6870642	66.9941254	1.3567108	1.1578825
6.4835367	66.9941254	1.9648914	1.6257138
8.2800093	66.9941254	2.5847681	2.2806776
10.0764809	66.9941254	2.2221987	1.4853644
11.8729525	66.9941254	1.4619728	2.2221987
13.6694250	66.9941254	1.2514488	2.7835963
15.4658966	66.9941254	1.6257138	2.9824245
17.2623692	66.9941254	-0.1871325	2.9707289
19.0588398	66.9941254	-1.1929698	3.8479125
20.8553123	66.9941254	0.6666596	3.0993824
22.6517868	66.9941254	0.0000000	0.0000000
24.4482574	66.9941254	0.5263102	0.2339157
26.2447300	66.9941254	0.0818705	0.4093524
28.0412025	66.9941254	0.1988283	0.4678313
29.8376732	66.9941254	0.6081807	0.0701747
31.6341438	66.9941254	0.1286536	0.4444397
33.4306183	66.9941254	0.0000000	0.0000000
35.2270889	66.9941254	0.0000000	0.0000000
37.0235634	66.9941254	0.0000000	0.0000000
38.8200340	66.9941254	0.0000000	0.0000000
40.6165047	66.9941254	0.0000000	0.0000000
42.4129791	66.9941254	0.0000000	0.0000000
44.2094498	66.9941254	-0.6666596	1.1695783
46.0059242	66.9941254	-0.7368343	1.1929698
47.8023949	66.9941254	-0.8420963	1.3567108
49.5988655	66.9941254	-0.6315722	2.1871114
51.3953362	66.9941254	-0.3391777	2.8654668
53.1918106	66.9941254	0.0000000	0.0000000
54.9882851	66.9941254	-0.2339157	1.7543674
56.7847557	66.9941254	-0.4327440	1.2982318
58.5812302	66.9941254	-0.0233916	1.3333192
60.3776970	66.9941254	-0.0116958	1.4736686
62.1741714	66.9941254	0.0000000	1.8245420
63.9706421	66.9941254	0.1520452	1.5672349
65.7671204	66.9941254	0.0233916	2.0584579
67.5635834	66.9941254	0.1520452	1.5555391
69.3600616	66.9941254	0.0000000	0.0000000
71.1565323	66.9941254	0.0000000	0.0000000
-0.7023520	68.7905960	0.0000000	0.0000000
1.0941203	68.7905960	0.0000000	0.0000000
2.8905921	68.7905960	0.0350873	0.6783554
4.6870642	68.7905960	0.6666596	-0.0818705
6.4835367	68.7905960	1.7660632	2.3859396
8.2800093	68.7905960	1.9882830	2.9473372
10.0764809	68.7905960	1.1110994	3.5321264
11.8729525	68.7905960	0.5263102	3.0876865
13.6694250	68.7905960	0.0000000	0.0000000
15.4658966	68.7905960	2.1286325	3.0409036
17.2623692	68.7905960	0.2105241	3.5672138
19.0588398	68.7905960	0.0000000	0.0000000
20.8553123	68.7905960	0.8537921	3.2865150
22.6517868	68.7905960	0.2339157	0.9005753
24.4482574	68.7905960	0.3040904	0.6081807
26.2447300	68.7905960	0.2105241	0.2806988
28.0412025	68.7905960	0.4444397	0.1169578
29.8376732	68.7905960	0.0000000	0.0000000
31.6341438	68.7905960	0.6198765	0.9707500
33.4306183	68.7905960	0.0000000	0.0000000
35.2270889	68.7905960	0.0000000	0.0000000
37.0235634	68.7905960	0.0000000	0.0000000
38.8200340	68.7905960	0.0000000	0.0000000
40.6165047	68.7905960	-0.0935663	1.6724969
42.4129791	68.7905960	-0.0935663	1.6724969
44.2094498	68.7905960	-0.5029187	1.4736686
46.0059242	68.7905960	-0.7251385	1.4151897
47.8023949	68.7905960	-0.6783554	1.4619728
49.5988655	68.7905960	-0.5146145	1.5321475
51.3953362	68.7905960	-0.9005753	3.0409036
53.1918106	68.7905960	-1.1578825	2.9473372
54.9882851	68.7905960	-0.0935663	1.4619728
56.7847557	68.7905960	-0.1637410	1.4970602
58.5812302	68.7905960	0.0000000	1.2748404
60.3776970	68.7905960	0.0000000	0.0000000
62.1741714	68.7905960	-0.1052620	1.6724969
63.9706421	68.7905960	-0.1520452	2.0935452
65.7671204	68.7905960	-0.0467831	2.5028975
67.5635834	68.7905960	0.0000000	0.0000000
69.3600616	68.7905960	0.0000000	0.0000000
71.1565323	68.7905960	0.0000000	0.0000000
-0.7023520	70.5870667	0.0000000	0.0000000
1.0941203	70.5870667	0.0116958	-1.2397530
2.8905921	70.5870667	0.0000000	0.0000000
4.6870642	70.5870667	0.2806988	0.8070090
6.4835367	70.5870667	-1.9648914	-0.0116958
8.2800093	70.5870667	1.1227951	3.9999576
10.0764809	70.5870667	0.7368343	3.2631233
11.8729525	70.5870667	1.8362379	3.8596082
13.6694250	70.5870667	1.2514488	3.2748191
15.4658966	70.5870667	0.0233916	3.8011293
17.2623692	70.5870667	-0.5730934	4.2806563
19.0588398	70.5870667	0.6081807	3.8713040
20.8553123	70.5870667	0.6198765	4.2338734
22.6517868	70.5870667	0.5730934	1.2982318
24.4482574	70.5870667	0.3508735	1.0643163
26.2447300	70.5870667	0.0000000	0.0000000
28.0412025	70.5870667	0.6666596	0.5847892
29.8376732	70.5870667	0.5964849	0.7719216
31.6341438	70.5870667	0.9356626	1.0760120
33.4306183	70.5870667	0.0935663	1.2865361
35.2270889	70.5870667	0.0000000	0.0000000
37.0235634	70.5870667	0.0000000	0.0000000
38.8200340	70.5870667	0.0000000	0.0000000
40.6165047	70.5870667	0.0000000	0.0000000
42.4129791	70.5870667	0.0000000	0.0000000
44.2094498	70.5870667	-0.7485301	1.3917981
46.0059242	70.5870667	-0.8537921	1.5789306
47.8023949	70.5870667	-0.6666596	1.4619728
49.5988655	70.5870667	-0.4444397	1.5906265
51.3953362	70.5870667	-0.2222199	1.7543674
53.1918106	70.5870667	-0.0467831	1.5672349
54.9882851	70.5870667	0.0000000	1.4502771
56.7847557	70.5870667	-0.0467831	1.4619728
58.5812302	70.5870667	-0.0233916	1.7075843
60.3776970	70.5870667	0.1403494	2.0350661
62.1741714	70.5870667	-0.0935663	1.8245420
63.9706421	70.5870667	0.0000000	0.0000000
65.7671204	70.5870667	0.0000000	0.0000000
67.5635834	70.5870667	0.0000000	0.0000000
69.3600616	70.5870667	0.0000000	0.0000000
71.1565323	70.5870667	0.0000000	0.0000000
-0.7023520	72.3835449	-1.5087559	1.4970602
1.0941203	72.3835449	0.0000000	0.0000000
2.8905921	72.3835449	0.0000000	0.0000000
4.6870642	72.3835449	0.4795271	1.3333192
6.4835367	72.3835449	0.5613976	2.2221987
8.2800093	72.3835449	0.3274819	3.6724758
10.0764809	72.3835449	-0.2806988	4.1987858
11.8729525	72.3835449	0.0935663	4.0233493
13.6694250	72.3835449	-0.4444397	3.9999576
15.4658966	72.3835449	0.1988283	3.7309546
17.2623692	72.3835449	0.1637410	4.2104816
19.0588398	72.3835449	0.5613976	3.7777379
20.8553123	72.3835449	0.4795271	2.9473372
22.6517868	72.3835449	0.7836174	1.2514488
24.4482574	72.3835449	1.1227951	0.5730934
26.2447300	72.3835449	0.5847892	1.1578825
28.0412025	72.3835449	0.7134427	0.8304006
29.8376732	72.3835449	0.0000000	0.0000000
31.6341438	72.3835449	1.6374096	0.3040904
33.4306183	72.3835449	-0.1988283	0.2105241
35.2270889	72.3835449	0.0000000	0.0000000
37.0235634	72.3835449	0.0000000	0.0000000
38.8200340	72.3835449	0.2222199	2.9707289
40.6165047	72.3835449	0.1520452	2.9707289
42.4129791	72.3835449	0.0000000	0.0000000
44.2094498	72.3835449	-0.7368343	1.4151897
46.0059242	72.3835449	-0.8537921	1.5321475
47.8023949	72.3835449	-0.6900512	1.6491053
49.5988655	72.3835449	-0.5146145	1.8596294
51.3953362	72.3835449	-0.6315722	2.0467620
53.1918106	72.3835449	-0.6549639	1.6023222
54.9882851	72.3835449	0.0000000	1.5555391
56.7847557	72.3835449	0.0233916	1.5672349
58.5812302	72.3835449	0.0000000	0.0000000
60.3776970	72.3835449	-0.1052620	1.6491053
62.1741714	72.3835449	-0.0701747	2.0584579
63.9706421	72.3835449	-0.0116958	1.8479337
65.7671204	72.3835449	0.0116958	2.3040693
67.5635834	72.3835449	0.0000000	0.0000000
69.3600616	72.3835449	0.0000000	0.0000000
71.1565323	72.3835449	0.0000000	0.0000000
-0.7023520	74.1800156	0.0000000	0.0000000
1.0941203	74.1800156	0.0000000	0.0000000
2.8905921	74.1800156	-0.4444397	0.1754367
4.6870642	74.1800156	-0.0350873	2.3274608
6.4835367	74.1800156	0.2690030	2.2923734
8.2800093	74.1800156	0.0000000	0.0000000
10.0764809	74.1800156	-0.0584789	3.8362167
11.8729525	74.1800156	-0.1988283	2.8420751
13.6694250	74.1800156	0.2456114	2.2806776
15.4658966	74.1800156	1.0760120	3.8245208
17.2623692	74.1800156	0.9473584	4.3508310
19.0588398	74.1800156	0.2456114	4.2455692
20.8553123	74.1800156	0.9941415	2.3508523
22.6517868	74.1800156	1.2982318	1.6841927
24.4482574	74.1800156	0.8771837	1.6958885
26.2447300	74.1800156	0.3859608	1.1929698
28.0412025	74.1800156	0.4561355	1.1461867
29.8376732	74.1800156	0.0000000	0.0000000
31.6341438	74.1800156	0.0000000	0.0000000
33.4306183	74.1800156	1.3333192	1.8596294
35.2270889	74.1800156	0.0000000	0.0000000
37.0235634	74.1800156	0.0000000	0.0000000
38.8200340	74.1800156	0.0000000	0.0000000
40.6165047	74.1800156	0.0000000	0.0000000
42.4129791	74.1800156	0.0000000	0.0000000
44.2094498	74.1800156	0.0000000	0.0000000
46.0059242	74.1800156	0.0000000	0.0000000
47.8023949	74.1800156	-0.6315722	1.8713253
49.5988655	74.1800156	-0.5730934	1.9531957
51.3953362	74.1800156	-0.5964849	1.9765873
53.1918106	74.1800156	0.0000000	0.0000000
54.9882851	74.1800156	0.1637410	1.0643163
56.7847557	74.1800156	0.0701747	1.1461867
58.5812302	74.1800156	-0.1169578	1.6374096
60.3776970	74.1800156	-0.2690030	2.9941204
62.1741714	74.1800156	0.0350873	2.3625481
63.9706421	74.1800156	0.1871325	1.7777590
65.7671204	74.1800156	0.1754367	2.3625481
67.5635834	74.1800156	-0.0701747	2.4912016
69.3600616	74.1800156	0.0000000	0.0000000
71.1565323	74.1800156	0.0000000	0.0000000
-0.7023520	75.9764862	0.0000000	0.0000000
1.0941203	75.9764862	0.0000000	0.0000000
2.8905921	75.9764862	-0.2339157	0.5847892
4.6870642	75.9764862	-0.5964849	1.0877078
6.4835367	75.9764862	-0.1871325	2.5262890
8.2800093	75.9764862	0.0350873	3.8829999
10.0764809	75.9764862	0.0233916	3.5204306
11.8729525	75.9764862	0.3274819	1.6491053
13.6694250	75.9764862	0.3391777	1.8011506
15.4658966	75.9764862	0.4093524	1.5672349
17.2623692	75.9764862	0.6666596	4.4911804
19.0588398	75.9764862	0.9941415	2.5028975
20.8553123	75.9764862	0.8888795	1.5087559
22.6517868	75.9764862	0.5380060	1.5204518
24.4482574	75.9764862	0.4678313	1.3917981
26.2447300	75.9764862	0.4678313	1.4268855
28.0412025	75.9764862	0.7368343	1.5204518
29.8376732	75.9764862	0.0000000	0.0000000
31.6341438	75.9764862	0.7368343	1.3567108
33.4306183	75.9764862	0.0000000	0.0000000
35.2270889	75.9764862	0.0000000	0.0000000
37.0235634	75.9764862	0.0000000	0.0000000
38.8200340	75.9764862	0.0000000	0.0000000
40.6165047	75.9764862	0.0000000	0.0000000
42.4129791	75.9764862	0.0000000	0.0000000
44.2094498	75.9764862	0.0000000	0.0000000
46.0059242	75.9764862	-1.1344910	3.3216023
47.8023949	75.9764862	-2.9005542	-2.3274608
49.5988655	75.9764862	-0.9122710	3.3566897
51.3953362	75.9764862	3.5204306	-0.3391777
53.1918106	75.9764862	0.0000000	0.0000000
54.9882851	75.9764862	0.2105241	1.4502771
56.7847557	75.9764862	0.2105241	1.4385812
58.5812302	75.9764862	0.0818705	1.5321475
60.3776970	75.9764862	0.0000000	0.0000000
62.1741714	75.9764862	0.1052620	1.5555391
63.9706421	75.9764862	-0.3157861	3.9063914
65.7671204	75.9764862	-0.0233916	2.7251174
67.5635834	75.9764862	-0.1169578	2.7368131
69.3600616	75.9764862	0.0000000	0.0000000
71.1565323	75.9764862	0.0000000	0.0000000
-0.7023520	77.7729568	0.0000000	0.0000000
1.0941203	77.7729568	0.0000000	0.0000000
2.8905921	77.7729568	-0.3976566	1.5672349
4.6870642	77.7729568	-0.8420963	1.4268855
6.4835367	77.7729568	-0.2222199	2.7952921
8.2800093	77.7729568	-0.1052620	4.2221775
10.0764809	77.7729568	0.9239668	0.3391777
11.8729525	77.7729568	0.5847892	1.6841927
13.6694250	77.7729568	0.0116958	1.8830210
15.4658966	77.7729568	0.0000000	2.0701535
17.2623692	77.7729568	0.4327440	2.0233705
19.0588398	77.7729568	0.6666596	1.7777590
20.8553123	77.7729568	0.7836174	1.5789306
22.6517868	77.7729568	0.8070090	1.5672349
24.4482574	77.7729568	0.3625693	1.6724969
26.2447300	77.7729568	0.5029187	1.5672349
28.0412025	77.7729568	0.6198765	1.9181083
29.8376732	77.7729568	0.4795271	1.4853644
31.6341438	77.7729568	0.0000000	0.0000000
33.4306183	77.7729568	0.0000000	0.0000000
35.2270889	77.7729568	0.0000000	0.0000000
37.0235634	77.7729568	0.0000000	0.0000000
38.8200340	77.7729568	0.0000000	0.0000000
40.6165047	77.7729568	0.0000000	0.0000000
42.4129791	77.7729568	0.0000000	0.0000000
44.2094498	77.7729568	0.0467831	3.4736474
46.0059242	77.7729568	0.6081807	3.1461656
47.8023949	77.7729568	-0.0350873	1.4736686
49.5988655	77.7729568	-0.1052620	1.9064126
51.3953362	77.7729568	0.0000000	0.0000000
53.1918106	77.7729568	0.0000000	0.0000000
54.9882851	77.7729568	0.0000000	0.0000000
56.7847557	77.7729568	-0.0818705	1.6140180
58.5812302	77.7729568	-0.0701747	1.6140180
60.3776970	77.7729568	0.0000000	0.0000000
62.1741714	77.7729568	0.0000000	0.0000000
63.9706421	77.7729568	0.0000000	0.0000000
65.7671204	77.7729568	0.0000000	0.0000000
67.5635834	77.7729568	-0.0935663	1.6608012
69.3600616	77.7729568	0.0000000	0.0000000
71.1565323	77.7729568	0.0000000	0.0000000
-0.7023520	79.5694275	0.0000000	0.0000000
1.0941203	79.5694275	0.0000000	0.0000000
2.8905921	79.5694275	-0.3859608	1.7426716
4.6870642	79.5694275	-0.3157861	1.8011506
6.4835367	79.5694275	-0.6900512	2.6432469
8.2800093	79.5694275	-0.2573072	3.0175118
10.0764809	79.5694275	0.0935663	2.7485089
11.8729525	79.5694275	0.1637410	2.7134216
13.6694250	79.5694275	0.2573072	2.1754155
15.4658966	79.5694275	0.1169578	2.0818493
17.2623692	79.5694275	0.1871325	2.1052408
19.0588398	79.5694275	0.2222199	2.2105029
20.8553123	79.5694275	0.6783554	1.9765873
22.6517868	79.5694275	0.2456114	2.0350661
24.4482574	79.5694275	1.3450150	2.7134216
26.2447300	79.5694275	0.7602259	1.6140180
28.0412025	79.5694275	0.7719216	1.8128463
29.8376732	79.5694275	1.0994036	3.4853432
31.6341438	79.5694275	1.6257138	3.0175118
33.4306183	79.5694275	0.0000000	0.0000000
35.2270889	79.5694275	0.0000000	0.0000000
37.0235634	79.5694275	0.0000000	0.0000000
38.8200340	79.5694275	0.0000000	0.0000000
40.6165047	79.5694275	0.0000000	0.0000000
42.4129791	79.5694275	0.0000000	0.0000000
44.2094498	79.5694275	0.0000000	0.0000000
46.0059242	79.5694275	0.0000000	0.0000000
47.8023949	79.5694275	-0.0701747	1.5438433
49.5988655	79.5694275	0.0000000	0.0000000
51.3953362	79.5694275	0.0000000	0.0000000
53.1918106	79.5694275	-1.4034939	1.6491053
54.9882851	79.5694275	-0.3157861	4.6315298
56.7847557	79.5694275	0.0000000	0.0000000
58.5812302	79.5694275	0.0000000	0.0000000
60.3776970	79.5694275	0.0000000	0.0000000
62.1741714	79.5694275	0.0000000	0.0000000
63.9706421	79.5694275	0.0000000	0.0000000
65.7671204	79.5694275	0.0000000	0.0000000
67.5635834	79.5694275	0.0000000	0.0000000
69.3600616	79.5694275	0.0000000	0.0000000
71.1565323	79.5694275	0.0000000	0.0000000
-0.7023520	81.3659058	0.0000000	0.0000000
1.0941203	81.3659058	0.0000000	0.0000000
2.8905921	81.3659058	-0.4678313	2.9941204
4.6870642	81.3659058	-0.6432680	2.7134216
6.4835367	81.3659058	-0.1637410	2.3625481
8.2800093	81.3659058	0.0000000	0.0000000
10.0764809	81.3659058	0.0000000	0.0000000
11.8729525	81.3659058	0.2573072	2.9941204
13.6694250	81.3659058	0.1403494	2.7134216
15.4658966	81.3659058	0.0000000	0.0000000
17.2623692	81.3659058	0.7251385	2.3625481
19.0588398	81.3659058	0.6666596	2.5145934
20.8553123	81.3659058	0.2923946	2.2338946
22.6517868	81.3659058	1.4151897	3.1110783
24.4482574	81.3659058	0.3976566	1.4268855
26.2447300	81.3659058	0.7719216	1.5789306
28.0412025	81.3659058	0.8537921	2.1403282
29.8376732	81.3659058	2.6081595	0.1403494
31.6341438	81.3659058	0.0000000	0.0000000
33.4306183	81.3659058	0.0000000	0.0000000
35.2270889	81.3659058	0.0000000	0.0000000
37.0235634	81.3659058	0.0000000	0.0000000
38.8200340	81.3659058	0.0000000	0.0000000
40.6165047	81.3659058	0.0000000	0.0000000
42.4129791	81.3659058	0.0000000	0.0000000
44.2094498	81.3659058	-0.4210482	2.1754155
46.0059242	81.3659058	0.0000000	0.0000000
47.8023949	81.3659058	0.0000000	0.0000000
49.5988655	81.3659058	0.0000000	0.0000000
51.3953362	81.3659058	0.0000000	0.0000000
53.1918106	81.3659058	0.0000000	0.0000000
54.9882851	81.3659058	-0.4210482	3.3099065
56.7847557	81.3659058	0.0000000	0.0000000
58.5812302	81.3659058	0.0000000	0.0000000
60.3776970	81.3659058	-0.0116958	1.5789306
62.1741714	81.3659058	0.0935663	2.2572861
63.9706421	81.3659058	-0.6315722	4.8069668
65.7671204	81.3659058	0.0000000	0.0000000
67.5635834	81.3659058	0.0000000	0.0000000
69.3600616	81.3659058	0.0000000	0.0000000
71.1565323	81.3659058	0.0000000	0.0000000
-0.7023520	83.1623764	0.0000000	0.0000000
1.0941203	83.1623764	0.0000000	0.0000000
2.8905921	83.1623764	0.0000000	0.0000000
4.6870642	83.1623764	0.0000000	0.0000000
6.4835367	83.1623764	-0.0701747	1.7426716
8.2800093	83.1623764	-0.0467831	2.2806776
10.0764809	83.1623764	-0.0467831	2.0701535
11.8729525	83.1623764	0.0584789	1.8362379
13.6694250	83.1623764	0.0000000	0.0000000
15.4658966	83.1623764	0.1052620	1.8011506
17.2623692	83.1623764	0.0935663	1.9181083
19.0588398	83.1623764	0.6666596	2.7719004
20.8553123	83.1623764	0.4678313	2.2806776
22.6517868	83.1623764	0.2339157	2.5262890
24.4482574	83.1623764	0.0000000	0.0000000
26.2447300	83.1623764	0.6432680	1.6724969
28.0412025	83.1623764	0.0000000	0.0000000
29.8376732	83.1623764	0.0000000	0.0000000
31.6341438	83.1623764	0.0000000	0.0000000
33.4306183	83.1623764	0.0000000	0.0000000
35.2270889	83.1623764	0.0000000	0.0000000
37.0235634	83.1623764	0.0000000	0.0000000
38.8200340	83.1623764	0.0000000	0.0000000
40.6165047	83.1623764	0.0000000	0.0000000
42.4129791	83.1623764	0.0000000	0.0000000
44.2094498	83.1623764	0.3157861	0.0350873
46.0059242	83.1623764	0.0000000	0.0000000
47.8023949	83.1623764	0.0000000	0.0000000
49.5988655	83.1623764	0.0000000	0.0000000
51.3953362	83.1623764	0.0000000	0.0000000
53.1918106	83.1623764	-0.2222199	1.9999788
54.9882851	83.1623764	-0.2105241	2.2221987
56.7847557	83.1623764	0.0000000	0.0000000
58.5812302	83.1623764	0.0701747	2.7134216
60.3776970	83.1623764	0.0000000	0.0000000
62.1741714	83.1623764	0.0000000	0.0000000
63.9706421	83.1623764	0.0000000	0.0000000
65.7671204	83.1623764	-0.1520452	1.8128463
67.5635834	83.1623764	-0.0818705	1.7660632
69.3600616	83.1623764	0.0000000	0.0000000
71.1565323	83.1623764	0.0000000	0.0000000
-0.7023520	84.9588547	0.0000000	0.0000000
1.0941203	84.9588547	0.0000000	0.0000000
2.8905921	84.9588547	-0.1637410	2.9239457
4.6870642	84.9588547	-0.1403494	2.8888583
6.4835367	84.9588547	0.0000000	0.0000000
8.2800093	84.9588547	1.9298041	0.9473584
10.0764809	84.9588547	1.9999788	0.7836174
11.8729525	84.9588547	0.0000000	0.0000000
13.6694250	84.9588547	-0.0233916	3.6256926
15.4658966	84.9588547	0.0000000	0.0000000
17.2623692	84.9588547	0.1988283	2.2923734
19.0588398	84.9588547	0.0000000	0.0000000
20.8553123	84.9588547	0.0000000	0.0000000
22.6517868	84.9588547	0.0000000	0.0000000
24.4482574	84.9588547	0.0000000	0.0000000
26.2447300	84.9588547	0.0000000	0.0000000
28.0412025	84.9588547	-1.3567108	0.0000000
29.8376732	84.9588547	0.0000000	0.0000000
31.6341438	84.9588547	1.4970602	0.0116958
33.4306183	84.9588547	0.0000000	0.0000000
35.2270889	84.9588547	0.0000000	0.0000000
37.0235634	84.9588547	0.0000000	0.0000000
38.8200340	84.9588547	0.0000000	0.0000000
40.6165047	84.9588547	0.0000000	0.0000000
42.4129791	84.9588547	0.0000000	0.0000000
44.2094498	84.9588547	0.0000000	0.0000000
46.0059242	84.9588547	0.0000000	0.0000000
47.8023949	84.9588547	0.0000000	0.0000000
49.5988655	84.9588547	0.0000000	0.0000000
51.3953362	84.9588547	0.0000000	0.0000000
53.1918106	84.9588547	-0.0116958	1.0994036
54.9882851	84.9588547	-0.2105241	1.2514488
56.7847557	84.9588547	0.0000000	0.0000000
58.5812302	84.9588547	0.0000000	0.0000000
60.3776970	84.9588547	0.0000000	0.0000000
62.1741714	84.9588547	-0.5730934	2.5496807
63.9706421	84.9588547	0.0000000	0.0000000
65.7671204	84.9588547	-0.1520452	1.8245420
67.5635834	84.9588547	-0.0818705	1.7777590
69.3600616	84.9588547	0.0000000	0.0000000
71.1565323	84.9588547	0.0000000	0.0000000
-0.7023520	86.7553177	0.0000000	0.0000000
1.0941203	86.7553177	0.0000000	0.0000000
2.8905921	86.7553177	0.0000000	0.0000000
4.6870642	86.7553177	-0.3508735	1.9765873
6.4835367	86.7553177	-0.4444397	2.1286325
8.2800093	86.7553177	-0.0467831	2.7835963
10.0764809	86.7553177	0.1169578	2.7017257
11.8729525	86.7553177	0.3040904	3.3332980
13.6694250	86.7553177	0.2923946	2.9824245
15.4658966	86.7553177	0.0584789	2.8420751
17.2623692	86.7553177	-0.0350873	1.6257138
19.0588398	86.7553177	0.0000000	0.0000000
20.8553123	86.7553177	0.0000000	0.0000000
22.6517868	86.7553177	0.0000000	0.0000000
24.4482574	86.7553177	3.1344697	0.0000000
26.2447300	86.7553177	0.0000000	0.0000000
28.0412025	86.7553177	0.0000000	0.0000000
29.8376732	86.7553177	0.0000000	0.0000000
31.6341438	86.7553177	0.0000000	0.0000000
33.4306183	86.7553177	0.0000000	0.0000000
35.2270889	86.7553177	0.0000000	0.0000000
37.0235634	86.7553177	0.0000000	0.0000000
38.8200340	86.7553177	0.0000000	0.0000000
40.6165047	86.7553177	0.0000000	0.0000000
42.4129791	86.7553177	0.0000000	0.0000000
44.2094498	86.7553177	0.0000000	0.0000000
46.0059242	86.7553177	0.0000000	0.0000000
47.8023949	86.7553177	0.0000000	0.0000000
49.5988655	86.7553177	0.0000000	0.0000000
51.3953362	86.7553177	0.0000000	0.0000000
53.1918106	86.7553177	0.0000000	0.0000000
54.9882851	86.7553177	-0.4561355	2.8537710
56.7847557	86.7553177	0.0000000	0.0000000
58.5812302	86.7553177	0.0000000	0.0000000
60.3776970	86.7553177	0.0000000	0.0000000
62.1741714	86.7553177	-0.6549639	1.6491053
63.9706421	86.7553177	0.0000000	0.0000000
65.7671204	86.7553177	0.0000000	0.0000000
67.5635834	86.7553177	0.0000000	0.0000000
69.3600616	86.7553177	0.0000000	0.0000000
71.1565323	86.7553177	0.0000000	0.0000000
-0.7023520	88.5517883	0.0000000	0.0000000
1.0941203	88.5517883	0.0000000	0.0000000
2.8905921	88.5517883	0.0000000	0.0000000
4.6870642	88.5517883	-0.2456114	1.6140180
6.4835367	88.5517883	-0.1637410	1.6374096
8.2800093	88.5517883	0.2806988	1.7192800
10.0764809	88.5517883	0.1169578	2.0935452
11.8729525	88.5517883	0.2573072	2.0935452
13.6694250	88.5517883	0.0233916	3.0058162
15.4658966	88.5517883	0.0000000	0.0000000
17.2623692	88.5517883	0.0000000	0.0000000
19.0588398	88.5517883	0.0000000	0.0000000
20.8553123	88.5517883	0.0000000	0.0000000
22.6517868	88.5517883	0.5730934	1.1344910
24.4482574	88.5517883	0.0000000	0.0000000
26.2447300	88.5517883	0.0000000	0.0000000
28.0412025	88.5517883	0.0000000	0.0000000
29.8376732	88.5517883	0.0000000	0.0000000
31.6341438	88.5517883	0.0000000	0.0000000
33.4306183	88.5517883	0.0000000	0.0000000
35.2270889	88.5517883	0.0000000	0.0000000
37.0235634	88.5517883	0.0000000	0.0000000
38.8200340	88.5517883	0.0000000	0.0000000
40.6165047	88.5517883	0.0000000	0.0000000
42.4129791	88.5517883	0.0000000	0.0000000
44.2094498	88.5517883	0.0000000	0.0000000
46.0059242	88.5517883	0.0000000	0.0000000
47.8023949	88.5517883	-0.1871325	2.8888583
49.5988655	88.5517883	0.0000000	0.0000000
51.3953362	88.5517883	0.0000000	0.0000000
53.1918106	88.5517883	0.0000000	0.0000000
54.9882851	88.5517883	0.0000000	0.0000000
56.7847557	88.5517883	0.0000000	0.0000000
58.5812302	88.5517883	0.0000000	0.0000000
60.3776970	88.5517883	0.0000000	0.0000000
62.1741714	88.5517883	0.0000000	0.0000000
63.9706421	88.5517883	0.0935663	1.5087559
65.7671204	88.5517883	0.0000000	0.0000000
67.5635834	88.5517883	0.0000000	0.0000000
69.3600616	88.5517883	0.0000000	0.0000000
71.1565323	88.5517883	0.0000000	0.0000000
-0.7023520	90.3482666	0.0000000	0.0000000
1.0941203	90.3482666	0.0000000	0.0000000
2.8905921	90.3482666	0.0000000	0.0000000
4.6870642	90.3482666	0.0000000	0.0000000
6.4835367	90.3482666	0.0000000	0.0000000
8.2800093	90.3482666	0.0000000	0.0000000
10.0764809	90.3482666	0.1988283	0.7368343
11.8729525	90.3482666	0.6198765	0.2806988
13.6694250	90.3482666	0.0000000	0.0000000
15.4658966	90.3482666	0.7953132	3.3449938
17.2623692	90.3482666	0.0000000	0.0000000
19.0588398	90.3482666	0.0000000	0.0000000
20.8553123	90.3482666	0.0000000	0.0000000
22.6517868	90.3482666	0.7719216	3.1227739
24.4482574	90.3482666	0.0000000	0.0000000
26.2447300	90.3482666	0.0000000	0.0000000
28.0412025	90.3482666	0.0000000	0.0000000
29.8376732	90.3482666	0.0000000	0.0000000
31.6341438	90.3482666	0.0000000	0.0000000
33.4306183	90.3482666	0.0000000	0.0000000
35.2270889	90.3482666	0.0000000	0.0000000
37.0235634	90.3482666	0.0000000	0.0000000
38.8200340	90.3482666	0.0000000	0.0000000
40.6165047	90.3482666	0.0000000	0.0000000
42.4129791	90.3482666	0.0000000	0.0000000
44.2094498	90.3482666	0.7251385	4.4443974
46.0059242	90.3482666	0.0000000	0.0000000
47.8023949	90.3482666	-0.1871325	2.9239457
49.5988655	90.3482666	0.0000000	0.0000000
51.3953362	90.3482666	0.0000000	0.0000000
53.1918106	90.3482666	0.0000000	0.0000000
54.9882851	90.3482666	0.0000000	0.0000000
56.7847557	90.3482666	0.0000000	0.0000000
58.5812302	90.3482666	0.0000000	0.0000000
60.3776970	90.3482666	0.0000000	0.0000000
62.1741714	90.3482666	0.0000000	0.0000000
63.9706421	90.3482666	0.0000000	0.0000000
65.7671204	90.3482666	0.0000000	0.0000000
67.5635834	90.3482666	0.0000000	0.0000000
69.3600616	90.3482666	0.0000000	0.0000000
71.1565323	90.3482666	0.0000000	0.0000000
-0.7023520	92.1447372	0.0000000	0.0000000
1.0941203	92.1447372	0.0000000	0.0000000
2.8905921	92.1447372	0.0000000	0.0000000
4.6870642	92.1447372	0.0000000	0.0000000
6.4835367	92.1447372	0.0000000	0.0000000
8.2800093	92.1447372	0.0000000	0.0000000
10.0764809	92.1447372	0.0000000	0.0000000
11.8729525	92.1447372	0.0000000	0.0000000
13.6694250	92.1447372	0.0000000	0.0000000
15.4658966	92.1447372	0.4795271	3.5438221
17.2623692	92.1447372	-0.0233916	2.7368131
19.0588398	92.1447372	0.1169578	2.5730722
20.8553123	92.1447372	0.0000000	0.0000000
22.6517868	92.1447372	0.0000000	0.0000000
24.4482574	92.1447372	0.0000000	0.0000000
26.2447300	92.1447372	0.0000000	0.0000000
28.0412025	92.1447372	0.0000000	0.0000000
29.8376732	92.1447372	0.0000000	0.0000000
31.6341438	92.1447372	0.0000000	0.0000000
33.4306183	92.1447372	0.0000000	0.0000000
35.2270889	92.1447372	0.0000000	0.0000000
37.0235634	92.1447372	0.0000000	0.0000000
38.8200340	92.1447372	-1.2982318	4.4093099
40.6165047	92.1447372	-1.2982318	4.4093099
42.4129791	92.1447372	0.0000000	0.0000000
44.2094498	92.1447372	1.2397530	2.9005542
46.0059242	92.1447372	0.0000000	0.0000000
47.8023949	92.1447372	2.8771625	0.0000000
49.5988655	92.1447372	0.0000000	0.0000000
51.3953362	92.1447372	0.0000000	0.0000000
53.1918106	92.1447372	0.0000000	0.0000000
54.9882851	92.1447372	0.0000000	0.0000000
56.7847557	92.1447372	0.0000000	0.0000000
58.5812302	92.1447372	0.0000000	0.0000000
60.3776970	92.1447372	0.0000000	0.0000000
62.1741714	92.1447372	0.0000000	0.0000000
63.9706421	92.1447372	0.0000000	0.0000000
65.7671204	92.1447372	0.0000000	0.0000000
67.5635834	92.1447372	0.0000000	0.0000000
69.3600616	92.1447372	0.0000000	0.0000000
71.1565323	92.1447372	0.0000000	0.0000000
-0.7023520	93.9412079	0.0000000	0.0000000
1.0941203	93.9412079	0.0000000	0.0000000
2.8905921	93.9412079	0.1871325	1.4619728
4.6870642	93.9412079	0.0000000	0.0000000
6.4835367	93.9412079	0.0000000	0.0000000
8.2800093	93.9412079	0.0000000	0.0000000
10.0764809	93.9412079	0.0000000	0.0000000
11.8729525	93.9412079	0.0000000	0.0000000
13.6694250	93.9412079	0.0000000	0.0000000
15.4658966	93.9412079	-1.2514488	-2.9824245
17.2623692	93.9412079	0.0000000	0.0000000
19.0588398	93.9412079	0.0000000	0.0000000
20.8553123	93.9412079	0.0000000	0.0000000
22.6517868	93.9412079	0.0000000	0.0000000
24.4482574	93.9412079	0.0000000	0.0000000
26.2447300	93.9412079	0.0000000	0.0000000
28.0412025	93.9412079	0.0000000	0.0000000
29.8376732	93.9412079	0.0000000	0.0000000
31.6341438	93.9412079	0.0000000	0.0000000
33.4306183	93.9412079	0.0000000	0.0000000
35.2270889	93.9412079	0.0000000	0.0000000
37.0235634	93.9412079	0.0000000	0.0000000
38.8200340	93.9412079	0.0000000	0.0000000
40.6165047	93.9412079	0.0000000	0.0000000
42.4129791	93.9412079	0.0000000	0.0000000
44.2094498	93.9412079	0.0000000	0.0000000
46.0059242	93.9412079	0.0000000	0.0000000
47.8023949	93.9412079	0.0000000	0.0000000
49.5988655	93.9412079	0.0000000	0.0000000
51.3953362	93.9412079	0.0000000	0.0000000
53.1918106	93.9412079	0.0000000	0.0000000
54.9882851	93.9412079	0.0000000	0.0000000
56.7847557	93.9412079	0.0000000	0.0000000
58.5812302	93.9412079	0.0000000	0.0000000
60.3776970	93.9412079	0.0000000	0.0000000
62.1741714	93.9412079	0.0000000	0.0000000
63.9706421	93.9412079	0.0000000	0.0000000
65.7671204	93.9412079	0.0000000	0.0000000
67.5635834	93.9412079	0.0935663	-1.4853644
69.3600616	93.9412079	0.0000000	0.0000000
71.1565323	93.9412079	0.0000000	0.0000000
-0.7023520	95.7376785	0.0000000	0.0000000
1.0941203	95.7376785	0.0000000	0.0000000
2.8905921	95.7376785	0.0000000	0.0000000
4.6870642	95.7376785	0.0000000	0.0000000
6.4835367	95.7376785	0.0000000	0.0000000
8.2800093	95.7376785	0.0000000	0.0000000
10.0764809	95.7376785	0.0818705	3.6958673
11.8729525	95.7376785	0.0000000	0.0000000
13.6694250	95.7376785	0.0000000	0.0000000
15.4658966	95.7376785	0.0000000	0.0000000
17.2623692	95.7376785	0.0000000	0.0000000
19.0588398	95.7376785	0.0000000	0.0000000
20.8553123	95.7376785	0.0000000	0.0000000
22.6517868	95.7376785	0.0000000	0.0000000
24.4482574	95.7376785	0.0000000	0.0000000
26.2447300	95.7376785	0.0000000	0.0000000
28.0412025	95.7376785	0.0000000	0.0000000
29.8376732	95.7376785	0.0000000	0.0000000
31.6341438	95.7376785	0.0000000	0.0000000
33.4306183	95.7376785	0.0000000	0.0000000
35.2270889	95.7376785	0.0000000	0.0000000
37.0235634	95.7376785	0.0000000	0.0000000
38.8200340	95.7376785	0.0000000	0.0000000
40.6165047	95.7376785	0.0000000	0.0000000
42.4129791	95.7376785	0.0000000	0.0000000
44.2094498	95.7376785	0.0000000	0.0000000
46.0059242	95.7376785	0.0000000	0.0000000
47.8023949	95.7376785	0.0000000	0.0000000
49.5988655	95.7376785	0.0000000	0.0000000
51.3953362	95.7376785	0.0000000	0.0000000
53.1918106	95.7376785	0.0000000	0.0000000
54.9882851	95.7376785	0.0000000	0.0000000
56.7847557	95.7376785	0.0000000	0.0000000
58.5812302	95.7376785	0.0000000	0.0000000
60.3776970	95.7376785	0.0000000	0.0000000
62.1741714	95.7376785	0.0000000	0.0000000
63.9706421	95.7376785	0.0000000	0.0000000
65.7671204	95.7376785	0.0000000	0.0000000
67.5635834	95.7376785	0.0000000	0.0000000
69.3600616	95.7376785	0.0000000	0.0000000
71.1565323	95.7376785	0.0000000	0.0000000
-0.7023520	97.5341492	0.0000000	0.0000000
1.0941203	97.5341492	0.0000000	0.0000000
2.8905921	97.5341492	0.0000000	0.0000000
4.6870642	97.5341492	0.0000000	0.0000000
6.4835367	97.5341492	0.0000000	0.0000000
8.2800093	97.5341492	0.0000000	0.0000000
10.0764809	97.5341492	0.0000000	0.0000000
11.8729525	97.5341492	0.0000000	0.0000000
13.6694250	97.5341492	0.0000000	0.0000000
15.4658966	97.5341492	0.0000000	0.0000000
17.2623692	97.5341492	0.0000000	0.0000000
19.0588398	97.5341492	0.0000000	0.0000000
20.8553123	97.5341492	0.0000000	0.0000000
22.6517868	97.5341492	0.0000000	0.0000000
24.4482574	97.5341492	0.0000000	0.0000000
26.2447300	97.5341492	0.0000000	0.0000000
28.0412025	97.5341492	0.0000000	0.0000000
29.8376732	97.5341492	0.0000000	0.0000000
31.6341438	97.5341492	0.0000000	0.0000000
33.4306183	97.5341492	0.0000000	0.0000000
35.2270889	97.5341492	0.0000000	0.0000000
37.0235634	97.5341492	0.0000000	0.0000000
38.8200340	97.5341492	0.0000000	0.0000000
40.6165047	97.5341492	0.0000000	0.0000000
42.4129791	97.5341492	0.0000000	0.0000000
44.2094498	97.5341492	0.0000000	0.0000000
46.0059242	97.5341492	0.0000000	0.0000000
47.8023949	97.5341492	0.0000000	0.0000000
49.5988655	97.5341492	0.0000000	0.0000000
51.3953362	97.5341492	0.0000000	0.0000000
53.1918106	97.5341492	0.0000000	0.0000000
54.9882851	97.5341492	0.0000000	0.0000000
56.7847557	97.5341492	0.0000000	0.0000000
58.5812302	97.5341492	0.0000000	0.0000000
60.3776970	97.5341492	0.0000000	0.0000000
62.1741714	97.5341492	0.0000000	0.0000000
63.9706421	97.5341492	0.0000000	0.0000000
65.7671204	97.5341492	0.0000000	0.0000000
67.5635834	97.5341492	0.0000000	0.0000000
69.3600616	97.5341492	0.0000000	0.0000000
71.1565323	97.5341492	0.0000000	0.0000000
-0.7023520	99.3306274	0.0000000	0.0000000
1.0941203	99.3306274	0.0000000	0.0000000
2.8905921	99.3306274	0.0000000	0.0000000
4.6870642	99.3306274	0.0000000	0.0000000
6.4835367	99.3306274	0.0000000	0.0000000
8.2800093	99.3306274	0.0000000	0.0000000
10.0764809	99.3306274	0.0000000	0.0000000
11.8729525	99.3306274	0.0000000	0.0000000
13.6694250	99.3306274	0.0000000	0.0000000
15.4658966	99.3306274	0.0000000	0.0000000
17.2623692	99.3306274	0.0000000	0.0000000
19.0588398	99.3306274	0.7368343	4.5028763
20.8553123	99.3306274	0.0000000	0.0000000
22.6517868	99.3306274	0.0000000	0.0000000
24.4482574	99.3306274	0.0000000	0.0000000
26.2447300	99.3306274	0.0000000	0.0000000
28.0412025	99.3306274	0.0000000	0.0000000
29.8376732	99.3306274	0.0000000	0.0000000
31.6341438	99.3306274	0.0000000	0.0000000
33.4306183	99.3306274	0.0000000	0.0000000
35.2270889	99.3306274	0.0000000	0.0000000
37.0235634	99.3306274	0.0000000	0.0000000
38.8200340	99.3306274	0.0000000	0.0000000
40.6165047	99.3306274	0.0000000	0.0000000
42.4129791	99.3306274	0.0000000	0.0000000
44.2094498	99.3306274	0.0000000	0.0000000
46.0059242	99.3306274	0.0000000	0.0000000
47.8023949	99.3306274	0.0000000	0.0000000
49.5988655	99.3306274	0.0000000	0.0000000
51.3953362	99.3306274	0.0000000	0.0000000
53.1918106	99.3306274	0.0000000	0.0000000
54.9882851	99.3306274	0.0000000	0.0000000
56.7847557	99.3306274	0.0000000	0.0000000
58.5812302	99.3306274	0.0000000	0.0000000
60.3776970	99.3306274	0.0000000	0.0000000
62.1741714	99.3306274	0.0000000	0.0000000
63.9706421	99.3306274	0.0000000	0.0000000
65.7671204	99.3306274	0.0000000	0.0000000
67.5635834	99.3306274	0.0000000	0.0000000
69.3600616	99.3306274	0.0000000	0.0000000
71.1565323	99.3306274	0.0000000	0.0000000
-0.7023520	101.1270981	0.0000000	0.0000000
1.0941203	101.1270981	0.0000000	0.0000000
2.8905921	101.1270981	0.6783554	0.0116958
4.6870642	101.1270981	0.0000000	0.0000000
6.4835367	101.1270981	0.0000000	0.0000000
8.2800093	101.1270981	0.0000000	0.0000000
10.0764809	101.1270981	0.0000000	0.0000000
11.8729525	101.1270981	0.0000000	0.0000000
13.6694250	101.1270981	0.0000000	0.0000000
15.4658966	101.1270981	0.0000000	0.0000000
17.2623692	101.1270981	0.0000000	0.0000000
19.0588398	101.1270981	0.0000000	0.0000000
20.8553123	101.1270981	0.0000000	0.0000000
22.6517868	101.1270981	0.0000000	0.0000000
24.4482574	101.1270981	0.0000000	0.0000000
26.2447300	101.1270981	0.0000000	0.0000000
28.0412025	101.1270981	0.0000000	0.0000000
29.8376732	101.1270981	0.0000000	0.0000000
31.6341438	101.1270981	0.0000000	0.0000000
33.4306183	101.1270981	0.0000000	0.0000000
35.2270889	101.1270981	0.0000000	0.0000000
37.0235634	101.1270981	0.0000000	0.0000000
38.8200340	101.1270981	0.0000000	0.0000000
40.6165047	101.1270981	0.0000000	0.0000000
42.4129791	101.1270981	0.0000000	0.0000000
44.2094498	101.1270981	0.0000000	0.0000000
46.0059242	101.1270981	0.0000000	0.0000000
47.8023949	101.1270981	0.0000000	0.0000000
49.5988655	101.1270981	0.0000000	0.0000000
51.3953362	101.1270981	0.0000000	0.0000000
53.1918106	101.1270981	0.0000000	0.0000000
54.9882851	101.1270981	0.0000000	0.0000000
56.7847557	101.1270981	0.0000000	0.0000000
58.5812302	101.1270981	0.0000000	0.0000000
60.3776970	101.1270981	0.0000000	0.0000000
62.1741714	101.1270981	0.0000000	0.0000000
63.9706421	101.1270981	0.0000000	0.0000000
65.7671204	101.1270981	0.0000000	0.0000000
67.5635834	101.1270981	0.0000000	0.0000000
69.3600616	101.1270981	0.0000000	0.0000000
71.1565323	101.1270981	0.0000000	0.0000000
-0.7023520	102.9235687	0.0000000	0.0000000
1.0941203	102.9235687	0.0000000	0.0000000
2.8905921	102.9235687	0.0000000	0.0000000
4.6870642	102.9235687	0.0000000	0.0000000
6.4835367	102.9235687	0.0000000	0.0000000
8.2800093	102.9235687	0.0000000	0.0000000
10.0764809	102.9235687	0.0000000	0.0000000
11.8729525	102.9235687	0.0000000	0.0000000
13.6694250	102.9235687	0.3976566	4.4911804
15.4658966	102.9235687	0.3859608	4.4911804
17.2623692	102.9235687	0.0000000	0.0000000
19.0588398	102.9235687	0.0000000	0.0000000
20.8553123	102.9235687	0.0000000	0.0000000
22.6517868	102.9235687	0.0000000	0.0000000
24.4482574	102.9235687	0.0000000	0.0000000
26.2447300	102.9235687	0.0000000	0.0000000
28.0412025	102.9235687	0.0000000	0.0000000
29.8376732	102.9235687	0.0000000	0.0000000
31.6341438	102.9235687	0.0000000	0.0000000
33.4306183	102.9235687	0.0000000	0.0000000
35.2270889	102.9235687	0.0000000	0.0000000
37.0235634	102.9235687	0.0000000	0.0000000
38.8200340	102.9235687	0.0000000	0.0000000
40.6165047	102.9235687	0.0000000	0.0000000
42.4129791	102.9235687	0.0000000	0.0000000
44.2094498	102.9235687	0.0000000	0.0000000
46.0059242	102.9235687	0.0000000	0.0000000
47.8023949	102.9235687	0.0000000	0.0000000
49.5988655	102.9235687	0.0000000	0.0000000
51.3953362	102.9235687	0.0000000	0.0000000
53.1918106	102.9235687	0.0000000	0.0000000
54.9882851	102.9235687	0.0000000	0.0000000
56.7847557	102.9235687	0.0000000	0.0000000
58.5812302	102.9235687	0.0000000	0.0000000
60.3776970	102.9235687	0.0000000	0.0000000
62.1741714	102.9235687	0.0000000	0.0000000
63.9706421	102.9235687	0.0000000	0.0000000
65.7671204	102.9235687	0.0000000	0.0000000
67.5635834	102.9235687	0.0000000	0.0000000
69.3600616	102.9235687	0.0000000	0.0000000
71.1565323	102.9235687	0.0000000	0.0000000
-0.7023520	104.7200394	0.0000000	0.0000000
1.0941203	104.7200394	0.0000000	0.0000000
2.8905921	104.7200394	0.0000000	0.0000000
4.6870642	104.7200394	0.0000000	0.0000000
6.4835367	104.7200394	0.0000000	0.0000000
8.2800093	104.7200394	0.0000000	0.0000000
10.0764809	104.7200394	0.0000000	0.0000000
11.8729525	104.7200394	0.0935663	4.4911804
13.6694250	104.7200394	0.0000000	0.0000000
15.4658966	104.7200394	0.0000000	0.0000000
17.2623692	104.7200394	0.0000000	0.0000000
19.0588398	104.7200394	0.0000000	0.0000000
20.8553123	104.7200394	0.0000000	0.0000000
22.6517868	104.7200394	0.0000000	0.0000000
24.4482574	104.7200394	0.0000000	0.0000000
26.2447300	104.7200394	0.0000000	0.0000000
28.0412025	104.7200394	0.0000000	0.0000000
29.8376732	104.7200394	0.0000000	0.0000000
31.6341438	104.7200394	0.0000000	0.0000000
33.4306183	104.7200394	0.0000000	0.0000000
35.2270889	104.7200394	0.0000000	0.0000000
37.0235634	104.7200394	0.0000000	0.0000000
38.8200340	104.7200394	-3.0993824	1.4970602
40.6165047	104.7200394	0.0000000	0.0000000
42.4129791	104.7200394	0.0000000	0.0000000
44.2094498	104.7200394	0.0000000	0.0000000
46.0059242	104.7200394	0.0000000	0.0000000
47.8023949	104.7200394	0.0000000	0.0000000
49.5988655	104.7200394	0.0000000	0.0000000
51.3953362	104.7200394	0.0000000	0.0000000
53.1918106	104.7200394	0.0000000	0.0000000
54.9882851	104.7200394	0.0000000	0.0000000
56.7847557	104.7200394	0.0000000	0.0000000
58.5812302	104.7200394	0.0000000	0.0000000
60.3776970	104.7200394	0.0000000	0.0000000
62.1741714	104.7200394	0.0000000	0.0000000
63.9706421	104.7200394	0.0000000	0.0000000
65.7671204	104.7200394	0.0000000	0.0000000
67.5635834	104.7200394	0.0000000	0.0000000
69.3600616	104.7200394	0.0000000	0.0000000
71.1565323	104.7200394	0.0000000	0.0000000
-0.7023520	106.5165100	0.0000000	0.0000000
1.0941203	106.5165100	0.0000000	0.0000000
2.8905921	106.5165100	0.0000000	0.0000000
4.6870642	106.5165100	0.0000000	0.0000000
6.4835367	106.5165100	0.0000000	0.0000000
8.2800093	106.5165100	0.0000000	0.0000000
10.0764809	106.5165100	0.0000000	0.0000000
11.8729525	106.5165100	0.0000000	0.0000000
13.6694250	106.5165100	0.0000000	0.0000000
15.4658966	106.5165100	0.0000000	0.0000000
17.2623692	106.5165100	0.0000000	0.0000000
19.0588398	106.5165100	0.0000000	0.0000000
20.8553123	106.5165100	0.0000000	0.0000000
22.6517868	106.5165100	0.0000000	0.0000000
24.4482574	106.5165100	0.0000000	0.0000000
26.2447300	106.5165100	0.0000000	0.0000000
28.0412025	106.5165100	0.0000000	0.0000000
29.8376732	106.5165100	0.0000000	0.0000000
31.6341438	106.5165100	0.0000000	0.0000000
33.4306183	106.5165100	0.0000000	0.0000000
35.2270889	106.5165100	0.0000000	0.0000000
37.0235634	106.5165100	0.0000000	0.0000000
38.8200340	106.5165100	0.0000000	0.0000000
40.6165047	106.5165100	0.0000000	0.0000000
42.4129791	106.5165100	0.0000000	0.0000000
44.2094498	106.5165100	0.0000000	0.0000000
46.0059242	106.5165100	0.0000000	0.0000000
47.8023949	106.5165100	0.0000000	0.0000000
49.5988655	106.5165100	0.0000000	0.0000000
51.3953362	106.5165100	0.0000000	0.0000000
53.1918106	106.5165100	0.0000000	0.0000000
54.9882851	106.5165100	0.0000000	0.0000000
56.7847557	106.5165100	0.0000000	0.0000000
58.5812302	106.5165100	0.0000000	0.0000000
60.3776970	106.5165100	0.0000000	0.0000000
62.1741714	106.5165100	0.0000000	0.0000000
63.9706421	106.5165100	0.0000000	0.0000000
65.7671204	106.5165100	0.0000000	0.0000000
67.5635834	106.5165100	0.0000000	0.0000000
69.3600616	106.5165100	0.0000000	0.0000000
71.1565323	106.5165100	0.0000000	0.0000000
-0.7023520	108.3129883	0.0000000	0.0000000
1.0941203	108.3129883	0.0000000	0.0000000
2.8905921	108.3129883	0.0000000	0.0000000
4.6870642	108.3129883	0.0000000	0.0000000
6.4835367	108.3129883	0.0000000	0.0000000
8.2800093	108.3129883	0.0000000	0.0000000
10.0764809	108.3129883	0.0000000	0.0000000
11.8729525	108.3129883	0.0000000	0.0000000
13.6694250	108.3129883	0.0000000	0.0000000
15.4658966	108.3129883	0.0000000	0.0000000
17.2623692	108.3129883	0.0000000	0.0000000
19.0588398	108.3129883	0.0000000	0.0000000
20.8553123	108.3129883	0.0000000	0.0000000
22.6517868	108.3129883	0.0000000	0.0000000
24.4482574	108.3129883	0.0000000	0.0000000
26.2447300	108.3129883	0.0000000	0.0000000
28.0412025	108.3129883	0.0000000	0.0000000
29.8376732	108.3129883	0.0000000	0.0000000
31.6341438	108.3129883	0.0000000	0.0000000
33.4306183	108.3129883	0.0000000	0.0000000
35.2270889	108.3129883	0.0000000	0.0000000
37.0235634	108.3129883	0.0000000	0.0000000
38.8200340	108.3129883	0.0000000	0.0000000
40.6165047	108.3129883	0.0000000	0.0000000
42.4129791	108.3129883	0.0000000	0.0000000
44.2094498	108.3129883	0.0000000	0.0000000
46.0059242	108.3129883	0.0000000	0.0000000
47.8023949	108.3129883	0.0000000	0.0000000
49.5988655	108.3129883	0.0000000	0.0000000
51.3953362	108.3129883	0.0000000	0.0000000
53.1918106	108.3129883	0.0000000	0.0000000
54.9882851	108.3129883	0.0000000	0.0000000
56.7847557	108.3129883	0.0000000	0.0000000
58.5812302	108.3129883	0.0000000	0.0000000
60.3776970	108.3129883	0.0000000	0.0000000
62.1741714	108.3129883	0.0000000	0.0000000
63.9706421	108.3129883	0.0000000	0.0000000
65.7671204	108.3129883	0.0000000	0.0000000
67.5635834	108.3129883	0.0000000	0.0000000
69.3600616	108.3129883	0.0000000	0.0000000
71.1565323	108.3129883	0.0000000	0.0000000
-0.7023520	110.1094589	0.0000000	0.0000000
1.0941203	110.1094589	0.0000000	0.0000000
2.8905921	110.1094589	0.0000000	0.0000000
4.6870642	110.1094589	0.0000000	0.0000000
6.4835367	110.1094589	0.0000000	0.0000000
8.2800093	110.1094589	0.0000000	0.0000000
10.0764809	110.1094589	0.0000000	0.0000000
11.8729525	110.1094589	0.0000000	0.0000000
13.6694250	110.1094589	0.0000000	0.0000000
15.4658966	110.1094589	0.0000000	0.0000000
17.2623692	110.1094589	0.0000000	0.0000000
19.0588398	110.1094589	0.0000000	0.0000000
20.8553123	110.1094589	0.0000000	0.0000000
22.6517868	110.1094589	0.0000000	0.0000000
24.4482574	110.1094589	0.0000000	0.0000000
26.2447300	110.1094589	0.0000000	0.0000000
28.0412025	110.1094589	0.0000000	0.0000000
29.8376732	110.1094589	0.0000000	0.0000000
31.6341438	110.1094589	0.0000000	0.0000000
33.4306183	110.1094589	0.0000000	0.0000000
35.2270889	110.1094589	0.0000000	0.0000000
37.0235634	110.1094589	0.0000000	0.0000000
38.8200340	110.1094589	0.0000000	0.0000000
40.6165047	110.1094589	0.0000000	0.0000000
42.4129791	110.1094589	0.0000000	0.0000000
44.2094498	110.1094589	0.0000000	0.0000000
46.0059242	110.1094589	0.0000000	0.0000000
47.8023949	110.1094589	0.0000000	0.0000000
49.5988655	110.1094589	0.0000000	0.0000000
51.3953362	110.1094589	0.0000000	0.0000000
53.1918106	110.1094589	0.0000000	0.0000000
54.9882851	110.1094589	0.0000000	0.0000000
56.7847557	110.1094589	0.0000000	0.0000000
58.5812302	110.1094589	0.0000000	0.0000000
60.3776970	110.1094589	0.0000000	0.0000000
62.1741714	110.1094589	0.0000000	0.0000000
63.9706421	110.1094589	0.0000000	0.0000000
65.7671204	110.1094589	0.0000000	0.0000000
67.5635834	110.1094589	0.0000000	0.0000000
69.3600616	110.1094589	2.9122498	0.0000000
71.1565323	110.1094589	0.0000000	0.0000000
-0.7023520	111.9059296	0.0000000	0.0000000
1.0941203	111.9059296	0.0000000	0.0000000
2.8905921	111.9059296	0.0000000	0.0000000
4.6870642	111.9059296	0.0000000	0.0000000
6.4835367	111.9059296	0.0000000	0.0000000
8.2800093	111.9059296	0.0000000	0.0000000
10.0764809	111.9059296	0.0000000	0.0000000
11.8729525	111.9059296	0.0000000	0.0000000
13.6694250	111.9059296	0.0000000	0.0000000
15.4658966	111.9059296	0.0000000	0.0000000
17.2623692	111.9059296	0.0000000	0.0000000
19.0588398	111.9059296	0.0000000	0.0000000
20.8553123	111.9059296	0.0000000	0.0000000
22.6517868	111.9059296	0.0000000	0.0000000
24.4482574	111.9059296	0.0000000	0.0000000
26.2447300	111.9059296	0.0000000	0.0000000
28.0412025	111.9059296	0.0000000	0.0000000
29.8376732	111.9059296	0.0000000	0.0000000
31.6341438	111.9059296	0.0000000	0.0000000
33.4306183	111.9059296	0.0000000	0.0000000
35.2270889	111.9059296	0.0000000	0.0000000
37.0235634	111.9059296	0.0000000	0.0000000
38.8200340	111.9059296	0.0000000	0.0000000
40.6165047	111.9059296	0.0000000	0.0000000
42.4129791	111.9059296	0.0000000	0.0000000
44.2094498	111.9059296	0.0000000	0.0000000
46.0059242	111.9059296	0.0000000	0.0000000
47.8023949	111.9059296	0.0000000	0.0000000
49.5988655	111.9059296	0.0000000	0.0000000
51.3953362	111.9059296	0.0000000	0.0000000
53.1918106	111.9059296	0.0000000	0.0000000
54.9882851	111.9059296	0.0000000	0.0000000
56.7847557	111.9059296	0.0000000	0.0000000
58.5812302	111.9059296	0.0000000	0.0000000
60.3776970	111.9059296	0.0000000	0.0000000
62.1741714	111.9059296	0.0000000	0.0000000
63.9706421	111.9059296	0.0000000	0.0000000
65.7671204	111.9059296	0.0000000	0.0000000
67.5635834	111.9059296	-0.0467831	2.9824245
69.3600616	111.9059296	0.0000000	0.0000000
71.1565323	111.9059296	0.0000000	0.0000000
-0.7023520	113.7024002	0.0000000	0.0000000
1.0941203	113.7024002	0.0000000	0.0000000
2.8905921	113.7024002	0.0000000	0.0000000
4.6870642	113.7024002	0.0000000	0.0000000
6.4835367	113.7024002	0.0000000	0.0000000
8.2800093	113.7024002	0.0000000	0.0000000
10.0764809	113.7024002	0.0000000	0.0000000
11.8729525	113.7024002	0.0000000	0.0000000
13.6694250	113.7024002	0.0000000	0.0000000
15.4658966	113.7024002	0.0000000	0.0000000
17.2623692	113.7024002	0.0000000	0.0000000
19.0588398	113.7024002	0.0000000	0.0000000
20.8553123	113.7024002	0.0000000	0.0000000
22.6517868	113.7024002	0.0000000	0.0000000
24.4482574	113.7024002	0.0000000	0.0000000
26.2447300	113.7024002	0.0000000	0.0000000
28.0412025	113.7024002	0.0000000	0.0000000
29.8376732	113.7024002	0.0000000	0.0000000
31.6341438	113.7024002	0.0000000	0.0000000
33.4306183	113.7024002	0.0000000	0.0000000
35.2270889	113.7024002	0.0000000	0.0000000
37.0235634	113.7024002	0.0000000	0.0000000
38.8200340	113.7024002	0.0000000	0.0000000
40.6165047	113.7024002	0.0000000	0.0000000
42.4129791	113.7024002	0.0000000	0.0000000
44.2094498	113.7024002	0.0000000	0.0000000
46.0059242	113.7024002	0.0000000	0.0000000
47.8023949	113.7024002	0.0000000	0.0000000
49.5988655	113.7024002	0.0000000	0.0000000
51.3953362	113.7024002	0.0000000	0.0000000
53.1918106	113.7024002	0.0000000	0.0000000
54.9882851	113.7024002	0.0000000	0.0000000
56.7847557	113.7024002	0.0000000	0.0000000
58.5812302	113.7024002	0.0000000	0.0000000
60.3776970	113.7024002	0.0000000	0.0000000
62.1741714	113.7024002	0.0000000	0.0000000
63.9706421	113.7024002	0.0000000	0.0000000
65.7671204	113.7024002	0.0000000	0.0000000
67.5635834	113.7024002	0.0000000	0.0000000
69.3600616	113.7024002	0.0000000	0.0000000
71.1565323	113.7024002	0.0000000	0.0000000
-0.7023520	115.4988708	0.0000000	0.0000000
1.0941203	115.4988708	0.0000000	0.0000000
2.8905921	115.4988708	0.0000000	0.0000000
4.6870642	115.4988708	0.0000000	0.0000000
6.4835367	115.4988708	0.0000000	0.0000000
8.2800093	115.4988708	0.0000000	0.0000000
10.0764809	115.4988708	0.0000000	0.0000000
11.8729525	115.4988708	0.0000000	0.0000000
13.6694250	115.4988708	0.0000000	0.0000000
15.4658966	115.4988708	0.0000000	0.0000000
17.2623692	115.4988708	0.0000000	0.0000000
19.0588398	115.4988708	0.0000000	0.0000000
20.8553123	115.4988708	0.0000000	0.0000000
22.6517868	115.4988708	0.0000000	0.0000000
24.4482574	115.4988708	0.0000000	0.0000000
26.2447300	115.4988708	0.0000000	0.0000000
28.0412025	115.4988708	0.0000000	0.0000000
29.8376732	115.4988708	0.0000000	0.0000000
31.6341438	115.4988708	0.0000000	0.0000000
33.4306183	115.4988708	0.0000000	0.0000000
35.2270889	115.4988708	0.0000000	0.0000000
37.0235634	115.4988708	0.0000000	0.0000000
38.8200340	115.4988708	0.0000000	0.0000000
40.6165047	115.4988708	0.0000000	0.0000000
42.4129791	115.4988708	0.0000000	0.0000000
44.2094498	115.4988708	0.0000000	0.0000000
46.0059242	115.4988708	0.0000000	0.0000000
47.8023949	115.4988708	0.0000000	0.0000000
49.5988655	115.4988708	0.0000000	0.0000000
51.3953362	115.4988708	0.0000000	0.0000000
53.1918106	115.4988708	0.0000000	0.0000000
54.9882851	115.4988708	0.0000000	0.0000000
56.7847557	115.4988708	0.0000000	0.0000000
58.5812302	115.4988708	0.0000000	0.0000000
60.3776970	115.4988708	0.0000000	0.0000000
62.1741714	115.4988708	0.0000000	0.0000000
63.9706421	115.4988708	1.3917981	-0.0116958
65.7671204	115.4988708	0.0000000	0.0000000
67.5635834	115.4988708	0.0000000	0.0000000
69.3600616	115.4988708	0.0000000	0.0000000
71.1565323	115.4988708	0.0000000	0.0000000
-0.7023520	117.2953491	0.0000000	0.0000000
1.0941203	117.2953491	0.0000000	0.0000000
2.8905921	117.2953491	0.0000000	0.0000000
4.6870642	117.2953491	0.0000000	0.0000000
6.4835367	117.2953491	0.0000000	0.0000000
8.2800093	117.2953491	0.0000000	0.0000000
10.0764809	117.2953491	0.0000000	0.0000000
11.8729525	117.2953491	0.0000000	0.0000000
13.6694250	117.2953491	0.0000000	0.0000000
15.4658966	117.2953491	0.0000000	0.0000000
17.2623692	117.2953491	0.0000000	0.0000000
19.0588398	117.2953491	0.0000000	0.0000000
20.8553123	117.2953491	0.0000000	0.0000000
22.6517868	117.2953491	0.0000000	0.0000000
24.4482574	117.2953491	0.0000000	0.0000000
26.2447300	117.2953491	0.0000000	0.0000000
28.0412025	117.2953491	0.0000000	0.0000000
29.8376732	117.2953491	0.0000000	0.0000000
31.6341438	117.2953491	0.0000000	0.0000000
33.4306183	117.2953491	0.0000000	0.0000000
35.2270889	117.2953491	0.0000000	0.0000000
37.0235634	117.2953491	0.0000000	0.0000000
38.8200340	117.2953491	0.0000000	0.0000000
40.6165047	117.2953491	0.0000000	0.0000000
42.4129791	117.2953491	0.0000000	0.0000000
44.2094498	117.2953491	0.0000000	0.0000000
46.0059242	117.2953491	0.0000000	0.0000000
47.8023949	117.2953491	0.0000000	0.0000000
49.5988655	117.2953491	0.0000000	0.0000000
51.3953362	117.2953491	0.0000000	0.0000000
53.1918106	117.2953491	0.0000000	0.0000000
54.9882851	117.2953491	0.0000000	0.0000000
56.7847557	117.2953491	0.0000000	0.0000000
58.5812302	117.2953491	0.0000000	0.0000000
60.3776970	117.2953491	0.0000000	0.0000000
62.1741714	117.2953491	0.0000000	0.0000000
63.9706421	117.2953491	0.0000000	0.0000000
65.7671204	117.2953491	0.0000000	0.0000000
67.5635834	117.2953491	0.0000000	0.0000000
69.3600616	117.2953491	0.0000000	0.0000000
71.1565323	117.2953491	0.0000000	0.0000000
-0.7023520	119.0918198	0.0000000	0.0000000
1.0941203	119.0918198	0.0000000	0.0000000
2.8905921	119.0918198	0.0000000	0.0000000
4.6870642	119.0918198	0.0000000	0.0000000
6.4835367	119.0918198	0.0000000	0.0000000
8.2800093	119.0918198	0.0000000	0.0000000
10.0764809	119.0918198	0.0000000	0.0000000
11.8729525	119.0918198	0.0000000	0.0000000
13.6694250	119.0918198	0.0000000	0.0000000
15.4658966	119.0918198	0.0000000	0.0000000
17.2623692	119.0918198	0.0000000	0.0000000
19.0588398	119.0918198	0.0000000	0.0000000
20.8553123	119.0918198	0.0000000	0.0000000
22.6517868	119.0918198	0.0000000	0.0000000
24.4482574	119.0918198	0.0000000	0.0000000
26.2447300	119.0918198	0.0000000	0.0000000
28.0412025	119.0918198	0.0000000	0.0000000
29.8376732	119.0918198	0.0000000	0.0000000
31.6341438	119.0918198	0.0000000	0.0000000
33.4306183	119.0918198	0.0000000	0.0000000
35.2270889	119.0918198	0.0000000	0.0000000
37.0235634	119.0918198	0.0000000	0.0000000
38.8200340	119.0918198	0.0000000	0.0000000
40.6165047	119.0918198	0.0000000	0.0000000
42.4129791	119.0918198	0.0000000	0.0000000
44.2094498	119.0918198	0.0000000	0.0000000
46.0059242	119.0918198	0.0000000	0.0000000
47.8023949	119.0918198	0.0000000	0.0000000
49.5988655	119.0918198	0.0000000	0.0000000
51.3953362	119.0918198	0.0000000	0.0000000
53.1918106	119.0918198	0.0000000	0.0000000
54.9882851	119.0918198	0.0000000	0.0000000
56.7847557	119.0918198	0.0000000	0.0000000
58.5812302	119.0918198	0.0000000	0.0000000
60.3776970	119.0918198	0.0000000	0.0000000
62.1741714	119.0918198	0.0000000	0.0000000
63.9706421	119.0918198	0.0000000	0.0000000
65.7671204	119.0918198	0.0000000	0.0000000
67.5635834	119.0918198	0.0000000	0.0000000
69.3600616	119.0918198	0.0000000	0.0000000
71.1565323	119.0918198	0.0000000	0.0000000
-0.7023520	120.8882904	0.0000000	0.0000000
1.0941203	120.8882904	0.0000000	0.0000000
2.8905921	120.8882904	0.0000000	0.0000000
4.6870642	120.8882904	0.0000000	0.0000000
6.4835367	120.8882904	0.0000000	0.0000000
8.2800093	120.8882904	0.0000000	0.0000000
10.0764809	120.8882904	0.0000000	0.0000000
11.8729525	120.8882904	0.0000000	0.0000000
13.6694250	120.8882904	0.0000000	0.0000000
15.4658966	120.8882904	0.0000000	0.0000000
17.2623692	120.8882904	0.0000000	0.0000000
19.0588398	120.8882904	0.0000000	0.0000000
20.8553123	120.8882904	0.0000000	0.0000000
22.6517868	120.8882904	0.0000000	0.0000000
24.4482574	120.8882904	0.0000000	0.0000000
26.2447300	120.8882904	0.0000000	0.0000000
28.0412025	120.8882904	0.0000000	0.0000000
29.8376732	120.8882904	0.0000000	0.0000000
31.6341438	120.8882904	0.0000000	0.0000000
33.4306183	120.8882904	0.0000000	0.0000000
35.2270889	120.8882904	0.0000000	0.0000000
37.0235634	120.8882904	0.0000000	0.0000000
38.8200340	120.8882904	0.0000000	0.0000000
40.6165047	120.8882904	0.0000000	0.0000000
42.4129791	120.8882904	0.0000000	0.0000000
44.2094498	120.8882904	0.0000000	0.0000000
46.0059242	120.8882904	0.0000000	0.0000000
47.8023949	120.8882904	0.0000000	0.0000000
49.5988655	120.8882904	0.0000000	0.0000000
51.3953362	120.8882904	0.0000000	0.0000000
53.1918106	120.8882904	0.0000000	0.0000000
54.9882851	120.8882904	0.0000000	0.0000000
56.7847557	120.8882904	0.0000000	0.0000000
58.5812302	120.8882904	0.0000000	0.0000000
60.3776970	120.8882904	0.0000000	0.0000000
62.1741714	120.8882904	0.0000000	0.0000000
63.9706421	120.8882904	0.0000000	0.0000000
65.7671204	120.8882904	0.0000000	0.0000000
67.5635834	120.8882904	0.0000000	0.0000000
69.3600616	120.8882904	0.0000000	0.0000000
71.1565323	120.8882904	0.0000000	0.0000000
-0.7023520	122.6847610	0.0000000	0.0000000
1.0941203	122.6847610	0.0000000	0.0000000
2.8905921	122.6847610	0.0000000	0.0000000
4.6870642	122.6847610	0.0000000	0.0000000
6.4835367	122.6847610	0.0000000	0.0000000
8.2800093	122.6847610	0.0000000	0.0000000
10.0764809	122.6847610	0.0000000	0.0000000
11.8729525	122.6847610	0.0000000	0.0000000
13.6694250	122.6847610	0.0000000	0.0000000
15.4658966	122.6847610	0.0000000	0.0000000
17.2623692	122.6847610	0.0000000	0.0000000
19.0588398	122.6847610	0.0000000	0.0000000
20.8553123	122.6847610	0.0000000	0.0000000
22.6517868	122.6847610	0.0000000	0.0000000
24.4482574	122.6847610	0.0000000	0.0000000
26.2447300	122.6847610	0.0000000	0.0000000
28.0412025	122.6847610	0.0000000	0.0000000
29.8376732	122.6847610	0.0000000	0.0000000
31.6341438	122.6847610	0.0000000	0.0000000
33.4306183	122.6847610	0.0000000	0.0000000
35.2270889	122.6847610	0.0000000	0.0000000
37.0235634	122.6847610	0.0000000	0.0000000
38.8200340	122.6847610	0.0000000	0.0000000
40.6165047	122.6847610	0.0000000	0.0000000
42.4129791	122.6847610	0.0000000	0.0000000
44.2094498	122.6847610	0.0000000	0.0000000
46.0059242	122.6847610	0.0000000	0.0000000
47.8023949	122.6847610	0.0000000	0.0000000
49.5988655	122.6847610	0.0000000	0.0000000
51.3953362	122.6847610	0.0000000	0.0000000
53.1918106	122.6847610	0.0000000	0.0000000
54.9882851	122.6847610	0.0000000	0.0000000
56.7847557	122.6847610	0.0000000	0.0000000
58.5812302	122.6847610	0.0000000	0.0000000
60.3776970	122.6847610	0.0000000	0.0000000
62.1741714	122.6847610	0.0000000	0.0000000
63.9706421	122.6847610	0.0000000	0.0000000
65.7671204	122.6847610	0.0000000	0.0000000
67.5635834	122.6847610	0.0000000	0.0000000
69.3600616	122.6847610	0.0000000	0.0000000
71.1565323	122.6847610	0.0000000	0.0000000
-0.7023520	124.4812393	0.0000000	0.0000000
1.0941203	124.4812393	0.0000000	0.0000000
2.8905921	124.4812393	0.4444397	0.0000000
4.6870642	124.4812393	0.0000000	0.0000000
6.4835367	124.4812393	0.0000000	0.0000000
8.2800093	124.4812393	0.0000000	0.0000000
10.0764809	124.4812393	0.0000000	0.0000000
11.8729525	124.4812393	0.0000000	0.0000000
13.6694250	124.4812393	0.0000000	0.0000000
15.4658966	124.4812393	0.0000000	0.0000000
17.2623692	124.4812393	0.0000000	0.0000000
19.0588398	124.4812393	0.0000000	0.0000000
20.8553123	124.4812393	0.0000000	0.0000000
22.6517868	124.4812393	0.0000000	0.0000000
24.4482574	124.4812393	0.0000000	0.0000000
26.2447300	124.4812393	0.0000000	0.0000000
28.0412025	124.4812393	0.0000000	0.0000000
29.8376732	124.4812393	0.0000000	0.0000000
31.6341438	124.4812393	0.0000000	0.0000000
33.4306183	124.4812393	0.0000000	0.0000000
35.2270889	124.4812393	0.0000000	0.0000000
37.0235634	124.4812393	0.0000000	0.0000000
38.8200340	124.4812393	0.0000000	0.0000000
40.6165047	124.4812393	0.0000000	0.0000000
42.4129791	124.4812393	0.0000000	0.0000000
44.2094498	124.4812393	0.0000000	0.0000000
46.0059242	124.4812393	0.0000000	0.0000000
47.8023949	124.4812393	0.0000000	0.0000000
49.5988655	124.4812393	0.0000000	0.0000000
51.3953362	124.4812393	0.0000000	0.0000000
53.1918106	124.4812393	0.0000000	0.0000000
54.9882851	124.4812393	0.0000000	0.0000000
56.7847557	124.4812393	0.0000000	0.0000000
58.5812302	124.4812393	0.0000000	0.0000000
60.3776970	124.4812393	0.0000000	0.0000000
62.1741714	124.4812393	0.0000000	0.0000000
63.9706421	124.4812393	0.0000000	0.0000000
65.7671204	124.4812393	0.0000000	0.0000000
67.5635834	124.4812393	0.0000000	0.0000000
69.3600616	124.4812393	0.0000000	0.0000000
71.1565323	124.4812393	0.0000000	0.0000000
-0.7023520	126.2777023	0.0000000	0.0000000
1.0941203	126.2777023	0.0000000	0.0000000
2.8905921	126.2777023	0.0000000	0.0000000
4.6870642	126.2777023	0.0000000	0.0000000
6.4835367	126.2777023	0.0000000	0.0000000
8.2800093	126.2777023	0.0000000	0.0000000
10.0764809	126.2777023	0.0000000	0.0000000
11.8729525	126.2777023	0.0000000	0.0000000
13.6694250	126.2777023	0.0000000	0.0000000
15.4658966	126.2777023	0.0000000	0.0000000
17.2623692	126.2777023	0.0000000	0.0000000
19.0588398	126.2777023	0.0000000	0.0000000
20.8553123	126.2777023	0.0000000	0.0000000
22.6517868	126.2777023	0.0000000	0.0000000
24.4482574	126.2777023	0.0000000	0.0000000
26.2447300	126.2777023	0.0000000	0.0000000
28.0412025	126.2777023	0.0000000	0.0000000
29.8376732	126.2777023	0.0000000	0.0000000
31.6341438	126.2777023	0.0000000	0.0000000
33.4306183	126.2777023	0.0000000	0.0000000
35.2270889	126.2777023	0.0000000	0.0000000
37.0235634	126.2777023	0.0000000	0.0000000
38.8200340	126.2777023	0.0000000	0.0000000
40.6165047	126.2777023	0.0000000	0.0000000
42.4129791	126.2777023	0.0000000	0.0000000
44.2094498	126.2777023	0.0000000	0.0000000
46.0059242	126.2777023	0.0000000	0.0000000
47.8023949	126.2777023	0.0000000	0.0000000
49.5988655	126.2777023	0.0000000	0.0000000
51.3953362	126.2777023	0.0000000	0.0000000
53.1918106	126.2777023	0.0000000	0.0000000
54.9882851	126.2777023	0.0000000	0.0000000
56.7847557	126.2777023	0.0000000	0.0000000
58.5812302	126.2777023	0.0000000	0.0000000
60.3776970	126.2777023	0.0000000	0.0000000
62.1741714	126.2777023	0.0000000	0.0000000
63.9706421	126.2777023	0.0000000	0.0000000
65.7671204	126.2777023	0.0000000	0.0000000
67.5635834	126.2777023	0.0000000	0.0000000
69.3600616	126.2777023	0.0233916	0.0350873
71.1565323	126.2777023	0.0350873	0.0000000
-0.7023520	128.0741882	0.0000000	0.0000000
1.0941203	128.0741882	0.0000000	0.0000000
2.8905921	128.0741882	0.0000000	0.0000000
4.6870642	128.0741882	0.0000000	0.0000000
6.4835367	128.0741882	0.0000000	0.0000000
8.2800093	128.0741882	0.0000000	0.0000000
10.0764809	128.0741882	0.0000000	0.0000000
11.8729525	128.0741882	0.0000000	0.0000000
13.6694250	128.0741882	0.0000000	0.0000000
15.4658966	128.0741882	0.0000000	0.0000000
17.2623692	128.0741882	0.0000000	0.0000000
19.0588398	128.0741882	0.0000000	0.0000000
20.8553123	128.0741882	0.0000000	0.0000000
22.6517868	128.0741882	0.0000000	0.0000000
24.4482574	128.0741882	0.0000000	0.0000000
26.2447300	128.0741882	0.0000000	0.0000000
28.0412025	128.0741882	0.0000000	0.0000000
29.8376732	128.0741882	0.0000000	0.0000000
31.6341438	128.0741882	0.0000000	0.0000000
33.4306183	128.0741882	0.0000000	0.0000000
35.2270889	128.0741882	0.0000000	0.0000000
37.0235634	128.0741882	0.0000000	0.0000000
38.8200340	128.0741882	0.0000000	0.0000000
40.6165047	128.0741882	0.0000000	0.0000000
42.4129791	128.0741882	0.0000000	0.0000000
44.2094498	128.0741882	0.0000000	0.0000000
46.0059242	128.0741882	0.0000000	0.0000000
47.8023949	128.0741882	0.0000000	0.0000000
49.5988655	128.0741882	0.0000000	0.0000000
51.3953362	128.0741882	0.0000000	0.0000000
53.1918106	128.0741882	0.0000000	0.0000000
54.9882851	128.0741882	0.0000000	0.0000000
56.7847557	128.0741882	0.0000000	0.0000000
58.5812302	128.0741882	0.0000000	0.0000000
60.3776970	128.0741882	0.0000000	0.0000000
62.1741714	128.0741882	0.0000000	0.0000000
63.9706421	128.0741882	0.0000000	0.0000000
65.7671204	128.0741882	-0.0233916	0.0116958
67.5635834	128.0741882	0.0000000	0.0000000
69.3600616	128.0741882	0.0000000	0.0000000
71.1565323	128.0741882	0.0000000	0.0000000
-0.7023520	129.8706512	0.0000000	0.0000000
1.0941203	129.8706512	0.0000000	0.0000000
2.8905921	129.8706512	0.0000000	0.0000000
4.6870642	129.8706512	0.0000000	0.0000000
6.4835367	129.8706512	0.0000000	0.0000000
8.2800093	129.8706512	0.0000000	0.0000000
10.0764809	129.8706512	0.0000000	0.0000000
11.8729525	129.8706512	0.0000000	0.0000000
13.6694250	129.8706512	0.0000000	0.0000000
15.4658966	129.8706512	0.0000000	0.0000000
17.2623692	129.8706512	0.0000000	0.0000000
19.0588398	129.8706512	0.0000000	0.0000000
20.8553123	129.8706512	0.0000000	0.0000000
22.6517868	129.8706512	0.0000000	0.0000000
24.4482574	129.8706512	0.0000000	0.0000000
26.2447300	129.8706512	0.0000000	0.0000000
28.0412025	129.8706512	0.0000000	0.0000000
29.8376732	129.8706512	0.0000000	0.0000000
31.6341438	129.8706512	0.0000000	0.0000000
33.4306183	129.8706512	0.0000000	0.0000000
35.2270889	129.8706512	0.0000000	0.0000000
37.0235634	129.8706512	0.0000000	0.0000000
38.8200340	129.8706512	0.0000000	0.0000000
40.6165047	129.8706512	0.0000000	0.0000000
42.4129791	129.8706512	0.0000000	0.0000000
44.2094498	129.8706512	0.0000000	0.0000000
46.0059242	129.8706512	2.4678102	2.9941204
47.8023949	129.8706512	0.0000000	0.0000000
49.5988655	129.8706512	0.0000000	0.0000000
51.3953362	129.8706512	0.0000000	0.0000000
53.1918106	129.8706512	0.0000000	0.0000000
54.9882851	129.8706512	0.0000000	0.0000000
56.7847557	129.8706512	0.0000000	0.0000000
58.5812302	129.8706512	0.0000000	0.0000000
60.3776970	129.8706512	0.0000000	0.0000000
62.1741714	129.8706512	0.0000000	0.0000000
63.9706421	129.8706512	0.0000000	0.0000000
65.7671204	129.8706512	0.0000000	0.0000000
67.5635834	129.8706512	0.0000000	0.0000000
69.3600616	129.8706512	0.0000000	0.0000000
71.1565323	129.8706512	0.0000000	0.0000000
-0.7023520	131.6671295	0.0000000	0.0000000
1.0941203	131.6671295	0.0000000	0.0000000
2.8905921	131.6671295	0.0000000	0.0000000
4.6870642	131.6671295	0.0000000	0.0000000
6.4835367	131.6671295	0.0000000	0.0000000
8.2800093	131.6671295	0.0000000	0.0000000
10.0764809	131.6671295	0.0000000	0.0000000
11.8729525	131.6671295	0.0000000	0.0000000
13.6694250	131.6671295	0.0000000	0.0000000
15.4658966	131.6671295	0.0000000	0.0000000
17.2623692	131.6671295	0.0000000	0.0000000
19.0588398	131.6671295	0.0000000	0.0000000
20.8553123	131.6671295	0.0000000	0.0000000
22.6517868	131.6671295	0.0000000	0.0000000
24.4482574	131.6671295	0.0000000	0.0000000
26.2447300	131.6671295	0.0000000	0.0000000
28.0412025	131.6671295	0.0000000	0.0000000
29.8376732	131.6671295	0.0000000	0.0000000
31.6341438	131.6671295	0.0000000	0.0000000
33.4306183	131.6671295	0.0000000	0.0000000
35.2270889	131.6671295	0.0000000	0.0000000
37.0235634	131.6671295	0.0000000	0.0000000
38.8200340	131.6671295	0.0000000	0.0000000
40.6165047	131.6671295	0.0000000	0.0000000
42.4129791	131.6671295	0.0000000	0.0000000
44.2094498	131.6671295	0.0000000	0.0000000
46.0059242	131.6671295	0.0000000	0.0000000
47.8023949	131.6671295	0.0000000	0.0000000
49.5988655	131.6671295	0.0000000	0.0000000
51.3953362	131.6671295	0.0000000	0.0000000
53.1918106	131.6671295	0.0000000	0.0000000
54.9882851	131.6671295	0.0000000	0.0000000
56.7847557	131.6671295	0.0000000	0.0000000
58.5812302	131.6671295	0.0000000	0.0000000
60.3776970	131.6671295	0.0000000	0.0000000
62.1741714	131.6671295	0.0000000	0.0000000
63.9706421	131.6671295	0.0000000	0.0000000
65.7671204	131.6671295	0.0000000	0.0000000
67.5635834	131.6671295	0.0000000	0.0000000
69.3600616	131.6671295	-3.0525992	-4.4911804
71.1565323	131.6671295	0.0000000	0.0000000
-0.7023520	133.4635925	0.0000000	0.0000000
1.0941203	133.4635925	0.0000000	0.0000000
2.8905921	133.4635925	0.0000000	0.0000000
4.6870642	133.4635925	0.0000000	0.0000000
6.4835367	133.4635925	0.0000000	0.0000000
8.2800093	133.4635925	0.0000000	0.0000000
10.0764809	133.4635925	0.0000000	0.0000000
11.8729525	133.4635925	0.0000000	0.0000000
13.6694250	133.4635925	0.0000000	0.0000000
15.4658966	133.4635925	0.0000000	0.0000000
17.2623692	133.4635925	0.0000000	0.0000000
19.0588398	133.4635925	0.0000000	0.0000000
20.8553123	133.4635925	0.0000000	0.0000000
22.6517868	133.4635925	0.0000000	0.0000000
24.4482574	133.4635925	0.0000000	0.0000000
26.2447300	133.4635925	0.0000000	0.0000000
28.0412025	133.4635925	0.0000000	0.0000000
29.8376732	133.4635925	0.0000000	0.0000000
31.6341438	133.4635925	0.0000000	0.0000000
33.4306183	133.4635925	0.0000000	0.0000000
35.2270889	133.4635925	0.0000000	0.0000000
37.0235634	133.4635925	0.0000000	0.0000000
38.8200340	133.4635925	0.0000000	0.0000000
40.6165047	133.4635925	0.0000000	0.0000000
42.4129791	133.4635925	0.0000000	0.0000000
44.2094498	133.4635925	0.0000000	0.0000000
46.0059242	133.4635925	0.0000000	0.0000000
47.8023949	133.4635925	0.0000000	0.0000000
49.5988655	133.4635925	0.0000000	0.0000000
51.3953362	133.4635925	0.0000000	0.0000000
53.1918106	133.4635925	0.0000000	0.0000000
54.9882851	133.4635925	0.0000000	0.0000000
56.7847557	133.4635925	0.0000000	0.0000000
58.5812302	133.4635925	0.0000000	0.0000000
60.3776970	133.4635925	0.0000000	0.0000000
62.1741714	133.4635925	0.0000000	0.0000000
63.9706421	133.4635925	0.0000000	0.0000000
65.7671204	133.4635925	0.0000000	0.0000000
67.5635834	133.4635925	0.0000000	0.0000000
69.3600616	133.4635925	0.0000000	0.0000000
71.1565323	133.4635925	0.0000000	0.0000000
-0.7023520	135.2600555	0.0000000	0.0000000
1.0941203	135.2600555	0.0000000	0.0000000
2.8905921	135.2600555	0.0000000	0.0000000
4.6870642	135.2600555	0.0000000	0.0000000
6.4835367	135.2600555	0.0000000	0.0000000
8.2800093	135.2600555	0.0000000	0.0000000
10.0764809	135.2600555	0.0000000	0.0000000
11.8729525	135.2600555	3.0175118	4.4911804
13.6694250	135.2600555	0.0000000	0.0000000
15.4658966	135.2600555	0.0000000	0.0000000
17.2623692	135.2600555	0.0000000	0.0000000
19.0588398	135.2600555	0.0000000	0.0000000
20.8553123	135.2600555	0.0000000	0.0000000
22.6517868	135.2600555	0.0000000	0.0000000
24.4482574	135.2600555	0.0000000	0.0000000
26.2447300	135.2600555	0.0000000	0.0000000
28.0412025	135.2600555	0.0000000	0.0000000
29.8376732	135.2600555	0.0000000	0.0000000
31.6341438	135.2600555	0.0000000	0.0000000
33.4306183	135.2600555	0.0000000	0.0000000
35.2270889	135.2600555	0.0000000	0.0000000
37.0235634	135.2600555	0.0000000	0.0000000
38.8200340	135.2600555	0.0000000	0.0000000
40.6165047	135.2600555	0.0000000	0.0000000
42.4129791	135.2600555	0.0000000	0.0000000
44.2094498	135.2600555	0.0000000	0.0000000
46.0059242	135.2600555	0.0000000	0.0000000
47.8023949	135.2600555	0.0000000	0.0000000
49.5988655	135.2600555	0.0000000	0.0000000
51.3953362	135.2600555	0.0000000	0.0000000
53.1918106	135.2600555	0.0000000	0.0000000
54.9882851	135.2600555	0.0000000	0.0000000
56.7847557	135.2600555	0.0000000	0.0000000
58.5812302	135.2600555	0.0000000	0.0000000
60.3776970	135.2600555	0.0000000	0.0000000
62.1741714	135.2600555	0.0000000	0.0000000
63.9706421	135.2600555	0.0000000	0.0000000
65.7671204	135.2600555	0.0000000	0.0000000
67.5635834	135.2600555	0.0000000	0.0000000
69.3600616	135.2600555	0.0000000	0.0000000
71.1565323	135.2600555	0.0000000	0.0000000
-0.7023520	137.0565491	0.0000000	0.0000000
1.0941203	137.0565491	0.0000000	0.0000000
2.8905921	137.0565491	0.0000000	0.0000000
4.6870642	137.0565491	0.0000000	0.0000000
6.4835367	137.0565491	0.0000000	0.0000000
8.2800093	137.0565491	0.0000000	0.0000000
10.0764809	137.0565491	0.0000000	0.0000000
11.8729525	137.0565491	0.0000000	0.0000000
13.6694250	137.0565491	0.0000000	0.0000000
15.4658966	137.0565491	0.0000000	0.0000000
17.2623692	137.0565491	0.0000000	0.0000000
19.0588398	137.0565491	0.0000000	0.0000000
20.8553123	137.0565491	0.0000000	0.0000000
22.6517868	137.0565491	0.0000000	0.0000000
24.4482574	137.0565491	0.0000000	0.0000000
26.2447300	137.0565491	0.0000000	0.0000000
28.0412025	137.0565491	0.0000000	0.0000000
29.8376732	137.0565491	0.0000000	0.0000000
31.6341438	137.0565491	0.0000000	0.0000000
33.4306183	137.0565491	0.0000000	0.0000000
35.2270889	137.0565491	0.0000000	0.0000000
37.0235634	137.0565491	0.0000000	0.0000000
38.8200340	137.0565491	0.0000000	0.0000000
40.6165047	137.0565491	0.0000000	0.0000000
42.4129791	137.0565491	0.0000000	0.0000000
44.2094498	137.0565491	0.0000000	0.0000000
46.0059242	137.0565491	0.0000000	0.0000000
47.8023949	137.0565491	0.0000000	0.0000000
49.5988655	137.0565491	0.0000000	0.0000000
51.3953362	137.0565491	0.0000000	0.0000000
53.1918106	137.0565491	0.0000000	0.0000000
54.9882851	137.0565491	0.0000000	0.0000000
56.7847557	137.0565491	0.0000000	0.0000000
58.5812302	137.0565491	0.0000000	0.0000000
60.3776970	137.0565491	0.0000000	0.0000000
62.1741714	137.0565491	0.0000000	0.0000000
63.9706421	137.0565491	0.0000000	0.0000000
65.7671204	137.0565491	0.0000000	0.0000000
67.5635834	137.0565491	0.0000000	0.0000000
69.3600616	137.0565491	0.0000000	0.0000000
71.1565323	137.0565491	0.0000000	0.0000000
-0.7023520	138.8530121	0.0000000	0.0000000
1.0941203	138.8530121	0.0000000	0.0000000
2.8905921	138.8530121	0.0000000	0.0000000
4.6870642	138.8530121	0.0000000	0.0000000
6.4835367	138.8530121	0.0000000	0.0000000
8.2800093	138.8530121	0.0000000	0.0000000
10.0764809	138.8530121	0.0000000	0.0000000
11.8729525	138.8530121	0.0000000	0.0000000
13.6694250	138.8530121	0.0000000	0.0000000
15.4658966	138.8530121	0.0000000	0.0000000
17.2623692	138.8530121	0.0000000	0.0000000
19.0588398	138.8530121	0.0000000	0.0000000
20.8553123	138.8530121	0.0000000	0.0000000
22.6517868	138.8530121	0.0000000	0.0000000
24.4482574	138.8530121	0.0000000	0.0000000
26.2447300	138.8530121	0.0000000	0.0000000
28.0412025	138.8530121	0.0000000	0.0000000
29.8376732	138.8530121	0.0000000	0.0000000
31.6341438	138.8530121	0.0000000	0.0000000
33.4306183	138.8530121	0.0000000	0.0000000
35.2270889	138.8530121	0.0000000	0.0000000
37.0235634	138.8530121	0.0000000	0.0000000
38.8200340	138.8530121	0.0000000	0.0000000
40.6165047	138.8530121	0.0000000	0.0000000
42.4129791	138.8530121	0.0000000	0.0000000
44.2094498	138.8530121	0.0000000	0.0000000
46.0059242	138.8530121	0.0000000	0.0000000
47.8023949	138.8530121	0.0000000	0.0000000
49.5988655	138.8530121	0.0000000	0.0000000
51.3953362	138.8530121	0.0000000	0.0000000
53.1918106	138.8530121	0.0000000	0.0000000
54.9882851	138.8530121	0.0000000	0.0000000
56.7847557	138.8530121	0.0000000	0.0000000
58.5812302	138.8530121	0.0000000	0.0000000
60.3776970	138.8530121	0.0000000	0.0000000
62.1741714	138.8530121	-0.8420963	0.0116958
63.9706421	138.8530121	0.0000000	0.0000000
65.7671204	138.8530121	0.0000000	0.0000000
67.5635834	138.8530121	0.0000000	0.0000000
69.3600616	138.8530121	0.0000000	0.0000000
71.1565323	138.8530121	0.0000000	0.0000000
