Burst/rec/seq: 	0	16	16
Time stamp:  	01/07/13 	11:39:23:224
Elapsed time (ms): 	      66
-0.7023520	65.1976547	0.0000000	0.0000000
1.0941203	65.1976547	0.0000000	0.0000000
2.8905921	65.1976547	0.0000000	0.0000000
4.6870642	65.1976547	-1.2046657	0.0818705
6.4835367	65.1976547	-2.1754155	0.1754367
8.2800093	65.1976547	-1.7660632	-0.2456114
10.0764809	65.1976547	-1.3216234	-0.1871325
11.8729525	65.1976547	-0.7134427	-0.3040904
13.6694250	65.1976547	-1.3917981	-0.7368343
15.4658966	65.1976547	-0.7602259	-0.5613976
17.2623692	65.1976547	-1.0760120	-0.6900512
19.0588398	65.1976547	-0.5380060	-0.3625693
20.8553123	65.1976547	-0.5847892	-0.9239668
22.6517868	65.1976547	-0.5380060	-0.7602259
24.4482574	65.1976547	-2.5145934	1.1227951
26.2447300	65.1976547	-2.2572861	1.2865361
28.0412025	65.1976547	-1.8362379	1.1929698
29.8376732	65.1976547	-2.7017257	0.1520452
31.6341438	65.1976547	-2.3625481	0.0584789
33.4306183	65.1976547	-1.7309759	-0.0584789
35.2270889	65.1976547	-1.1929698	0.2339157
37.0235634	65.1976547	-1.4034939	0.0584789
38.8200340	65.1976547	-0.9941415	-0.2806988
40.6165047	65.1976547	-0.6900512	-0.0935663
42.4129791	65.1976547	-0.7953132	-0.1403494
44.2094498	65.1976547	-0.8771837	-0.0935663
46.0059242	65.1976547	-0.7836174	0.3157861
47.8023949	65.1976547	-0.8888795	0.9707500
49.5988655	65.1976547	-0.1754367	1.4385812
51.3953362	65.1976547	0.0701747	1.7543674
53.1918106	65.1976547	0.0000000	0.0000000
54.9882851	65.1976547	0.0000000	0.0000000
56.7847557	65.1976547	0.0000000	0.0000000
58.5812302	65.1976547	-2.3508523	0.1871325
60.3776970	65.1976547	0.0000000	0.0000000
62.1741714	65.1976547	0.0000000	0.0000000
63.9706421	65.1976547	0.0000000	0.0000000
65.7671204	65.1976547	0.0000000	0.0000000
67.5635834	65.1976547	0.0000000	0.0000000
69.3600616	65.1976547	0.0000000	0.0000000
71.1565323	65.1976547	0.0000000	0.0000000
-0.7023520	66.9941254	0.0000000	0.0000000
1.0941203	66.9941254	0.0000000	0.0000000
2.8905921	66.9941254	0.0000000	0.0000000
4.6870642	66.9941254	-1.3216234	0.2690030
6.4835367	66.9941254	-1.4970602	0.7602259
8.2800093	66.9941254	-1.9882830	0.7485301
10.0764809	66.9941254	-0.9941415	0.2339157
11.8729525	66.9941254	-0.3508735	0.0116958
13.6694250	66.9941254	-0.2456114	-0.0818705
15.4658966	66.9941254	-0.8070090	-0.3040904
17.2623692	66.9941254	-0.9707500	-0.5029187
19.0588398	66.9941254	-1.1227951	-0.1871325
20.8553123	66.9941254	-0.7134427	-0.3976566
22.6517868	66.9941254	-1.1812741	0.1169578
24.4482574	66.9941254	-1.5906265	1.6958885
26.2447300	66.9941254	-1.5204518	1.3099277
28.0412025	66.9941254	-2.1871114	0.1871325
29.8376732	66.9941254	-2.6549428	0.1403494
31.6341438	66.9941254	-2.3157649	-0.0701747
33.4306183	66.9941254	-1.4853644	-0.2456114
35.2270889	66.9941254	-1.4034939	0.0000000
37.0235634	66.9941254	-1.0760120	0.0584789
38.8200340	66.9941254	-0.9356626	-0.1169578
40.6165047	66.9941254	-0.7602259	-0.1286536
42.4129791	66.9941254	-0.7953132	-0.2222199
44.2094498	66.9941254	-1.6023222	-0.0818705
46.0059242	66.9941254	-1.0877078	0.6900512
47.8023949	66.9941254	-1.2163614	1.8128463
49.5988655	66.9941254	0.0000000	0.0000000
51.3953362	66.9941254	0.0000000	0.0000000
53.1918106	66.9941254	-2.9122498	3.5087347
54.9882851	66.9941254	0.0000000	0.0000000
56.7847557	66.9941254	-0.1052620	0.6666596
58.5812302	66.9941254	0.0000000	0.0000000
60.3776970	66.9941254	0.0000000	0.0000000
62.1741714	66.9941254	0.0000000	0.0000000
63.9706421	66.9941254	0.0000000	0.0000000
65.7671204	66.9941254	0.0000000	0.0000000
67.5635834	66.9941254	0.0000000	0.0000000
69.3600616	66.9941254	0.0000000	0.0000000
71.1565323	66.9941254	0.0000000	0.0000000
-0.7023520	68.7905960	0.0000000	0.0000000
1.0941203	68.7905960	0.0000000	0.0000000
2.8905921	68.7905960	0.0000000	0.0000000
4.6870642	68.7905960	-1.4268855	0.3274819
6.4835367	68.7905960	-1.2514488	0.8187048
8.2800093	68.7905960	-0.7953132	0.5613976
10.0764809	68.7905960	-0.9239668	0.1871325
11.8729525	68.7905960	-0.6432680	0.1052620
13.6694250	68.7905960	-0.9356626	-0.0818705
15.4658966	68.7905960	-0.9356626	-0.2573072
17.2623692	68.7905960	-1.2748404	-0.1988283
19.0588398	68.7905960	-1.2748404	-0.1052620
20.8553123	68.7905960	-0.8888795	-0.3976566
22.6517868	68.7905960	-1.4151897	-0.9005753
24.4482574	68.7905960	-2.8303795	1.4736686
26.2447300	68.7905960	-1.4385812	1.4619728
28.0412025	68.7905960	-0.1286536	-4.8537498
29.8376732	68.7905960	0.0000000	0.0000000
31.6341438	68.7905960	-2.3508523	0.1169578
33.4306183	68.7905960	-1.4502771	-0.0116958
35.2270889	68.7905960	-1.4268855	0.0000000
37.0235634	68.7905960	-1.4619728	0.3742650
38.8200340	68.7905960	-1.2748404	-0.1754367
40.6165047	68.7905960	-0.9005753	-0.1286536
42.4129791	68.7905960	-0.7251385	0.0000000
44.2094498	68.7905960	-1.2280571	0.0701747
46.0059242	68.7905960	-1.5321475	0.3508735
47.8023949	68.7905960	0.0000000	0.0000000
49.5988655	68.7905960	-1.5789306	3.9297829
51.3953362	68.7905960	0.0000000	0.0000000
53.1918106	68.7905960	-2.8654668	3.7777379
54.9882851	68.7905960	-1.8947167	3.4385600
56.7847557	68.7905960	0.0000000	0.0000000
58.5812302	68.7905960	0.0000000	0.0000000
60.3776970	68.7905960	0.0000000	0.0000000
62.1741714	68.7905960	0.0000000	0.0000000
63.9706421	68.7905960	0.0000000	0.0000000
65.7671204	68.7905960	-2.1169367	1.7543674
67.5635834	68.7905960	0.0000000	0.0000000
69.3600616	68.7905960	0.0000000	0.0000000
71.1565323	68.7905960	0.0000000	0.0000000
-0.7023520	70.5870667	0.0000000	0.0000000
1.0941203	70.5870667	0.0000000	0.0000000
2.8905921	70.5870667	0.0000000	0.0000000
4.6870642	70.5870667	-1.1578825	0.3391777
6.4835367	70.5870667	-0.8420963	0.8304006
8.2800093	70.5870667	-0.6432680	0.7719216
10.0764809	70.5870667	-0.9707500	0.5029187
11.8729525	70.5870667	-0.5613976	0.5029187
13.6694250	70.5870667	-0.7017469	-0.0467831
15.4658966	70.5870667	-0.6198765	-0.3391777
17.2623692	70.5870667	-0.8888795	-0.5263102
19.0588398	70.5870667	-1.1578825	-0.0233916
20.8553123	70.5870667	-0.9122710	-0.1988283
22.6517868	70.5870667	-0.7251385	0.0233916
24.4482574	70.5870667	-0.0467831	0.3274819
26.2447300	70.5870667	-0.1871325	0.5263102
28.0412025	70.5870667	0.0000000	0.0000000
29.8376732	70.5870667	0.0000000	0.0000000
31.6341438	70.5870667	-2.1169367	1.0877078
33.4306183	70.5870667	-1.9298041	0.6783554
35.2270889	70.5870667	-1.6608012	0.5263102
37.0235634	70.5870667	-0.9239668	0.3157861
38.8200340	70.5870667	-0.7368343	0.0467831
40.6165047	70.5870667	-0.8537921	-0.4795271
42.4129791	70.5870667	-0.6081807	-0.1169578
44.2094498	70.5870667	-1.3450150	0.6549639
46.0059242	70.5870667	-1.5555391	0.4912229
47.8023949	70.5870667	0.0000000	0.0000000
49.5988655	70.5870667	-0.9824457	4.3508310
51.3953362	70.5870667	0.0000000	0.0000000
53.1918106	70.5870667	0.0000000	0.0000000
54.9882851	70.5870667	0.3274819	-2.2338946
56.7847557	70.5870667	-2.2572861	3.8011293
58.5812302	70.5870667	0.0000000	0.0000000
60.3776970	70.5870667	0.0000000	0.0000000
62.1741714	70.5870667	-0.6783554	4.9940991
63.9706421	70.5870667	0.0000000	0.0000000
65.7671204	70.5870667	-0.9005753	4.4560933
67.5635834	70.5870667	0.0000000	0.0000000
69.3600616	70.5870667	0.0000000	0.0000000
71.1565323	70.5870667	0.0000000	0.0000000
-0.7023520	72.3835449	0.0000000	0.0000000
1.0941203	72.3835449	0.0000000	0.0000000
2.8905921	72.3835449	0.0000000	0.0000000
4.6870642	72.3835449	-1.2280571	0.6198765
6.4835367	72.3835449	-0.9122710	0.7134427
8.2800093	72.3835449	-0.0935663	0.8070090
10.0764809	72.3835449	-0.8771837	0.3157861
11.8729525	72.3835449	-1.0175331	0.0000000
13.6694250	72.3835449	-0.9005753	0.0818705
15.4658966	72.3835449	-0.7836174	-0.2456114
17.2623692	72.3835449	-0.8537921	-0.4795271
19.0588398	72.3835449	-0.9239668	-0.1754367
20.8553123	72.3835449	-0.7836174	-0.1169578
22.6517868	72.3835449	-0.6315722	0.0116958
24.4482574	72.3835449	-0.0584789	0.0818705
26.2447300	72.3835449	0.2456114	0.7251385
28.0412025	72.3835449	-0.0233916	1.7309759
29.8376732	72.3835449	0.0000000	0.0000000
31.6341438	72.3835449	-1.8128463	2.0116746
33.4306183	72.3835449	-1.9882830	0.7836174
35.2270889	72.3835449	-2.1169367	-0.0467831
37.0235634	72.3835449	-1.6023222	-0.1169578
38.8200340	72.3835449	-1.0292289	-0.0584789
40.6165047	72.3835449	-0.7953132	-0.0116958
42.4129791	72.3835449	-0.3859608	0.0584789
44.2094498	72.3835449	-0.7251385	0.6081807
46.0059242	72.3835449	-0.1403494	1.7192800
47.8023949	72.3835449	-0.0818705	0.8304006
49.5988655	72.3835449	-0.8654879	-0.4795271
51.3953362	72.3835449	-2.8771625	3.8596082
53.1918106	72.3835449	0.0000000	0.0000000
54.9882851	72.3835449	0.0000000	0.0000000
56.7847557	72.3835449	-2.2455902	4.6315298
58.5812302	72.3835449	-1.8011506	4.7250962
60.3776970	72.3835449	-0.8070090	3.9765661
62.1741714	72.3835449	-0.8888795	4.4794846
63.9706421	72.3835449	0.0000000	0.0000000
65.7671204	72.3835449	0.0000000	0.0000000
67.5635834	72.3835449	0.0818705	5.2397108
69.3600616	72.3835449	0.0000000	0.0000000
71.1565323	72.3835449	0.0000000	0.0000000
-0.7023520	74.1800156	0.0000000	0.0000000
1.0941203	74.1800156	0.0000000	0.0000000
2.8905921	74.1800156	-0.1169578	4.1169157
4.6870642	74.1800156	-0.2222199	0.7602259
6.4835367	74.1800156	-0.6900512	0.9590542
8.2800093	74.1800156	0.0000000	0.7134427
10.0764809	74.1800156	0.0233916	0.7836174
11.8729525	74.1800156	-1.2514488	0.1520452
13.6694250	74.1800156	-1.2163614	0.0350873
15.4658966	74.1800156	-1.4970602	-0.2339157
17.2623692	74.1800156	0.0000000	0.0000000
19.0588398	74.1800156	-1.0760120	-0.2456114
20.8553123	74.1800156	-1.2514488	0.0233916
22.6517868	74.1800156	-1.0643163	-0.0818705
24.4482574	74.1800156	0.0000000	0.0000000
26.2447300	74.1800156	0.0000000	0.0000000
28.0412025	74.1800156	0.6783554	1.5204518
29.8376732	74.1800156	0.0000000	0.0000000
31.6341438	74.1800156	-2.7602048	1.6257138
33.4306183	74.1800156	-2.2689819	1.1344910
35.2270889	74.1800156	-2.0584579	-0.0935663
37.0235634	74.1800156	-1.2631445	-0.2339157
38.8200340	74.1800156	-0.9707500	-0.3508735
40.6165047	74.1800156	-0.6549639	0.1637410
42.4129791	74.1800156	-0.4795271	0.1637410
44.2094498	74.1800156	-0.3040904	0.1754367
46.0059242	74.1800156	-0.4678313	0.1988283
47.8023949	74.1800156	0.0350873	0.1403494
49.5988655	74.1800156	0.0000000	0.0000000
51.3953362	74.1800156	-0.8888795	2.8303795
53.1918106	74.1800156	-0.5146145	2.6315510
54.9882851	74.1800156	-2.0116746	3.9531746
56.7847557	74.1800156	0.0000000	0.0000000
58.5812302	74.1800156	0.0000000	0.0000000
60.3776970	74.1800156	0.0000000	0.0000000
62.1741714	74.1800156	-1.0994036	4.9239244
63.9706421	74.1800156	-0.2806988	3.9765661
65.7671204	74.1800156	-0.0701747	4.5730510
67.5635834	74.1800156	0.0000000	0.0000000
69.3600616	74.1800156	0.0000000	0.0000000
71.1565323	74.1800156	0.0000000	0.0000000
-0.7023520	75.9764862	0.0000000	0.0000000
1.0941203	75.9764862	0.0000000	0.0000000
2.8905921	75.9764862	0.0000000	0.0000000
4.6870642	75.9764862	0.0000000	0.0000000
6.4835367	75.9764862	0.9707500	0.2222199
8.2800093	75.9764862	-0.1052620	0.9707500
10.0764809	75.9764862	-0.5146145	0.8888795
11.8729525	75.9764862	-1.1461867	0.2806988
13.6694250	75.9764862	-1.4853644	-0.2456114
15.4658966	75.9764862	-1.2865361	-0.0935663
17.2623692	75.9764862	-1.0292289	-0.3040904
19.0588398	75.9764862	-0.9824457	-0.2806988
20.8553123	75.9764862	-1.1110994	-0.1403494
22.6517868	75.9764862	-1.4619728	-0.0818705
24.4482574	75.9764862	-1.2280571	0.0584789
26.2447300	75.9764862	-3.0993824	-4.4794846
28.0412025	75.9764862	0.6081807	2.7368131
29.8376732	75.9764862	0.0000000	0.0000000
31.6341438	75.9764862	-2.0467620	1.7075843
33.4306183	75.9764862	-1.6608012	1.3216234
35.2270889	75.9764862	-1.4385812	0.1052620
37.0235634	75.9764862	-1.4385812	-0.0467831
38.8200340	75.9764862	-0.8420963	-0.1286536
40.6165047	75.9764862	-0.7368343	-0.0701747
42.4129791	75.9764862	-0.1052620	0.1754367
44.2094498	75.9764862	0.0000000	0.0000000
46.0059242	75.9764862	-0.5263102	0.1403494
47.8023949	75.9764862	-0.3040904	0.0818705
49.5988655	75.9764862	0.1754367	2.5496807
51.3953362	75.9764862	-2.4444187	0.3859608
53.1918106	75.9764862	0.0000000	0.0000000
54.9882851	75.9764862	-1.9531957	4.4560933
56.7847557	75.9764862	-1.6608012	4.6198339
58.5812302	75.9764862	0.0000000	0.0000000
60.3776970	75.9764862	0.0000000	0.0000000
62.1741714	75.9764862	0.0000000	0.0000000
63.9706421	75.9764862	-0.0701747	3.8713040
65.7671204	75.9764862	-0.1988283	4.1636987
67.5635834	75.9764862	-0.0467831	4.0701323
69.3600616	75.9764862	0.0000000	0.0000000
71.1565323	75.9764862	0.0000000	0.0000000
-0.7023520	77.7729568	0.0000000	0.0000000
1.0941203	77.7729568	0.0000000	0.0000000
2.8905921	77.7729568	-0.0467831	0.5263102
4.6870642	77.7729568	0.0000000	0.0000000
6.4835367	77.7729568	0.0935663	1.7426716
8.2800093	77.7729568	0.3391777	1.4151897
10.0764809	77.7729568	-0.4093524	1.5321475
11.8729525	77.7729568	-0.3508735	0.8537921
13.6694250	77.7729568	-0.2923946	0.9473584
15.4658966	77.7729568	-0.8537921	-0.0233916
17.2623692	77.7729568	-0.8420963	-0.0233916
19.0588398	77.7729568	-0.9941415	-0.0467831
20.8553123	77.7729568	-1.0409247	0.0467831
22.6517868	77.7729568	-1.5555391	0.0350873
24.4482574	77.7729568	-1.2397530	0.3508735
26.2447300	77.7729568	-0.3625693	1.4970602
28.0412025	77.7729568	0.0000000	0.0000000
29.8376732	77.7729568	-1.4268855	2.3742440
31.6341438	77.7729568	0.0000000	0.0000000
33.4306183	77.7729568	0.0000000	0.0000000
35.2270889	77.7729568	-1.0760120	1.5906265
37.0235634	77.7729568	-1.2865361	1.5321475
38.8200340	77.7729568	-0.9356626	-0.0935663
40.6165047	77.7729568	-0.7134427	-0.0467831
42.4129791	77.7729568	0.0000000	0.0000000
44.2094498	77.7729568	-0.0467831	0.3040904
46.0059242	77.7729568	-0.6549639	0.3859608
47.8023949	77.7729568	-0.5847892	0.1988283
49.5988655	77.7729568	-0.0701747	3.8596082
51.3953362	77.7729568	-0.5380060	5.0291867
53.1918106	77.7729568	0.2806988	4.7367921
54.9882851	77.7729568	0.0000000	0.0000000
56.7847557	77.7729568	-0.9941415	4.9473162
58.5812302	77.7729568	-0.1403494	3.4970391
60.3776970	77.7729568	-0.7602259	3.2748191
62.1741714	77.7729568	0.0701747	3.8011293
63.9706421	77.7729568	0.0467831	4.7367921
65.7671204	77.7729568	-0.1520452	3.7075632
67.5635834	77.7729568	0.0000000	0.0000000
69.3600616	77.7729568	0.0000000	0.0000000
71.1565323	77.7729568	0.0000000	0.0000000
-0.7023520	79.5694275	0.0000000	0.0000000
1.0941203	79.5694275	0.0000000	0.0000000
2.8905921	79.5694275	0.0233916	2.6198554
4.6870642	79.5694275	0.4327440	2.9707289
6.4835367	79.5694275	0.3040904	2.3391566
8.2800093	79.5694275	0.3976566	1.3567108
10.0764809	79.5694275	0.2222199	1.6958885
11.8729525	79.5694275	0.3040904	1.6724969
13.6694250	79.5694275	0.3274819	1.5906265
15.4658966	79.5694275	-0.5263102	0.2222199
17.2623692	79.5694275	-0.5029187	0.0233916
19.0588398	79.5694275	-0.9707500	-0.0116958
20.8553123	79.5694275	-0.7836174	0.0584789
22.6517868	79.5694275	-1.2280571	1.0526204
24.4482574	79.5694275	-1.0526204	0.7485301
26.2447300	79.5694275	-0.7134427	1.0526204
28.0412025	79.5694275	-0.9356626	1.0760120
29.8376732	79.5694275	-0.9122710	0.9824457
31.6341438	79.5694275	-0.1754367	0.9122710
33.4306183	79.5694275	-0.0467831	2.6666384
35.2270889	79.5694275	-1.1110994	2.3157649
37.0235634	79.5694275	-0.6081807	1.0292289
38.8200340	79.5694275	0.3859608	-0.1637410
40.6165047	79.5694275	-0.0701747	0.4795271
42.4129791	79.5694275	0.0000000	0.0000000
44.2094498	79.5694275	0.0350873	0.3625693
46.0059242	79.5694275	-0.4561355	0.4561355
47.8023949	79.5694275	-0.9356626	0.1871325
49.5988655	79.5694275	0.0000000	0.0000000
51.3953362	79.5694275	-0.2573072	3.5906053
53.1918106	79.5694275	0.0000000	4.2689605
54.9882851	79.5694275	0.2222199	4.6783133
56.7847557	79.5694275	-0.2806988	5.6607590
58.5812302	79.5694275	0.7134427	3.0759909
60.3776970	79.5694275	0.4210482	2.8654668
62.1741714	79.5694275	0.0233916	4.5262680
63.9706421	79.5694275	0.2105241	4.7250962
65.7671204	79.5694275	0.0233916	3.3800812
67.5635834	79.5694275	0.0000000	0.0000000
69.3600616	79.5694275	0.0000000	0.0000000
71.1565323	79.5694275	0.0000000	0.0000000
-0.7023520	81.3659058	0.0000000	0.0000000
1.0941203	81.3659058	0.0000000	0.0000000
2.8905921	81.3659058	0.0000000	0.0000000
4.6870642	81.3659058	0.6432680	3.8245208
6.4835367	81.3659058	-0.1871325	0.1286536
8.2800093	81.3659058	0.2573072	0.7602259
10.0764809	81.3659058	0.6432680	1.5087559
11.8729525	81.3659058	0.1169578	1.5906265
13.6694250	81.3659058	0.2573072	1.5555391
15.4658966	81.3659058	-0.1052620	0.4678313
17.2623692	81.3659058	-0.8771837	0.2105241
19.0588398	81.3659058	-0.8304006	0.1754367
20.8553123	81.3659058	-1.1344910	0.9239668
22.6517868	81.3659058	-0.8420963	0.3040904
24.4482574	81.3659058	-1.4853644	1.3917981
26.2447300	81.3659058	-0.8420963	0.7134427
28.0412025	81.3659058	-0.7134427	1.0643163
29.8376732	81.3659058	-0.6666596	1.2982318
31.6341438	81.3659058	-0.1169578	0.8304006
33.4306183	81.3659058	0.0467831	2.1169367
35.2270889	81.3659058	0.0000000	0.0000000
37.0235634	81.3659058	0.1286536	0.6900512
38.8200340	81.3659058	0.5263102	0.6198765
40.6165047	81.3659058	-0.0233916	1.0175331
42.4129791	81.3659058	0.0350873	0.7836174
44.2094498	81.3659058	-0.0350873	0.1520452
46.0059242	81.3659058	-0.8070090	0.4093524
47.8023949	81.3659058	-1.1110994	0.1520452
49.5988655	81.3659058	-0.0584789	3.0642951
51.3953362	81.3659058	-0.1169578	3.2163403
53.1918106	81.3659058	-0.4678313	3.7075632
54.9882851	81.3659058	-0.0350873	2.9122498
56.7847557	81.3659058	0.2339157	1.3450150
58.5812302	81.3659058	0.0000000	0.0000000
60.3776970	81.3659058	0.6549639	3.7894335
62.1741714	81.3659058	1.0877078	3.0759909
63.9706421	81.3659058	0.0701747	4.4327016
65.7671204	81.3659058	-0.1169578	3.4268644
67.5635834	81.3659058	0.0116958	3.1227739
69.3600616	81.3659058	0.0000000	0.0000000
71.1565323	81.3659058	0.0000000	0.0000000
-0.7023520	83.1623764	0.0000000	0.0000000
1.0941203	83.1623764	0.0000000	0.0000000
2.8905921	83.1623764	0.0000000	0.0000000
4.6870642	83.1623764	0.0000000	0.0000000
6.4835367	83.1623764	0.0000000	0.0000000
8.2800093	83.1623764	0.0000000	0.0000000
10.0764809	83.1623764	1.2748404	2.3976355
11.8729525	83.1623764	0.9824457	2.2221987
13.6694250	83.1623764	0.5380060	1.8245420
15.4658966	83.1623764	0.3859608	1.4268855
17.2623692	83.1623764	-0.8771837	0.2339157
19.0588398	83.1623764	-1.0058373	0.5146145
20.8553123	83.1623764	-0.8187048	0.3508735
22.6517868	83.1623764	-0.9356626	0.5613976
24.4482574	83.1623764	-1.0409247	0.4795271
26.2447300	83.1623764	-0.9707500	0.6900512
28.0412025	83.1623764	-0.6900512	0.8654879
29.8376732	83.1623764	-0.7017469	0.9122710
31.6341438	83.1623764	-0.6783554	0.9005753
33.4306183	83.1623764	-0.2222199	1.7075843
35.2270889	83.1623764	0.3976566	1.3450150
37.0235634	83.1623764	0.3976566	1.3567108
38.8200340	83.1623764	0.1052620	0.9473584
40.6165047	83.1623764	0.0116958	1.0175331
42.4129791	83.1623764	-0.2222199	0.8187048
44.2094498	83.1623764	-0.2573072	0.5613976
46.0059242	83.1623764	-0.6549639	0.7368343
47.8023949	83.1623764	-1.1461867	0.8420963
49.5988655	83.1623764	-0.9590542	0.5730934
51.3953362	83.1623764	-0.2339157	0.6198765
53.1918106	83.1623764	-0.4795271	3.6139967
54.9882851	83.1623764	0.0701747	3.7075632
56.7847557	83.1623764	0.2339157	3.6607800
58.5812302	83.1623764	0.1754367	3.8596082
60.3776970	83.1623764	0.6666596	3.9414787
62.1741714	83.1623764	-0.6549639	4.1870904
63.9706421	83.1623764	-0.2105241	4.1520028
65.7671204	83.1623764	-0.1403494	3.5906053
67.5635834	83.1623764	0.0467831	3.0876865
69.3600616	83.1623764	0.0000000	0.0000000
71.1565323	83.1623764	0.0000000	0.0000000
-0.7023520	84.9588547	0.0000000	0.0000000
1.0941203	84.9588547	0.0000000	0.0000000
2.8905921	84.9588547	0.0000000	0.0000000
4.6870642	84.9588547	0.0000000	0.0000000
6.4835367	84.9588547	0.0000000	0.0000000
8.2800093	84.9588547	0.5029187	3.0409036
10.0764809	84.9588547	1.3684065	2.6315510
11.8729525	84.9588547	0.9356626	2.5496807
13.6694250	84.9588547	0.0000000	0.0000000
15.4658966	84.9588547	0.2222199	1.6140180
17.2623692	84.9588547	-0.9941415	0.3976566
19.0588398	84.9588547	-0.8070090	0.2573072
20.8553123	84.9588547	-0.8420963	0.4327440
22.6517868	84.9588547	-0.7368343	0.6315722
24.4482574	84.9588547	-1.0175331	1.3216234
26.2447300	84.9588547	-0.9356626	1.3216234
28.0412025	84.9588547	-0.6900512	0.9473584
29.8376732	84.9588547	-0.6549639	0.9005753
31.6341438	84.9588547	-0.7368343	1.2397530
33.4306183	84.9588547	-0.5263102	1.9181083
35.2270889	84.9588547	0.0116958	1.6140180
37.0235634	84.9588547	-0.0233916	1.3450150
38.8200340	84.9588547	-0.1403494	0.8420963
40.6165047	84.9588547	2.9824245	2.9590330
42.4129791	84.9588547	-0.2456114	0.7953132
44.2094498	84.9588547	-0.2222199	0.5029187
46.0059242	84.9588547	-0.6666596	0.6666596
47.8023949	84.9588547	-0.7134427	0.8070090
49.5988655	84.9588547	-1.0760120	0.7836174
51.3953362	84.9588547	-0.5380060	0.7251385
53.1918106	84.9588547	0.0000000	0.0000000
54.9882851	84.9588547	0.0000000	0.0000000
56.7847557	84.9588547	0.5029187	3.7543461
58.5812302	84.9588547	0.5380060	4.3391352
60.3776970	84.9588547	0.5613976	4.7601833
62.1741714	84.9588547	-0.5613976	4.4327016
63.9706421	84.9588547	0.1637410	2.9239457
65.7671204	84.9588547	0.3157861	3.0409036
67.5635834	84.9588547	0.0000000	0.0000000
69.3600616	84.9588547	0.0000000	0.0000000
71.1565323	84.9588547	0.0000000	0.0000000
-0.7023520	86.7553177	0.0000000	0.0000000
1.0941203	86.7553177	0.0000000	0.0000000
2.8905921	86.7553177	-0.1052620	-1.0292289
4.6870642	86.7553177	-0.0350873	2.5379848
6.4835367	86.7553177	0.1637410	1.8947167
8.2800093	86.7553177	0.0000000	0.0000000
10.0764809	86.7553177	0.0000000	0.0000000
11.8729525	86.7553177	0.7719216	2.6198554
13.6694250	86.7553177	0.6666596	2.4093313
15.4658966	86.7553177	0.1169578	1.8947167
17.2623692	86.7553177	-1.0292289	0.4210482
19.0588398	86.7553177	-0.7017469	0.3625693
20.8553123	86.7553177	-0.8187048	0.3976566
22.6517868	86.7553177	-0.1052620	0.0467831
24.4482574	86.7553177	-0.9707500	1.4034939
26.2447300	86.7553177	-0.7017469	1.8011506
28.0412025	86.7553177	-1.0760120	1.9648914
29.8376732	86.7553177	-0.7368343	1.4385812
31.6341438	86.7553177	0.0000000	0.0000000
33.4306183	86.7553177	-0.5029187	1.5438433
35.2270889	86.7553177	-0.1871325	1.5438433
37.0235634	86.7553177	-0.7953132	-1.6958885
38.8200340	86.7553177	-0.1754367	3.6724758
40.6165047	86.7553177	-0.0935663	0.7368343
42.4129791	86.7553177	-0.1871325	0.6198765
44.2094498	86.7553177	0.0000000	0.0000000
46.0059242	86.7553177	-0.5029187	0.7368343
47.8023949	86.7553177	-0.5847892	0.7602259
49.5988655	86.7553177	-0.4912229	1.0409247
51.3953362	86.7553177	-1.0526204	1.5321475
53.1918106	86.7553177	-0.7017469	1.3917981
54.9882851	86.7553177	-0.8888795	1.3450150
56.7847557	86.7553177	0.0000000	0.0000000
58.5812302	86.7553177	0.0000000	0.0000000
60.3776970	86.7553177	0.8537921	-0.0467831
62.1741714	86.7553177	0.1169578	3.1344697
63.9706421	86.7553177	1.0175331	2.3274608
65.7671204	86.7553177	0.4444397	3.0993824
67.5635834	86.7553177	0.0350873	2.8654668
69.3600616	86.7553177	0.0000000	0.0000000
71.1565323	86.7553177	0.0000000	0.0000000
-0.7023520	88.5517883	0.0000000	0.0000000
1.0941203	88.5517883	0.0000000	0.0000000
2.8905921	88.5517883	0.0000000	0.0000000
4.6870642	88.5517883	-0.0116958	2.3625481
6.4835367	88.5517883	0.2573072	2.1637199
8.2800093	88.5517883	-0.1403494	-0.1286536
10.0764809	88.5517883	-0.3976566	2.3976355
11.8729525	88.5517883	-0.1637410	2.6432469
13.6694250	88.5517883	0.0000000	2.8420751
15.4658966	88.5517883	0.0467831	2.3274608
17.2623692	88.5517883	-0.1286536	1.2982318
19.0588398	88.5517883	-0.7017469	0.4444397
20.8553123	88.5517883	-0.6081807	0.5847892
22.6517868	88.5517883	-0.5497018	0.3976566
24.4482574	88.5517883	-0.6198765	1.4151897
26.2447300	88.5517883	0.0000000	0.0000000
28.0412025	88.5517883	0.0000000	0.0000000
29.8376732	88.5517883	-0.7017469	1.4970602
31.6341438	88.5517883	-0.2806988	1.4151897
33.4306183	88.5517883	0.0000000	0.0000000
35.2270889	88.5517883	0.0000000	0.0000000
37.0235634	88.5517883	0.0000000	0.0000000
38.8200340	88.5517883	-0.1403494	0.0467831
40.6165047	88.5517883	-0.3508735	0.7836174
42.4129791	88.5517883	-0.0233916	0.3040904
44.2094498	88.5517883	-0.4678313	0.6315722
46.0059242	88.5517883	-0.3040904	0.7134427
47.8023949	88.5517883	-0.6666596	0.8771837
49.5988655	88.5517883	-0.7368343	1.2163614
51.3953362	88.5517883	-0.6783554	1.0877078
53.1918106	88.5517883	-0.5029187	1.3917981
54.9882851	88.5517883	-0.5146145	1.5204518
56.7847557	88.5517883	-0.6900512	1.8596294
58.5812302	88.5517883	-0.3976566	2.9122498
60.3776970	88.5517883	0.0701747	2.4327228
62.1741714	88.5517883	0.0350873	2.4210269
63.9706421	88.5517883	0.0000000	2.3040693
65.7671204	88.5517883	0.1520452	3.4034727
67.5635834	88.5517883	0.0350873	3.0876865
69.3600616	88.5517883	0.0000000	0.0000000
71.1565323	88.5517883	0.0000000	0.0000000
-0.7023520	90.3482666	0.0000000	0.0000000
1.0941203	90.3482666	0.0000000	0.0000000
2.8905921	90.3482666	0.0000000	0.0000000
4.6870642	90.3482666	-0.0467831	1.9765873
6.4835367	90.3482666	0.0000000	0.0000000
8.2800093	90.3482666	-0.2456114	1.0409247
10.0764809	90.3482666	-0.0935663	2.6666384
11.8729525	90.3482666	0.0000000	2.9005542
13.6694250	90.3482666	0.0116958	2.8654668
15.4658966	90.3482666	-0.0818705	2.6783342
17.2623692	90.3482666	0.1871325	1.7543674
19.0588398	90.3482666	-0.4912229	0.8304006
20.8553123	90.3482666	-0.6081807	0.7953132
22.6517868	90.3482666	-0.3157861	0.1754367
24.4482574	90.3482666	-0.3859608	0.1637410
26.2447300	90.3482666	0.0000000	0.0000000
28.0412025	90.3482666	0.0000000	0.0000000
29.8376732	90.3482666	-0.5730934	1.5204518
31.6341438	90.3482666	-0.7602259	1.5087559
33.4306183	90.3482666	-0.0584789	1.4502771
35.2270889	90.3482666	-0.0350873	1.4385812
37.0235634	90.3482666	-0.7368343	1.5204518
38.8200340	90.3482666	-0.1637410	1.4151897
40.6165047	90.3482666	0.0000000	0.0000000
42.4129791	90.3482666	0.0000000	0.0000000
44.2094498	90.3482666	0.0000000	0.0000000
46.0059242	90.3482666	-0.2222199	0.5730934
47.8023949	90.3482666	-0.3625693	0.8187048
49.5988655	90.3482666	-0.4327440	1.0643163
51.3953362	90.3482666	-0.4327440	1.0409247
53.1918106	90.3482666	-0.5029187	1.1929698
54.9882851	90.3482666	-0.3859608	1.5672349
56.7847557	90.3482666	-0.3040904	1.6724969
58.5812302	90.3482666	-0.2573072	1.6257138
60.3776970	90.3482666	-0.3391777	1.5087559
62.1741714	90.3482666	-0.4678313	2.3391566
63.9706421	90.3482666	-0.5613976	2.7017257
65.7671204	90.3482666	-0.0818705	3.0292077
67.5635834	90.3482666	0.0701747	2.5262890
69.3600616	90.3482666	0.0000000	0.0000000
71.1565323	90.3482666	0.0000000	0.0000000
-0.7023520	92.1447372	0.0000000	0.0000000
1.0941203	92.1447372	0.0000000	0.0000000
2.8905921	92.1447372	-0.0818705	3.3683853
4.6870642	92.1447372	0.0000000	0.0000000
6.4835367	92.1447372	0.0000000	0.0000000
8.2800093	92.1447372	0.3157861	3.9414787
10.0764809	92.1447372	-0.0116958	3.0525992
11.8729525	92.1447372	-0.0233916	2.5847681
13.6694250	92.1447372	0.1286536	2.9005542
15.4658966	92.1447372	-0.2456114	1.5438433
17.2623692	92.1447372	0.0116958	1.9765873
19.0588398	92.1447372	-0.3391777	1.2280571
20.8553123	92.1447372	-0.3742650	0.8654879
22.6517868	92.1447372	-0.5029187	0.6783554
24.4482574	92.1447372	-0.4561355	0.7251385
26.2447300	92.1447372	-0.3391777	0.6783554
28.0412025	92.1447372	0.0000000	0.9356626
29.8376732	92.1447372	0.0000000	0.0000000
31.6341438	92.1447372	0.0000000	0.0000000
33.4306183	92.1447372	-0.2105241	1.5087559
35.2270889	92.1447372	-0.1871325	1.5087559
37.0235634	92.1447372	-0.2573072	1.5321475
38.8200340	92.1447372	-0.1403494	1.4970602
40.6165047	92.1447372	-0.3508735	1.4619728
42.4129791	92.1447372	-0.3625693	1.4736686
44.2094498	92.1447372	-0.1754367	1.4385812
46.0059242	92.1447372	0.0000000	0.0000000
47.8023949	92.1447372	-0.2806988	0.8888795
49.5988655	92.1447372	0.0000000	0.0000000
51.3953362	92.1447372	-0.1637410	1.0292289
53.1918106	92.1447372	-0.4678313	1.4385812
54.9882851	92.1447372	-0.3508735	1.4268855
56.7847557	92.1447372	-0.2806988	1.5438433
58.5812302	92.1447372	-0.1637410	1.5438433
60.3776970	92.1447372	-0.3040904	1.7075843
62.1741714	92.1447372	-0.5497018	2.0116746
63.9706421	92.1447372	-0.1052620	2.6315510
65.7671204	92.1447372	0.1052620	2.0584579
67.5635834	92.1447372	0.0350873	1.7426716
69.3600616	92.1447372	0.0000000	0.0000000
71.1565323	92.1447372	0.0000000	0.0000000
-0.7023520	93.9412079	0.0000000	0.0000000
1.0941203	93.9412079	0.0000000	0.0000000
2.8905921	93.9412079	0.0000000	3.4502559
4.6870642	93.9412079	-0.1286536	3.5672138
6.4835367	93.9412079	-0.0701747	3.7777379
8.2800093	93.9412079	-0.1052620	2.9473372
10.0764809	93.9412079	-0.1988283	3.0409036
11.8729525	93.9412079	-0.1637410	3.4151685
13.6694250	93.9412079	0.0000000	0.0000000
15.4658966	93.9412079	0.1169578	2.6549428
17.2623692	93.9412079	-0.2456114	1.9181083
19.0588398	93.9412079	-0.0350873	1.6374096
20.8553123	93.9412079	-0.5380060	1.3801024
22.6517868	93.9412079	-0.3391777	0.2105241
24.4482574	93.9412079	-0.3976566	0.2806988
26.2447300	93.9412079	-0.1520452	0.6081807
28.0412025	93.9412079	-0.0350873	1.2397530
29.8376732	93.9412079	0.1403494	1.2982318
31.6341438	93.9412079	0.0000000	0.0000000
33.4306183	93.9412079	0.0000000	0.0000000
35.2270889	93.9412079	0.0000000	0.0000000
37.0235634	93.9412079	-0.1871325	1.5087559
38.8200340	93.9412079	0.0935663	2.9239457
40.6165047	93.9412079	0.0000000	0.0000000
42.4129791	93.9412079	-0.0233916	0.9590542
44.2094498	93.9412079	-0.0350873	1.1929698
46.0059242	93.9412079	0.0000000	0.0000000
47.8023949	93.9412079	0.0000000	1.3801024
49.5988655	93.9412079	-0.3391777	1.1812741
51.3953362	93.9412079	0.0000000	0.0000000
53.1918106	93.9412079	-0.3859608	1.3917981
54.9882851	93.9412079	-0.3391777	1.3917981
56.7847557	93.9412079	-0.1754367	1.4385812
58.5812302	93.9412079	-0.1754367	1.5672349
60.3776970	93.9412079	-0.1286536	1.8947167
62.1741714	93.9412079	-0.2222199	1.6958885
63.9706421	93.9412079	0.0000000	0.0000000
65.7671204	93.9412079	0.0000000	0.0000000
67.5635834	93.9412079	0.9005753	0.6666596
69.3600616	93.9412079	0.0000000	0.0000000
71.1565323	93.9412079	0.0000000	0.0000000
-0.7023520	95.7376785	0.0000000	0.0000000
1.0941203	95.7376785	0.0000000	0.0000000
2.8905921	95.7376785	-0.1637410	0.8654879
4.6870642	95.7376785	-0.1988283	2.8888583
6.4835367	95.7376785	0.0000000	0.0000000
8.2800093	95.7376785	-0.4678313	3.6958673
10.0764809	95.7376785	-0.0818705	4.0233493
11.8729525	95.7376785	-0.2806988	3.0058162
13.6694250	95.7376785	0.0000000	0.0000000
15.4658966	95.7376785	0.1754367	2.8771625
17.2623692	95.7376785	0.1637410	2.2923734
19.0588398	95.7376785	0.0000000	2.1637199
20.8553123	95.7376785	-0.0818705	1.6724969
22.6517868	95.7376785	-0.6198765	0.4795271
24.4482574	95.7376785	-0.4327440	0.5613976
26.2447300	95.7376785	-0.0350873	0.5146145
28.0412025	95.7376785	-0.0350873	1.2280571
29.8376732	95.7376785	0.1403494	1.2982318
31.6341438	95.7376785	0.0000000	0.0000000
33.4306183	95.7376785	0.0000000	0.0000000
35.2270889	95.7376785	0.0000000	0.0000000
37.0235634	95.7376785	0.0000000	0.0000000
38.8200340	95.7376785	0.0000000	0.0000000
40.6165047	95.7376785	0.0000000	0.0000000
42.4129791	95.7376785	-0.0233916	1.3684065
44.2094498	95.7376785	0.0584789	1.3684065
46.0059242	95.7376785	-0.4093524	1.5789306
47.8023949	95.7376785	-0.0350873	1.2280571
49.5988655	95.7376785	0.0701747	0.2222199
51.3953362	95.7376785	-0.1637410	1.4736686
53.1918106	95.7376785	-0.2690030	1.2748404
54.9882851	95.7376785	-0.2456114	1.3099277
56.7847557	95.7376785	-0.1988283	1.3917981
58.5812302	95.7376785	-0.1988283	1.3917981
60.3776970	95.7376785	-0.2222199	1.4268855
62.1741714	95.7376785	0.0000000	0.0000000
63.9706421	95.7376785	0.0000000	0.0000000
65.7671204	95.7376785	-2.2923734	3.2982106
67.5635834	95.7376785	0.0000000	0.0000000
69.3600616	95.7376785	0.0000000	0.0000000
71.1565323	95.7376785	0.0000000	0.0000000
-0.7023520	97.5341492	0.0000000	0.0000000
1.0941203	97.5341492	0.0000000	0.0000000
2.8905921	97.5341492	0.0000000	0.0000000
4.6870642	97.5341492	-0.9473584	3.8946955
6.4835367	97.5341492	-0.9239668	3.4268644
8.2800093	97.5341492	-0.7017469	3.7660420
10.0764809	97.5341492	-0.2806988	3.7660420
11.8729525	97.5341492	0.0233916	3.1812530
13.6694250	97.5341492	0.3742650	2.7952921
15.4658966	97.5341492	0.0935663	2.8069878
17.2623692	97.5341492	0.0467831	2.1052408
19.0588398	97.5341492	-0.2339157	2.0818493
20.8553123	97.5341492	0.0584789	2.0233705
22.6517868	97.5341492	-0.4795271	0.3976566
24.4482574	97.5341492	-0.0467831	0.1988283
26.2447300	97.5341492	0.0000000	0.0000000
28.0412025	97.5341492	0.0000000	0.0000000
29.8376732	97.5341492	0.0000000	0.0000000
31.6341438	97.5341492	0.0000000	0.0000000
33.4306183	97.5341492	0.0000000	0.0000000
35.2270889	97.5341492	-0.0350873	2.1052408
37.0235634	97.5341492	0.0000000	0.0000000
38.8200340	97.5341492	0.0000000	0.0000000
40.6165047	97.5341492	0.0000000	0.0000000
42.4129791	97.5341492	0.0000000	0.0000000
44.2094498	97.5341492	-0.6549639	1.6140180
46.0059242	97.5341492	-0.5847892	1.7894547
47.8023949	97.5341492	0.0000000	0.0000000
49.5988655	97.5341492	-0.0935663	1.6374096
51.3953362	97.5341492	0.0584789	1.2280571
53.1918106	97.5341492	-0.0233916	0.8537921
54.9882851	97.5341492	-0.3625693	1.2631445
56.7847557	97.5341492	-0.1637410	1.3917981
58.5812302	97.5341492	-0.2339157	1.3333192
60.3776970	97.5341492	-0.1286536	1.2046657
62.1741714	97.5341492	-0.9941415	2.4678102
63.9706421	97.5341492	0.0000000	0.0000000
65.7671204	97.5341492	0.0116958	1.3801024
67.5635834	97.5341492	0.0584789	1.6374096
69.3600616	97.5341492	0.0000000	0.0000000
71.1565323	97.5341492	0.0000000	0.0000000
-0.7023520	99.3306274	0.0000000	0.0000000
1.0941203	99.3306274	0.0000000	0.0000000
2.8905921	99.3306274	0.0000000	0.0000000
4.6870642	99.3306274	-0.3157861	2.3274608
6.4835367	99.3306274	0.0000000	0.0000000
8.2800093	99.3306274	-0.4210482	3.8596082
10.0764809	99.3306274	-0.0116958	3.7660420
11.8729525	99.3306274	0.0584789	2.7251174
13.6694250	99.3306274	0.5263102	2.3742440
15.4658966	99.3306274	0.1286536	3.0642951
17.2623692	99.3306274	0.0818705	2.4210269
19.0588398	99.3306274	0.9824457	1.7777590
20.8553123	99.3306274	0.8654879	0.3508735
22.6517868	99.3306274	0.2456114	-0.0701747
24.4482574	99.3306274	0.1169578	0.4795271
26.2447300	99.3306274	0.0467831	0.6315722
28.0412025	99.3306274	0.0000000	0.0000000
29.8376732	99.3306274	0.0000000	0.0000000
31.6341438	99.3306274	0.0000000	0.0000000
33.4306183	99.3306274	-0.6432680	1.3450150
35.2270889	99.3306274	-0.0350873	2.1754155
37.0235634	99.3306274	-0.4912229	1.5672349
38.8200340	99.3306274	-0.0818705	1.5438433
40.6165047	99.3306274	0.0000000	0.0000000
42.4129791	99.3306274	-0.2222199	1.5087559
44.2094498	99.3306274	-0.6549639	1.6374096
46.0059242	99.3306274	0.0000000	0.0000000
47.8023949	99.3306274	0.0000000	0.0000000
49.5988655	99.3306274	-0.0935663	1.6841927
51.3953362	99.3306274	-0.0584789	1.5204518
53.1918106	99.3306274	0.0467831	1.3099277
54.9882851	99.3306274	-0.1988283	1.4853644
56.7847557	99.3306274	0.0000000	0.0000000
58.5812302	99.3306274	-0.3625693	1.7894547
60.3776970	99.3306274	-0.3391777	1.2631445
62.1741714	99.3306274	0.0000000	0.0000000
63.9706421	99.3306274	-0.2456114	1.3216234
65.7671204	99.3306274	0.0000000	0.0000000
67.5635834	99.3306274	0.0701747	1.0526204
69.3600616	99.3306274	0.0000000	0.0000000
71.1565323	99.3306274	0.0000000	0.0000000
-0.7023520	101.1270981	0.0000000	0.0000000
1.0941203	101.1270981	0.0000000	0.0000000
2.8905921	101.1270981	-0.1637410	-2.1169367
4.6870642	101.1270981	-0.6900512	4.4443974
6.4835367	101.1270981	-0.6549639	4.2455692
8.2800093	101.1270981	-0.4795271	3.8011293
10.0764809	101.1270981	-0.2456114	2.8069878
11.8729525	101.1270981	0.1169578	2.7017257
13.6694250	101.1270981	0.0701747	2.7251174
15.4658966	101.1270981	0.0000000	0.0000000
17.2623692	101.1270981	0.0000000	0.0000000
19.0588398	101.1270981	0.0000000	0.0000000
20.8553123	101.1270981	0.6315722	1.8362379
22.6517868	101.1270981	0.0000000	3.4736474
24.4482574	101.1270981	0.7368343	0.5263102
26.2447300	101.1270981	-0.0116958	0.4210482
28.0412025	101.1270981	0.0350873	0.6198765
29.8376732	101.1270981	0.0000000	0.0000000
31.6341438	101.1270981	0.0000000	0.0000000
33.4306183	101.1270981	0.0000000	0.0000000
35.2270889	101.1270981	0.0000000	0.0000000
37.0235634	101.1270981	0.0000000	0.0000000
38.8200340	101.1270981	0.0000000	0.0000000
40.6165047	101.1270981	0.0000000	0.0000000
42.4129791	101.1270981	0.0000000	0.0000000
44.2094498	101.1270981	0.0000000	0.0000000
46.0059242	101.1270981	0.0350873	1.4619728
47.8023949	101.1270981	0.0000000	0.0000000
49.5988655	101.1270981	0.0000000	0.0000000
51.3953362	101.1270981	-0.4678313	1.2631445
53.1918106	101.1270981	0.0000000	1.3450150
54.9882851	101.1270981	-0.2105241	1.5087559
56.7847557	101.1270981	-0.2105241	1.5321475
58.5812302	101.1270981	0.0000000	0.0000000
60.3776970	101.1270981	0.0000000	0.0000000
62.1741714	101.1270981	-0.0467831	1.4385812
63.9706421	101.1270981	0.0000000	0.0000000
65.7671204	101.1270981	-0.6549639	1.5204518
67.5635834	101.1270981	0.0000000	0.0000000
69.3600616	101.1270981	0.0000000	0.0000000
71.1565323	101.1270981	0.0000000	0.0000000
-0.7023520	102.9235687	0.0000000	0.0000000
1.0941203	102.9235687	0.0000000	0.0000000
2.8905921	102.9235687	-0.1403494	0.9824457
4.6870642	102.9235687	-0.6198765	4.1870904
6.4835367	102.9235687	-0.6783554	3.5204306
8.2800093	102.9235687	-0.1169578	3.2280359
10.0764809	102.9235687	-0.0116958	3.4034727
11.8729525	102.9235687	0.0000000	0.0000000
13.6694250	102.9235687	0.3274819	2.5964637
15.4658966	102.9235687	0.6549639	2.4444187
17.2623692	102.9235687	0.7836174	1.9531957
19.0588398	102.9235687	0.7953132	1.3917981
20.8553123	102.9235687	0.9824457	1.4502771
22.6517868	102.9235687	1.4970602	0.9005753
24.4482574	102.9235687	0.8537921	0.1754367
26.2447300	102.9235687	0.1871325	0.5964849
28.0412025	102.9235687	0.0116958	0.5613976
29.8376732	102.9235687	0.0000000	0.0000000
31.6341438	102.9235687	0.0000000	0.0000000
33.4306183	102.9235687	-0.5497018	1.5555391
35.2270889	102.9235687	0.0000000	0.0000000
37.0235634	102.9235687	0.0000000	0.0000000
38.8200340	102.9235687	0.0000000	0.0000000
40.6165047	102.9235687	0.0000000	0.0000000
42.4129791	102.9235687	0.0000000	0.0000000
44.2094498	102.9235687	0.0000000	0.0000000
46.0059242	102.9235687	0.0000000	0.0000000
47.8023949	102.9235687	0.0000000	0.0000000
49.5988655	102.9235687	0.0000000	0.0000000
51.3953362	102.9235687	0.0000000	0.0000000
53.1918106	102.9235687	-0.0116958	1.6608012
54.9882851	102.9235687	0.0000000	0.0000000
56.7847557	102.9235687	0.1052620	0.3040904
58.5812302	102.9235687	0.1052620	0.3040904
60.3776970	102.9235687	0.0000000	0.0000000
62.1741714	102.9235687	0.0000000	0.0000000
63.9706421	102.9235687	0.0000000	0.0000000
65.7671204	102.9235687	0.0000000	0.0000000
67.5635834	102.9235687	0.0000000	0.0000000
69.3600616	102.9235687	0.0000000	0.0000000
71.1565323	102.9235687	0.0000000	0.0000000
-0.7023520	104.7200394	0.0000000	0.0000000
1.0941203	104.7200394	0.0000000	0.0000000
2.8905921	104.7200394	0.0116958	4.8654456
4.6870642	104.7200394	-0.0701747	3.8829999
6.4835367	104.7200394	-0.2339157	3.3917770
8.2800093	104.7200394	-0.0584789	3.4619517
10.0764809	104.7200394	-0.0467831	3.5789094
11.8729525	104.7200394	0.2105241	3.3216023
13.6694250	104.7200394	0.2222199	2.8654668
15.4658966	104.7200394	0.3625693	3.0409036
17.2623692	104.7200394	0.1754367	3.0525992
19.0588398	104.7200394	0.7017469	1.1929698
20.8553123	104.7200394	0.3625693	1.4853644
22.6517868	104.7200394	0.2923946	1.5321475
24.4482574	104.7200394	0.3040904	0.9356626
26.2447300	104.7200394	0.1052620	0.6900512
28.0412025	104.7200394	0.0467831	0.7017469
29.8376732	104.7200394	0.0000000	0.0000000
31.6341438	104.7200394	0.0000000	0.0000000
33.4306183	104.7200394	0.0000000	0.0000000
35.2270889	104.7200394	-0.0701747	4.5028763
37.0235634	104.7200394	-0.1754367	4.5028763
38.8200340	104.7200394	0.0000000	0.0000000
40.6165047	104.7200394	0.0000000	0.0000000
42.4129791	104.7200394	-0.5263102	2.9707289
44.2094498	104.7200394	0.0000000	0.0000000
46.0059242	104.7200394	0.0000000	0.0000000
47.8023949	104.7200394	0.0000000	0.0000000
49.5988655	104.7200394	0.0000000	0.0000000
51.3953362	104.7200394	0.0000000	0.0000000
53.1918106	104.7200394	0.0000000	0.0000000
54.9882851	104.7200394	-0.4444397	1.1812741
56.7847557	104.7200394	0.0584789	1.3801024
58.5812302	104.7200394	0.0000000	0.0000000
60.3776970	104.7200394	0.0116958	1.3917981
62.1741714	104.7200394	0.0000000	0.0000000
63.9706421	104.7200394	0.0000000	0.0000000
65.7671204	104.7200394	0.0000000	0.0000000
67.5635834	104.7200394	0.0000000	0.0000000
69.3600616	104.7200394	0.0000000	0.0000000
71.1565323	104.7200394	0.0000000	0.0000000
-0.7023520	106.5165100	0.0000000	0.0000000
1.0941203	106.5165100	0.0000000	0.0000000
2.8905921	106.5165100	0.0935663	4.5613551
4.6870642	106.5165100	0.2923946	4.4093099
6.4835367	106.5165100	0.6666596	3.6490841
8.2800093	106.5165100	0.0935663	3.3917770
10.0764809	106.5165100	0.1988283	3.7543461
11.8729525	106.5165100	0.2690030	3.0642951
13.6694250	106.5165100	0.5613976	2.7835963
15.4658966	106.5165100	0.0000000	0.0000000
17.2623692	106.5165100	0.7719216	1.6140180
19.0588398	106.5165100	0.3157861	1.1110994
20.8553123	106.5165100	0.2456114	1.4502771
22.6517868	106.5165100	0.1403494	1.4736686
24.4482574	106.5165100	0.3040904	0.8070090
26.2447300	106.5165100	0.2105241	0.8070090
28.0412025	106.5165100	0.4444397	0.7719216
29.8376732	106.5165100	0.5847892	0.5146145
31.6341438	106.5165100	0.0000000	0.0000000
33.4306183	106.5165100	0.0000000	0.0000000
35.2270889	106.5165100	0.0000000	0.0000000
37.0235634	106.5165100	0.0000000	0.0000000
38.8200340	106.5165100	0.0000000	0.0000000
40.6165047	106.5165100	0.0000000	0.0000000
42.4129791	106.5165100	0.0000000	0.0000000
44.2094498	106.5165100	0.0000000	0.0000000
46.0059242	106.5165100	0.0000000	0.0000000
47.8023949	106.5165100	0.0000000	0.0000000
49.5988655	106.5165100	0.0000000	0.0000000
51.3953362	106.5165100	0.0000000	0.0000000
53.1918106	106.5165100	0.1637410	1.5789306
54.9882851	106.5165100	-0.0233916	1.4736686
56.7847557	106.5165100	0.0000000	1.2748404
58.5812302	106.5165100	-0.2456114	2.4210269
60.3776970	106.5165100	0.0000000	2.5964637
62.1741714	106.5165100	0.0000000	0.0000000
63.9706421	106.5165100	0.0000000	0.0000000
65.7671204	106.5165100	0.0000000	0.0000000
67.5635834	106.5165100	0.0000000	0.0000000
69.3600616	106.5165100	0.0000000	0.0000000
71.1565323	106.5165100	0.0000000	0.0000000
-0.7023520	108.3129883	0.0000000	0.0000000
1.0941203	108.3129883	0.0000000	0.0000000
2.8905921	108.3129883	0.0000000	0.0000000
4.6870642	108.3129883	0.0935663	4.2689605
6.4835367	108.3129883	0.7017469	3.7192588
8.2800093	108.3129883	0.0000000	0.0000000
10.0764809	108.3129883	-0.0467831	3.8128252
11.8729525	108.3129883	0.0350873	3.6841714
13.6694250	108.3129883	0.1754367	3.2280359
15.4658966	108.3129883	0.3274819	1.5789306
17.2623692	108.3129883	0.2339157	1.0175331
19.0588398	108.3129883	0.2573072	0.8304006
20.8553123	108.3129883	0.0935663	1.2397530
22.6517868	108.3129883	0.1871325	1.1812741
24.4482574	108.3129883	0.5380060	0.9239668
26.2447300	108.3129883	0.1754367	1.1461867
28.0412025	108.3129883	0.0000000	0.0000000
29.8376732	108.3129883	0.5029187	1.2397530
31.6341438	108.3129883	0.0000000	0.0000000
33.4306183	108.3129883	0.0000000	0.0000000
35.2270889	108.3129883	0.0000000	0.0000000
37.0235634	108.3129883	0.0000000	0.0000000
38.8200340	108.3129883	0.0000000	0.0000000
40.6165047	108.3129883	0.0000000	0.0000000
42.4129791	108.3129883	0.0000000	0.0000000
44.2094498	108.3129883	0.0000000	0.0000000
46.0059242	108.3129883	-0.4210482	1.4268855
47.8023949	108.3129883	0.0000000	0.0000000
49.5988655	108.3129883	0.0000000	0.0000000
51.3953362	108.3129883	0.0000000	0.0000000
53.1918106	108.3129883	0.0584789	1.8713253
54.9882851	108.3129883	0.0000000	1.4034939
56.7847557	108.3129883	0.0000000	1.1929698
58.5812302	108.3129883	0.0000000	0.0000000
60.3776970	108.3129883	0.0000000	0.0000000
62.1741714	108.3129883	0.0000000	0.0000000
63.9706421	108.3129883	0.0000000	0.0000000
65.7671204	108.3129883	0.0000000	0.0000000
67.5635834	108.3129883	0.0000000	0.0000000
69.3600616	108.3129883	0.0000000	0.0000000
71.1565323	108.3129883	0.0000000	0.0000000
-0.7023520	110.1094589	0.0000000	0.0000000
1.0941203	110.1094589	0.0000000	0.0000000
2.8905921	110.1094589	0.0000000	0.0000000
4.6870642	110.1094589	0.0701747	3.9297829
6.4835367	110.1094589	0.0818705	3.7543461
8.2800093	110.1094589	0.0935663	4.3625269
10.0764809	110.1094589	-0.1286536	-0.0467831
11.8729525	110.1094589	-0.6783554	0.1169578
13.6694250	110.1094589	-0.0818705	0.3742650
15.4658966	110.1094589	0.2105241	0.7836174
17.2623692	110.1094589	0.3976566	0.7719216
19.0588398	110.1094589	0.5730934	0.9824457
20.8553123	110.1094589	0.1520452	1.3567108
22.6517868	110.1094589	0.5497018	0.8771837
24.4482574	110.1094589	0.5146145	1.1929698
26.2447300	110.1094589	0.1637410	1.3216234
28.0412025	110.1094589	0.0000000	0.0000000
29.8376732	110.1094589	0.0000000	0.0000000
31.6341438	110.1094589	0.0000000	0.0000000
33.4306183	110.1094589	0.0000000	0.0000000
35.2270889	110.1094589	0.0000000	0.0000000
37.0235634	110.1094589	-0.1871325	2.9707289
38.8200340	110.1094589	0.0000000	0.0000000
40.6165047	110.1094589	0.0000000	0.0000000
42.4129791	110.1094589	0.0000000	0.0000000
44.2094498	110.1094589	0.0000000	0.0000000
46.0059242	110.1094589	0.0000000	0.0000000
47.8023949	110.1094589	0.0000000	0.0000000
49.5988655	110.1094589	0.0000000	0.0000000
51.3953362	110.1094589	0.0000000	0.0000000
53.1918106	110.1094589	0.0000000	0.0000000
54.9882851	110.1094589	0.0000000	0.0000000
56.7847557	110.1094589	0.0000000	0.0000000
58.5812302	110.1094589	0.0000000	0.0000000
60.3776970	110.1094589	0.0000000	0.0000000
62.1741714	110.1094589	0.0000000	0.0000000
63.9706421	110.1094589	0.0000000	0.0000000
65.7671204	110.1094589	0.0000000	0.0000000
67.5635834	110.1094589	0.0000000	0.0000000
69.3600616	110.1094589	0.0000000	0.0000000
71.1565323	110.1094589	0.0000000	0.0000000
-0.7023520	111.9059296	0.0000000	0.0000000
1.0941203	111.9059296	0.0000000	0.0000000
2.8905921	111.9059296	0.1286536	3.1812530
4.6870642	111.9059296	0.4327440	2.8771625
6.4835367	111.9059296	0.1403494	4.0233493
8.2800093	111.9059296	0.0350873	4.5613551
10.0764809	111.9059296	0.0000000	0.0000000
11.8729525	111.9059296	0.2690030	3.6373885
13.6694250	111.9059296	0.6783554	3.2046444
15.4658966	111.9059296	0.2105241	1.5321475
17.2623692	111.9059296	0.2222199	1.2982318
19.0588398	111.9059296	0.1871325	1.4268855
20.8553123	111.9059296	0.3274819	1.3801024
22.6517868	111.9059296	0.5146145	1.1695783
24.4482574	111.9059296	0.5730934	1.2514488
26.2447300	111.9059296	0.0000000	0.0000000
28.0412025	111.9059296	0.0000000	0.0000000
29.8376732	111.9059296	0.0000000	0.0000000
31.6341438	111.9059296	0.0000000	0.0000000
33.4306183	111.9059296	0.0000000	0.0000000
35.2270889	111.9059296	0.0000000	0.0000000
37.0235634	111.9059296	0.0000000	0.0000000
38.8200340	111.9059296	0.0000000	0.0000000
40.6165047	111.9059296	0.0000000	0.0000000
42.4129791	111.9059296	0.0000000	0.0000000
44.2094498	111.9059296	0.0000000	0.0000000
46.0059242	111.9059296	0.0000000	0.0000000
47.8023949	111.9059296	-0.2222199	2.9824245
49.5988655	111.9059296	0.0000000	0.0000000
51.3953362	111.9059296	0.0000000	0.0000000
53.1918106	111.9059296	0.0000000	0.0000000
54.9882851	111.9059296	0.0000000	0.0000000
56.7847557	111.9059296	0.0000000	0.0000000
58.5812302	111.9059296	0.0000000	0.0000000
60.3776970	111.9059296	0.0000000	0.0000000
62.1741714	111.9059296	0.0000000	0.0000000
63.9706421	111.9059296	0.0000000	0.0000000
65.7671204	111.9059296	0.0000000	0.0000000
67.5635834	111.9059296	0.0000000	0.0000000
69.3600616	111.9059296	0.0000000	0.0000000
71.1565323	111.9059296	0.0000000	0.0000000
-0.7023520	113.7024002	0.0000000	0.0000000
1.0941203	113.7024002	0.0000000	0.0000000
2.8905921	113.7024002	0.0701747	2.9824245
4.6870642	113.7024002	0.1988283	3.2748191
6.4835367	113.7024002	-0.0701747	4.3391352
8.2800093	113.7024002	0.0000000	4.6315298
10.0764809	113.7024002	0.0000000	0.0000000
11.8729525	113.7024002	0.5380060	2.7952921
13.6694250	113.7024002	0.6432680	2.7485089
15.4658966	113.7024002	0.7017469	1.7309759
17.2623692	113.7024002	0.2923946	1.6257138
19.0588398	113.7024002	0.2456114	1.5555391
20.8553123	113.7024002	0.5029187	1.3333192
22.6517868	113.7024002	0.3391777	1.6374096
24.4482574	113.7024002	0.2690030	1.5438433
26.2447300	113.7024002	0.0000000	0.0000000
28.0412025	113.7024002	0.0000000	0.0000000
29.8376732	113.7024002	0.0000000	0.0000000
31.6341438	113.7024002	-0.1169578	3.0175118
33.4306183	113.7024002	0.0000000	0.0000000
35.2270889	113.7024002	0.0000000	0.0000000
37.0235634	113.7024002	0.0000000	0.0000000
38.8200340	113.7024002	0.0000000	0.0000000
40.6165047	113.7024002	0.0000000	0.0000000
42.4129791	113.7024002	0.0000000	0.0000000
44.2094498	113.7024002	0.0000000	0.0000000
46.0059242	113.7024002	0.0000000	0.0000000
47.8023949	113.7024002	0.0000000	0.0000000
49.5988655	113.7024002	0.0000000	0.0000000
51.3953362	113.7024002	0.0000000	0.0000000
53.1918106	113.7024002	0.0000000	0.0000000
54.9882851	113.7024002	0.0000000	0.0000000
56.7847557	113.7024002	0.0000000	0.0000000
58.5812302	113.7024002	0.0000000	0.0000000
60.3776970	113.7024002	0.0000000	0.0000000
62.1741714	113.7024002	0.0000000	0.0000000
63.9706421	113.7024002	0.0000000	0.0000000
65.7671204	113.7024002	0.0000000	0.0000000
67.5635834	113.7024002	0.0000000	0.0000000
69.3600616	113.7024002	0.0000000	0.0000000
71.1565323	113.7024002	0.0000000	0.0000000
-0.7023520	115.4988708	0.0000000	0.0000000
1.0941203	115.4988708	0.0000000	0.0000000
2.8905921	115.4988708	0.0584789	3.5087347
4.6870642	115.4988708	-0.7368343	3.5789094
6.4835367	115.4988708	-0.8771837	3.3800812
8.2800093	115.4988708	-0.5847892	3.5087347
10.0764809	115.4988708	0.2105241	0.3625693
11.8729525	115.4988708	0.3859608	1.9298041
13.6694250	115.4988708	0.2690030	2.1520240
15.4658966	115.4988708	0.4678313	1.5438433
17.2623692	115.4988708	0.4561355	1.6257138
19.0588398	115.4988708	0.3859608	1.4970602
20.8553123	115.4988708	0.4795271	1.3099277
22.6517868	115.4988708	0.6666596	1.5906265
24.4482574	115.4988708	0.6549639	1.6140180
26.2447300	115.4988708	0.0000000	0.0000000
28.0412025	115.4988708	0.0000000	0.0000000
29.8376732	115.4988708	0.0000000	0.0000000
31.6341438	115.4988708	0.0000000	0.0000000
33.4306183	115.4988708	0.0000000	0.0000000
35.2270889	115.4988708	0.0000000	0.0000000
37.0235634	115.4988708	0.0000000	0.0000000
38.8200340	115.4988708	0.0000000	0.0000000
40.6165047	115.4988708	0.0000000	0.0000000
42.4129791	115.4988708	0.0000000	0.0000000
44.2094498	115.4988708	0.0000000	0.0000000
46.0059242	115.4988708	0.0000000	0.0000000
47.8023949	115.4988708	0.0000000	0.0000000
49.5988655	115.4988708	0.0000000	0.0000000
51.3953362	115.4988708	0.0000000	0.0000000
53.1918106	115.4988708	0.0000000	0.0000000
54.9882851	115.4988708	0.0000000	0.0000000
56.7847557	115.4988708	0.0000000	0.0000000
58.5812302	115.4988708	0.0000000	0.0000000
60.3776970	115.4988708	0.0701747	1.0526204
62.1741714	115.4988708	0.0584789	1.0643163
63.9706421	115.4988708	0.0000000	0.0000000
65.7671204	115.4988708	0.0000000	0.0000000
67.5635834	115.4988708	0.0000000	0.0000000
69.3600616	115.4988708	0.0000000	0.0000000
71.1565323	115.4988708	0.0000000	0.0000000
-0.7023520	117.2953491	0.0000000	0.0000000
1.0941203	117.2953491	0.0000000	0.0000000
2.8905921	117.2953491	-0.1169578	2.2455902
4.6870642	117.2953491	-0.6549639	3.2982106
6.4835367	117.2953491	-0.4327440	3.0759909
8.2800093	117.2953491	-0.2923946	2.0116746
10.0764809	117.2953491	-0.2456114	1.2865361
11.8729525	117.2953491	-0.0584789	1.2865361
13.6694250	117.2953491	0.0935663	1.3333192
15.4658966	117.2953491	0.1520452	1.4385812
17.2623692	117.2953491	0.3157861	1.6257138
19.0588398	117.2953491	0.0000000	0.0000000
20.8553123	117.2953491	0.1988283	1.6608012
22.6517868	117.2953491	0.0000000	0.0000000
24.4482574	117.2953491	0.0000000	0.0000000
26.2447300	117.2953491	0.0000000	0.0000000
28.0412025	117.2953491	0.0000000	0.0000000
29.8376732	117.2953491	0.0000000	0.0000000
31.6341438	117.2953491	0.0000000	0.0000000
33.4306183	117.2953491	0.0000000	0.0000000
35.2270889	117.2953491	0.0000000	0.0000000
37.0235634	117.2953491	0.0000000	0.0000000
38.8200340	117.2953491	0.0000000	0.0000000
40.6165047	117.2953491	0.0000000	0.0000000
42.4129791	117.2953491	0.0000000	0.0000000
44.2094498	117.2953491	0.0000000	0.0000000
46.0059242	117.2953491	0.0000000	0.0000000
47.8023949	117.2953491	0.0000000	0.0000000
49.5988655	117.2953491	0.0000000	0.0000000
51.3953362	117.2953491	0.0000000	0.0000000
53.1918106	117.2953491	0.0000000	0.0000000
54.9882851	117.2953491	-0.7602259	4.1403069
56.7847557	117.2953491	0.0000000	0.0000000
58.5812302	117.2953491	0.0000000	0.0000000
60.3776970	117.2953491	0.1286536	1.9765873
62.1741714	117.2953491	0.1286536	1.9765873
63.9706421	117.2953491	0.0000000	0.0000000
65.7671204	117.2953491	0.0000000	0.0000000
67.5635834	117.2953491	0.0000000	0.0000000
69.3600616	117.2953491	0.0000000	0.0000000
71.1565323	117.2953491	0.0000000	0.0000000
-0.7023520	119.0918198	0.0000000	0.0000000
1.0941203	119.0918198	0.0000000	0.0000000
2.8905921	119.0918198	-0.1871325	0.1754367
4.6870642	119.0918198	0.0000000	0.0000000
6.4835367	119.0918198	-0.1403494	2.0233705
8.2800093	119.0918198	-0.5263102	2.7134216
10.0764809	119.0918198	-0.0350873	0.9941415
11.8729525	119.0918198	-0.0350873	1.1227951
13.6694250	119.0918198	0.1754367	1.2865361
15.4658966	119.0918198	0.2339157	1.2982318
17.2623692	119.0918198	0.7602259	1.9064126
19.0588398	119.0918198	0.3625693	2.1403282
20.8553123	119.0918198	0.0000000	0.0000000
22.6517868	119.0918198	0.0000000	0.0000000
24.4482574	119.0918198	0.0000000	0.0000000
26.2447300	119.0918198	0.0000000	0.0000000
28.0412025	119.0918198	0.0000000	0.0000000
29.8376732	119.0918198	0.0000000	0.0000000
31.6341438	119.0918198	0.0000000	0.0000000
33.4306183	119.0918198	0.0000000	0.0000000
35.2270889	119.0918198	0.0000000	0.0000000
37.0235634	119.0918198	0.0000000	0.0000000
38.8200340	119.0918198	0.0000000	0.0000000
40.6165047	119.0918198	0.0000000	0.0000000
42.4129791	119.0918198	0.0000000	0.0000000
44.2094498	119.0918198	0.0000000	0.0000000
46.0059242	119.0918198	0.0000000	0.0000000
47.8023949	119.0918198	0.0000000	0.0000000
49.5988655	119.0918198	0.0000000	0.0000000
51.3953362	119.0918198	0.0000000	0.0000000
53.1918106	119.0918198	-0.1754367	2.2338946
54.9882851	119.0918198	0.0000000	0.0000000
56.7847557	119.0918198	0.0000000	0.0000000
58.5812302	119.0918198	0.0000000	0.0000000
60.3776970	119.0918198	0.0000000	0.0000000
62.1741714	119.0918198	0.0000000	0.0000000
63.9706421	119.0918198	0.0000000	0.0000000
65.7671204	119.0918198	0.0000000	0.0000000
67.5635834	119.0918198	0.0000000	0.0000000
69.3600616	119.0918198	0.0000000	0.0000000
71.1565323	119.0918198	0.0000000	0.0000000
-0.7023520	120.8882904	0.0000000	0.0000000
1.0941203	120.8882904	0.0000000	0.0000000
2.8905921	120.8882904	0.0818705	2.0701535
4.6870642	120.8882904	-0.0701747	1.1695783
6.4835367	120.8882904	0.1052620	2.9005542
8.2800093	120.8882904	0.0584789	2.8888583
10.0764809	120.8882904	0.6549639	1.2631445
11.8729525	120.8882904	0.5146145	0.9941415
13.6694250	120.8882904	0.2222199	1.2163614
15.4658966	120.8882904	0.2105241	1.5438433
17.2623692	120.8882904	0.3157861	1.8245420
19.0588398	120.8882904	0.3976566	1.6023222
20.8553123	120.8882904	0.0000000	0.0000000
22.6517868	120.8882904	0.0000000	0.0000000
24.4482574	120.8882904	0.0000000	0.0000000
26.2447300	120.8882904	0.0000000	0.0000000
28.0412025	120.8882904	0.0000000	0.0000000
29.8376732	120.8882904	0.0000000	0.0000000
31.6341438	120.8882904	0.0000000	0.0000000
33.4306183	120.8882904	0.0000000	0.0000000
35.2270889	120.8882904	0.0000000	0.0000000
37.0235634	120.8882904	0.0000000	0.0000000
38.8200340	120.8882904	0.0000000	0.0000000
40.6165047	120.8882904	0.0000000	0.0000000
42.4129791	120.8882904	0.0000000	0.0000000
44.2094498	120.8882904	0.0000000	0.0000000
46.0059242	120.8882904	0.1637410	3.0175118
47.8023949	120.8882904	0.1052620	3.0058162
49.5988655	120.8882904	0.0000000	0.0000000
51.3953362	120.8882904	0.0000000	0.0000000
53.1918106	120.8882904	-0.1637410	2.2221987
54.9882851	120.8882904	0.0000000	0.0000000
56.7847557	120.8882904	0.0000000	0.0000000
58.5812302	120.8882904	0.0000000	0.0000000
60.3776970	120.8882904	0.0000000	0.0000000
62.1741714	120.8882904	0.0000000	0.0000000
63.9706421	120.8882904	0.0000000	0.0000000
65.7671204	120.8882904	0.0000000	0.0000000
67.5635834	120.8882904	0.0000000	0.0000000
69.3600616	120.8882904	0.0000000	0.0000000
71.1565323	120.8882904	0.0000000	0.0000000
-0.7023520	122.6847610	0.0000000	0.0000000
1.0941203	122.6847610	0.0000000	0.0000000
2.8905921	122.6847610	0.0467831	3.4736474
4.6870642	122.6847610	-0.0818705	1.5555391
6.4835367	122.6847610	0.0116958	1.6374096
8.2800093	122.6847610	0.5497018	1.6958885
10.0764809	122.6847610	0.6900512	1.6608012
11.8729525	122.6847610	0.5847892	1.3333192
13.6694250	122.6847610	0.3274819	1.4736686
15.4658966	122.6847610	0.1871325	1.7894547
17.2623692	122.6847610	0.2105241	1.9882830
19.0588398	122.6847610	0.0584789	2.1637199
20.8553123	122.6847610	0.0000000	0.0000000
22.6517868	122.6847610	0.0000000	0.0000000
24.4482574	122.6847610	0.0000000	0.0000000
26.2447300	122.6847610	0.0000000	0.0000000
28.0412025	122.6847610	0.0000000	0.0000000
29.8376732	122.6847610	0.0000000	0.0000000
31.6341438	122.6847610	0.0000000	0.0000000
33.4306183	122.6847610	0.0000000	0.0000000
35.2270889	122.6847610	0.0000000	0.0000000
37.0235634	122.6847610	0.0000000	0.0000000
38.8200340	122.6847610	0.0000000	0.0000000
40.6165047	122.6847610	0.0000000	0.0000000
42.4129791	122.6847610	0.0000000	0.0000000
44.2094498	122.6847610	-0.0116958	2.9824245
46.0059242	122.6847610	0.0000000	0.0000000
47.8023949	122.6847610	0.0000000	0.0000000
49.5988655	122.6847610	0.0000000	0.0000000
51.3953362	122.6847610	0.0000000	0.0000000
53.1918106	122.6847610	0.0000000	0.0000000
54.9882851	122.6847610	0.0000000	0.0000000
56.7847557	122.6847610	0.0000000	0.0000000
58.5812302	122.6847610	0.0000000	0.0000000
60.3776970	122.6847610	0.0000000	0.0000000
62.1741714	122.6847610	0.0000000	0.0000000
63.9706421	122.6847610	0.0000000	0.0000000
65.7671204	122.6847610	0.0000000	0.0000000
67.5635834	122.6847610	0.0000000	0.0000000
69.3600616	122.6847610	0.0000000	0.0000000
71.1565323	122.6847610	0.0000000	0.0000000
-0.7023520	124.4812393	0.0000000	0.0000000
1.0941203	124.4812393	0.0000000	0.0000000
2.8905921	124.4812393	-0.1403494	3.0292077
4.6870642	124.4812393	-0.0116958	1.9298041
6.4835367	124.4812393	0.3625693	1.7075843
8.2800093	124.4812393	0.5029187	1.5321475
10.0764809	124.4812393	0.5964849	1.4151897
11.8729525	124.4812393	0.5263102	1.3567108
13.6694250	124.4812393	0.4210482	1.2046657
15.4658966	124.4812393	0.5380060	1.4619728
17.2623692	124.4812393	0.0000000	0.0000000
19.0588398	124.4812393	0.0000000	0.0000000
20.8553123	124.4812393	0.0000000	0.0000000
22.6517868	124.4812393	0.6666596	3.0175118
24.4482574	124.4812393	0.6432680	3.0292077
26.2447300	124.4812393	0.0000000	0.0000000
28.0412025	124.4812393	0.0000000	0.0000000
29.8376732	124.4812393	0.0000000	0.0000000
31.6341438	124.4812393	0.0000000	0.0000000
33.4306183	124.4812393	0.0000000	0.0000000
35.2270889	124.4812393	0.0000000	0.0000000
37.0235634	124.4812393	0.0000000	0.0000000
38.8200340	124.4812393	0.0000000	0.0000000
40.6165047	124.4812393	0.0000000	0.0000000
42.4129791	124.4812393	0.0000000	0.0000000
44.2094498	124.4812393	0.0000000	0.0000000
46.0059242	124.4812393	0.0000000	0.0000000
47.8023949	124.4812393	0.0000000	0.0000000
49.5988655	124.4812393	0.0000000	0.0000000
51.3953362	124.4812393	0.0000000	0.0000000
53.1918106	124.4812393	0.0000000	0.0000000
54.9882851	124.4812393	0.0000000	0.0000000
56.7847557	124.4812393	0.0000000	0.0000000
58.5812302	124.4812393	0.0000000	0.0000000
60.3776970	124.4812393	0.0000000	0.0000000
62.1741714	124.4812393	0.0000000	0.0000000
63.9706421	124.4812393	0.0000000	0.0000000
65.7671204	124.4812393	0.0000000	0.0000000
67.5635834	124.4812393	0.0000000	0.0000000
69.3600616	124.4812393	0.0000000	0.0000000
71.1565323	124.4812393	0.0000000	0.0000000
-0.7023520	126.2777023	0.0000000	0.0000000
1.0941203	126.2777023	0.0000000	0.0000000
2.8905921	126.2777023	0.1520452	2.8420751
4.6870642	126.2777023	0.6081807	1.5906265
6.4835367	126.2777023	0.7368343	1.6841927
8.2800093	126.2777023	0.5380060	1.7543674
10.0764809	126.2777023	0.5380060	1.6257138
11.8729525	126.2777023	0.3976566	2.0935452
13.6694250	126.2777023	0.0233916	1.4034939
15.4658966	126.2777023	-0.0233916	1.2631445
17.2623692	126.2777023	0.1403494	1.8830210
19.0588398	126.2777023	0.0000000	0.0000000
20.8553123	126.2777023	0.0000000	0.0000000
22.6517868	126.2777023	0.0000000	0.0000000
24.4482574	126.2777023	0.0000000	0.0000000
26.2447300	126.2777023	0.0000000	0.0000000
28.0412025	126.2777023	0.0000000	0.0000000
29.8376732	126.2777023	0.0000000	0.0000000
31.6341438	126.2777023	0.0000000	0.0000000
33.4306183	126.2777023	0.0000000	0.0000000
35.2270889	126.2777023	0.0000000	0.0000000
37.0235634	126.2777023	0.0000000	0.0000000
38.8200340	126.2777023	0.0000000	0.0000000
40.6165047	126.2777023	0.0000000	0.0000000
42.4129791	126.2777023	0.0000000	0.0000000
44.2094498	126.2777023	0.0000000	0.0000000
46.0059242	126.2777023	0.0000000	0.0000000
47.8023949	126.2777023	0.0000000	0.0000000
49.5988655	126.2777023	0.0000000	0.0000000
51.3953362	126.2777023	0.0000000	0.0000000
53.1918106	126.2777023	0.0000000	0.0000000
54.9882851	126.2777023	0.0000000	0.0000000
56.7847557	126.2777023	0.0000000	0.0000000
58.5812302	126.2777023	0.0000000	0.0000000
60.3776970	126.2777023	0.0000000	0.0000000
62.1741714	126.2777023	0.0000000	0.0000000
63.9706421	126.2777023	0.0000000	0.0000000
65.7671204	126.2777023	0.0000000	0.0000000
67.5635834	126.2777023	0.0000000	0.0000000
69.3600616	126.2777023	-0.0116958	0.0000000
71.1565323	126.2777023	0.0350873	0.0000000
-0.7023520	128.0741882	0.0000000	0.0000000
1.0941203	128.0741882	0.0000000	0.0000000
2.8905921	128.0741882	0.0000000	0.0000000
4.6870642	128.0741882	0.6198765	2.3391566
6.4835367	128.0741882	0.4444397	1.9999788
8.2800093	128.0741882	0.3625693	2.2572861
10.0764809	128.0741882	0.3742650	1.8947167
11.8729525	128.0741882	0.0000000	0.0000000
13.6694250	128.0741882	0.0467831	1.1578825
15.4658966	128.0741882	0.0000000	0.0000000
17.2623692	128.0741882	0.0000000	0.0000000
19.0588398	128.0741882	0.0000000	0.0000000
20.8553123	128.0741882	0.0000000	0.0000000
22.6517868	128.0741882	0.0000000	0.0000000
24.4482574	128.0741882	0.0000000	0.0000000
26.2447300	128.0741882	0.0000000	0.0000000
28.0412025	128.0741882	0.0000000	0.0000000
29.8376732	128.0741882	0.0000000	0.0000000
31.6341438	128.0741882	0.0000000	0.0000000
33.4306183	128.0741882	0.0000000	0.0000000
35.2270889	128.0741882	0.0000000	0.0000000
37.0235634	128.0741882	0.0000000	0.0000000
38.8200340	128.0741882	0.0000000	0.0000000
40.6165047	128.0741882	0.0000000	0.0000000
42.4129791	128.0741882	0.0000000	0.0000000
44.2094498	128.0741882	0.0000000	0.0000000
46.0059242	128.0741882	0.0000000	0.0000000
47.8023949	128.0741882	0.0000000	0.0000000
49.5988655	128.0741882	0.0000000	0.0000000
51.3953362	128.0741882	0.0000000	0.0000000
53.1918106	128.0741882	0.0000000	0.0000000
54.9882851	128.0741882	0.0000000	0.0000000
56.7847557	128.0741882	0.0000000	0.0000000
58.5812302	128.0741882	0.0000000	0.0000000
60.3776970	128.0741882	0.0000000	0.0000000
62.1741714	128.0741882	0.0000000	0.0000000
63.9706421	128.0741882	0.0000000	0.0000000
65.7671204	128.0741882	-0.0350873	0.0350873
67.5635834	128.0741882	0.0000000	0.0000000
69.3600616	128.0741882	0.0000000	0.0000000
71.1565323	128.0741882	0.0000000	0.0000000
-0.7023520	129.8706512	0.0000000	0.0000000
1.0941203	129.8706512	0.0000000	0.0000000
2.8905921	129.8706512	0.1169578	1.8245420
4.6870642	129.8706512	0.2456114	2.1988072
6.4835367	129.8706512	0.1520452	2.0584579
8.2800093	129.8706512	0.0000000	0.0000000
10.0764809	129.8706512	0.2690030	2.0467620
11.8729525	129.8706512	0.0000000	0.0000000
13.6694250	129.8706512	0.0000000	0.0000000
15.4658966	129.8706512	0.0000000	0.0000000
17.2623692	129.8706512	0.0000000	0.0000000
19.0588398	129.8706512	0.0000000	0.0000000
20.8553123	129.8706512	0.0000000	0.0000000
22.6517868	129.8706512	0.0000000	0.0000000
24.4482574	129.8706512	0.0000000	0.0000000
26.2447300	129.8706512	0.0000000	0.0000000
28.0412025	129.8706512	0.0000000	0.0000000
29.8376732	129.8706512	0.0000000	0.0000000
31.6341438	129.8706512	0.0000000	0.0000000
33.4306183	129.8706512	0.0000000	0.0000000
35.2270889	129.8706512	0.0000000	0.0000000
37.0235634	129.8706512	0.0000000	0.0000000
38.8200340	129.8706512	0.0000000	0.0000000
40.6165047	129.8706512	0.0000000	0.0000000
42.4129791	129.8706512	0.0000000	0.0000000
44.2094498	129.8706512	0.0000000	0.0000000
46.0059242	129.8706512	0.0000000	0.0000000
47.8023949	129.8706512	0.0000000	0.0000000
49.5988655	129.8706512	0.0000000	0.0000000
51.3953362	129.8706512	0.0000000	0.0000000
53.1918106	129.8706512	0.0000000	0.0000000
54.9882851	129.8706512	0.0000000	0.0000000
56.7847557	129.8706512	0.0000000	0.0000000
58.5812302	129.8706512	0.0000000	0.0000000
60.3776970	129.8706512	0.0000000	0.0000000
62.1741714	129.8706512	0.0000000	0.0000000
63.9706421	129.8706512	0.0000000	0.0000000
65.7671204	129.8706512	0.0000000	0.0000000
67.5635834	129.8706512	0.0000000	0.0000000
69.3600616	129.8706512	0.0000000	0.0000000
71.1565323	129.8706512	0.0000000	0.0000000
-0.7023520	131.6671295	0.0000000	0.0000000
1.0941203	131.6671295	0.0000000	0.0000000
2.8905921	131.6671295	0.1403494	1.0409247
4.6870642	131.6671295	0.1169578	2.1637199
6.4835367	131.6671295	0.0935663	-3.4970391
8.2800093	131.6671295	0.2690030	2.7368131
10.0764809	131.6671295	0.0000000	0.0000000
11.8729525	131.6671295	0.0000000	0.0000000
13.6694250	131.6671295	0.0000000	0.0000000
15.4658966	131.6671295	0.0000000	0.0000000
17.2623692	131.6671295	0.0000000	0.0000000
19.0588398	131.6671295	0.0000000	0.0000000
20.8553123	131.6671295	0.0000000	0.0000000
22.6517868	131.6671295	0.0000000	0.0000000
24.4482574	131.6671295	0.0000000	0.0000000
26.2447300	131.6671295	0.0000000	0.0000000
28.0412025	131.6671295	0.0000000	0.0000000
29.8376732	131.6671295	0.0000000	0.0000000
31.6341438	131.6671295	0.0000000	0.0000000
33.4306183	131.6671295	0.0000000	0.0000000
35.2270889	131.6671295	0.0000000	0.0000000
37.0235634	131.6671295	0.0000000	0.0000000
38.8200340	131.6671295	0.0000000	0.0000000
40.6165047	131.6671295	0.0000000	0.0000000
42.4129791	131.6671295	0.0000000	0.0000000
44.2094498	131.6671295	0.0000000	0.0000000
46.0059242	131.6671295	0.0000000	0.0000000
47.8023949	131.6671295	0.0000000	0.0000000
49.5988655	131.6671295	0.0000000	0.0000000
51.3953362	131.6671295	0.0000000	0.0000000
53.1918106	131.6671295	0.0000000	0.0000000
54.9882851	131.6671295	0.0000000	0.0000000
56.7847557	131.6671295	0.0000000	0.0000000
58.5812302	131.6671295	0.0000000	0.0000000
60.3776970	131.6671295	0.0000000	0.0000000
62.1741714	131.6671295	0.0000000	0.0000000
63.9706421	131.6671295	0.0000000	0.0000000
65.7671204	131.6671295	0.0000000	0.0000000
67.5635834	131.6671295	0.0000000	0.0000000
69.3600616	131.6671295	0.0000000	0.0000000
71.1565323	131.6671295	0.0000000	0.0000000
-0.7023520	133.4635925	0.0000000	0.0000000
1.0941203	133.4635925	0.0000000	0.0000000
2.8905921	133.4635925	0.0000000	0.0000000
4.6870642	133.4635925	-0.1169578	2.1637199
6.4835367	133.4635925	0.0000000	0.0000000
8.2800093	133.4635925	0.2105241	2.1988072
10.0764809	133.4635925	0.2105241	2.1988072
11.8729525	133.4635925	0.0000000	0.0000000
13.6694250	133.4635925	0.0000000	0.0000000
15.4658966	133.4635925	0.0000000	0.0000000
17.2623692	133.4635925	0.0000000	0.0000000
19.0588398	133.4635925	0.0000000	0.0000000
20.8553123	133.4635925	0.0000000	0.0000000
22.6517868	133.4635925	0.0000000	0.0000000
24.4482574	133.4635925	0.0000000	0.0000000
26.2447300	133.4635925	0.0000000	0.0000000
28.0412025	133.4635925	0.0000000	0.0000000
29.8376732	133.4635925	0.0000000	0.0000000
31.6341438	133.4635925	0.0000000	0.0000000
33.4306183	133.4635925	0.0000000	0.0000000
35.2270889	133.4635925	0.0000000	0.0000000
37.0235634	133.4635925	0.0000000	0.0000000
38.8200340	133.4635925	0.0000000	0.0000000
40.6165047	133.4635925	0.0000000	0.0000000
42.4129791	133.4635925	0.0000000	0.0000000
44.2094498	133.4635925	0.0000000	0.0000000
46.0059242	133.4635925	0.0000000	0.0000000
47.8023949	133.4635925	0.0000000	0.0000000
49.5988655	133.4635925	0.0000000	0.0000000
51.3953362	133.4635925	0.0818705	3.0058162
53.1918106	133.4635925	0.0000000	0.0000000
54.9882851	133.4635925	0.0000000	0.0000000
56.7847557	133.4635925	0.0000000	0.0000000
58.5812302	133.4635925	0.0000000	0.0000000
60.3776970	133.4635925	0.0000000	0.0000000
62.1741714	133.4635925	0.0000000	0.0000000
63.9706421	133.4635925	0.0000000	0.0000000
65.7671204	133.4635925	0.0000000	0.0000000
67.5635834	133.4635925	0.0000000	0.0000000
69.3600616	133.4635925	0.0000000	0.0000000
71.1565323	133.4635925	0.0000000	0.0000000
-0.7023520	135.2600555	0.0000000	0.0000000
1.0941203	135.2600555	0.0000000	0.0000000
2.8905921	135.2600555	0.7485301	0.0467831
4.6870642	135.2600555	0.0000000	0.0000000
6.4835367	135.2600555	0.0000000	0.0000000
8.2800093	135.2600555	0.0467831	2.3625481
10.0764809	135.2600555	0.0000000	0.0000000
11.8729525	135.2600555	0.0000000	0.0000000
13.6694250	135.2600555	0.0000000	0.0000000
15.4658966	135.2600555	0.0000000	0.0000000
17.2623692	135.2600555	0.0000000	0.0000000
19.0588398	135.2600555	0.0000000	0.0000000
20.8553123	135.2600555	0.0000000	0.0000000
22.6517868	135.2600555	0.0000000	0.0000000
24.4482574	135.2600555	0.0000000	0.0000000
26.2447300	135.2600555	0.0000000	0.0000000
28.0412025	135.2600555	0.0000000	0.0000000
29.8376732	135.2600555	0.0000000	0.0000000
31.6341438	135.2600555	0.0000000	0.0000000
33.4306183	135.2600555	0.0000000	0.0000000
35.2270889	135.2600555	0.0000000	0.0000000
37.0235634	135.2600555	0.0000000	0.0000000
38.8200340	135.2600555	0.0000000	0.0000000
40.6165047	135.2600555	0.0000000	0.0000000
42.4129791	135.2600555	0.0000000	0.0000000
44.2094498	135.2600555	0.0000000	0.0000000
46.0059242	135.2600555	0.0000000	0.0000000
47.8023949	135.2600555	0.0000000	0.0000000
49.5988655	135.2600555	0.0000000	0.0000000
51.3953362	135.2600555	0.0000000	0.0000000
53.1918106	135.2600555	0.0000000	0.0000000
54.9882851	135.2600555	0.0000000	0.0000000
56.7847557	135.2600555	0.0000000	0.0000000
58.5812302	135.2600555	0.0000000	0.0000000
60.3776970	135.2600555	0.0000000	0.0000000
62.1741714	135.2600555	0.0000000	0.0000000
63.9706421	135.2600555	0.0000000	0.0000000
65.7671204	135.2600555	0.0000000	0.0000000
67.5635834	135.2600555	0.0000000	0.0000000
69.3600616	135.2600555	0.0000000	0.0000000
71.1565323	135.2600555	0.0000000	0.0000000
-0.7023520	137.0565491	0.0000000	0.0000000
1.0941203	137.0565491	0.0000000	0.0000000
2.8905921	137.0565491	0.0000000	0.0000000
4.6870642	137.0565491	0.0000000	0.0000000
6.4835367	137.0565491	0.1052620	3.6607800
8.2800093	137.0565491	0.0000000	0.0000000
10.0764809	137.0565491	0.0000000	0.0000000
11.8729525	137.0565491	0.0000000	0.0000000
13.6694250	137.0565491	0.0000000	0.0000000
15.4658966	137.0565491	0.0000000	0.0000000
17.2623692	137.0565491	0.0000000	0.0000000
19.0588398	137.0565491	0.0000000	0.0000000
20.8553123	137.0565491	0.0000000	0.0000000
22.6517868	137.0565491	0.0000000	0.0000000
24.4482574	137.0565491	0.0000000	0.0000000
26.2447300	137.0565491	0.0000000	0.0000000
28.0412025	137.0565491	0.0000000	0.0000000
29.8376732	137.0565491	0.0000000	0.0000000
31.6341438	137.0565491	0.0000000	0.0000000
33.4306183	137.0565491	0.0000000	0.0000000
35.2270889	137.0565491	0.0000000	0.0000000
37.0235634	137.0565491	0.0000000	0.0000000
38.8200340	137.0565491	0.0000000	0.0000000
40.6165047	137.0565491	0.0000000	0.0000000
42.4129791	137.0565491	0.0000000	0.0000000
44.2094498	137.0565491	0.0000000	0.0000000
46.0059242	137.0565491	0.0000000	0.0000000
47.8023949	137.0565491	0.0000000	0.0000000
49.5988655	137.0565491	0.0000000	0.0000000
51.3953362	137.0565491	0.0000000	0.0000000
53.1918106	137.0565491	0.0000000	0.0000000
54.9882851	137.0565491	0.0000000	0.0000000
56.7847557	137.0565491	0.0000000	0.0000000
58.5812302	137.0565491	0.0000000	0.0000000
60.3776970	137.0565491	0.0000000	0.0000000
62.1741714	137.0565491	0.0000000	0.0000000
63.9706421	137.0565491	0.0000000	0.0000000
65.7671204	137.0565491	0.0000000	0.0000000
67.5635834	137.0565491	0.0000000	0.0000000
69.3600616	137.0565491	0.0000000	0.0000000
71.1565323	137.0565491	0.0000000	0.0000000
-0.7023520	138.8530121	0.0000000	0.0000000
1.0941203	138.8530121	0.0000000	0.0000000
2.8905921	138.8530121	0.0000000	0.0000000
4.6870642	138.8530121	0.0000000	0.0000000
6.4835367	138.8530121	0.0000000	0.0000000
8.2800093	138.8530121	0.0000000	0.0000000
10.0764809	138.8530121	0.0000000	0.0000000
11.8729525	138.8530121	0.5263102	4.5730510
13.6694250	138.8530121	0.5380060	4.5730510
15.4658966	138.8530121	0.0000000	0.0000000
17.2623692	138.8530121	0.0000000	0.0000000
19.0588398	138.8530121	0.0000000	0.0000000
20.8553123	138.8530121	0.0000000	0.0000000
22.6517868	138.8530121	0.0000000	0.0000000
24.4482574	138.8530121	0.0000000	0.0000000
26.2447300	138.8530121	0.0000000	0.0000000
28.0412025	138.8530121	0.0000000	0.0000000
29.8376732	138.8530121	0.0000000	0.0000000
31.6341438	138.8530121	0.0000000	0.0000000
33.4306183	138.8530121	0.0000000	0.0000000
35.2270889	138.8530121	0.0000000	0.0000000
37.0235634	138.8530121	0.0000000	0.0000000
38.8200340	138.8530121	0.0000000	0.0000000
40.6165047	138.8530121	0.0000000	0.0000000
42.4129791	138.8530121	0.0000000	0.0000000
44.2094498	138.8530121	0.0000000	0.0000000
46.0059242	138.8530121	0.0000000	0.0000000
47.8023949	138.8530121	0.0000000	0.0000000
49.5988655	138.8530121	0.0000000	0.0000000
51.3953362	138.8530121	0.0000000	0.0000000
53.1918106	138.8530121	0.0000000	0.0000000
54.9882851	138.8530121	0.0000000	0.0000000
56.7847557	138.8530121	0.0000000	0.0000000
58.5812302	138.8530121	0.0000000	0.0000000
60.3776970	138.8530121	0.0000000	0.0000000
62.1741714	138.8530121	0.0000000	0.0000000
63.9706421	138.8530121	0.0000000	0.0000000
65.7671204	138.8530121	0.0000000	0.0000000
67.5635834	138.8530121	0.0000000	0.0000000
69.3600616	138.8530121	0.0000000	0.0000000
71.1565323	138.8530121	0.0000000	0.0000000
