Burst/rec/seq: 	0	15	15
Time stamp:  	01/07/13 	11:54:02:050
Elapsed time (ms): 	      67
-0.7023520	65.1976547	0.0000000	0.0000000
1.0941203	65.1976547	0.0000000	0.0000000
2.8905921	65.1976547	0.0000000	0.5964849
4.6870642	65.1976547	0.0000000	0.0000000
6.4835367	65.1976547	0.0000000	0.0000000
8.2800093	65.1976547	-0.0233916	-0.3040904
10.0764809	65.1976547	0.2573072	1.0409247
11.8729525	65.1976547	0.0000000	0.0000000
13.6694250	65.1976547	0.0000000	0.0000000
15.4658966	65.1976547	-3.4151685	0.1754367
17.2623692	65.1976547	2.2221987	4.2338734
19.0588398	65.1976547	2.2221987	3.3216023
20.8553123	65.1976547	0.2339157	0.6432680
22.6517868	65.1976547	0.0000000	1.1461867
24.4482574	65.1976547	0.0000000	0.0000000
26.2447300	65.1976547	0.0000000	0.0000000
28.0412025	65.1976547	0.3391777	2.1637199
29.8376732	65.1976547	-2.0584579	2.6549428
31.6341438	65.1976547	-2.0818493	2.9122498
33.4306183	65.1976547	-1.0643163	2.8420751
35.2270889	65.1976547	0.0000000	0.0000000
37.0235634	65.1976547	-0.5730934	4.5847468
38.8200340	65.1976547	0.0000000	0.0000000
40.6165047	65.1976547	0.0000000	0.0000000
42.4129791	65.1976547	0.1169578	5.1695361
44.2094498	65.1976547	0.0000000	0.0000000
46.0059242	65.1976547	0.0000000	0.0000000
47.8023949	65.1976547	0.0000000	0.0000000
49.5988655	65.1976547	1.4385812	1.8011506
51.3953362	65.1976547	0.0000000	0.0000000
53.1918106	65.1976547	0.0000000	0.0000000
54.9882851	65.1976547	-0.9005753	-0.2690030
56.7847557	65.1976547	-1.5789306	-2.1637199
58.5812302	65.1976547	-0.1637410	3.1929486
60.3776970	65.1976547	-0.0350873	3.8713040
62.1741714	65.1976547	-0.0818705	6.7367706
63.9706421	65.1976547	-0.1403494	5.7192378
65.7671204	65.1976547	0.0000000	0.0000000
67.5635834	65.1976547	0.0000000	0.0000000
69.3600616	65.1976547	0.0000000	0.0000000
71.1565323	65.1976547	0.0000000	0.0000000
-0.7023520	66.9941254	0.0000000	0.0000000
1.0941203	66.9941254	0.0000000	0.0000000
2.8905921	66.9941254	0.0000000	0.0000000
4.6870642	66.9941254	-1.3450150	2.1871114
6.4835367	66.9941254	-1.2631445	2.1871114
8.2800093	66.9941254	0.0000000	0.0000000
10.0764809	66.9941254	0.4561355	0.1988283
11.8729525	66.9941254	-0.0584789	1.2514488
13.6694250	66.9941254	0.0000000	0.0000000
15.4658966	66.9941254	1.0994036	0.2573072
17.2623692	66.9941254	-0.4327440	0.0350873
19.0588398	66.9941254	0.0000000	0.0000000
20.8553123	66.9941254	0.3391777	0.0116958
22.6517868	66.9941254	-0.1520452	-0.1403494
24.4482574	66.9941254	0.0000000	0.0000000
26.2447300	66.9941254	0.0000000	0.0000000
28.0412025	66.9941254	-0.0818705	2.5964637
29.8376732	66.9941254	-0.9707500	2.2221987
31.6341438	66.9941254	-1.5204518	3.3099065
33.4306183	66.9941254	0.0000000	0.0000000
35.2270889	66.9941254	-1.2514488	2.9005542
37.0235634	66.9941254	-0.8304006	4.2104816
38.8200340	66.9941254	-0.7485301	4.4911804
40.6165047	66.9941254	0.0000000	0.0000000
42.4129791	66.9941254	0.0000000	0.0000000
44.2094498	66.9941254	0.0000000	0.0000000
46.0059242	66.9941254	-0.0818705	5.1695361
47.8023949	66.9941254	0.0467831	6.7133794
49.5988655	66.9941254	0.0818705	6.7250752
51.3953362	66.9941254	0.0000000	0.0000000
53.1918106	66.9941254	0.0000000	0.0000000
54.9882851	66.9941254	0.0000000	0.0000000
56.7847557	66.9941254	0.0000000	0.0000000
58.5812302	66.9941254	-0.1988283	2.7017257
60.3776970	66.9941254	-0.6783554	4.5496593
62.1741714	66.9941254	0.0000000	0.0000000
63.9706421	66.9941254	0.0000000	0.0000000
65.7671204	66.9941254	0.0000000	0.0000000
67.5635834	66.9941254	0.0000000	0.0000000
69.3600616	66.9941254	0.0000000	0.0000000
71.1565323	66.9941254	0.0000000	0.0000000
-0.7023520	68.7905960	0.0000000	0.0000000
1.0941203	68.7905960	0.0000000	0.0000000
2.8905921	68.7905960	0.0000000	0.0000000
4.6870642	68.7905960	-0.7134427	1.7075843
6.4835367	68.7905960	-0.4327440	1.0175331
8.2800093	68.7905960	0.2806988	0.7485301
10.0764809	68.7905960	-1.6140180	0.6315722
11.8729525	68.7905960	-0.0350873	2.5028975
13.6694250	68.7905960	0.4678313	0.2105241
15.4658966	68.7905960	0.0000000	0.0000000
17.2623692	68.7905960	-0.5146145	1.3917981
19.0588398	68.7905960	0.6549639	0.3508735
20.8553123	68.7905960	0.1403494	0.7134427
22.6517868	68.7905960	-0.4444397	0.2923946
24.4482574	68.7905960	-0.1871325	0.7836174
26.2447300	68.7905960	-1.4736686	2.7952921
28.0412025	68.7905960	-1.6491053	2.9473372
29.8376732	68.7905960	-2.7719004	3.7660420
31.6341438	68.7905960	-1.2982318	3.9999576
33.4306183	68.7905960	-3.0058162	2.5730722
35.2270889	68.7905960	0.0000000	0.0000000
37.0235634	68.7905960	0.0000000	0.0000000
38.8200340	68.7905960	-0.4210482	4.4093099
40.6165047	68.7905960	0.0000000	0.0000000
42.4129791	68.7905960	1.5204518	-4.5730510
44.2094498	68.7905960	0.0000000	0.0000000
46.0059242	68.7905960	0.0000000	0.0000000
47.8023949	68.7905960	0.0000000	0.0000000
49.5988655	68.7905960	0.0000000	0.0000000
51.3953362	68.7905960	0.2456114	6.0233283
53.1918106	68.7905960	0.0000000	0.0000000
54.9882851	68.7905960	-5.9063702	0.0584789
56.7847557	68.7905960	0.0000000	0.0000000
58.5812302	68.7905960	0.0000000	0.0000000
60.3776970	68.7905960	-0.4210482	3.8713040
62.1741714	68.7905960	0.2339157	4.6081386
63.9706421	68.7905960	0.0000000	0.0000000
65.7671204	68.7905960	0.5613976	-0.0935663
67.5635834	68.7905960	0.1052620	0.5263102
69.3600616	68.7905960	0.0000000	0.0000000
71.1565323	68.7905960	0.0000000	0.0000000
-0.7023520	70.5870667	0.0000000	0.0000000
1.0941203	70.5870667	0.0000000	0.0000000
2.8905921	70.5870667	0.0000000	0.0000000
4.6870642	70.5870667	-0.1988283	1.8947167
6.4835367	70.5870667	0.0000000	0.7719216
8.2800093	70.5870667	0.2456114	1.4151897
10.0764809	70.5870667	0.0818705	1.9298041
11.8729525	70.5870667	-0.0584789	2.6900301
13.6694250	70.5870667	-0.4093524	0.2806988
15.4658966	70.5870667	-0.2339157	-0.0233916
17.2623692	70.5870667	-0.1052620	0.5263102
19.0588398	70.5870667	-0.3976566	-0.0233916
20.8553123	70.5870667	-0.7017469	-0.2573072
22.6517868	70.5870667	-0.3742650	-0.0818705
24.4482574	70.5870667	-0.6198765	2.0467620
26.2447300	70.5870667	-0.7017469	2.4561143
28.0412025	70.5870667	-0.7017469	2.6081595
29.8376732	70.5870667	0.0000000	0.0000000
31.6341438	70.5870667	-2.1988072	2.6315510
33.4306183	70.5870667	-2.4327228	2.3859396
35.2270889	70.5870667	-2.3625481	2.3274608
37.0235634	70.5870667	-1.6491053	2.8771625
38.8200340	70.5870667	-0.1052620	4.3508310
40.6165047	70.5870667	0.0000000	0.0000000
42.4129791	70.5870667	0.0000000	0.0000000
44.2094498	70.5870667	4.5496593	0.9005753
46.0059242	70.5870667	0.0000000	0.0000000
47.8023949	70.5870667	0.0000000	0.0000000
49.5988655	70.5870667	0.8771837	6.6315088
51.3953362	70.5870667	0.0000000	0.0000000
53.1918106	70.5870667	0.0000000	0.0000000
54.9882851	70.5870667	0.0000000	0.0000000
56.7847557	70.5870667	-0.5380060	3.0876865
58.5812302	70.5870667	-0.6081807	3.1227739
60.3776970	70.5870667	-0.2456114	3.9063914
62.1741714	70.5870667	-4.2455692	0.1052620
63.9706421	70.5870667	-3.6841714	-1.0292289
65.7671204	70.5870667	0.0000000	0.0000000
67.5635834	70.5870667	0.0000000	0.0000000
69.3600616	70.5870667	0.0000000	0.0000000
71.1565323	70.5870667	0.0000000	0.0000000
-0.7023520	72.3835449	0.0000000	0.0000000
1.0941203	72.3835449	0.0000000	0.0000000
2.8905921	72.3835449	0.0000000	0.0000000
4.6870642	72.3835449	0.2339157	1.8011506
6.4835367	72.3835449	0.1754367	1.2748404
8.2800093	72.3835449	0.2806988	1.6608012
10.0764809	72.3835449	0.5730934	1.5906265
11.8729525	72.3835449	0.0000000	0.0000000
13.6694250	72.3835449	-0.5380060	0.5380060
15.4658966	72.3835449	-0.4912229	0.1754367
17.2623692	72.3835449	-0.3625693	-0.1988283
19.0588398	72.3835449	-0.5613976	-0.1520452
20.8553123	72.3835449	-0.5613976	0.0467831
22.6517868	72.3835449	-0.3859608	0.0935663
24.4482574	72.3835449	0.0116958	0.6783554
26.2447300	72.3835449	-0.1520452	2.2689819
28.0412025	72.3835449	-0.6198765	3.1812530
29.8376732	72.3835449	0.0000000	0.0000000
31.6341438	72.3835449	-2.1403282	2.8420751
33.4306183	72.3835449	0.0000000	0.0000000
35.2270889	72.3835449	-1.3450150	3.0759909
37.0235634	72.3835449	-1.4385812	3.3216023
38.8200340	72.3835449	0.0000000	0.0000000
40.6165047	72.3835449	0.0000000	0.0000000
42.4129791	72.3835449	-0.7134427	5.9414577
44.2094498	72.3835449	-0.7719216	5.8244996
46.0059242	72.3835449	0.0000000	0.0000000
47.8023949	72.3835449	0.0000000	0.0000000
49.5988655	72.3835449	0.0000000	0.0000000
51.3953362	72.3835449	0.0000000	0.0000000
53.1918106	72.3835449	-0.3040904	4.7601833
54.9882851	72.3835449	0.0000000	0.0000000
56.7847557	72.3835449	0.0000000	0.0000000
58.5812302	72.3835449	0.2923946	3.0175118
60.3776970	72.3835449	0.1169578	2.5730722
62.1741714	72.3835449	-0.2339157	2.9824245
63.9706421	72.3835449	0.0935663	5.0174909
65.7671204	72.3835449	0.6432680	5.9648490
67.5635834	72.3835449	0.0000000	0.0000000
69.3600616	72.3835449	0.0000000	0.0000000
71.1565323	72.3835449	0.0000000	0.0000000
-0.7023520	74.1800156	0.0000000	0.0000000
1.0941203	74.1800156	0.0000000	0.0000000
2.8905921	74.1800156	0.0000000	0.0000000
4.6870642	74.1800156	1.3333192	0.6783554
6.4835367	74.1800156	1.4151897	1.1461867
8.2800093	74.1800156	1.2748404	0.6900512
10.0764809	74.1800156	0.9473584	2.4327228
11.8729525	74.1800156	0.0000000	0.0000000
13.6694250	74.1800156	-0.2573072	0.6432680
15.4658966	74.1800156	-0.3859608	0.2573072
17.2623692	74.1800156	-0.2806988	-0.2573072
19.0588398	74.1800156	-0.5613976	-0.0935663
20.8553123	74.1800156	-0.5380060	-0.0584789
22.6517868	74.1800156	-0.1871325	-0.0350873
24.4482574	74.1800156	-0.7602259	1.8947167
26.2447300	74.1800156	-0.1988283	2.2221987
28.0412025	74.1800156	0.0000000	0.0000000
29.8376732	74.1800156	-2.5379848	4.1286111
31.6341438	74.1800156	0.0000000	0.0000000
33.4306183	74.1800156	-1.4034939	3.2397318
35.2270889	74.1800156	-1.5204518	3.2748191
37.0235634	74.1800156	-1.9181083	3.5204306
38.8200340	74.1800156	-1.4268855	2.9005542
40.6165047	74.1800156	-1.3450150	2.7251174
42.4129791	74.1800156	-1.3099277	3.0525992
44.2094498	74.1800156	-0.7251385	5.9648490
46.0059242	74.1800156	-0.2923946	2.3859396
47.8023949	74.1800156	-0.6783554	5.9882407
49.5988655	74.1800156	0.0000000	0.0000000
51.3953362	74.1800156	0.0000000	0.0000000
53.1918106	74.1800156	0.1052620	3.9882619
54.9882851	74.1800156	0.0000000	0.0000000
56.7847557	74.1800156	0.1286536	3.4736474
58.5812302	74.1800156	0.1988283	3.0525992
60.3776970	74.1800156	0.1286536	2.8420751
62.1741714	74.1800156	-0.3508735	5.5438008
63.9706421	74.1800156	0.0000000	0.0000000
65.7671204	74.1800156	-0.4210482	5.3800602
67.5635834	74.1800156	0.0000000	0.0000000
69.3600616	74.1800156	0.0000000	0.0000000
71.1565323	74.1800156	0.0000000	0.0000000
-0.7023520	75.9764862	0.0000000	0.0000000
1.0941203	75.9764862	0.0000000	0.0000000
2.8905921	75.9764862	0.1052620	1.3567108
4.6870642	75.9764862	1.2163614	0.8070090
6.4835367	75.9764862	0.8304006	1.5672349
8.2800093	75.9764862	0.1871325	1.7894547
10.0764809	75.9764862	1.0292289	2.5262890
11.8729525	75.9764862	0.2339157	1.7075843
13.6694250	75.9764862	-0.3859608	1.4853644
15.4658966	75.9764862	-0.3040904	0.1520452
17.2623692	75.9764862	-0.1286536	-0.2339157
19.0588398	75.9764862	-0.6081807	-0.0116958
20.8553123	75.9764862	-0.7602259	-0.1169578
22.6517868	75.9764862	-1.3801024	0.2339157
24.4482574	75.9764862	-2.0467620	3.7309546
26.2447300	75.9764862	0.0000000	0.0000000
28.0412025	75.9764862	0.0000000	0.0000000
29.8376732	75.9764862	0.0000000	0.0000000
31.6341438	75.9764862	-1.6491053	0.1871325
33.4306183	75.9764862	0.0000000	0.0000000
35.2270889	75.9764862	0.0000000	0.0000000
37.0235634	75.9764862	-1.5672349	3.6023011
38.8200340	75.9764862	-0.9590542	2.9356415
40.6165047	75.9764862	-1.2046657	2.4444187
42.4129791	75.9764862	0.0000000	0.0000000
44.2094498	75.9764862	2.2689819	3.3099065
46.0059242	75.9764862	0.0000000	0.0000000
47.8023949	75.9764862	0.0000000	0.0000000
49.5988655	75.9764862	0.0000000	0.0000000
51.3953362	75.9764862	0.0000000	0.0000000
53.1918106	75.9764862	-0.1169578	4.6198339
54.9882851	75.9764862	-0.0584789	4.0935240
56.7847557	75.9764862	0.0000000	0.0000000
58.5812302	75.9764862	3.8713040	2.7134216
60.3776970	75.9764862	0.0000000	0.0000000
62.1741714	75.9764862	0.0000000	0.0000000
63.9706421	75.9764862	-0.0350873	1.2163614
65.7671204	75.9764862	0.4093524	1.5438433
67.5635834	75.9764862	0.0000000	0.0000000
69.3600616	75.9764862	0.0000000	0.0000000
71.1565323	75.9764862	0.0000000	0.0000000
-0.7023520	77.7729568	0.0000000	0.0000000
1.0941203	77.7729568	0.0000000	0.0000000
2.8905921	77.7729568	0.0000000	0.0000000
4.6870642	77.7729568	0.6432680	1.2631445
6.4835367	77.7729568	-0.0116958	1.9882830
8.2800093	77.7729568	-0.1403494	1.9999788
10.0764809	77.7729568	0.2339157	3.1461656
11.8729525	77.7729568	0.0000000	0.0000000
13.6694250	77.7729568	0.0350873	2.5028975
15.4658966	77.7729568	-0.1052620	0.1520452
17.2623692	77.7729568	0.0818705	0.1052620
19.0588398	77.7729568	-0.4912229	0.1871325
20.8553123	77.7729568	-1.0409247	-0.0584789
22.6517868	77.7729568	-1.3099277	0.0350873
24.4482574	77.7729568	0.0000000	0.0000000
26.2447300	77.7729568	0.0000000	0.0000000
28.0412025	77.7729568	0.0000000	0.0000000
29.8376732	77.7729568	-2.3391566	4.2806563
31.6341438	77.7729568	-2.3625481	4.2689605
33.4306183	77.7729568	0.0000000	0.0000000
35.2270889	77.7729568	0.0000000	0.0000000
37.0235634	77.7729568	-1.2163614	3.1461656
38.8200340	77.7729568	-0.6666596	2.7719004
40.6165047	77.7729568	-1.3099277	3.1344697
42.4129791	77.7729568	0.0000000	0.0000000
44.2094498	77.7729568	0.3742650	4.5613551
46.0059242	77.7729568	0.0584789	5.2046232
47.8023949	77.7729568	0.0584789	5.8128037
49.5988655	77.7729568	-0.5964849	3.7660420
51.3953362	77.7729568	-0.8187048	-2.8888583
53.1918106	77.7729568	0.0935663	3.9414787
54.9882851	77.7729568	1.9414999	2.1052408
56.7847557	77.7729568	-0.1169578	3.4151685
58.5812302	77.7729568	-0.0467831	3.4970391
60.3776970	77.7729568	-0.9824457	3.5555179
62.1741714	77.7729568	-0.5964849	1.5321475
63.9706421	77.7729568	-1.4736686	1.9298041
65.7671204	77.7729568	0.0000000	0.0000000
67.5635834	77.7729568	-0.0584789	1.6724969
69.3600616	77.7729568	0.0000000	0.0000000
71.1565323	77.7729568	0.0000000	0.0000000
-0.7023520	79.5694275	0.0000000	0.0000000
1.0941203	79.5694275	0.0000000	0.0000000
2.8905921	79.5694275	0.0000000	0.0000000
4.6870642	79.5694275	0.1286536	2.0233705
6.4835367	79.5694275	0.0701747	2.3274608
8.2800093	79.5694275	0.0935663	2.9239457
10.0764809	79.5694275	0.4678313	2.9473372
11.8729525	79.5694275	-0.0350873	1.1227951
13.6694250	79.5694275	0.1403494	1.8479337
15.4658966	79.5694275	-0.0935663	0.6900512
17.2623692	79.5694275	-0.0818705	-0.0233916
19.0588398	79.5694275	-0.0935663	0.0584789
20.8553123	79.5694275	-1.3567108	0.7602259
22.6517868	79.5694275	-1.5438433	0.4327440
24.4482574	79.5694275	-1.5906265	0.5029187
26.2447300	79.5694275	0.0000000	0.0000000
28.0412025	79.5694275	-1.5555391	3.4619517
29.8376732	79.5694275	-0.8304006	3.1695571
31.6341438	79.5694275	-1.3917981	4.4794846
33.4306183	79.5694275	0.0000000	0.0000000
35.2270889	79.5694275	-0.6549639	3.1227739
37.0235634	79.5694275	-0.9356626	2.9590330
38.8200340	79.5694275	-0.8187048	3.0175118
40.6165047	79.5694275	-0.4093524	3.8128252
42.4129791	79.5694275	-0.0701747	2.5028975
44.2094498	79.5694275	0.0000000	0.0000000
46.0059242	79.5694275	0.0000000	0.0000000
47.8023949	79.5694275	0.0000000	0.0000000
49.5988655	79.5694275	0.0000000	0.0000000
51.3953362	79.5694275	-1.2514488	5.2280149
53.1918106	79.5694275	0.0000000	0.0000000
54.9882851	79.5694275	-1.4502771	4.0350451
56.7847557	79.5694275	-1.2046657	3.9180872
58.5812302	79.5694275	0.4444397	0.8070090
60.3776970	79.5694275	-2.2221987	1.5204518
62.1741714	79.5694275	0.0000000	0.0000000
63.9706421	79.5694275	0.0000000	0.0000000
65.7671204	79.5694275	0.0000000	0.0000000
67.5635834	79.5694275	0.0467831	2.1520240
69.3600616	79.5694275	0.0000000	0.0000000
71.1565323	79.5694275	0.0000000	0.0000000
-0.7023520	81.3659058	0.0000000	0.0000000
1.0941203	81.3659058	0.0000000	0.0000000
2.8905921	81.3659058	0.0000000	0.0000000
4.6870642	81.3659058	0.4327440	1.2514488
6.4835367	81.3659058	0.1169578	2.2338946
8.2800093	81.3659058	-0.5380060	2.9824245
10.0764809	81.3659058	-0.0233916	1.0058373
11.8729525	81.3659058	-0.0818705	1.4151897
13.6694250	81.3659058	-0.1988283	1.8596294
15.4658966	81.3659058	0.0000000	1.4736686
17.2623692	81.3659058	0.0116958	0.3742650
19.0588398	81.3659058	-0.3040904	0.4210482
20.8553123	81.3659058	0.0000000	0.0000000
22.6517868	81.3659058	-1.2046657	0.2923946
24.4482574	81.3659058	-1.3684065	0.6198765
26.2447300	81.3659058	-1.2631445	0.2456114
28.0412025	81.3659058	-0.5380060	1.3216234
29.8376732	81.3659058	-0.6432680	2.9590330
31.6341438	81.3659058	-0.6783554	3.5438221
33.4306183	81.3659058	-0.2339157	3.7426505
35.2270889	81.3659058	-0.1754367	3.4034727
37.0235634	81.3659058	-0.4561355	3.0525992
38.8200340	81.3659058	0.2806988	2.5847681
40.6165047	81.3659058	0.0000000	0.0000000
42.4129791	81.3659058	0.1871325	3.3099065
44.2094498	81.3659058	-0.4795271	3.7543461
46.0059242	81.3659058	-0.2105241	3.4385600
47.8023949	81.3659058	0.0000000	0.0000000
49.5988655	81.3659058	4.3274398	0.6783554
51.3953362	81.3659058	-1.6140180	4.5496593
53.1918106	81.3659058	-1.8596294	4.5847468
54.9882851	81.3659058	-1.6958885	4.4677892
56.7847557	81.3659058	0.0000000	0.0000000
58.5812302	81.3659058	-1.2748404	1.6841927
60.3776970	81.3659058	-1.3099277	1.0058373
62.1741714	81.3659058	-0.9707500	1.0292289
63.9706421	81.3659058	-0.1169578	1.1578825
65.7671204	81.3659058	-0.8304006	2.9707289
67.5635834	81.3659058	0.0000000	0.0000000
69.3600616	81.3659058	0.0000000	0.0000000
71.1565323	81.3659058	0.0000000	0.0000000
-0.7023520	83.1623764	0.0000000	0.0000000
1.0941203	83.1623764	0.0000000	0.0000000
2.8905921	83.1623764	0.0467831	0.8654879
4.6870642	83.1623764	0.2339157	2.5028975
6.4835367	83.1623764	0.2456114	2.7719004
8.2800093	83.1623764	0.1520452	2.6432469
10.0764809	83.1623764	0.1403494	1.5204518
11.8729525	83.1623764	-0.2690030	0.9356626
13.6694250	83.1623764	-0.2690030	1.0760120
15.4658966	83.1623764	0.6081807	0.0584789
17.2623692	83.1623764	0.0584789	0.6783554
19.0588398	83.1623764	0.4795271	1.4385812
20.8553123	83.1623764	0.6432680	1.6374096
22.6517868	83.1623764	-1.4502771	0.6549639
24.4482574	83.1623764	-1.2397530	0.8187048
26.2447300	83.1623764	-1.3567108	0.7953132
28.0412025	83.1623764	-1.1578825	1.5204518
29.8376732	83.1623764	-0.3859608	2.4561143
31.6341438	83.1623764	-0.1988283	3.0642951
33.4306183	83.1623764	-0.1637410	2.8537710
35.2270889	83.1623764	-0.8420963	-0.0935663
37.0235634	83.1623764	-0.1871325	2.9473372
38.8200340	83.1623764	-0.1403494	2.4561143
40.6165047	83.1623764	-0.1286536	1.9414999
42.4129791	83.1623764	0.2923946	2.8771625
44.2094498	83.1623764	-0.5613976	3.6841714
46.0059242	83.1623764	0.0000000	0.0000000
47.8023949	83.1623764	-0.1871325	4.9940991
49.5988655	83.1623764	0.0000000	0.0000000
51.3953362	83.1623764	0.0000000	0.0000000
53.1918106	83.1623764	0.0000000	0.0000000
54.9882851	83.1623764	-1.2280571	5.8478913
56.7847557	83.1623764	0.0000000	0.0000000
58.5812302	83.1623764	-0.4678313	0.4210482
60.3776970	83.1623764	-0.9590542	0.7017469
62.1741714	83.1623764	-0.9941415	1.5672349
63.9706421	83.1623764	-0.0818705	-0.1286536
65.7671204	83.1623764	-0.1871325	0.0818705
67.5635834	83.1623764	0.0000000	0.7017469
69.3600616	83.1623764	0.0000000	0.0000000
71.1565323	83.1623764	0.0000000	0.0000000
-0.7023520	84.9588547	0.0000000	0.0000000
1.0941203	84.9588547	0.0000000	0.0000000
2.8905921	84.9588547	0.0935663	0.9473584
4.6870642	84.9588547	-0.0116958	2.1871114
6.4835367	84.9588547	0.2456114	3.2280359
8.2800093	84.9588547	0.0000000	3.0292077
10.0764809	84.9588547	-0.0116958	2.6315510
11.8729525	84.9588547	-0.4210482	0.7368343
13.6694250	84.9588547	-0.0584789	0.6783554
15.4658966	84.9588547	0.0584789	0.6081807
17.2623692	84.9588547	0.0116958	0.6198765
19.0588398	84.9588547	0.0818705	0.6198765
20.8553123	84.9588547	-1.3684065	1.5204518
22.6517868	84.9588547	-1.4619728	1.1344910
24.4482574	84.9588547	-1.0292289	0.1988283
26.2447300	84.9588547	-1.2748404	0.7719216
28.0412025	84.9588547	-1.3684065	0.9005753
29.8376732	84.9588547	-0.7836174	0.9005753
31.6341438	84.9588547	-0.3040904	1.3917981
33.4306183	84.9588547	0.0000000	2.5613763
35.2270889	84.9588547	-0.0701747	2.9473372
37.0235634	84.9588547	-0.5380060	2.8186836
38.8200340	84.9588547	-0.1754367	1.9882830
40.6165047	84.9588547	-0.0935663	2.1754155
42.4129791	84.9588547	0.5263102	1.8011506
44.2094498	84.9588547	-0.1169578	2.9239457
46.0059242	84.9588547	0.0000000	0.0000000
47.8023949	84.9588547	-0.2690030	4.1403069
49.5988655	84.9588547	0.0000000	0.0000000
51.3953362	84.9588547	0.0000000	0.0000000
53.1918106	84.9588547	0.0000000	0.0000000
54.9882851	84.9588547	6.1285901	0.1169578
56.7847557	84.9588547	0.0000000	0.0000000
58.5812302	84.9588547	-0.3625693	2.7017257
60.3776970	84.9588547	-0.1052620	1.6958885
62.1741714	84.9588547	0.0116958	1.4502771
63.9706421	84.9588547	0.1052620	0.5380060
65.7671204	84.9588547	0.3274819	0.4912229
67.5635834	84.9588547	0.0584789	0.7368343
69.3600616	84.9588547	0.0000000	0.0000000
71.1565323	84.9588547	0.0000000	0.0000000
-0.7023520	86.7553177	0.0000000	0.0000000
1.0941203	86.7553177	0.0000000	0.0000000
2.8905921	86.7553177	0.0000000	0.0000000
4.6870642	86.7553177	-0.2690030	1.4736686
6.4835367	86.7553177	0.0935663	3.8128252
8.2800093	86.7553177	0.0000000	4.1520028
10.0764809	86.7553177	0.5847892	3.4034727
11.8729525	86.7553177	-0.2806988	0.4210482
13.6694250	86.7553177	-0.1871325	0.4444397
15.4658966	86.7553177	-0.0467831	0.6315722
17.2623692	86.7553177	0.1286536	1.2163614
19.0588398	86.7553177	0.2339157	1.4151897
20.8553123	86.7553177	-1.2280571	0.9356626
22.6517868	86.7553177	-1.2514488	0.8771837
24.4482574	86.7553177	-0.8771837	0.4912229
26.2447300	86.7553177	-1.3333192	0.7134427
28.0412025	86.7553177	-1.0409247	0.4093524
29.8376732	86.7553177	-1.0994036	0.6783554
31.6341438	86.7553177	-0.6315722	2.2689819
33.4306183	86.7553177	-0.1169578	2.9005542
35.2270889	86.7553177	0.5263102	3.7426505
37.0235634	86.7553177	-0.1169578	3.6607800
38.8200340	86.7553177	-0.0701747	2.5964637
40.6165047	86.7553177	-0.1520452	2.3040693
42.4129791	86.7553177	-0.1052620	2.8888583
44.2094498	86.7553177	0.2105241	3.6256926
46.0059242	86.7553177	0.1637410	3.6373885
47.8023949	86.7553177	0.0000000	0.0000000
49.5988655	86.7553177	-0.2105241	4.3976145
51.3953362	86.7553177	-0.1169578	4.1169157
53.1918106	86.7553177	-0.5146145	4.5496593
54.9882851	86.7553177	0.0000000	0.0000000
56.7847557	86.7553177	0.0935663	4.2338734
58.5812302	86.7553177	-0.6783554	3.1110783
60.3776970	86.7553177	-0.2222199	4.4911804
62.1741714	86.7553177	0.1052620	1.7192800
63.9706421	86.7553177	0.2690030	1.0643163
65.7671204	86.7553177	0.1637410	0.8420963
67.5635834	86.7553177	0.1403494	1.1110994
69.3600616	86.7553177	0.0000000	0.0000000
71.1565323	86.7553177	0.0000000	0.0000000
-0.7023520	88.5517883	0.0000000	0.0000000
1.0941203	88.5517883	0.0000000	0.0000000
2.8905921	88.5517883	0.0000000	0.0000000
4.6870642	88.5517883	0.0116958	1.5789306
6.4835367	88.5517883	0.1871325	3.1578612
8.2800093	88.5517883	0.7251385	4.0116534
10.0764809	88.5517883	-0.0350873	0.1169578
11.8729525	88.5517883	-0.1754367	-0.1052620
13.6694250	88.5517883	-0.0116958	0.4912229
15.4658966	88.5517883	-0.1052620	0.2222199
17.2623692	88.5517883	0.0701747	0.9473584
19.0588398	88.5517883	0.5146145	1.0058373
20.8553123	88.5517883	-0.6432680	1.4268855
22.6517868	88.5517883	-1.1929698	1.2748404
24.4482574	88.5517883	-3.5789094	3.1695571
26.2447300	88.5517883	-1.3333192	0.7251385
28.0412025	88.5517883	-0.8304006	0.1520452
29.8376732	88.5517883	-1.2046657	0.7251385
31.6341438	88.5517883	-0.8888795	0.2339157
33.4306183	88.5517883	-0.2222199	3.4034727
35.2270889	88.5517883	-0.1286536	3.6958673
37.0235634	88.5517883	0.6900512	3.6841714
38.8200340	88.5517883	0.0000000	0.0000000
40.6165047	88.5517883	-0.1052620	2.7485089
42.4129791	88.5517883	0.0233916	2.9707289
44.2094498	88.5517883	0.0116958	4.9824033
46.0059242	88.5517883	0.1871325	4.2689605
47.8023949	88.5517883	0.4210482	5.6373672
49.5988655	88.5517883	0.4327440	4.3508310
51.3953362	88.5517883	0.0000000	3.8596082
53.1918106	88.5517883	0.2923946	2.7251174
54.9882851	88.5517883	0.0000000	0.0000000
56.7847557	88.5517883	-0.6666596	4.4677892
58.5812302	88.5517883	1.0760120	-0.1520452
60.3776970	88.5517883	-1.4736686	0.0233916
62.1741714	88.5517883	0.0467831	0.9239668
63.9706421	88.5517883	0.1637410	1.0994036
65.7671204	88.5517883	0.0000000	0.9473584
67.5635834	88.5517883	0.0584789	1.0643163
69.3600616	88.5517883	0.0000000	0.0000000
71.1565323	88.5517883	0.0000000	0.0000000
-0.7023520	90.3482666	0.0000000	0.0000000
1.0941203	90.3482666	0.0000000	0.0000000
2.8905921	90.3482666	0.0000000	0.0000000
4.6870642	90.3482666	-0.0467831	2.8303795
6.4835367	90.3482666	0.6432680	2.9941204
8.2800093	90.3482666	0.0000000	0.0000000
10.0764809	90.3482666	-0.2456114	0.2339157
11.8729525	90.3482666	-0.1871325	0.5029187
13.6694250	90.3482666	-0.4327440	0.1754367
15.4658966	90.3482666	-0.0818705	-0.0233916
17.2623692	90.3482666	0.0000000	0.0000000
19.0588398	90.3482666	0.0000000	0.0000000
20.8553123	90.3482666	-0.7602259	1.5204518
22.6517868	90.3482666	0.0000000	0.0000000
24.4482574	90.3482666	-1.2163614	0.5964849
26.2447300	90.3482666	-1.3450150	0.8888795
28.0412025	90.3482666	-0.8537921	0.0701747
29.8376732	90.3482666	-0.9824457	0.1637410
31.6341438	90.3482666	-1.3801024	0.4678313
33.4306183	90.3482666	-1.1227951	1.1110994
35.2270889	90.3482666	0.0701747	2.9707289
37.0235634	90.3482666	-0.1637410	4.2806563
38.8200340	90.3482666	0.1754367	3.3332980
40.6165047	90.3482666	0.1403494	2.8654668
42.4129791	90.3482666	0.0935663	2.9122498
44.2094498	90.3482666	0.2222199	3.3332980
46.0059242	90.3482666	0.2105241	5.0876656
47.8023949	90.3482666	0.5613976	5.1227527
49.5988655	90.3482666	0.0000000	0.0000000
51.3953362	90.3482666	0.0000000	0.0000000
53.1918106	90.3482666	0.0000000	0.0000000
54.9882851	90.3482666	0.0000000	0.0000000
56.7847557	90.3482666	-0.3742650	3.0058162
58.5812302	90.3482666	0.0000000	0.0000000
60.3776970	90.3482666	0.0116958	2.1637199
62.1741714	90.3482666	0.0116958	0.4678313
63.9706421	90.3482666	0.5497018	0.5847892
65.7671204	90.3482666	0.0935663	0.5146145
67.5635834	90.3482666	0.0000000	0.6432680
69.3600616	90.3482666	0.0000000	0.0000000
71.1565323	90.3482666	0.0000000	0.0000000
-0.7023520	92.1447372	0.0000000	0.0000000
1.0941203	92.1447372	0.0000000	0.0000000
2.8905921	92.1447372	0.0000000	0.0000000
4.6870642	92.1447372	-0.2105241	2.8888583
6.4835367	92.1447372	0.1169578	3.2982106
8.2800093	92.1447372	0.2105241	3.7543461
10.0764809	92.1447372	-0.5613976	2.9005542
11.8729525	92.1447372	-0.5730934	0.3391777
13.6694250	92.1447372	-0.2690030	-0.0467831
15.4658966	92.1447372	0.0000000	0.1286536
17.2623692	92.1447372	0.0000000	0.0000000
19.0588398	92.1447372	0.0000000	0.0000000
20.8553123	92.1447372	0.0000000	0.0000000
22.6517868	92.1447372	-1.4502771	1.3216234
24.4482574	92.1447372	0.0000000	0.0000000
26.2447300	92.1447372	0.0000000	0.0000000
28.0412025	92.1447372	-0.8537921	0.4444397
29.8376732	92.1447372	-1.1929698	0.6198765
31.6341438	92.1447372	-1.2865361	0.7719216
33.4306183	92.1447372	-1.4970602	0.2456114
35.2270889	92.1447372	-0.2222199	0.0935663
37.0235634	92.1447372	0.0000000	0.0000000
38.8200340	92.1447372	0.0000000	0.0000000
40.6165047	92.1447372	0.0000000	0.0000000
42.4129791	92.1447372	0.2339157	3.4268644
44.2094498	92.1447372	-1.1812741	3.1695571
46.0059242	92.1447372	0.4093524	4.9239244
47.8023949	92.1447372	0.5029187	5.1929274
49.5988655	92.1447372	0.0000000	0.0000000
51.3953362	92.1447372	0.0000000	0.0000000
53.1918106	92.1447372	0.0350873	5.3917556
54.9882851	92.1447372	0.0000000	0.0000000
56.7847557	92.1447372	-1.0409247	3.2280359
58.5812302	92.1447372	-0.2105241	2.4210269
60.3776970	92.1447372	0.4327440	1.0175331
62.1741714	92.1447372	0.1052620	0.2923946
63.9706421	92.1447372	0.3391777	0.5263102
65.7671204	92.1447372	0.0000000	0.4912229
67.5635834	92.1447372	-0.0701747	0.3040904
69.3600616	92.1447372	0.0000000	0.0000000
71.1565323	92.1447372	0.0000000	0.0000000
-0.7023520	93.9412079	0.0000000	0.0000000
1.0941203	93.9412079	0.0000000	0.0000000
2.8905921	93.9412079	0.0000000	0.0000000
4.6870642	93.9412079	-0.4561355	2.3157649
6.4835367	93.9412079	0.0350873	2.9239457
8.2800093	93.9412079	0.5263102	3.5438221
10.0764809	93.9412079	0.0000000	0.0000000
11.8729525	93.9412079	0.0000000	0.0000000
13.6694250	93.9412079	0.1052620	0.7602259
15.4658966	93.9412079	-0.0116958	0.5497018
17.2623692	93.9412079	0.1403494	1.4385812
19.0588398	93.9412079	0.0000000	0.0000000
20.8553123	93.9412079	0.0000000	0.0000000
22.6517868	93.9412079	0.0000000	0.0000000
24.4482574	93.9412079	0.0000000	0.0000000
26.2447300	93.9412079	-2.1403282	1.5087559
28.0412025	93.9412079	-1.1695783	0.9707500
29.8376732	93.9412079	-1.1929698	1.0292289
31.6341438	93.9412079	-1.1695783	0.8304006
33.4306183	93.9412079	-1.3917981	0.7251385
35.2270889	93.9412079	-1.5672349	0.8187048
37.0235634	93.9412079	0.0000000	0.0000000
38.8200340	93.9412079	-0.3274819	3.5087347
40.6165047	93.9412079	0.3157861	3.2163403
42.4129791	93.9412079	0.1052620	3.2163403
44.2094498	93.9412079	-0.7953132	4.1636987
46.0059242	93.9412079	-0.1988283	3.6607800
47.8023949	93.9412079	0.4093524	4.5613551
49.5988655	93.9412079	0.0000000	0.0000000
51.3953362	93.9412079	0.0000000	0.0000000
53.1918106	93.9412079	-0.9824457	4.7367921
54.9882851	93.9412079	-0.7134427	3.3566897
56.7847557	93.9412079	-0.0116958	3.0058162
58.5812302	93.9412079	0.2806988	1.5087559
60.3776970	93.9412079	0.2339157	1.2280571
62.1741714	93.9412079	0.0000000	0.6666596
63.9706421	93.9412079	-0.1403494	0.6666596
65.7671204	93.9412079	0.0350873	0.4210482
67.5635834	93.9412079	0.1169578	0.6315722
69.3600616	93.9412079	0.0000000	0.0000000
71.1565323	93.9412079	0.0000000	0.0000000
-0.7023520	95.7376785	0.0000000	0.0000000
1.0941203	95.7376785	0.0000000	0.0000000
2.8905921	95.7376785	0.0000000	0.0000000
4.6870642	95.7376785	-0.6900512	1.4970602
6.4835367	95.7376785	-0.5497018	1.6958885
8.2800093	95.7376785	0.0701747	-0.1871325
10.0764809	95.7376785	0.0701747	0.7602259
11.8729525	95.7376785	0.5613976	0.2690030
13.6694250	95.7376785	0.3157861	0.8537921
15.4658966	95.7376785	0.0935663	0.7836174
17.2623692	95.7376785	0.1286536	0.6315722
19.0588398	95.7376785	-0.9122710	1.4736686
20.8553123	95.7376785	0.0000000	0.0000000
22.6517868	95.7376785	0.0000000	0.0000000
24.4482574	95.7376785	0.0000000	0.0000000
26.2447300	95.7376785	-1.4970602	1.5555391
28.0412025	95.7376785	-0.2222199	0.9707500
29.8376732	95.7376785	-1.2397530	0.9239668
31.6341438	95.7376785	-1.0292289	0.6900512
33.4306183	95.7376785	-1.3684065	0.7485301
35.2270889	95.7376785	-1.4619728	0.8070090
37.0235634	95.7376785	-1.0175331	0.8537921
38.8200340	95.7376785	-0.1988283	1.3567108
40.6165047	95.7376785	-0.0233916	3.1695571
42.4129791	95.7376785	-0.3391777	3.6023011
44.2094498	95.7376785	-0.7719216	4.3157439
46.0059242	95.7376785	-0.1403494	3.5438221
47.8023949	95.7376785	-0.4444397	5.0291867
49.5988655	95.7376785	-0.8537921	4.9707074
51.3953362	95.7376785	-0.8537921	4.5847468
53.1918106	95.7376785	-1.1929698	3.2631233
54.9882851	95.7376785	0.2105241	1.7075843
56.7847557	95.7376785	0.7368343	0.7953132
58.5812302	95.7376785	0.3040904	0.8888795
60.3776970	95.7376785	0.5380060	1.0058373
62.1741714	95.7376785	-0.1403494	0.7953132
63.9706421	95.7376785	-0.1286536	0.8070090
65.7671204	95.7376785	0.1169578	0.6900512
67.5635834	95.7376785	0.0818705	0.4210482
69.3600616	95.7376785	0.0000000	0.0000000
71.1565323	95.7376785	0.0000000	0.0000000
-0.7023520	97.5341492	0.0000000	0.0000000
1.0941203	97.5341492	0.0000000	0.0000000
2.8905921	97.5341492	-0.1403494	1.5672349
4.6870642	97.5341492	-0.7134427	1.5321475
6.4835367	97.5341492	0.6549639	1.2982318
8.2800093	97.5341492	0.2105241	1.8713253
10.0764809	97.5341492	0.0701747	0.9941415
11.8729525	97.5341492	0.0935663	0.8537921
13.6694250	97.5341492	0.2339157	1.0643163
15.4658966	97.5341492	0.2806988	1.0409247
17.2623692	97.5341492	-0.0584789	0.5497018
19.0588398	97.5341492	0.0000000	0.0000000
20.8553123	97.5341492	0.0000000	0.0000000
22.6517868	97.5341492	0.0000000	0.0000000
24.4482574	97.5341492	0.0000000	0.0000000
26.2447300	97.5341492	-1.5087559	1.5789306
28.0412025	97.5341492	3.1461656	1.2514488
29.8376732	97.5341492	0.0000000	0.0000000
31.6341438	97.5341492	-0.7602259	0.9824457
33.4306183	97.5341492	-1.3801024	0.8304006
35.2270889	97.5341492	-1.4619728	0.8420963
37.0235634	97.5341492	-1.3684065	0.6081807
38.8200340	97.5341492	0.0000000	0.0000000
40.6165047	97.5341492	-0.7017469	3.6139967
42.4129791	97.5341492	-0.2923946	3.5906053
44.2094498	97.5341492	0.0818705	4.0233493
46.0059242	97.5341492	0.0000000	0.0000000
47.8023949	97.5341492	-2.7485089	5.0291867
49.5988655	97.5341492	-1.8713253	3.5672138
51.3953362	97.5341492	0.0000000	0.0000000
53.1918106	97.5341492	0.0000000	0.0000000
54.9882851	97.5341492	0.1988283	0.5497018
56.7847557	97.5341492	0.5146145	0.3859608
58.5812302	97.5341492	0.6432680	0.8070090
60.3776970	97.5341492	0.7251385	0.9590542
62.1741714	97.5341492	0.0000000	0.4210482
63.9706421	97.5341492	-0.2339157	0.6666596
65.7671204	97.5341492	-0.3157861	0.7953132
67.5635834	97.5341492	0.0701747	0.5146145
69.3600616	97.5341492	0.0000000	0.0000000
71.1565323	97.5341492	0.0000000	0.0000000
-0.7023520	99.3306274	0.0000000	0.0000000
1.0941203	99.3306274	0.0000000	0.0000000
2.8905921	99.3306274	-0.0350873	1.3216234
4.6870642	99.3306274	-0.6315722	0.1754367
6.4835367	99.3306274	0.4327440	1.3917981
8.2800093	99.3306274	0.7017469	1.3216234
10.0764809	99.3306274	0.1169578	0.7485301
11.8729525	99.3306274	0.1286536	0.8070090
13.6694250	99.3306274	-0.0116958	0.5029187
15.4658966	99.3306274	-0.0701747	0.4795271
17.2623692	99.3306274	-0.0233916	0.7017469
19.0588398	99.3306274	-0.0116958	0.4444397
20.8553123	99.3306274	0.0000000	0.0000000
22.6517868	99.3306274	0.0000000	0.0000000
24.4482574	99.3306274	-0.6666596	1.5438433
26.2447300	99.3306274	0.0000000	0.0000000
28.0412025	99.3306274	0.0000000	0.0000000
29.8376732	99.3306274	-4.6900086	-4.0116534
31.6341438	99.3306274	-1.4970602	1.1461867
33.4306183	99.3306274	-1.3684065	0.9941415
35.2270889	99.3306274	-1.3333192	0.8187048
37.0235634	99.3306274	-1.4502771	0.7017469
38.8200340	99.3306274	-1.2631445	1.0994036
40.6165047	99.3306274	-1.4268855	4.2923522
42.4129791	99.3306274	0.0000000	0.0000000
44.2094498	99.3306274	0.0000000	0.0000000
46.0059242	99.3306274	-2.3040693	5.2046232
47.8023949	99.3306274	-3.1344697	2.3508523
49.5988655	99.3306274	-2.0701535	3.6607800
51.3953362	99.3306274	0.0000000	0.0000000
53.1918106	99.3306274	-0.0116958	0.5497018
54.9882851	99.3306274	0.1754367	0.3157861
56.7847557	99.3306274	0.3157861	0.5380060
58.5812302	99.3306274	0.4795271	0.7368343
60.3776970	99.3306274	0.7134427	1.1110994
62.1741714	99.3306274	0.1754367	0.8888795
63.9706421	99.3306274	-0.2573072	0.8420963
65.7671204	99.3306274	-0.1871325	0.7017469
67.5635834	99.3306274	0.0000000	0.0000000
69.3600616	99.3306274	0.0000000	0.0000000
71.1565323	99.3306274	0.0000000	0.0000000
-0.7023520	101.1270981	0.0000000	0.0000000
1.0941203	101.1270981	0.0000000	0.0000000
2.8905921	101.1270981	0.0000000	0.0000000
4.6870642	101.1270981	-0.1169578	0.3976566
6.4835367	101.1270981	0.0935663	1.1929698
8.2800093	101.1270981	0.1286536	0.7485301
10.0764809	101.1270981	0.0350873	0.4444397
11.8729525	101.1270981	-0.0467831	0.5146145
13.6694250	101.1270981	-0.0584789	0.3976566
15.4658966	101.1270981	-0.0467831	0.3859608
17.2623692	101.1270981	0.0467831	0.5263102
19.0588398	101.1270981	0.0000000	0.0000000
20.8553123	101.1270981	0.0000000	0.0000000
22.6517868	101.1270981	-0.0233916	1.3567108
24.4482574	101.1270981	-0.6666596	1.5555391
26.2447300	101.1270981	-0.5146145	1.6724969
28.0412025	101.1270981	-0.4093524	1.4619728
29.8376732	101.1270981	0.0000000	0.0000000
31.6341438	101.1270981	-1.5321475	1.6023222
33.4306183	101.1270981	-1.5087559	1.1578825
35.2270889	101.1270981	-1.3450150	0.9356626
37.0235634	101.1270981	-1.2865361	1.1110994
38.8200340	101.1270981	-1.5438433	0.9239668
40.6165047	101.1270981	-0.9707500	2.7251174
42.4129791	101.1270981	-1.0409247	3.7192588
44.2094498	101.1270981	-0.1871325	5.0993614
46.0059242	101.1270981	-0.2456114	5.7075419
47.8023949	101.1270981	0.0000000	0.0000000
49.5988655	101.1270981	0.0116958	2.4795060
51.3953362	101.1270981	0.1637410	2.9122498
53.1918106	101.1270981	0.0000000	0.0000000
54.9882851	101.1270981	0.3625693	0.4561355
56.7847557	101.1270981	0.3040904	0.5964849
58.5812302	101.1270981	0.4912229	0.3859608
60.3776970	101.1270981	0.0818705	1.1227951
62.1741714	101.1270981	0.0467831	1.1110994
63.9706421	101.1270981	-0.0350873	1.0175331
65.7671204	101.1270981	-0.1169578	0.9356626
67.5635834	101.1270981	-0.3859608	0.5730934
69.3600616	101.1270981	0.0000000	0.0000000
71.1565323	101.1270981	0.0000000	0.0000000
-0.7023520	102.9235687	0.0000000	0.0000000
1.0941203	102.9235687	0.0000000	0.0000000
2.8905921	102.9235687	0.0000000	0.9122710
4.6870642	102.9235687	0.0000000	0.8070090
6.4835367	102.9235687	0.0584789	0.7251385
8.2800093	102.9235687	0.1169578	0.5964849
10.0764809	102.9235687	0.0935663	0.6198765
11.8729525	102.9235687	0.0116958	0.4093524
13.6694250	102.9235687	-0.1052620	0.6081807
15.4658966	102.9235687	-0.0116958	0.6432680
17.2623692	102.9235687	0.0000000	0.6783554
19.0588398	102.9235687	-0.1169578	0.6900512
20.8553123	102.9235687	0.0000000	0.0000000
22.6517868	102.9235687	0.0000000	0.0000000
24.4482574	102.9235687	0.0000000	0.0000000
26.2447300	102.9235687	-0.5497018	1.1578825
28.0412025	102.9235687	0.0000000	0.0000000
29.8376732	102.9235687	0.0000000	0.0000000
31.6341438	102.9235687	-0.7953132	0.2105241
33.4306183	102.9235687	-1.0526204	0.5847892
35.2270889	102.9235687	-0.7368343	1.1344910
37.0235634	102.9235687	-1.3450150	1.4268855
38.8200340	102.9235687	-1.1461867	1.6140180
40.6165047	102.9235687	0.0000000	1.7543674
42.4129791	102.9235687	-0.7134427	3.7543461
44.2094498	102.9235687	0.0233916	3.3566897
46.0059242	102.9235687	0.0818705	3.1929486
47.8023949	102.9235687	-2.0116746	3.7309546
49.5988655	102.9235687	0.0000000	0.0000000
51.3953362	102.9235687	0.1403494	0.7251385
53.1918106	102.9235687	0.3040904	1.1695783
54.9882851	102.9235687	0.4444397	0.5964849
56.7847557	102.9235687	0.4561355	0.5964849
58.5812302	102.9235687	0.2456114	0.7719216
60.3776970	102.9235687	0.1052620	1.2748404
62.1741714	102.9235687	-0.1403494	0.9473584
63.9706421	102.9235687	0.1637410	0.4678313
65.7671204	102.9235687	-0.0467831	0.6081807
67.5635834	102.9235687	-0.0467831	0.7602259
69.3600616	102.9235687	0.0000000	0.0000000
71.1565323	102.9235687	0.0000000	0.0000000
-0.7023520	104.7200394	0.0000000	0.0000000
1.0941203	104.7200394	0.0000000	0.0000000
2.8905921	104.7200394	0.0000000	0.0000000
4.6870642	104.7200394	-0.0701747	0.5613976
6.4835367	104.7200394	0.0818705	0.7017469
8.2800093	104.7200394	0.0935663	0.6432680
10.0764809	104.7200394	0.0233916	0.4561355
11.8729525	104.7200394	0.0233916	0.4210482
13.6694250	104.7200394	0.0000000	0.5380060
15.4658966	104.7200394	-0.1871325	0.5847892
17.2623692	104.7200394	0.0701747	0.8187048
19.0588398	104.7200394	-0.0935663	0.7836174
20.8553123	104.7200394	0.0935663	1.2631445
22.6517868	104.7200394	0.0000000	0.0000000
24.4482574	104.7200394	0.4327440	0.0116958
26.2447300	104.7200394	0.0000000	0.0000000
28.0412025	104.7200394	-0.8187048	1.6257138
29.8376732	104.7200394	0.0000000	0.0000000
31.6341438	104.7200394	0.0000000	0.0000000
33.4306183	104.7200394	0.0000000	0.0000000
35.2270889	104.7200394	0.0000000	0.0000000
37.0235634	104.7200394	-1.2748404	1.5672349
38.8200340	104.7200394	-0.8420963	1.5321475
40.6165047	104.7200394	-0.6783554	1.5087559
42.4129791	104.7200394	0.0701747	0.5263102
44.2094498	104.7200394	0.0000000	0.0000000
46.0059242	104.7200394	0.0000000	0.0000000
47.8023949	104.7200394	-0.2222199	5.2280149
49.5988655	104.7200394	0.0000000	0.0000000
51.3953362	104.7200394	0.5380060	1.2631445
53.1918106	104.7200394	0.2573072	1.2982318
54.9882851	104.7200394	0.4678313	0.7485301
56.7847557	104.7200394	0.6549639	0.7836174
58.5812302	104.7200394	0.2690030	1.0058373
60.3776970	104.7200394	0.0584789	1.4853644
62.1741714	104.7200394	0.2806988	1.7075843
63.9706421	104.7200394	0.0584789	0.6081807
65.7671204	104.7200394	0.0000000	0.6081807
67.5635834	104.7200394	-0.2105241	0.7368343
69.3600616	104.7200394	0.0000000	0.0000000
71.1565323	104.7200394	0.0000000	0.0000000
-0.7023520	106.5165100	0.0000000	0.0000000
1.0941203	106.5165100	0.0000000	0.0000000
2.8905921	106.5165100	-0.0818705	0.5497018
4.6870642	106.5165100	-0.0233916	0.5964849
6.4835367	106.5165100	-0.0116958	0.6198765
8.2800093	106.5165100	0.0116958	0.6081807
10.0764809	106.5165100	0.0584789	0.6666596
11.8729525	106.5165100	0.0467831	0.4912229
13.6694250	106.5165100	-0.0233916	0.5263102
15.4658966	106.5165100	-0.0233916	0.6315722
17.2623692	106.5165100	0.1988283	0.9005753
19.0588398	106.5165100	0.0350873	0.9005753
20.8553123	106.5165100	0.5613976	0.1754367
22.6517868	106.5165100	-0.0233916	1.4619728
24.4482574	106.5165100	0.0000000	0.0000000
26.2447300	106.5165100	0.0000000	0.0000000
28.0412025	106.5165100	-0.7602259	2.1052408
29.8376732	106.5165100	0.0000000	0.0000000
31.6341438	106.5165100	0.0000000	0.0000000
33.4306183	106.5165100	0.0000000	0.0000000
35.2270889	106.5165100	-0.8537921	1.5321475
37.0235634	106.5165100	-0.7251385	1.2397530
38.8200340	106.5165100	-0.9005753	1.1695783
40.6165047	106.5165100	-0.5847892	1.3216234
42.4129791	106.5165100	-0.7017469	2.0350661
44.2094498	106.5165100	-0.5380060	2.4210269
46.0059242	106.5165100	-0.1403494	3.2631233
47.8023949	106.5165100	-0.1637410	3.3332980
49.5988655	106.5165100	0.6315722	2.7134216
51.3953362	106.5165100	0.6666596	1.8830210
53.1918106	106.5165100	0.0818705	1.3216234
54.9882851	106.5165100	0.8420963	1.1344910
56.7847557	106.5165100	0.6666596	0.9707500
58.5812302	106.5165100	0.3274819	1.1812741
60.3776970	106.5165100	0.5146145	1.4502771
62.1741714	106.5165100	0.9590542	1.4502771
63.9706421	106.5165100	0.1988283	1.3216234
65.7671204	106.5165100	0.0000000	1.0877078
67.5635834	106.5165100	-0.1403494	1.3917981
69.3600616	106.5165100	0.0000000	0.0000000
71.1565323	106.5165100	0.0000000	0.0000000
-0.7023520	108.3129883	0.0000000	0.0000000
1.0941203	108.3129883	0.0000000	0.0000000
2.8905921	108.3129883	-0.0818705	0.6198765
4.6870642	108.3129883	-0.0584789	0.6666596
6.4835367	108.3129883	-0.0935663	0.6549639
8.2800093	108.3129883	0.0584789	0.7251385
10.0764809	108.3129883	0.1052620	0.6666596
11.8729525	108.3129883	0.0233916	0.6549639
13.6694250	108.3129883	0.0116958	0.5964849
15.4658966	108.3129883	0.0000000	0.0000000
17.2623692	108.3129883	0.0000000	0.0000000
19.0588398	108.3129883	0.0000000	0.0000000
20.8553123	108.3129883	0.0116958	2.0935452
22.6517868	108.3129883	-0.0467831	2.0701535
24.4482574	108.3129883	0.0000000	0.0000000
26.2447300	108.3129883	0.0000000	0.0000000
28.0412025	108.3129883	0.0000000	0.0000000
29.8376732	108.3129883	0.0000000	0.0000000
31.6341438	108.3129883	0.0000000	0.0000000
33.4306183	108.3129883	0.0000000	0.0000000
35.2270889	108.3129883	0.0000000	0.0000000
37.0235634	108.3129883	-0.7719216	1.4970602
38.8200340	108.3129883	-0.9122710	1.8128463
40.6165047	108.3129883	-0.5847892	1.6724969
42.4129791	108.3129883	-0.6783554	1.1578825
44.2094498	108.3129883	-0.4561355	2.0350661
46.0059242	108.3129883	-0.0584789	2.1403282
47.8023949	108.3129883	0.3742650	2.2338946
49.5988655	108.3129883	0.3976566	2.2221987
51.3953362	108.3129883	0.7602259	2.2689819
53.1918106	108.3129883	0.8070090	1.1929698
54.9882851	108.3129883	0.6666596	1.4502771
56.7847557	108.3129883	0.4210482	1.5204518
58.5812302	108.3129883	0.2105241	0.8771837
60.3776970	108.3129883	0.1871325	1.4151897
62.1741714	108.3129883	-0.3508735	1.2163614
63.9706421	108.3129883	-0.1988283	1.4034939
65.7671204	108.3129883	0.0116958	1.4268855
67.5635834	108.3129883	0.0000000	0.0000000
69.3600616	108.3129883	0.0000000	0.0000000
71.1565323	108.3129883	0.0000000	0.0000000
-0.7023520	110.1094589	0.0000000	0.0000000
1.0941203	110.1094589	0.0000000	0.0000000
2.8905921	110.1094589	-0.0584789	0.6081807
4.6870642	110.1094589	-0.0350873	0.6198765
6.4835367	110.1094589	-0.0350873	0.7602259
8.2800093	110.1094589	0.0350873	0.8888795
10.0764809	110.1094589	0.1169578	0.8304006
11.8729525	110.1094589	0.1637410	1.0409247
13.6694250	110.1094589	0.4210482	0.8070090
15.4658966	110.1094589	-0.0116958	0.3508735
17.2623692	110.1094589	0.0000000	0.0000000
19.0588398	110.1094589	0.0233916	1.2748404
20.8553123	110.1094589	0.0000000	0.0000000
22.6517868	110.1094589	0.0000000	0.0000000
24.4482574	110.1094589	0.0000000	0.0000000
26.2447300	110.1094589	0.0000000	0.0000000
28.0412025	110.1094589	0.0000000	0.0000000
29.8376732	110.1094589	-0.2456114	1.4970602
31.6341438	110.1094589	0.0000000	0.0000000
33.4306183	110.1094589	0.0000000	0.0000000
35.2270889	110.1094589	0.0000000	0.0000000
37.0235634	110.1094589	0.1052620	0.4444397
38.8200340	110.1094589	-0.9122710	1.4034939
40.6165047	110.1094589	-0.7953132	1.7543674
42.4129791	110.1094589	-0.2222199	1.6023222
44.2094498	110.1094589	-0.5964849	2.0701535
46.0059242	110.1094589	-0.1754367	1.8245420
47.8023949	110.1094589	0.1637410	1.8128463
49.5988655	110.1094589	0.0935663	2.0467620
51.3953362	110.1094589	0.6900512	2.2572861
53.1918106	110.1094589	0.5730934	1.9648914
54.9882851	110.1094589	0.5497018	1.9064126
56.7847557	110.1094589	0.1754367	1.6958885
58.5812302	110.1094589	0.1052620	1.2280571
60.3776970	110.1094589	-0.0584789	1.2046657
62.1741714	110.1094589	-0.5730934	1.8011506
63.9706421	110.1094589	-0.0467831	1.4619728
65.7671204	110.1094589	0.0818705	1.5087559
67.5635834	110.1094589	0.1520452	1.7660632
69.3600616	110.1094589	0.0000000	0.0000000
71.1565323	110.1094589	0.0000000	0.0000000
-0.7023520	111.9059296	0.0000000	0.0000000
1.0941203	111.9059296	0.0000000	0.0000000
2.8905921	111.9059296	0.1052620	0.3625693
4.6870642	111.9059296	0.0116958	0.7017469
6.4835367	111.9059296	-0.0233916	0.7836174
8.2800093	111.9059296	0.1052620	0.9356626
10.0764809	111.9059296	0.0350873	0.9239668
11.8729525	111.9059296	0.1052620	0.9005753
13.6694250	111.9059296	0.1988283	0.9473584
15.4658966	111.9059296	0.4210482	0.4561355
17.2623692	111.9059296	0.0000000	0.0000000
19.0588398	111.9059296	0.0000000	0.0000000
20.8553123	111.9059296	0.0000000	0.0000000
22.6517868	111.9059296	0.0000000	0.0000000
24.4482574	111.9059296	0.0000000	0.0000000
26.2447300	111.9059296	0.0000000	0.0000000
28.0412025	111.9059296	0.0000000	0.0000000
29.8376732	111.9059296	0.0000000	0.0000000
31.6341438	111.9059296	0.0000000	0.0000000
33.4306183	111.9059296	0.0000000	0.0000000
35.2270889	111.9059296	-0.1871325	2.2455902
37.0235634	111.9059296	-0.0701747	2.2572861
38.8200340	111.9059296	0.0000000	0.0000000
40.6165047	111.9059296	0.0000000	0.0000000
42.4129791	111.9059296	0.0000000	0.0000000
44.2094498	111.9059296	-0.2923946	1.8479337
46.0059242	111.9059296	-0.4678313	2.1871114
47.8023949	111.9059296	-0.1871325	2.0116746
49.5988655	111.9059296	0.0000000	2.0584579
51.3953362	111.9059296	-0.1637410	1.8830210
53.1918106	111.9059296	3.9180872	3.7309546
54.9882851	111.9059296	0.0000000	0.0000000
56.7847557	111.9059296	-1.0058373	-2.9122498
58.5812302	111.9059296	-0.0116958	1.4619728
60.3776970	111.9059296	0.0233916	1.4970602
62.1741714	111.9059296	0.0467831	1.6724969
63.9706421	111.9059296	0.0584789	1.4970602
65.7671204	111.9059296	0.1286536	1.3917981
67.5635834	111.9059296	0.1052620	1.4151897
69.3600616	111.9059296	0.0000000	0.0000000
71.1565323	111.9059296	0.0000000	0.0000000
-0.7023520	113.7024002	0.0000000	0.0000000
1.0941203	113.7024002	0.0000000	0.0000000
2.8905921	113.7024002	-0.0233916	0.7485301
4.6870642	113.7024002	0.1286536	1.3333192
6.4835367	113.7024002	-0.0233916	0.7602259
8.2800093	113.7024002	0.0000000	0.0000000
10.0764809	113.7024002	0.0701747	0.9590542
11.8729525	113.7024002	0.1169578	0.6900512
13.6694250	113.7024002	0.1520452	0.5964849
15.4658966	113.7024002	-0.0467831	1.2631445
17.2623692	113.7024002	0.0000000	0.0000000
19.0588398	113.7024002	0.0000000	0.0000000
20.8553123	113.7024002	0.0000000	0.0000000
22.6517868	113.7024002	0.0000000	0.0000000
24.4482574	113.7024002	0.0000000	0.0000000
26.2447300	113.7024002	0.0000000	0.0000000
28.0412025	113.7024002	0.0000000	0.0000000
29.8376732	113.7024002	0.0000000	0.0000000
31.6341438	113.7024002	0.0000000	0.0000000
33.4306183	113.7024002	-0.5847892	1.0409247
35.2270889	113.7024002	0.0000000	0.0000000
37.0235634	113.7024002	0.0000000	0.0000000
38.8200340	113.7024002	0.0000000	0.0000000
40.6165047	113.7024002	0.0000000	0.0000000
42.4129791	113.7024002	-0.0467831	0.0000000
44.2094498	113.7024002	-0.5263102	2.3274608
46.0059242	113.7024002	-0.2806988	2.1754155
47.8023949	113.7024002	0.0584789	2.1988072
49.5988655	113.7024002	-0.0233916	2.5730722
51.3953362	113.7024002	-0.1286536	2.5730722
53.1918106	113.7024002	0.1988283	2.2572861
54.9882851	113.7024002	0.1520452	1.5321475
56.7847557	113.7024002	0.2339157	2.2689819
58.5812302	113.7024002	0.0000000	0.0000000
60.3776970	113.7024002	0.0350873	1.2280571
62.1741714	113.7024002	0.0000000	0.0000000
63.9706421	113.7024002	0.0584789	1.5789306
65.7671204	113.7024002	0.2105241	1.7426716
67.5635834	113.7024002	-0.0233916	1.2280571
69.3600616	113.7024002	0.0000000	0.0000000
71.1565323	113.7024002	0.0000000	0.0000000
-0.7023520	115.4988708	0.0000000	0.0000000
1.0941203	115.4988708	0.0000000	0.0000000
2.8905921	115.4988708	-0.1403494	1.4151897
4.6870642	115.4988708	-0.0584789	1.0877078
6.4835367	115.4988708	0.1052620	1.0994036
8.2800093	115.4988708	0.0818705	1.0409247
10.0764809	115.4988708	0.0935663	0.9590542
11.8729525	115.4988708	0.0000000	0.0000000
13.6694250	115.4988708	0.1754367	0.8304006
15.4658966	115.4988708	0.1403494	0.7017469
17.2623692	115.4988708	0.0000000	0.0000000
19.0588398	115.4988708	0.0000000	0.0000000
20.8553123	115.4988708	0.0000000	0.0000000
22.6517868	115.4988708	0.0000000	0.0000000
24.4482574	115.4988708	-0.5029187	2.2338946
26.2447300	115.4988708	-0.7953132	2.3508523
28.0412025	115.4988708	0.0000000	0.0000000
29.8376732	115.4988708	0.0000000	0.0000000
31.6341438	115.4988708	0.0000000	0.0000000
33.4306183	115.4988708	-0.7368343	3.0642951
35.2270889	115.4988708	0.0000000	0.0000000
37.0235634	115.4988708	0.0000000	0.0000000
38.8200340	115.4988708	0.0000000	0.0000000
40.6165047	115.4988708	0.0000000	0.0000000
42.4129791	115.4988708	-0.6315722	2.3157649
44.2094498	115.4988708	-0.6432680	2.3274608
46.0059242	115.4988708	0.1988283	2.9122498
47.8023949	115.4988708	0.0701747	1.3567108
49.5988655	115.4988708	-0.0701747	3.1812530
51.3953362	115.4988708	0.0000000	0.0000000
53.1918106	115.4988708	0.0000000	0.0000000
54.9882851	115.4988708	0.1988283	0.8771837
56.7847557	115.4988708	0.0000000	0.0000000
58.5812302	115.4988708	0.8420963	3.0993824
60.3776970	115.4988708	0.0584789	2.4327228
62.1741714	115.4988708	0.0935663	1.6841927
63.9706421	115.4988708	0.0116958	1.6257138
65.7671204	115.4988708	0.2339157	1.5672349
67.5635834	115.4988708	0.0233916	1.6491053
69.3600616	115.4988708	0.0000000	0.0000000
71.1565323	115.4988708	0.0000000	0.0000000
-0.7023520	117.2953491	0.0000000	0.0000000
1.0941203	117.2953491	0.0000000	0.0000000
2.8905921	117.2953491	0.0584789	1.6257138
4.6870642	117.2953491	0.0584789	1.6257138
6.4835367	117.2953491	0.0467831	1.3684065
8.2800093	117.2953491	0.1871325	1.2865361
10.0764809	117.2953491	0.0000000	0.0000000
11.8729525	117.2953491	0.0000000	0.0000000
13.6694250	117.2953491	0.1403494	0.9707500
15.4658966	117.2953491	0.1403494	0.9707500
17.2623692	117.2953491	0.0000000	0.0000000
19.0588398	117.2953491	0.1988283	1.4970602
20.8553123	117.2953491	0.0000000	0.0000000
22.6517868	117.2953491	0.0000000	0.0000000
24.4482574	117.2953491	0.0000000	0.0000000
26.2447300	117.2953491	0.0000000	0.0000000
28.0412025	117.2953491	0.0000000	0.0000000
29.8376732	117.2953491	0.0000000	0.0000000
31.6341438	117.2953491	-0.4912229	2.0350661
33.4306183	117.2953491	0.0000000	0.0000000
35.2270889	117.2953491	0.0000000	0.0000000
37.0235634	117.2953491	0.0000000	0.0000000
38.8200340	117.2953491	0.0000000	0.0000000
40.6165047	117.2953491	0.0000000	0.0000000
42.4129791	117.2953491	-0.1754367	3.0175118
44.2094498	117.2953491	-0.1520452	3.0292077
46.0059242	117.2953491	0.0000000	0.0000000
47.8023949	117.2953491	0.1052620	1.9181083
49.5988655	117.2953491	0.1169578	1.9064126
51.3953362	117.2953491	0.0000000	0.0000000
53.1918106	117.2953491	0.0000000	0.0000000
54.9882851	117.2953491	0.0000000	0.0000000
56.7847557	117.2953491	0.0000000	0.0000000
58.5812302	117.2953491	0.8304006	2.2455902
60.3776970	117.2953491	0.1871325	2.0935452
62.1741714	117.2953491	0.0935663	2.0818493
63.9706421	117.2953491	0.0233916	1.4619728
65.7671204	117.2953491	0.0701747	0.1871325
67.5635834	117.2953491	0.0000000	0.0000000
69.3600616	117.2953491	0.0000000	0.0000000
71.1565323	117.2953491	0.0000000	0.0000000
-0.7023520	119.0918198	0.0000000	0.0000000
1.0941203	119.0918198	0.0000000	0.0000000
2.8905921	119.0918198	-0.0701747	1.3917981
4.6870642	119.0918198	0.0000000	1.6374096
6.4835367	119.0918198	0.0000000	0.0000000
8.2800093	119.0918198	0.4093524	0.1052620
10.0764809	119.0918198	0.0000000	0.0000000
11.8729525	119.0918198	0.0000000	0.0000000
13.6694250	119.0918198	0.0000000	0.0000000
15.4658966	119.0918198	0.0000000	0.0000000
17.2623692	119.0918198	0.0000000	0.0000000
19.0588398	119.0918198	0.0000000	0.0000000
20.8553123	119.0918198	0.0000000	0.0000000
22.6517868	119.0918198	0.0000000	0.0000000
24.4482574	119.0918198	0.0000000	0.0000000
26.2447300	119.0918198	0.0000000	0.0000000
28.0412025	119.0918198	0.0000000	0.0000000
29.8376732	119.0918198	0.0000000	0.0000000
31.6341438	119.0918198	-0.4912229	2.0584579
33.4306183	119.0918198	0.0000000	0.0000000
35.2270889	119.0918198	0.0000000	0.0000000
37.0235634	119.0918198	0.0000000	0.0000000
38.8200340	119.0918198	0.0000000	0.0000000
40.6165047	119.0918198	0.0000000	0.0000000
42.4129791	119.0918198	0.0000000	0.0000000
44.2094498	119.0918198	0.0000000	0.0000000
46.0059242	119.0918198	0.0000000	0.0000000
47.8023949	119.0918198	0.4210482	0.1637410
49.5988655	119.0918198	0.3040904	0.1871325
51.3953362	119.0918198	0.0000000	0.0000000
53.1918106	119.0918198	0.0000000	0.0000000
54.9882851	119.0918198	0.3859608	0.4210482
56.7847557	119.0918198	0.0000000	0.0000000
58.5812302	119.0918198	0.0000000	0.0000000
60.3776970	119.0918198	0.0000000	0.0000000
62.1741714	119.0918198	0.0000000	0.0000000
63.9706421	119.0918198	0.0000000	0.0000000
65.7671204	119.0918198	0.0000000	0.0000000
67.5635834	119.0918198	-0.0467831	1.7543674
69.3600616	119.0918198	0.0000000	0.0000000
71.1565323	119.0918198	0.0000000	0.0000000
-0.7023520	120.8882904	0.0000000	0.0000000
1.0941203	120.8882904	0.0000000	0.0000000
2.8905921	120.8882904	0.0935663	0.1871325
4.6870642	120.8882904	-0.0350873	0.1637410
6.4835367	120.8882904	-0.0818705	1.2280571
8.2800093	120.8882904	-0.0818705	1.2163614
10.0764809	120.8882904	0.5613976	0.2690030
11.8729525	120.8882904	0.0000000	0.0000000
13.6694250	120.8882904	0.0000000	0.0000000
15.4658966	120.8882904	0.0000000	0.0000000
17.2623692	120.8882904	0.0000000	0.0000000
19.0588398	120.8882904	0.0000000	0.0000000
20.8553123	120.8882904	0.0000000	0.0000000
22.6517868	120.8882904	0.0000000	0.0000000
24.4482574	120.8882904	0.0000000	0.0000000
26.2447300	120.8882904	0.0000000	0.0000000
28.0412025	120.8882904	0.0000000	0.0000000
29.8376732	120.8882904	0.0000000	0.0000000
31.6341438	120.8882904	0.0000000	0.0000000
33.4306183	120.8882904	0.0000000	0.0000000
35.2270889	120.8882904	0.0000000	0.0000000
37.0235634	120.8882904	0.0000000	0.0000000
38.8200340	120.8882904	0.0000000	0.0000000
40.6165047	120.8882904	0.0000000	0.0000000
42.4129791	120.8882904	0.0000000	0.0000000
44.2094498	120.8882904	0.0000000	0.0000000
46.0059242	120.8882904	0.0000000	0.0000000
47.8023949	120.8882904	0.0000000	0.0000000
49.5988655	120.8882904	0.0000000	0.0000000
51.3953362	120.8882904	0.0000000	0.0000000
53.1918106	120.8882904	0.0000000	0.0000000
54.9882851	120.8882904	0.2690030	3.0175118
56.7847557	120.8882904	-0.1871325	2.8303795
58.5812302	120.8882904	0.0000000	0.0000000
60.3776970	120.8882904	0.0000000	0.0000000
62.1741714	120.8882904	0.0000000	0.0000000
63.9706421	120.8882904	0.0000000	0.0000000
65.7671204	120.8882904	0.0000000	0.0000000
67.5635834	120.8882904	0.0000000	0.0000000
69.3600616	120.8882904	0.0000000	0.0000000
71.1565323	120.8882904	0.0000000	0.0000000
-0.7023520	122.6847610	0.0000000	0.0000000
1.0941203	122.6847610	0.0000000	0.0000000
2.8905921	122.6847610	0.0000000	0.0000000
4.6870642	122.6847610	0.0000000	0.0000000
6.4835367	122.6847610	0.0000000	0.0000000
8.2800093	122.6847610	0.1052620	1.7309759
10.0764809	122.6847610	0.0467831	1.7075843
11.8729525	122.6847610	0.0000000	0.0000000
13.6694250	122.6847610	0.0467831	1.4853644
15.4658966	122.6847610	0.0000000	0.0000000
17.2623692	122.6847610	0.0000000	0.0000000
19.0588398	122.6847610	0.0000000	0.0000000
20.8553123	122.6847610	0.0000000	0.0000000
22.6517868	122.6847610	0.0000000	0.0000000
24.4482574	122.6847610	0.0000000	0.0000000
26.2447300	122.6847610	0.0000000	0.0000000
28.0412025	122.6847610	0.0000000	0.0000000
29.8376732	122.6847610	0.0000000	0.0000000
31.6341438	122.6847610	0.0000000	0.0000000
33.4306183	122.6847610	0.0000000	0.0000000
35.2270889	122.6847610	0.0000000	0.0000000
37.0235634	122.6847610	0.0116958	3.6373885
38.8200340	122.6847610	0.0000000	0.0000000
40.6165047	122.6847610	0.0000000	0.0000000
42.4129791	122.6847610	0.0000000	0.0000000
44.2094498	122.6847610	0.0000000	0.0000000
46.0059242	122.6847610	0.0000000	0.0000000
47.8023949	122.6847610	0.0000000	0.0000000
49.5988655	122.6847610	0.0000000	0.0000000
51.3953362	122.6847610	0.0000000	0.0000000
53.1918106	122.6847610	0.0000000	0.0000000
54.9882851	122.6847610	0.0000000	0.0000000
56.7847557	122.6847610	0.0000000	0.0000000
58.5812302	122.6847610	0.0000000	0.0000000
60.3776970	122.6847610	0.0000000	0.0000000
62.1741714	122.6847610	0.0000000	0.0000000
63.9706421	122.6847610	0.0000000	0.0000000
65.7671204	122.6847610	0.0000000	0.0000000
67.5635834	122.6847610	0.0000000	0.0000000
69.3600616	122.6847610	0.0000000	0.0000000
71.1565323	122.6847610	0.0000000	0.0000000
-0.7023520	124.4812393	0.0000000	0.0000000
1.0941203	124.4812393	0.0000000	0.0000000
2.8905921	124.4812393	0.0000000	1.2982318
4.6870642	124.4812393	0.0701747	2.1637199
6.4835367	124.4812393	0.1871325	1.9531957
8.2800093	124.4812393	-0.0116958	1.2514488
10.0764809	124.4812393	0.0000000	0.0000000
11.8729525	124.4812393	0.0935663	2.9590330
13.6694250	124.4812393	0.0000000	0.0000000
15.4658966	124.4812393	0.0000000	0.0000000
17.2623692	124.4812393	0.0000000	0.0000000
19.0588398	124.4812393	0.0000000	2.9473372
20.8553123	124.4812393	0.0000000	0.0000000
22.6517868	124.4812393	0.0000000	0.0000000
24.4482574	124.4812393	0.0000000	0.0000000
26.2447300	124.4812393	0.0000000	0.0000000
28.0412025	124.4812393	0.0000000	0.0000000
29.8376732	124.4812393	0.0000000	0.0000000
31.6341438	124.4812393	0.0000000	2.9941204
33.4306183	124.4812393	0.0000000	0.0000000
35.2270889	124.4812393	0.0000000	0.0000000
37.0235634	124.4812393	0.0000000	0.0000000
38.8200340	124.4812393	0.0000000	0.0000000
40.6165047	124.4812393	0.0000000	0.0000000
42.4129791	124.4812393	-0.1052620	2.9824245
44.2094498	124.4812393	0.0000000	0.0000000
46.0059242	124.4812393	0.0000000	0.0000000
47.8023949	124.4812393	0.0000000	0.0000000
49.5988655	124.4812393	0.0000000	0.0000000
51.3953362	124.4812393	0.0000000	0.0000000
53.1918106	124.4812393	-0.2573072	2.2572861
54.9882851	124.4812393	0.0000000	0.0000000
56.7847557	124.4812393	0.0000000	0.0000000
58.5812302	124.4812393	0.0000000	0.0000000
60.3776970	124.4812393	0.0000000	0.0000000
62.1741714	124.4812393	0.0000000	0.0000000
63.9706421	124.4812393	0.0000000	0.0000000
65.7671204	124.4812393	0.0000000	0.0000000
67.5635834	124.4812393	0.0000000	0.0000000
69.3600616	124.4812393	0.0000000	0.0000000
71.1565323	124.4812393	0.0000000	0.0000000
-0.7023520	126.2777023	0.0000000	0.0000000
1.0941203	126.2777023	0.0000000	0.0000000
2.8905921	126.2777023	0.0000000	0.0000000
4.6870642	126.2777023	0.0000000	0.0000000
6.4835367	126.2777023	0.0000000	0.0000000
8.2800093	126.2777023	0.0701747	1.5438433
10.0764809	126.2777023	0.0000000	0.0000000
11.8729525	126.2777023	0.0000000	0.0000000
13.6694250	126.2777023	0.0000000	0.0000000
15.4658966	126.2777023	0.0000000	0.0000000
17.2623692	126.2777023	0.0000000	0.0000000
19.0588398	126.2777023	0.0000000	0.0000000
20.8553123	126.2777023	0.0000000	0.0000000
22.6517868	126.2777023	0.0000000	0.0000000
24.4482574	126.2777023	0.0000000	0.0000000
26.2447300	126.2777023	0.0000000	0.0000000
28.0412025	126.2777023	0.0000000	0.0000000
29.8376732	126.2777023	0.0000000	0.0000000
31.6341438	126.2777023	0.0000000	0.0000000
33.4306183	126.2777023	0.0000000	0.0000000
35.2270889	126.2777023	0.0000000	0.0000000
37.0235634	126.2777023	0.0000000	0.0000000
38.8200340	126.2777023	0.0000000	0.0000000
40.6165047	126.2777023	0.0000000	0.0000000
42.4129791	126.2777023	0.0000000	0.0000000
44.2094498	126.2777023	0.0000000	0.0000000
46.0059242	126.2777023	0.0000000	0.0000000
47.8023949	126.2777023	0.0000000	0.0000000
49.5988655	126.2777023	0.0000000	0.0000000
51.3953362	126.2777023	0.0000000	0.0000000
53.1918106	126.2777023	0.0000000	0.0000000
54.9882851	126.2777023	0.0000000	0.0000000
56.7847557	126.2777023	0.0000000	0.0000000
58.5812302	126.2777023	0.0000000	0.0000000
60.3776970	126.2777023	-0.1286536	4.3391352
62.1741714	126.2777023	0.0000000	0.0000000
63.9706421	126.2777023	0.0000000	0.0000000
65.7671204	126.2777023	0.0000000	0.0000000
67.5635834	126.2777023	0.0000000	0.0000000
69.3600616	126.2777023	-0.0467831	0.0000000
71.1565323	126.2777023	-0.0350873	0.0000000
-0.7023520	128.0741882	0.0000000	0.0000000
1.0941203	128.0741882	0.0000000	0.0000000
2.8905921	128.0741882	0.0000000	0.0000000
4.6870642	128.0741882	0.0000000	0.0000000
6.4835367	128.0741882	0.0000000	0.0000000
8.2800093	128.0741882	0.0000000	0.0000000
10.0764809	128.0741882	0.0000000	0.0000000
11.8729525	128.0741882	0.2105241	2.7602048
13.6694250	128.0741882	0.0000000	0.0000000
15.4658966	128.0741882	0.0000000	0.0000000
17.2623692	128.0741882	0.0000000	0.0000000
19.0588398	128.0741882	0.0000000	0.0000000
20.8553123	128.0741882	0.0000000	0.0000000
22.6517868	128.0741882	0.0000000	0.0000000
24.4482574	128.0741882	0.0000000	0.0000000
26.2447300	128.0741882	0.0000000	0.0000000
28.0412025	128.0741882	0.0000000	0.0000000
29.8376732	128.0741882	0.0000000	0.0000000
31.6341438	128.0741882	0.0000000	0.0000000
33.4306183	128.0741882	0.0000000	0.0000000
35.2270889	128.0741882	0.0000000	0.0000000
37.0235634	128.0741882	0.0000000	0.0000000
38.8200340	128.0741882	0.0000000	0.0000000
40.6165047	128.0741882	0.0000000	0.0000000
42.4129791	128.0741882	0.0000000	0.0000000
44.2094498	128.0741882	0.0000000	0.0000000
46.0059242	128.0741882	0.0000000	0.0000000
47.8023949	128.0741882	0.0000000	0.0000000
49.5988655	128.0741882	0.0000000	0.0000000
51.3953362	128.0741882	0.0000000	0.0000000
53.1918106	128.0741882	0.0000000	0.0000000
54.9882851	128.0741882	0.0000000	0.0000000
56.7847557	128.0741882	0.0000000	0.0000000
58.5812302	128.0741882	0.0000000	0.0000000
60.3776970	128.0741882	-0.1520452	2.9707289
62.1741714	128.0741882	0.0000000	0.0000000
63.9706421	128.0741882	0.0000000	0.0000000
65.7671204	128.0741882	-0.0350873	0.0233916
67.5635834	128.0741882	0.0000000	0.0000000
69.3600616	128.0741882	0.0000000	0.0000000
71.1565323	128.0741882	0.0000000	0.0000000
-0.7023520	129.8706512	0.0000000	0.0000000
1.0941203	129.8706512	0.0000000	0.0000000
2.8905921	129.8706512	0.0000000	0.0000000
4.6870642	129.8706512	0.0000000	0.0000000
6.4835367	129.8706512	0.0000000	0.0000000
8.2800093	129.8706512	0.0000000	0.0000000
10.0764809	129.8706512	0.0000000	0.0000000
11.8729525	129.8706512	0.0000000	0.0000000
13.6694250	129.8706512	0.0000000	0.0000000
15.4658966	129.8706512	0.0000000	0.0000000
17.2623692	129.8706512	0.0000000	0.0000000
19.0588398	129.8706512	0.0000000	0.0000000
20.8553123	129.8706512	0.0000000	0.0000000
22.6517868	129.8706512	0.0000000	0.0000000
24.4482574	129.8706512	0.0000000	0.0000000
26.2447300	129.8706512	0.0000000	0.0000000
28.0412025	129.8706512	0.0000000	0.0000000
29.8376732	129.8706512	0.0000000	0.0000000
31.6341438	129.8706512	0.0000000	0.0000000
33.4306183	129.8706512	0.0000000	0.0000000
35.2270889	129.8706512	0.0000000	0.0000000
37.0235634	129.8706512	0.0000000	0.0000000
38.8200340	129.8706512	0.0000000	0.0000000
40.6165047	129.8706512	0.0000000	0.0000000
42.4129791	129.8706512	0.0000000	0.0000000
44.2094498	129.8706512	-0.5029187	3.0175118
46.0059242	129.8706512	0.0000000	0.0000000
47.8023949	129.8706512	0.0000000	0.0000000
49.5988655	129.8706512	0.0000000	0.0000000
51.3953362	129.8706512	0.0000000	0.0000000
53.1918106	129.8706512	0.0000000	0.0000000
54.9882851	129.8706512	0.0000000	0.0000000
56.7847557	129.8706512	0.0000000	0.0000000
58.5812302	129.8706512	0.0000000	0.0000000
60.3776970	129.8706512	0.0000000	0.0000000
62.1741714	129.8706512	0.0000000	0.0000000
63.9706421	129.8706512	0.0000000	0.0000000
65.7671204	129.8706512	0.0000000	0.0000000
67.5635834	129.8706512	0.0000000	0.0000000
69.3600616	129.8706512	0.0000000	0.0000000
71.1565323	129.8706512	0.0000000	0.0000000
-0.7023520	131.6671295	0.0000000	0.0000000
1.0941203	131.6671295	0.0000000	0.0000000
2.8905921	131.6671295	0.0000000	0.0000000
4.6870642	131.6671295	-0.0233916	1.7426716
6.4835367	131.6671295	0.0000000	0.0000000
8.2800093	131.6671295	0.0000000	0.0000000
10.0764809	131.6671295	0.0000000	0.0000000
11.8729525	131.6671295	0.0000000	0.0000000
13.6694250	131.6671295	0.0000000	0.0000000
15.4658966	131.6671295	0.0000000	0.0000000
17.2623692	131.6671295	0.0000000	0.0000000
19.0588398	131.6671295	0.0000000	0.0000000
20.8553123	131.6671295	0.3274819	2.4795060
22.6517868	131.6671295	-0.0467831	1.6491053
24.4482574	131.6671295	0.0000000	0.0000000
26.2447300	131.6671295	0.0000000	0.0000000
28.0412025	131.6671295	0.0000000	0.0000000
29.8376732	131.6671295	0.0000000	0.0000000
31.6341438	131.6671295	0.0000000	0.0000000
33.4306183	131.6671295	0.0000000	0.0000000
35.2270889	131.6671295	0.0000000	0.0000000
37.0235634	131.6671295	0.0000000	0.0000000
38.8200340	131.6671295	0.0000000	0.0000000
40.6165047	131.6671295	0.0000000	0.0000000
42.4129791	131.6671295	0.0000000	0.0000000
44.2094498	131.6671295	0.0000000	0.0000000
46.0059242	131.6671295	0.0000000	0.0000000
47.8023949	131.6671295	0.0000000	0.0000000
49.5988655	131.6671295	0.0000000	0.0000000
51.3953362	131.6671295	0.0000000	0.0000000
53.1918106	131.6671295	0.0000000	0.0000000
54.9882851	131.6671295	0.0000000	0.0000000
56.7847557	131.6671295	0.0000000	0.0000000
58.5812302	131.6671295	0.0000000	0.0000000
60.3776970	131.6671295	0.0000000	0.0000000
62.1741714	131.6671295	0.0000000	0.0000000
63.9706421	131.6671295	0.0000000	0.0000000
65.7671204	131.6671295	0.0000000	0.0000000
67.5635834	131.6671295	0.0000000	0.0000000
69.3600616	131.6671295	0.0000000	0.0000000
71.1565323	131.6671295	0.0000000	0.0000000
-0.7023520	133.4635925	0.0000000	0.0000000
1.0941203	133.4635925	0.0000000	0.0000000
2.8905921	133.4635925	0.0000000	0.0000000
4.6870642	133.4635925	0.0000000	0.0000000
6.4835367	133.4635925	0.0000000	0.0000000
8.2800093	133.4635925	0.0000000	0.0000000
10.0764809	133.4635925	0.0000000	0.0000000
11.8729525	133.4635925	0.0000000	0.0000000
13.6694250	133.4635925	0.0000000	0.0000000
15.4658966	133.4635925	0.0000000	0.0000000
17.2623692	133.4635925	0.0000000	0.0000000
19.0588398	133.4635925	0.0000000	0.0000000
20.8553123	133.4635925	0.0000000	0.0000000
22.6517868	133.4635925	0.0000000	0.0000000
24.4482574	133.4635925	0.0000000	0.0000000
26.2447300	133.4635925	0.0000000	0.0000000
28.0412025	133.4635925	0.0000000	0.0000000
29.8376732	133.4635925	0.0000000	0.0000000
31.6341438	133.4635925	0.0000000	0.0000000
33.4306183	133.4635925	0.0000000	0.0000000
35.2270889	133.4635925	-0.0350873	3.0525992
37.0235634	133.4635925	1.1227951	0.1637410
38.8200340	133.4635925	0.0000000	0.0000000
40.6165047	133.4635925	0.0000000	0.0000000
42.4129791	133.4635925	0.0000000	0.0000000
44.2094498	133.4635925	0.0000000	0.0000000
46.0059242	133.4635925	0.0000000	0.0000000
47.8023949	133.4635925	0.0000000	0.0000000
49.5988655	133.4635925	0.0000000	0.0000000
51.3953362	133.4635925	0.0000000	0.0000000
53.1918106	133.4635925	0.0000000	0.0000000
54.9882851	133.4635925	0.0000000	0.0000000
56.7847557	133.4635925	0.0000000	0.0000000
58.5812302	133.4635925	0.0000000	0.0000000
60.3776970	133.4635925	0.0000000	0.0000000
62.1741714	133.4635925	0.0000000	0.0000000
63.9706421	133.4635925	0.0000000	0.0000000
65.7671204	133.4635925	0.0000000	0.0000000
67.5635834	133.4635925	0.0000000	0.0000000
69.3600616	133.4635925	0.0000000	0.0000000
71.1565323	133.4635925	0.0000000	0.0000000
-0.7023520	135.2600555	0.0000000	0.0000000
1.0941203	135.2600555	0.0000000	0.0000000
2.8905921	135.2600555	0.0000000	0.0000000
4.6870642	135.2600555	0.0000000	0.0000000
6.4835367	135.2600555	0.0000000	0.0000000
8.2800093	135.2600555	0.0000000	0.0000000
10.0764809	135.2600555	0.0000000	0.0000000
11.8729525	135.2600555	0.0000000	0.0000000
13.6694250	135.2600555	0.0000000	0.0000000
15.4658966	135.2600555	0.0000000	0.0000000
17.2623692	135.2600555	0.0000000	0.0000000
19.0588398	135.2600555	0.0000000	0.0000000
20.8553123	135.2600555	0.0000000	0.0000000
22.6517868	135.2600555	0.0000000	0.0000000
24.4482574	135.2600555	0.0000000	0.0000000
26.2447300	135.2600555	0.0000000	0.0000000
28.0412025	135.2600555	0.0000000	0.0000000
29.8376732	135.2600555	0.0000000	0.0000000
31.6341438	135.2600555	0.0000000	0.0000000
33.4306183	135.2600555	0.0000000	0.0000000
35.2270889	135.2600555	0.0000000	0.0000000
37.0235634	135.2600555	0.0000000	0.0000000
38.8200340	135.2600555	0.0000000	0.0000000
40.6165047	135.2600555	0.0000000	0.0000000
42.4129791	135.2600555	0.0000000	0.0000000
44.2094498	135.2600555	0.0000000	0.0000000
46.0059242	135.2600555	0.0000000	0.0000000
47.8023949	135.2600555	0.0000000	0.0000000
49.5988655	135.2600555	0.0000000	0.0000000
51.3953362	135.2600555	0.0000000	0.0000000
53.1918106	135.2600555	0.0000000	0.0000000
54.9882851	135.2600555	0.0000000	0.0000000
56.7847557	135.2600555	0.0000000	0.0000000
58.5812302	135.2600555	0.0000000	0.0000000
60.3776970	135.2600555	0.0000000	0.0000000
62.1741714	135.2600555	0.0000000	0.0000000
63.9706421	135.2600555	0.0000000	0.0000000
65.7671204	135.2600555	0.0000000	0.0000000
67.5635834	135.2600555	0.0000000	0.0000000
69.3600616	135.2600555	0.0000000	0.0000000
71.1565323	135.2600555	0.0000000	0.0000000
-0.7023520	137.0565491	0.0000000	0.0000000
1.0941203	137.0565491	0.0000000	0.0000000
2.8905921	137.0565491	0.0584789	2.5964637
4.6870642	137.0565491	0.0000000	0.0000000
6.4835367	137.0565491	0.0000000	0.0000000
8.2800093	137.0565491	0.0000000	0.0000000
10.0764809	137.0565491	0.0000000	0.0000000
11.8729525	137.0565491	0.0000000	0.0000000
13.6694250	137.0565491	0.0000000	0.0000000
15.4658966	137.0565491	0.0000000	0.0000000
17.2623692	137.0565491	0.0000000	0.0000000
19.0588398	137.0565491	0.0000000	0.0000000
20.8553123	137.0565491	0.0000000	0.0000000
22.6517868	137.0565491	0.0000000	0.0000000
24.4482574	137.0565491	0.0000000	0.0000000
26.2447300	137.0565491	0.0000000	0.0000000
28.0412025	137.0565491	0.0000000	0.0000000
29.8376732	137.0565491	0.0000000	0.0000000
31.6341438	137.0565491	0.0000000	0.0000000
33.4306183	137.0565491	0.0000000	0.0000000
35.2270889	137.0565491	0.0000000	0.0000000
37.0235634	137.0565491	0.0000000	0.0000000
38.8200340	137.0565491	0.0000000	0.0000000
40.6165047	137.0565491	0.0000000	0.0000000
42.4129791	137.0565491	0.0000000	0.0000000
44.2094498	137.0565491	0.0000000	0.0000000
46.0059242	137.0565491	0.0000000	0.0000000
47.8023949	137.0565491	0.0000000	0.0000000
49.5988655	137.0565491	0.0000000	0.0000000
51.3953362	137.0565491	0.0000000	0.0000000
53.1918106	137.0565491	0.0000000	0.0000000
54.9882851	137.0565491	0.0000000	0.0000000
56.7847557	137.0565491	0.0000000	0.0000000
58.5812302	137.0565491	0.0000000	0.0000000
60.3776970	137.0565491	0.0000000	0.0000000
62.1741714	137.0565491	0.0000000	0.0000000
63.9706421	137.0565491	0.0000000	0.0000000
65.7671204	137.0565491	0.0000000	0.0000000
67.5635834	137.0565491	0.0000000	0.0000000
69.3600616	137.0565491	0.0000000	0.0000000
71.1565323	137.0565491	0.0000000	0.0000000
-0.7023520	138.8530121	0.0000000	0.0000000
1.0941203	138.8530121	0.0000000	0.0000000
2.8905921	138.8530121	0.0467831	2.2923734
4.6870642	138.8530121	0.0467831	2.2923734
6.4835367	138.8530121	0.0000000	0.0000000
8.2800093	138.8530121	0.0000000	0.0000000
10.0764809	138.8530121	0.0467831	2.9005542
11.8729525	138.8530121	0.0000000	0.0000000
13.6694250	138.8530121	0.0000000	0.0000000
15.4658966	138.8530121	0.0000000	0.0000000
17.2623692	138.8530121	0.0000000	0.0000000
19.0588398	138.8530121	0.0000000	0.0000000
20.8553123	138.8530121	0.0000000	0.0000000
22.6517868	138.8530121	0.0000000	0.0000000
24.4482574	138.8530121	0.0000000	0.0000000
26.2447300	138.8530121	0.0000000	0.0000000
28.0412025	138.8530121	0.0000000	0.0000000
29.8376732	138.8530121	0.0000000	0.0000000
31.6341438	138.8530121	0.0000000	0.0000000
33.4306183	138.8530121	0.0000000	0.0000000
35.2270889	138.8530121	0.0000000	0.0000000
37.0235634	138.8530121	0.0000000	0.0000000
38.8200340	138.8530121	0.0000000	0.0000000
40.6165047	138.8530121	0.0000000	0.0000000
42.4129791	138.8530121	0.0000000	0.0000000
44.2094498	138.8530121	0.0000000	0.0000000
46.0059242	138.8530121	0.0000000	0.0000000
47.8023949	138.8530121	0.0000000	0.0000000
49.5988655	138.8530121	0.0000000	0.0000000
51.3953362	138.8530121	0.0000000	0.0000000
53.1918106	138.8530121	0.0000000	0.0000000
54.9882851	138.8530121	0.0000000	0.0000000
56.7847557	138.8530121	0.0000000	0.0000000
58.5812302	138.8530121	0.0000000	0.0000000
60.3776970	138.8530121	0.0000000	0.0000000
62.1741714	138.8530121	0.0000000	0.0000000
63.9706421	138.8530121	0.0000000	0.0000000
65.7671204	138.8530121	0.0000000	0.0000000
67.5635834	138.8530121	0.0000000	0.0000000
69.3600616	138.8530121	0.0000000	0.0000000
71.1565323	138.8530121	0.0000000	0.0000000
