Burst/rec/seq: 	0	15	15
Time stamp:  	01/07/13 	13:53:02:659
Elapsed time (ms): 	      67
-0.7023520	65.1976547	0.0000000	0.0000000
1.0941203	65.1976547	0.0000000	0.0000000
2.8905921	65.1976547	0.0000000	0.0000000
4.6870642	65.1976547	-0.1988283	-0.8304006
6.4835367	65.1976547	-0.1988283	-1.0292289
8.2800093	65.1976547	-0.5847892	-0.6666596
10.0764809	65.1976547	-0.6783554	-0.9239668
11.8729525	65.1976547	-0.6549639	-0.8888795
13.6694250	65.1976547	-0.4912229	-0.6198765
15.4658966	65.1976547	-0.6081807	-0.7953132
17.2623692	65.1976547	-0.6900512	-0.3508735
19.0588398	65.1976547	-0.4210482	-0.0584789
20.8553123	65.1976547	-0.4678313	0.1286536
22.6517868	65.1976547	-0.4912229	0.1286536
24.4482574	65.1976547	-1.0292289	-0.2222199
26.2447300	65.1976547	-0.9122710	-0.8187048
28.0412025	65.1976547	-0.2105241	-0.9239668
29.8376732	65.1976547	0.0350873	-0.7836174
31.6341438	65.1976547	0.0233916	-0.8187048
33.4306183	65.1976547	0.1520452	-0.4795271
35.2270889	65.1976547	0.3508735	0.8187048
37.0235634	65.1976547	0.9356626	-0.0584789
38.8200340	65.1976547	1.1578825	-0.7602259
40.6165047	65.1976547	1.4151897	1.3801024
42.4129791	65.1976547	0.0000000	0.0000000
44.2094498	65.1976547	-0.5029187	-0.0818705
46.0059242	65.1976547	0.0701747	0.7368343
47.8023949	65.1976547	-0.0935663	1.3917981
49.5988655	65.1976547	0.0233916	1.5438433
51.3953362	65.1976547	0.0000000	0.0000000
53.1918106	65.1976547	-0.2339157	0.0350873
54.9882851	65.1976547	-0.1520452	-0.1169578
56.7847557	65.1976547	-0.3391777	-0.5847892
58.5812302	65.1976547	-0.9122710	-0.2573072
60.3776970	65.1976547	-0.5847892	-0.9122710
62.1741714	65.1976547	-1.0409247	-0.7134427
63.9706421	65.1976547	-1.2163614	-0.9122710
65.7671204	65.1976547	-0.7953132	-0.7485301
67.5635834	65.1976547	0.0000000	0.0000000
69.3600616	65.1976547	0.0000000	0.0000000
71.1565323	65.1976547	0.0000000	0.0000000
-0.7023520	66.9941254	0.0000000	0.0000000
1.0941203	66.9941254	0.0000000	0.0000000
2.8905921	66.9941254	-0.1286536	-0.8420963
4.6870642	66.9941254	-0.1052620	-0.6783554
6.4835367	66.9941254	-0.2339157	-1.0526204
8.2800093	66.9941254	-0.6081807	-0.5847892
10.0764809	66.9941254	-0.6666596	-0.8888795
11.8729525	66.9941254	-0.4795271	-1.1344910
13.6694250	66.9941254	-0.8070090	-0.8420963
15.4658966	66.9941254	-0.6081807	-0.6783554
17.2623692	66.9941254	-0.5730934	-0.4210482
19.0588398	66.9941254	-0.5613976	-0.0818705
20.8553123	66.9941254	-0.3976566	0.0116958
22.6517868	66.9941254	-0.5146145	0.2222199
24.4482574	66.9941254	-0.5497018	-0.3742650
26.2447300	66.9941254	-0.1637410	-0.6432680
28.0412025	66.9941254	-0.1520452	-0.5964849
29.8376732	66.9941254	-0.0701747	-0.7251385
31.6341438	66.9941254	-0.0584789	-0.9122710
33.4306183	66.9941254	0.3625693	-0.7017469
35.2270889	66.9941254	0.0701747	-0.0350873
37.0235634	66.9941254	0.5029187	-0.9239668
38.8200340	66.9941254	0.4795271	-0.9005753
40.6165047	66.9941254	0.2573072	1.7075843
42.4129791	66.9941254	0.1754367	2.2806776
44.2094498	66.9941254	-0.6081807	0.0116958
46.0059242	66.9941254	-0.0233916	0.6783554
47.8023949	66.9941254	1.5789306	2.3040693
49.5988655	66.9941254	0.0000000	0.0000000
51.3953362	66.9941254	0.0818705	0.8771837
53.1918106	66.9941254	0.5613976	0.1286536
54.9882851	66.9941254	-0.2573072	-0.2690030
56.7847557	66.9941254	-0.2456114	-0.3508735
58.5812302	66.9941254	-0.4561355	-0.3391777
60.3776970	66.9941254	-0.8187048	-0.3274819
62.1741714	66.9941254	-0.8304006	-0.5263102
63.9706421	66.9941254	-0.8888795	-0.5847892
65.7671204	66.9941254	-0.5964849	-0.4561355
67.5635834	66.9941254	0.0000000	0.0000000
69.3600616	66.9941254	0.0000000	0.0000000
71.1565323	66.9941254	0.0000000	0.0000000
-0.7023520	68.7905960	0.0000000	0.0000000
1.0941203	68.7905960	0.0000000	0.0000000
2.8905921	68.7905960	-0.0467831	-0.7134427
4.6870642	68.7905960	-0.5380060	-0.1169578
6.4835367	68.7905960	-0.3859608	-0.3976566
8.2800093	68.7905960	-0.4912229	-0.7953132
10.0764809	68.7905960	-0.8070090	-0.9005753
11.8729525	68.7905960	-0.8537921	-1.4268855
13.6694250	68.7905960	-0.7602259	-1.1812741
15.4658966	68.7905960	-0.7719216	-0.6900512
17.2623692	68.7905960	-0.7953132	-0.4444397
19.0588398	68.7905960	-0.7017469	-0.1871325
20.8553123	68.7905960	-0.6432680	-0.0467831
22.6517868	68.7905960	-0.6666596	0.0350873
24.4482574	68.7905960	-0.6783554	-0.1520452
26.2447300	68.7905960	-0.5613976	-0.1403494
28.0412025	68.7905960	-0.0818705	-0.4912229
29.8376732	68.7905960	0.0000000	-0.6783554
31.6341438	68.7905960	-0.0233916	-0.7134427
33.4306183	68.7905960	0.4912229	-0.6783554
35.2270889	68.7905960	0.3157861	-0.6081807
37.0235634	68.7905960	0.0935663	-0.6783554
38.8200340	68.7905960	0.0701747	-0.0935663
40.6165047	68.7905960	-0.0935663	-0.3274819
42.4129791	68.7905960	0.0000000	0.0000000
44.2094498	68.7905960	-0.6432680	1.3801024
46.0059242	68.7905960	0.0000000	0.0000000
47.8023949	68.7905960	0.9473584	-0.0233916
49.5988655	68.7905960	1.6958885	2.0116746
51.3953362	68.7905960	1.2280571	0.5613976
53.1918106	68.7905960	0.5613976	0.2222199
54.9882851	68.7905960	0.0000000	0.0000000
56.7847557	68.7905960	-0.9122710	-0.5029187
58.5812302	68.7905960	-0.7134427	-0.4795271
60.3776970	68.7905960	-0.6666596	-0.3391777
62.1741714	68.7905960	-0.6549639	-0.6432680
63.9706421	68.7905960	-1.3567108	-0.7953132
65.7671204	68.7905960	-0.8888795	-0.4912229
67.5635834	68.7905960	-0.0350873	-0.4678313
69.3600616	68.7905960	0.0000000	0.0000000
71.1565323	68.7905960	0.0000000	0.0000000
-0.7023520	70.5870667	0.0000000	0.0000000
1.0941203	70.5870667	0.0000000	0.0000000
2.8905921	70.5870667	-0.1403494	0.0701747
4.6870642	70.5870667	-0.6081807	-0.1988283
6.4835367	70.5870667	-0.7368343	-0.2923946
8.2800093	70.5870667	-0.5146145	-0.7134427
10.0764809	70.5870667	-0.8654879	-0.9356626
11.8729525	70.5870667	-0.8420963	-1.2748404
13.6694250	70.5870667	-0.7719216	-1.0175331
15.4658966	70.5870667	-0.7836174	-0.7719216
17.2623692	70.5870667	-0.7836174	-0.6666596
19.0588398	70.5870667	-0.6783554	-0.6666596
20.8553123	70.5870667	-0.6900512	-0.3625693
22.6517868	70.5870667	-0.4678313	-0.0818705
24.4482574	70.5870667	-0.1286536	-0.0818705
26.2447300	70.5870667	-0.6198765	-0.0701747
28.0412025	70.5870667	-0.3040904	-0.1286536
29.8376732	70.5870667	0.0000000	-0.6666596
31.6341438	70.5870667	-0.0350873	-0.6666596
33.4306183	70.5870667	-0.1637410	-0.3508735
35.2270889	70.5870667	0.0467831	-0.6198765
37.0235634	70.5870667	-0.1871325	-1.1812741
38.8200340	70.5870667	0.6666596	-0.8304006
40.6165047	70.5870667	0.3274819	1.7660632
42.4129791	70.5870667	0.4795271	1.8947167
44.2094498	70.5870667	0.0000000	0.0000000
46.0059242	70.5870667	1.3333192	0.3391777
47.8023949	70.5870667	0.9824457	0.1286536
49.5988655	70.5870667	0.6549639	0.0935663
51.3953362	70.5870667	0.6198765	1.3450150
53.1918106	70.5870667	-0.8070090	0.3625693
54.9882851	70.5870667	-1.4268855	-0.2573072
56.7847557	70.5870667	-1.0643163	-0.7251385
58.5812302	70.5870667	-0.8070090	-0.6198765
60.3776970	70.5870667	-1.1227951	-0.4678313
62.1741714	70.5870667	-1.0994036	-0.5029187
63.9706421	70.5870667	-1.3216234	-0.8304006
65.7671204	70.5870667	-0.9239668	-0.8420963
67.5635834	70.5870667	-0.0701747	-0.7134427
69.3600616	70.5870667	0.0000000	0.0000000
71.1565323	70.5870667	0.0000000	0.0000000
-0.7023520	72.3835449	0.0000000	0.0000000
1.0941203	72.3835449	0.0000000	0.0000000
2.8905921	72.3835449	0.0000000	0.0000000
4.6870642	72.3835449	-0.1520452	-1.0526204
6.4835367	72.3835449	-0.5847892	-0.6666596
8.2800093	72.3835449	-0.4795271	-0.7719216
10.0764809	72.3835449	-0.7836174	-0.6432680
11.8729525	72.3835449	-0.7836174	-0.6432680
13.6694250	72.3835449	-0.3859608	-0.4210482
15.4658966	72.3835449	0.0000000	0.0000000
17.2623692	72.3835449	-0.6783554	-0.8304006
19.0588398	72.3835449	-0.2573072	-0.9824457
20.8553123	72.3835449	-0.6081807	-0.3508735
22.6517868	72.3835449	-0.0584789	-0.5263102
24.4482574	72.3835449	-0.1052620	0.0116958
26.2447300	72.3835449	0.0000000	0.1169578
28.0412025	72.3835449	-0.0233916	-0.1286536
29.8376732	72.3835449	-0.2923946	-0.3391777
31.6341438	72.3835449	-0.6081807	-0.1286536
33.4306183	72.3835449	-0.4795271	-0.1988283
35.2270889	72.3835449	-0.1169578	-0.7719216
37.0235634	72.3835449	0.0701747	-0.9473584
38.8200340	72.3835449	0.1286536	-0.2222199
40.6165047	72.3835449	0.0467831	0.2690030
42.4129791	72.3835449	0.0000000	0.0000000
44.2094498	72.3835449	0.8654879	1.2865361
46.0059242	72.3835449	1.4970602	1.4736686
47.8023949	72.3835449	1.4853644	0.6315722
49.5988655	72.3835449	0.3040904	0.6900512
51.3953362	72.3835449	0.0000000	0.0000000
53.1918106	72.3835449	-1.0526204	0.1169578
54.9882851	72.3835449	-1.4502771	-0.1403494
56.7847557	72.3835449	-0.6900512	-0.5613976
58.5812302	72.3835449	-1.1110994	-0.1052620
60.3776970	72.3835449	-1.1110994	-0.5847892
62.1741714	72.3835449	-0.7017469	-0.1520452
63.9706421	72.3835449	-1.0292289	-0.1403494
65.7671204	72.3835449	-0.5964849	-0.1988283
67.5635834	72.3835449	-0.1286536	-0.2806988
69.3600616	72.3835449	0.0000000	0.0000000
71.1565323	72.3835449	0.0000000	0.0000000
-0.7023520	74.1800156	0.0000000	0.0000000
1.0941203	74.1800156	0.0000000	0.0000000
2.8905921	74.1800156	0.0000000	0.0000000
4.6870642	74.1800156	-0.1286536	-1.0643163
6.4835367	74.1800156	-0.1169578	-1.2982318
8.2800093	74.1800156	-0.0467831	-0.3859608
10.0764809	74.1800156	0.1286536	-0.0701747
11.8729525	74.1800156	-0.5964849	-0.5146145
13.6694250	74.1800156	-0.7017469	-0.1988283
15.4658966	74.1800156	-0.7017469	-0.3040904
17.2623692	74.1800156	-0.7017469	-0.8070090
19.0588398	74.1800156	-0.6783554	-0.8537921
20.8553123	74.1800156	-0.4444397	-0.4795271
22.6517868	74.1800156	-0.7602259	-0.2690030
24.4482574	74.1800156	-0.6783554	-0.0350873
26.2447300	74.1800156	-0.2806988	-0.0350873
28.0412025	74.1800156	-0.2105241	-0.2690030
29.8376732	74.1800156	-0.4912229	-0.1286536
31.6341438	74.1800156	-0.3742650	-0.2456114
33.4306183	74.1800156	-0.3391777	-0.2806988
35.2270889	74.1800156	-0.3040904	-0.1520452
37.0235634	74.1800156	0.0233916	-0.1403494
38.8200340	74.1800156	0.0233916	-0.2222199
40.6165047	74.1800156	0.2105241	0.7251385
42.4129791	74.1800156	0.2456114	0.8888795
44.2094498	74.1800156	0.9356626	0.0233916
46.0059242	74.1800156	1.4151897	-0.4678313
47.8023949	74.1800156	0.2456114	0.4093524
49.5988655	74.1800156	0.7251385	0.7953132
51.3953362	74.1800156	-0.2573072	1.0409247
53.1918106	74.1800156	-0.6783554	0.2923946
54.9882851	74.1800156	-0.7485301	0.2222199
56.7847557	74.1800156	-0.6198765	-0.0467831
58.5812302	74.1800156	-0.7017469	0.1403494
60.3776970	74.1800156	-0.7485301	-0.2923946
62.1741714	74.1800156	-1.2397530	-0.3391777
63.9706421	74.1800156	-0.9473584	0.0350873
65.7671204	74.1800156	-0.6900512	0.0233916
67.5635834	74.1800156	-0.1286536	-0.6198765
69.3600616	74.1800156	0.0000000	0.0000000
71.1565323	74.1800156	0.0000000	0.0000000
-0.7023520	75.9764862	0.0000000	0.0000000
1.0941203	75.9764862	0.0000000	0.0000000
2.8905921	75.9764862	0.1286536	-0.1286536
4.6870642	75.9764862	-0.1988283	-0.7251385
6.4835367	75.9764862	-0.5263102	-0.5613976
8.2800093	75.9764862	0.0350873	0.1520452
10.0764809	75.9764862	0.0584789	0.0701747
11.8729525	75.9764862	-0.8304006	-0.1169578
13.6694250	75.9764862	-0.7485301	-0.2690030
15.4658966	75.9764862	-0.7368343	-0.0935663
17.2623692	75.9764862	-0.5380060	-0.4561355
19.0588398	75.9764862	-0.5146145	-0.8304006
20.8553123	75.9764862	-0.5730934	-0.5263102
22.6517868	75.9764862	-0.7602259	-0.1403494
24.4482574	75.9764862	-0.7485301	-0.0233916
26.2447300	75.9764862	-0.1754367	-0.0935663
28.0412025	75.9764862	-0.2690030	-0.2573072
29.8376732	75.9764862	-0.6081807	-0.2573072
31.6341438	75.9764862	-0.1754367	-0.7953132
33.4306183	75.9764862	-0.5263102	-0.1052620
35.2270889	75.9764862	-0.1754367	0.1637410
37.0235634	75.9764862	-0.4678313	0.4561355
38.8200340	75.9764862	0.0233916	0.1637410
40.6165047	75.9764862	0.0584789	0.1403494
42.4129791	75.9764862	0.5730934	-0.2573072
44.2094498	75.9764862	0.8888795	0.0350873
46.0059242	75.9764862	1.3801024	0.0935663
47.8023949	75.9764862	1.4502771	0.0233916
49.5988655	75.9764862	0.7602259	1.6140180
51.3953362	75.9764862	0.1169578	1.4619728
53.1918106	75.9764862	-1.1695783	1.2631445
54.9882851	75.9764862	-0.6666596	0.8654879
56.7847557	75.9764862	-0.7368343	0.0701747
58.5812302	75.9764862	-1.1344910	0.1520452
60.3776970	75.9764862	-1.2163614	0.2105241
62.1741714	75.9764862	-1.0760120	-0.2456114
63.9706421	75.9764862	-0.8187048	-0.0233916
65.7671204	75.9764862	-0.5847892	-0.1520452
67.5635834	75.9764862	-0.0116958	0.4795271
69.3600616	75.9764862	0.0000000	0.0000000
71.1565323	75.9764862	0.0000000	0.0000000
-0.7023520	77.7729568	0.0000000	0.0000000
1.0941203	77.7729568	0.0000000	0.0000000
2.8905921	77.7729568	-0.0233916	-0.5029187
4.6870642	77.7729568	-0.1052620	-0.5730934
6.4835367	77.7729568	-0.4912229	-0.7836174
8.2800093	77.7729568	-0.5380060	-0.1403494
10.0764809	77.7729568	-0.1286536	-0.5847892
11.8729525	77.7729568	-0.1052620	-0.6315722
13.6694250	77.7729568	-0.9356626	-0.1052620
15.4658966	77.7729568	-0.6432680	0.0000000
17.2623692	77.7729568	-0.6198765	-0.6432680
19.0588398	77.7729568	-0.1286536	-0.7953132
20.8553123	77.7729568	-0.5964849	-0.2690030
22.6517868	77.7729568	-0.7251385	-0.1637410
24.4482574	77.7729568	-0.6198765	0.1871325
26.2447300	77.7729568	-0.4093524	0.0233916
28.0412025	77.7729568	-0.0701747	0.0584789
29.8376732	77.7729568	-0.3040904	-0.3625693
31.6341438	77.7729568	-0.0467831	-0.5847892
33.4306183	77.7729568	-0.6549639	0.0818705
35.2270889	77.7729568	0.2105241	0.1520452
37.0235634	77.7729568	-0.1052620	0.4327440
38.8200340	77.7729568	-0.0116958	0.4678313
40.6165047	77.7729568	-0.2105241	0.0116958
42.4129791	77.7729568	0.4795271	-0.1052620
44.2094498	77.7729568	0.9590542	0.0233916
46.0059242	77.7729568	1.5204518	0.1754367
47.8023949	77.7729568	1.4151897	0.1052620
49.5988655	77.7729568	0.0000000	0.0000000
51.3953362	77.7729568	0.0467831	2.1871114
53.1918106	77.7729568	0.0000000	0.0000000
54.9882851	77.7729568	-0.6315722	1.1695783
56.7847557	77.7729568	-0.9356626	0.2806988
58.5812302	77.7729568	-1.3333192	0.1052620
60.3776970	77.7729568	-0.8187048	-0.0701747
62.1741714	77.7729568	-0.4093524	-0.1169578
63.9706421	77.7729568	-0.3274819	0.0233916
65.7671204	77.7729568	-0.2339157	-0.0350873
67.5635834	77.7729568	-0.0935663	-0.4327440
69.3600616	77.7729568	0.0000000	0.0000000
71.1565323	77.7729568	0.0000000	0.0000000
-0.7023520	79.5694275	0.0000000	0.0000000
1.0941203	79.5694275	0.0000000	0.0000000
2.8905921	79.5694275	-0.0350873	0.0935663
4.6870642	79.5694275	-0.1052620	-0.2339157
6.4835367	79.5694275	-0.0818705	-0.3625693
8.2800093	79.5694275	-0.5380060	-0.5146145
10.0764809	79.5694275	-0.5146145	-0.4210482
11.8729525	79.5694275	0.0000000	0.0000000
13.6694250	79.5694275	-0.1754367	0.1871325
15.4658966	79.5694275	-0.2222199	-0.0584789
17.2623692	79.5694275	-0.1052620	-0.5146145
19.0588398	79.5694275	-0.1754367	-0.8420963
20.8553123	79.5694275	-0.1403494	-0.8187048
22.6517868	79.5694275	-0.6783554	-0.1169578
24.4482574	79.5694275	-0.5730934	0.0116958
26.2447300	79.5694275	-0.3859608	0.1169578
28.0412025	79.5694275	-0.4561355	0.1988283
29.8376732	79.5694275	-0.1637410	-0.3157861
31.6341438	79.5694275	-0.0116958	-0.2456114
33.4306183	79.5694275	0.0233916	0.1052620
35.2270889	79.5694275	0.0818705	0.1169578
37.0235634	79.5694275	0.3508735	0.2222199
38.8200340	79.5694275	0.5497018	0.2222199
40.6165047	79.5694275	0.0116958	0.6783554
42.4129791	79.5694275	0.1052620	0.4912229
44.2094498	79.5694275	0.5730934	0.5964849
46.0059242	79.5694275	1.2514488	0.7485301
47.8023949	79.5694275	1.2280571	0.7017469
49.5988655	79.5694275	0.0000000	0.0000000
51.3953362	79.5694275	1.9064126	0.4678313
53.1918106	79.5694275	-0.1871325	1.7660632
54.9882851	79.5694275	-0.4444397	1.8362379
56.7847557	79.5694275	-1.2280571	0.9356626
58.5812302	79.5694275	-1.3567108	0.1988283
60.3776970	79.5694275	-0.9941415	0.1637410
62.1741714	79.5694275	-0.2339157	-0.1754367
63.9706421	79.5694275	0.0818705	0.1637410
65.7671204	79.5694275	0.1637410	0.3625693
67.5635834	79.5694275	-0.0233916	0.4678313
69.3600616	79.5694275	0.0000000	0.0000000
71.1565323	79.5694275	0.0000000	0.0000000
-0.7023520	81.3659058	0.0000000	0.0000000
1.0941203	81.3659058	0.0000000	0.0000000
2.8905921	81.3659058	0.0000000	0.6549639
4.6870642	81.3659058	-0.1403494	-0.2923946
6.4835367	81.3659058	0.0701747	-0.0467831
8.2800093	81.3659058	-0.8187048	-0.8304006
10.0764809	81.3659058	-0.4678313	-0.8654879
11.8729525	81.3659058	0.2573072	-0.4912229
13.6694250	81.3659058	0.5730934	-0.0701747
15.4658966	81.3659058	0.6081807	0.0350873
17.2623692	81.3659058	0.4678313	-0.0233916
19.0588398	81.3659058	-0.0818705	-0.6783554
20.8553123	81.3659058	-0.0935663	-0.8537921
22.6517868	81.3659058	-0.2573072	-0.6315722
24.4482574	81.3659058	-0.4795271	-0.1520452
26.2447300	81.3659058	-0.2456114	-0.1520452
28.0412025	81.3659058	-0.4327440	0.2105241
29.8376732	81.3659058	0.0584789	0.0233916
31.6341438	81.3659058	0.1052620	0.0818705
33.4306183	81.3659058	0.1520452	0.0584789
35.2270889	81.3659058	0.2573072	0.0000000
37.0235634	81.3659058	0.3274819	-0.0818705
38.8200340	81.3659058	0.2573072	0.3274819
40.6165047	81.3659058	0.0701747	0.7017469
42.4129791	81.3659058	-0.0116958	0.8070090
44.2094498	81.3659058	0.5847892	1.1812741
46.0059242	81.3659058	1.3801024	0.9941415
47.8023949	81.3659058	1.4619728	0.5613976
49.5988655	81.3659058	1.4619728	0.7251385
51.3953362	81.3659058	0.7251385	1.6724969
53.1918106	81.3659058	0.8537921	2.3976355
54.9882851	81.3659058	0.0467831	2.1169367
56.7847557	81.3659058	-0.8771837	1.2865361
58.5812302	81.3659058	-0.1052620	-0.7602259
60.3776970	81.3659058	-0.7719216	0.0350873
62.1741714	81.3659058	0.0350873	0.3274819
63.9706421	81.3659058	0.0000000	0.4795271
65.7671204	81.3659058	0.0701747	0.5263102
67.5635834	81.3659058	-0.0116958	-0.5146145
69.3600616	81.3659058	0.0000000	0.0000000
71.1565323	81.3659058	0.0000000	0.0000000
-0.7023520	83.1623764	0.0000000	0.0000000
1.0941203	83.1623764	0.0000000	0.0000000
2.8905921	83.1623764	0.0000000	0.0000000
4.6870642	83.1623764	-0.2339157	-0.5847892
6.4835367	83.1623764	-0.0233916	-0.0935663
8.2800093	83.1623764	-0.9005753	-1.0760120
10.0764809	83.1623764	-0.7602259	-1.3917981
11.8729525	83.1623764	-0.0818705	-1.0058373
13.6694250	83.1623764	-0.4444397	0.0584789
15.4658966	83.1623764	0.6900512	0.0584789
17.2623692	83.1623764	0.0233916	-0.0233916
19.0588398	83.1623764	-0.1754367	-0.2339157
20.8553123	83.1623764	-0.1988283	-0.3157861
22.6517868	83.1623764	-0.0935663	-0.4327440
24.4482574	83.1623764	-0.1754367	-0.6198765
26.2447300	83.1623764	-0.2222199	-0.2806988
28.0412025	83.1623764	-0.0350873	-0.1871325
29.8376732	83.1623764	-0.0935663	0.0000000
31.6341438	83.1623764	-0.0818705	0.0350873
33.4306183	83.1623764	0.3274819	-0.0701747
35.2270889	83.1623764	0.4912229	-0.1871325
37.0235634	83.1623764	0.3040904	-0.0350873
38.8200340	83.1623764	0.0701747	0.3274819
40.6165047	83.1623764	-0.1169578	0.6432680
42.4129791	83.1623764	-0.0584789	0.6432680
44.2094498	83.1623764	0.5613976	0.2105241
46.0059242	83.1623764	0.6081807	1.1929698
47.8023949	83.1623764	1.2631445	1.3450150
49.5988655	83.1623764	1.6257138	1.6140180
51.3953362	83.1623764	0.7953132	1.6023222
53.1918106	83.1623764	0.0000000	0.0000000
54.9882851	83.1623764	0.0000000	0.0000000
56.7847557	83.1623764	-0.0935663	1.0994036
58.5812302	83.1623764	-0.8187048	0.2339157
60.3776970	83.1623764	-0.3157861	0.0935663
62.1741714	83.1623764	0.0935663	0.1637410
63.9706421	83.1623764	0.0701747	0.4795271
65.7671204	83.1623764	0.2222199	0.2339157
67.5635834	83.1623764	0.1052620	0.9122710
69.3600616	83.1623764	0.0000000	0.0000000
71.1565323	83.1623764	0.0000000	0.0000000
-0.7023520	84.9588547	0.0000000	0.0000000
1.0941203	84.9588547	0.0000000	0.0000000
2.8905921	84.9588547	-0.0350873	-1.5321475
4.6870642	84.9588547	-0.9005753	-0.8187048
6.4835367	84.9588547	-0.6432680	-0.5497018
8.2800093	84.9588547	-0.6432680	-0.4912229
10.0764809	84.9588547	-0.4795271	-0.8537921
11.8729525	84.9588547	-0.4912229	-0.4678313
13.6694250	84.9588547	-0.7017469	0.0000000
15.4658966	84.9588547	-0.7017469	0.0000000
17.2623692	84.9588547	-0.3625693	-0.2923946
19.0588398	84.9588547	-0.1052620	-0.5613976
20.8553123	84.9588547	-0.0116958	-0.4912229
22.6517868	84.9588547	0.0350873	-0.4912229
24.4482574	84.9588547	-0.0584789	-0.5613976
26.2447300	84.9588547	-0.0701747	-0.6198765
28.0412025	84.9588547	-0.0701747	0.0350873
29.8376732	84.9588547	-0.0584789	0.1169578
31.6341438	84.9588547	0.0467831	0.2923946
33.4306183	84.9588547	0.1169578	0.3508735
35.2270889	84.9588547	0.3157861	0.1286536
37.0235634	84.9588547	0.1520452	0.0233916
38.8200340	84.9588547	0.0701747	0.1754367
40.6165047	84.9588547	-0.1286536	0.4912229
42.4129791	84.9588547	-0.0935663	0.7251385
44.2094498	84.9588547	0.3274819	1.2280571
46.0059242	84.9588547	0.1403494	1.6023222
47.8023949	84.9588547	0.9356626	1.4268855
49.5988655	84.9588547	1.1929698	1.8830210
51.3953362	84.9588547	0.8070090	2.2455902
53.1918106	84.9588547	0.0000000	0.0000000
54.9882851	84.9588547	0.0000000	0.0000000
56.7847557	84.9588547	0.0818705	0.9005753
58.5812302	84.9588547	-0.0233916	0.9590542
60.3776970	84.9588547	-0.3391777	0.7368343
62.1741714	84.9588547	0.1286536	0.5263102
63.9706421	84.9588547	0.4210482	0.5730934
65.7671204	84.9588547	0.4795271	0.4444397
67.5635834	84.9588547	0.1286536	0.4327440
69.3600616	84.9588547	0.0000000	0.0000000
71.1565323	84.9588547	0.0000000	0.0000000
-0.7023520	86.7553177	0.0000000	0.0000000
1.0941203	86.7553177	0.0000000	0.0000000
2.8905921	86.7553177	0.0000000	0.0000000
4.6870642	86.7553177	-0.9122710	-0.4678313
6.4835367	86.7553177	-0.8304006	-0.7017469
8.2800093	86.7553177	-0.6783554	-0.6198765
10.0764809	86.7553177	-0.7134427	-0.2339157
11.8729525	86.7553177	-0.5730934	0.0116958
13.6694250	86.7553177	-0.5613976	0.1286536
15.4658966	86.7553177	-0.7017469	-0.0467831
17.2623692	86.7553177	-0.4795271	0.0935663
19.0588398	86.7553177	-0.4210482	0.1052620
20.8553123	86.7553177	-0.0467831	-0.5146145
22.6517868	86.7553177	-0.1052620	-0.6081807
24.4482574	86.7553177	-0.0116958	-0.5497018
26.2447300	86.7553177	-0.0116958	-0.5263102
28.0412025	86.7553177	0.1520452	-0.4210482
29.8376732	86.7553177	0.5497018	-0.9122710
31.6341438	86.7553177	0.0000000	0.9473584
33.4306183	86.7553177	-0.0116958	0.5964849
35.2270889	86.7553177	0.1988283	-0.0584789
37.0235634	86.7553177	0.0350873	0.0584789
38.8200340	86.7553177	-0.0818705	0.5263102
40.6165047	86.7553177	-0.0935663	1.0175331
42.4129791	86.7553177	0.2105241	1.3801024
44.2094498	86.7553177	0.0584789	1.8830210
46.0059242	86.7553177	0.0701747	1.9181083
47.8023949	86.7553177	0.2573072	2.0584579
49.5988655	86.7553177	0.5847892	2.2338946
51.3953362	86.7553177	0.0000000	0.0000000
53.1918106	86.7553177	-0.4678313	1.6958885
54.9882851	86.7553177	0.2690030	2.2689819
56.7847557	86.7553177	-0.6081807	-0.2105241
58.5812302	86.7553177	-0.3040904	1.0409247
60.3776970	86.7553177	-0.0467831	0.1520452
62.1741714	86.7553177	0.1754367	0.4093524
63.9706421	86.7553177	0.1052620	0.5847892
65.7671204	86.7553177	0.2456114	0.5497018
67.5635834	86.7553177	0.1052620	0.8537921
69.3600616	86.7553177	0.0000000	0.0000000
71.1565323	86.7553177	0.0000000	0.0000000
-0.7023520	88.5517883	0.0000000	0.0000000
1.0941203	88.5517883	0.0000000	0.0000000
2.8905921	88.5517883	0.0000000	0.0000000
4.6870642	88.5517883	-0.8420963	-0.1169578
6.4835367	88.5517883	-0.5847892	-0.1052620
8.2800093	88.5517883	-0.6783554	-0.1052620
10.0764809	88.5517883	-0.6783554	-0.1286536
11.8729525	88.5517883	-0.4444397	0.1286536
13.6694250	88.5517883	-0.3742650	-0.0935663
15.4658966	88.5517883	-0.6198765	-0.0350873
17.2623692	88.5517883	-0.0818705	-0.5380060
19.0588398	88.5517883	-0.0233916	-0.4444397
20.8553123	88.5517883	0.0000000	0.0000000
22.6517868	88.5517883	-0.0701747	-0.5730934
24.4482574	88.5517883	-0.1052620	-0.6081807
26.2447300	88.5517883	-0.0350873	-0.6081807
28.0412025	88.5517883	0.0935663	-0.5730934
29.8376732	88.5517883	0.2339157	-0.6783554
31.6341438	88.5517883	0.0467831	-0.3274819
33.4306183	88.5517883	0.2573072	-0.2806988
35.2270889	88.5517883	-0.0701747	-0.4327440
37.0235634	88.5517883	-0.0818705	0.1988283
38.8200340	88.5517883	-0.3742650	0.7602259
40.6165047	88.5517883	0.0000000	0.0000000
42.4129791	88.5517883	0.2573072	1.6257138
44.2094498	88.5517883	0.0467831	2.2455902
46.0059242	88.5517883	0.1988283	2.3976355
47.8023949	88.5517883	0.1637410	2.7602048
49.5988655	88.5517883	0.0000000	0.0000000
51.3953362	88.5517883	-0.3976566	0.7602259
53.1918106	88.5517883	-0.3274819	1.5204518
54.9882851	88.5517883	-0.1988283	1.6608012
56.7847557	88.5517883	-0.6198765	1.3450150
58.5812302	88.5517883	-0.5263102	-0.2573072
60.3776970	88.5517883	0.1403494	0.5146145
62.1741714	88.5517883	0.4210482	0.7836174
63.9706421	88.5517883	0.1520452	0.7368343
65.7671204	88.5517883	-0.0116958	0.8187048
67.5635834	88.5517883	0.0350873	0.9707500
69.3600616	88.5517883	0.0000000	0.0000000
71.1565323	88.5517883	0.0000000	0.0000000
-0.7023520	90.3482666	0.0000000	0.0000000
1.0941203	90.3482666	0.0000000	0.0000000
2.8905921	90.3482666	-0.1520452	-0.8654879
4.6870642	90.3482666	-0.6315722	0.0467831
6.4835367	90.3482666	-0.1052620	-0.6900512
8.2800093	90.3482666	-0.8304006	-0.0467831
10.0764809	90.3482666	-0.7485301	0.0000000
11.8729525	90.3482666	-0.1988283	0.0935663
13.6694250	90.3482666	-0.6900512	0.1871325
15.4658966	90.3482666	-0.4795271	0.0116958
17.2623692	90.3482666	0.0000000	0.0000000
19.0588398	90.3482666	-0.0116958	-0.3976566
20.8553123	90.3482666	0.0000000	0.0000000
22.6517868	90.3482666	0.0000000	0.0000000
24.4482574	90.3482666	0.0233916	-0.5263102
26.2447300	90.3482666	-0.0350873	-0.3391777
28.0412025	90.3482666	0.0000000	-0.5964849
29.8376732	90.3482666	0.0584789	-0.1286536
31.6341438	90.3482666	0.0701747	-0.2690030
33.4306183	90.3482666	0.1520452	-0.1988283
35.2270889	90.3482666	0.0000000	-0.5146145
37.0235634	90.3482666	-0.0935663	0.2573072
38.8200340	90.3482666	0.0000000	0.7836174
40.6165047	90.3482666	0.1403494	0.4210482
42.4129791	90.3482666	-0.0584789	0.7134427
44.2094498	90.3482666	0.0000000	2.3274608
46.0059242	90.3482666	0.0350873	2.6900301
47.8023949	90.3482666	0.0000000	0.0000000
49.5988655	90.3482666	0.0000000	0.0000000
51.3953362	90.3482666	-0.5730934	1.3684065
53.1918106	90.3482666	-0.3976566	0.8304006
54.9882851	90.3482666	-0.3274819	1.3333192
56.7847557	90.3482666	-0.1052620	0.3508735
58.5812302	90.3482666	-0.0818705	0.9707500
60.3776970	90.3482666	0.1871325	0.8537921
62.1741714	90.3482666	0.5613976	0.7368343
63.9706421	90.3482666	0.1169578	0.7953132
65.7671204	90.3482666	-0.0116958	0.8771837
67.5635834	90.3482666	0.0935663	0.8070090
69.3600616	90.3482666	0.0000000	0.0000000
71.1565323	90.3482666	0.0000000	0.0000000
-0.7023520	92.1447372	0.0000000	0.0000000
1.0941203	92.1447372	0.0000000	0.0000000
2.8905921	92.1447372	0.0000000	0.0000000
4.6870642	92.1447372	-0.4561355	0.0935663
6.4835367	92.1447372	-0.0701747	-0.2105241
8.2800093	92.1447372	-0.4327440	0.2339157
10.0764809	92.1447372	-0.2573072	-0.0584789
11.8729525	92.1447372	-0.1286536	0.0116958
13.6694250	92.1447372	-0.4912229	0.2222199
15.4658966	92.1447372	-0.5146145	-0.1637410
17.2623692	92.1447372	-0.4678313	-0.1286536
19.0588398	92.1447372	-0.5497018	-0.1520452
20.8553123	92.1447372	0.1052620	0.0584789
22.6517868	92.1447372	-0.0935663	-0.5146145
24.4482574	92.1447372	0.0701747	-0.5964849
26.2447300	92.1447372	0.1403494	-0.6432680
28.0412025	92.1447372	-0.0350873	-0.4327440
29.8376732	92.1447372	-0.0935663	-0.2105241
31.6341438	92.1447372	-0.0116958	-0.2339157
33.4306183	92.1447372	0.4444397	-0.0233916
35.2270889	92.1447372	0.0584789	-0.0467831
37.0235634	92.1447372	0.0233916	0.1871325
38.8200340	92.1447372	0.0701747	0.8771837
40.6165047	92.1447372	-0.0584789	0.9707500
42.4129791	92.1447372	-0.1754367	1.5789306
44.2094498	92.1447372	0.0000000	0.0000000
46.0059242	92.1447372	0.0000000	0.0000000
47.8023949	92.1447372	0.0000000	0.0000000
49.5988655	92.1447372	-1.1578825	2.2221987
51.3953362	92.1447372	-1.0409247	1.3450150
53.1918106	92.1447372	-1.2397530	0.7602259
54.9882851	92.1447372	-0.5613976	1.1227951
56.7847557	92.1447372	-0.2806988	1.4970602
58.5812302	92.1447372	0.0116958	1.4385812
60.3776970	92.1447372	0.1286536	1.1929698
62.1741714	92.1447372	-0.1520452	0.7368343
63.9706421	92.1447372	-0.1871325	1.1227951
65.7671204	92.1447372	0.0233916	0.9824457
67.5635834	92.1447372	0.0818705	0.5847892
69.3600616	92.1447372	0.0000000	0.0000000
71.1565323	92.1447372	0.0000000	0.0000000
-0.7023520	93.9412079	0.0000000	0.0000000
1.0941203	93.9412079	0.0000000	0.0000000
2.8905921	93.9412079	0.0000000	0.0000000
4.6870642	93.9412079	-0.2806988	-0.0701747
6.4835367	93.9412079	-0.0935663	-0.0233916
8.2800093	93.9412079	0.0000000	0.1403494
10.0764809	93.9412079	0.0701747	0.0584789
11.8729525	93.9412079	-0.1403494	0.0584789
13.6694250	93.9412079	-0.3859608	0.2690030
15.4658966	93.9412079	-0.1754367	-0.6432680
17.2623692	93.9412079	-0.0818705	-0.6081807
19.0588398	93.9412079	-0.2456114	-0.5613976
20.8553123	93.9412079	-0.3976566	-0.0701747
22.6517868	93.9412079	-0.2339157	-0.4912229
24.4482574	93.9412079	-0.1286536	-0.5847892
26.2447300	93.9412079	-0.0467831	-0.3976566
28.0412025	93.9412079	-0.0233916	-0.2573072
29.8376732	93.9412079	-0.0116958	-0.2456114
31.6341438	93.9412079	0.1052620	-0.1754367
33.4306183	93.9412079	0.5730934	-0.0467831
35.2270889	93.9412079	0.1754367	0.0935663
37.0235634	93.9412079	-0.1286536	0.4561355
38.8200340	93.9412079	-0.1637410	0.7602259
40.6165047	93.9412079	-0.3274819	0.9005753
42.4129791	93.9412079	-0.8420963	1.7777590
44.2094498	93.9412079	-0.0350873	2.7368131
46.0059242	93.9412079	0.0000000	0.0000000
47.8023949	93.9412079	-0.6783554	2.5496807
49.5988655	93.9412079	-1.2280571	1.9298041
51.3953362	93.9412079	-0.7017469	2.0584579
53.1918106	93.9412079	-1.2397530	1.1578825
54.9882851	93.9412079	-0.6081807	1.1227951
56.7847557	93.9412079	-0.1988283	1.4619728
58.5812302	93.9412079	-0.2456114	1.0643163
60.3776970	93.9412079	0.3040904	0.7368343
62.1741714	93.9412079	-0.4795271	0.1754367
63.9706421	93.9412079	-0.3508735	0.8888795
65.7671204	93.9412079	0.0584789	1.4502771
67.5635834	93.9412079	0.0818705	1.4502771
69.3600616	93.9412079	0.0000000	0.0000000
71.1565323	93.9412079	0.0000000	0.0000000
-0.7023520	95.7376785	0.0000000	0.0000000
1.0941203	95.7376785	0.0000000	0.0000000
2.8905921	95.7376785	0.0000000	0.0000000
4.6870642	95.7376785	-0.0350873	0.3742650
6.4835367	95.7376785	0.0818705	0.0233916
8.2800093	95.7376785	0.0000000	0.0000000
10.0764809	95.7376785	-0.0116958	0.1169578
11.8729525	95.7376785	-0.1637410	0.0818705
13.6694250	95.7376785	-0.5847892	-0.2806988
15.4658966	95.7376785	-0.1754367	-0.6549639
17.2623692	95.7376785	-0.1052620	-0.6783554
19.0588398	95.7376785	0.0233916	-0.7602259
20.8553123	95.7376785	-0.1637410	-0.6900512
22.6517868	95.7376785	-0.1286536	-0.5146145
24.4482574	95.7376785	0.0116958	-0.4678313
26.2447300	95.7376785	-0.0116958	-0.3976566
28.0412025	95.7376785	0.1520452	-0.4444397
29.8376732	95.7376785	0.0701747	-0.0935663
31.6341438	95.7376785	0.2806988	-0.0350873
33.4306183	95.7376785	0.4327440	-0.3625693
35.2270889	95.7376785	-0.2105241	0.5497018
37.0235634	95.7376785	-0.8420963	0.8537921
38.8200340	95.7376785	-0.2806988	1.3099277
40.6165047	95.7376785	-0.2806988	0.7953132
42.4129791	95.7376785	-0.5263102	0.8771837
44.2094498	95.7376785	-1.6958885	1.6374096
46.0059242	95.7376785	-1.4034939	1.9181083
47.8023949	95.7376785	-0.8654879	2.3391566
49.5988655	95.7376785	-0.6198765	0.0116958
51.3953362	95.7376785	-0.6900512	1.6374096
53.1918106	95.7376785	-0.5380060	1.5204518
54.9882851	95.7376785	-0.3157861	0.8537921
56.7847557	95.7376785	-0.2923946	1.1227951
58.5812302	95.7376785	0.1637410	0.3508735
60.3776970	95.7376785	-0.1871325	0.2573072
62.1741714	95.7376785	-0.1403494	0.9122710
63.9706421	95.7376785	-0.3625693	0.5847892
65.7671204	95.7376785	0.1169578	1.3450150
67.5635834	95.7376785	0.0701747	1.6724969
69.3600616	95.7376785	0.0000000	0.0000000
71.1565323	95.7376785	0.0000000	0.0000000
-0.7023520	97.5341492	0.0000000	0.0000000
1.0941203	97.5341492	0.0000000	0.0000000
2.8905921	97.5341492	0.0000000	0.0000000
4.6870642	97.5341492	-0.0584789	0.4210482
6.4835367	97.5341492	-0.0233916	0.3859608
8.2800093	97.5341492	-0.0584789	0.3859608
10.0764809	97.5341492	-0.2806988	0.4093524
11.8729525	97.5341492	-0.1052620	0.5146145
13.6694250	97.5341492	-0.4795271	-0.1286536
15.4658966	97.5341492	-0.1520452	-0.4444397
17.2623692	97.5341492	-0.1286536	-0.5847892
19.0588398	97.5341492	0.0350873	-0.5263102
20.8553123	97.5341492	-0.1988283	-0.8537921
22.6517868	97.5341492	-0.0935663	-0.5380060
24.4482574	97.5341492	0.0701747	-0.5964849
26.2447300	97.5341492	0.0935663	-0.4210482
28.0412025	97.5341492	0.0584789	-0.3742650
29.8376732	97.5341492	0.0116958	-0.0467831
31.6341438	97.5341492	0.1403494	0.0701747
33.4306183	97.5341492	0.1169578	0.0233916
35.2270889	97.5341492	-0.5029187	1.0058373
37.0235634	97.5341492	-1.3216234	1.4034939
38.8200340	97.5341492	-0.7134427	1.4502771
40.6165047	97.5341492	-0.8771837	1.4853644
42.4129791	97.5341492	-0.4210482	0.6783554
44.2094498	97.5341492	-1.5906265	1.6140180
46.0059242	97.5341492	-0.5380060	1.8479337
47.8023949	97.5341492	-0.2573072	1.9882830
49.5988655	97.5341492	-0.3040904	2.1052408
51.3953362	97.5341492	-0.2105241	1.2631445
53.1918106	97.5341492	0.0116958	0.5613976
54.9882851	97.5341492	-0.1169578	0.1052620
56.7847557	97.5341492	-0.2456114	0.2456114
58.5812302	97.5341492	0.0116958	0.8070090
60.3776970	97.5341492	-0.5029187	1.0409247
62.1741714	97.5341492	-0.1754367	0.3625693
63.9706421	97.5341492	-0.0467831	0.4561355
65.7671204	97.5341492	-0.0935663	1.3917981
67.5635834	97.5341492	0.0701747	1.4970602
69.3600616	97.5341492	0.0000000	0.0000000
71.1565323	97.5341492	0.0000000	0.0000000
-0.7023520	99.3306274	0.0000000	0.0000000
1.0941203	99.3306274	0.0000000	0.0000000
2.8905921	99.3306274	0.0116958	0.5380060
4.6870642	99.3306274	0.1988283	0.7134427
6.4835367	99.3306274	0.0350873	0.5497018
8.2800093	99.3306274	-0.1052620	0.2456114
10.0764809	99.3306274	-0.5497018	0.6081807
11.8729525	99.3306274	-0.0935663	-0.0467831
13.6694250	99.3306274	0.0000000	0.0818705
15.4658966	99.3306274	-0.2806988	-0.1169578
17.2623692	99.3306274	-0.4327440	0.0467831
19.0588398	99.3306274	-0.0584789	-0.8771837
20.8553123	99.3306274	-0.5380060	-0.2105241
22.6517868	99.3306274	-0.1520452	-0.5380060
24.4482574	99.3306274	-0.0467831	-0.0818705
26.2447300	99.3306274	0.1169578	-0.1988283
28.0412025	99.3306274	-0.0116958	-0.1871325
29.8376732	99.3306274	0.0233916	0.0350873
31.6341438	99.3306274	-0.0935663	0.1286536
33.4306183	99.3306274	-0.4912229	0.2456114
35.2270889	99.3306274	-1.4385812	1.4619728
37.0235634	99.3306274	-0.9824457	1.1929698
38.8200340	99.3306274	-0.7719216	1.4034939
40.6165047	99.3306274	-1.3450150	1.5438433
42.4129791	99.3306274	-0.9707500	1.3917981
44.2094498	99.3306274	-0.0584789	2.0818493
46.0059242	99.3306274	-0.0584789	0.3391777
47.8023949	99.3306274	-0.2339157	1.2397530
49.5988655	99.3306274	-0.2456114	2.0935452
51.3953362	99.3306274	-0.0467831	1.8011506
53.1918106	99.3306274	0.0116958	0.8187048
54.9882851	99.3306274	-0.5497018	0.8771837
56.7847557	99.3306274	-0.2456114	0.8771837
58.5812302	99.3306274	-0.5497018	0.8070090
60.3776970	99.3306274	-0.3859608	0.7485301
62.1741714	99.3306274	-0.1286536	0.9356626
63.9706421	99.3306274	0.0935663	1.0643163
65.7671204	99.3306274	-0.0935663	1.2397530
67.5635834	99.3306274	0.0116958	1.1227951
69.3600616	99.3306274	0.0000000	0.0000000
71.1565323	99.3306274	0.0000000	0.0000000
-0.7023520	101.1270981	0.0000000	0.0000000
1.0941203	101.1270981	0.0000000	0.0000000
2.8905921	101.1270981	-0.0233916	0.5730934
4.6870642	101.1270981	0.0584789	0.6432680
6.4835367	101.1270981	0.1286536	0.6432680
8.2800093	101.1270981	-0.4678313	0.9122710
10.0764809	101.1270981	0.0116958	0.0233916
11.8729525	101.1270981	0.0350873	0.0233916
13.6694250	101.1270981	0.0467831	0.3625693
15.4658966	101.1270981	-0.1520452	0.0350873
17.2623692	101.1270981	0.0233916	0.1988283
19.0588398	101.1270981	0.0116958	0.0467831
20.8553123	101.1270981	-0.0584789	-0.6432680
22.6517868	101.1270981	-0.4795271	0.0350873
24.4482574	101.1270981	-0.0818705	-0.1871325
26.2447300	101.1270981	0.0233916	-0.3040904
28.0412025	101.1270981	-0.0818705	-0.1520452
29.8376732	101.1270981	-0.0350873	0.1169578
31.6341438	101.1270981	-0.1637410	0.3976566
33.4306183	101.1270981	-0.9356626	0.2456114
35.2270889	101.1270981	0.0000000	0.0000000
37.0235634	101.1270981	-0.6081807	1.3099277
38.8200340	101.1270981	-0.6900512	1.4853644
40.6165047	101.1270981	-0.6315722	1.6374096
42.4129791	101.1270981	-1.0292289	2.3040693
44.2094498	101.1270981	0.0467831	1.7075843
46.0059242	101.1270981	-0.0935663	2.2455902
47.8023949	101.1270981	-0.6081807	2.2689819
49.5988655	101.1270981	-0.1871325	2.2572861
51.3953362	101.1270981	-0.0701747	1.6491053
53.1918106	101.1270981	-0.0467831	0.4795271
54.9882851	101.1270981	-0.1169578	0.5613976
56.7847557	101.1270981	-0.0116958	1.0877078
58.5812302	101.1270981	-0.2339157	1.0526204
60.3776970	101.1270981	-0.3157861	1.2280571
62.1741714	101.1270981	-0.0116958	1.1461867
63.9706421	101.1270981	0.1520452	1.1929698
65.7671204	101.1270981	-0.0935663	0.5613976
67.5635834	101.1270981	0.0116958	0.8187048
69.3600616	101.1270981	0.0000000	0.0000000
71.1565323	101.1270981	0.0000000	0.0000000
-0.7023520	102.9235687	0.0000000	0.0000000
1.0941203	102.9235687	0.0000000	0.0000000
2.8905921	102.9235687	0.0350873	0.7602259
4.6870642	102.9235687	-0.1520452	0.7485301
6.4835367	102.9235687	-0.2690030	0.5847892
8.2800093	102.9235687	-0.2339157	0.2105241
10.0764809	102.9235687	-0.1052620	0.1988283
11.8729525	102.9235687	-0.2339157	0.3976566
13.6694250	102.9235687	0.0467831	0.3157861
15.4658966	102.9235687	-0.0116958	0.4327440
17.2623692	102.9235687	0.0116958	0.0467831
19.0588398	102.9235687	-0.1403494	-0.4912229
20.8553123	102.9235687	-0.1052620	-0.4444397
22.6517868	102.9235687	-0.5497018	-0.2456114
24.4482574	102.9235687	-0.5497018	-0.2690030
26.2447300	102.9235687	-0.1052620	-0.6666596
28.0412025	102.9235687	-0.3040904	-0.0350873
29.8376732	102.9235687	-0.0350873	0.4210482
31.6341438	102.9235687	-0.7953132	1.2046657
33.4306183	102.9235687	-1.2046657	1.7192800
35.2270889	102.9235687	-1.0877078	2.3742440
37.0235634	102.9235687	-0.6081807	1.5204518
38.8200340	102.9235687	-0.7251385	1.3917981
40.6165047	102.9235687	-0.6549639	1.4619728
42.4129791	102.9235687	-0.7485301	2.1403282
44.2094498	102.9235687	-0.2923946	2.5145934
46.0059242	102.9235687	-0.1520452	2.6666384
47.8023949	102.9235687	-0.6081807	2.4093313
49.5988655	102.9235687	-0.1169578	2.6432469
51.3953362	102.9235687	0.0584789	0.8070090
53.1918106	102.9235687	-0.1520452	1.0643163
54.9882851	102.9235687	0.0701747	1.1929698
56.7847557	102.9235687	0.0935663	1.4853644
58.5812302	102.9235687	-0.2105241	1.5321475
60.3776970	102.9235687	-0.1637410	1.4736686
62.1741714	102.9235687	-0.0818705	1.4970602
63.9706421	102.9235687	-0.2806988	1.5672349
65.7671204	102.9235687	-0.1286536	0.7953132
67.5635834	102.9235687	0.0233916	0.8187048
69.3600616	102.9235687	0.0000000	0.0000000
71.1565323	102.9235687	0.0000000	0.0000000
-0.7023520	104.7200394	0.0000000	0.0000000
1.0941203	104.7200394	0.0000000	0.0000000
2.8905921	104.7200394	-0.0350873	0.0350873
4.6870642	104.7200394	0.0935663	0.2923946
6.4835367	104.7200394	0.1286536	0.5380060
8.2800093	104.7200394	0.1520452	0.6198765
10.0764809	104.7200394	-0.0350873	0.2339157
11.8729525	104.7200394	-0.5730934	0.2222199
13.6694250	104.7200394	-0.3040904	0.0584789
15.4658966	104.7200394	0.1637410	0.6081807
17.2623692	104.7200394	-0.0467831	-0.1286536
19.0588398	104.7200394	-0.0467831	-0.3976566
20.8553123	104.7200394	-0.1988283	-0.7368343
22.6517868	104.7200394	-0.5613976	-0.2105241
24.4482574	104.7200394	-0.5029187	-0.1988283
26.2447300	104.7200394	0.0233916	-0.3742650
28.0412025	104.7200394	-0.1988283	0.3157861
29.8376732	104.7200394	-0.6081807	0.9122710
31.6341438	104.7200394	-0.5964849	0.7953132
33.4306183	104.7200394	-0.7134427	1.4034939
35.2270889	104.7200394	-1.0292289	2.1871114
37.0235634	104.7200394	-0.8537921	1.9648914
38.8200340	104.7200394	-0.8654879	1.4736686
40.6165047	104.7200394	-0.6432680	1.3917981
42.4129791	104.7200394	-0.6900512	1.7543674
44.2094498	104.7200394	0.0000000	0.0000000
46.0059242	104.7200394	0.0000000	0.0000000
47.8023949	104.7200394	-0.4444397	2.7952921
49.5988655	104.7200394	-0.1169578	2.4561143
51.3953362	104.7200394	0.0233916	1.4853644
53.1918106	104.7200394	-0.2222199	1.1461867
54.9882851	104.7200394	-0.1403494	1.5906265
56.7847557	104.7200394	-0.0818705	1.6374096
58.5812302	104.7200394	-0.4561355	1.5204518
60.3776970	104.7200394	-0.1871325	1.3333192
62.1741714	104.7200394	-0.1637410	1.6257138
63.9706421	104.7200394	-0.2806988	1.4034939
65.7671204	104.7200394	0.0584789	0.3391777
67.5635834	104.7200394	0.0467831	0.5497018
69.3600616	104.7200394	0.0000000	0.0000000
71.1565323	104.7200394	0.0000000	0.0000000
-0.7023520	106.5165100	0.0000000	0.0000000
1.0941203	106.5165100	0.0000000	0.0000000
2.8905921	106.5165100	-0.0233916	-0.1052620
4.6870642	106.5165100	0.0701747	0.0000000
6.4835367	106.5165100	0.1520452	0.6081807
8.2800093	106.5165100	0.0350873	0.5847892
10.0764809	106.5165100	-0.0233916	0.1403494
11.8729525	106.5165100	-0.0818705	-0.0350873
13.6694250	106.5165100	-0.0818705	-0.0116958
15.4658966	106.5165100	0.0233916	0.4912229
17.2623692	106.5165100	0.0350873	0.0233916
19.0588398	106.5165100	0.0000000	-0.1403494
20.8553123	106.5165100	-0.5029187	-0.0584789
22.6517868	106.5165100	-0.5263102	-0.0116958
24.4482574	106.5165100	-0.6432680	0.0350873
26.2447300	106.5165100	-0.4912229	0.1520452
28.0412025	106.5165100	-0.3859608	0.7134427
29.8376732	106.5165100	-0.2105241	0.9707500
31.6341438	106.5165100	-0.6549639	1.2748404
33.4306183	106.5165100	-0.8771837	1.6608012
35.2270889	106.5165100	-0.9473584	2.0701535
37.0235634	106.5165100	-0.7368343	2.4561143
38.8200340	106.5165100	-0.7836174	1.4736686
40.6165047	106.5165100	-0.8771837	1.2865361
42.4129791	106.5165100	-0.7485301	1.6023222
44.2094498	106.5165100	-0.9005753	1.8362379
46.0059242	106.5165100	-0.7251385	2.5145934
47.8023949	106.5165100	-0.6081807	2.6315510
49.5988655	106.5165100	-0.1754367	2.1286325
51.3953362	106.5165100	-0.1403494	1.4034939
53.1918106	106.5165100	-0.1403494	0.9824457
54.9882851	106.5165100	-0.0818705	1.3684065
56.7847557	106.5165100	-0.0116958	1.7660632
58.5812302	106.5165100	-0.3625693	1.5087559
60.3776970	106.5165100	-0.1286536	0.7719216
62.1741714	106.5165100	-0.2222199	0.9473584
63.9706421	106.5165100	-0.1169578	0.9590542
65.7671204	106.5165100	0.0467831	0.3976566
67.5635834	106.5165100	0.0701747	0.5029187
69.3600616	106.5165100	0.0000000	0.0000000
71.1565323	106.5165100	0.0000000	0.0000000
-0.7023520	108.3129883	0.0000000	0.0000000
1.0941203	108.3129883	0.0000000	0.0000000
2.8905921	108.3129883	-0.3625693	-0.2222199
4.6870642	108.3129883	-0.2222199	0.1754367
6.4835367	108.3129883	0.0116958	0.2573072
8.2800093	108.3129883	-0.0350873	0.4327440
10.0764809	108.3129883	0.0935663	0.2339157
11.8729525	108.3129883	0.1871325	0.1052620
13.6694250	108.3129883	0.3040904	0.2690030
15.4658966	108.3129883	0.5613976	0.0233916
17.2623692	108.3129883	0.4210482	-0.0350873
19.0588398	108.3129883	0.1052620	0.0818705
20.8553123	108.3129883	-0.5497018	-0.0701747
22.6517868	108.3129883	-0.4678313	-0.1286536
24.4482574	108.3129883	-0.5497018	0.0701747
26.2447300	108.3129883	-0.5730934	0.2222199
28.0412025	108.3129883	-0.1052620	0.7251385
29.8376732	108.3129883	-0.3976566	1.5204518
31.6341438	108.3129883	-0.5613976	1.5087559
33.4306183	108.3129883	-0.9005753	1.6023222
35.2270889	108.3129883	-1.1344910	2.0584579
37.0235634	108.3129883	-0.9122710	2.1403282
38.8200340	108.3129883	-0.9473584	1.5906265
40.6165047	108.3129883	-0.7017469	1.2982318
42.4129791	108.3129883	-1.0292289	1.9648914
44.2094498	108.3129883	-0.9473584	1.9882830
46.0059242	108.3129883	-0.6198765	1.6023222
47.8023949	108.3129883	-0.7017469	2.3508523
49.5988655	108.3129883	-0.2456114	1.8479337
51.3953362	108.3129883	-0.4795271	1.1344910
53.1918106	108.3129883	-0.8654879	0.6549639
54.9882851	108.3129883	-0.6666596	0.9356626
56.7847557	108.3129883	-0.1169578	1.5672349
58.5812302	108.3129883	-0.2456114	1.9181083
60.3776970	108.3129883	-0.2806988	0.8420963
62.1741714	108.3129883	-0.2806988	0.5847892
63.9706421	108.3129883	-0.4561355	0.1286536
65.7671204	108.3129883	-0.0233916	0.1520452
67.5635834	108.3129883	0.0935663	-0.2690030
69.3600616	108.3129883	0.0000000	0.0000000
71.1565323	108.3129883	0.0000000	0.0000000
-0.7023520	110.1094589	0.0000000	0.0000000
1.0941203	110.1094589	0.0000000	0.0000000
2.8905921	110.1094589	-0.2222199	-0.1754367
4.6870642	110.1094589	-0.0935663	0.4912229
6.4835367	110.1094589	-0.0467831	0.7017469
8.2800093	110.1094589	0.0116958	0.5613976
10.0764809	110.1094589	0.1169578	0.2923946
11.8729525	110.1094589	0.0701747	0.2923946
13.6694250	110.1094589	0.0233916	0.1286536
15.4658966	110.1094589	-0.1520452	0.0701747
17.2623692	110.1094589	0.0350873	0.3157861
19.0588398	110.1094589	0.1637410	0.2339157
20.8553123	110.1094589	-0.6198765	-0.0584789
22.6517868	110.1094589	-0.8187048	-0.1052620
24.4482574	110.1094589	-0.7017469	-0.0467831
26.2447300	110.1094589	-0.7368343	0.3625693
28.0412025	110.1094589	-0.3508735	0.3859608
29.8376732	110.1094589	-0.7134427	1.6491053
31.6341438	110.1094589	-1.1695783	1.6257138
33.4306183	110.1094589	-1.2280571	1.8713253
35.2270889	110.1094589	-0.9122710	1.7075843
37.0235634	110.1094589	-1.1578825	2.1286325
38.8200340	110.1094589	-0.7485301	1.6140180
40.6165047	110.1094589	-0.7251385	1.7543674
42.4129791	110.1094589	-0.9356626	2.0350661
44.2094498	110.1094589	-0.7251385	1.6841927
46.0059242	110.1094589	-0.5380060	1.8713253
47.8023949	110.1094589	-0.2105241	1.8011506
49.5988655	110.1094589	-0.2222199	1.7543674
51.3953362	110.1094589	-0.2573072	1.7192800
53.1918106	110.1094589	-0.5613976	0.9707500
54.9882851	110.1094589	-0.8304006	1.0409247
56.7847557	110.1094589	-0.6666596	1.4619728
58.5812302	110.1094589	-0.4210482	1.3567108
60.3776970	110.1094589	-0.0584789	0.2105241
62.1741714	110.1094589	-0.2923946	0.1169578
63.9706421	110.1094589	-0.3742650	0.1637410
65.7671204	110.1094589	-0.0935663	0.1637410
67.5635834	110.1094589	0.0000000	0.0000000
69.3600616	110.1094589	0.0000000	0.0000000
71.1565323	110.1094589	0.0000000	0.0000000
-0.7023520	111.9059296	0.0000000	0.0000000
1.0941203	111.9059296	0.0000000	0.0000000
2.8905921	111.9059296	-0.1169578	-0.0233916
4.6870642	111.9059296	-0.0467831	0.2222199
6.4835367	111.9059296	-0.0350873	0.4678313
8.2800093	111.9059296	-0.0701747	0.4795271
10.0764809	111.9059296	-0.0116958	0.3391777
11.8729525	111.9059296	-0.0233916	0.1754367
13.6694250	111.9059296	-0.0935663	0.0584789
15.4658966	111.9059296	-0.2573072	0.0701747
17.2623692	111.9059296	-0.0701747	0.1052620
19.0588398	111.9059296	-0.4795271	0.3040904
20.8553123	111.9059296	-0.8420963	0.0584789
22.6517868	111.9059296	-0.7953132	0.1169578
24.4482574	111.9059296	-0.7368343	0.5730934
26.2447300	111.9059296	-0.9941415	0.6783554
28.0412025	111.9059296	-1.2514488	0.6315722
29.8376732	111.9059296	-1.2748404	1.5789306
31.6341438	111.9059296	-1.4034939	1.4736686
33.4306183	111.9059296	-1.5321475	1.6958885
35.2270889	111.9059296	-1.2631445	1.8830210
37.0235634	111.9059296	-1.2865361	1.9531957
38.8200340	111.9059296	-1.0292289	2.0818493
40.6165047	111.9059296	-0.8888795	1.6608012
42.4129791	111.9059296	-0.5263102	1.9765873
44.2094498	111.9059296	-0.1754367	1.9648914
46.0059242	111.9059296	-0.3742650	1.3801024
47.8023949	111.9059296	-0.2806988	1.1461867
49.5988655	111.9059296	-0.0935663	1.8713253
51.3953362	111.9059296	-0.2105241	1.9064126
53.1918106	111.9059296	-0.2105241	0.7953132
54.9882851	111.9059296	-0.5964849	1.2514488
56.7847557	111.9059296	-0.7134427	1.1812741
58.5812302	111.9059296	-0.3742650	0.8187048
60.3776970	111.9059296	-0.8420963	0.9473584
62.1741714	111.9059296	-0.0233916	0.2923946
63.9706421	111.9059296	0.0818705	0.1403494
65.7671204	111.9059296	-0.5029187	-0.0350873
67.5635834	111.9059296	-0.1169578	-0.9590542
69.3600616	111.9059296	0.0000000	0.0000000
71.1565323	111.9059296	0.0000000	0.0000000
-0.7023520	113.7024002	0.0000000	0.0000000
1.0941203	113.7024002	0.0000000	0.0000000
2.8905921	113.7024002	-0.0584789	0.0701747
4.6870642	113.7024002	-0.0701747	0.1637410
6.4835367	113.7024002	-0.0818705	0.1754367
8.2800093	113.7024002	-0.0467831	0.1403494
10.0764809	113.7024002	-0.0467831	0.1637410
11.8729525	113.7024002	-0.1403494	0.0000000
13.6694250	113.7024002	-0.0818705	0.0584789
15.4658966	113.7024002	-0.2573072	0.0233916
17.2623692	113.7024002	-0.3274819	0.0467831
19.0588398	113.7024002	-0.4210482	0.2806988
20.8553123	113.7024002	-0.7485301	0.0350873
22.6517868	113.7024002	-0.7836174	-0.0350873
24.4482574	113.7024002	-0.8070090	0.4444397
26.2447300	113.7024002	-0.8187048	0.6315722
28.0412025	113.7024002	-1.0175331	0.9590542
29.8376732	113.7024002	-1.4970602	1.6140180
31.6341438	113.7024002	-1.3917981	1.6491053
33.4306183	113.7024002	-1.3450150	1.7894547
35.2270889	113.7024002	-1.5555391	1.9999788
37.0235634	113.7024002	-1.2514488	2.0818493
38.8200340	113.7024002	-0.9122710	1.9181083
40.6165047	113.7024002	-0.8654879	1.8596294
42.4129791	113.7024002	-0.7836174	1.4502771
44.2094498	113.7024002	-0.3391777	1.3450150
46.0059242	113.7024002	-0.1286536	1.7777590
47.8023949	113.7024002	-0.3508735	2.0116746
49.5988655	113.7024002	-0.9005753	1.1695783
51.3953362	113.7024002	-0.6783554	0.7251385
53.1918106	113.7024002	-0.4444397	0.8420963
54.9882851	113.7024002	-0.4795271	0.9707500
56.7847557	113.7024002	-0.0701747	1.0409247
58.5812302	113.7024002	0.1169578	0.4327440
60.3776970	113.7024002	0.3859608	0.0701747
62.1741714	113.7024002	-0.0350873	0.7719216
63.9706421	113.7024002	0.6432680	0.2690030
65.7671204	113.7024002	-0.2923946	0.1169578
67.5635834	113.7024002	0.0350873	0.0818705
69.3600616	113.7024002	0.0000000	0.0000000
71.1565323	113.7024002	0.0000000	0.0000000
-0.7023520	115.4988708	0.0000000	0.0000000
1.0941203	115.4988708	0.0000000	0.0000000
2.8905921	115.4988708	-0.0350873	0.0350873
4.6870642	115.4988708	-0.0818705	0.0350873
6.4835367	115.4988708	-0.1169578	0.3859608
8.2800093	115.4988708	-0.1754367	0.1754367
10.0764809	115.4988708	-0.1286536	0.0233916
11.8729525	115.4988708	-0.2690030	-0.0116958
13.6694250	115.4988708	0.0701747	0.2456114
15.4658966	115.4988708	-0.4912229	0.0116958
17.2623692	115.4988708	-0.5146145	0.0701747
19.0588398	115.4988708	-0.5263102	0.2923946
20.8553123	115.4988708	-0.6783554	0.1052620
22.6517868	115.4988708	-0.8070090	0.1637410
24.4482574	115.4988708	-1.0409247	0.7485301
26.2447300	115.4988708	-1.1812741	1.0643163
28.0412025	115.4988708	-0.9824457	0.7719216
29.8376732	115.4988708	-0.8070090	1.3567108
31.6341438	115.4988708	-1.3801024	1.9882830
33.4306183	115.4988708	-0.8070090	1.8947167
35.2270889	115.4988708	-1.3216234	1.8479337
37.0235634	115.4988708	-0.9473584	1.6023222
38.8200340	115.4988708	-0.8771837	1.8362379
40.6165047	115.4988708	-0.6432680	1.6724969
42.4129791	115.4988708	-0.8070090	1.4736686
44.2094498	115.4988708	-0.8070090	1.1344910
46.0059242	115.4988708	-0.6432680	1.4619728
47.8023949	115.4988708	-0.0467831	1.9531957
49.5988655	115.4988708	0.3274819	1.2514488
51.3953362	115.4988708	-0.3274819	0.9005753
53.1918106	115.4988708	-0.0350873	0.6315722
54.9882851	115.4988708	0.1520452	0.7134427
56.7847557	115.4988708	0.2573072	0.7017469
58.5812302	115.4988708	0.5613976	0.4561355
60.3776970	115.4988708	0.2105241	0.3976566
62.1741714	115.4988708	0.0000000	0.0000000
63.9706421	115.4988708	0.5964849	0.4444397
65.7671204	115.4988708	-0.0350873	0.5613976
67.5635834	115.4988708	-0.0701747	0.3157861
69.3600616	115.4988708	0.0000000	0.0000000
71.1565323	115.4988708	0.0000000	0.0000000
-0.7023520	117.2953491	0.0000000	0.0000000
1.0941203	117.2953491	0.0000000	0.0000000
2.8905921	117.2953491	0.0233916	0.3157861
4.6870642	117.2953491	0.0935663	0.2456114
6.4835367	117.2953491	-0.0467831	0.5613976
8.2800093	117.2953491	-0.1403494	0.0584789
10.0764809	117.2953491	-0.0818705	0.0701747
11.8729525	117.2953491	-0.1871325	-0.0116958
13.6694250	117.2953491	0.0818705	0.2573072
15.4658966	117.2953491	-0.4093524	0.0233916
17.2623692	117.2953491	-0.7017469	0.0467831
19.0588398	117.2953491	-0.3391777	0.0818705
20.8553123	117.2953491	-0.6081807	0.3274819
22.6517868	117.2953491	-0.7836174	0.4210482
24.4482574	117.2953491	-1.0526204	0.7251385
26.2447300	117.2953491	-1.2280571	1.0292289
28.0412025	117.2953491	-1.3216234	0.7485301
29.8376732	117.2953491	-1.0877078	0.7485301
31.6341438	117.2953491	-0.7953132	1.1695783
33.4306183	117.2953491	-1.0877078	1.3333192
35.2270889	117.2953491	-1.2748404	1.2280571
37.0235634	117.2953491	-1.0877078	1.9414999
38.8200340	117.2953491	-0.9824457	2.1871114
40.6165047	117.2953491	-0.5029187	1.7309759
42.4129791	117.2953491	-1.1344910	1.4736686
44.2094498	117.2953491	-1.0760120	1.3684065
46.0059242	117.2953491	-0.9473584	1.2631445
47.8023949	117.2953491	-0.6315722	2.0116746
49.5988655	117.2953491	-0.5380060	1.6374096
51.3953362	117.2953491	0.0467831	0.7719216
53.1918106	117.2953491	-0.0584789	0.4093524
54.9882851	117.2953491	0.0701747	0.4678313
56.7847557	117.2953491	-0.0233916	0.6783554
58.5812302	117.2953491	0.2222199	0.7719216
60.3776970	117.2953491	0.2806988	0.8771837
62.1741714	117.2953491	0.0000000	0.0000000
63.9706421	117.2953491	0.0116958	0.0818705
65.7671204	117.2953491	0.1169578	0.8537921
67.5635834	117.2953491	0.1520452	0.8187048
69.3600616	117.2953491	0.0000000	0.0000000
71.1565323	117.2953491	0.0000000	0.0000000
-0.7023520	119.0918198	0.0000000	0.0000000
1.0941203	119.0918198	0.0000000	0.0000000
2.8905921	119.0918198	0.0116958	0.3274819
4.6870642	119.0918198	0.0818705	0.2456114
6.4835367	119.0918198	-0.1169578	0.0467831
8.2800093	119.0918198	-0.1286536	0.1520452
10.0764809	119.0918198	-0.0584789	0.2339157
11.8729525	119.0918198	-0.0935663	0.6081807
13.6694250	119.0918198	-0.1286536	0.7602259
15.4658966	119.0918198	-0.2222199	0.0350873
17.2623692	119.0918198	-0.7719216	0.1637410
19.0588398	119.0918198	-0.2105241	0.3040904
20.8553123	119.0918198	-0.2806988	0.0935663
22.6517868	119.0918198	-0.6900512	0.4093524
24.4482574	119.0918198	-0.5847892	0.4678313
26.2447300	119.0918198	-0.8420963	0.6666596
28.0412025	119.0918198	-1.4034939	0.6081807
29.8376732	119.0918198	-1.3567108	0.6432680
31.6341438	119.0918198	-0.7719216	1.0526204
33.4306183	119.0918198	-0.8070090	1.8011506
35.2270889	119.0918198	-1.1578825	1.2865361
37.0235634	119.0918198	-0.8771837	1.5087559
38.8200340	119.0918198	-0.6783554	2.0467620
40.6165047	119.0918198	-0.6432680	2.2455902
42.4129791	119.0918198	-0.6900512	0.9941415
44.2094498	119.0918198	-0.5497018	1.4385812
46.0059242	119.0918198	-0.7017469	1.3450150
47.8023949	119.0918198	-0.7368343	1.2046657
49.5988655	119.0918198	-0.7485301	0.9239668
51.3953362	119.0918198	-0.1754367	0.2923946
53.1918106	119.0918198	-0.1520452	0.5497018
54.9882851	119.0918198	0.0350873	0.1871325
56.7847557	119.0918198	-0.2105241	0.3391777
58.5812302	119.0918198	-0.0467831	1.1110994
60.3776970	119.0918198	0.0000000	0.0000000
62.1741714	119.0918198	-0.0701747	0.3742650
63.9706421	119.0918198	0.1403494	0.1637410
65.7671204	119.0918198	0.5964849	0.2690030
67.5635834	119.0918198	0.1754367	0.8537921
69.3600616	119.0918198	0.0000000	0.0000000
71.1565323	119.0918198	0.0000000	0.0000000
-0.7023520	120.8882904	0.0000000	0.0000000
1.0941203	120.8882904	0.0000000	0.0000000
2.8905921	120.8882904	0.0000000	0.0000000
4.6870642	120.8882904	0.0000000	1.3567108
6.4835367	120.8882904	-0.0350873	0.3391777
8.2800093	120.8882904	-0.0350873	0.3157861
10.0764809	120.8882904	-0.0233916	0.0701747
11.8729525	120.8882904	-0.0467831	0.4678313
13.6694250	120.8882904	-0.0467831	0.4561355
15.4658966	120.8882904	-0.0818705	1.4151897
17.2623692	120.8882904	-0.7017469	0.4912229
19.0588398	120.8882904	-0.2339157	0.4210482
20.8553123	120.8882904	-0.4678313	0.4327440
22.6517868	120.8882904	-0.6432680	0.1988283
24.4482574	120.8882904	-0.4678313	0.2690030
26.2447300	120.8882904	-0.7602259	0.4444397
28.0412025	120.8882904	-0.4561355	0.5730934
29.8376732	120.8882904	-0.2806988	0.6783554
31.6341438	120.8882904	-0.6432680	0.7251385
33.4306183	120.8882904	-0.3391777	0.8888795
35.2270889	120.8882904	-0.2923946	0.8304006
37.0235634	120.8882904	-0.4912229	0.8304006
38.8200340	120.8882904	-0.3625693	1.5906265
40.6165047	120.8882904	-0.3508735	1.1344910
42.4129791	120.8882904	-0.8654879	1.7192800
44.2094498	120.8882904	-0.4327440	1.4034939
46.0059242	120.8882904	-0.8070090	1.5321475
47.8023949	120.8882904	-0.4795271	1.0877078
49.5988655	120.8882904	-0.3157861	0.6549639
51.3953362	120.8882904	-0.1520452	0.9356626
53.1918106	120.8882904	-0.1520452	0.9239668
54.9882851	120.8882904	0.0818705	1.0409247
56.7847557	120.8882904	-0.7017469	0.1871325
58.5812302	120.8882904	-0.1169578	0.8420963
60.3776970	120.8882904	-0.3040904	0.6198765
62.1741714	120.8882904	-0.0818705	0.4678313
63.9706421	120.8882904	0.1286536	0.5380060
65.7671204	120.8882904	0.5146145	0.6666596
67.5635834	120.8882904	0.1754367	0.9707500
69.3600616	120.8882904	0.0000000	0.0000000
71.1565323	120.8882904	0.0000000	0.0000000
-0.7023520	122.6847610	0.0000000	0.0000000
1.0941203	122.6847610	0.0000000	0.0000000
2.8905921	122.6847610	-0.0818705	0.3976566
4.6870642	122.6847610	0.0000000	0.0000000
6.4835367	122.6847610	-0.2456114	0.1403494
8.2800093	122.6847610	-0.2806988	1.2865361
10.0764809	122.6847610	-0.0935663	0.4444397
11.8729525	122.6847610	-0.0701747	0.1520452
13.6694250	122.6847610	-0.2105241	0.4327440
15.4658966	122.6847610	0.0000000	0.0000000
17.2623692	122.6847610	-0.3859608	0.0935663
19.0588398	122.6847610	-0.4912229	0.1637410
20.8553123	122.6847610	-0.4912229	0.1754367
22.6517868	122.6847610	-0.6549639	0.5029187
24.4482574	122.6847610	-0.6081807	0.5263102
26.2447300	122.6847610	-0.3508735	0.4327440
28.0412025	122.6847610	-0.0467831	0.9122710
29.8376732	122.6847610	-0.1988283	0.6666596
31.6341438	122.6847610	-0.4444397	0.6783554
33.4306183	122.6847610	-0.4327440	0.9122710
35.2270889	122.6847610	-0.5730934	0.9239668
37.0235634	122.6847610	-0.4678313	1.1344910
38.8200340	122.6847610	-0.1169578	1.1461867
40.6165047	122.6847610	0.0701747	0.2456114
42.4129791	122.6847610	-0.2573072	0.3040904
44.2094498	122.6847610	-1.3216234	1.3801024
46.0059242	122.6847610	-0.8187048	1.4268855
47.8023949	122.6847610	-0.6666596	1.5789306
49.5988655	122.6847610	-0.3625693	1.3450150
51.3953362	122.6847610	-0.4795271	1.2865361
53.1918106	122.6847610	-1.1227951	-0.0818705
54.9882851	122.6847610	-0.4912229	0.1871325
56.7847557	122.6847610	-0.0935663	1.0760120
58.5812302	122.6847610	0.0584789	0.8537921
60.3776970	122.6847610	-0.8654879	1.0760120
62.1741714	122.6847610	-0.0584789	0.8420963
63.9706421	122.6847610	0.1286536	0.4561355
65.7671204	122.6847610	-0.0467831	0.7251385
67.5635834	122.6847610	-0.0935663	0.9473584
69.3600616	122.6847610	0.0000000	0.0000000
71.1565323	122.6847610	0.0000000	0.0000000
-0.7023520	124.4812393	0.0000000	0.0000000
1.0941203	124.4812393	0.0000000	0.0000000
2.8905921	124.4812393	-0.0935663	0.5029187
4.6870642	124.4812393	-0.0350873	1.3684065
6.4835367	124.4812393	-0.0233916	0.0350873
8.2800093	124.4812393	-0.2573072	0.0467831
10.0764809	124.4812393	-0.1754367	0.1520452
11.8729525	124.4812393	-0.0467831	0.0701747
13.6694250	124.4812393	-0.7134427	1.4385812
15.4658966	124.4812393	-0.5613976	1.4385812
17.2623692	124.4812393	-0.7368343	0.0467831
19.0588398	124.4812393	-0.6198765	0.1169578
20.8553123	124.4812393	-0.5497018	0.1169578
22.6517868	124.4812393	-0.2690030	0.0467831
24.4482574	124.4812393	-0.2105241	0.0000000
26.2447300	124.4812393	-0.3976566	0.3508735
28.0412025	124.4812393	-0.1169578	0.5029187
29.8376732	124.4812393	-0.2339157	0.7017469
31.6341438	124.4812393	-0.3391777	0.7251385
33.4306183	124.4812393	-0.5730934	0.7251385
35.2270889	124.4812393	-0.6900512	0.9473584
37.0235634	124.4812393	-0.7485301	1.2514488
38.8200340	124.4812393	-0.4093524	1.3099277
40.6165047	124.4812393	-0.7251385	1.3801024
42.4129791	124.4812393	-0.5380060	1.4502771
44.2094498	124.4812393	-0.7251385	1.4151897
46.0059242	124.4812393	-1.1110994	1.6724969
47.8023949	124.4812393	-0.7836174	1.5789306
49.5988655	124.4812393	-0.6081807	1.8947167
51.3953362	124.4812393	-0.4210482	1.0409247
53.1918106	124.4812393	-0.1403494	1.2514488
54.9882851	124.4812393	0.0233916	1.2280571
56.7847557	124.4812393	0.1520452	1.3099277
58.5812302	124.4812393	0.1052620	1.3567108
60.3776970	124.4812393	-0.0701747	1.6608012
62.1741714	124.4812393	0.0233916	1.7075843
63.9706421	124.4812393	0.6081807	0.2105241
65.7671204	124.4812393	-0.1286536	0.2690030
67.5635834	124.4812393	-0.0818705	0.5964849
69.3600616	124.4812393	0.0000000	0.0000000
71.1565323	124.4812393	0.0000000	0.0000000
-0.7023520	126.2777023	0.0000000	0.0000000
1.0941203	126.2777023	0.0000000	0.0000000
2.8905921	126.2777023	0.0116958	0.4795271
4.6870642	126.2777023	0.0000000	0.0000000
6.4835367	126.2777023	-0.0350873	0.0467831
8.2800093	126.2777023	0.0935663	0.0116958
10.0764809	126.2777023	0.1052620	0.0350873
11.8729525	126.2777023	0.0000000	0.0000000
13.6694250	126.2777023	-0.5263102	0.1988283
15.4658966	126.2777023	-0.1871325	0.0350873
17.2623692	126.2777023	-0.7017469	0.0584789
19.0588398	126.2777023	-0.7134427	0.1403494
20.8553123	126.2777023	-0.4678313	0.9005753
22.6517868	126.2777023	-0.5146145	0.7368343
24.4482574	126.2777023	-0.5029187	0.3391777
26.2447300	126.2777023	-0.3040904	0.1754367
28.0412025	126.2777023	-0.0818705	0.2573072
29.8376732	126.2777023	-0.5263102	0.9005753
31.6341438	126.2777023	-0.4210482	0.9941415
33.4306183	126.2777023	-0.7251385	1.0175331
35.2270889	126.2777023	-0.8304006	1.8479337
37.0235634	126.2777023	-0.7251385	1.5087559
38.8200340	126.2777023	-0.1754367	1.5087559
40.6165047	126.2777023	-0.3274819	1.4034939
42.4129791	126.2777023	-0.5613976	1.5438433
44.2094498	126.2777023	-0.8070090	1.7894547
46.0059242	126.2777023	-0.8187048	1.7426716
47.8023949	126.2777023	-0.5847892	1.4619728
49.5988655	126.2777023	-0.3040904	1.5204518
51.3953362	126.2777023	-0.3742650	1.5789306
53.1918106	126.2777023	-0.1520452	1.5438433
54.9882851	126.2777023	0.1637410	1.4619728
56.7847557	126.2777023	0.3859608	0.8187048
58.5812302	126.2777023	0.1637410	1.5555391
60.3776970	126.2777023	-0.0467831	1.9181083
62.1741714	126.2777023	0.2222199	1.4619728
63.9706421	126.2777023	0.1871325	0.8888795
65.7671204	126.2777023	0.1169578	0.8304006
67.5635834	126.2777023	0.0000000	0.7836174
69.3600616	126.2777023	-0.0116958	-0.0233916
71.1565323	126.2777023	0.0233916	-0.0467831
-0.7023520	128.0741882	0.0000000	0.0000000
1.0941203	128.0741882	0.0000000	0.0000000
2.8905921	128.0741882	0.1169578	-1.4619728
4.6870642	128.0741882	0.0000000	0.0000000
6.4835367	128.0741882	-0.0467831	0.0701747
8.2800093	128.0741882	-0.1988283	0.6081807
10.0764809	128.0741882	0.0233916	0.6315722
11.8729525	128.0741882	-0.4561355	0.1637410
13.6694250	128.0741882	-0.3625693	0.0584789
15.4658966	128.0741882	0.0000000	0.0000000
17.2623692	128.0741882	-0.6666596	0.0818705
19.0588398	128.0741882	-0.8070090	1.3099277
20.8553123	128.0741882	-0.6783554	0.0935663
22.6517868	128.0741882	-0.6315722	0.1520452
24.4482574	128.0741882	-0.5146145	0.1520452
26.2447300	128.0741882	-0.2690030	0.3508735
28.0412025	128.0741882	-0.1169578	0.0935663
29.8376732	128.0741882	-0.3274819	0.5497018
31.6341438	128.0741882	-0.5730934	0.9590542
33.4306183	128.0741882	-0.7836174	1.3567108
35.2270889	128.0741882	-0.7719216	1.7426716
37.0235634	128.0741882	-0.7485301	1.8713253
38.8200340	128.0741882	-0.8654879	0.8654879
40.6165047	128.0741882	-0.6081807	1.2982318
42.4129791	128.0741882	-0.2456114	1.7192800
44.2094498	128.0741882	-0.2105241	1.7309759
46.0059242	128.0741882	-0.5146145	1.5906265
47.8023949	128.0741882	-0.4678313	1.7777590
49.5988655	128.0741882	-0.5730934	1.8947167
51.3953362	128.0741882	-0.8070090	1.8596294
53.1918106	128.0741882	-0.0116958	1.4736686
54.9882851	128.0741882	0.0350873	1.1695783
56.7847557	128.0741882	0.5029187	0.8304006
58.5812302	128.0741882	0.7719216	0.6783554
60.3776970	128.0741882	0.0701747	1.2982318
62.1741714	128.0741882	0.0000000	0.9941415
63.9706421	128.0741882	0.1403494	0.9473584
65.7671204	128.0741882	0.0935663	0.5730934
67.5635834	128.0741882	0.1754367	0.6900512
69.3600616	128.0741882	0.0000000	0.0000000
71.1565323	128.0741882	0.0000000	0.0000000
-0.7023520	129.8706512	0.0000000	0.0000000
1.0941203	129.8706512	0.0000000	0.0000000
2.8905921	129.8706512	0.0000000	0.0000000
4.6870642	129.8706512	0.0000000	0.0000000
6.4835367	129.8706512	0.0000000	0.0000000
8.2800093	129.8706512	0.1754367	1.4853644
10.0764809	129.8706512	-0.3742650	0.0116958
11.8729525	129.8706512	0.0000000	0.0000000
13.6694250	129.8706512	0.0000000	0.0000000
15.4658966	129.8706512	-0.7719216	0.0350873
17.2623692	129.8706512	-0.7368343	0.0818705
19.0588398	129.8706512	-0.6315722	0.1520452
20.8553123	129.8706512	-0.6900512	0.0935663
22.6517868	129.8706512	-0.8187048	1.3917981
24.4482574	129.8706512	-0.2690030	-0.2339157
26.2447300	129.8706512	-0.2222199	0.1286536
28.0412025	129.8706512	-0.1637410	0.3157861
29.8376732	129.8706512	-0.2573072	0.5730934
31.6341438	129.8706512	-0.7134427	0.8070090
33.4306183	129.8706512	-1.2631445	1.4034939
35.2270889	129.8706512	-1.3567108	1.3801024
37.0235634	129.8706512	-0.8304006	1.5672349
38.8200340	129.8706512	-0.5613976	1.2163614
40.6165047	129.8706512	-0.5964849	0.9824457
42.4129791	129.8706512	-0.3157861	1.5321475
44.2094498	129.8706512	-0.0818705	1.7426716
46.0059242	129.8706512	-0.2222199	1.2982318
47.8023949	129.8706512	-0.2573072	1.2514488
49.5988655	129.8706512	0.0116958	1.4853644
51.3953362	129.8706512	0.0233916	2.0116746
53.1918106	129.8706512	0.0818705	1.5789306
54.9882851	129.8706512	0.1754367	1.1461867
56.7847557	129.8706512	0.5964849	0.7368343
58.5812302	129.8706512	0.8420963	1.0175331
60.3776970	129.8706512	0.3625693	1.0292289
62.1741714	129.8706512	-0.1403494	0.8304006
63.9706421	129.8706512	-0.0818705	0.8187048
65.7671204	129.8706512	0.0584789	0.7953132
67.5635834	129.8706512	0.0233916	0.7953132
69.3600616	129.8706512	0.0000000	0.0000000
71.1565323	129.8706512	0.0000000	0.0000000
-0.7023520	131.6671295	0.0000000	0.0000000
1.0941203	131.6671295	0.0000000	0.0000000
2.8905921	131.6671295	0.0000000	0.0000000
4.6870642	131.6671295	0.0000000	0.0000000
6.4835367	131.6671295	-0.0350873	0.0116958
8.2800093	131.6671295	0.0000000	0.0000000
10.0764809	131.6671295	0.0000000	0.0000000
11.8729525	131.6671295	0.0000000	0.0000000
13.6694250	131.6671295	-0.6549639	1.4268855
15.4658966	131.6671295	0.0000000	0.0000000
17.2623692	131.6671295	-0.6666596	0.0701747
19.0588398	131.6671295	-0.6432680	0.1871325
20.8553123	131.6671295	-0.6666596	0.0584789
22.6517868	131.6671295	0.0000000	0.0000000
24.4482574	131.6671295	-0.6549639	0.2923946
26.2447300	131.6671295	-0.6666596	0.3157861
28.0412025	131.6671295	-0.7017469	1.1578825
29.8376732	131.6671295	-0.2573072	0.1871325
31.6341438	131.6671295	-0.8070090	1.0877078
33.4306183	131.6671295	-1.2865361	1.3801024
35.2270889	131.6671295	-1.1929698	1.3216234
37.0235634	131.6671295	-0.7134427	2.0116746
38.8200340	131.6671295	-0.5263102	1.3450150
40.6165047	131.6671295	-0.3157861	0.6198765
42.4129791	131.6671295	-0.3625693	1.4151897
44.2094498	131.6671295	-0.0701747	1.7309759
46.0059242	131.6671295	-0.1520452	1.3801024
47.8023949	131.6671295	-0.3040904	1.5789306
49.5988655	131.6671295	-0.1286536	1.6841927
51.3953362	131.6671295	0.1169578	1.6023222
53.1918106	131.6671295	0.1988283	1.8479337
54.9882851	131.6671295	0.2690030	1.1461867
56.7847557	131.6671295	0.3859608	1.3450150
58.5812302	131.6671295	0.9005753	1.3567108
60.3776970	131.6671295	0.8420963	1.3333192
62.1741714	131.6671295	0.6549639	1.6257138
63.9706421	131.6671295	0.1403494	0.9239668
65.7671204	131.6671295	0.0818705	0.7602259
67.5635834	131.6671295	-0.1637410	0.9941415
69.3600616	131.6671295	0.0000000	0.0000000
71.1565323	131.6671295	0.0000000	0.0000000
-0.7023520	133.4635925	0.0000000	0.0000000
1.0941203	133.4635925	0.0000000	0.0000000
2.8905921	133.4635925	0.0000000	0.0000000
4.6870642	133.4635925	0.0000000	0.0000000
6.4835367	133.4635925	-0.0467831	0.6783554
8.2800093	133.4635925	-0.1988283	0.7602259
10.0764809	133.4635925	0.0000000	0.0000000
11.8729525	133.4635925	-0.6081807	1.4151897
13.6694250	133.4635925	-0.4444397	1.4034939
15.4658966	133.4635925	0.0000000	0.0000000
17.2623692	133.4635925	-0.9239668	1.4385812
19.0588398	133.4635925	0.0000000	0.0000000
20.8553123	133.4635925	-0.7017469	0.0818705
22.6517868	133.4635925	-0.6432680	0.0467831
24.4482574	133.4635925	-0.7953132	0.6666596
26.2447300	133.4635925	-0.6900512	0.7719216
28.0412025	133.4635925	-0.5029187	0.8771837
29.8376732	133.4635925	-0.2456114	1.0760120
31.6341438	133.4635925	-0.7017469	0.8888795
33.4306183	133.4635925	-0.4912229	1.5087559
35.2270889	133.4635925	-0.7602259	1.7777590
37.0235634	133.4635925	-0.4795271	2.3157649
38.8200340	133.4635925	-0.1520452	0.8304006
40.6165047	133.4635925	-0.2105241	0.8304006
42.4129791	133.4635925	-0.2222199	1.5204518
44.2094498	133.4635925	-0.0233916	1.6724969
46.0059242	133.4635925	-0.1754367	1.0292289
47.8023949	133.4635925	-0.1988283	1.9181083
49.5988655	133.4635925	-0.0701747	1.8830210
51.3953362	133.4635925	0.1169578	1.4502771
53.1918106	133.4635925	-0.1520452	1.7309759
54.9882851	133.4635925	0.1754367	1.2865361
56.7847557	133.4635925	0.3742650	1.5672349
58.5812302	133.4635925	0.9473584	1.8362379
60.3776970	133.4635925	0.7953132	1.5906265
62.1741714	133.4635925	0.1286536	1.2280571
63.9706421	133.4635925	0.2806988	1.1344910
65.7671204	133.4635925	0.2222199	0.8771837
67.5635834	133.4635925	0.1403494	0.9122710
69.3600616	133.4635925	0.0000000	0.0000000
71.1565323	133.4635925	0.0000000	0.0000000
-0.7023520	135.2600555	0.0000000	0.0000000
1.0941203	135.2600555	0.0000000	0.0000000
2.8905921	135.2600555	0.0000000	0.0000000
4.6870642	135.2600555	0.0000000	0.0000000
6.4835367	135.2600555	0.0000000	0.0000000
8.2800093	135.2600555	-0.1403494	0.3976566
10.0764809	135.2600555	0.0000000	0.0000000
11.8729525	135.2600555	0.0000000	0.0000000
13.6694250	135.2600555	0.0000000	0.0000000
15.4658966	135.2600555	-0.9356626	1.4736686
17.2623692	135.2600555	-0.9824457	1.4385812
19.0588398	135.2600555	-0.8187048	1.4034939
20.8553123	135.2600555	-0.6666596	0.1286536
22.6517868	135.2600555	-0.7836174	1.3567108
24.4482574	135.2600555	-0.7953132	0.7251385
26.2447300	135.2600555	-0.4912229	0.7953132
28.0412025	135.2600555	-0.3508735	0.8187048
29.8376732	135.2600555	-0.2456114	1.0058373
31.6341438	135.2600555	-0.1052620	0.9824457
33.4306183	135.2600555	-0.4678313	1.1461867
35.2270889	135.2600555	-0.2690030	1.2982318
37.0235634	135.2600555	-0.0818705	1.3216234
38.8200340	135.2600555	-0.1637410	0.9473584
40.6165047	135.2600555	-0.4210482	0.7953132
42.4129791	135.2600555	-0.2573072	1.4853644
44.2094498	135.2600555	-0.2806988	1.7309759
46.0059242	135.2600555	-0.3274819	0.7953132
47.8023949	135.2600555	-0.0584789	2.1754155
49.5988655	135.2600555	-0.1052620	2.1052408
51.3953362	135.2600555	0.3859608	1.7309759
53.1918106	135.2600555	0.2806988	1.9064126
54.9882851	135.2600555	0.1052620	1.4502771
56.7847557	135.2600555	0.0584789	1.5438433
58.5812302	135.2600555	0.5613976	1.3099277
60.3776970	135.2600555	0.1871325	1.1110994
62.1741714	135.2600555	0.0116958	0.9590542
63.9706421	135.2600555	0.0584789	0.8070090
65.7671204	135.2600555	0.1052620	0.4795271
67.5635834	135.2600555	0.1403494	0.4795271
69.3600616	135.2600555	0.0233916	-1.4970602
71.1565323	135.2600555	0.0000000	0.0000000
-0.7023520	137.0565491	0.0000000	0.0000000
1.0941203	137.0565491	0.0000000	0.0000000
2.8905921	137.0565491	0.0000000	0.0000000
4.6870642	137.0565491	-0.0116958	1.4736686
6.4835367	137.0565491	0.0000000	0.0000000
8.2800093	137.0565491	-0.2806988	1.4736686
10.0764809	137.0565491	0.0000000	0.0000000
11.8729525	137.0565491	-0.2690030	0.0584789
13.6694250	137.0565491	0.0000000	0.0000000
15.4658966	137.0565491	-0.4444397	1.3917981
17.2623692	137.0565491	0.0000000	0.0000000
19.0588398	137.0565491	-0.7485301	1.4385812
20.8553123	137.0565491	-0.7485301	1.4502771
22.6517868	137.0565491	-0.8187048	1.3567108
24.4482574	137.0565491	-0.5730934	0.8304006
26.2447300	137.0565491	-0.6315722	0.5847892
28.0412025	137.0565491	-0.2573072	0.7134427
29.8376732	137.0565491	-0.2806988	1.3333192
31.6341438	137.0565491	-0.3391777	1.5789306
33.4306183	137.0565491	-0.3976566	1.5906265
35.2270889	137.0565491	-0.4093524	1.4736686
37.0235634	137.0565491	-0.2456114	1.3099277
38.8200340	137.0565491	-0.3157861	0.7368343
40.6165047	137.0565491	-0.4912229	0.9005753
42.4129791	137.0565491	-0.1871325	1.0058373
44.2094498	137.0565491	-0.0935663	1.2397530
46.0059242	137.0565491	-0.4561355	1.1344910
47.8023949	137.0565491	-0.1169578	1.6608012
49.5988655	137.0565491	0.7134427	1.5204518
51.3953362	137.0565491	0.3508735	2.1871114
53.1918106	137.0565491	0.2339157	2.3391566
54.9882851	137.0565491	-0.0584789	1.4151897
56.7847557	137.0565491	-0.0233916	1.4619728
58.5812302	137.0565491	-0.2456114	0.3274819
60.3776970	137.0565491	0.1871325	1.0760120
62.1741714	137.0565491	0.4093524	0.8888795
63.9706421	137.0565491	0.0000000	0.0000000
65.7671204	137.0565491	-0.0116958	1.0058373
67.5635834	137.0565491	-0.0350873	0.5964849
69.3600616	137.0565491	0.0000000	0.0000000
71.1565323	137.0565491	0.0000000	0.0000000
-0.7023520	138.8530121	0.0000000	0.0000000
1.0941203	138.8530121	0.0000000	0.0000000
2.8905921	138.8530121	0.0233916	0.8420963
4.6870642	138.8530121	-0.0116958	0.8304006
6.4835367	138.8530121	-0.1052620	1.4853644
8.2800093	138.8530121	0.0000000	0.0000000
10.0764809	138.8530121	0.0000000	0.0000000
11.8729525	138.8530121	-0.4444397	1.3450150
13.6694250	138.8530121	-0.0116958	1.4619728
15.4658966	138.8530121	0.0000000	0.0000000
17.2623692	138.8530121	0.0000000	0.0000000
19.0588398	138.8530121	0.0000000	0.0000000
20.8553123	138.8530121	-0.8070090	1.4268855
22.6517868	138.8530121	0.0000000	0.0000000
24.4482574	138.8530121	-0.1052620	0.1403494
26.2447300	138.8530121	-0.3742650	0.7602259
28.0412025	138.8530121	-0.5146145	0.5380060
29.8376732	138.8530121	-0.6549639	1.1812741
31.6341438	138.8530121	-0.3859608	1.5438433
33.4306183	138.8530121	-0.0584789	1.4034939
35.2270889	138.8530121	-0.9590542	1.3099277
37.0235634	138.8530121	-0.6900512	1.0526204
38.8200340	138.8530121	-0.7602259	0.3508735
40.6165047	138.8530121	-0.1637410	0.8654879
42.4129791	138.8530121	-0.1052620	0.8304006
44.2094498	138.8530121	-0.0701747	1.3917981
46.0059242	138.8530121	-0.2339157	1.6958885
47.8023949	138.8530121	-0.0116958	1.8362379
49.5988655	138.8530121	0.2105241	2.4561143
51.3953362	138.8530121	-0.0935663	2.7251174
53.1918106	138.8530121	0.0116958	2.0116746
54.9882851	138.8530121	-0.0584789	1.5555391
56.7847557	138.8530121	-0.0584789	1.5672349
58.5812302	138.8530121	0.0350873	1.0877078
60.3776970	138.8530121	0.0701747	0.9473584
62.1741714	138.8530121	-0.7719216	0.3157861
63.9706421	138.8530121	0.0584789	0.9473584
65.7671204	138.8530121	0.0116958	1.1461867
67.5635834	138.8530121	0.0000000	0.0000000
69.3600616	138.8530121	0.0000000	0.0000000
71.1565323	138.8530121	0.0000000	0.0000000
