Burst/rec/seq: 	0	16	16
Time stamp:  	01/07/13 	14:15:54:661
Elapsed time (ms): 	      66
-0.7023520	65.1976547	0.0000000	0.0000000
1.0941203	65.1976547	0.0000000	0.0000000
2.8905921	65.1976547	0.0000000	0.0000000
4.6870642	65.1976547	0.0701747	-0.8187048
6.4835367	65.1976547	0.0467831	-0.7134427
8.2800093	65.1976547	0.7485301	-1.1695783
10.0764809	65.1976547	0.5730934	-0.9005753
11.8729525	65.1976547	0.5847892	-0.9122710
13.6694250	65.1976547	0.5613976	-0.7719216
15.4658966	65.1976547	-0.0233916	-0.5497018
17.2623692	65.1976547	-0.5146145	-0.0935663
19.0588398	65.1976547	0.1988283	-0.4912229
20.8553123	65.1976547	-0.2456114	-0.5730934
22.6517868	65.1976547	-0.6198765	-0.5964849
24.4482574	65.1976547	-0.0116958	-0.2339157
26.2447300	65.1976547	0.3157861	-0.5613976
28.0412025	65.1976547	0.5380060	-1.0058373
29.8376732	65.1976547	0.4210482	-0.6081807
31.6341438	65.1976547	0.5380060	-0.5964849
33.4306183	65.1976547	0.5613976	-0.0935663
35.2270889	65.1976547	0.3040904	-0.1169578
37.0235634	65.1976547	0.4210482	-0.0233916
38.8200340	65.1976547	0.6432680	0.1871325
40.6165047	65.1976547	0.9473584	0.1871325
42.4129791	65.1976547	0.5730934	-0.0701747
44.2094498	65.1976547	0.3391777	1.3216234
46.0059242	65.1976547	0.2105241	1.5672349
47.8023949	65.1976547	-0.5847892	1.3216234
49.5988655	65.1976547	-0.3742650	1.1227951
51.3953362	65.1976547	-2.2105029	1.2631445
53.1918106	65.1976547	-2.3508523	0.8304006
54.9882851	65.1976547	-1.4970602	0.6900512
56.7847557	65.1976547	0.0000000	0.0000000
58.5812302	65.1976547	-1.4034939	1.3450150
60.3776970	65.1976547	-0.9122710	0.5380060
62.1741714	65.1976547	-0.8070090	0.6900512
63.9706421	65.1976547	-0.1988283	0.7836174
65.7671204	65.1976547	0.0000000	0.0000000
67.5635834	65.1976547	-0.1052620	0.6081807
69.3600616	65.1976547	0.0000000	0.0000000
71.1565323	65.1976547	0.0000000	0.0000000
-0.7023520	66.9941254	0.0000000	0.0000000
1.0941203	66.9941254	0.0000000	0.0000000
2.8905921	66.9941254	-0.0467831	-0.7719216
4.6870642	66.9941254	-0.2339157	-0.7719216
6.4835367	66.9941254	-0.1637410	-0.6315722
8.2800093	66.9941254	0.2573072	-0.5497018
10.0764809	66.9941254	0.1286536	-0.3625693
11.8729525	66.9941254	0.3508735	-0.0935663
13.6694250	66.9941254	0.7602259	-0.5730934
15.4658966	66.9941254	0.5029187	-0.7368343
17.2623692	66.9941254	0.5847892	-0.9356626
19.0588398	66.9941254	0.5029187	-0.8070090
20.8553123	66.9941254	0.1520452	-0.1403494
22.6517868	66.9941254	0.2339157	-0.1169578
24.4482574	66.9941254	0.0935663	-0.2806988
26.2447300	66.9941254	0.9005753	-1.2280571
28.0412025	66.9941254	0.6549639	-0.9707500
29.8376732	66.9941254	0.3040904	-0.8187048
31.6341438	66.9941254	0.8070090	-0.5497018
33.4306183	66.9941254	0.7719216	-0.0818705
35.2270889	66.9941254	0.8070090	-0.1286536
37.0235634	66.9941254	0.7836174	0.1403494
38.8200340	66.9941254	0.7602259	0.1988283
40.6165047	66.9941254	0.9239668	0.0584789
42.4129791	66.9941254	0.7251385	0.0701747
44.2094498	66.9941254	0.1637410	0.8537921
46.0059242	66.9941254	0.9590542	1.8128463
47.8023949	66.9941254	0.1871325	1.5789306
49.5988655	66.9941254	-0.1754367	2.0350661
51.3953362	66.9941254	0.0000000	0.0000000
53.1918106	66.9941254	-2.4210269	0.7485301
54.9882851	66.9941254	-1.8362379	0.8070090
56.7847557	66.9941254	-1.7192800	0.9941415
58.5812302	66.9941254	-1.0994036	0.5730934
60.3776970	66.9941254	-0.5029187	0.5029187
62.1741714	66.9941254	-0.5029187	0.8420963
63.9706421	66.9941254	-0.1871325	1.0994036
65.7671204	66.9941254	-0.8187048	0.5964849
67.5635834	66.9941254	-0.0350873	0.5964849
69.3600616	66.9941254	0.0000000	0.0000000
71.1565323	66.9941254	0.0000000	0.0000000
-0.7023520	68.7905960	0.0000000	0.0000000
1.0941203	68.7905960	0.0000000	0.0000000
2.8905921	68.7905960	0.0000000	0.0000000
4.6870642	68.7905960	-0.1988283	-0.6432680
6.4835367	68.7905960	-0.1988283	-0.5730934
8.2800093	68.7905960	-0.1286536	-0.3274819
10.0764809	68.7905960	-0.0233916	-0.3157861
11.8729525	68.7905960	-0.1052620	-0.2222199
13.6694250	68.7905960	0.0701747	-0.2105241
15.4658966	68.7905960	-0.0935663	-0.6666596
17.2623692	68.7905960	0.1052620	-0.6666596
19.0588398	68.7905960	0.1286536	-0.5964849
20.8553123	68.7905960	-0.1403494	-0.6315722
22.6517868	68.7905960	0.1403494	-0.4093524
24.4482574	68.7905960	0.3976566	-0.8537921
26.2447300	68.7905960	0.5497018	-1.2631445
28.0412025	68.7905960	0.5380060	-1.2163614
29.8376732	68.7905960	0.0000000	0.0000000
31.6341438	68.7905960	0.8187048	-0.4444397
33.4306183	68.7905960	0.7836174	-0.4444397
35.2270889	68.7905960	0.7953132	-0.1988283
37.0235634	68.7905960	0.9005753	0.0935663
38.8200340	68.7905960	0.8187048	0.0935663
40.6165047	68.7905960	0.8187048	-0.0935663
42.4129791	68.7905960	0.7017469	0.0233916
44.2094498	68.7905960	-0.0350873	0.6432680
46.0059242	68.7905960	0.0000000	0.0000000
47.8023949	68.7905960	0.0000000	0.0000000
49.5988655	68.7905960	0.0000000	0.0000000
51.3953362	68.7905960	-1.7309759	1.5906265
53.1918106	68.7905960	-1.9064126	1.6023222
54.9882851	68.7905960	-1.4736686	1.2631445
56.7847557	68.7905960	-0.5497018	0.6900512
58.5812302	68.7905960	-0.0350873	0.2456114
60.3776970	68.7905960	-0.0818705	0.3040904
62.1741714	68.7905960	0.0701747	0.9473584
63.9706421	68.7905960	-0.5964849	1.3099277
65.7671204	68.7905960	-0.7485301	0.9239668
67.5635834	68.7905960	0.0116958	0.9707500
69.3600616	68.7905960	0.0000000	0.0000000
71.1565323	68.7905960	0.0000000	0.0000000
-0.7023520	70.5870667	0.0000000	0.0000000
1.0941203	70.5870667	0.0000000	0.0000000
2.8905921	70.5870667	-0.0584789	-0.7134427
4.6870642	70.5870667	-0.5847892	0.0116958
6.4835367	70.5870667	-0.5613976	-0.0935663
8.2800093	70.5870667	-0.0116958	-0.4678313
10.0764809	70.5870667	0.0467831	-0.4327440
11.8729525	70.5870667	-0.0467831	-0.2573072
13.6694250	70.5870667	-0.1988283	-0.3157861
15.4658966	70.5870667	-0.1052620	-0.2690030
17.2623692	70.5870667	-0.0818705	-0.5146145
19.0588398	70.5870667	-0.0935663	-0.3625693
20.8553123	70.5870667	0.0584789	-0.4795271
22.6517868	70.5870667	0.5613976	-0.6198765
24.4482574	70.5870667	0.9239668	-0.7134427
26.2447300	70.5870667	0.9005753	-0.9473584
28.0412025	70.5870667	0.9239668	-0.1169578
29.8376732	70.5870667	0.0000000	0.0000000
31.6341438	70.5870667	0.4210482	-0.3508735
33.4306183	70.5870667	0.4210482	-0.3742650
35.2270889	70.5870667	0.7017469	-0.2222199
37.0235634	70.5870667	0.9473584	0.0818705
38.8200340	70.5870667	1.4385812	-0.1520452
40.6165047	70.5870667	1.2748404	-0.1403494
42.4129791	70.5870667	0.8654879	0.0701747
44.2094498	70.5870667	0.1520452	0.8304006
46.0059242	70.5870667	0.0000000	0.0000000
47.8023949	70.5870667	-0.0467831	0.0701747
49.5988655	70.5870667	0.0000000	0.0000000
51.3953362	70.5870667	0.0000000	0.0000000
53.1918106	70.5870667	-0.9122710	2.4093313
54.9882851	70.5870667	-0.2456114	0.9122710
56.7847557	70.5870667	0.0000000	0.9122710
58.5812302	70.5870667	0.0701747	0.6315722
60.3776970	70.5870667	-0.1403494	0.6198765
62.1741714	70.5870667	-0.8654879	0.9122710
63.9706421	70.5870667	-0.5964849	1.6958885
65.7671204	70.5870667	-0.2690030	1.6374096
67.5635834	70.5870667	-0.0701747	1.2397530
69.3600616	70.5870667	0.0000000	0.0000000
71.1565323	70.5870667	0.0000000	0.0000000
-0.7023520	72.3835449	0.0000000	0.0000000
1.0941203	72.3835449	0.0000000	0.0000000
2.8905921	72.3835449	0.0000000	0.0000000
4.6870642	72.3835449	-0.6081807	0.0116958
6.4835367	72.3835449	-0.4210482	-0.1052620
8.2800093	72.3835449	-0.0935663	-0.3157861
10.0764809	72.3835449	-0.5263102	-0.0584789
11.8729525	72.3835449	-0.4912229	-0.0467831
13.6694250	72.3835449	-0.4561355	-0.1169578
15.4658966	72.3835449	-0.1754367	-0.4912229
17.2623692	72.3835449	0.0000000	-0.5613976
19.0588398	72.3835449	0.1754367	-0.4327440
20.8553123	72.3835449	0.4795271	-0.5730934
22.6517868	72.3835449	0.7836174	-0.4093524
24.4482574	72.3835449	1.0994036	-0.5029187
26.2447300	72.3835449	0.9239668	-0.4093524
28.0412025	72.3835449	0.0000000	0.0000000
29.8376732	72.3835449	0.8420963	-0.5847892
31.6341438	72.3835449	0.5613976	-0.2339157
33.4306183	72.3835449	0.2690030	0.0467831
35.2270889	72.3835449	0.7836174	-0.1754367
37.0235634	72.3835449	0.8537921	-0.0818705
38.8200340	72.3835449	1.2280571	-0.1520452
40.6165047	72.3835449	1.5087559	-0.0467831
42.4129791	72.3835449	0.2105241	0.9590542
44.2094498	72.3835449	0.2222199	1.0877078
46.0059242	72.3835449	-0.0935663	1.6724969
47.8023949	72.3835449	0.0467831	2.3742440
49.5988655	72.3835449	-0.0116958	2.7485089
51.3953362	72.3835449	0.0000000	0.0000000
53.1918106	72.3835449	0.3859608	1.4268855
54.9882851	72.3835449	0.2573072	1.4268855
56.7847557	72.3835449	0.0467831	0.6081807
58.5812302	72.3835449	0.9239668	0.2923946
60.3776970	72.3835449	0.3742650	0.7953132
62.1741714	72.3835449	-0.8888795	0.7017469
63.9706421	72.3835449	-0.2690030	1.3684065
65.7671204	72.3835449	-0.1871325	2.0584579
67.5635834	72.3835449	0.0000000	0.0000000
69.3600616	72.3835449	0.0000000	0.0000000
71.1565323	72.3835449	0.0000000	0.0000000
-0.7023520	74.1800156	0.0000000	0.0000000
1.0941203	74.1800156	0.0000000	0.0000000
2.8905921	74.1800156	0.0000000	0.0116958
4.6870642	74.1800156	-0.1286536	0.0000000
6.4835367	74.1800156	0.0116958	-0.4210482
8.2800093	74.1800156	-0.2690030	-0.3625693
10.0764809	74.1800156	-0.5613976	-0.0467831
11.8729525	74.1800156	-0.6315722	0.0467831
13.6694250	74.1800156	-0.5263102	-0.0116958
15.4658966	74.1800156	-0.6666596	-0.1286536
17.2623692	74.1800156	-0.2690030	-0.2456114
19.0588398	74.1800156	0.0233916	-0.1286536
20.8553123	74.1800156	0.4561355	-0.5497018
22.6517868	74.1800156	0.7836174	-0.3274819
24.4482574	74.1800156	1.3333192	-0.5847892
26.2447300	74.1800156	0.8771837	-0.4327440
28.0412025	74.1800156	1.0760120	-0.5964849
29.8376732	74.1800156	0.8888795	-0.5613976
31.6341438	74.1800156	0.8187048	-0.0467831
33.4306183	74.1800156	0.5263102	-0.0350873
35.2270889	74.1800156	0.7953132	-0.0116958
37.0235634	74.1800156	0.0116958	-0.6549639
38.8200340	74.1800156	0.7368343	0.0000000
40.6165047	74.1800156	0.2690030	0.9473584
42.4129791	74.1800156	-0.5029187	1.8011506
44.2094498	74.1800156	0.0000000	0.0000000
46.0059242	74.1800156	0.1637410	0.7719216
47.8023949	74.1800156	0.4210482	1.9298041
49.5988655	74.1800156	0.8070090	1.8596294
51.3953362	74.1800156	-0.2339157	1.7426716
53.1918106	74.1800156	0.0350873	1.3216234
54.9882851	74.1800156	0.1988283	1.2163614
56.7847557	74.1800156	0.9122710	0.2222199
58.5812302	74.1800156	0.8187048	-0.0233916
60.3776970	74.1800156	0.0000000	0.0000000
62.1741714	74.1800156	-0.7485301	1.2163614
63.9706421	74.1800156	-0.2923946	1.3684065
65.7671204	74.1800156	-0.5146145	1.2982318
67.5635834	74.1800156	0.0818705	0.7602259
69.3600616	74.1800156	0.0000000	0.0000000
71.1565323	74.1800156	0.0000000	0.0000000
-0.7023520	75.9764862	0.0000000	0.0000000
1.0941203	75.9764862	0.0000000	0.0000000
2.8905921	75.9764862	-0.0701747	0.4210482
4.6870642	75.9764862	0.0233916	0.2573072
6.4835367	75.9764862	-0.1286536	-0.2105241
8.2800093	75.9764862	-0.2222199	-0.1637410
10.0764809	75.9764862	-0.1988283	-0.0818705
11.8729525	75.9764862	-0.4678313	0.1520452
13.6694250	75.9764862	-0.2690030	-0.0350873
15.4658966	75.9764862	-0.0467831	-0.0701747
17.2623692	75.9764862	0.0701747	-0.1286536
19.0588398	75.9764862	0.0233916	-0.1052620
20.8553123	75.9764862	0.1871325	-0.0584789
22.6517868	75.9764862	0.1403494	0.1169578
24.4482574	75.9764862	-0.0233916	0.0233916
26.2447300	75.9764862	0.8304006	-0.4327440
28.0412025	75.9764862	0.9590542	-0.5730934
29.8376732	75.9764862	1.2631445	-0.0584789
31.6341438	75.9764862	0.6900512	-0.0584789
33.4306183	75.9764862	0.5847892	-0.1169578
35.2270889	75.9764862	0.8304006	0.0233916
37.0235634	75.9764862	0.5730934	0.0467831
38.8200340	75.9764862	0.6315722	0.1286536
40.6165047	75.9764862	0.7017469	-0.2456114
42.4129791	75.9764862	0.4444397	-0.0116958
44.2094498	75.9764862	-0.0467831	0.5730934
46.0059242	75.9764862	0.1637410	0.6081807
47.8023949	75.9764862	0.1520452	0.8070090
49.5988655	75.9764862	0.2105241	1.4619728
51.3953362	75.9764862	0.2222199	1.7309759
53.1918106	75.9764862	0.1871325	1.9882830
54.9882851	75.9764862	0.1871325	2.0584579
56.7847557	75.9764862	0.0116958	0.7368343
58.5812302	75.9764862	-0.1403494	0.9707500
60.3776970	75.9764862	-0.7836174	1.2865361
62.1741714	75.9764862	-0.9824457	1.2280571
63.9706421	75.9764862	0.0000000	0.0000000
65.7671204	75.9764862	-0.6315722	0.9356626
67.5635834	75.9764862	-0.0467831	0.7368343
69.3600616	75.9764862	0.0000000	0.0000000
71.1565323	75.9764862	0.0000000	0.0000000
-0.7023520	77.7729568	0.0000000	0.0000000
1.0941203	77.7729568	0.0000000	0.0000000
2.8905921	77.7729568	-0.0350873	0.4327440
4.6870642	77.7729568	0.0350873	0.5730934
6.4835367	77.7729568	0.0935663	0.0701747
8.2800093	77.7729568	-0.0467831	-0.0116958
10.0764809	77.7729568	-0.1871325	-0.0935663
11.8729525	77.7729568	-0.5847892	0.0233916
13.6694250	77.7729568	-0.2923946	0.0116958
15.4658966	77.7729568	-0.0467831	0.0467831
17.2623692	77.7729568	-0.0584789	-0.0350873
19.0588398	77.7729568	0.0350873	-0.1286536
20.8553123	77.7729568	0.1403494	0.1754367
22.6517868	77.7729568	-0.1520452	0.4912229
24.4482574	77.7729568	-0.1052620	0.1286536
26.2447300	77.7729568	0.7602259	-0.1754367
28.0412025	77.7729568	0.5029187	-0.3274819
29.8376732	77.7729568	0.7368343	-0.0467831
31.6341438	77.7729568	1.0292289	0.0116958
33.4306183	77.7729568	0.5263102	-0.0350873
35.2270889	77.7729568	0.5497018	-0.0233916
37.0235634	77.7729568	0.1520452	0.3976566
38.8200340	77.7729568	0.1637410	0.2806988
40.6165047	77.7729568	0.2105241	0.1286536
42.4129791	77.7729568	0.7602259	0.0701747
44.2094498	77.7729568	0.1169578	0.4678313
46.0059242	77.7729568	0.1052620	0.6198765
47.8023949	77.7729568	0.1988283	1.0877078
49.5988655	77.7729568	0.2105241	1.3684065
51.3953362	77.7729568	0.2456114	1.5321475
53.1918106	77.7729568	0.4912229	0.9941415
54.9882851	77.7729568	0.0000000	0.0000000
56.7847557	77.7729568	0.0000000	0.9005753
58.5812302	77.7729568	-0.0116958	0.9707500
60.3776970	77.7729568	-0.2456114	1.2046657
62.1741714	77.7729568	-0.7953132	1.4853644
63.9706421	77.7729568	-0.4795271	1.5438433
65.7671204	77.7729568	0.0000000	0.8420963
67.5635834	77.7729568	0.0350873	0.7017469
69.3600616	77.7729568	0.0000000	0.0000000
71.1565323	77.7729568	0.0000000	0.0000000
-0.7023520	79.5694275	0.0000000	0.0000000
1.0941203	79.5694275	0.0000000	0.0000000
2.8905921	79.5694275	0.1169578	0.7719216
4.6870642	79.5694275	0.2105241	0.0350873
6.4835367	79.5694275	0.2105241	0.0701747
8.2800093	79.5694275	0.1052620	0.4912229
10.0764809	79.5694275	0.1988283	0.2456114
11.8729525	79.5694275	-0.0116958	0.0467831
13.6694250	79.5694275	-0.2573072	0.0233916
15.4658966	79.5694275	-0.0467831	0.1286536
17.2623692	79.5694275	-0.1169578	-0.0233916
19.0588398	79.5694275	-0.1052620	0.0818705
20.8553123	79.5694275	0.1403494	0.2806988
22.6517868	79.5694275	0.6432680	0.3157861
24.4482574	79.5694275	1.2280571	0.1520452
26.2447300	79.5694275	1.2748404	0.0935663
28.0412025	79.5694275	0.8654879	0.2456114
29.8376732	79.5694275	1.2397530	0.1169578
31.6341438	79.5694275	1.2748404	0.2105241
33.4306183	79.5694275	0.7368343	0.2923946
35.2270889	79.5694275	0.6081807	0.1052620
37.0235634	79.5694275	0.2456114	0.5847892
38.8200340	79.5694275	0.5497018	0.1754367
40.6165047	79.5694275	0.4210482	0.1403494
42.4129791	79.5694275	0.5847892	0.0701747
44.2094498	79.5694275	0.1286536	0.9005753
46.0059242	79.5694275	-1.0409247	1.2046657
47.8023949	79.5694275	-0.7719216	1.2397530
49.5988655	79.5694275	-0.6315722	1.4502771
51.3953362	79.5694275	-0.4912229	1.5204518
53.1918106	79.5694275	-0.4210482	1.3567108
54.9882851	79.5694275	0.0467831	1.1578825
56.7847557	79.5694275	-0.0584789	0.6666596
58.5812302	79.5694275	-0.0935663	0.2806988
60.3776970	79.5694275	0.0000000	0.0000000
62.1741714	79.5694275	-0.4444397	0.8070090
63.9706421	79.5694275	-0.0233916	1.3567108
65.7671204	79.5694275	-0.0467831	0.8654879
67.5635834	79.5694275	-0.1052620	0.9122710
69.3600616	79.5694275	0.1169578	0.0000000
71.1565323	79.5694275	0.0000000	0.0000000
-0.7023520	81.3659058	0.0000000	0.0000000
1.0941203	81.3659058	0.0000000	0.0000000
2.8905921	81.3659058	0.0000000	0.0000000
4.6870642	81.3659058	-0.3157861	-0.8420963
6.4835367	81.3659058	-0.6666596	-0.1871325
8.2800093	81.3659058	-0.0935663	0.0116958
10.0764809	81.3659058	0.0467831	0.1637410
11.8729525	81.3659058	0.0701747	0.2105241
13.6694250	81.3659058	-0.1052620	0.1637410
15.4658966	81.3659058	0.0233916	0.2806988
17.2623692	81.3659058	0.0818705	0.0818705
19.0588398	81.3659058	0.0818705	0.1169578
20.8553123	81.3659058	0.3859608	0.0818705
22.6517868	81.3659058	0.7719216	0.2105241
24.4482574	81.3659058	0.9239668	0.5847892
26.2447300	81.3659058	1.4268855	0.0701747
28.0412025	81.3659058	1.7660632	0.3625693
29.8376732	81.3659058	1.9999788	0.1988283
31.6341438	81.3659058	1.4151897	0.1169578
33.4306183	81.3659058	1.0760120	0.0818705
35.2270889	81.3659058	0.8187048	-0.1871325
37.0235634	81.3659058	0.6315722	-0.0116958
38.8200340	81.3659058	0.2339157	0.6081807
40.6165047	81.3659058	0.3040904	0.2690030
42.4129791	81.3659058	-0.0467831	0.6549639
44.2094498	81.3659058	-0.8537921	0.4561355
46.0059242	81.3659058	-0.7368343	1.0526204
47.8023949	81.3659058	-0.7719216	1.0994036
49.5988655	81.3659058	-0.9122710	1.0175331
51.3953362	81.3659058	-0.5146145	1.1227951
53.1918106	81.3659058	-0.1169578	1.3099277
54.9882851	81.3659058	-0.0584789	1.4502771
56.7847557	81.3659058	-0.2222199	1.2865361
58.5812302	81.3659058	-0.1754367	1.0292289
60.3776970	81.3659058	-0.4912229	1.6608012
62.1741714	81.3659058	-0.6900512	1.0994036
63.9706421	81.3659058	-0.6315722	0.8304006
65.7671204	81.3659058	-0.0467831	1.0526204
67.5635834	81.3659058	0.0000000	1.3801024
69.3600616	81.3659058	0.0000000	0.0000000
71.1565323	81.3659058	0.0000000	0.0000000
-0.7023520	83.1623764	0.0000000	0.0000000
1.0941203	83.1623764	0.0000000	0.0000000
2.8905921	83.1623764	0.0000000	0.0000000
4.6870642	83.1623764	-0.6081807	-0.0584789
6.4835367	83.1623764	-0.1403494	-0.6081807
8.2800093	83.1623764	-0.1988283	-0.0584789
10.0764809	83.1623764	-0.0935663	-0.0467831
11.8729525	83.1623764	-0.1520452	-0.0350873
13.6694250	83.1623764	-0.0935663	-0.0584789
15.4658966	83.1623764	-0.0233916	0.2105241
17.2623692	83.1623764	0.0467831	0.2222199
19.0588398	83.1623764	0.1052620	0.5380060
20.8553123	83.1623764	0.4093524	0.1637410
22.6517868	83.1623764	0.5146145	0.4093524
24.4482574	83.1623764	1.1695783	0.1286536
26.2447300	83.1623764	1.4034939	0.1520452
28.0412025	83.1623764	2.0350661	0.4795271
29.8376732	83.1623764	1.7192800	0.2690030
31.6341438	83.1623764	1.4853644	0.1871325
33.4306183	83.1623764	0.6900512	0.0935663
35.2270889	83.1623764	0.7134427	-0.0467831
37.0235634	83.1623764	0.6549639	0.1754367
38.8200340	83.1623764	0.5497018	0.8187048
40.6165047	83.1623764	0.0701747	0.5613976
42.4129791	83.1623764	-0.5497018	1.5555391
44.2094498	83.1623764	-0.2573072	0.6783554
46.0059242	83.1623764	-0.6549639	0.5730934
47.8023949	83.1623764	-0.3157861	0.7485301
49.5988655	83.1623764	-0.3508735	0.6198765
51.3953362	83.1623764	-0.5029187	1.0760120
53.1918106	83.1623764	-0.4327440	1.2982318
54.9882851	83.1623764	-0.7368343	1.3567108
56.7847557	83.1623764	-0.7251385	0.8420963
58.5812302	83.1623764	0.0000000	0.0000000
60.3776970	83.1623764	-0.2923946	1.6491053
62.1741714	83.1623764	-0.2806988	0.9941415
63.9706421	83.1623764	-0.2923946	1.0409247
65.7671204	83.1623764	0.0935663	1.2163614
67.5635834	83.1623764	0.0116958	1.5087559
69.3600616	83.1623764	0.0000000	0.0000000
71.1565323	83.1623764	0.0000000	0.0000000
-0.7023520	84.9588547	0.0000000	0.0000000
1.0941203	84.9588547	0.0000000	0.0000000
2.8905921	84.9588547	0.0000000	0.0000000
4.6870642	84.9588547	-0.1403494	-0.8537921
6.4835367	84.9588547	-0.0818705	-0.7602259
8.2800093	84.9588547	-0.2222199	0.0000000
10.0764809	84.9588547	-0.1520452	-0.1403494
11.8729525	84.9588547	-0.1403494	-0.0584789
13.6694250	84.9588547	-0.0350873	0.0935663
15.4658966	84.9588547	0.0116958	0.2105241
17.2623692	84.9588547	0.1286536	0.4678313
19.0588398	84.9588547	0.1988283	0.7719216
20.8553123	84.9588547	0.5847892	0.1169578
22.6517868	84.9588547	0.8070090	0.2923946
24.4482574	84.9588547	1.0175331	0.3157861
26.2447300	84.9588547	1.3684065	0.2573072
28.0412025	84.9588547	1.3333192	0.1052620
29.8376732	84.9588547	1.3801024	0.0350873
31.6341438	84.9588547	0.0818705	0.9824457
33.4306183	84.9588547	0.7719216	0.1520452
35.2270889	84.9588547	0.6900512	0.0818705
37.0235634	84.9588547	0.4444397	0.6666596
38.8200340	84.9588547	0.0701747	1.1344910
40.6165047	84.9588547	-0.0467831	1.0409247
42.4129791	84.9588547	-0.0818705	1.3917981
44.2094498	84.9588547	0.4561355	0.5146145
46.0059242	84.9588547	1.0643163	0.3391777
47.8023949	84.9588547	0.8420963	0.2105241
49.5988655	84.9588547	0.0701747	0.1988283
51.3953362	84.9588547	-0.4795271	1.3450150
53.1918106	84.9588547	-1.3567108	1.3684065
54.9882851	84.9588547	0.0000000	0.0000000
56.7847557	84.9588547	-1.3450150	0.6432680
58.5812302	84.9588547	-0.1988283	0.6549639
60.3776970	84.9588547	-0.1286536	0.9356626
62.1741714	84.9588547	0.0233916	1.5555391
63.9706421	84.9588547	0.1637410	1.4502771
65.7671204	84.9588547	0.0116958	0.6783554
67.5635834	84.9588547	0.0233916	1.5672349
69.3600616	84.9588547	0.0000000	0.0000000
71.1565323	84.9588547	0.0000000	0.0000000
-0.7023520	86.7553177	0.0000000	0.0000000
1.0941203	86.7553177	0.0000000	0.0000000
2.8905921	86.7553177	0.0000000	0.0000000
4.6870642	86.7553177	0.1988283	-0.6315722
6.4835367	86.7553177	-0.1403494	0.2573072
8.2800093	86.7553177	-0.1169578	0.5263102
10.0764809	86.7553177	-0.1754367	-0.1520452
11.8729525	86.7553177	-0.0350873	-0.1403494
13.6694250	86.7553177	0.2105241	0.2105241
15.4658966	86.7553177	0.1052620	0.2339157
17.2623692	86.7553177	0.6198765	0.1754367
19.0588398	86.7553177	0.6549639	0.2456114
20.8553123	86.7553177	0.7368343	0.3040904
22.6517868	86.7553177	0.8654879	0.1754367
24.4482574	86.7553177	0.7485301	0.0701747
26.2447300	86.7553177	0.8537921	0.3040904
28.0412025	86.7553177	1.3567108	0.0467831
29.8376732	86.7553177	1.3333192	-0.0701747
31.6341438	86.7553177	1.3684065	-0.0350873
33.4306183	86.7553177	0.7602259	0.4912229
35.2270889	86.7553177	0.7953132	0.2923946
37.0235634	86.7553177	0.2690030	1.2163614
38.8200340	86.7553177	0.1286536	1.0292289
40.6165047	86.7553177	0.1637410	1.0526204
42.4129791	86.7553177	0.7017469	0.5380060
44.2094498	86.7553177	0.5380060	0.5146145
46.0059242	86.7553177	0.7602259	0.4678313
47.8023949	86.7553177	0.7719216	0.7953132
49.5988655	86.7553177	-0.1052620	0.5146145
51.3953362	86.7553177	-0.1169578	0.7251385
53.1918106	86.7553177	-0.1637410	0.9473584
54.9882851	86.7553177	-0.1871325	0.8420963
56.7847557	86.7553177	0.0233916	0.5146145
58.5812302	86.7553177	0.2573072	0.4795271
60.3776970	86.7553177	0.0116958	0.5029187
62.1741714	86.7553177	-0.0818705	0.7719216
63.9706421	86.7553177	-0.0116958	1.5087559
65.7671204	86.7553177	-0.0584789	2.0584579
67.5635834	86.7553177	0.0000000	0.0000000
69.3600616	86.7553177	0.0000000	0.0000000
71.1565323	86.7553177	0.0000000	0.0000000
-0.7023520	88.5517883	0.0000000	0.0000000
1.0941203	88.5517883	0.0000000	0.0000000
2.8905921	88.5517883	0.0818705	-1.1227951
4.6870642	88.5517883	-0.0467831	-0.6432680
6.4835367	88.5517883	-0.3274819	-0.1286536
8.2800093	88.5517883	-0.0584789	0.1988283
10.0764809	88.5517883	-0.0584789	0.0935663
11.8729525	88.5517883	0.0000000	0.0935663
13.6694250	88.5517883	-0.1403494	0.5730934
15.4658966	88.5517883	0.0935663	0.7134427
17.2623692	88.5517883	0.5263102	0.5263102
19.0588398	88.5517883	0.6549639	0.6666596
20.8553123	88.5517883	0.5730934	0.4561355
22.6517868	88.5517883	0.5029187	0.3976566
24.4482574	88.5517883	0.8420963	0.1169578
26.2447300	88.5517883	0.9590542	0.1286536
28.0412025	88.5517883	1.2046657	0.0818705
29.8376732	88.5517883	1.5321475	0.0116958
31.6341438	88.5517883	1.7075843	0.2690030
33.4306183	88.5517883	2.0233705	0.1520452
35.2270889	88.5517883	0.8187048	0.0935663
37.0235634	88.5517883	0.5730934	0.6198765
38.8200340	88.5517883	0.1520452	0.7134427
40.6165047	88.5517883	0.5847892	0.3391777
42.4129791	88.5517883	0.8771837	0.1403494
44.2094498	88.5517883	0.8771837	0.0584789
46.0059242	88.5517883	0.3625693	0.7719216
47.8023949	88.5517883	0.7017469	0.8187048
49.5988655	88.5517883	0.1286536	0.7602259
51.3953362	88.5517883	0.3274819	0.8420963
53.1918106	88.5517883	0.0935663	0.7953132
54.9882851	88.5517883	0.1871325	0.8420963
56.7847557	88.5517883	0.0818705	1.2514488
58.5812302	88.5517883	0.0000000	0.0000000
60.3776970	88.5517883	-0.0233916	0.1286536
62.1741714	88.5517883	-0.1286536	0.8420963
63.9706421	88.5517883	-0.2690030	0.6549639
65.7671204	88.5517883	-0.4795271	0.7953132
67.5635834	88.5517883	0.0350873	1.0058373
69.3600616	88.5517883	0.0000000	0.0000000
71.1565323	88.5517883	0.0000000	0.0000000
-0.7023520	90.3482666	0.0000000	0.0000000
1.0941203	90.3482666	0.0000000	0.0000000
2.8905921	90.3482666	0.0000000	0.0000000
4.6870642	90.3482666	-0.0350873	-0.6081807
6.4835367	90.3482666	-0.1169578	-0.4912229
8.2800093	90.3482666	-0.3040904	-0.1169578
10.0764809	90.3482666	-0.0584789	0.2690030
11.8729525	90.3482666	-0.0116958	0.0935663
13.6694250	90.3482666	0.1286536	0.1754367
15.4658966	90.3482666	0.0000000	0.0000000
17.2623692	90.3482666	0.3040904	0.8187048
19.0588398	90.3482666	0.5847892	0.7485301
20.8553123	90.3482666	0.2923946	0.8070090
22.6517868	90.3482666	0.6900512	0.3742650
24.4482574	90.3482666	0.8771837	0.2105241
26.2447300	90.3482666	1.1812741	0.1754367
28.0412025	90.3482666	1.4736686	0.1520452
29.8376732	90.3482666	1.5555391	0.1286536
31.6341438	90.3482666	1.6841927	0.1988283
33.4306183	90.3482666	0.3625693	0.1754367
35.2270889	90.3482666	0.0000000	0.2456114
37.0235634	90.3482666	0.7251385	0.7251385
38.8200340	90.3482666	0.5964849	0.3976566
40.6165047	90.3482666	0.6198765	0.5497018
42.4129791	90.3482666	1.0292289	-0.0350873
44.2094498	90.3482666	0.9941415	0.0935663
46.0059242	90.3482666	0.3742650	0.7134427
47.8023949	90.3482666	0.3859608	0.6549639
49.5988655	90.3482666	0.2573072	0.8654879
51.3953362	90.3482666	0.5964849	0.8888795
53.1918106	90.3482666	0.3859608	0.6198765
54.9882851	90.3482666	0.5730934	0.5613976
56.7847557	90.3482666	0.5497018	1.1461867
58.5812302	90.3482666	0.1754367	0.7602259
60.3776970	90.3482666	-0.0116958	0.7017469
62.1741714	90.3482666	-0.1403494	0.7602259
63.9706421	90.3482666	-0.5497018	1.2397530
65.7671204	90.3482666	-0.3157861	0.9473584
67.5635834	90.3482666	-0.0350873	1.1929698
69.3600616	90.3482666	0.0000000	0.0000000
71.1565323	90.3482666	0.0000000	0.0000000
-0.7023520	92.1447372	0.0000000	0.0000000
1.0941203	92.1447372	0.0000000	0.0000000
2.8905921	92.1447372	0.0000000	0.0000000
4.6870642	92.1447372	0.0233916	-0.2923946
6.4835367	92.1447372	0.0584789	-0.4444397
8.2800093	92.1447372	-0.1403494	-0.3742650
10.0764809	92.1447372	-0.1052620	-0.0467831
11.8729525	92.1447372	0.0233916	0.0584789
13.6694250	92.1447372	0.0467831	0.3859608
15.4658966	92.1447372	0.0818705	0.4678313
17.2623692	92.1447372	0.5730934	0.0467831
19.0588398	92.1447372	0.1403494	1.1812741
20.8553123	92.1447372	0.3040904	0.8070090
22.6517868	92.1447372	0.6315722	0.3625693
24.4482574	92.1447372	0.7719216	0.1403494
26.2447300	92.1447372	0.8537921	0.2806988
28.0412025	92.1447372	0.9590542	0.3391777
29.8376732	92.1447372	0.7602259	0.5497018
31.6341438	92.1447372	0.6783554	-0.1520452
33.4306183	92.1447372	0.4912229	-0.0701747
35.2270889	92.1447372	-0.0116958	1.3801024
37.0235634	92.1447372	0.6198765	0.6666596
38.8200340	92.1447372	0.5263102	0.7953132
40.6165047	92.1447372	0.7719216	0.4093524
42.4129791	92.1447372	0.9707500	0.2222199
44.2094498	92.1447372	0.8304006	0.8187048
46.0059242	92.1447372	0.1871325	0.9005753
47.8023949	92.1447372	0.2806988	0.7485301
49.5988655	92.1447372	-0.1403494	0.9005753
51.3953362	92.1447372	0.3040904	1.0409247
53.1918106	92.1447372	0.5380060	1.1110994
54.9882851	92.1447372	0.6783554	0.7368343
56.7847557	92.1447372	0.6783554	1.4736686
58.5812302	92.1447372	0.2339157	1.3333192
60.3776970	92.1447372	-0.0233916	0.7134427
62.1741714	92.1447372	-0.2222199	0.6549639
63.9706421	92.1447372	-0.2105241	0.7368343
65.7671204	92.1447372	-0.2456114	0.9239668
67.5635834	92.1447372	0.0350873	1.1929698
69.3600616	92.1447372	0.0000000	0.0000000
71.1565323	92.1447372	0.0000000	0.0000000
-0.7023520	93.9412079	0.0000000	0.0000000
1.0941203	93.9412079	0.0000000	0.0000000
2.8905921	93.9412079	0.0350873	-0.8771837
4.6870642	93.9412079	-0.0116958	-0.1520452
6.4835367	93.9412079	0.0350873	-0.1637410
8.2800093	93.9412079	-0.0116958	-0.2222199
10.0764809	93.9412079	-0.0584789	-0.1520452
11.8729525	93.9412079	0.1403494	0.0233916
13.6694250	93.9412079	0.2222199	0.0818705
15.4658966	93.9412079	0.6900512	0.2573072
17.2623692	93.9412079	0.6081807	0.3976566
19.0588398	93.9412079	0.5613976	0.8187048
20.8553123	93.9412079	0.0000000	0.0000000
22.6517868	93.9412079	0.6081807	-0.0701747
24.4482574	93.9412079	0.6666596	0.0350873
26.2447300	93.9412079	0.6315722	0.2105241
28.0412025	93.9412079	0.7017469	0.1637410
29.8376732	93.9412079	0.7719216	0.3391777
31.6341438	93.9412079	0.7836174	-0.0701747
33.4306183	93.9412079	0.6783554	0.0233916
35.2270889	93.9412079	0.0467831	1.4034939
37.0235634	93.9412079	0.3859608	0.7602259
38.8200340	93.9412079	0.3742650	0.8304006
40.6165047	93.9412079	0.8888795	0.7251385
42.4129791	93.9412079	0.7017469	0.9239668
44.2094498	93.9412079	0.7719216	0.6549639
46.0059242	93.9412079	0.3040904	0.7953132
47.8023949	93.9412079	0.0584789	0.6900512
49.5988655	93.9412079	0.0350873	0.9590542
51.3953362	93.9412079	0.1520452	0.6081807
53.1918106	93.9412079	0.1988283	0.7719216
54.9882851	93.9412079	0.1052620	1.1578825
56.7847557	93.9412079	0.0818705	1.9765873
58.5812302	93.9412079	0.2105241	2.1403282
60.3776970	93.9412079	0.1286536	0.7719216
62.1741714	93.9412079	0.0116958	0.5964849
63.9706421	93.9412079	0.1754367	0.6900512
65.7671204	93.9412079	0.0350873	1.0994036
67.5635834	93.9412079	-0.0701747	1.7426716
69.3600616	93.9412079	0.0000000	0.0000000
71.1565323	93.9412079	0.0000000	0.0000000
-0.7023520	95.7376785	0.0000000	0.0000000
1.0941203	95.7376785	0.0000000	0.0000000
2.8905921	95.7376785	-0.0584789	-0.2806988
4.6870642	95.7376785	-0.0467831	-0.0701747
6.4835367	95.7376785	0.0935663	0.0233916
8.2800093	95.7376785	-0.0701747	-0.1637410
10.0764809	95.7376785	-0.1637410	-0.3742650
11.8729525	95.7376785	0.1286536	0.1052620
13.6694250	95.7376785	0.4210482	-0.0935663
15.4658966	95.7376785	0.6549639	0.0233916
17.2623692	95.7376785	0.7602259	0.3859608
19.0588398	95.7376785	0.8070090	0.6081807
20.8553123	95.7376785	0.8187048	0.7251385
22.6517868	95.7376785	0.7836174	0.3976566
24.4482574	95.7376785	0.0000000	0.0000000
26.2447300	95.7376785	0.7485301	0.1052620
28.0412025	95.7376785	0.6666596	0.0935663
29.8376732	95.7376785	0.6666596	0.0818705
31.6341438	95.7376785	0.8420963	-0.0818705
33.4306183	95.7376785	0.6081807	0.1754367
35.2270889	95.7376785	-0.7602259	0.2806988
37.0235634	95.7376785	0.0000000	0.0000000
38.8200340	95.7376785	0.2105241	0.8420963
40.6165047	95.7376785	0.1520452	0.2222199
42.4129791	95.7376785	-0.4093524	0.8888795
44.2094498	95.7376785	-0.0116958	0.8771837
46.0059242	95.7376785	-0.0935663	0.5029187
47.8023949	95.7376785	-0.6900512	1.4385812
49.5988655	95.7376785	0.0350873	1.0877078
51.3953362	95.7376785	-0.0818705	0.8537921
53.1918106	95.7376785	-0.0701747	0.5730934
54.9882851	95.7376785	0.0935663	0.8070090
56.7847557	95.7376785	0.0233916	2.0935452
58.5812302	95.7376785	0.2105241	2.5028975
60.3776970	95.7376785	0.1520452	0.9941415
62.1741714	95.7376785	0.0233916	0.6783554
63.9706421	95.7376785	0.4093524	0.5847892
65.7671204	95.7376785	0.5613976	1.2163614
67.5635834	95.7376785	-0.1286536	1.1461867
69.3600616	95.7376785	0.0000000	0.0000000
71.1565323	95.7376785	0.0000000	0.0000000
-0.7023520	97.5341492	0.0000000	0.0000000
1.0941203	97.5341492	0.0000000	0.0000000
2.8905921	97.5341492	-0.1052620	0.5263102
4.6870642	97.5341492	-0.1637410	-0.1052620
6.4835367	97.5341492	-0.1637410	-0.1169578
8.2800093	97.5341492	-0.0116958	-0.5263102
10.0764809	97.5341492	-0.0116958	-0.3859608
11.8729525	97.5341492	-0.1169578	-0.2105241
13.6694250	97.5341492	0.0935663	0.0116958
15.4658966	97.5341492	0.6081807	-0.1169578
17.2623692	97.5341492	0.7602259	0.2690030
19.0588398	97.5341492	0.7017469	0.4210482
20.8553123	97.5341492	0.7836174	0.1403494
22.6517868	97.5341492	0.9005753	0.5847892
24.4482574	97.5341492	0.8420963	0.3625693
26.2447300	97.5341492	0.7602259	0.1520452
28.0412025	97.5341492	0.8187048	0.1403494
29.8376732	97.5341492	0.7134427	0.0584789
31.6341438	97.5341492	0.7251385	-0.0350873
33.4306183	97.5341492	0.0000000	0.3625693
35.2270889	97.5341492	-0.4795271	0.6549639
37.0235634	97.5341492	0.0000000	0.0000000
38.8200340	97.5341492	-0.5263102	0.3508735
40.6165047	97.5341492	-0.3859608	0.7017469
42.4129791	97.5341492	-0.4795271	0.9356626
44.2094498	97.5341492	0.0000000	0.0000000
46.0059242	97.5341492	-0.7485301	1.2046657
47.8023949	97.5341492	-0.7602259	1.2865361
49.5988655	97.5341492	-0.2105241	1.1461867
51.3953362	97.5341492	-0.2339157	0.5146145
53.1918106	97.5341492	-0.3157861	0.2690030
54.9882851	97.5341492	0.0116958	0.7953132
56.7847557	97.5341492	0.0350873	1.2514488
58.5812302	97.5341492	0.2222199	1.0292289
60.3776970	97.5341492	0.7836174	0.5146145
62.1741714	97.5341492	0.5964849	0.6666596
63.9706421	97.5341492	0.2222199	1.2865361
65.7671204	97.5341492	-0.1286536	1.0994036
67.5635834	97.5341492	0.0000000	0.0000000
69.3600616	97.5341492	0.0000000	0.0000000
71.1565323	97.5341492	0.0000000	0.0000000
-0.7023520	99.3306274	0.0000000	0.0000000
1.0941203	99.3306274	0.0000000	0.0000000
2.8905921	99.3306274	0.0000000	0.0000000
4.6870642	99.3306274	-0.3508735	-0.0701747
6.4835367	99.3306274	-0.1637410	-0.5029187
8.2800093	99.3306274	-0.0584789	-0.5497018
10.0764809	99.3306274	-0.0233916	-0.7017469
11.8729525	99.3306274	0.0116958	-0.3625693
13.6694250	99.3306274	0.1169578	-0.1286536
15.4658966	99.3306274	0.0935663	0.0467831
17.2623692	99.3306274	0.4678313	-0.0116958
19.0588398	99.3306274	0.4093524	-0.1403494
20.8553123	99.3306274	0.6900512	-0.0935663
22.6517868	99.3306274	0.0000000	0.0000000
24.4482574	99.3306274	0.7368343	0.4561355
26.2447300	99.3306274	1.1461867	0.1286536
28.0412025	99.3306274	0.6666596	0.0584789
29.8376732	99.3306274	0.7251385	-0.0233916
31.6341438	99.3306274	0.7485301	0.0233916
33.4306183	99.3306274	0.0467831	0.4912229
35.2270889	99.3306274	-0.8070090	0.5497018
37.0235634	99.3306274	-0.5613976	0.7134427
38.8200340	99.3306274	-0.2339157	0.5380060
40.6165047	99.3306274	-0.0935663	1.1227951
42.4129791	99.3306274	-0.3742650	1.0058373
44.2094498	99.3306274	-0.6198765	0.5380060
46.0059242	99.3306274	-0.5730934	1.2163614
47.8023949	99.3306274	-0.4093524	1.7075843
49.5988655	99.3306274	-0.1286536	1.7075843
51.3953362	99.3306274	0.1871325	1.5906265
53.1918106	99.3306274	-0.0467831	0.7836174
54.9882851	99.3306274	-0.1637410	0.6666596
56.7847557	99.3306274	0.0000000	1.1812741
58.5812302	99.3306274	0.1286536	1.2865361
60.3776970	99.3306274	0.2573072	0.8304006
62.1741714	99.3306274	0.7602259	0.9239668
63.9706421	99.3306274	0.7836174	1.2280571
65.7671204	99.3306274	-0.0701747	1.3684065
67.5635834	99.3306274	0.0000000	0.0000000
69.3600616	99.3306274	0.0000000	0.0000000
71.1565323	99.3306274	0.0000000	0.0000000
-0.7023520	101.1270981	0.0000000	0.0000000
1.0941203	101.1270981	0.0000000	0.0000000
2.8905921	101.1270981	0.0000000	0.0000000
4.6870642	101.1270981	-0.1052620	0.4444397
6.4835367	101.1270981	-0.2573072	-0.1637410
8.2800093	101.1270981	0.0116958	-0.5146145
10.0764809	101.1270981	0.0467831	-0.3157861
11.8729525	101.1270981	0.0701747	-0.0818705
13.6694250	101.1270981	0.1871325	-0.0818705
15.4658966	101.1270981	0.2573072	-0.1520452
17.2623692	101.1270981	0.0818705	0.1052620
19.0588398	101.1270981	0.3391777	0.1403494
20.8553123	101.1270981	0.7368343	0.1403494
22.6517868	101.1270981	0.9122710	0.2690030
24.4482574	101.1270981	0.1169578	0.4210482
26.2447300	101.1270981	0.0000000	0.0000000
28.0412025	101.1270981	0.2806988	0.6666596
29.8376732	101.1270981	0.7017469	0.0233916
31.6341438	101.1270981	0.8304006	0.1169578
33.4306183	101.1270981	0.3157861	1.0058373
35.2270889	101.1270981	-0.5964849	0.5497018
37.0235634	101.1270981	-0.4210482	0.8187048
38.8200340	101.1270981	0.0233916	0.7602259
40.6165047	101.1270981	-0.1754367	1.1461867
42.4129791	101.1270981	-0.2105241	1.2748404
44.2094498	101.1270981	-0.4912229	1.3216234
46.0059242	101.1270981	-0.2105241	1.2865361
47.8023949	101.1270981	-0.1988283	1.5087559
49.5988655	101.1270981	-0.0701747	1.7660632
51.3953362	101.1270981	0.1637410	0.7368343
53.1918106	101.1270981	0.1169578	0.8070090
54.9882851	101.1270981	-0.0467831	0.6549639
56.7847557	101.1270981	0.0000000	0.8304006
58.5812302	101.1270981	0.0350873	1.1812741
60.3776970	101.1270981	0.0000000	0.9239668
62.1741714	101.1270981	-0.0701747	1.0994036
63.9706421	101.1270981	-0.1286536	1.2748404
65.7671204	101.1270981	-0.1403494	0.8304006
67.5635834	101.1270981	0.0467831	1.4268855
69.3600616	101.1270981	0.0000000	0.0000000
71.1565323	101.1270981	0.0000000	0.0000000
-0.7023520	102.9235687	0.0000000	0.0000000
1.0941203	102.9235687	0.0000000	0.0000000
2.8905921	102.9235687	-0.0935663	0.6666596
4.6870642	102.9235687	0.0701747	0.3976566
6.4835367	102.9235687	0.2573072	0.2690030
8.2800093	102.9235687	0.1520452	-0.0584789
10.0764809	102.9235687	0.2105241	-0.1988283
11.8729525	102.9235687	0.2806988	0.0701747
13.6694250	102.9235687	0.3508735	0.1520452
15.4658966	102.9235687	0.4795271	-0.2806988
17.2623692	102.9235687	0.0350873	0.1754367
19.0588398	102.9235687	0.0116958	-0.0350873
20.8553123	102.9235687	0.2105241	0.1637410
22.6517868	102.9235687	0.7134427	0.5029187
24.4482574	102.9235687	0.5263102	0.0000000
26.2447300	102.9235687	0.5263102	0.0000000
28.0412025	102.9235687	0.5380060	0.1403494
29.8376732	102.9235687	0.7836174	0.1052620
31.6341438	102.9235687	0.6666596	0.2339157
33.4306183	102.9235687	-0.0233916	1.6608012
35.2270889	102.9235687	-0.2690030	1.4034939
37.0235634	102.9235687	0.1637410	1.3099277
38.8200340	102.9235687	-0.7719216	0.8070090
40.6165047	102.9235687	-0.4912229	1.3684065
42.4129791	102.9235687	-0.0935663	0.9356626
44.2094498	102.9235687	-0.2923946	1.2865361
46.0059242	102.9235687	0.1169578	1.6608012
47.8023949	102.9235687	-0.0116958	1.8830210
49.5988655	102.9235687	0.1286536	2.0350661
51.3953362	102.9235687	-0.0467831	0.6666596
53.1918106	102.9235687	0.0116958	1.1812741
54.9882851	102.9235687	0.0000000	0.5380060
56.7847557	102.9235687	-0.0350873	0.6666596
58.5812302	102.9235687	-0.0935663	0.4795271
60.3776970	102.9235687	-0.5146145	0.9005753
62.1741714	102.9235687	-0.1286536	1.3567108
63.9706421	102.9235687	-0.1052620	1.0409247
65.7671204	102.9235687	-0.0584789	0.1988283
67.5635834	102.9235687	0.0116958	0.8771837
69.3600616	102.9235687	0.0000000	0.0000000
71.1565323	102.9235687	0.0000000	0.0000000
-0.7023520	104.7200394	0.0000000	0.0000000
1.0941203	104.7200394	0.0000000	0.0000000
2.8905921	104.7200394	0.1403494	-0.1871325
4.6870642	104.7200394	0.3391777	0.0116958
6.4835367	104.7200394	0.3391777	0.3391777
8.2800093	104.7200394	0.1988283	-0.0116958
10.0764809	104.7200394	0.2806988	0.0818705
11.8729525	104.7200394	0.4678313	-0.1052620
13.6694250	104.7200394	0.6666596	-0.1403494
15.4658966	104.7200394	0.6549639	-0.1169578
17.2623692	104.7200394	0.4795271	-0.0935663
19.0588398	104.7200394	0.2573072	-0.0116958
20.8553123	104.7200394	0.5730934	-0.0701747
22.6517868	104.7200394	0.5730934	-0.0233916
24.4482574	104.7200394	0.2339157	0.9941415
26.2447300	104.7200394	0.5029187	-0.0935663
28.0412025	104.7200394	0.2456114	-0.0584789
29.8376732	104.7200394	0.7719216	0.1286536
31.6341438	104.7200394	0.7953132	0.3040904
33.4306183	104.7200394	-0.3859608	1.4034939
35.2270889	104.7200394	-0.6315722	0.8654879
37.0235634	104.7200394	-0.1052620	0.7251385
38.8200340	104.7200394	0.0000000	0.0000000
40.6165047	104.7200394	0.0000000	0.0000000
42.4129791	104.7200394	0.1052620	1.2514488
44.2094498	104.7200394	0.3742650	1.6023222
46.0059242	104.7200394	0.0233916	1.5672349
47.8023949	104.7200394	-0.0584789	1.9064126
49.5988655	104.7200394	-0.2923946	1.7192800
51.3953362	104.7200394	-0.9473584	0.0701747
53.1918106	104.7200394	-0.1286536	0.1754367
54.9882851	104.7200394	-0.4912229	0.1520452
56.7847557	104.7200394	-0.1169578	0.2806988
58.5812302	104.7200394	-0.2690030	0.9707500
60.3776970	104.7200394	-0.3508735	1.1461867
62.1741714	104.7200394	-0.1286536	1.1344910
63.9706421	104.7200394	-0.1052620	1.0058373
65.7671204	104.7200394	-0.0584789	0.8888795
67.5635834	104.7200394	0.0701747	0.9941415
69.3600616	104.7200394	0.0000000	0.0000000
71.1565323	104.7200394	0.0000000	0.0000000
-0.7023520	106.5165100	0.0000000	0.0000000
1.0941203	106.5165100	0.0000000	0.0000000
2.8905921	106.5165100	0.1052620	-0.3391777
4.6870642	106.5165100	0.1988283	-0.1052620
6.4835367	106.5165100	0.2806988	0.0233916
8.2800093	106.5165100	0.3040904	0.1052620
10.0764809	106.5165100	0.2573072	0.0584789
11.8729525	106.5165100	0.6198765	-0.2105241
13.6694250	106.5165100	0.6783554	-0.1871325
15.4658966	106.5165100	0.7017469	-0.1403494
17.2623692	106.5165100	0.7719216	0.0467831
19.0588398	106.5165100	0.8537921	0.0467831
20.8553123	106.5165100	0.8304006	-0.0584789
22.6517868	106.5165100	0.6549639	0.1169578
24.4482574	106.5165100	0.7017469	0.2573072
26.2447300	106.5165100	0.0000000	0.0000000
28.0412025	106.5165100	-0.0935663	-0.0701747
29.8376732	106.5165100	0.6549639	0.1169578
31.6341438	106.5165100	0.0233916	1.1929698
33.4306183	106.5165100	0.0233916	1.5087559
35.2270889	106.5165100	-0.2105241	0.9824457
37.0235634	106.5165100	-0.9239668	1.3099277
38.8200340	106.5165100	-0.7251385	0.8888795
40.6165047	106.5165100	0.0000000	0.0000000
42.4129791	106.5165100	0.1169578	1.5672349
44.2094498	106.5165100	0.2339157	1.5555391
46.0059242	106.5165100	0.0000000	0.0000000
47.8023949	106.5165100	0.3040904	1.4736686
49.5988655	106.5165100	0.1871325	1.7543674
51.3953362	106.5165100	-0.2923946	0.8771837
53.1918106	106.5165100	-0.3391777	0.6666596
54.9882851	106.5165100	-0.1754367	0.4795271
56.7847557	106.5165100	-0.0818705	0.5263102
58.5812302	106.5165100	-0.3157861	0.9941415
60.3776970	106.5165100	-0.2573072	0.8654879
62.1741714	106.5165100	-0.0935663	0.9122710
63.9706421	106.5165100	-0.1637410	0.9122710
65.7671204	106.5165100	-0.2222199	0.6783554
67.5635834	106.5165100	-0.0116958	0.9707500
69.3600616	106.5165100	0.0000000	0.0000000
71.1565323	106.5165100	0.0000000	0.0000000
-0.7023520	108.3129883	0.0000000	0.0000000
1.0941203	108.3129883	0.0000000	0.0000000
2.8905921	108.3129883	0.1754367	-0.0467831
4.6870642	108.3129883	0.2222199	-0.1169578
6.4835367	108.3129883	0.2339157	0.0116958
8.2800093	108.3129883	0.1637410	0.0467831
10.0764809	108.3129883	0.1637410	0.0000000
11.8729525	108.3129883	0.3976566	-0.2339157
13.6694250	108.3129883	0.6783554	-0.2222199
15.4658966	108.3129883	0.6315722	-0.1637410
17.2623692	108.3129883	0.6900512	-0.1754367
19.0588398	108.3129883	0.7719216	-0.2105241
20.8553123	108.3129883	1.0058373	-0.0935663
22.6517868	108.3129883	0.7485301	0.2806988
24.4482574	108.3129883	0.7836174	0.6783554
26.2447300	108.3129883	0.2923946	0.3391777
28.0412025	108.3129883	0.1052620	0.0818705
29.8376732	108.3129883	0.1169578	0.4678313
31.6341438	108.3129883	-0.4327440	0.3859608
33.4306183	108.3129883	0.0000000	0.9590542
35.2270889	108.3129883	-0.1637410	1.0409247
37.0235634	108.3129883	-0.7017469	1.2514488
38.8200340	108.3129883	-0.9356626	1.6958885
40.6165047	108.3129883	-0.2339157	1.5555391
42.4129791	108.3129883	0.0584789	1.7192800
44.2094498	108.3129883	0.0701747	1.8011506
46.0059242	108.3129883	-0.0584789	0.9473584
47.8023949	108.3129883	0.1754367	1.1812741
49.5988655	108.3129883	-0.0701747	0.9824457
51.3953362	108.3129883	-0.1637410	0.4327440
53.1918106	108.3129883	-0.3859608	0.3040904
54.9882851	108.3129883	-0.5497018	0.3859608
56.7847557	108.3129883	-0.5964849	0.6315722
58.5812302	108.3129883	-0.2573072	0.5380060
60.3776970	108.3129883	-0.1637410	0.5847892
62.1741714	108.3129883	-0.1052620	0.8420963
63.9706421	108.3129883	-0.3040904	0.9239668
65.7671204	108.3129883	-0.0584789	0.6432680
67.5635834	108.3129883	-0.0467831	0.6666596
69.3600616	108.3129883	0.0000000	0.0000000
71.1565323	108.3129883	0.0000000	0.0000000
-0.7023520	110.1094589	0.0000000	0.0000000
1.0941203	110.1094589	0.0000000	0.0000000
2.8905921	110.1094589	0.0818705	-0.0233916
4.6870642	110.1094589	0.1988283	0.1637410
6.4835367	110.1094589	0.2456114	0.1637410
8.2800093	110.1094589	0.2339157	0.2690030
10.0764809	110.1094589	0.1403494	-0.0233916
11.8729525	110.1094589	0.3859608	-0.1403494
13.6694250	110.1094589	0.2690030	0.0000000
15.4658966	110.1094589	0.2573072	-0.0584789
17.2623692	110.1094589	0.4210482	-0.3625693
19.0588398	110.1094589	0.6081807	-0.1988283
20.8553123	110.1094589	0.8654879	-0.0233916
22.6517868	110.1094589	0.5497018	0.5730934
24.4482574	110.1094589	0.5613976	1.0175331
26.2447300	110.1094589	0.5847892	0.4678313
28.0412025	110.1094589	0.0818705	0.8187048
29.8376732	110.1094589	0.0350873	0.7836174
31.6341438	110.1094589	-0.2690030	0.9122710
33.4306183	110.1094589	0.0935663	0.9824457
35.2270889	110.1094589	0.0350873	0.9824457
37.0235634	110.1094589	0.1403494	0.7836174
38.8200340	110.1094589	0.2105241	0.9824457
40.6165047	110.1094589	-0.1754367	1.9064126
42.4129791	110.1094589	-0.0818705	1.9882830
44.2094498	110.1094589	-0.1754367	2.0116746
46.0059242	110.1094589	-0.0701747	1.3450150
47.8023949	110.1094589	-0.2222199	0.7602259
49.5988655	110.1094589	-0.4444397	0.8888795
51.3953362	110.1094589	-0.7485301	0.6315722
53.1918106	110.1094589	-0.6783554	0.2573072
54.9882851	110.1094589	-0.5730934	0.5146145
56.7847557	110.1094589	-0.7953132	0.5964849
58.5812302	110.1094589	-0.2105241	0.6198765
60.3776970	110.1094589	-0.0584789	0.3742650
62.1741714	110.1094589	-0.0350873	0.7017469
63.9706421	110.1094589	-0.1286536	0.6432680
65.7671204	110.1094589	0.1169578	0.4795271
67.5635834	110.1094589	0.0233916	0.7953132
69.3600616	110.1094589	0.0000000	0.0000000
71.1565323	110.1094589	0.0000000	0.0000000
-0.7023520	111.9059296	0.0000000	0.0000000
1.0941203	111.9059296	0.0000000	0.0000000
2.8905921	111.9059296	-0.0935663	-0.0584789
4.6870642	111.9059296	0.1637410	0.0818705
6.4835367	111.9059296	0.1169578	0.3859608
8.2800093	111.9059296	0.2923946	0.3274819
10.0764809	111.9059296	-0.0818705	-0.2923946
11.8729525	111.9059296	-0.0701747	-0.3859608
13.6694250	111.9059296	-0.0701747	-0.2456114
15.4658966	111.9059296	-0.0233916	-0.3040904
17.2623692	111.9059296	-0.4093524	-0.1988283
19.0588398	111.9059296	-0.5263102	0.0467831
20.8553123	111.9059296	-0.0818705	0.6198765
22.6517868	111.9059296	0.0584789	0.8888795
24.4482574	111.9059296	0.1052620	1.5321475
26.2447300	111.9059296	0.2923946	1.4970602
28.0412025	111.9059296	0.1637410	0.9824457
29.8376732	111.9059296	0.0000000	0.0000000
31.6341438	111.9059296	0.1403494	0.7485301
33.4306183	111.9059296	0.1169578	0.6081807
35.2270889	111.9059296	0.1520452	1.2163614
37.0235634	111.9059296	0.2222199	1.3450150
38.8200340	111.9059296	0.0701747	1.3801024
40.6165047	111.9059296	-0.4327440	1.6257138
42.4129791	111.9059296	-0.1871325	1.4151897
44.2094498	111.9059296	-0.0701747	1.0058373
46.0059242	111.9059296	0.1403494	1.5204518
47.8023949	111.9059296	-0.3859608	0.4210482
49.5988655	111.9059296	-0.6432680	0.4210482
51.3953362	111.9059296	-0.2806988	0.7602259
53.1918106	111.9059296	-0.6315722	0.3976566
54.9882851	111.9059296	-0.2806988	0.3391777
56.7847557	111.9059296	-0.5730934	0.6783554
58.5812302	111.9059296	-0.4561355	0.6549639
60.3776970	111.9059296	0.0818705	0.4795271
62.1741714	111.9059296	0.0584789	0.6432680
63.9706421	111.9059296	0.0000000	0.5380060
65.7671204	111.9059296	0.2339157	0.7134427
67.5635834	111.9059296	0.0350873	0.8771837
69.3600616	111.9059296	0.0000000	0.0000000
71.1565323	111.9059296	0.0000000	0.0000000
-0.7023520	113.7024002	0.0000000	0.0000000
1.0941203	113.7024002	0.0000000	0.0000000
2.8905921	113.7024002	-0.0818705	-0.0818705
4.6870642	113.7024002	0.0000000	0.0116958
6.4835367	113.7024002	0.1169578	0.2690030
8.2800093	113.7024002	-0.0116958	0.5146145
10.0764809	113.7024002	0.0350873	-0.1520452
11.8729525	113.7024002	-0.3274819	-0.0467831
13.6694250	113.7024002	-0.1637410	-0.2339157
15.4658966	113.7024002	-0.2105241	-0.2573072
17.2623692	113.7024002	-0.6900512	-0.1286536
19.0588398	113.7024002	-0.8187048	0.1637410
20.8553123	113.7024002	-0.4912229	0.6666596
22.6517868	113.7024002	-0.4561355	1.3216234
24.4482574	113.7024002	0.0000000	0.9941415
26.2447300	113.7024002	-0.0233916	1.2514488
28.0412025	113.7024002	0.0000000	0.7719216
29.8376732	113.7024002	-0.0350873	0.7368343
31.6341438	113.7024002	0.1520452	1.0058373
33.4306183	113.7024002	0.1403494	1.0175331
35.2270889	113.7024002	-0.0701747	1.4385812
37.0235634	113.7024002	0.0584789	1.2865361
38.8200340	113.7024002	-0.0584789	1.4736686
40.6165047	113.7024002	-0.5613976	1.6958885
42.4129791	113.7024002	-0.2573072	1.1695783
44.2094498	113.7024002	-0.1169578	1.0994036
46.0059242	113.7024002	0.2806988	0.9590542
47.8023949	113.7024002	-0.3976566	0.6315722
49.5988655	113.7024002	-0.5497018	0.3391777
51.3953362	113.7024002	-0.2806988	0.6549639
53.1918106	113.7024002	-0.5613976	0.5029187
54.9882851	113.7024002	-0.5730934	0.2105241
56.7847557	113.7024002	-0.0701747	0.6081807
58.5812302	113.7024002	-0.4561355	0.8771837
60.3776970	113.7024002	0.1052620	0.5497018
62.1741714	113.7024002	-0.0701747	0.5613976
63.9706421	113.7024002	-0.0233916	0.6081807
65.7671204	113.7024002	0.0350873	0.7368343
67.5635834	113.7024002	0.0350873	0.8070090
69.3600616	113.7024002	0.0000000	0.0000000
71.1565323	113.7024002	0.0000000	0.0000000
-0.7023520	115.4988708	0.0000000	0.0000000
1.0941203	115.4988708	0.0000000	0.0000000
2.8905921	115.4988708	-0.1520452	-0.3040904
4.6870642	115.4988708	-0.0233916	-0.0935663
6.4835367	115.4988708	0.1052620	0.1637410
8.2800093	115.4988708	0.1286536	0.7251385
10.0764809	115.4988708	0.2105241	0.1871325
11.8729525	115.4988708	-0.3040904	0.1988283
13.6694250	115.4988708	0.0233916	0.1754367
15.4658966	115.4988708	-0.2339157	0.0467831
17.2623692	115.4988708	-0.4795271	0.1169578
19.0588398	115.4988708	-0.8654879	0.5146145
20.8553123	115.4988708	-0.7602259	0.8187048
22.6517868	115.4988708	-0.6198765	1.3450150
24.4482574	115.4988708	-0.2105241	1.0877078
26.2447300	115.4988708	-0.6549639	1.1929698
28.0412025	115.4988708	-0.5730934	0.7485301
29.8376732	115.4988708	-1.2163614	0.0935663
31.6341438	115.4988708	-0.5380060	0.1052620
33.4306183	115.4988708	-0.3040904	0.6900512
35.2270889	115.4988708	-0.2923946	1.4502771
37.0235634	115.4988708	-0.0701747	1.0643163
38.8200340	115.4988708	0.2923946	1.4619728
40.6165047	115.4988708	-0.0350873	1.4736686
42.4129791	115.4988708	-0.0584789	0.6549639
44.2094498	115.4988708	-0.3274819	0.9005753
46.0059242	115.4988708	-0.2573072	0.9122710
47.8023949	115.4988708	-0.7134427	0.5730934
49.5988655	115.4988708	-0.7251385	0.2222199
51.3953362	115.4988708	-0.7017469	0.1871325
53.1918106	115.4988708	-0.6666596	0.4327440
54.9882851	115.4988708	-0.3040904	0.0935663
56.7847557	115.4988708	-0.0233916	0.3157861
58.5812302	115.4988708	-0.1871325	1.0292289
60.3776970	115.4988708	-0.4444397	1.3684065
62.1741714	115.4988708	0.0935663	1.2748404
63.9706421	115.4988708	0.0467831	1.6374096
65.7671204	115.4988708	-0.0467831	0.9590542
67.5635834	115.4988708	0.0233916	0.9356626
69.3600616	115.4988708	0.0000000	0.0000000
71.1565323	115.4988708	0.0000000	0.0000000
-0.7023520	117.2953491	0.0000000	0.0000000
1.0941203	117.2953491	0.0000000	0.0000000
2.8905921	117.2953491	-0.0233916	-0.1169578
4.6870642	117.2953491	-0.0116958	-0.0701747
6.4835367	117.2953491	0.0350873	0.0116958
8.2800093	117.2953491	0.0818705	0.0116958
10.0764809	117.2953491	0.1871325	0.0350873
11.8729525	117.2953491	0.0818705	0.0233916
13.6694250	117.2953491	0.1052620	0.2690030
15.4658966	117.2953491	-0.1871325	0.1871325
17.2623692	117.2953491	-0.1520452	-0.1403494
19.0588398	117.2953491	-0.5029187	0.3976566
20.8553123	117.2953491	-0.3157861	0.2923946
22.6517868	117.2953491	-0.3508735	0.6666596
24.4482574	117.2953491	-0.7485301	1.3099277
26.2447300	117.2953491	-0.7485301	1.1578825
28.0412025	117.2953491	-0.7485301	1.1344910
29.8376732	117.2953491	-0.3976566	0.5497018
31.6341438	117.2953491	-0.2222199	0.6198765
33.4306183	117.2953491	-0.1988283	1.2748404
35.2270889	117.2953491	-0.1871325	1.4151897
37.0235634	117.2953491	-0.1052620	1.3450150
38.8200340	117.2953491	-0.1169578	0.5146145
40.6165047	117.2953491	-0.0935663	1.4151897
42.4129791	117.2953491	-0.7602259	0.6432680
44.2094498	117.2953491	-1.0292289	0.6666596
46.0059242	117.2953491	-0.8537921	0.9707500
47.8023949	117.2953491	-0.1169578	0.3391777
49.5988655	117.2953491	-0.1988283	0.4561355
51.3953362	117.2953491	-0.8070090	0.2339157
53.1918106	117.2953491	-0.6900512	0.5730934
54.9882851	117.2953491	-0.5497018	0.6783554
56.7847557	117.2953491	-0.0818705	0.6432680
58.5812302	117.2953491	-0.1052620	1.0058373
60.3776970	117.2953491	-0.2923946	1.0877078
62.1741714	117.2953491	-0.1637410	0.9122710
63.9706421	117.2953491	0.4327440	1.3099277
65.7671204	117.2953491	0.1637410	0.9707500
67.5635834	117.2953491	0.0000000	0.0000000
69.3600616	117.2953491	0.0000000	0.0000000
71.1565323	117.2953491	0.0000000	0.0000000
-0.7023520	119.0918198	0.0000000	0.0000000
1.0941203	119.0918198	0.0000000	0.0000000
2.8905921	119.0918198	0.0233916	-0.3742650
4.6870642	119.0918198	-0.0233916	-0.2806988
6.4835367	119.0918198	0.0233916	-0.1286536
8.2800093	119.0918198	-0.0116958	-0.1286536
10.0764809	119.0918198	-0.1169578	-0.0350873
11.8729525	119.0918198	-0.0467831	-0.1052620
13.6694250	119.0918198	0.0233916	0.1520452
15.4658966	119.0918198	-0.0233916	0.2690030
17.2623692	119.0918198	0.0467831	0.2806988
19.0588398	119.0918198	-0.1169578	0.0935663
20.8553123	119.0918198	-0.1286536	0.3040904
22.6517868	119.0918198	0.0818705	0.8304006
24.4482574	119.0918198	-0.5497018	1.3099277
26.2447300	119.0918198	-0.9122710	1.3450150
28.0412025	119.0918198	-0.5847892	0.2456114
29.8376732	119.0918198	-0.1754367	0.6666596
31.6341438	119.0918198	-0.3391777	0.8654879
33.4306183	119.0918198	-0.1052620	1.4619728
35.2270889	119.0918198	-0.0584789	1.2163614
37.0235634	119.0918198	-0.2339157	0.7719216
38.8200340	119.0918198	-0.7953132	0.5847892
40.6165047	119.0918198	-1.0760120	0.4210482
42.4129791	119.0918198	-0.7368343	0.3508735
44.2094498	119.0918198	-1.2748404	0.6081807
46.0059242	119.0918198	-1.2046657	0.2806988
47.8023949	119.0918198	-1.0994036	0.1403494
49.5988655	119.0918198	-0.1988283	0.6666596
51.3953362	119.0918198	-0.6900512	0.3274819
53.1918106	119.0918198	-0.7017469	0.9005753
54.9882851	119.0918198	-0.4912229	0.7953132
56.7847557	119.0918198	-0.2339157	0.4093524
58.5812302	119.0918198	0.0350873	0.5964849
60.3776970	119.0918198	-0.0818705	0.8888795
62.1741714	119.0918198	-0.1286536	0.8304006
63.9706421	119.0918198	0.1520452	0.9005753
65.7671204	119.0918198	0.2222199	1.1695783
67.5635834	119.0918198	0.0116958	1.3684065
69.3600616	119.0918198	0.0000000	0.0000000
71.1565323	119.0918198	0.0000000	0.0000000
-0.7023520	120.8882904	0.0000000	0.0000000
1.0941203	120.8882904	0.0000000	0.0000000
2.8905921	120.8882904	0.0000000	0.3742650
4.6870642	120.8882904	-0.0233916	-0.0935663
6.4835367	120.8882904	0.0233916	-0.0584789
8.2800093	120.8882904	-0.0584789	-0.1169578
10.0764809	120.8882904	-0.0584789	-0.1871325
11.8729525	120.8882904	-0.0935663	-0.1286536
13.6694250	120.8882904	-0.0701747	-0.0935663
15.4658966	120.8882904	0.0116958	0.2690030
17.2623692	120.8882904	-0.0116958	0.2105241
19.0588398	120.8882904	-0.2339157	0.3976566
20.8553123	120.8882904	-0.2222199	0.3157861
22.6517868	120.8882904	-0.1520452	0.8420963
24.4482574	120.8882904	-0.6315722	1.4502771
26.2447300	120.8882904	-0.7251385	0.8070090
28.0412025	120.8882904	-0.7836174	0.9239668
29.8376732	120.8882904	-0.7134427	0.8070090
31.6341438	120.8882904	-0.5263102	0.8420963
33.4306183	120.8882904	-0.2222199	0.8771837
35.2270889	120.8882904	-0.6315722	0.9005753
37.0235634	120.8882904	-0.5613976	0.8304006
38.8200340	120.8882904	-0.7017469	0.6900512
40.6165047	120.8882904	-0.7602259	0.6783554
42.4129791	120.8882904	-1.1578825	0.3859608
44.2094498	120.8882904	-1.2046657	0.1052620
46.0059242	120.8882904	0.0584789	0.4093524
47.8023949	120.8882904	-1.4502771	0.2806988
49.5988655	120.8882904	-0.7251385	0.4678313
51.3953362	120.8882904	-0.0935663	0.6198765
53.1918106	120.8882904	-0.3508735	0.7134427
54.9882851	120.8882904	-0.4561355	0.7368343
56.7847557	120.8882904	-0.3976566	0.6198765
58.5812302	120.8882904	-0.1286536	0.6432680
60.3776970	120.8882904	0.0350873	0.5847892
62.1741714	120.8882904	0.0350873	0.8187048
63.9706421	120.8882904	0.1052620	0.8888795
65.7671204	120.8882904	0.0000000	0.0000000
67.5635834	120.8882904	-0.0818705	1.3917981
69.3600616	120.8882904	0.0000000	0.0000000
71.1565323	120.8882904	0.0000000	0.0000000
-0.7023520	122.6847610	0.0000000	0.0000000
1.0941203	122.6847610	0.0000000	0.0000000
2.8905921	122.6847610	0.0935663	0.2690030
4.6870642	122.6847610	-0.0233916	-0.0116958
6.4835367	122.6847610	0.0467831	-0.0350873
8.2800093	122.6847610	0.0000000	-0.1052620
10.0764809	122.6847610	-0.0701747	-0.1286536
11.8729525	122.6847610	-0.1403494	-0.1637410
13.6694250	122.6847610	-0.3157861	-0.3391777
15.4658966	122.6847610	-0.3859608	0.2456114
17.2623692	122.6847610	-0.1871325	0.0350873
19.0588398	122.6847610	-0.1871325	0.1286536
20.8553123	122.6847610	-0.4912229	0.7485301
22.6517868	122.6847610	-0.6900512	0.7719216
24.4482574	122.6847610	-0.5263102	1.5087559
26.2447300	122.6847610	-0.7836174	0.8187048
28.0412025	122.6847610	-1.0877078	1.1812741
29.8376732	122.6847610	-0.8304006	0.9005753
31.6341438	122.6847610	-0.4795271	0.2806988
33.4306183	122.6847610	-0.2573072	0.6783554
35.2270889	122.6847610	-0.6900512	0.9473584
37.0235634	122.6847610	-0.8304006	0.7368343
38.8200340	122.6847610	-0.8187048	0.8070090
40.6165047	122.6847610	-0.4795271	1.0877078
42.4129791	122.6847610	-1.0292289	0.2339157
44.2094498	122.6847610	-1.8245420	0.7368343
46.0059242	122.6847610	-1.1344910	0.6081807
47.8023949	122.6847610	-0.8771837	0.4327440
49.5988655	122.6847610	-0.4327440	0.6783554
51.3953362	122.6847610	-0.0116958	0.6783554
53.1918106	122.6847610	-0.1637410	0.6432680
54.9882851	122.6847610	-0.5730934	0.8654879
56.7847557	122.6847610	-0.5613976	0.6783554
58.5812302	122.6847610	-0.3742650	0.5380060
60.3776970	122.6847610	-0.1169578	0.7602259
62.1741714	122.6847610	0.1988283	0.7602259
63.9706421	122.6847610	0.1286536	1.0760120
65.7671204	122.6847610	0.0350873	1.3216234
67.5635834	122.6847610	0.0000000	0.0000000
69.3600616	122.6847610	0.0000000	0.0000000
71.1565323	122.6847610	0.0000000	0.0000000
-0.7023520	124.4812393	0.0000000	0.0000000
1.0941203	124.4812393	0.0000000	0.0000000
2.8905921	124.4812393	0.0584789	0.2690030
4.6870642	124.4812393	-0.0584789	0.3040904
6.4835367	124.4812393	0.0233916	0.0116958
8.2800093	124.4812393	-0.0233916	-0.0584789
10.0764809	124.4812393	-0.1520452	-0.0701747
11.8729525	124.4812393	-0.0701747	-0.0818705
13.6694250	124.4812393	-0.1169578	0.0000000
15.4658966	124.4812393	-0.2923946	0.0584789
17.2623692	124.4812393	-0.2573072	0.1169578
19.0588398	124.4812393	-0.4912229	0.3040904
20.8553123	124.4812393	-0.7485301	0.2923946
22.6517868	124.4812393	-0.9473584	1.6374096
24.4482574	124.4812393	-0.5847892	1.6140180
26.2447300	124.4812393	-0.5613976	0.7836174
28.0412025	124.4812393	-0.7368343	0.9941415
29.8376732	124.4812393	-1.0643163	1.2982318
31.6341438	124.4812393	-0.7368343	0.8187048
33.4306183	124.4812393	-0.8654879	0.7953132
35.2270889	124.4812393	-1.1344910	0.7836174
37.0235634	124.4812393	-0.5380060	0.2222199
38.8200340	124.4812393	-0.3040904	0.3040904
40.6165047	124.4812393	-0.5380060	0.8187048
42.4129791	124.4812393	-0.7368343	0.2923946
44.2094498	124.4812393	-1.6491053	0.7368343
46.0059242	124.4812393	-0.8304006	0.9122710
47.8023949	124.4812393	-0.8070090	0.6666596
49.5988655	124.4812393	-0.3859608	0.7602259
51.3953362	124.4812393	-0.1403494	1.0526204
53.1918106	124.4812393	0.0000000	1.0058373
54.9882851	124.4812393	-0.5263102	0.7602259
56.7847557	124.4812393	-0.7017469	0.9941415
58.5812302	124.4812393	-0.4093524	1.0760120
60.3776970	124.4812393	-0.1871325	0.5964849
62.1741714	124.4812393	0.0584789	0.8187048
63.9706421	124.4812393	0.1169578	1.5672349
65.7671204	124.4812393	0.1403494	1.2748404
67.5635834	124.4812393	-0.0467831	1.6724969
69.3600616	124.4812393	0.0000000	0.0000000
71.1565323	124.4812393	0.0000000	0.0000000
-0.7023520	126.2777023	0.0000000	0.0000000
1.0941203	126.2777023	0.0000000	0.0000000
2.8905921	126.2777023	0.1286536	0.3157861
4.6870642	126.2777023	0.1052620	0.2222199
6.4835367	126.2777023	0.0467831	0.0818705
8.2800093	126.2777023	0.0116958	-0.0233916
10.0764809	126.2777023	-0.0701747	-0.0116958
11.8729525	126.2777023	-0.0701747	-0.0350873
13.6694250	126.2777023	-0.1169578	0.0116958
15.4658966	126.2777023	-0.1988283	0.1637410
17.2623692	126.2777023	-0.0701747	0.3976566
19.0588398	126.2777023	-0.1754367	0.5146145
20.8553123	126.2777023	-0.7953132	1.0175331
22.6517868	126.2777023	-0.7485301	1.0526204
24.4482574	126.2777023	-0.6432680	0.6081807
26.2447300	126.2777023	-0.1871325	0.5380060
28.0412025	126.2777023	-0.1520452	0.6081807
29.8376732	126.2777023	-0.0701747	0.9941415
31.6341438	126.2777023	-0.2573072	0.2573072
33.4306183	126.2777023	0.0000000	0.0000000
35.2270889	126.2777023	0.0116958	0.6315722
37.0235634	126.2777023	-0.0584789	0.4561355
38.8200340	126.2777023	-0.0233916	0.6666596
40.6165047	126.2777023	-0.7485301	0.6666596
42.4129791	126.2777023	-0.7953132	0.8654879
44.2094498	126.2777023	-1.4151897	1.1227951
46.0059242	126.2777023	-0.5730934	1.5321475
47.8023949	126.2777023	-0.5964849	1.2046657
49.5988655	126.2777023	-0.6315722	0.9707500
51.3953362	126.2777023	-0.4327440	1.0409247
53.1918106	126.2777023	-0.0467831	0.9473584
54.9882851	126.2777023	-0.3040904	1.0175331
56.7847557	126.2777023	-0.5029187	1.2865361
58.5812302	126.2777023	-0.2456114	0.7485301
60.3776970	126.2777023	-0.1286536	0.5029187
62.1741714	126.2777023	-0.1169578	1.0409247
63.9706421	126.2777023	-0.0116958	1.5321475
65.7671204	126.2777023	0.0701747	1.3801024
67.5635834	126.2777023	-0.0584789	0.7953132
69.3600616	126.2777023	-0.0116958	0.0000000
71.1565323	126.2777023	-0.0233916	0.0000000
-0.7023520	128.0741882	0.0000000	0.0000000
1.0941203	128.0741882	0.0000000	0.0000000
2.8905921	128.0741882	0.2105241	-0.6198765
4.6870642	128.0741882	0.3742650	-0.0116958
6.4835367	128.0741882	0.2222199	0.3742650
8.2800093	128.0741882	0.0818705	0.0116958
10.0764809	128.0741882	0.0116958	0.0000000
11.8729525	128.0741882	-0.0350873	-0.0818705
13.6694250	128.0741882	-0.0584789	-0.0233916
15.4658966	128.0741882	-0.1169578	-0.1052620
17.2623692	128.0741882	-0.0818705	0.1988283
19.0588398	128.0741882	0.0000000	0.5730934
20.8553123	128.0741882	-0.0467831	0.7953132
22.6517868	128.0741882	-0.4561355	0.7719216
24.4482574	128.0741882	-0.0701747	0.1520452
26.2447300	128.0741882	-0.0233916	0.2339157
28.0412025	128.0741882	-0.0467831	0.2339157
29.8376732	128.0741882	0.0350873	0.4795271
31.6341438	128.0741882	0.7719216	1.2163614
33.4306183	128.0741882	0.9707500	1.2865361
35.2270889	128.0741882	0.6666596	0.0818705
37.0235634	128.0741882	-0.0467831	0.8187048
38.8200340	128.0741882	-0.1403494	0.7953132
40.6165047	128.0741882	-0.8070090	1.6374096
42.4129791	128.0741882	-0.5847892	1.5906265
44.2094498	128.0741882	-0.9239668	1.5906265
46.0059242	128.0741882	-0.8771837	1.9648914
47.8023949	128.0741882	-0.4912229	1.4736686
49.5988655	128.0741882	-0.5847892	0.8070090
51.3953362	128.0741882	-0.2573072	1.3684065
53.1918106	128.0741882	-0.1403494	1.5789306
54.9882851	128.0741882	-0.3391777	1.7075843
56.7847557	128.0741882	-0.3274819	1.5087559
58.5812302	128.0741882	-0.3976566	0.7134427
60.3776970	128.0741882	-0.1052620	0.7719216
62.1741714	128.0741882	-0.1286536	1.4034939
63.9706421	128.0741882	-0.1403494	1.3567108
65.7671204	128.0741882	-0.0935663	1.0994036
67.5635834	128.0741882	-0.0701747	0.9239668
69.3600616	128.0741882	0.0000000	0.0000000
71.1565323	128.0741882	0.0000000	0.0000000
-0.7023520	129.8706512	0.0000000	0.0000000
1.0941203	129.8706512	0.0000000	0.0000000
2.8905921	129.8706512	-0.0116958	0.2339157
4.6870642	129.8706512	0.1637410	0.2690030
6.4835367	129.8706512	0.0000000	0.2105241
8.2800093	129.8706512	0.1988283	0.2806988
10.0764809	129.8706512	0.1637410	0.1520452
11.8729525	129.8706512	0.0233916	0.0116958
13.6694250	129.8706512	-0.0350873	-0.0116958
15.4658966	129.8706512	-0.0467831	0.0000000
17.2623692	129.8706512	-0.0467831	0.1169578
19.0588398	129.8706512	-0.0467831	0.0818705
20.8553123	129.8706512	0.0116958	0.5847892
22.6517868	129.8706512	-0.1286536	0.2690030
24.4482574	129.8706512	0.1169578	0.1637410
26.2447300	129.8706512	0.1754367	0.2456114
28.0412025	129.8706512	0.1052620	0.1637410
29.8376732	129.8706512	-0.0233916	-0.1988283
31.6341438	129.8706512	1.0643163	0.3391777
33.4306183	129.8706512	1.0643163	0.5263102
35.2270889	129.8706512	1.2631445	1.4268855
37.0235634	129.8706512	0.0116958	1.2046657
38.8200340	129.8706512	-0.3625693	0.9473584
40.6165047	129.8706512	-0.6198765	0.7602259
42.4129791	129.8706512	-0.7134427	1.5906265
44.2094498	129.8706512	-0.9824457	2.0935452
46.0059242	129.8706512	-0.9005753	2.1988072
47.8023949	129.8706512	-0.6315722	1.8362379
49.5988655	129.8706512	0.0000000	0.0000000
51.3953362	129.8706512	-0.2105241	1.2280571
53.1918106	129.8706512	-0.3274819	1.2280571
54.9882851	129.8706512	-0.4093524	1.4619728
56.7847557	129.8706512	-0.2806988	1.1578825
58.5812302	129.8706512	-0.2339157	0.6315722
60.3776970	129.8706512	-0.3157861	0.8654879
62.1741714	129.8706512	-0.1520452	0.6198765
63.9706421	129.8706512	-0.1988283	1.1929698
65.7671204	129.8706512	-0.2456114	1.7192800
67.5635834	129.8706512	-0.0818705	1.6257138
69.3600616	129.8706512	0.0000000	0.0000000
71.1565323	129.8706512	0.0000000	0.0000000
-0.7023520	131.6671295	0.0000000	0.0000000
1.0941203	131.6671295	0.0000000	0.0000000
2.8905921	131.6671295	-0.3508735	0.2690030
4.6870642	131.6671295	-0.1988283	0.0935663
6.4835367	131.6671295	-0.0233916	0.1403494
8.2800093	131.6671295	0.2339157	0.1403494
10.0764809	131.6671295	0.2923946	0.1754367
11.8729525	131.6671295	0.2339157	0.1637410
13.6694250	131.6671295	0.0350873	0.0935663
15.4658966	131.6671295	-0.0233916	0.0701747
17.2623692	131.6671295	-0.0116958	0.1988283
19.0588398	131.6671295	-0.0818705	0.1286536
20.8553123	131.6671295	0.0584789	0.3157861
22.6517868	131.6671295	-0.0935663	0.0000000
24.4482574	131.6671295	0.0000000	0.0233916
26.2447300	131.6671295	-0.0701747	0.1520452
28.0412025	131.6671295	-0.1871325	0.1052620
29.8376732	131.6671295	-0.4561355	0.1403494
31.6341438	131.6671295	-0.6549639	0.4093524
33.4306183	131.6671295	-0.1637410	1.0994036
35.2270889	131.6671295	0.6081807	0.5497018
37.0235634	131.6671295	0.3274819	1.2163614
38.8200340	131.6671295	0.1052620	1.0526204
40.6165047	131.6671295	-0.3976566	1.3099277
42.4129791	131.6671295	-0.2573072	0.9707500
44.2094498	131.6671295	-0.9473584	2.2689819
46.0059242	131.6671295	-0.7017469	2.3391566
47.8023949	131.6671295	-0.2456114	2.1520240
49.5988655	131.6671295	-0.0584789	2.0584579
51.3953362	131.6671295	-0.0701747	0.6549639
53.1918106	131.6671295	0.0000000	0.0000000
54.9882851	131.6671295	-0.5964849	1.4385812
56.7847557	131.6671295	-0.6198765	0.8771837
58.5812302	131.6671295	-0.5146145	0.4444397
60.3776970	131.6671295	-0.4093524	0.5964849
62.1741714	131.6671295	-0.2573072	0.9824457
63.9706421	131.6671295	-0.6666596	1.6374096
65.7671204	131.6671295	-0.4912229	1.7777590
67.5635834	131.6671295	0.0000000	0.0000000
69.3600616	131.6671295	0.0000000	0.0000000
71.1565323	131.6671295	0.0000000	0.0000000
-0.7023520	133.4635925	0.0000000	0.0000000
1.0941203	133.4635925	0.0000000	0.0000000
2.8905921	133.4635925	-0.2456114	0.6198765
4.6870642	133.4635925	-0.2222199	0.1403494
6.4835367	133.4635925	-0.1637410	0.4093524
8.2800093	133.4635925	0.1052620	0.2339157
10.0764809	133.4635925	0.1871325	0.1637410
11.8729525	133.4635925	0.0467831	0.2690030
13.6694250	133.4635925	-0.0467831	0.1871325
15.4658966	133.4635925	-0.0701747	0.2456114
17.2623692	133.4635925	-0.0233916	0.2690030
19.0588398	133.4635925	-0.2339157	0.0701747
20.8553123	133.4635925	-0.0818705	0.2573072
22.6517868	133.4635925	-0.1403494	0.3391777
24.4482574	133.4635925	-0.1988283	0.4210482
26.2447300	133.4635925	-0.2690030	0.1169578
28.0412025	133.4635925	-0.5964849	0.2105241
29.8376732	133.4635925	-0.5380060	0.2806988
31.6341438	133.4635925	-0.4210482	0.2806988
33.4306183	133.4635925	-0.1754367	0.6666596
35.2270889	133.4635925	0.1520452	0.8420963
37.0235634	133.4635925	0.1988283	0.7485301
38.8200340	133.4635925	0.4210482	1.2046657
40.6165047	133.4635925	0.2573072	1.0877078
42.4129791	133.4635925	0.1403494	1.2982318
44.2094498	133.4635925	0.5730934	1.2514488
46.0059242	133.4635925	0.1871325	1.1344910
47.8023949	133.4635925	-0.3391777	2.1988072
49.5988655	133.4635925	-0.5964849	1.6958885
51.3953362	133.4635925	-0.5730934	1.7075843
53.1918106	133.4635925	-0.2573072	1.0175331
54.9882851	133.4635925	-0.6549639	1.4034939
56.7847557	133.4635925	-0.6198765	1.2397530
58.5812302	133.4635925	-0.6198765	1.0643163
60.3776970	133.4635925	-0.2222199	0.4912229
62.1741714	133.4635925	-0.6198765	0.4210482
63.9706421	133.4635925	-0.5497018	1.4502771
65.7671204	133.4635925	-0.4561355	1.3684065
67.5635834	133.4635925	-0.0350873	1.6958885
69.3600616	133.4635925	0.0000000	0.0000000
71.1565323	133.4635925	0.0000000	0.0000000
-0.7023520	135.2600555	0.0000000	0.0000000
1.0941203	135.2600555	0.0000000	0.0000000
2.8905921	135.2600555	-0.1052620	0.1403494
4.6870642	135.2600555	-0.1754367	0.3976566
6.4835367	135.2600555	-0.0935663	0.3742650
8.2800093	135.2600555	0.0350873	0.3976566
10.0764809	135.2600555	0.1169578	0.3391777
11.8729525	135.2600555	0.0233916	0.0935663
13.6694250	135.2600555	-0.0701747	0.1403494
15.4658966	135.2600555	0.0000000	0.1754367
17.2623692	135.2600555	-0.0467831	0.2806988
19.0588398	135.2600555	-0.2690030	0.2456114
20.8553123	135.2600555	-0.1403494	0.0701747
22.6517868	135.2600555	-0.1871325	0.0350873
24.4482574	135.2600555	-0.1754367	0.1403494
26.2447300	135.2600555	-0.1637410	0.0584789
28.0412025	135.2600555	-0.5263102	0.1520452
29.8376732	135.2600555	-0.4327440	0.4561355
31.6341438	135.2600555	-0.3859608	0.5263102
33.4306183	135.2600555	-0.0467831	0.5029187
35.2270889	135.2600555	0.0818705	0.8187048
37.0235634	135.2600555	0.3040904	0.8654879
38.8200340	135.2600555	0.5964849	1.4151897
40.6165047	135.2600555	0.5380060	1.1695783
42.4129791	135.2600555	0.2690030	0.5964849
44.2094498	135.2600555	0.5730934	0.6666596
46.0059242	135.2600555	0.0584789	1.0292289
47.8023949	135.2600555	-0.1520452	1.3216234
49.5988655	135.2600555	-0.5263102	1.9648914
51.3953362	135.2600555	-0.3157861	1.5438433
53.1918106	135.2600555	-0.4444397	1.3216234
54.9882851	135.2600555	-0.8420963	0.2690030
56.7847557	135.2600555	-0.2923946	1.2046657
58.5812302	135.2600555	-0.0701747	0.5847892
60.3776970	135.2600555	-0.1520452	0.4327440
62.1741714	135.2600555	-0.2573072	0.8070090
63.9706421	135.2600555	-0.5263102	0.6549639
65.7671204	135.2600555	-0.1754367	1.3099277
67.5635834	135.2600555	0.0000000	1.3684065
69.3600616	135.2600555	0.0000000	0.0000000
71.1565323	135.2600555	0.0000000	0.0000000
-0.7023520	137.0565491	0.0000000	0.0000000
1.0941203	137.0565491	0.0000000	0.0000000
2.8905921	137.0565491	0.0935663	0.0467831
4.6870642	137.0565491	-0.0350873	0.3040904
6.4835367	137.0565491	-0.0818705	0.4327440
8.2800093	137.0565491	0.0584789	0.3157861
10.0764809	137.0565491	0.0584789	0.2573072
11.8729525	137.0565491	0.0000000	0.0584789
13.6694250	137.0565491	0.0000000	0.0818705
15.4658966	137.0565491	-0.0584789	0.1286536
17.2623692	137.0565491	0.0584789	0.2339157
19.0588398	137.0565491	-0.1520452	0.2222199
20.8553123	137.0565491	-0.1754367	0.3157861
22.6517868	137.0565491	-0.1754367	-0.0701747
24.4482574	137.0565491	-0.1052620	-0.0116958
26.2447300	137.0565491	-0.5380060	0.2339157
28.0412025	137.0565491	-0.4444397	0.3391777
29.8376732	137.0565491	-0.4795271	0.3508735
31.6341438	137.0565491	-0.5380060	0.2339157
33.4306183	137.0565491	-0.2806988	0.6900512
35.2270889	137.0565491	-0.0233916	0.7602259
37.0235634	137.0565491	0.4327440	0.4093524
38.8200340	137.0565491	-0.0467831	1.4151897
40.6165047	137.0565491	-0.0350873	1.6608012
42.4129791	137.0565491	0.1637410	0.8070090
44.2094498	137.0565491	0.2806988	0.6198765
46.0059242	137.0565491	-0.0584789	0.9122710
47.8023949	137.0565491	-0.3274819	2.6198554
49.5988655	137.0565491	-0.4561355	2.2455902
51.3953362	137.0565491	-0.1403494	1.7777590
53.1918106	137.0565491	-0.4795271	1.5672349
54.9882851	137.0565491	-0.2339157	1.3917981
56.7847557	137.0565491	-0.0818705	1.1344910
58.5812302	137.0565491	0.0233916	0.1988283
60.3776970	137.0565491	0.5730934	0.7017469
62.1741714	137.0565491	-0.0350873	0.7836174
63.9706421	137.0565491	-0.1052620	0.8771837
65.7671204	137.0565491	-0.0701747	1.4385812
67.5635834	137.0565491	0.0000000	0.0000000
69.3600616	137.0565491	0.0000000	0.0000000
71.1565323	137.0565491	0.0000000	0.0000000
-0.7023520	138.8530121	0.0000000	0.0000000
1.0941203	138.8530121	0.0000000	0.0000000
2.8905921	138.8530121	0.1052620	0.3508735
4.6870642	138.8530121	-0.0116958	0.5497018
6.4835367	138.8530121	-0.1052620	0.6432680
8.2800093	138.8530121	-0.0350873	0.5380060
10.0764809	138.8530121	0.0467831	0.1403494
11.8729525	138.8530121	0.0233916	0.0818705
13.6694250	138.8530121	0.0000000	0.0350873
15.4658966	138.8530121	0.0233916	0.1871325
17.2623692	138.8530121	0.2105241	0.3040904
19.0588398	138.8530121	-0.0935663	0.0584789
20.8553123	138.8530121	-0.3391777	0.0584789
22.6517868	138.8530121	-0.2339157	-0.1403494
24.4482574	138.8530121	-0.2339157	-0.1871325
26.2447300	138.8530121	0.0000000	0.0000000
28.0412025	138.8530121	-0.0935663	0.6666596
29.8376732	138.8530121	-0.0350873	0.6081807
31.6341438	138.8530121	-0.4795271	0.2573072
33.4306183	138.8530121	-0.6198765	0.2690030
35.2270889	138.8530121	-0.4912229	0.4093524
37.0235634	138.8530121	-0.6198765	0.4795271
38.8200340	138.8530121	-0.7836174	0.3976566
40.6165047	138.8530121	-0.2105241	1.0526204
42.4129791	138.8530121	-0.0701747	1.1695783
44.2094498	138.8530121	-0.0818705	1.2280571
46.0059242	138.8530121	0.0000000	2.1286325
47.8023949	138.8530121	-0.3742650	2.4795060
49.5988655	138.8530121	-0.6783554	2.7368131
51.3953362	138.8530121	-0.0350873	1.7660632
53.1918106	138.8530121	-0.2806988	1.7894547
54.9882851	138.8530121	0.5847892	0.1988283
56.7847557	138.8530121	0.1052620	0.7953132
58.5812302	138.8530121	0.0350873	0.5497018
60.3776970	138.8530121	0.2690030	0.8304006
62.1741714	138.8530121	-0.0116958	0.7134427
63.9706421	138.8530121	-0.0818705	0.7719216
65.7671204	138.8530121	0.0350873	0.8888795
67.5635834	138.8530121	0.0000000	0.6198765
69.3600616	138.8530121	0.0000000	0.0000000
71.1565323	138.8530121	0.0000000	0.0000000
